300 
-0.000461 -0.000151 -1.494004 
-0.000631 0.000130 -1.483967 
-0.000790 0.000425 -1.473929 
-0.000934 0.000736 -1.463888 
-0.001066 0.001063 -1.453846 
-0.001191 0.001406 -1.443801 
-0.001308 0.001763 -1.433754 
-0.001427 0.002132 -1.423704 
-0.001552 0.002511 -1.413654 
-0.001690 0.002897 -1.403604 
-0.001836 0.003284 -1.393554 
-0.001985 0.003665 -1.383503 
-0.002135 0.004041 -1.373447 
-0.002283 0.004409 -1.363387 
-0.002427 0.004767 -1.353325 
-0.002565 0.005111 -1.343260 
-0.002698 0.005433 -1.333195 
-0.002817 0.005737 -1.323131 
-0.002915 0.006026 -1.313066 
-0.002986 0.006304 -1.303002 
-0.003029 0.006581 -1.292940 
-0.003049 0.006869 -1.282881 
-0.003056 0.007180 -1.272826 
-0.003058 0.007514 -1.262773 
-0.003063 0.007870 -1.252721 
-0.003079 0.008250 -1.242667 
-0.003114 0.008649 -1.232615 
-0.003165 0.009054 -1.222563 
-0.003243 0.009462 -1.212510 
-0.003348 0.009863 -1.202455 
-0.003480 0.010247 -1.192403 
-0.003634 0.010602 -1.182357 
-0.003794 0.010919 -1.172314 
-0.003947 0.011192 -1.162274 
-0.004073 0.011416 -1.152236 
-0.004153 0.011600 -1.142201 
-0.004174 0.011753 -1.132168 
-0.004130 0.011884 -1.122133 
-0.004014 0.012009 -1.112099 
-0.003824 0.012141 -1.102069 
-0.003559 0.012299 -1.092043 
-0.003224 0.012500 -1.082019 
-0.002825 0.012766 -1.072000 
-0.002379 0.013109 -1.061985 
-0.001901 0.013544 -1.051979 
-0.001398 0.014084 -1.041988 
-0.000860 0.014745 -1.032029 
-0.000323 0.015459 -1.022098 
0.000211 0.015972 -1.012154 
0.000783 0.015996 -1.002175 
0.001394 0.015408 -0.992179 
0.002054 0.014282 -0.982203 
0.002744 0.012882 -0.972245 
0.003385 0.011436 -0.962277 
0.003945 0.010084 -0.952282 
0.004377 0.008814 -0.942271 
0.004658 0.007585 -0.932254 
0.004782 0.006356 -0.922239 
0.004761 0.005097 -0.912233 
0.004609 0.003788 -0.902241 
0.004338 0.002403 -0.892268 
0.003963 0.000923 -0.882315 
0.003502 -0.000668 -0.872386 
0.002977 -0.002397 -0.862491 
0.002413 -0.004287 -0.852637 
0.001849 -0.006360 -0.842840 
0.001300 -0.008584 -0.833115 
0.000832 -0.010697 -0.823385 
0.000341 -0.012296 -0.813555 
-0.000213 -0.013058 -0.803596 
-0.000869 -0.012933 -0.793580 
-0.001629 -0.012166 -0.783582 
-0.002407 -0.011140 -0.773602 
-0.003037 -0.010119 -0.763604 
-0.003452 -0.009185 -0.753585 
-0.003657 -0.008298 -0.743560 
-0.003677 -0.007387 -0.733539 
-0.003548 -0.006404 -0.723529 
-0.003305 -0.005305 -0.713539 
-0.002986 -0.004076 -0.703568 
-0.002629 -0.002707 -0.693620 
-0.002265 -0.001204 -0.683697 
-0.001912 0.000426 -0.673797 
-0.001599 0.002162 -0.663922 
-0.001324 0.003993 -0.654081 
-0.001121 0.005881 -0.644264 
-0.000957 0.007828 -0.634489 
-0.000851 0.009638 -0.624682 
-0.000735 0.011017 -0.614768 
-0.000512 0.011750 -0.604737 
-0.000171 0.011732 -0.594632 
0.000242 0.011074 -0.584533 
0.000662 0.010091 -0.574463 
0.000970 0.009031 -0.564401 
0.001134 0.007983 -0.554340 
0.001169 0.006920 -0.544296 
0.001101 0.005822 -0.534271 
0.000949 0.004671 -0.524264 
0.000738 0.003442 -0.514277 
0.000471 0.002135 -0.504303 
0.000172 0.000731 -0.494345 
-0.000130 -0.000761 -0.484398 
-0.000403 -0.002352 -0.474471 
-0.000617 -0.004009 -0.464557 
-0.000765 -0.005730 -0.454666 
-0.000819 -0.007455 -0.444781 
-0.000813 -0.009166 -0.434920 
-0.000751 -0.010712 -0.425039 
-0.000702 -0.011830 -0.415068 
-0.000782 -0.012339 -0.405001 
-0.001029 -0.012215 -0.394893 
-0.001369 -0.011616 -0.384800 
-0.001640 -0.010811 -0.374732 
-0.001721 -0.009929 -0.364685 
-0.001615 -0.008999 -0.354661 
-0.001384 -0.007980 -0.344656 
-0.001089 -0.006839 -0.334669 
-0.000760 -0.005591 -0.324697 
-0.000432 -0.004232 -0.314746 
-0.000147 -0.002779 -0.304805 
0.000071 -0.001239 -0.294877 
0.000209 0.000339 -0.284949 
0.000280 0.001953 -0.275029 
0.000266 0.003547 -0.265104 
0.000200 0.005132 -0.255189 
0.000079 0.006666 -0.245266 
-0.000052 0.008155 -0.235344 
-0.000188 0.009518 -0.225393 
-0.000298 0.010568 -0.215354 
-0.000280 0.011133 -0.205234 
-0.000103 0.011129 -0.195076 
0.000098 0.010613 -0.184940 
0.000192 0.009762 -0.174849 
0.000145 0.008710 -0.164815 
0.000015 0.007567 -0.154812 
-0.000172 0.006367 -0.144824 
-0.000380 0.005098 -0.134854 
-0.000597 0.003769 -0.124887 
-0.000806 0.002367 -0.114931 
-0.000995 0.000909 -0.104977 
-0.001134 -0.000620 -0.095033 
-0.001199 -0.002178 -0.085092 
-0.001185 -0.003757 -0.075159 
-0.001079 -0.005305 -0.065220 
-0.000903 -0.006816 -0.055284 
-0.000666 -0.008239 -0.045339 
-0.000404 -0.009549 -0.035388 
-0.000153 -0.010664 -0.025411 
-0.000016 -0.011425 -0.015355 
-0.000051 -0.011792 -0.005235 
-0.000222 -0.011769 0.004907 
-0.000319 -0.011382 0.015036 
-0.000236 -0.010653 0.025120 
-0.000001 -0.009659 0.035137 
0.000276 -0.008466 0.045111 
0.000567 -0.007147 0.055071 
0.000819 -0.005706 0.065015 
0.001025 -0.004192 0.074957 
0.001156 -0.002611 0.084889 
0.001202 -0.001016 0.094824 
0.001166 0.000584 0.104752 
0.001055 0.002143 0.114686 
0.000887 0.003657 0.124623 
0.000683 0.005096 0.134575 
0.000467 0.006465 0.144538 
0.000262 0.007758 0.154517 
0.000093 0.008968 0.164514 
-0.000028 0.010073 0.174537 
-0.000022 0.010958 0.184623 
0.000122 0.011487 0.194770 
0.000304 0.011501 0.204936 
0.000371 0.010972 0.215059 
0.000273 0.010021 0.225101 
0.000091 0.008792 0.235061 
-0.000096 0.007434 0.244995 
-0.000285 0.006006 0.254932 
-0.000444 0.004490 0.264862 
-0.000568 0.002937 0.274792 
-0.000625 0.001337 0.284714 
-0.000610 -0.000266 0.294643 
-0.000517 -0.001865 0.304569 
-0.000344 -0.003404 0.314506 
-0.000112 -0.004874 0.324448 
0.000158 -0.006241 0.334404 
0.000436 -0.007504 0.344372 
0.000699 -0.008648 0.354357 
0.000895 -0.009680 0.364361 
0.000972 -0.010589 0.374397 
0.000852 -0.011313 0.384478 
0.000606 -0.011828 0.394589 
0.000427 -0.011976 0.404725 
0.000438 -0.011593 0.414832 
0.000608 -0.010662 0.424852 
0.000811 -0.009318 0.434781 
0.000947 -0.007752 0.444678 
0.001022 -0.006128 0.454589 
0.001005 -0.004461 0.464496 
0.000915 -0.002821 0.474418 
0.000736 -0.001212 0.484345 
0.000505 0.000323 0.494287 
0.000242 0.001785 0.504237 
-0.000025 0.003162 0.514203 
-0.000269 0.004464 0.524187 
-0.000469 0.005696 0.534190 
-0.000613 0.006862 0.544211 
-0.000680 0.007986 0.554244 
-0.000644 0.009083 0.564296 
-0.000481 0.010156 0.574361 
-0.000192 0.011124 0.584442 
0.000149 0.011763 0.594552 
0.000448 0.011819 0.604670 
0.000613 0.011196 0.614727 
0.000612 0.009971 0.624675 
0.000557 0.008335 0.634519 
0.000533 0.006535 0.644342 
0.000533 0.004747 0.654195 
0.000613 0.002962 0.664058 
0.000749 0.001230 0.673943 
0.000952 -0.000448 0.683839 
0.001203 -0.002035 0.693754 
0.001482 -0.003515 0.703687 
0.001754 -0.004881 0.713636 
0.001995 -0.006130 0.723602 
0.002174 -0.007261 0.733584 
0.002260 -0.008288 0.743583 
0.002215 -0.009233 0.753599 
0.001997 -0.010125 0.763629 
0.001573 -0.011042 0.773661 
0.000971 -0.011949 0.783690 
0.000345 -0.012635 0.793732 
-0.000180 -0.012746 0.803781 
-0.000573 -0.012053 0.813774 
-0.000833 -0.010580 0.823648 
-0.001028 -0.008565 0.833406 
-0.001313 -0.006355 0.843128 
-0.001656 -0.004251 0.852915 
-0.002057 -0.002283 0.862743 
-0.002472 -0.000442 0.872607 
-0.002872 0.001271 0.882505 
-0.003232 0.002862 0.892433 
-0.003520 0.004343 0.902391 
-0.003720 0.005726 0.912374 
-0.003815 0.007031 0.922378 
-0.003789 0.008281 0.932394 
-0.003629 0.009496 0.942417 
-0.003332 0.010704 0.952439 
-0.002894 0.011934 0.962451 
-0.002336 0.013212 0.972443 
-0.001695 0.014458 0.982424 
-0.001074 0.015482 0.992419 
-0.000505 0.016033 1.002425 
0.000002 0.016000 1.012407 
0.000424 0.015471 1.022351 
0.000819 0.014709 1.032277 
0.001259 0.013986 1.042225 
0.001688 0.013374 1.052207 
0.002117 0.012854 1.062206 
0.002531 0.012417 1.072219 
0.002923 0.012055 1.082242 
0.003274 0.011757 1.092272 
0.003589 0.011526 1.102303 
0.003855 0.011343 1.112336 
0.004062 0.011190 1.122368 
0.004205 0.011059 1.132399 
0.004280 0.010950 1.142429 
0.004283 0.010842 1.152461 
0.004219 0.010714 1.162495 
0.004096 0.010555 1.172530 
0.003930 0.010356 1.182565 
0.003747 0.010112 1.192602 
0.003567 0.009817 1.202643 
0.003407 0.009482 1.212685 
0.003275 0.009116 1.222727 
0.003172 0.008733 1.232771 
0.003099 0.008346 1.242815 
0.003056 0.007969 1.252860 
0.003036 0.007608 1.262906 
0.003026 0.007259 1.272956 
0.003021 0.006936 1.283011 
0.003007 0.006634 1.293070 
0.002976 0.006346 1.303132 
0.002924 0.006064 1.313194 
0.002848 0.005778 1.323255 
0.002747 0.005489 1.333315 
0.002628 0.005190 1.343374 
0.002491 0.004879 1.353431 
0.002343 0.004556 1.363483 
0.002184 0.004223 1.373530 
0.002018 0.003879 1.383573 
0.001851 0.003524 1.393616 
0.001692 0.003158 1.403657 
0.001544 0.002785 1.413700 
0.001401 0.002411 1.423743 
0.001266 0.002045 1.433784 
0.001135 0.001687 1.443823 
0.000999 0.001341 1.453862 
0.000854 0.001012 1.463901 
0.000692 0.000693 1.473940 
0.000517 0.000383 1.483979 
0.000330 0.000079 1.494015 
