300 
-0.000529 0.000306 -1.489466 
-0.000723 0.001122 -1.479291 
-0.000915 0.001960 -1.469113 
-0.001105 0.002813 -1.458937 
-0.001294 0.003672 -1.448761 
-0.001483 0.004536 -1.438584 
-0.001672 0.005403 -1.428404 
-0.001865 0.006269 -1.418223 
-0.002059 0.007136 -1.408041 
-0.002259 0.008001 -1.397861 
-0.002461 0.008863 -1.387683 
-0.002666 0.009716 -1.377503 
-0.002869 0.010562 -1.367321 
-0.003064 0.011402 -1.357136 
-0.003252 0.012238 -1.346951 
-0.003429 0.013070 -1.336768 
-0.003592 0.013909 -1.326588 
-0.003744 0.014754 -1.316405 
-0.003890 0.015604 -1.306220 
-0.004031 0.016463 -1.296035 
-0.004171 0.017329 -1.285852 
-0.004318 0.018213 -1.275675 
-0.004489 0.019126 -1.265506 
-0.004701 0.020061 -1.255346 
-0.004954 0.021002 -1.245185 
-0.005244 0.021935 -1.235020 
-0.005569 0.022845 -1.224855 
-0.005913 0.023711 -1.214686 
-0.006276 0.024527 -1.204512 
-0.006655 0.025282 -1.194334 
-0.007037 0.025971 -1.184155 
-0.007415 0.026587 -1.173977 
-0.007775 0.027121 -1.163803 
-0.008100 0.027569 -1.153632 
-0.008357 0.027936 -1.143462 
-0.008516 0.028236 -1.133292 
-0.008549 0.028505 -1.123122 
-0.008451 0.028753 -1.112957 
-0.008212 0.029018 -1.102792 
-0.007841 0.029349 -1.092636 
-0.007366 0.029788 -1.082496 
-0.006826 0.030378 -1.072370 
-0.006264 0.031116 -1.062263 
-0.005711 0.032010 -1.052182 
-0.005246 0.033070 -1.042113 
-0.004826 0.034422 -1.032142 
-0.004469 0.036048 -1.022278 
-0.004125 0.037452 -1.012368 
-0.003828 0.038016 -1.002274 
-0.003478 0.037472 -0.992080 
-0.003163 0.035730 -0.981967 
-0.002916 0.033012 -0.972012 
-0.002668 0.029739 -0.962217 
-0.002391 0.026180 -0.952503 
-0.002108 0.022524 -0.942809 
-0.001835 0.018821 -0.933124 
-0.001567 0.015042 -0.923472 
-0.001318 0.011207 -0.913845 
-0.001074 0.007319 -0.904252 
-0.000824 0.003381 -0.894690 
-0.000548 -0.000606 -0.885161 
-0.000266 -0.004615 -0.875652 
0.000031 -0.008666 -0.866171 
0.000326 -0.012732 -0.856715 
0.000622 -0.016859 -0.847314 
0.000951 -0.021030 -0.838004 
0.001221 -0.025249 -0.828762 
0.001382 -0.028738 -0.819169 
0.001318 -0.030938 -0.809185 
0.001082 -0.031836 -0.798997 
0.000845 -0.031505 -0.788702 
0.000689 -0.029725 -0.778463 
0.000605 -0.026841 -0.768460 
0.000548 -0.023485 -0.758603 
0.000474 -0.020040 -0.748766 
0.000399 -0.016522 -0.738954 
0.000346 -0.012993 -0.729148 
0.000302 -0.009423 -0.719361 
0.000259 -0.005817 -0.709601 
0.000207 -0.002165 -0.699874 
0.000145 0.001498 -0.690164 
0.000075 0.005193 -0.680478 
-0.000013 0.008896 -0.670809 
-0.000103 0.012631 -0.661168 
-0.000203 0.016345 -0.651534 
-0.000325 0.020099 -0.641946 
-0.000464 0.023818 -0.632373 
-0.000594 0.027231 -0.622662 
-0.000635 0.029674 -0.612596 
-0.000556 0.030734 -0.602303 
-0.000445 0.030621 -0.591921 
-0.000319 0.029151 -0.581593 
-0.000238 0.026338 -0.571531 
-0.000229 0.023041 -0.561632 
-0.000230 0.019666 -0.551737 
-0.000255 0.016203 -0.541877 
-0.000296 0.012755 -0.532014 
-0.000357 0.009295 -0.522174 
-0.000410 0.005812 -0.512358 
-0.000467 0.002317 -0.502558 
-0.000535 -0.001193 -0.492767 
-0.000605 -0.004716 -0.482985 
-0.000659 -0.008249 -0.473217 
-0.000715 -0.011795 -0.463467 
-0.000782 -0.015346 -0.453726 
-0.000822 -0.018876 -0.443989 
-0.000869 -0.022397 -0.434279 
-0.000862 -0.025692 -0.424471 
-0.000905 -0.028082 -0.414349 
-0.001063 -0.029347 -0.404057 
-0.001165 -0.029313 -0.393638 
-0.001362 -0.028062 -0.383254 
-0.001477 -0.025525 -0.373072 
-0.001459 -0.022292 -0.363127 
-0.001388 -0.018984 -0.353209 
-0.001266 -0.015598 -0.343318 
-0.001138 -0.012183 -0.333446 
-0.000996 -0.008746 -0.323592 
-0.000867 -0.005282 -0.313759 
-0.000761 -0.001805 -0.303937 
-0.000665 0.001696 -0.294131 
-0.000574 0.005191 -0.284319 
-0.000496 0.008700 -0.274515 
-0.000437 0.012190 -0.264707 
-0.000404 0.015687 -0.254909 
-0.000399 0.019134 -0.245094 
-0.000392 0.022572 -0.235302 
-0.000400 0.025830 -0.225425 
-0.000334 0.028303 -0.215270 
-0.000209 0.029441 -0.204899 
0.000011 0.029398 -0.194485 
0.000262 0.028178 -0.184111 
0.000368 0.025629 -0.173945 
0.000346 0.022394 -0.164016 
0.000293 0.019078 -0.154116 
0.000210 0.015704 -0.144233 
0.000120 0.012299 -0.134371 
0.000030 0.008883 -0.124510 
-0.000049 0.005432 -0.114661 
-0.000134 0.001994 -0.104809 
-0.000225 -0.001469 -0.094964 
-0.000303 -0.004935 -0.085118 
-0.000349 -0.008407 -0.075279 
-0.000369 -0.011866 -0.065437 
-0.000385 -0.015322 -0.055599 
-0.000370 -0.018731 -0.045748 
-0.000359 -0.022078 -0.035902 
-0.000318 -0.025267 -0.025988 
-0.000372 -0.027570 -0.015763 
-0.000581 -0.028750 -0.005385 
-0.000834 -0.028758 0.005066 
-0.001100 -0.027573 0.015466 
-0.001151 -0.025330 0.025734 
-0.001026 -0.022180 0.035699 
-0.000922 -0.018859 0.045589 
-0.000801 -0.015471 0.055465 
-0.000677 -0.012045 0.065320 
-0.000546 -0.008605 0.075175 
-0.000439 -0.005144 0.085019 
-0.000346 -0.001682 0.094861 
-0.000264 0.001796 0.104693 
-0.000199 0.005262 0.114527 
-0.000158 0.008730 0.124363 
-0.000138 0.012172 0.134216 
-0.000127 0.015608 0.144068 
-0.000115 0.019019 0.153931 
-0.000081 0.022370 0.163809 
-0.000043 0.025639 0.173711 
0.000112 0.028188 0.183870 
0.000390 0.029427 0.194244 
0.000671 0.029488 0.204665 
0.000840 0.028292 0.215037 
0.000845 0.025842 0.225209 
0.000736 0.022649 0.235126 
0.000621 0.019284 0.244956 
0.000490 0.015898 0.254800 
0.000378 0.012440 0.264619 
0.000270 0.008989 0.274450 
0.000175 0.005500 0.284268 
0.000097 0.002025 0.294093 
0.000022 -0.001477 0.303912 
-0.000030 -0.004970 0.313740 
-0.000062 -0.008455 0.323573 
-0.000072 -0.011931 0.333413 
-0.000074 -0.015379 0.343258 
-0.000055 -0.018797 0.353116 
-0.000050 -0.022103 0.363012 
-0.000050 -0.025303 0.372949 
-0.000202 -0.027799 0.383143 
-0.000479 -0.029122 0.393532 
-0.000607 -0.029412 0.403981 
-0.000656 -0.028518 0.414387 
-0.000600 -0.026267 0.424605 
-0.000456 -0.023019 0.434475 
-0.000360 -0.019513 0.444223 
-0.000271 -0.015984 0.453990 
-0.000200 -0.012419 0.463750 
-0.000118 -0.008854 0.473516 
-0.000030 -0.005289 0.483287 
0.000040 -0.001733 0.493066 
0.000096 0.001824 0.502845 
0.000145 0.005368 0.512634 
0.000184 0.008903 0.522437 
0.000217 0.012424 0.532256 
0.000261 0.015923 0.542091 
0.000316 0.019436 0.551919 
0.000395 0.022847 0.561783 
0.000490 0.026197 0.571641 
0.000635 0.028976 0.581711 
0.000837 0.030381 0.592057 
0.000976 0.030560 0.602454 
0.001008 0.029515 0.612774 
0.000886 0.027078 0.622863 
0.000648 0.023756 0.632637 
0.000403 0.020156 0.642289 
0.000169 0.016519 0.651948 
-0.000046 0.012902 0.661638 
-0.000253 0.009252 0.671321 
-0.000440 0.005626 0.681023 
-0.000612 0.001987 0.690727 
-0.000776 -0.001633 0.700444 
-0.000942 -0.005255 0.710162 
-0.001098 -0.008849 0.719902 
-0.001235 -0.012443 0.729646 
-0.001366 -0.015982 0.739422 
-0.001480 -0.019515 0.749208 
-0.001585 -0.022935 0.759044 
-0.001661 -0.026301 0.768893 
-0.001691 -0.029275 0.778886 
-0.001795 -0.031148 0.789131 
-0.001876 -0.031643 0.799469 
-0.001925 -0.030936 0.809730 
-0.001818 -0.028828 0.819784 
-0.001507 -0.025446 0.829426 
-0.001102 -0.021404 0.838743 
-0.000679 -0.017336 0.848085 
-0.000258 -0.013299 0.857509 
0.000178 -0.009285 0.866962 
0.000613 -0.005265 0.876433 
0.001029 -0.001261 0.885929 
0.001414 0.002730 0.895447 
0.001770 0.006705 0.904984 
0.002091 0.010642 0.914551 
0.002383 0.014536 0.924146 
0.002664 0.018392 0.933756 
0.002928 0.022181 0.943400 
0.003163 0.025897 0.953062 
0.003380 0.029474 0.962769 
0.003557 0.032768 0.972559 
0.003711 0.035530 0.982514 
0.003852 0.037296 0.992644 
0.003970 0.037908 1.002869 
0.003991 0.037441 1.012992 
0.003988 0.036112 1.022934 
0.004055 0.034545 1.032824 
0.004210 0.033192 1.042820 
0.004448 0.032108 1.052905 
0.004766 0.031121 1.063008 
0.005140 0.030220 1.073124 
0.005562 0.029410 1.083250 
0.006012 0.028721 1.093384 
0.006459 0.028161 1.103523 
0.006856 0.027700 1.113665 
0.007174 0.027331 1.123813 
0.007386 0.027036 1.133963 
0.007473 0.026775 1.144117 
0.007434 0.026495 1.154279 
0.007286 0.026174 1.164446 
0.007049 0.025798 1.174616 
0.006746 0.025344 1.184786 
0.006403 0.024808 1.194953 
0.006037 0.024186 1.205115 
0.005670 0.023481 1.215276 
0.005312 0.022703 1.225432 
0.004983 0.021874 1.235585 
0.004699 0.021016 1.245737 
0.004463 0.020144 1.255891 
0.004260 0.019259 1.266048 
0.004091 0.018382 1.276213 
0.003941 0.017512 1.286381 
0.003796 0.016645 1.296555 
0.003658 0.015790 1.306729 
0.003519 0.014934 1.316899 
0.003372 0.014086 1.327070 
0.003220 0.013244 1.337238 
0.003057 0.012410 1.347404 
0.002888 0.011578 1.357567 
0.002711 0.010748 1.367723 
0.002519 0.009920 1.377875 
0.002320 0.009087 1.388030 
0.002127 0.008243 1.398185 
0.001936 0.007393 1.408343 
0.001739 0.006534 1.418505 
0.001545 0.005673 1.428665 
0.001357 0.004810 1.438825 
0.001168 0.003947 1.448988 
0.000979 0.003086 1.459154 
0.000783 0.002223 1.469322 
0.000586 0.001365 1.479491 
0.000388 0.000515 1.489661 
