300 
-0.000453 -0.000200 -1.494998 
-0.000401 -0.000180 -1.485000 
-0.000359 -0.000136 -1.475002 
-0.000331 -0.000074 -1.464997 
-0.000321 -0.000000 -1.455002 
-0.000331 0.000076 -1.445003 
-0.000357 0.000147 -1.434998 
-0.000397 0.000205 -1.425002 
-0.000445 0.000246 -1.414997 
-0.000493 0.000267 -1.404999 
-0.000538 0.000266 -1.395001 
-0.000574 0.000246 -1.384998 
-0.000598 0.000208 -1.375000 
-0.000608 0.000158 -1.365002 
-0.000604 0.000099 -1.354999 
-0.000585 0.000035 -1.345001 
-0.000553 -0.000028 -1.335003 
-0.000509 -0.000085 -1.324998 
-0.000456 -0.000132 -1.315002 
-0.000399 -0.000163 -1.304997 
-0.000343 -0.000177 -1.294999 
-0.000292 -0.000170 -1.285002 
-0.000254 -0.000144 -1.274998 
-0.000233 -0.000102 -1.265000 
-0.000231 -0.000050 -1.255000 
-0.000250 0.000006 -1.244999 
-0.000286 0.000058 -1.235001 
-0.000335 0.000102 -1.225000 
-0.000390 0.000132 -1.214998 
-0.000445 0.000147 -1.205001 
-0.000492 0.000147 -1.195002 
-0.000527 0.000135 -1.184998 
-0.000547 0.000113 -1.175001 
-0.000550 0.000087 -1.164998 
-0.000538 0.000058 -1.154999 
-0.000513 0.000031 -1.145000 
-0.000478 0.000007 -1.134998 
-0.000436 -0.000013 -1.125000 
-0.000391 -0.000027 -1.115001 
-0.000344 -0.000034 -1.105000 
-0.000301 -0.000033 -1.095001 
-0.000264 -0.000025 -1.085000 
-0.000237 -0.000009 -1.074999 
-0.000222 0.000014 -1.065001 
-0.000222 0.000041 -1.054999 
-0.000236 0.000067 -1.044999 
-0.000264 0.000090 -1.035001 
-0.000302 0.000104 -1.025000 
-0.000343 0.000105 -1.015000 
-0.000381 0.000093 -1.005000 
-0.000410 0.000068 -0.995001 
-0.000424 0.000035 -0.985000 
-0.000421 0.000002 -0.975001 
-0.000403 -0.000024 -0.965001 
-0.000372 -0.000040 -0.954999 
-0.000334 -0.000042 -0.945001 
-0.000294 -0.000030 -0.934999 
-0.000255 -0.000009 -0.925000 
-0.000223 0.000018 -0.915000 
-0.000200 0.000047 -0.905000 
-0.000186 0.000074 -0.895000 
-0.000182 0.000093 -0.885000 
-0.000188 0.000104 -0.875001 
-0.000202 0.000103 -0.865000 
-0.000223 0.000089 -0.855000 
-0.000250 0.000062 -0.845000 
-0.000280 0.000024 -0.834999 
-0.000310 -0.000025 -0.825000 
-0.000336 -0.000080 -0.815001 
-0.000357 -0.000136 -0.805001 
-0.000368 -0.000188 -0.795001 
-0.000368 -0.000232 -0.785002 
-0.000357 -0.000266 -0.775001 
-0.000333 -0.000285 -0.765000 
-0.000301 -0.000286 -0.755000 
-0.000264 -0.000267 -0.745001 
-0.000228 -0.000228 -0.735001 
-0.000199 -0.000173 -0.725000 
-0.000180 -0.000107 -0.715000 
-0.000174 -0.000035 -0.705001 
-0.000181 0.000035 -0.695001 
-0.000199 0.000096 -0.685000 
-0.000226 0.000144 -0.675000 
-0.000256 0.000176 -0.665001 
-0.000287 0.000190 -0.655001 
-0.000315 0.000186 -0.645001 
-0.000336 0.000164 -0.635001 
-0.000349 0.000125 -0.625001 
-0.000350 0.000072 -0.615002 
-0.000337 0.000008 -0.605002 
-0.000310 -0.000061 -0.595002 
-0.000268 -0.000129 -0.585001 
-0.000215 -0.000186 -0.575002 
-0.000155 -0.000225 -0.565001 
-0.000094 -0.000242 -0.555001 
-0.000039 -0.000235 -0.545001 
0.000005 -0.000206 -0.535001 
0.000030 -0.000157 -0.525001 
0.000035 -0.000097 -0.515001 
0.000018 -0.000032 -0.505001 
-0.000019 0.000029 -0.495001 
-0.000070 0.000079 -0.485001 
-0.000129 0.000113 -0.475000 
-0.000190 0.000127 -0.465000 
-0.000245 0.000121 -0.455001 
-0.000289 0.000098 -0.445001 
-0.000318 0.000059 -0.435002 
-0.000331 0.000011 -0.425002 
-0.000327 -0.000042 -0.415002 
-0.000307 -0.000096 -0.405002 
-0.000274 -0.000146 -0.395002 
-0.000228 -0.000192 -0.385002 
-0.000172 -0.000229 -0.375001 
-0.000109 -0.000255 -0.365001 
-0.000045 -0.000266 -0.355001 
0.000015 -0.000260 -0.345001 
0.000065 -0.000236 -0.335000 
0.000098 -0.000197 -0.325001 
0.000110 -0.000147 -0.315000 
0.000101 -0.000092 -0.305000 
0.000070 -0.000039 -0.295000 
0.000022 0.000006 -0.285000 
-0.000037 0.000038 -0.275001 
-0.000099 0.000055 -0.265000 
-0.000157 0.000056 -0.255000 
-0.000203 0.000044 -0.245001 
-0.000234 0.000023 -0.235001 
-0.000246 -0.000003 -0.225001 
-0.000241 -0.000030 -0.215001 
-0.000219 -0.000054 -0.205001 
-0.000184 -0.000073 -0.195000 
-0.000139 -0.000085 -0.185000 
-0.000090 -0.000091 -0.175000 
-0.000039 -0.000089 -0.165000 
0.000010 -0.000081 -0.155000 
0.000053 -0.000067 -0.145000 
0.000087 -0.000049 -0.135000 
0.000109 -0.000029 -0.125000 
0.000116 -0.000009 -0.115000 
0.000107 0.000007 -0.105000 
0.000085 0.000017 -0.095000 
0.000052 0.000017 -0.085000 
0.000012 0.000006 -0.075000 
-0.000029 -0.000016 -0.065000 
-0.000064 -0.000046 -0.055000 
-0.000089 -0.000080 -0.045000 
-0.000102 -0.000114 -0.035000 
-0.000100 -0.000140 -0.025000 
-0.000086 -0.000156 -0.015000 
-0.000064 -0.000157 -0.005000 
-0.000036 -0.000144 0.005000 
-0.000007 -0.000119 0.015000 
0.000019 -0.000084 0.025000 
0.000040 -0.000044 0.035000 
0.000054 -0.000002 0.045000 
0.000062 0.000036 0.055000 
0.000063 0.000068 0.065000 
0.000058 0.000091 0.075000 
0.000048 0.000104 0.085000 
0.000034 0.000104 0.095000 
0.000018 0.000091 0.105000 
0.000002 0.000066 0.115000 
-0.000012 0.000029 0.125000 
-0.000021 -0.000017 0.135000 
-0.000020 -0.000068 0.145000 
-0.000010 -0.000120 0.155000 
0.000012 -0.000165 0.165000 
0.000044 -0.000198 0.175001 
0.000083 -0.000214 0.185001 
0.000123 -0.000209 0.195001 
0.000159 -0.000183 0.205001 
0.000185 -0.000138 0.215001 
0.000196 -0.000081 0.225001 
0.000191 -0.000019 0.235001 
0.000172 0.000042 0.245001 
0.000139 0.000095 0.255001 
0.000099 0.000135 0.265000 
0.000055 0.000158 0.275001 
0.000014 0.000164 0.285000 
-0.000020 0.000151 0.295000 
-0.000044 0.000122 0.305001 
-0.000056 0.000079 0.315000 
-0.000053 0.000026 0.325001 
-0.000037 -0.000034 0.335000 
-0.000005 -0.000095 0.345001 
0.000039 -0.000154 0.355001 
0.000094 -0.000204 0.365002 
0.000155 -0.000241 0.375001 
0.000219 -0.000259 0.385001 
0.000278 -0.000257 0.395001 
0.000327 -0.000234 0.405001 
0.000359 -0.000192 0.415002 
0.000371 -0.000135 0.425001 
0.000360 -0.000068 0.435002 
0.000327 -0.000000 0.445001 
0.000276 0.000061 0.455001 
0.000212 0.000109 0.465000 
0.000143 0.000140 0.475000 
0.000076 0.000153 0.485001 
0.000019 0.000149 0.495001 
-0.000024 0.000130 0.505001 
-0.000049 0.000100 0.515000 
-0.000053 0.000062 0.525002 
-0.000038 0.000021 0.535002 
-0.000004 -0.000019 0.545001 
0.000047 -0.000055 0.555001 
0.000110 -0.000084 0.565001 
0.000182 -0.000100 0.575001 
0.000257 -0.000103 0.585002 
0.000328 -0.000092 0.595002 
0.000388 -0.000068 0.605002 
0.000431 -0.000035 0.615002 
0.000453 0.000003 0.625002 
0.000451 0.000042 0.635001 
0.000427 0.000076 0.645001 
0.000384 0.000100 0.655001 
0.000328 0.000112 0.665001 
0.000266 0.000108 0.675002 
0.000206 0.000090 0.685001 
0.000155 0.000061 0.695000 
0.000118 0.000025 0.705002 
0.000098 -0.000014 0.715000 
0.000096 -0.000049 0.725000 
0.000110 -0.000077 0.735002 
0.000136 -0.000097 0.745001 
0.000172 -0.000106 0.755001 
0.000213 -0.000106 0.765001 
0.000256 -0.000098 0.775003 
0.000298 -0.000084 0.785002 
0.000337 -0.000063 0.795001 
0.000370 -0.000037 0.805002 
0.000395 -0.000006 0.815001 
0.000408 0.000029 0.825001 
0.000408 0.000062 0.835001 
0.000394 0.000089 0.845000 
0.000368 0.000105 0.855001 
0.000333 0.000109 0.865002 
0.000294 0.000098 0.875000 
0.000257 0.000076 0.885001 
0.000226 0.000045 0.895001 
0.000207 0.000011 0.905001 
0.000201 -0.000021 0.915001 
0.000208 -0.000044 0.925002 
0.000226 -0.000053 0.935000 
0.000250 -0.000047 0.945001 
0.000276 -0.000024 0.955003 
0.000301 0.000013 0.965001 
0.000321 0.000059 0.975001 
0.000333 0.000110 0.985003 
0.000338 0.000159 0.995001 
0.000337 0.000199 1.005000 
0.000330 0.000228 1.015001 
0.000321 0.000241 1.025001 
0.000311 0.000240 1.035002 
0.000302 0.000225 1.044999 
0.000295 0.000199 1.054999 
0.000293 0.000162 1.065001 
0.000296 0.000116 1.074999 
0.000306 0.000065 1.085002 
0.000325 0.000012 1.095001 
0.000353 -0.000036 1.105000 
0.000389 -0.000076 1.115002 
0.000428 -0.000101 1.125001 
0.000468 -0.000107 1.134999 
0.000503 -0.000094 1.145001 
0.000527 -0.000063 1.155000 
0.000536 -0.000016 1.164998 
0.000528 0.000039 1.175001 
0.000502 0.000097 1.184999 
0.000463 0.000150 1.195001 
0.000413 0.000193 1.205001 
0.000360 0.000223 1.214998 
0.000309 0.000236 1.225000 
0.000264 0.000233 1.235000 
0.000232 0.000216 1.244999 
0.000214 0.000186 1.255001 
0.000212 0.000146 1.264999 
0.000227 0.000101 1.274998 
0.000258 0.000052 1.285002 
0.000305 0.000006 1.294998 
0.000363 -0.000034 1.304997 
0.000431 -0.000064 1.315001 
0.000502 -0.000079 1.324998 
0.000570 -0.000076 1.335002 
0.000629 -0.000056 1.345001 
0.000671 -0.000019 1.354999 
0.000692 0.000032 1.365002 
0.000689 0.000089 1.375000 
0.000661 0.000146 1.384998 
0.000612 0.000196 1.395001 
0.000546 0.000234 1.404999 
0.000472 0.000254 1.414997 
0.000398 0.000257 1.425002 
0.000332 0.000243 1.434998 
0.000280 0.000216 1.445003 
0.000247 0.000180 1.455002 
0.000235 0.000138 1.464997 
0.000244 0.000097 1.475002 
0.000273 0.000060 1.485000 
0.000319 0.000031 1.494998 
