300 
-0.000453 -0.000183 -1.494560 
-0.000562 -0.000021 -1.484544 
-0.000661 0.000156 -1.474528 
-0.000750 0.000348 -1.464509 
-0.000834 0.000557 -1.454489 
-0.000916 0.000781 -1.444468 
-0.000996 0.001014 -1.434444 
-0.001079 0.001255 -1.424418 
-0.001170 0.001503 -1.414393 
-0.001272 0.001757 -1.404368 
-0.001380 0.002013 -1.394343 
-0.001492 0.002268 -1.384317 
-0.001606 0.002519 -1.374288 
-0.001723 0.002765 -1.364254 
-0.001838 0.003005 -1.354218 
-0.001953 0.003231 -1.344178 
-0.002067 0.003437 -1.334139 
-0.002170 0.003622 -1.324101 
-0.002250 0.003793 -1.314062 
-0.002303 0.003953 -1.304025 
-0.002326 0.004118 -1.293990 
-0.002321 0.004298 -1.283958 
-0.002296 0.004503 -1.273928 
-0.002259 0.004737 -1.263901 
-0.002218 0.005001 -1.253875 
-0.002182 0.005296 -1.243849 
-0.002162 0.005617 -1.233824 
-0.002158 0.005954 -1.223799 
-0.002182 0.006299 -1.213773 
-0.002231 0.006643 -1.203747 
-0.002307 0.006976 -1.193722 
-0.002406 0.007286 -1.183701 
-0.002513 0.007567 -1.173682 
-0.002619 0.007810 -1.163663 
-0.002709 0.008013 -1.153646 
-0.002766 0.008179 -1.143630 
-0.002781 0.008314 -1.133614 
-0.002746 0.008427 -1.123599 
-0.002651 0.008531 -1.113585 
-0.002495 0.008635 -1.103574 
-0.002275 0.008756 -1.093565 
-0.001995 0.008908 -1.083557 
-0.001663 0.009110 -1.073552 
-0.001290 0.009372 -1.063549 
-0.000891 0.009703 -1.053550 
-0.000470 0.010106 -1.043560 
-0.000042 0.010570 -1.033581 
0.000383 0.011032 -1.023616 
0.000803 0.011304 -1.013642 
0.001251 0.011223 -1.003654 
0.001757 0.010767 -0.993663 
0.002340 0.009979 -0.983682 
0.002977 0.008958 -0.973715 
0.003619 0.007906 -0.963743 
0.004203 0.006959 -0.953753 
0.004676 0.006120 -0.943751 
0.005003 0.005352 -0.933740 
0.005167 0.004609 -0.923729 
0.005168 0.003855 -0.913723 
0.005018 0.003053 -0.903724 
0.004730 0.002169 -0.893739 
0.004326 0.001182 -0.883767 
0.003834 0.000073 -0.873813 
0.003285 -0.001171 -0.863878 
0.002718 -0.002560 -0.853969 
0.002161 -0.004091 -0.844090 
0.001643 -0.005703 -0.834235 
0.001169 -0.007241 -0.824387 
0.000729 -0.008396 -0.814482 
0.000243 -0.008913 -0.804510 
-0.000356 -0.008843 -0.794518 
-0.001088 -0.008366 -0.784537 
-0.001869 -0.007688 -0.774565 
-0.002574 -0.007049 -0.764579 
-0.003103 -0.006510 -0.754578 
-0.003435 -0.006030 -0.744569 
-0.003579 -0.005551 -0.734558 
-0.003559 -0.005015 -0.724551 
-0.003405 -0.004380 -0.714552 
-0.003155 -0.003619 -0.704564 
-0.002850 -0.002718 -0.694589 
-0.002520 -0.001680 -0.684630 
-0.002198 -0.000520 -0.674686 
-0.001898 0.000749 -0.664763 
-0.001650 0.002096 -0.654856 
-0.001442 0.003500 -0.644973 
-0.001289 0.004888 -0.635099 
-0.001155 0.006165 -0.625218 
-0.001001 0.007106 -0.615280 
-0.000758 0.007518 -0.605269 
-0.000385 0.007478 -0.595224 
0.000079 0.007108 -0.585171 
0.000569 0.006565 -0.575120 
0.000994 0.005985 -0.565073 
0.001290 0.005427 -0.555030 
0.001451 0.004868 -0.544997 
0.001488 0.004272 -0.534976 
0.001415 0.003616 -0.524965 
0.001261 0.002869 -0.514964 
0.001034 0.002030 -0.504973 
0.000774 0.001084 -0.494992 
0.000498 0.000036 -0.485021 
0.000260 -0.001106 -0.475060 
0.000073 -0.002327 -0.465112 
-0.000031 -0.003592 -0.455174 
-0.000071 -0.004870 -0.445246 
-0.000050 -0.006094 -0.435322 
-0.000011 -0.007161 -0.425391 
-0.000024 -0.007897 -0.415421 
-0.000172 -0.008160 -0.405395 
-0.000467 -0.008079 -0.395350 
-0.000838 -0.007806 -0.385301 
-0.001173 -0.007430 -0.375259 
-0.001375 -0.007013 -0.365229 
-0.001416 -0.006567 -0.355210 
-0.001324 -0.006046 -0.345200 
-0.001150 -0.005415 -0.335194 
-0.000923 -0.004671 -0.325198 
-0.000682 -0.003812 -0.315212 
-0.000462 -0.002846 -0.305236 
-0.000295 -0.001793 -0.295268 
-0.000188 -0.000684 -0.285306 
-0.000161 0.000450 -0.275345 
-0.000195 0.001581 -0.265386 
-0.000289 0.002680 -0.255429 
-0.000402 0.003736 -0.245473 
-0.000514 0.004716 -0.235511 
-0.000590 0.005550 -0.225530 
-0.000598 0.006127 -0.215504 
-0.000494 0.006355 -0.205427 
-0.000280 0.006351 -0.195332 
-0.000035 0.006182 -0.185238 
0.000149 0.005842 -0.175170 
0.000236 0.005343 -0.165135 
0.000230 0.004750 -0.155120 
0.000155 0.004086 -0.145114 
0.000034 0.003349 -0.135115 
-0.000110 0.002534 -0.125120 
-0.000261 0.001648 -0.115130 
-0.000402 0.000693 -0.105145 
-0.000498 -0.000323 -0.095165 
-0.000530 -0.001377 -0.085190 
-0.000493 -0.002436 -0.075216 
-0.000396 -0.003474 -0.065242 
-0.000251 -0.004460 -0.055266 
-0.000083 -0.005369 -0.045288 
0.000084 -0.006167 -0.035307 
0.000204 -0.006806 -0.025316 
0.000216 -0.007201 -0.015291 
0.000106 -0.007333 -0.005227 
-0.000065 -0.007315 0.004851 
-0.000203 -0.007159 0.014926 
-0.000231 -0.006814 0.024979 
-0.000144 -0.006279 0.034992 
0.000010 -0.005582 0.044988 
0.000198 -0.004766 0.054976 
0.000390 -0.003845 0.064958 
0.000555 -0.002834 0.074935 
0.000671 -0.001760 0.084908 
0.000712 -0.000650 0.094878 
0.000678 0.000460 0.104846 
0.000574 0.001537 0.114815 
0.000417 0.002555 0.124791 
0.000239 0.003500 0.134774 
0.000063 0.004362 0.144765 
-0.000080 0.005147 0.154763 
-0.000164 0.005849 0.164772 
-0.000167 0.006435 0.174797 
-0.000058 0.006834 0.184865 
0.000155 0.007020 0.194965 
0.000380 0.007050 0.205067 
0.000526 0.006867 0.215143 
0.000541 0.006378 0.225166 
0.000470 0.005639 0.235146 
0.000351 0.004772 0.245116 
0.000214 0.003819 0.255085 
0.000079 0.002798 0.265056 
-0.000022 0.001716 0.275022 
-0.000069 0.000601 0.284987 
-0.000046 -0.000524 0.294950 
0.000052 -0.001621 0.304916 
0.000216 -0.002661 0.314887 
0.000416 -0.003614 0.324865 
0.000625 -0.004465 0.334852 
0.000815 -0.005204 0.344846 
0.000955 -0.005833 0.354847 
0.001011 -0.006368 0.364858 
0.000946 -0.006818 0.374886 
0.000748 -0.007151 0.384936 
0.000476 -0.007373 0.395002 
0.000250 -0.007466 0.405072 
0.000158 -0.007304 0.415125 
0.000196 -0.006726 0.425126 
0.000293 -0.005828 0.435083 
0.000385 -0.004762 0.445031 
0.000423 -0.003615 0.454979 
0.000406 -0.002445 0.464934 
0.000309 -0.001278 0.474892 
0.000143 -0.000151 0.484859 
-0.000081 0.000913 0.494831 
-0.000323 0.001892 0.504813 
-0.000559 0.002779 0.514804 
-0.000758 0.003577 0.524808 
-0.000897 0.004292 0.534826 
-0.000957 0.004928 0.544854 
-0.000914 0.005507 0.554890 
-0.000746 0.006060 0.564938 
-0.000445 0.006609 0.574993 
-0.000047 0.007099 0.585057 
0.000379 0.007441 0.595121 
0.000738 0.007529 0.605175 
0.000970 0.007234 0.615198 
0.001077 0.006456 0.625154 
0.001116 0.005354 0.635064 
0.001135 0.004112 0.644969 
0.001184 0.002808 0.654875 
0.001270 0.001507 0.664799 
0.001424 0.000230 0.674729 
0.001626 -0.000979 0.684674 
0.001880 -0.002099 0.694629 
0.002139 -0.003099 0.704598 
0.002378 -0.003973 0.714577 
0.002554 -0.004720 0.724566 
0.002635 -0.005346 0.734563 
0.002586 -0.005876 0.744569 
0.002375 -0.006348 0.754581 
0.001983 -0.006812 0.764596 
0.001416 -0.007327 0.774607 
0.000752 -0.007867 0.784618 
0.000107 -0.008259 0.794628 
-0.000418 -0.008311 0.804635 
-0.000797 -0.007847 0.814623 
-0.001070 -0.006778 0.824544 
-0.001315 -0.005304 0.834405 
-0.001616 -0.003707 0.844263 
-0.002000 -0.002154 0.854139 
-0.002441 -0.000705 0.864036 
-0.002909 0.000627 0.873952 
-0.003369 0.001831 0.883887 
-0.003780 0.002907 0.893842 
-0.004107 0.003868 0.903819 
-0.004321 0.004731 0.913815 
-0.004402 0.005521 0.923824 
-0.004334 0.006266 0.933839 
-0.004113 0.006993 0.943854 
-0.003741 0.007735 0.953864 
-0.003235 0.008532 0.963864 
-0.002633 0.009410 0.973848 
-0.002003 0.010286 0.983823 
-0.001422 0.010982 0.993807 
-0.000931 0.011381 1.003799 
-0.000532 0.011415 1.013789 
-0.000186 0.011091 1.023762 
0.000162 0.010578 1.033723 
0.000523 0.010063 1.043696 
0.000888 0.009600 1.053680 
0.001244 0.009199 1.063675 
0.001584 0.008859 1.073678 
0.001899 0.008578 1.083688 
0.002181 0.008350 1.093701 
0.002426 0.008172 1.103716 
0.002629 0.008027 1.113731 
0.002784 0.007905 1.123746 
0.002888 0.007798 1.133759 
0.002939 0.007705 1.143772 
0.002936 0.007610 1.153786 
0.002883 0.007498 1.163801 
0.002787 0.007359 1.173816 
0.002664 0.007187 1.183831 
0.002533 0.006976 1.193848 
0.002408 0.006726 1.203866 
0.002305 0.006444 1.213885 
0.002229 0.006138 1.223904 
0.002182 0.005821 1.233925 
0.002162 0.005505 1.243945 
0.002166 0.005203 1.253967 
0.002186 0.004922 1.263990 
0.002213 0.004662 1.274016 
0.002238 0.004432 1.284045 
0.002251 0.004228 1.294078 
0.002244 0.004040 1.304112 
0.002217 0.003862 1.314147 
0.002167 0.003684 1.324183 
0.002096 0.003504 1.334217 
0.002009 0.003316 1.344251 
0.001910 0.003119 1.354284 
0.001801 0.002914 1.364314 
0.001681 0.002702 1.374340 
0.001550 0.002483 1.384362 
0.001417 0.002254 1.394384 
0.001291 0.002014 1.404404 
0.001177 0.001766 1.414426 
0.001070 0.001516 1.424447 
0.000970 0.001270 1.434467 
0.000877 0.001033 1.444484 
0.000786 0.000811 1.454503 
0.000688 0.000606 1.464519 
0.000577 0.000411 1.474536 
0.000453 0.000226 1.484551 
0.000320 0.000048 1.494564 
