300 
-0.000453 -0.000198 -1.494902 
-0.000522 -0.000160 -1.484900 
-0.000594 -0.000105 -1.474897 
-0.000670 -0.000038 -1.464894 
-0.000752 0.000038 -1.454889 
-0.000840 0.000119 -1.444885 
-0.000931 0.000198 -1.434880 
-0.001022 0.000273 -1.424874 
-0.001111 0.000344 -1.414869 
-0.001196 0.000411 -1.404862 
-0.001274 0.000476 -1.394855 
-0.001344 0.000537 -1.384848 
-0.001406 0.000597 -1.374840 
-0.001463 0.000656 -1.364830 
-0.001514 0.000716 -1.354818 
-0.001563 0.000771 -1.344805 
-0.001611 0.000817 -1.334791 
-0.001654 0.000856 -1.324779 
-0.001687 0.000892 -1.314766 
-0.001709 0.000929 -1.304753 
-0.001721 0.000972 -1.294742 
-0.001723 0.001032 -1.284732 
-0.001719 0.001112 -1.274723 
-0.001712 0.001218 -1.264714 
-0.001707 0.001350 -1.254706 
-0.001708 0.001508 -1.244699 
-0.001720 0.001689 -1.234694 
-0.001742 0.001887 -1.224689 
-0.001779 0.002097 -1.214683 
-0.001830 0.002309 -1.204679 
-0.001893 0.002519 -1.194676 
-0.001964 0.002718 -1.184672 
-0.002035 0.002900 -1.174669 
-0.002097 0.003059 -1.164666 
-0.002140 0.003191 -1.154662 
-0.002152 0.003297 -1.144660 
-0.002126 0.003384 -1.134657 
-0.002055 0.003459 -1.124655 
-0.001932 0.003531 -1.114653 
-0.001760 0.003615 -1.104652 
-0.001541 0.003722 -1.094653 
-0.001284 0.003863 -1.084655 
-0.001005 0.004046 -1.074657 
-0.000717 0.004274 -1.064660 
-0.000433 0.004540 -1.054662 
-0.000164 0.004833 -1.044667 
0.000083 0.005129 -1.034672 
0.000309 0.005387 -1.024679 
0.000530 0.005539 -1.014685 
0.000774 0.005492 -1.004691 
0.001070 0.005218 -0.994696 
0.001439 0.004751 -0.984706 
0.001869 0.004180 -0.974720 
0.002325 0.003628 -0.964733 
0.002758 0.003154 -0.954744 
0.003121 0.002763 -0.944750 
0.003382 0.002434 -0.934750 
0.003519 0.002137 -0.924748 
0.003529 0.001835 -0.914747 
0.003418 0.001496 -0.904750 
0.003201 0.001092 -0.894757 
0.002902 0.000602 -0.884770 
0.002550 0.000016 -0.874790 
0.002176 -0.000663 -0.864818 
0.001805 -0.001419 -0.854851 
0.001460 -0.002226 -0.844890 
0.001153 -0.003037 -0.834930 
0.000876 -0.003785 -0.824968 
0.000615 -0.004362 -0.814995 
0.000324 -0.004649 -0.805007 
-0.000041 -0.004649 -0.795012 
-0.000491 -0.004445 -0.785019 
-0.000985 -0.004151 -0.775028 
-0.001458 -0.003871 -0.765036 
-0.001852 -0.003640 -0.755042 
-0.002138 -0.003443 -0.745044 
-0.002307 -0.003251 -0.735043 
-0.002364 -0.003031 -0.725042 
-0.002322 -0.002753 -0.715041 
-0.002204 -0.002395 -0.705044 
-0.002036 -0.001942 -0.695051 
-0.001841 -0.001395 -0.685063 
-0.001640 -0.000766 -0.675080 
-0.001450 -0.000068 -0.665104 
-0.001287 0.000677 -0.655134 
-0.001157 0.001436 -0.645170 
-0.001057 0.002163 -0.635207 
-0.000969 0.002797 -0.625240 
-0.000855 0.003260 -0.615261 
-0.000676 0.003451 -0.605263 
-0.000398 0.003390 -0.595253 
-0.000038 0.003160 -0.585240 
0.000362 0.002866 -0.575225 
0.000744 0.002605 -0.565213 
0.001062 0.002385 -0.555203 
0.001286 0.002187 -0.545196 
0.001408 0.001982 -0.535191 
0.001428 0.001745 -0.525189 
0.001362 0.001448 -0.515189 
0.001223 0.001082 -0.505191 
0.001040 0.000639 -0.495197 
0.000842 0.000117 -0.485205 
0.000656 -0.000476 -0.475217 
0.000504 -0.001122 -0.465233 
0.000401 -0.001795 -0.455252 
0.000349 -0.002459 -0.445274 
0.000332 -0.003070 -0.435297 
0.000320 -0.003580 -0.425317 
0.000272 -0.003939 -0.415329 
0.000144 -0.004089 -0.405327 
-0.000074 -0.004079 -0.395321 
-0.000344 -0.003987 -0.385312 
-0.000604 -0.003880 -0.375304 
-0.000801 -0.003786 -0.365295 
-0.000915 -0.003686 -0.355288 
-0.000950 -0.003547 -0.345282 
-0.000922 -0.003344 -0.335276 
-0.000855 -0.003064 -0.325271 
-0.000770 -0.002707 -0.315270 
-0.000689 -0.002277 -0.305273 
-0.000631 -0.001787 -0.295279 
-0.000607 -0.001257 -0.285288 
-0.000625 -0.000711 -0.275297 
-0.000684 -0.000173 -0.265306 
-0.000767 0.000334 -0.255315 
-0.000853 0.000792 -0.245323 
-0.000913 0.001186 -0.235330 
-0.000925 0.001498 -0.225332 
-0.000870 0.001706 -0.215327 
-0.000743 0.001777 -0.205310 
-0.000561 0.001766 -0.195282 
-0.000362 0.001722 -0.185254 
-0.000186 0.001652 -0.175232 
-0.000052 0.001552 -0.165217 
0.000032 0.001423 -0.155206 
0.000067 0.001262 -0.145196 
0.000062 0.001060 -0.135188 
0.000027 0.000814 -0.125181 
-0.000023 0.000523 -0.115175 
-0.000078 0.000192 -0.105170 
-0.000123 -0.000176 -0.095166 
-0.000148 -0.000569 -0.085164 
-0.000148 -0.000969 -0.075163 
-0.000127 -0.001360 -0.065162 
-0.000088 -0.001724 -0.055161 
-0.000048 -0.002047 -0.045160 
-0.000024 -0.002313 -0.035160 
-0.000033 -0.002511 -0.025161 
-0.000089 -0.002622 -0.015156 
-0.000190 -0.002642 -0.005143 
-0.000312 -0.002608 0.004878 
-0.000423 -0.002538 0.014900 
-0.000497 -0.002423 0.024914 
-0.000526 -0.002249 0.034922 
-0.000511 -0.002013 0.044926 
-0.000461 -0.001718 0.054929 
-0.000393 -0.001363 0.064931 
-0.000324 -0.000958 0.074931 
-0.000273 -0.000514 0.084932 
-0.000255 -0.000051 0.094932 
-0.000274 0.000410 0.104931 
-0.000326 0.000848 0.114931 
-0.000400 0.001243 0.124933 
-0.000474 0.001586 0.134937 
-0.000527 0.001873 0.144944 
-0.000537 0.002110 0.154952 
-0.000488 0.002303 0.164963 
-0.000373 0.002455 0.174977 
-0.000195 0.002568 0.184998 
0.000025 0.002640 0.195027 
0.000245 0.002691 0.205056 
0.000418 0.002694 0.215074 
0.000519 0.002589 0.225078 
0.000552 0.002390 0.235076 
0.000531 0.002119 0.245075 
0.000473 0.001787 0.255075 
0.000403 0.001396 0.265076 
0.000345 0.000953 0.275075 
0.000316 0.000473 0.285073 
0.000325 -0.000023 0.295070 
0.000375 -0.000509 0.305067 
0.000458 -0.000963 0.315065 
0.000556 -0.001366 0.325064 
0.000648 -0.001708 0.335065 
0.000714 -0.001985 0.345069 
0.000736 -0.002201 0.355075 
0.000700 -0.002367 0.365082 
0.000602 -0.002498 0.375093 
0.000449 -0.002593 0.385108 
0.000267 -0.002663 0.395127 
0.000103 -0.002690 0.405143 
-0.000008 -0.002607 0.415151 
-0.000060 -0.002346 0.425144 
-0.000075 -0.001950 0.435131 
-0.000081 -0.001463 0.445117 
-0.000105 -0.000924 0.455104 
-0.000163 -0.000360 0.465092 
-0.000261 0.000205 0.475081 
-0.000395 0.000744 0.485072 
-0.000550 0.001237 0.495066 
-0.000704 0.001671 0.505064 
-0.000837 0.002038 0.515066 
-0.000926 0.002342 0.525071 
-0.000955 0.002586 0.535082 
-0.000912 0.002780 0.545095 
-0.000784 0.002940 0.555109 
-0.000563 0.003091 0.565124 
-0.000260 0.003264 0.575140 
0.000093 0.003463 0.585156 
0.000444 0.003640 0.595169 
0.000739 0.003721 0.605178 
0.000946 0.003630 0.615177 
0.001070 0.003317 0.625161 
0.001131 0.002838 0.635136 
0.001160 0.002252 0.645110 
0.001192 0.001598 0.655085 
0.001251 0.000911 0.665062 
0.001348 0.000224 0.675042 
0.001482 -0.000434 0.685026 
0.001644 -0.001034 0.695013 
0.001811 -0.001555 0.705005 
0.001958 -0.001983 0.714999 
0.002051 -0.002319 0.724996 
0.002066 -0.002577 0.734995 
0.001979 -0.002779 0.744996 
0.001781 -0.002954 0.754996 
0.001478 -0.003132 0.764995 
0.001093 -0.003343 0.774995 
0.000681 -0.003587 0.784996 
0.000302 -0.003778 0.794998 
0.000004 -0.003801 0.804998 
-0.000208 -0.003566 0.814991 
-0.000375 -0.003054 0.824969 
-0.000541 -0.002373 0.834938 
-0.000742 -0.001612 0.844905 
-0.001003 -0.000834 0.854871 
-0.001319 -0.000086 0.864840 
-0.001671 0.000604 0.874811 
-0.002029 0.001212 0.884788 
-0.002362 0.001732 0.894771 
-0.002633 0.002168 0.904763 
-0.002816 0.002535 0.914762 
-0.002888 0.002849 0.924764 
-0.002840 0.003139 0.934769 
-0.002672 0.003430 0.944771 
-0.002396 0.003745 0.954769 
-0.002035 0.004107 0.964763 
-0.001623 0.004524 0.974753 
-0.001213 0.004965 0.984743 
-0.000852 0.005336 0.994734 
-0.000564 0.005553 1.004729 
-0.000335 0.005569 1.014724 
-0.000134 0.005402 1.024716 
0.000066 0.005135 1.034707 
0.000277 0.004827 1.044700 
0.000502 0.004510 1.054693 
0.000736 0.004206 1.064688 
0.000976 0.003926 1.074686 
0.001212 0.003679 1.084686 
0.001436 0.003470 1.094687 
0.001640 0.003299 1.104688 
0.001816 0.003161 1.114690 
0.001955 0.003049 1.124691 
0.002053 0.002958 1.134693 
0.002104 0.002881 1.144695 
0.002110 0.002808 1.154696 
0.002075 0.002729 1.164698 
0.002005 0.002638 1.174701 
0.001914 0.002530 1.184702 
0.001812 0.002402 1.194703 
0.001715 0.002255 1.204706 
0.001630 0.002094 1.214709 
0.001563 0.001927 1.224713 
0.001515 0.001761 1.234718 
0.001483 0.001603 1.244723 
0.001466 0.001460 1.254729 
0.001456 0.001333 1.264735 
0.001451 0.001221 1.274744 
0.001447 0.001125 1.284753 
0.001442 0.001040 1.294763 
0.001436 0.000965 1.304775 
0.001430 0.000895 1.314786 
0.001424 0.000831 1.324798 
0.001417 0.000773 1.334809 
0.001405 0.000724 1.344821 
0.001387 0.000683 1.354832 
0.001356 0.000650 1.364842 
0.001310 0.000621 1.374851 
0.001246 0.000592 1.384858 
0.001168 0.000559 1.394865 
0.001081 0.000518 1.404871 
0.000988 0.000468 1.414877 
0.000894 0.000411 1.424882 
0.000801 0.000349 1.434887 
0.000712 0.000287 1.444890 
0.000628 0.000227 1.454895 
0.000546 0.000172 1.464898 
0.000466 0.000121 1.474901 
0.000389 0.000074 1.484903 
0.000319 0.000033 1.494904 
