300 
-0.000453 -0.000200 -1.494998 
-0.000401 -0.000180 -1.485000 
-0.000359 -0.000136 -1.475002 
-0.000331 -0.000073 -1.464997 
-0.000321 0.000001 -1.455001 
-0.000331 0.000077 -1.445003 
-0.000358 0.000149 -1.434998 
-0.000397 0.000207 -1.425002 
-0.000445 0.000248 -1.414997 
-0.000494 0.000269 -1.404999 
-0.000539 0.000268 -1.395001 
-0.000575 0.000248 -1.384998 
-0.000599 0.000211 -1.375000 
-0.000610 0.000160 -1.365002 
-0.000605 0.000101 -1.354999 
-0.000587 0.000037 -1.345001 
-0.000554 -0.000026 -1.334998 
-0.000511 -0.000083 -1.324999 
-0.000458 -0.000130 -1.315001 
-0.000401 -0.000161 -1.304998 
-0.000345 -0.000175 -1.294999 
-0.000296 -0.000168 -1.285002 
-0.000258 -0.000142 -1.274998 
-0.000238 -0.000101 -1.265000 
-0.000237 -0.000049 -1.254997 
-0.000256 0.000007 -1.244997 
-0.000293 0.000060 -1.235000 
-0.000342 0.000104 -1.224998 
-0.000398 0.000135 -1.214997 
-0.000454 0.000152 -1.204999 
-0.000502 0.000155 -1.195000 
-0.000539 0.000145 -1.184998 
-0.000561 0.000127 -1.175000 
-0.000567 0.000104 -1.164997 
-0.000558 0.000079 -1.154998 
-0.000537 0.000055 -1.145000 
-0.000505 0.000034 -1.134997 
-0.000467 0.000016 -1.124999 
-0.000423 0.000004 -1.115001 
-0.000378 -0.000002 -1.104999 
-0.000334 0.000001 -1.095001 
-0.000295 0.000012 -1.084999 
-0.000264 0.000032 -1.074999 
-0.000244 0.000061 -1.065000 
-0.000238 0.000095 -1.054998 
-0.000247 0.000131 -1.044999 
-0.000269 0.000163 -1.034999 
-0.000301 0.000186 -1.024999 
-0.000337 0.000194 -1.014999 
-0.000370 0.000184 -1.005000 
-0.000392 0.000155 -0.995000 
-0.000398 0.000116 -0.985000 
-0.000387 0.000073 -0.975000 
-0.000360 0.000037 -0.965000 
-0.000320 0.000013 -0.955000 
-0.000275 0.000004 -0.944999 
-0.000229 0.000009 -0.935000 
-0.000188 0.000026 -0.925000 
-0.000156 0.000048 -0.915001 
-0.000135 0.000071 -0.905000 
-0.000127 0.000090 -0.895000 
-0.000131 0.000099 -0.884999 
-0.000145 0.000097 -0.875000 
-0.000168 0.000081 -0.865000 
-0.000197 0.000050 -0.855000 
-0.000231 0.000006 -0.845000 
-0.000266 -0.000050 -0.835000 
-0.000300 -0.000113 -0.825001 
-0.000331 -0.000178 -0.815001 
-0.000356 -0.000238 -0.805002 
-0.000375 -0.000289 -0.795002 
-0.000384 -0.000328 -0.785002 
-0.000382 -0.000355 -0.775002 
-0.000369 -0.000367 -0.765001 
-0.000346 -0.000363 -0.755002 
-0.000315 -0.000341 -0.745002 
-0.000283 -0.000299 -0.735002 
-0.000254 -0.000241 -0.725001 
-0.000233 -0.000170 -0.715001 
-0.000223 -0.000093 -0.705001 
-0.000224 -0.000014 -0.695001 
-0.000235 0.000059 -0.685001 
-0.000255 0.000121 -0.675002 
-0.000279 0.000169 -0.665003 
-0.000305 0.000199 -0.655003 
-0.000329 0.000212 -0.645002 
-0.000347 0.000205 -0.635002 
-0.000358 0.000180 -0.625004 
-0.000356 0.000136 -0.615004 
-0.000340 0.000076 -0.605004 
-0.000307 0.000006 -0.595005 
-0.000259 -0.000065 -0.585004 
-0.000199 -0.000126 -0.575004 
-0.000132 -0.000169 -0.565004 
-0.000066 -0.000190 -0.555003 
-0.000008 -0.000186 -0.545003 
0.000036 -0.000160 -0.535003 
0.000060 -0.000117 -0.525002 
0.000062 -0.000063 -0.515003 
0.000041 -0.000007 -0.505003 
-0.000000 0.000044 -0.495003 
-0.000056 0.000082 -0.485003 
-0.000119 0.000102 -0.475002 
-0.000182 0.000103 -0.465002 
-0.000238 0.000083 -0.455003 
-0.000282 0.000047 -0.445003 
-0.000310 -0.000002 -0.435003 
-0.000322 -0.000058 -0.425005 
-0.000319 -0.000116 -0.415005 
-0.000301 -0.000170 -0.405005 
-0.000271 -0.000219 -0.395005 
-0.000230 -0.000261 -0.385004 
-0.000179 -0.000296 -0.375003 
-0.000120 -0.000320 -0.365003 
-0.000058 -0.000329 -0.355003 
0.000001 -0.000320 -0.345002 
0.000052 -0.000294 -0.335002 
0.000086 -0.000251 -0.325002 
0.000101 -0.000196 -0.315002 
0.000093 -0.000135 -0.305002 
0.000064 -0.000075 -0.295002 
0.000017 -0.000022 -0.285002 
-0.000041 0.000017 -0.275002 
-0.000103 0.000040 -0.265002 
-0.000161 0.000048 -0.255003 
-0.000208 0.000041 -0.245002 
-0.000239 0.000023 -0.235002 
-0.000251 -0.000000 -0.225002 
-0.000245 -0.000026 -0.215002 
-0.000222 -0.000050 -0.205002 
-0.000186 -0.000069 -0.195001 
-0.000140 -0.000081 -0.185001 
-0.000090 -0.000086 -0.175001 
-0.000037 -0.000084 -0.165001 
0.000012 -0.000076 -0.155001 
0.000055 -0.000063 -0.145001 
0.000089 -0.000046 -0.135001 
0.000110 -0.000027 -0.125001 
0.000117 -0.000008 -0.115001 
0.000108 0.000006 -0.105001 
0.000086 0.000014 -0.095001 
0.000052 0.000012 -0.085001 
0.000012 -0.000002 -0.075001 
-0.000028 -0.000025 -0.065001 
-0.000063 -0.000057 -0.055001 
-0.000088 -0.000093 -0.045001 
-0.000100 -0.000127 -0.035001 
-0.000099 -0.000154 -0.025001 
-0.000085 -0.000169 -0.015001 
-0.000063 -0.000170 -0.005001 
-0.000036 -0.000156 0.004999 
-0.000008 -0.000130 0.014999 
0.000017 -0.000095 0.024999 
0.000038 -0.000054 0.034999 
0.000052 -0.000011 0.045000 
0.000060 0.000029 0.055000 
0.000062 0.000063 0.065000 
0.000057 0.000089 0.074999 
0.000048 0.000105 0.085000 
0.000034 0.000108 0.095000 
0.000018 0.000100 0.105000 
0.000001 0.000078 0.115000 
-0.000013 0.000045 0.125000 
-0.000023 0.000002 0.135000 
-0.000023 -0.000047 0.145000 
-0.000013 -0.000096 0.155000 
0.000009 -0.000139 0.165000 
0.000042 -0.000171 0.175001 
0.000081 -0.000186 0.185001 
0.000123 -0.000181 0.195001 
0.000160 -0.000153 0.205002 
0.000187 -0.000108 0.215002 
0.000199 -0.000051 0.225002 
0.000195 0.000009 0.235002 
0.000175 0.000067 0.245002 
0.000142 0.000117 0.255002 
0.000101 0.000153 0.265001 
0.000057 0.000171 0.275001 
0.000016 0.000172 0.285002 
-0.000018 0.000154 0.295002 
-0.000041 0.000120 0.305002 
-0.000052 0.000072 0.315002 
-0.000048 0.000015 0.325002 
-0.000030 -0.000047 0.335002 
0.000002 -0.000111 0.345002 
0.000046 -0.000171 0.355002 
0.000100 -0.000222 0.365002 
0.000160 -0.000259 0.375002 
0.000222 -0.000279 0.385002 
0.000279 -0.000278 0.395003 
0.000326 -0.000255 0.405003 
0.000357 -0.000213 0.415003 
0.000368 -0.000155 0.425003 
0.000357 -0.000085 0.435003 
0.000324 -0.000012 0.445002 
0.000273 0.000055 0.455002 
0.000209 0.000110 0.465001 
0.000139 0.000149 0.475001 
0.000071 0.000170 0.485002 
0.000011 0.000174 0.495002 
-0.000035 0.000163 0.505002 
-0.000062 0.000139 0.515002 
-0.000069 0.000107 0.525002 
-0.000056 0.000070 0.535003 
-0.000023 0.000033 0.545003 
0.000028 -0.000001 0.555003 
0.000094 -0.000027 0.565003 
0.000170 -0.000042 0.575003 
0.000249 -0.000041 0.585003 
0.000324 -0.000027 0.595004 
0.000389 -0.000002 0.605004 
0.000434 0.000030 0.615004 
0.000458 0.000063 0.625003 
0.000457 0.000094 0.635002 
0.000434 0.000117 0.645002 
0.000392 0.000129 0.655003 
0.000338 0.000128 0.665002 
0.000279 0.000111 0.675002 
0.000223 0.000081 0.685002 
0.000177 0.000040 0.695002 
0.000145 -0.000006 0.705002 
0.000130 -0.000051 0.715002 
0.000131 -0.000092 0.725002 
0.000147 -0.000124 0.735003 
0.000173 -0.000146 0.745002 
0.000205 -0.000157 0.755002 
0.000241 -0.000160 0.765002 
0.000278 -0.000155 0.775003 
0.000313 -0.000145 0.785003 
0.000346 -0.000128 0.795003 
0.000374 -0.000103 0.805003 
0.000395 -0.000069 0.815003 
0.000406 -0.000028 0.825002 
0.000403 0.000015 0.835002 
0.000386 0.000053 0.845002 
0.000355 0.000083 0.855002 
0.000315 0.000100 0.865002 
0.000269 0.000102 0.875002 
0.000225 0.000091 0.885001 
0.000188 0.000069 0.895002 
0.000164 0.000043 0.905002 
0.000154 0.000018 0.915002 
0.000159 0.000000 0.925002 
0.000176 -0.000005 0.935002 
0.000203 0.000005 0.945001 
0.000235 0.000032 0.955002 
0.000266 0.000074 0.965003 
0.000293 0.000127 0.975002 
0.000312 0.000185 0.985002 
0.000323 0.000238 0.995002 
0.000326 0.000281 1.005001 
0.000324 0.000308 1.015002 
0.000318 0.000316 1.025001 
0.000311 0.000307 1.035002 
0.000306 0.000284 1.045000 
0.000304 0.000248 1.054999 
0.000306 0.000203 1.065001 
0.000314 0.000151 1.074998 
0.000328 0.000095 1.085001 
0.000350 0.000040 1.095001 
0.000379 -0.000011 1.105000 
0.000415 -0.000052 1.115001 
0.000454 -0.000079 1.125001 
0.000492 -0.000087 1.134999 
0.000524 -0.000075 1.145000 
0.000545 -0.000046 1.155000 
0.000552 -0.000002 1.164998 
0.000541 0.000052 1.174999 
0.000514 0.000107 1.185000 
0.000473 0.000158 1.194999 
0.000422 0.000200 1.205000 
0.000367 0.000228 1.214998 
0.000315 0.000240 1.224998 
0.000270 0.000237 1.235000 
0.000237 0.000219 1.244999 
0.000218 0.000188 1.254999 
0.000216 0.000149 1.264999 
0.000230 0.000103 1.274999 
0.000261 0.000055 1.285002 
0.000306 0.000009 1.294998 
0.000365 -0.000031 1.304999 
0.000432 -0.000061 1.315001 
0.000502 -0.000076 1.324998 
0.000570 -0.000073 1.335002 
0.000629 -0.000053 1.345001 
0.000672 -0.000016 1.354998 
0.000693 0.000035 1.365002 
0.000690 0.000092 1.375000 
0.000662 0.000149 1.384997 
0.000612 0.000199 1.395001 
0.000547 0.000237 1.404999 
0.000472 0.000257 1.414999 
0.000398 0.000260 1.425001 
0.000332 0.000246 1.434998 
0.000280 0.000218 1.445003 
0.000247 0.000181 1.455001 
0.000235 0.000140 1.464997 
0.000244 0.000098 1.475002 
0.000273 0.000061 1.485000 
0.000319 0.000031 1.494998 
