300 
-0.000453 -0.000200 -1.494989 
-0.000431 -0.000177 -1.484987 
-0.000417 -0.000133 -1.474987 
-0.000416 -0.000072 -1.464987 
-0.000433 -0.000001 -1.454985 
-0.000466 0.000071 -1.444986 
-0.000514 0.000138 -1.434984 
-0.000572 0.000193 -1.424984 
-0.000635 0.000232 -1.414984 
-0.000698 0.000254 -1.404982 
-0.000756 0.000260 -1.394982 
-0.000804 0.000252 -1.384981 
-0.000843 0.000232 -1.374980 
-0.000870 0.000206 -1.364979 
-0.000886 0.000174 -1.354977 
-0.000892 0.000140 -1.344975 
-0.000889 0.000106 -1.334973 
-0.000877 0.000075 -1.324970 
-0.000858 0.000052 -1.314968 
-0.000834 0.000039 -1.304967 
-0.000808 0.000041 -1.294965 
-0.000783 0.000062 -1.284962 
-0.000764 0.000102 -1.274960 
-0.000754 0.000162 -1.264958 
-0.000757 0.000239 -1.254957 
-0.000775 0.000329 -1.244956 
-0.000806 0.000427 -1.234956 
-0.000848 0.000528 -1.224955 
-0.000899 0.000628 -1.214954 
-0.000955 0.000721 -1.204954 
-0.001011 0.000806 -1.194955 
-0.001063 0.000880 -1.184954 
-0.001107 0.000942 -1.174953 
-0.001138 0.000992 -1.164953 
-0.001152 0.001029 -1.154953 
-0.001148 0.001055 -1.144953 
-0.001122 0.001074 -1.134953 
-0.001073 0.001088 -1.124953 
-0.001000 0.001105 -1.114954 
-0.000905 0.001130 -1.104955 
-0.000790 0.001169 -1.094955 
-0.000663 0.001230 -1.084956 
-0.000532 0.001314 -1.074955 
-0.000406 0.001420 -1.064955 
-0.000293 0.001543 -1.054956 
-0.000199 0.001672 -1.044956 
-0.000126 0.001789 -1.034957 
-0.000070 0.001871 -1.024959 
-0.000020 0.001892 -1.014959 
0.000042 0.001836 -1.004961 
0.000129 0.001705 -0.994962 
0.000254 0.001516 -0.984964 
0.000415 0.001297 -0.974966 
0.000602 0.001082 -0.964969 
0.000794 0.000899 -0.954972 
0.000969 0.000755 -0.944974 
0.001107 0.000645 -0.934976 
0.001194 0.000557 -0.924977 
0.001223 0.000472 -0.914979 
0.001193 0.000372 -0.904980 
0.001108 0.000241 -0.894983 
0.000980 0.000068 -0.884987 
0.000826 -0.000153 -0.874990 
0.000661 -0.000418 -0.864997 
0.000498 -0.000713 -0.855004 
0.000349 -0.001022 -0.845011 
0.000215 -0.001322 -0.835019 
0.000095 -0.001588 -0.825026 
-0.000019 -0.001782 -0.815031 
-0.000139 -0.001890 -0.805033 
-0.000275 -0.001917 -0.795034 
-0.000431 -0.001885 -0.785035 
-0.000599 -0.001819 -0.775036 
-0.000760 -0.001740 -0.765038 
-0.000898 -0.001661 -0.755040 
-0.001002 -0.001583 -0.745041 
-0.001067 -0.001498 -0.735041 
-0.001092 -0.001396 -0.725042 
-0.001082 -0.001269 -0.715042 
-0.001045 -0.001109 -0.705044 
-0.000989 -0.000912 -0.695046 
-0.000925 -0.000680 -0.685048 
-0.000859 -0.000421 -0.675051 
-0.000799 -0.000145 -0.665056 
-0.000750 0.000136 -0.655061 
-0.000711 0.000403 -0.645068 
-0.000681 0.000635 -0.635075 
-0.000651 0.000812 -0.625081 
-0.000606 0.000907 -0.615085 
-0.000531 0.000915 -0.605085 
-0.000418 0.000852 -0.595083 
-0.000269 0.000745 -0.585081 
-0.000095 0.000629 -0.575078 
0.000085 0.000530 -0.565075 
0.000251 0.000457 -0.555074 
0.000385 0.000408 -0.545073 
0.000475 0.000374 -0.535072 
0.000515 0.000340 -0.525072 
0.000506 0.000292 -0.515072 
0.000453 0.000219 -0.505072 
0.000368 0.000111 -0.495073 
0.000267 -0.000034 -0.485073 
0.000165 -0.000216 -0.475073 
0.000075 -0.000429 -0.465074 
0.000008 -0.000661 -0.455077 
-0.000033 -0.000894 -0.445081 
-0.000051 -0.001111 -0.435085 
-0.000055 -0.001292 -0.425088 
-0.000058 -0.001417 -0.415090 
-0.000070 -0.001487 -0.405089 
-0.000092 -0.001521 -0.395086 
-0.000118 -0.001537 -0.385082 
-0.000137 -0.001548 -0.375080 
-0.000143 -0.001552 -0.365077 
-0.000134 -0.001544 -0.355075 
-0.000113 -0.001515 -0.345073 
-0.000086 -0.001460 -0.335071 
-0.000062 -0.001379 -0.325070 
-0.000048 -0.001272 -0.315069 
-0.000050 -0.001145 -0.305069 
-0.000070 -0.001005 -0.295069 
-0.000109 -0.000861 -0.285070 
-0.000165 -0.000722 -0.275070 
-0.000232 -0.000597 -0.265070 
-0.000301 -0.000491 -0.255070 
-0.000362 -0.000407 -0.245070 
-0.000406 -0.000348 -0.235070 
-0.000426 -0.000312 -0.225068 
-0.000422 -0.000300 -0.215065 
-0.000394 -0.000299 -0.205062 
-0.000348 -0.000299 -0.195058 
-0.000290 -0.000296 -0.185055 
-0.000226 -0.000289 -0.175053 
-0.000162 -0.000277 -0.165051 
-0.000102 -0.000261 -0.155049 
-0.000050 -0.000243 -0.145047 
-0.000011 -0.000223 -0.135045 
0.000014 -0.000205 -0.125044 
0.000023 -0.000191 -0.115043 
0.000016 -0.000185 -0.105042 
-0.000004 -0.000189 -0.095041 
-0.000034 -0.000204 -0.085040 
-0.000069 -0.000232 -0.075039 
-0.000103 -0.000268 -0.065038 
-0.000131 -0.000310 -0.055038 
-0.000151 -0.000352 -0.045037 
-0.000161 -0.000388 -0.035037 
-0.000162 -0.000410 -0.025036 
-0.000156 -0.000410 -0.015034 
-0.000144 -0.000394 -0.005033 
-0.000127 -0.000363 0.004969 
-0.000109 -0.000318 0.014971 
-0.000090 -0.000262 0.024973 
-0.000072 -0.000196 0.034974 
-0.000055 -0.000121 0.044975 
-0.000039 -0.000041 0.054976 
-0.000027 0.000042 0.064977 
-0.000021 0.000123 0.074978 
-0.000020 0.000201 0.084979 
-0.000028 0.000270 0.094980 
-0.000042 0.000328 0.104981 
-0.000061 0.000372 0.114983 
-0.000080 0.000398 0.124984 
-0.000093 0.000408 0.134985 
-0.000095 0.000405 0.144987 
-0.000079 0.000393 0.154989 
-0.000044 0.000380 0.164991 
0.000009 0.000373 0.174995 
0.000077 0.000376 0.184999 
0.000151 0.000401 0.195002 
0.000221 0.000448 0.205006 
0.000275 0.000509 0.215010 
0.000305 0.000567 0.225012 
0.000309 0.000604 0.235012 
0.000289 0.000623 0.245012 
0.000251 0.000620 0.255013 
0.000204 0.000593 0.265014 
0.000156 0.000540 0.275015 
0.000115 0.000465 0.285016 
0.000086 0.000373 0.295016 
0.000072 0.000270 0.305016 
0.000073 0.000164 0.315016 
0.000086 0.000061 0.325017 
0.000106 -0.000034 0.335017 
0.000132 -0.000119 0.345018 
0.000159 -0.000192 0.355019 
0.000185 -0.000249 0.365021 
0.000209 -0.000291 0.375023 
0.000228 -0.000316 0.385025 
0.000241 -0.000321 0.395028 
0.000248 -0.000303 0.405031 
0.000250 -0.000257 0.415033 
0.000246 -0.000173 0.425034 
0.000233 -0.000041 0.435032 
0.000204 0.000120 0.445030 
0.000157 0.000296 0.455028 
0.000093 0.000475 0.465026 
0.000013 0.000644 0.475025 
-0.000075 0.000795 0.485024 
-0.000163 0.000920 0.495025 
-0.000238 0.001015 0.505026 
-0.000292 0.001081 0.515026 
-0.000316 0.001121 0.525028 
-0.000305 0.001140 0.535031 
-0.000255 0.001143 0.545033 
-0.000167 0.001140 0.555035 
-0.000043 0.001143 0.565037 
0.000108 0.001163 0.575040 
0.000270 0.001205 0.585043 
0.000425 0.001258 0.595045 
0.000554 0.001300 0.605045 
0.000646 0.001311 0.615044 
0.000698 0.001269 0.625041 
0.000715 0.001170 0.635037 
0.000706 0.001023 0.645033 
0.000687 0.000838 0.655029 
0.000670 0.000624 0.665026 
0.000662 0.000393 0.675024 
0.000670 0.000161 0.685022 
0.000694 -0.000059 0.695021 
0.000727 -0.000254 0.705021 
0.000761 -0.000416 0.715020 
0.000787 -0.000545 0.725019 
0.000796 -0.000643 0.735019 
0.000779 -0.000719 0.745019 
0.000734 -0.000780 0.755019 
0.000663 -0.000834 0.765018 
0.000573 -0.000888 0.775018 
0.000476 -0.000943 0.785018 
0.000387 -0.000988 0.795019 
0.000313 -0.001000 0.805020 
0.000255 -0.000956 0.815019 
0.000202 -0.000838 0.825018 
0.000140 -0.000655 0.835014 
0.000057 -0.000433 0.845010 
-0.000054 -0.000197 0.855005 
-0.000193 0.000035 0.864999 
-0.000348 0.000246 0.874995 
-0.000507 0.000426 0.884991 
-0.000652 0.000571 0.894988 
-0.000768 0.000684 0.904986 
-0.000839 0.000770 0.914985 
-0.000860 0.000842 0.924984 
-0.000827 0.000914 0.934984 
-0.000746 0.000999 0.944982 
-0.000627 0.001104 0.954981 
-0.000484 0.001233 0.964977 
-0.000332 0.001385 0.974975 
-0.000191 0.001543 0.984973 
-0.000073 0.001686 0.994971 
0.000019 0.001789 1.004970 
0.000089 0.001837 1.014969 
0.000147 0.001825 1.024968 
0.000204 0.001760 1.034967 
0.000266 0.001660 1.044966 
0.000336 0.001538 1.054965 
0.000416 0.001407 1.064964 
0.000503 0.001274 1.074963 
0.000595 0.001149 1.084963 
0.000689 0.001035 1.094963 
0.000780 0.000939 1.104964 
0.000865 0.000861 1.114964 
0.000939 0.000802 1.124964 
0.000997 0.000763 1.134964 
0.001035 0.000742 1.144964 
0.001051 0.000735 1.154964 
0.001045 0.000736 1.164964 
0.001016 0.000741 1.174964 
0.000970 0.000743 1.184964 
0.000911 0.000736 1.194964 
0.000846 0.000717 1.204964 
0.000783 0.000686 1.214964 
0.000728 0.000643 1.224965 
0.000682 0.000590 1.234965 
0.000650 0.000530 1.244966 
0.000631 0.000466 1.254967 
0.000625 0.000401 1.264968 
0.000631 0.000337 1.274969 
0.000647 0.000276 1.284971 
0.000672 0.000218 1.294973 
0.000705 0.000167 1.304974 
0.000743 0.000125 1.314976 
0.000785 0.000094 1.324978 
0.000826 0.000077 1.334980 
0.000860 0.000077 1.344981 
0.000881 0.000091 1.354983 
0.000886 0.000119 1.364984 
0.000869 0.000155 1.374985 
0.000831 0.000192 1.384985 
0.000773 0.000226 1.394987 
0.000700 0.000250 1.404988 
0.000620 0.000261 1.414988 
0.000538 0.000258 1.424988 
0.000461 0.000240 1.434988 
0.000397 0.000212 1.444989 
0.000347 0.000176 1.454989 
0.000315 0.000136 1.464989 
0.000300 0.000097 1.474989 
0.000302 0.000061 1.484990 
0.000319 0.000031 1.494990 
