300 
-0.000458 -0.000175 -1.494431 
-0.000643 0.000020 -1.484413 
-0.000812 0.000227 -1.474393 
-0.000960 0.000447 -1.464370 
-0.001090 0.000686 -1.454346 
-0.001205 0.000946 -1.444320 
-0.001306 0.001222 -1.434291 
-0.001402 0.001513 -1.424260 
-0.001499 0.001818 -1.414229 
-0.001603 0.002135 -1.404198 
-0.001713 0.002454 -1.394168 
-0.001826 0.002770 -1.384137 
-0.001939 0.003080 -1.374102 
-0.002054 0.003378 -1.364061 
-0.002163 0.003663 -1.354017 
-0.002270 0.003930 -1.343971 
-0.002373 0.004173 -1.333925 
-0.002462 0.004394 -1.323881 
-0.002529 0.004598 -1.313835 
-0.002570 0.004790 -1.303790 
-0.002581 0.004985 -1.293749 
-0.002568 0.005193 -1.283710 
-0.002539 0.005425 -1.273674 
-0.002502 0.005683 -1.263640 
-0.002465 0.005967 -1.253607 
-0.002435 0.006276 -1.243573 
-0.002424 0.006606 -1.233541 
-0.002429 0.006944 -1.223507 
-0.002462 0.007283 -1.213474 
-0.002521 0.007614 -1.203440 
-0.002605 0.007926 -1.193408 
-0.002709 0.008209 -1.183379 
-0.002815 0.008460 -1.173353 
-0.002913 0.008672 -1.163328 
-0.002990 0.008845 -1.153305 
-0.003030 0.008984 -1.143283 
-0.003026 0.009099 -1.133263 
-0.002974 0.009199 -1.123243 
-0.002865 0.009296 -1.113223 
-0.002697 0.009400 -1.103207 
-0.002468 0.009525 -1.093193 
-0.002179 0.009689 -1.083180 
-0.001834 0.009910 -1.073170 
-0.001446 0.010203 -1.063162 
-0.001024 0.010580 -1.053160 
-0.000578 0.011049 -1.043169 
-0.000110 0.011609 -1.033197 
0.000347 0.012188 -1.023242 
0.000801 0.012576 -1.013277 
0.001287 0.012579 -1.003294 
0.001827 0.012086 -0.993304 
0.002444 0.011162 -0.983326 
0.003110 0.010008 -0.973362 
0.003759 0.008808 -0.963393 
0.004339 0.007727 -0.953402 
0.004794 0.006758 -0.943395 
0.005095 0.005861 -0.933382 
0.005229 0.004986 -0.923368 
0.005202 0.004098 -0.913361 
0.005028 0.003162 -0.903364 
0.004722 0.002145 -0.893382 
0.004306 0.001028 -0.883415 
0.003805 -0.000209 -0.873468 
0.003246 -0.001579 -0.863542 
0.002663 -0.003101 -0.853647 
0.002089 -0.004780 -0.843787 
0.001542 -0.006571 -0.833968 
0.001058 -0.008278 -0.824149 
0.000591 -0.009556 -0.814262 
0.000073 -0.010163 -0.804298 
-0.000565 -0.010067 -0.794304 
-0.001338 -0.009476 -0.784322 
-0.002154 -0.008697 -0.774352 
-0.002863 -0.007935 -0.764366 
-0.003373 -0.007282 -0.754362 
-0.003672 -0.006691 -0.744349 
-0.003778 -0.006097 -0.734336 
-0.003717 -0.005443 -0.724328 
-0.003524 -0.004685 -0.714332 
-0.003238 -0.003798 -0.704348 
-0.002900 -0.002768 -0.694381 
-0.002546 -0.001600 -0.684431 
-0.002197 -0.000307 -0.674501 
-0.001883 0.001096 -0.664590 
-0.001612 0.002588 -0.654703 
-0.001399 0.004133 -0.644836 
-0.001230 0.005696 -0.634991 
-0.001101 0.007135 -0.625130 
-0.000950 0.008189 -0.615194 
-0.000694 0.008714 -0.605182 
-0.000302 0.008678 -0.595121 
0.000184 0.008193 -0.585057 
0.000691 0.007510 -0.575002 
0.001110 0.006777 -0.564951 
0.001387 0.006076 -0.554903 
0.001518 0.005376 -0.544866 
0.001526 0.004640 -0.534844 
0.001425 0.003842 -0.524834 
0.001246 0.002957 -0.514837 
0.001002 0.001983 -0.504850 
0.000722 0.000903 -0.494876 
0.000435 -0.000271 -0.484910 
0.000182 -0.001541 -0.474959 
-0.000010 -0.002879 -0.465019 
-0.000127 -0.004273 -0.455092 
-0.000170 -0.005670 -0.445172 
-0.000156 -0.007033 -0.435265 
-0.000110 -0.008241 -0.425347 
-0.000104 -0.009063 -0.415369 
-0.000241 -0.009402 -0.405331 
-0.000544 -0.009310 -0.395269 
-0.000933 -0.008931 -0.385210 
-0.001266 -0.008442 -0.375160 
-0.001444 -0.007900 -0.365126 
-0.001446 -0.007328 -0.355106 
-0.001311 -0.006679 -0.345096 
-0.001096 -0.005912 -0.335095 
-0.000832 -0.005028 -0.325103 
-0.000557 -0.004024 -0.315127 
-0.000314 -0.002911 -0.305161 
-0.000129 -0.001707 -0.295205 
-0.000016 -0.000450 -0.285253 
0.000020 0.000837 -0.275304 
-0.000019 0.002114 -0.265354 
-0.000118 0.003365 -0.255407 
-0.000247 0.004568 -0.245457 
-0.000381 0.005708 -0.235504 
-0.000492 0.006717 -0.225531 
-0.000550 0.007428 -0.215492 
-0.000486 0.007784 -0.205402 
-0.000291 0.007795 -0.195291 
-0.000064 0.007508 -0.185185 
0.000088 0.007030 -0.175104 
0.000125 0.006378 -0.165068 
0.000075 0.005631 -0.155056 
-0.000044 0.004822 -0.145052 
-0.000198 0.003933 -0.135060 
-0.000370 0.002971 -0.125072 
-0.000543 0.001928 -0.115091 
-0.000701 0.000818 -0.105114 
-0.000808 -0.000361 -0.095146 
-0.000839 -0.001576 -0.085180 
-0.000793 -0.002802 -0.075219 
-0.000674 -0.004002 -0.065253 
-0.000498 -0.005154 -0.055287 
-0.000283 -0.006221 -0.045317 
-0.000057 -0.007177 -0.035344 
0.000131 -0.007966 -0.025357 
0.000202 -0.008461 -0.015317 
0.000132 -0.008686 -0.005236 
-0.000020 -0.008672 0.004860 
-0.000126 -0.008429 0.014949 
-0.000103 -0.007974 0.025014 
0.000051 -0.007302 0.035029 
0.000260 -0.006458 0.045019 
0.000496 -0.005494 0.055002 
0.000716 -0.004413 0.064974 
0.000902 -0.003247 0.074942 
0.001025 -0.002011 0.084902 
0.001067 -0.000746 0.094861 
0.001023 0.000522 0.104817 
0.000905 0.001752 0.114776 
0.000726 0.002924 0.124741 
0.000523 0.004019 0.134717 
0.000315 0.005031 0.144701 
0.000132 0.005959 0.154697 
-0.000000 0.006806 0.164704 
-0.000061 0.007546 0.174731 
-0.000002 0.008077 0.184809 
0.000178 0.008384 0.194923 
0.000379 0.008408 0.205045 
0.000488 0.008102 0.215137 
0.000451 0.007486 0.225172 
0.000329 0.006596 0.235146 
0.000173 0.005578 0.245106 
0.000005 0.004482 0.255069 
-0.000149 0.003307 0.265029 
-0.000269 0.002078 0.274986 
-0.000327 0.000805 0.284938 
-0.000311 -0.000473 0.294891 
-0.000210 -0.001731 0.304844 
-0.000037 -0.002927 0.314806 
0.000183 -0.004039 0.324774 
0.000420 -0.005043 0.334754 
0.000649 -0.005931 0.344742 
0.000840 -0.006700 0.354741 
0.000950 -0.007370 0.364750 
0.000940 -0.007947 0.374782 
0.000767 -0.008379 0.384845 
0.000500 -0.008691 0.394923 
0.000286 -0.008788 0.405011 
0.000233 -0.008541 0.415080 
0.000331 -0.007870 0.425094 
0.000484 -0.006828 0.435044 
0.000608 -0.005598 0.444977 
0.000678 -0.004303 0.454919 
0.000672 -0.002970 0.464861 
0.000591 -0.001653 0.474811 
0.000424 -0.000371 0.484766 
0.000198 0.000840 0.494732 
-0.000057 0.001968 0.504705 
-0.000307 0.002999 0.514691 
-0.000526 0.003940 0.524690 
-0.000689 0.004794 0.534705 
-0.000778 0.005572 0.544733 
-0.000768 0.006293 0.554770 
-0.000633 0.006985 0.564820 
-0.000364 0.007675 0.574879 
0.000019 0.008292 0.584950 
0.000439 0.008733 0.595026 
0.000792 0.008797 0.605097 
0.001005 0.008379 0.615129 
0.001068 0.007481 0.625089 
0.001069 0.006209 0.634980 
0.001074 0.004791 0.644860 
0.001099 0.003350 0.654755 
0.001182 0.001905 0.664661 
0.001324 0.000499 0.674581 
0.001533 -0.000846 0.684511 
0.001789 -0.002097 0.694457 
0.002064 -0.003233 0.704415 
0.002320 -0.004245 0.714385 
0.002524 -0.005130 0.724367 
0.002641 -0.005891 0.734359 
0.002634 -0.006553 0.744363 
0.002466 -0.007150 0.754377 
0.002107 -0.007729 0.764395 
0.001548 -0.008363 0.774411 
0.000856 -0.009008 0.784422 
0.000167 -0.009512 0.794436 
-0.000397 -0.009593 0.804450 
-0.000800 -0.009050 0.814436 
-0.001079 -0.007877 0.824348 
-0.001313 -0.006241 0.834180 
-0.001630 -0.004454 0.843997 
-0.002016 -0.002744 0.853849 
-0.002462 -0.001148 0.863726 
-0.002930 0.000321 0.873629 
-0.003390 0.001662 0.883553 
-0.003803 0.002876 0.893501 
-0.004134 0.003979 0.903473 
-0.004360 0.004985 0.913466 
-0.004460 0.005920 0.923474 
-0.004416 0.006808 0.933490 
-0.004221 0.007675 0.943509 
-0.003873 0.008555 0.953524 
-0.003379 0.009486 0.963527 
-0.002775 0.010502 0.973510 
-0.002119 0.011495 0.983486 
-0.001507 0.012313 0.993472 
-0.000984 0.012751 1.003467 
-0.000554 0.012713 1.013451 
-0.000192 0.012287 1.023415 
0.000164 0.011656 1.033365 
0.000549 0.011038 1.043329 
0.000933 0.010502 1.053313 
0.001309 0.010047 1.063308 
0.001667 0.009670 1.073316 
0.002000 0.009365 1.083330 
0.002296 0.009119 1.093349 
0.002557 0.008931 1.103369 
0.002776 0.008783 1.113389 
0.002949 0.008661 1.123409 
0.003074 0.008559 1.133427 
0.003147 0.008478 1.143445 
0.003164 0.008399 1.153463 
0.003128 0.008306 1.163483 
0.003042 0.008189 1.173504 
0.002923 0.008037 1.183524 
0.002789 0.007843 1.193546 
0.002658 0.007605 1.203570 
0.002544 0.007329 1.213596 
0.002458 0.007025 1.223621 
0.002399 0.006704 1.233648 
0.002367 0.006381 1.243675 
0.002361 0.006067 1.253702 
0.002372 0.005771 1.263731 
0.002393 0.005492 1.273763 
0.002414 0.005241 1.283799 
0.002427 0.005014 1.293838 
0.002422 0.004801 1.303879 
0.002399 0.004597 1.313921 
0.002354 0.004391 1.323963 
0.002286 0.004180 1.334004 
0.002203 0.003960 1.344045 
0.002106 0.003726 1.354083 
0.001998 0.003480 1.364119 
0.001880 0.003222 1.374151 
0.001747 0.002954 1.384179 
0.001611 0.002673 1.394205 
0.001483 0.002379 1.404231 
0.001366 0.002077 1.414258 
0.001254 0.001776 1.424284 
0.001146 0.001482 1.434309 
0.001040 0.001203 1.444332 
0.000931 0.000944 1.454355 
0.000808 0.000705 1.464377 
0.000664 0.000479 1.474397 
0.000501 0.000264 1.484417 
0.000324 0.000055 1.494435 
