300 
-0.000463 -0.000137 -1.493754 
-0.000629 0.000193 -1.483707 
-0.000788 0.000538 -1.473660 
-0.000938 0.000898 -1.463610 
-0.001082 0.001270 -1.453558 
-0.001222 0.001657 -1.443504 
-0.001357 0.002054 -1.433447 
-0.001495 0.002461 -1.423388 
-0.001639 0.002877 -1.413327 
-0.001796 0.003300 -1.403269 
-0.001958 0.003723 -1.393209 
-0.002122 0.004141 -1.383148 
-0.002284 0.004553 -1.373082 
-0.002441 0.004957 -1.363013 
-0.002590 0.005352 -1.352940 
-0.002729 0.005735 -1.342867 
-0.002859 0.006099 -1.332793 
-0.002973 0.006450 -1.322719 
-0.003064 0.006789 -1.312644 
-0.003129 0.007124 -1.302570 
-0.003166 0.007460 -1.292498 
-0.003182 0.007810 -1.282429 
-0.003185 0.008188 -1.272366 
-0.003187 0.008589 -1.262304 
-0.003192 0.009013 -1.252243 
-0.003211 0.009461 -1.242182 
-0.003251 0.009923 -1.232121 
-0.003309 0.010386 -1.222061 
-0.003397 0.010845 -1.211999 
-0.003514 0.011289 -1.201936 
-0.003658 0.011708 -1.191876 
-0.003828 0.012088 -1.181821 
-0.004004 0.012426 -1.171769 
-0.004173 0.012715 -1.161721 
-0.004319 0.012951 -1.151676 
-0.004422 0.013145 -1.141633 
-0.004469 0.013305 -1.131591 
-0.004453 0.013443 -1.121549 
-0.004368 0.013572 -1.111506 
-0.004206 0.013706 -1.101466 
-0.003967 0.013863 -1.091431 
-0.003653 0.014066 -1.081396 
-0.003268 0.014337 -1.071367 
-0.002830 0.014690 -1.061346 
-0.002361 0.015150 -1.051334 
-0.001862 0.015727 -1.041342 
-0.001331 0.016444 -1.031387 
-0.000772 0.017242 -1.021479 
-0.000227 0.017786 -1.011547 
0.000353 0.017750 -1.001563 
0.000971 0.017113 -0.991562 
0.001629 0.015933 -0.981583 
0.002305 0.014382 -0.971630 
0.002939 0.012777 -0.961668 
0.003493 0.011245 -0.951677 
0.003922 0.009782 -0.941669 
0.004206 0.008354 -0.931656 
0.004343 0.006920 -0.921646 
0.004345 0.005458 -0.911647 
0.004225 0.003944 -0.901663 
0.003995 0.002357 -0.891699 
0.003667 0.000676 -0.881757 
0.003253 -0.001114 -0.871842 
0.002777 -0.003041 -0.861966 
0.002257 -0.005125 -0.852138 
0.001733 -0.007396 -0.842376 
0.001219 -0.009805 -0.832695 
0.000764 -0.012126 -0.823022 
0.000289 -0.013868 -0.813217 
-0.000247 -0.014622 -0.803241 
-0.000881 -0.014481 -0.793206 
-0.001614 -0.013667 -0.783192 
-0.002359 -0.012475 -0.773212 
-0.002964 -0.011293 -0.763212 
-0.003352 -0.010177 -0.753191 
-0.003534 -0.009101 -0.743165 
-0.003533 -0.007995 -0.733143 
-0.003393 -0.006813 -0.723137 
-0.003145 -0.005517 -0.713154 
-0.002829 -0.004093 -0.703194 
-0.002480 -0.002536 -0.693260 
-0.002128 -0.000852 -0.683353 
-0.001793 0.000951 -0.673473 
-0.001498 0.002858 -0.663622 
-0.001250 0.004846 -0.653802 
-0.001065 0.006902 -0.644016 
-0.000939 0.008982 -0.634256 
-0.000836 0.010965 -0.624488 
-0.000740 0.012502 -0.614594 
-0.000548 0.013258 -0.604534 
-0.000241 0.013235 -0.594399 
0.000147 0.012564 -0.584273 
0.000536 0.011445 -0.574196 
0.000833 0.010205 -0.564131 
0.000979 0.008948 -0.554070 
0.001009 0.007676 -0.544026 
0.000939 0.006378 -0.534003 
0.000791 0.005030 -0.524002 
0.000583 0.003617 -0.514022 
0.000322 0.002128 -0.504060 
0.000025 0.000552 -0.494113 
-0.000275 -0.001113 -0.484181 
-0.000548 -0.002864 -0.474269 
-0.000774 -0.004686 -0.464376 
-0.000925 -0.006556 -0.454501 
-0.000994 -0.008451 -0.444642 
-0.000982 -0.010291 -0.434790 
-0.000928 -0.011986 -0.424928 
-0.000862 -0.013256 -0.414970 
-0.000905 -0.013793 -0.404876 
-0.001111 -0.013652 -0.394735 
-0.001430 -0.013009 -0.384615 
-0.001690 -0.012049 -0.374536 
-0.001769 -0.010993 -0.364482 
-0.001651 -0.009870 -0.354455 
-0.001416 -0.008651 -0.344454 
-0.001115 -0.007323 -0.334472 
-0.000786 -0.005880 -0.324513 
-0.000457 -0.004341 -0.314573 
-0.000173 -0.002703 -0.304648 
0.000042 -0.000993 -0.294735 
0.000181 0.000764 -0.284826 
0.000254 0.002541 -0.274921 
0.000253 0.004312 -0.265017 
0.000197 0.006057 -0.255115 
0.000095 0.007773 -0.245213 
-0.000024 0.009422 -0.235301 
-0.000143 0.010942 -0.225356 
-0.000255 0.012154 -0.215327 
-0.000232 0.012742 -0.205181 
-0.000054 0.012733 -0.194994 
0.000160 0.012188 -0.184832 
0.000250 0.011159 -0.174741 
0.000214 0.009928 -0.164706 
0.000092 0.008585 -0.154706 
-0.000086 0.007180 -0.144728 
-0.000287 0.005723 -0.134767 
-0.000498 0.004201 -0.124816 
-0.000707 0.002620 -0.114873 
-0.000901 0.000979 -0.104935 
-0.001052 -0.000724 -0.095005 
-0.001141 -0.002463 -0.085082 
-0.001150 -0.004212 -0.075163 
-0.001071 -0.005939 -0.065241 
-0.000918 -0.007616 -0.055315 
-0.000712 -0.009223 -0.045386 
-0.000472 -0.010699 -0.035442 
-0.000244 -0.011960 -0.025462 
-0.000106 -0.012875 -0.015403 
-0.000157 -0.013255 -0.005254 
-0.000357 -0.013218 0.004918 
-0.000485 -0.012819 0.015078 
-0.000412 -0.011955 0.025168 
-0.000195 -0.010806 0.035191 
0.000074 -0.009450 0.045163 
0.000347 -0.007949 0.055109 
0.000588 -0.006346 0.065044 
0.000781 -0.004655 0.074968 
0.000907 -0.002909 0.084887 
0.000948 -0.001141 0.094805 
0.000921 0.000626 0.104718 
0.000824 0.002359 0.114635 
0.000677 0.004045 0.124558 
0.000499 0.005665 0.134496 
0.000311 0.007216 0.144449 
0.000136 0.008699 0.154416 
-0.000002 0.010100 0.164407 
-0.000089 0.011383 0.174432 
-0.000057 0.012427 0.184519 
0.000113 0.012982 0.194693 
0.000308 0.012990 0.204885 
0.000381 0.012431 0.215034 
0.000284 0.011318 0.225074 
0.000113 0.009924 0.235033 
-0.000069 0.008404 0.244960 
-0.000248 0.006800 0.254880 
-0.000404 0.005123 0.264796 
-0.000527 0.003398 0.274708 
-0.000590 0.001638 0.284615 
-0.000585 -0.000135 0.294526 
-0.000510 -0.001902 0.304437 
-0.000358 -0.003620 0.314358 
-0.000144 -0.005267 0.324288 
0.000107 -0.006823 0.334231 
0.000370 -0.008272 0.344192 
0.000619 -0.009613 0.354169 
0.000809 -0.010832 0.364172 
0.000873 -0.011897 0.374215 
0.000745 -0.012773 0.384301 
0.000500 -0.013338 0.394441 
0.000347 -0.013507 0.404609 
0.000390 -0.013104 0.414746 
0.000580 -0.012025 0.424762 
0.000787 -0.010542 0.434683 
0.000939 -0.008849 0.444577 
0.001007 -0.007054 0.454465 
0.001000 -0.005232 0.464357 
0.000912 -0.003419 0.474259 
0.000747 -0.001640 0.484170 
0.000531 0.000075 0.494094 
0.000287 0.001720 0.504029 
0.000038 0.003288 0.513980 
-0.000191 0.004787 0.523952 
-0.000373 0.006225 0.533946 
-0.000503 0.007599 0.543959 
-0.000563 0.008939 0.553986 
-0.000527 0.010257 0.564032 
-0.000365 0.011517 0.574099 
-0.000091 0.012639 0.584185 
0.000242 0.013285 0.594322 
0.000510 0.013336 0.604470 
0.000638 0.012675 0.614554 
0.000613 0.011295 0.624488 
0.000541 0.009496 0.634308 
0.000480 0.007568 0.644120 
0.000465 0.005617 0.653947 
0.000523 0.003683 0.663792 
0.000643 0.001784 0.673653 
0.000821 -0.000061 0.683529 
0.001052 -0.001829 0.693424 
0.001314 -0.003497 0.703339 
0.001572 -0.005060 0.713272 
0.001805 -0.006510 0.723224 
0.001982 -0.007852 0.733195 
0.002075 -0.009088 0.743188 
0.002046 -0.010239 0.753201 
0.001853 -0.011333 0.763231 
0.001455 -0.012417 0.773267 
0.000886 -0.013493 0.783301 
0.000302 -0.014235 0.793365 
-0.000176 -0.014377 0.803440 
-0.000537 -0.013681 0.813455 
-0.000765 -0.012073 0.823309 
-0.000927 -0.009874 0.833020 
-0.001147 -0.007497 0.842708 
-0.001428 -0.005204 0.852458 
-0.001765 -0.003050 0.862261 
-0.002113 -0.001016 0.872103 
-0.002448 0.000893 0.881983 
-0.002750 0.002684 0.891896 
-0.002991 0.004369 0.901842 
-0.003151 0.005958 0.911815 
-0.003217 0.007469 0.921811 
-0.003174 0.008924 0.931820 
-0.003009 0.010339 0.941838 
-0.002716 0.011745 0.951857 
-0.002293 0.013160 0.961868 
-0.001756 0.014602 0.971859 
-0.001142 0.016006 0.981839 
-0.000534 0.017106 0.991839 
0.000021 0.017716 1.001856 
0.000507 0.017735 1.011849 
0.000925 0.017165 1.021780 
0.001310 0.016315 1.031686 
0.001715 0.015537 1.041631 
0.002128 0.014884 1.051612 
0.002538 0.014336 1.061615 
0.002935 0.013881 1.071634 
0.003309 0.013512 1.081664 
0.003639 0.013210 1.091703 
0.003930 0.012980 1.101744 
0.004170 0.012799 1.111786 
0.004351 0.012645 1.121826 
0.004470 0.012509 1.131866 
0.004524 0.012394 1.141904 
0.004509 0.012280 1.151943 
0.004431 0.012144 1.161986 
0.004295 0.011974 1.172029 
0.004117 0.011762 1.182072 
0.003921 0.011496 1.192117 
0.003728 0.011172 1.202167 
0.003554 0.010797 1.212215 
0.003410 0.010381 1.222264 
0.003296 0.009938 1.232314 
0.003214 0.009483 1.242364 
0.003168 0.009036 1.252415 
0.003149 0.008604 1.262467 
0.003142 0.008185 1.272524 
0.003142 0.007793 1.282586 
0.003134 0.007426 1.292653 
0.003109 0.007076 1.302722 
0.003063 0.006737 1.312793 
0.002992 0.006398 1.322862 
0.002895 0.006060 1.332930 
0.002776 0.005717 1.342997 
0.002638 0.005367 1.353062 
0.002486 0.005007 1.363123 
0.002320 0.004641 1.373177 
0.002144 0.004268 1.383228 
0.001965 0.003885 1.393279 
0.001793 0.003492 1.403329 
0.001631 0.003094 1.413379 
0.001471 0.002695 1.423431 
0.001319 0.002303 1.433482 
0.001170 0.001916 1.443530 
0.001017 0.001536 1.453578 
0.000859 0.001166 1.463627 
0.000689 0.000802 1.473675 
0.000513 0.000443 1.483724 
0.000330 0.000091 1.493770 
