300 
-0.000453 -0.000200 -1.494983 
-0.000449 -0.000178 -1.484983 
-0.000453 -0.000135 -1.474982 
-0.000470 -0.000077 -1.464981 
-0.000502 -0.000009 -1.454980 
-0.000550 0.000060 -1.444979 
-0.000610 0.000124 -1.434979 
-0.000678 0.000176 -1.424978 
-0.000748 0.000216 -1.414976 
-0.000817 0.000242 -1.404975 
-0.000881 0.000254 -1.394975 
-0.000935 0.000256 -1.384974 
-0.000980 0.000250 -1.374972 
-0.001015 0.000237 -1.364971 
-0.001039 0.000222 -1.354968 
-0.001055 0.000203 -1.344965 
-0.001063 0.000184 -1.334962 
-0.001062 0.000165 -1.324959 
-0.001052 0.000152 -1.314956 
-0.001035 0.000149 -1.304953 
-0.001013 0.000160 -1.294950 
-0.000990 0.000189 -1.284948 
-0.000970 0.000239 -1.274945 
-0.000956 0.000310 -1.264943 
-0.000954 0.000400 -1.254941 
-0.000964 0.000507 -1.244940 
-0.000988 0.000623 -1.234939 
-0.001024 0.000745 -1.224939 
-0.001070 0.000865 -1.214938 
-0.001122 0.000980 -1.204938 
-0.001177 0.001084 -1.194938 
-0.001228 0.001174 -1.184937 
-0.001271 0.001250 -1.174937 
-0.001299 0.001310 -1.164936 
-0.001308 0.001354 -1.154936 
-0.001295 0.001384 -1.144935 
-0.001257 0.001406 -1.134936 
-0.001193 0.001423 -1.124936 
-0.001104 0.001443 -1.114937 
-0.000990 0.001471 -1.104937 
-0.000857 0.001515 -1.094938 
-0.000712 0.001580 -1.084939 
-0.000562 0.001671 -1.074939 
-0.000417 0.001786 -1.064938 
-0.000283 0.001922 -1.054939 
-0.000166 0.002070 -1.044940 
-0.000069 0.002213 -1.034941 
0.000010 0.002329 -1.024944 
0.000083 0.002380 -1.014946 
0.000169 0.002333 -1.004949 
0.000285 0.002171 -0.994951 
0.000444 0.001915 -0.984953 
0.000646 0.001620 -0.974956 
0.000873 0.001340 -0.964960 
0.001098 0.001106 -0.954964 
0.001297 0.000924 -0.944966 
0.001447 0.000784 -0.934967 
0.001536 0.000670 -0.924969 
0.001559 0.000560 -0.914970 
0.001516 0.000432 -0.904972 
0.001413 0.000271 -0.894975 
0.001265 0.000063 -0.884980 
0.001087 -0.000198 -0.874986 
0.000898 -0.000508 -0.864994 
0.000710 -0.000856 -0.855003 
0.000536 -0.001225 -0.845013 
0.000381 -0.001590 -0.835024 
0.000240 -0.001922 -0.825034 
0.000108 -0.002173 -0.815041 
-0.000034 -0.002312 -0.805046 
-0.000201 -0.002331 -0.795047 
-0.000400 -0.002263 -0.785048 
-0.000615 -0.002157 -0.775049 
-0.000821 -0.002049 -0.765051 
-0.000993 -0.001951 -0.755052 
-0.001120 -0.001861 -0.745053 
-0.001197 -0.001767 -0.735054 
-0.001227 -0.001657 -0.725054 
-0.001215 -0.001519 -0.715055 
-0.001171 -0.001345 -0.705057 
-0.001107 -0.001128 -0.695059 
-0.001031 -0.000870 -0.685061 
-0.000953 -0.000578 -0.675065 
-0.000878 -0.000259 -0.665071 
-0.000815 0.000075 -0.655079 
-0.000766 0.000406 -0.645088 
-0.000728 0.000711 -0.635099 
-0.000694 0.000961 -0.625110 
-0.000644 0.001119 -0.615117 
-0.000557 0.001164 -0.605119 
-0.000423 0.001095 -0.595117 
-0.000244 0.000952 -0.585111 
-0.000037 0.000797 -0.575105 
0.000171 0.000668 -0.565101 
0.000354 0.000574 -0.555097 
0.000495 0.000506 -0.545095 
0.000583 0.000452 -0.535094 
0.000617 0.000397 -0.525094 
0.000599 0.000324 -0.515093 
0.000536 0.000223 -0.505094 
0.000441 0.000086 -0.495094 
0.000332 -0.000093 -0.485094 
0.000222 -0.000312 -0.475095 
0.000127 -0.000565 -0.465097 
0.000058 -0.000842 -0.455101 
0.000019 -0.001123 -0.445106 
0.000005 -0.001387 -0.435112 
0.000006 -0.001612 -0.425118 
0.000005 -0.001770 -0.415121 
-0.000015 -0.001857 -0.405120 
-0.000055 -0.001883 -0.395116 
-0.000106 -0.001878 -0.385110 
-0.000150 -0.001872 -0.375105 
-0.000175 -0.001865 -0.365101 
-0.000175 -0.001850 -0.355098 
-0.000156 -0.001814 -0.345095 
-0.000127 -0.001750 -0.335093 
-0.000099 -0.001657 -0.325091 
-0.000080 -0.001538 -0.315090 
-0.000077 -0.001396 -0.305090 
-0.000094 -0.001239 -0.295090 
-0.000131 -0.001075 -0.285091 
-0.000186 -0.000912 -0.275091 
-0.000255 -0.000757 -0.265092 
-0.000328 -0.000616 -0.255093 
-0.000397 -0.000494 -0.245095 
-0.000449 -0.000393 -0.235096 
-0.000479 -0.000316 -0.225096 
-0.000479 -0.000269 -0.215095 
-0.000448 -0.000249 -0.205091 
-0.000392 -0.000251 -0.195084 
-0.000322 -0.000263 -0.185077 
-0.000250 -0.000270 -0.175072 
-0.000184 -0.000271 -0.165068 
-0.000130 -0.000268 -0.155065 
-0.000088 -0.000261 -0.145062 
-0.000060 -0.000254 -0.135060 
-0.000044 -0.000248 -0.125059 
-0.000042 -0.000245 -0.115057 
-0.000053 -0.000248 -0.105055 
-0.000077 -0.000261 -0.095054 
-0.000107 -0.000285 -0.085053 
-0.000140 -0.000323 -0.075052 
-0.000170 -0.000372 -0.065051 
-0.000193 -0.000429 -0.055050 
-0.000204 -0.000486 -0.045050 
-0.000207 -0.000537 -0.035050 
-0.000203 -0.000573 -0.025050 
-0.000197 -0.000584 -0.015048 
-0.000194 -0.000573 -0.005045 
-0.000190 -0.000536 0.004960 
-0.000182 -0.000475 0.014964 
-0.000168 -0.000402 0.024967 
-0.000146 -0.000315 0.034968 
-0.000119 -0.000218 0.044969 
-0.000092 -0.000112 0.054970 
-0.000068 -0.000001 0.064971 
-0.000052 0.000110 0.074971 
-0.000045 0.000216 0.084972 
-0.000049 0.000314 0.094974 
-0.000063 0.000399 0.104975 
-0.000084 0.000469 0.114977 
-0.000108 0.000520 0.124978 
-0.000128 0.000554 0.134980 
-0.000136 0.000574 0.144982 
-0.000126 0.000584 0.154984 
-0.000092 0.000592 0.164987 
-0.000034 0.000603 0.174991 
0.000045 0.000626 0.184996 
0.000136 0.000669 0.195003 
0.000223 0.000722 0.205011 
0.000288 0.000775 0.215015 
0.000323 0.000816 0.225016 
0.000325 0.000831 0.235015 
0.000301 0.000824 0.245015 
0.000258 0.000795 0.255015 
0.000206 0.000742 0.265016 
0.000156 0.000664 0.275017 
0.000115 0.000564 0.285017 
0.000090 0.000447 0.295018 
0.000082 0.000321 0.305019 
0.000092 0.000192 0.315019 
0.000115 0.000067 0.325019 
0.000148 -0.000048 0.335020 
0.000184 -0.000150 0.345021 
0.000217 -0.000236 0.355022 
0.000242 -0.000305 0.365025 
0.000254 -0.000360 0.375028 
0.000252 -0.000401 0.385033 
0.000240 -0.000425 0.395040 
0.000227 -0.000415 0.405045 
0.000219 -0.000352 0.415047 
0.000217 -0.000235 0.425046 
0.000211 -0.000061 0.435042 
0.000189 0.000146 0.445038 
0.000148 0.000367 0.455034 
0.000085 0.000587 0.465032 
0.000004 0.000793 0.475030 
-0.000089 0.000976 0.485028 
-0.000183 0.001129 0.495028 
-0.000266 0.001248 0.505029 
-0.000328 0.001334 0.515031 
-0.000359 0.001392 0.525033 
-0.000354 0.001426 0.535036 
-0.000308 0.001443 0.545039 
-0.000219 0.001454 0.555042 
-0.000087 0.001471 0.565046 
0.000081 0.001511 0.575050 
0.000266 0.001581 0.585057 
0.000445 0.001662 0.595061 
0.000594 0.001714 0.605063 
0.000698 0.001705 0.615059 
0.000755 0.001624 0.625053 
0.000775 0.001473 0.635046 
0.000769 0.001272 0.645039 
0.000755 0.001033 0.655033 
0.000745 0.000769 0.665029 
0.000750 0.000493 0.675025 
0.000771 0.000221 0.685023 
0.000809 -0.000035 0.695022 
0.000858 -0.000262 0.705021 
0.000909 -0.000451 0.715020 
0.000948 -0.000602 0.725019 
0.000964 -0.000719 0.735018 
0.000947 -0.000811 0.745019 
0.000890 -0.000888 0.755019 
0.000792 -0.000963 0.765019 
0.000662 -0.001047 0.775020 
0.000519 -0.001145 0.785022 
0.000387 -0.001235 0.795025 
0.000283 -0.001264 0.805026 
0.000206 -0.001193 0.815024 
0.000140 -0.001024 0.825020 
0.000066 -0.000779 0.835013 
-0.000032 -0.000497 0.845006 
-0.000162 -0.000204 0.854999 
-0.000321 0.000075 0.864992 
-0.000498 0.000328 0.874986 
-0.000677 0.000545 0.884980 
-0.000844 0.000721 0.894976 
-0.000979 0.000860 0.904973 
-0.001067 0.000970 0.914972 
-0.001100 0.001063 0.924972 
-0.001075 0.001155 0.934971 
-0.000993 0.001259 0.944971 
-0.000861 0.001388 0.954969 
-0.000695 0.001549 0.964967 
-0.000512 0.001743 0.974965 
-0.000336 0.001956 0.984964 
-0.000188 0.002150 0.994962 
-0.000073 0.002273 1.004960 
0.000015 0.002303 1.014958 
0.000090 0.002256 1.024955 
0.000164 0.002155 1.034953 
0.000243 0.002025 1.044951 
0.000330 0.001882 1.054949 
0.000424 0.001736 1.064948 
0.000524 0.001595 1.074948 
0.000628 0.001462 1.084948 
0.000734 0.001344 1.094948 
0.000839 0.001242 1.104950 
0.000937 0.001159 1.114950 
0.001025 0.001096 1.124950 
0.001097 0.001053 1.134950 
0.001147 0.001028 1.144951 
0.001172 0.001017 1.154951 
0.001171 0.001014 1.164950 
0.001146 0.001012 1.174950 
0.001101 0.001005 1.184951 
0.001042 0.000987 1.194950 
0.000978 0.000954 1.204951 
0.000916 0.000907 1.214951 
0.000862 0.000845 1.224951 
0.000820 0.000773 1.234952 
0.000792 0.000695 1.244953 
0.000778 0.000614 1.254954 
0.000777 0.000534 1.264956 
0.000786 0.000457 1.274958 
0.000805 0.000386 1.284959 
0.000829 0.000321 1.294962 
0.000859 0.000263 1.304964 
0.000893 0.000213 1.314966 
0.000927 0.000175 1.324968 
0.000960 0.000149 1.334971 
0.000985 0.000139 1.344973 
0.000997 0.000142 1.354975 
0.000994 0.000158 1.364977 
0.000970 0.000182 1.374979 
0.000926 0.000209 1.384980 
0.000863 0.000233 1.394981 
0.000787 0.000249 1.404981 
0.000702 0.000254 1.414983 
0.000616 0.000247 1.424983 
0.000533 0.000228 1.434983 
0.000461 0.000200 1.444984 
0.000402 0.000166 1.454984 
0.000358 0.000129 1.464985 
0.000330 0.000093 1.474985 
0.000317 0.000059 1.484986 
0.000319 0.000031 1.494986 
