300 
-0.000453 -0.000200 -1.494964 
-0.000472 -0.000176 -1.484961 
-0.000499 -0.000133 -1.474960 
-0.000536 -0.000075 -1.464959 
-0.000587 -0.000009 -1.454956 
-0.000651 0.000058 -1.444954 
-0.000724 0.000120 -1.434952 
-0.000803 0.000172 -1.424950 
-0.000883 0.000214 -1.414947 
-0.000959 0.000244 -1.404945 
-0.001028 0.000266 -1.394943 
-0.001088 0.000280 -1.384940 
-0.001139 0.000289 -1.374937 
-0.001181 0.000295 -1.364933 
-0.001214 0.000298 -1.354929 
-0.001240 0.000300 -1.344924 
-0.001259 0.000298 -1.334918 
-0.001269 0.000296 -1.324914 
-0.001268 0.000297 -1.314908 
-0.001257 0.000305 -1.304903 
-0.001238 0.000326 -1.294898 
-0.001213 0.000366 -1.284894 
-0.001188 0.000428 -1.274890 
-0.001167 0.000513 -1.264887 
-0.001154 0.000620 -1.254884 
-0.001153 0.000745 -1.244882 
-0.001167 0.000882 -1.234879 
-0.001195 0.001024 -1.224877 
-0.001235 0.001163 -1.214875 
-0.001284 0.001294 -1.204874 
-0.001337 0.001411 -1.194872 
-0.001389 0.001513 -1.184871 
-0.001433 0.001599 -1.174870 
-0.001464 0.001670 -1.164868 
-0.001480 0.001725 -1.154867 
-0.001477 0.001769 -1.144867 
-0.001454 0.001805 -1.134866 
-0.001408 0.001835 -1.124866 
-0.001336 0.001867 -1.114865 
-0.001236 0.001908 -1.104865 
-0.001107 0.001966 -1.094865 
-0.000952 0.002052 -1.084865 
-0.000778 0.002174 -1.074867 
-0.000594 0.002334 -1.064867 
-0.000410 0.002534 -1.054869 
-0.000239 0.002763 -1.044872 
-0.000086 0.002999 -1.034875 
0.000046 0.003208 -1.024879 
0.000169 0.003339 -1.014883 
0.000308 0.003327 -1.004887 
0.000485 0.003140 -0.994890 
0.000718 0.002807 -0.984894 
0.001005 0.002408 -0.974899 
0.001321 0.002026 -0.964906 
0.001629 0.001705 -0.954912 
0.001893 0.001450 -0.944915 
0.002085 0.001249 -0.934916 
0.002192 0.001080 -0.924916 
0.002207 0.000915 -0.914916 
0.002135 0.000725 -0.904918 
0.001986 0.000490 -0.894922 
0.001778 0.000193 -0.884928 
0.001534 -0.000174 -0.874938 
0.001276 -0.000608 -0.864951 
0.001023 -0.001095 -0.854966 
0.000790 -0.001613 -0.844984 
0.000585 -0.002130 -0.835003 
0.000402 -0.002605 -0.825019 
0.000231 -0.002975 -0.815030 
0.000045 -0.003181 -0.805036 
-0.000184 -0.003201 -0.795038 
-0.000465 -0.003086 -0.785040 
-0.000773 -0.002919 -0.775042 
-0.001068 -0.002757 -0.765046 
-0.001315 -0.002618 -0.755049 
-0.001492 -0.002497 -0.745051 
-0.001593 -0.002375 -0.735052 
-0.001622 -0.002233 -0.725052 
-0.001586 -0.002052 -0.715053 
-0.001502 -0.001816 -0.705056 
-0.001387 -0.001517 -0.695060 
-0.001257 -0.001155 -0.685065 
-0.001124 -0.000739 -0.675074 
-0.001000 -0.000277 -0.665086 
-0.000897 0.000213 -0.655100 
-0.000818 0.000708 -0.645117 
-0.000762 0.001173 -0.635136 
-0.000714 0.001570 -0.625153 
-0.000649 0.001847 -0.615164 
-0.000536 0.001957 -0.605167 
-0.000357 0.001894 -0.595162 
-0.000118 0.001714 -0.585153 
0.000155 0.001504 -0.575145 
0.000422 0.001327 -0.565138 
0.000646 0.001187 -0.555133 
0.000803 0.001074 -0.545129 
0.000886 0.000967 -0.535126 
0.000894 0.000847 -0.525125 
0.000835 0.000695 -0.515124 
0.000725 0.000499 -0.505125 
0.000581 0.000252 -0.495126 
0.000428 -0.000049 -0.485128 
0.000284 -0.000402 -0.475131 
0.000166 -0.000796 -0.465136 
0.000087 -0.001214 -0.455144 
0.000049 -0.001632 -0.445153 
0.000045 -0.002022 -0.435163 
0.000056 -0.002352 -0.425173 
0.000057 -0.002591 -0.415179 
0.000021 -0.002717 -0.405178 
-0.000057 -0.002742 -0.395173 
-0.000162 -0.002712 -0.385165 
-0.000262 -0.002676 -0.375158 
-0.000331 -0.002645 -0.365153 
-0.000359 -0.002606 -0.355149 
-0.000346 -0.002541 -0.345145 
-0.000305 -0.002434 -0.335142 
-0.000251 -0.002279 -0.325139 
-0.000197 -0.002078 -0.315138 
-0.000157 -0.001833 -0.305139 
-0.000139 -0.001554 -0.295141 
-0.000149 -0.001253 -0.285144 
-0.000189 -0.000943 -0.275147 
-0.000257 -0.000638 -0.265151 
-0.000342 -0.000352 -0.255155 
-0.000429 -0.000097 -0.245158 
-0.000500 0.000120 -0.235161 
-0.000540 0.000292 -0.225162 
-0.000538 0.000411 -0.215161 
-0.000488 0.000468 -0.205156 
-0.000401 0.000471 -0.195143 
-0.000297 0.000447 -0.185130 
-0.000202 0.000416 -0.175119 
-0.000131 0.000380 -0.165111 
-0.000089 0.000336 -0.155105 
-0.000075 0.000279 -0.145101 
-0.000084 0.000205 -0.135097 
-0.000108 0.000113 -0.125093 
-0.000142 0.000003 -0.115090 
-0.000182 -0.000126 -0.105086 
-0.000222 -0.000271 -0.095084 
-0.000254 -0.000431 -0.085082 
-0.000276 -0.000600 -0.075080 
-0.000284 -0.000772 -0.065078 
-0.000278 -0.000936 -0.055076 
-0.000261 -0.001084 -0.045075 
-0.000241 -0.001206 -0.035075 
-0.000227 -0.001297 -0.025075 
-0.000228 -0.001344 -0.015074 
-0.000245 -0.001347 -0.005069 
-0.000271 -0.001309 0.004940 
-0.000288 -0.001236 0.014948 
-0.000286 -0.001136 0.024954 
-0.000261 -0.001009 0.034957 
-0.000216 -0.000852 0.044958 
-0.000159 -0.000665 0.054959 
-0.000100 -0.000450 0.064960 
-0.000050 -0.000214 0.074960 
-0.000018 0.000032 0.084960 
-0.000009 0.000278 0.094962 
-0.000024 0.000511 0.104963 
-0.000060 0.000722 0.114965 
-0.000109 0.000903 0.124967 
-0.000158 0.001051 0.134970 
-0.000195 0.001166 0.144974 
-0.000206 0.001254 0.154978 
-0.000183 0.001323 0.164983 
-0.000122 0.001381 0.174989 
-0.000028 0.001440 0.184998 
0.000087 0.001501 0.195010 
0.000199 0.001554 0.205023 
0.000281 0.001583 0.215029 
0.000318 0.001573 0.225030 
0.000313 0.001519 0.235028 
0.000272 0.001426 0.245028 
0.000209 0.001293 0.255028 
0.000140 0.001118 0.265030 
0.000081 0.000901 0.275032 
0.000044 0.000652 0.285033 
0.000036 0.000381 0.295032 
0.000060 0.000105 0.305032 
0.000112 -0.000163 0.315031 
0.000183 -0.000408 0.325030 
0.000259 -0.000620 0.335031 
0.000327 -0.000794 0.345033 
0.000373 -0.000931 0.355035 
0.000388 -0.001035 0.365040 
0.000368 -0.001116 0.375045 
0.000319 -0.001178 0.385054 
0.000257 -0.001216 0.395065 
0.000203 -0.001207 0.405074 
0.000176 -0.001112 0.415075 
0.000176 -0.000921 0.425071 
0.000187 -0.000646 0.435064 
0.000188 -0.000317 0.445056 
0.000167 0.000043 0.455049 
0.000112 0.000411 0.465043 
0.000027 0.000768 0.475037 
-0.000085 0.001095 0.485033 
-0.000208 0.001381 0.495031 
-0.000328 0.001620 0.505031 
-0.000428 0.001809 0.515032 
-0.000497 0.001952 0.525035 
-0.000521 0.002057 0.535040 
-0.000494 0.002129 0.545046 
-0.000407 0.002183 0.555053 
-0.000260 0.002236 0.565060 
-0.000060 0.002310 0.575068 
0.000168 0.002413 0.585078 
0.000393 0.002518 0.595085 
0.000581 0.002569 0.605087 
0.000712 0.002518 0.615083 
0.000786 0.002351 0.625074 
0.000814 0.002088 0.635062 
0.000818 0.001757 0.645051 
0.000820 0.001374 0.655040 
0.000838 0.000959 0.665031 
0.000883 0.000533 0.675023 
0.000957 0.000115 0.685017 
0.001057 -0.000274 0.695012 
0.001170 -0.000617 0.705008 
0.001281 -0.000901 0.715005 
0.001365 -0.001126 0.725003 
0.001405 -0.001299 0.735002 
0.001381 -0.001433 0.745002 
0.001283 -0.001548 0.755002 
0.001116 -0.001665 0.765002 
0.000896 -0.001802 0.775003 
0.000658 -0.001962 0.785006 
0.000443 -0.002101 0.795010 
0.000278 -0.002129 0.805011 
0.000162 -0.001990 0.815008 
0.000070 -0.001697 0.825000 
-0.000029 -0.001301 0.834989 
-0.000160 -0.000852 0.844975 
-0.000335 -0.000393 0.854962 
-0.000551 0.000048 0.864949 
-0.000794 0.000449 0.874938 
-0.001044 0.000795 0.884928 
-0.001278 0.001082 0.894920 
-0.001472 0.001313 0.904917 
-0.001603 0.001500 0.914917 
-0.001658 0.001657 0.924918 
-0.001630 0.001804 0.934919 
-0.001519 0.001962 0.944920 
-0.001335 0.002146 0.954919 
-0.001096 0.002370 0.964915 
-0.000830 0.002638 0.974912 
-0.000573 0.002927 0.984909 
-0.000354 0.003175 0.994907 
-0.000186 0.003308 1.004905 
-0.000054 0.003290 1.014901 
0.000061 0.003152 1.024897 
0.000179 0.002942 1.034891 
0.000305 0.002704 1.044887 
0.000439 0.002464 1.054883 
0.000578 0.002239 1.064879 
0.000714 0.002039 1.074878 
0.000843 0.001868 1.084878 
0.000961 0.001725 1.094879 
0.001064 0.001610 1.104881 
0.001152 0.001519 1.114882 
0.001224 0.001448 1.124883 
0.001279 0.001397 1.134884 
0.001316 0.001364 1.144884 
0.001330 0.001346 1.154885 
0.001322 0.001335 1.164885 
0.001292 0.001327 1.174886 
0.001243 0.001313 1.184886 
0.001180 0.001286 1.194887 
0.001114 0.001243 1.204888 
0.001050 0.001182 1.214890 
0.000997 0.001104 1.224890 
0.000957 0.001014 1.234893 
0.000934 0.000915 1.244895 
0.000927 0.000815 1.254897 
0.000934 0.000717 1.264901 
0.000951 0.000625 1.274904 
0.000976 0.000542 1.284908 
0.001004 0.000467 1.294912 
0.001034 0.000401 1.304916 
0.001065 0.000345 1.314921 
0.001093 0.000298 1.324925 
0.001117 0.000263 1.334930 
0.001132 0.000240 1.344934 
0.001136 0.000231 1.354938 
0.001124 0.000233 1.364942 
0.001093 0.000243 1.374946 
0.001042 0.000256 1.384948 
0.000973 0.000268 1.394950 
0.000892 0.000273 1.404952 
0.000803 0.000269 1.414954 
0.000712 0.000255 1.424955 
0.000624 0.000232 1.434957 
0.000543 0.000202 1.444959 
0.000473 0.000166 1.454960 
0.000415 0.000129 1.464961 
0.000370 0.000093 1.474963 
0.000338 0.000059 1.484964 
0.000319 0.000031 1.494966 
