300 
-0.000486 -0.000048 -1.492519 
-0.000685 0.000433 -1.482432 
-0.000883 0.000930 -1.472342 
-0.001076 0.001441 -1.462250 
-0.001266 0.001959 -1.452157 
-0.001455 0.002489 -1.442062 
-0.001640 0.003023 -1.431964 
-0.001827 0.003561 -1.421863 
-0.002017 0.004103 -1.411762 
-0.002215 0.004647 -1.401661 
-0.002422 0.005190 -1.391560 
-0.002627 0.005728 -1.381458 
-0.002827 0.006260 -1.371351 
-0.003019 0.006784 -1.361241 
-0.003203 0.007298 -1.351130 
-0.003376 0.007806 -1.341019 
-0.003536 0.008307 -1.330908 
-0.003680 0.008806 -1.320796 
-0.003809 0.009300 -1.310682 
-0.003919 0.009797 -1.300568 
-0.004011 0.010297 -1.290454 
-0.004093 0.010814 -1.280347 
-0.004176 0.011361 -1.270243 
-0.004269 0.011931 -1.260144 
-0.004378 0.012521 -1.250044 
-0.004509 0.013129 -1.239943 
-0.004665 0.013743 -1.229843 
-0.004837 0.014346 -1.219743 
-0.005035 0.014932 -1.209639 
-0.005257 0.015490 -1.199535 
-0.005499 0.016012 -1.189432 
-0.005758 0.016482 -1.179334 
-0.006014 0.016894 -1.169242 
-0.006254 0.017243 -1.159153 
-0.006456 0.017526 -1.149069 
-0.006596 0.017753 -1.138985 
-0.006655 0.017948 -1.128904 
-0.006628 0.018119 -1.118821 
-0.006509 0.018283 -1.108736 
-0.006291 0.018464 -1.098657 
-0.005979 0.018687 -1.088588 
-0.005577 0.018992 -1.078523 
-0.005100 0.019390 -1.068472 
-0.004571 0.019905 -1.058438 
-0.004027 0.020554 -1.048421 
-0.003475 0.021371 -1.038437 
-0.002899 0.022408 -1.028518 
-0.002310 0.023528 -1.018653 
-0.001732 0.024214 -1.008710 
-0.001107 0.024144 -0.998687 
-0.000473 0.023237 -0.988649 
0.000140 0.021597 -0.978666 
0.000715 0.019582 -0.968722 
0.001218 0.017438 -0.958785 
0.001660 0.015282 -0.948829 
0.001998 0.013127 -0.938866 
0.002235 0.010952 -0.928906 
0.002366 0.008745 -0.918960 
0.002407 0.006490 -0.909028 
0.002366 0.004170 -0.899121 
0.002255 0.001781 -0.889240 
0.002081 -0.000699 -0.879391 
0.001848 -0.003263 -0.869574 
0.001566 -0.005945 -0.859811 
0.001265 -0.008750 -0.850104 
0.000973 -0.011770 -0.840512 
0.000689 -0.014883 -0.831006 
0.000442 -0.017785 -0.821457 
0.000145 -0.019903 -0.811664 
-0.000236 -0.020816 -0.801625 
-0.000712 -0.020536 -0.791505 
-0.001239 -0.019321 -0.781435 
-0.001722 -0.017596 -0.771434 
-0.002063 -0.015757 -0.761436 
-0.002256 -0.013914 -0.751427 
-0.002303 -0.012059 -0.741422 
-0.002226 -0.010154 -0.731429 
-0.002063 -0.008171 -0.721458 
-0.001833 -0.006090 -0.711519 
-0.001568 -0.003905 -0.701614 
-0.001300 -0.001614 -0.691742 
-0.001046 0.000776 -0.681904 
-0.000822 0.003251 -0.672098 
-0.000644 0.005810 -0.662322 
-0.000510 0.008428 -0.652582 
-0.000436 0.011113 -0.642882 
-0.000406 0.013855 -0.633235 
-0.000419 0.016456 -0.623548 
-0.000462 0.018490 -0.613648 
-0.000421 0.019541 -0.603519 
-0.000247 0.019458 -0.593290 
-0.000023 0.018331 -0.583121 
0.000197 0.016580 -0.573049 
0.000325 0.014630 -0.563018 
0.000359 0.012633 -0.552987 
0.000322 0.010600 -0.542977 
0.000223 0.008554 -0.532986 
0.000075 0.006480 -0.523021 
-0.000106 0.004362 -0.513081 
-0.000317 0.002189 -0.503164 
-0.000552 -0.000042 -0.493264 
-0.000797 -0.002325 -0.483382 
-0.001015 -0.004672 -0.473521 
-0.001197 -0.007075 -0.463683 
-0.001335 -0.009522 -0.453869 
-0.001401 -0.011986 -0.444070 
-0.001390 -0.014431 -0.434289 
-0.001321 -0.016742 -0.424487 
-0.001202 -0.018558 -0.414522 
-0.001139 -0.019467 -0.404357 
-0.001233 -0.019299 -0.394107 
-0.001439 -0.018210 -0.383920 
-0.001594 -0.016607 -0.373820 
-0.001569 -0.014817 -0.363780 
-0.001403 -0.012944 -0.353766 
-0.001157 -0.010981 -0.343785 
-0.000872 -0.008934 -0.333831 
-0.000573 -0.006806 -0.323905 
-0.000288 -0.004607 -0.314003 
-0.000057 -0.002337 -0.304119 
0.000117 -0.000014 -0.294250 
0.000233 0.002331 -0.284383 
0.000299 0.004696 -0.274522 
0.000308 0.007049 -0.264660 
0.000274 0.009393 -0.254804 
0.000190 0.011706 -0.244940 
0.000088 0.013985 -0.235072 
-0.000039 0.016159 -0.225172 
-0.000165 0.017962 -0.215143 
-0.000193 0.018969 -0.204939 
-0.000056 0.018938 -0.194661 
0.000112 0.017925 -0.184446 
0.000142 0.016247 -0.174351 
0.000056 0.014302 -0.164345 
-0.000080 0.012266 -0.154366 
-0.000252 0.010178 -0.144413 
-0.000440 0.008054 -0.134482 
-0.000630 0.005884 -0.124564 
-0.000812 0.003667 -0.114657 
-0.000994 0.001419 -0.104754 
-0.001147 -0.000878 -0.094862 
-0.001248 -0.003202 -0.084974 
-0.001294 -0.005553 -0.075096 
-0.001265 -0.007886 -0.065216 
-0.001178 -0.010196 -0.055333 
-0.001027 -0.012451 -0.045443 
-0.000833 -0.014604 -0.035540 
-0.000606 -0.016569 -0.025595 
-0.000421 -0.018106 -0.015518 
-0.000409 -0.018906 -0.005285 
-0.000622 -0.018861 0.004998 
-0.000710 -0.018051 0.015244 
-0.000576 -0.016596 0.025369 
-0.000323 -0.014740 0.035369 
-0.000058 -0.012692 0.045313 
0.000195 -0.010536 0.055232 
0.000411 -0.008294 0.065128 
0.000582 -0.006006 0.075019 
0.000695 -0.003673 0.084899 
0.000745 -0.001335 0.094780 
0.000742 0.001005 0.104656 
0.000690 0.003318 0.114536 
0.000601 0.005606 0.124422 
0.000480 0.007849 0.134326 
0.000349 0.010054 0.144244 
0.000218 0.012213 0.154178 
0.000105 0.014305 0.164138 
0.000016 0.016301 0.174123 
0.000020 0.018018 0.184204 
0.000135 0.019037 0.194421 
0.000308 0.019050 0.204701 
0.000331 0.018079 0.214916 
0.000186 0.016363 0.224970 
-0.000016 0.014311 0.234903 
-0.000211 0.012164 0.244801 
-0.000402 0.009955 0.254688 
-0.000568 0.007675 0.264564 
-0.000700 0.005367 0.274438 
-0.000790 0.003025 0.284306 
-0.000830 0.000675 0.294176 
-0.000822 -0.001681 0.304048 
-0.000744 -0.004011 0.313928 
-0.000616 -0.006306 0.323815 
-0.000447 -0.008541 0.333717 
-0.000247 -0.010706 0.343637 
-0.000030 -0.012785 0.353578 
0.000167 -0.014747 0.363550 
0.000299 -0.016545 0.373568 
0.000247 -0.018068 0.383674 
0.000076 -0.019085 0.393885 
-0.000011 -0.019306 0.404165 
0.000150 -0.018556 0.414392 
0.000430 -0.016951 0.424439 
0.000694 -0.014840 0.434326 
0.000868 -0.012517 0.444157 
0.000960 -0.010143 0.453998 
0.000985 -0.007728 0.463832 
0.000950 -0.005329 0.473681 
0.000869 -0.002948 0.483538 
0.000740 -0.000614 0.493409 
0.000594 0.001679 0.503292 
0.000435 0.003922 0.513193 
0.000278 0.006122 0.523116 
0.000141 0.008287 0.533060 
0.000032 0.010411 0.543026 
-0.000042 0.012514 0.553007 
-0.000063 0.014585 0.563005 
-0.000018 0.016581 0.573022 
0.000120 0.018333 0.583093 
0.000312 0.019418 0.593273 
0.000458 0.019530 0.603516 
0.000443 0.018565 0.613675 
0.000280 0.016668 0.623623 
0.000066 0.014262 0.633382 
-0.000120 0.011711 0.643111 
-0.000255 0.009165 0.652869 
-0.000321 0.006633 0.662648 
-0.000326 0.004120 0.672443 
-0.000279 0.001648 0.682254 
-0.000178 -0.000774 0.692085 
-0.000039 -0.003130 0.701936 
0.000106 -0.005421 0.711806 
0.000261 -0.007634 0.721697 
0.000404 -0.009767 0.731613 
0.000511 -0.011816 0.741556 
0.000565 -0.013773 0.751526 
0.000531 -0.015639 0.761526 
0.000383 -0.017443 0.771541 
0.000104 -0.019135 0.781589 
-0.000223 -0.020328 0.791707 
-0.000473 -0.020628 0.801876 
-0.000618 -0.019788 0.811967 
-0.000636 -0.017845 0.821833 
-0.000580 -0.015122 0.831449 
-0.000561 -0.012112 0.840985 
-0.000580 -0.009144 0.850588 
-0.000645 -0.006336 0.860281 
-0.000723 -0.003588 0.870012 
-0.000805 -0.000950 0.879790 
-0.000880 0.001616 0.889604 
-0.000932 0.004088 0.899458 
-0.000950 0.006490 0.909341 
-0.000922 0.008816 0.919255 
-0.000845 0.011087 0.929189 
-0.000699 0.013295 0.939140 
-0.000480 0.015462 0.949102 
-0.000183 0.017580 0.959066 
0.000179 0.019631 0.969030 
0.000623 0.021558 0.979003 
0.001112 0.023140 0.989016 
0.001601 0.024020 0.999086 
0.002049 0.024116 1.009140 
0.002430 0.023459 1.019103 
0.002750 0.022333 1.028979 
0.003116 0.021253 1.038903 
0.003517 0.020360 1.048890 
0.003947 0.019608 1.058906 
0.004388 0.018956 1.068937 
0.004827 0.018405 1.078985 
0.005244 0.017946 1.089046 
0.005627 0.017583 1.099115 
0.005959 0.017301 1.109184 
0.006223 0.017071 1.119255 
0.006407 0.016874 1.129330 
0.006505 0.016713 1.139403 
0.006510 0.016559 1.149479 
0.006428 0.016383 1.159560 
0.006268 0.016170 1.169644 
0.006044 0.015906 1.179729 
0.005780 0.015578 1.189815 
0.005503 0.015180 1.199903 
0.005234 0.014716 1.209989 
0.004983 0.014198 1.220076 
0.004756 0.013639 1.230163 
0.004561 0.013058 1.240249 
0.004408 0.012476 1.250334 
0.004291 0.011904 1.260423 
0.004194 0.011339 1.270517 
0.004112 0.010797 1.280616 
0.004031 0.010273 1.290720 
0.003940 0.009766 1.300828 
0.003838 0.009272 1.310936 
0.003720 0.008778 1.321041 
0.003583 0.008291 1.331146 
0.003429 0.007805 1.341249 
0.003259 0.007319 1.351349 
0.003075 0.006828 1.361444 
0.002883 0.006332 1.371534 
0.002678 0.005833 1.381619 
0.002467 0.005328 1.391704 
0.002259 0.004815 1.401790 
0.002057 0.004296 1.411878 
0.001853 0.003773 1.421966 
0.001650 0.003249 1.432053 
0.001446 0.002727 1.442138 
0.001239 0.002209 1.452225 
0.001029 0.001697 1.462312 
0.000809 0.001184 1.472399 
0.000584 0.000676 1.482488 
0.000356 0.000175 1.492574 
