300 
-0.000535 0.000350 -1.488875 
-0.000723 0.001173 -1.478681 
-0.000912 0.002017 -1.468485 
-0.001101 0.002874 -1.458288 
-0.001290 0.003735 -1.448093 
-0.001480 0.004602 -1.437896 
-0.001671 0.005469 -1.427698 
-0.001864 0.006337 -1.417498 
-0.002056 0.007207 -1.407298 
-0.002251 0.008077 -1.397100 
-0.002447 0.008948 -1.386904 
-0.002644 0.009815 -1.376708 
-0.002839 0.010680 -1.366510 
-0.003026 0.011547 -1.356311 
-0.003206 0.012415 -1.346112 
-0.003377 0.013286 -1.335914 
-0.003537 0.014169 -1.325722 
-0.003689 0.015064 -1.315527 
-0.003837 0.015969 -1.305330 
-0.003985 0.016887 -1.295134 
-0.004136 0.017816 -1.284940 
-0.004298 0.018767 -1.274753 
-0.004488 0.019749 -1.264576 
-0.004724 0.020756 -1.254405 
-0.005005 0.021768 -1.244237 
-0.005325 0.022774 -1.234064 
-0.005681 0.023754 -1.223891 
-0.006055 0.024687 -1.213714 
-0.006449 0.025567 -1.203530 
-0.006853 0.026383 -1.193343 
-0.007257 0.027131 -1.183153 
-0.007655 0.027804 -1.172964 
-0.008031 0.028392 -1.162778 
-0.008366 0.028891 -1.152594 
-0.008627 0.029308 -1.142411 
-0.008781 0.029654 -1.132227 
-0.008795 0.029975 -1.122044 
-0.008663 0.030277 -1.111865 
-0.008382 0.030617 -1.101687 
-0.007964 0.031037 -1.091520 
-0.007450 0.031589 -1.081368 
-0.006885 0.032305 -1.071234 
-0.006320 0.033179 -1.061120 
-0.005781 0.034213 -1.051034 
-0.005377 0.035417 -1.040959 
-0.004973 0.036971 -1.031025 
-0.004704 0.038698 -1.021155 
-0.004438 0.040060 -1.011193 
-0.004195 0.040539 -1.001059 
-0.003886 0.039792 -0.990851 
-0.003594 0.037939 -0.980713 
-0.003432 0.034986 -0.970779 
-0.003246 0.031428 -0.961025 
-0.003005 0.027554 -0.951377 
-0.002746 0.023573 -0.941758 
-0.002485 0.019546 -0.932150 
-0.002203 0.015442 -0.922581 
-0.001931 0.011290 -0.913035 
-0.001646 0.007089 -0.903523 
-0.001342 0.002846 -0.894040 
-0.000998 -0.001433 -0.884589 
-0.000636 -0.005719 -0.875152 
-0.000253 -0.010035 -0.865738 
0.000127 -0.014347 -0.856341 
0.000514 -0.018703 -0.846990 
0.000920 -0.023076 -0.837721 
0.001255 -0.027463 -0.828504 
0.001446 -0.031014 -0.818859 
0.001390 -0.033179 -0.808843 
0.001153 -0.034216 -0.798658 
0.000931 -0.033718 -0.788338 
0.000823 -0.031848 -0.778062 
0.000801 -0.028708 -0.768059 
0.000784 -0.025027 -0.758240 
0.000729 -0.021245 -0.748450 
0.000642 -0.017394 -0.738684 
0.000565 -0.013533 -0.728924 
0.000485 -0.009654 -0.719175 
0.000402 -0.005746 -0.709452 
0.000306 -0.001813 -0.699756 
0.000207 0.002123 -0.690074 
0.000101 0.006074 -0.680409 
-0.000010 0.010024 -0.670761 
-0.000111 0.013993 -0.661133 
-0.000215 0.017936 -0.651511 
-0.000332 0.021908 -0.641930 
-0.000455 0.025830 -0.632355 
-0.000566 0.029417 -0.622624 
-0.000548 0.031821 -0.612484 
-0.000457 0.033135 -0.602246 
-0.000544 0.032863 -0.591819 
-0.000367 0.031227 -0.581477 
-0.000289 0.028272 -0.571374 
-0.000298 0.024659 -0.561508 
-0.000301 0.021026 -0.551628 
-0.000324 0.017260 -0.541797 
-0.000354 0.013530 -0.531955 
-0.000401 0.009781 -0.522134 
-0.000436 0.006020 -0.512335 
-0.000473 0.002252 -0.502548 
-0.000522 -0.001519 -0.492767 
-0.000574 -0.005300 -0.482993 
-0.000615 -0.009077 -0.473229 
-0.000668 -0.012867 -0.463482 
-0.000737 -0.016643 -0.453735 
-0.000789 -0.020410 -0.443997 
-0.000870 -0.024147 -0.434282 
-0.000914 -0.027659 -0.424450 
-0.001004 -0.030159 -0.414301 
-0.001220 -0.031949 -0.404117 
-0.000977 -0.031878 -0.393636 
-0.001275 -0.030095 -0.383331 
-0.001416 -0.027483 -0.373087 
-0.001413 -0.023938 -0.363153 
-0.001368 -0.020340 -0.353248 
-0.001281 -0.016649 -0.343373 
-0.001190 -0.012952 -0.333508 
-0.001086 -0.009238 -0.323659 
-0.000986 -0.005513 -0.313825 
-0.000904 -0.001780 -0.304002 
-0.000820 0.001966 -0.294191 
-0.000730 0.005707 -0.284375 
-0.000646 0.009453 -0.274564 
-0.000569 0.013190 -0.264753 
-0.000512 0.016922 -0.254947 
-0.000476 0.020624 -0.245133 
-0.000435 0.024291 -0.235332 
-0.000401 0.027796 -0.225448 
-0.000280 0.030307 -0.215221 
-0.000116 0.032017 -0.204950 
-0.000117 0.031963 -0.194475 
0.000200 0.030178 -0.184187 
0.000342 0.027548 -0.173962 
0.000339 0.024040 -0.164033 
0.000310 0.020461 -0.154139 
0.000252 0.016815 -0.144260 
0.000190 0.013145 -0.134398 
0.000129 0.009467 -0.124535 
0.000073 0.005764 -0.114681 
0.000011 0.002075 -0.104823 
-0.000064 -0.001633 -0.094970 
-0.000134 -0.005340 -0.085116 
-0.000177 -0.009048 -0.075265 
-0.000211 -0.012750 -0.065416 
-0.000247 -0.016446 -0.055568 
-0.000257 -0.020100 -0.045707 
-0.000291 -0.023704 -0.035861 
-0.000315 -0.027134 -0.025923 
-0.000459 -0.029601 -0.015669 
-0.000795 -0.031636 -0.005432 
-0.000663 -0.031661 0.005082 
-0.001001 -0.029726 0.015367 
-0.001131 -0.027302 0.025659 
-0.001058 -0.023861 0.035631 
-0.000996 -0.020238 0.045507 
-0.000910 -0.016564 0.055381 
-0.000820 -0.012855 0.065232 
-0.000712 -0.009142 0.075086 
-0.000617 -0.005412 0.084932 
-0.000530 -0.001688 0.094777 
-0.000444 0.002053 0.104609 
-0.000366 0.005779 0.114447 
-0.000310 0.009508 0.124286 
-0.000265 0.013217 0.134138 
-0.000228 0.016917 0.143990 
-0.000188 0.020600 0.153849 
-0.000129 0.024214 0.163723 
-0.000057 0.027761 0.173624 
0.000133 0.030393 0.183843 
0.000495 0.032158 0.194144 
0.000586 0.032272 0.204623 
0.000808 0.030376 0.214904 
0.000855 0.027826 0.225125 
0.000782 0.024386 0.235061 
0.000694 0.020741 0.244882 
0.000594 0.017087 0.254725 
0.000510 0.013363 0.264543 
0.000425 0.009652 0.274375 
0.000344 0.005909 0.284197 
0.000275 0.002180 0.294026 
0.000205 -0.001572 0.303850 
0.000141 -0.005317 0.313683 
0.000097 -0.009048 0.323525 
0.000058 -0.012783 0.333366 
0.000024 -0.016484 0.343217 
0.000003 -0.020176 0.353074 
-0.000042 -0.023746 0.362971 
-0.000087 -0.027246 0.372905 
-0.000276 -0.029842 0.383161 
-0.000677 -0.031801 0.393433 
-0.000511 -0.032056 0.403939 
-0.000602 -0.030565 0.414267 
-0.000624 -0.028280 0.424553 
-0.000542 -0.024765 0.434425 
-0.000482 -0.021025 0.444178 
-0.000412 -0.017237 0.453939 
-0.000357 -0.013433 0.463702 
-0.000280 -0.009614 0.473464 
-0.000187 -0.005801 0.483233 
-0.000103 -0.001987 0.493006 
-0.000028 0.001828 0.502778 
0.000043 0.005640 0.512557 
0.000106 0.009443 0.522349 
0.000163 0.013242 0.532152 
0.000230 0.017015 0.541971 
0.000304 0.020820 0.551775 
0.000404 0.024479 0.561630 
0.000504 0.028147 0.571453 
0.000665 0.031087 0.581560 
0.000946 0.032684 0.591913 
0.000963 0.032988 0.602353 
0.000968 0.031651 0.612631 
0.000901 0.029197 0.622778 
0.000703 0.025701 0.632581 
0.000490 0.021871 0.642224 
0.000276 0.018003 0.651874 
0.000075 0.014149 0.661553 
-0.000127 0.010265 0.671226 
-0.000318 0.006400 0.680915 
-0.000501 0.002518 0.690605 
-0.000684 -0.001352 0.700304 
-0.000874 -0.005228 0.710005 
-0.001059 -0.009090 0.719722 
-0.001233 -0.012957 0.729443 
-0.001398 -0.016790 0.739188 
-0.001544 -0.020614 0.748946 
-0.001669 -0.024348 0.758745 
-0.001750 -0.028021 0.768565 
-0.001767 -0.031278 0.778541 
-0.001876 -0.033307 0.788808 
-0.001898 -0.033997 0.799165 
-0.001922 -0.033065 0.809407 
-0.001867 -0.031074 0.819523 
-0.001571 -0.027619 0.829214 
-0.001153 -0.023364 0.838492 
-0.000702 -0.019099 0.847800 
-0.000238 -0.014820 0.857172 
0.000251 -0.010575 0.866576 
0.000746 -0.006296 0.875985 
0.001220 -0.002025 0.885416 
0.001661 0.002246 0.894863 
0.002068 0.006513 0.904326 
0.002432 0.010756 0.913813 
0.002757 0.014954 0.923332 
0.003066 0.019135 0.932858 
0.003342 0.023231 0.942428 
0.003578 0.027281 0.952006 
0.003784 0.031172 0.961643 
0.003932 0.034770 0.971385 
0.004026 0.037784 0.981307 
0.004172 0.039702 0.991455 
0.004257 0.040518 1.001687 
0.004241 0.040118 1.011848 
0.004166 0.038823 1.021837 
0.004150 0.037148 1.031729 
0.004278 0.035611 1.041689 
0.004444 0.034395 1.051782 
0.004729 0.033276 1.061888 
0.005073 0.032243 1.072014 
0.005487 0.031298 1.082148 
0.005943 0.030473 1.092291 
0.006413 0.029786 1.102438 
0.006842 0.029210 1.112591 
0.007201 0.028750 1.122750 
0.007449 0.028379 1.132912 
0.007563 0.028052 1.143078 
0.007540 0.027709 1.153253 
0.007398 0.027328 1.163432 
0.007160 0.026891 1.173615 
0.006851 0.026376 1.183796 
0.006495 0.025777 1.193975 
0.006114 0.025093 1.204147 
0.005728 0.024323 1.214316 
0.005350 0.023481 1.224482 
0.004997 0.022586 1.234644 
0.004691 0.021660 1.244804 
0.004434 0.020724 1.254966 
0.004210 0.019776 1.265133 
0.004022 0.018837 1.275308 
0.003854 0.017904 1.285487 
0.003696 0.016977 1.295671 
0.003547 0.016064 1.305855 
0.003401 0.015152 1.316036 
0.003253 0.014249 1.326218 
0.003103 0.013358 1.336399 
0.002947 0.012480 1.346579 
0.002787 0.011612 1.356755 
0.002622 0.010753 1.366926 
0.002444 0.009903 1.377094 
0.002257 0.009057 1.387266 
0.002075 0.008208 1.397438 
0.001892 0.007358 1.407616 
0.001703 0.006505 1.417797 
0.001515 0.005652 1.427977 
0.001332 0.004800 1.438157 
0.001147 0.003949 1.448342 
0.000961 0.003098 1.458528 
0.000770 0.002244 1.468717 
0.000580 0.001393 1.478908 
0.000391 0.000549 1.489099 
