300 
-0.000453 -0.000200 -1.494994 
-0.000408 -0.000177 -1.484995 
-0.000373 -0.000131 -1.474993 
-0.000352 -0.000068 -1.464994 
-0.000349 0.000007 -1.454994 
-0.000365 0.000084 -1.444994 
-0.000398 0.000155 -1.434994 
-0.000444 0.000213 -1.424993 
-0.000497 0.000253 -1.414992 
-0.000551 0.000273 -1.404993 
-0.000601 0.000272 -1.394992 
-0.000642 0.000254 -1.384993 
-0.000672 0.000220 -1.374992 
-0.000689 0.000175 -1.364991 
-0.000692 0.000123 -1.354990 
-0.000682 0.000069 -1.344990 
-0.000662 0.000015 -1.334989 
-0.000631 -0.000034 -1.324988 
-0.000594 -0.000072 -1.314988 
-0.000553 -0.000098 -1.304987 
-0.000513 -0.000106 -1.294985 
-0.000478 -0.000095 -1.284984 
-0.000453 -0.000066 -1.274983 
-0.000442 -0.000019 -1.264982 
-0.000448 0.000041 -1.254982 
-0.000471 0.000109 -1.244981 
-0.000509 0.000180 -1.234980 
-0.000559 0.000249 -1.224980 
-0.000617 0.000312 -1.214980 
-0.000676 0.000367 -1.204980 
-0.000732 0.000412 -1.194979 
-0.000782 0.000449 -1.184980 
-0.000821 0.000478 -1.174979 
-0.000848 0.000499 -1.164979 
-0.000861 0.000512 -1.154979 
-0.000859 0.000521 -1.144979 
-0.000843 0.000525 -1.134979 
-0.000810 0.000528 -1.124980 
-0.000762 0.000534 -1.114980 
-0.000699 0.000546 -1.104981 
-0.000624 0.000571 -1.094981 
-0.000542 0.000611 -1.084981 
-0.000458 0.000671 -1.074981 
-0.000380 0.000750 -1.064980 
-0.000313 0.000844 -1.054980 
-0.000262 0.000944 -1.044980 
-0.000229 0.001039 -1.034981 
-0.000209 0.001111 -1.024982 
-0.000196 0.001141 -1.014982 
-0.000176 0.001116 -1.004983 
-0.000136 0.001037 -0.994984 
-0.000068 0.000918 -0.984984 
0.000030 0.000777 -0.974985 
0.000150 0.000641 -0.964986 
0.000279 0.000527 -0.954987 
0.000401 0.000443 -0.944988 
0.000502 0.000386 -0.934989 
0.000570 0.000346 -0.924990 
0.000601 0.000311 -0.914991 
0.000591 0.000267 -0.904991 
0.000544 0.000202 -0.894992 
0.000467 0.000107 -0.884993 
0.000369 -0.000023 -0.874995 
0.000263 -0.000186 -0.864998 
0.000155 -0.000375 -0.855001 
0.000054 -0.000578 -0.845004 
-0.000038 -0.000781 -0.835008 
-0.000121 -0.000968 -0.825012 
-0.000199 -0.001115 -0.815014 
-0.000277 -0.001206 -0.805016 
-0.000362 -0.001244 -0.795016 
-0.000456 -0.001241 -0.785016 
-0.000553 -0.001212 -0.775017 
-0.000641 -0.001169 -0.765017 
-0.000711 -0.001120 -0.755018 
-0.000756 -0.001064 -0.745018 
-0.000777 -0.000996 -0.735018 
-0.000775 -0.000911 -0.725018 
-0.000754 -0.000805 -0.715019 
-0.000721 -0.000675 -0.705019 
-0.000683 -0.000523 -0.695020 
-0.000645 -0.000351 -0.685022 
-0.000611 -0.000166 -0.675023 
-0.000583 0.000023 -0.665026 
-0.000563 0.000207 -0.655028 
-0.000550 0.000374 -0.645032 
-0.000540 0.000512 -0.635036 
-0.000526 0.000608 -0.625039 
-0.000499 0.000648 -0.615041 
-0.000448 0.000629 -0.605042 
-0.000367 0.000562 -0.595041 
-0.000259 0.000470 -0.585040 
-0.000130 0.000375 -0.575038 
0.000005 0.000298 -0.565036 
0.000130 0.000247 -0.555035 
0.000232 0.000220 -0.545034 
0.000300 0.000212 -0.535034 
0.000331 0.000210 -0.525034 
0.000322 0.000204 -0.515034 
0.000278 0.000183 -0.505034 
0.000207 0.000138 -0.495034 
0.000121 0.000065 -0.485034 
0.000033 -0.000038 -0.475034 
-0.000047 -0.000168 -0.465034 
-0.000110 -0.000316 -0.455036 
-0.000151 -0.000473 -0.445037 
-0.000173 -0.000624 -0.435040 
-0.000179 -0.000757 -0.425043 
-0.000178 -0.000856 -0.415044 
-0.000177 -0.000920 -0.405044 
-0.000178 -0.000959 -0.395042 
-0.000177 -0.000984 -0.385040 
-0.000169 -0.001003 -0.375037 
-0.000148 -0.001014 -0.365036 
-0.000115 -0.001012 -0.355035 
-0.000075 -0.000990 -0.345033 
-0.000035 -0.000945 -0.335032 
-0.000002 -0.000875 -0.325032 
0.000017 -0.000785 -0.315031 
0.000017 -0.000680 -0.305031 
-0.000004 -0.000567 -0.295031 
-0.000044 -0.000456 -0.285032 
-0.000101 -0.000354 -0.275032 
-0.000165 -0.000267 -0.265032 
-0.000230 -0.000200 -0.255032 
-0.000285 -0.000154 -0.245032 
-0.000324 -0.000128 -0.235032 
-0.000341 -0.000118 -0.225031 
-0.000335 -0.000123 -0.215030 
-0.000308 -0.000134 -0.205028 
-0.000264 -0.000143 -0.195026 
-0.000208 -0.000147 -0.185025 
-0.000148 -0.000146 -0.175023 
-0.000086 -0.000140 -0.165022 
-0.000029 -0.000128 -0.155021 
0.000020 -0.000113 -0.145021 
0.000058 -0.000096 -0.135020 
0.000081 -0.000080 -0.125020 
0.000089 -0.000068 -0.115019 
0.000081 -0.000062 -0.105019 
0.000060 -0.000065 -0.095019 
0.000028 -0.000080 -0.085018 
-0.000008 -0.000106 -0.075018 
-0.000044 -0.000143 -0.065018 
-0.000074 -0.000185 -0.055018 
-0.000096 -0.000228 -0.045018 
-0.000106 -0.000266 -0.035018 
-0.000106 -0.000293 -0.025018 
-0.000097 -0.000302 -0.015017 
-0.000081 -0.000295 -0.005016 
-0.000061 -0.000272 0.004985 
-0.000039 -0.000237 0.014986 
-0.000019 -0.000192 0.024987 
-0.000000 -0.000139 0.034988 
0.000015 -0.000080 0.044988 
0.000026 -0.000019 0.054989 
0.000033 0.000040 0.064989 
0.000035 0.000096 0.074990 
0.000031 0.000145 0.084990 
0.000020 0.000185 0.094991 
0.000004 0.000214 0.104992 
-0.000015 0.000229 0.114992 
-0.000033 0.000230 0.124993 
-0.000046 0.000217 0.134994 
-0.000048 0.000194 0.144995 
-0.000037 0.000166 0.154996 
-0.000009 0.000139 0.164997 
0.000033 0.000120 0.174999 
0.000087 0.000114 0.185001 
0.000146 0.000129 0.195003 
0.000200 0.000166 0.205006 
0.000241 0.000220 0.215008 
0.000261 0.000275 0.225008 
0.000259 0.000321 0.235008 
0.000238 0.000354 0.245008 
0.000200 0.000371 0.255008 
0.000154 0.000369 0.265008 
0.000106 0.000344 0.275009 
0.000064 0.000299 0.285009 
0.000033 0.000236 0.295009 
0.000015 0.000161 0.305009 
0.000011 0.000078 0.315010 
0.000020 -0.000007 0.325009 
0.000041 -0.000090 0.335010 
0.000069 -0.000167 0.345010 
0.000104 -0.000235 0.355010 
0.000143 -0.000290 0.365011 
0.000183 -0.000330 0.375012 
0.000221 -0.000353 0.385014 
0.000254 -0.000355 0.395015 
0.000279 -0.000336 0.405017 
0.000295 -0.000291 0.415018 
0.000299 -0.000218 0.425019 
0.000287 -0.000113 0.435018 
0.000257 0.000009 0.445016 
0.000209 0.000138 0.455015 
0.000145 0.000264 0.465014 
0.000069 0.000378 0.475013 
-0.000012 0.000476 0.485013 
-0.000090 0.000551 0.495013 
-0.000155 0.000604 0.505014 
-0.000201 0.000635 0.515014 
-0.000222 0.000646 0.525015 
-0.000213 0.000643 0.535017 
-0.000173 0.000630 0.545019 
-0.000102 0.000615 0.555020 
-0.000004 0.000605 0.565021 
0.000116 0.000611 0.575023 
0.000244 0.000637 0.585024 
0.000367 0.000673 0.595025 
0.000469 0.000709 0.605026 
0.000541 0.000728 0.615025 
0.000581 0.000716 0.625023 
0.000589 0.000670 0.635020 
0.000573 0.000592 0.645018 
0.000544 0.000487 0.655016 
0.000511 0.000358 0.665014 
0.000482 0.000214 0.675014 
0.000465 0.000063 0.685013 
0.000462 -0.000084 0.695013 
0.000471 -0.000218 0.705013 
0.000488 -0.000333 0.715013 
0.000507 -0.000425 0.725012 
0.000521 -0.000495 0.735012 
0.000525 -0.000547 0.745012 
0.000515 -0.000585 0.755012 
0.000492 -0.000616 0.765012 
0.000457 -0.000644 0.775012 
0.000418 -0.000671 0.785012 
0.000383 -0.000688 0.795013 
0.000356 -0.000682 0.805013 
0.000334 -0.000638 0.815013 
0.000311 -0.000547 0.825012 
0.000276 -0.000418 0.835010 
0.000223 -0.000269 0.845008 
0.000146 -0.000115 0.855006 
0.000048 0.000030 0.865003 
-0.000062 0.000156 0.875002 
-0.000174 0.000259 0.885000 
-0.000276 0.000336 0.894998 
-0.000355 0.000390 0.904998 
-0.000401 0.000430 0.914998 
-0.000411 0.000464 0.924998 
-0.000384 0.000502 0.934997 
-0.000324 0.000554 0.944997 
-0.000239 0.000626 0.954995 
-0.000140 0.000720 0.964994 
-0.000039 0.000831 0.974993 
0.000052 0.000948 0.984992 
0.000126 0.001052 0.994990 
0.000179 0.001125 1.004989 
0.000217 0.001157 1.014989 
0.000247 0.001142 1.024988 
0.000277 0.001087 1.034987 
0.000312 0.001006 1.044987 
0.000353 0.000909 1.054986 
0.000400 0.000804 1.064985 
0.000454 0.000700 1.074985 
0.000511 0.000600 1.084985 
0.000571 0.000509 1.094985 
0.000630 0.000432 1.104985 
0.000687 0.000370 1.114985 
0.000737 0.000325 1.124985 
0.000777 0.000299 1.134985 
0.000803 0.000291 1.144985 
0.000812 0.000299 1.154985 
0.000803 0.000318 1.164985 
0.000776 0.000343 1.174985 
0.000733 0.000368 1.184985 
0.000678 0.000389 1.194985 
0.000616 0.000400 1.204985 
0.000554 0.000399 1.214985 
0.000496 0.000386 1.224984 
0.000448 0.000361 1.234985 
0.000412 0.000327 1.244985 
0.000389 0.000285 1.254986 
0.000381 0.000238 1.264986 
0.000387 0.000187 1.274987 
0.000408 0.000136 1.284988 
0.000441 0.000087 1.294989 
0.000485 0.000044 1.304990 
0.000538 0.000010 1.314990 
0.000595 -0.000011 1.324991 
0.000652 -0.000015 1.334992 
0.000700 -0.000001 1.344993 
0.000735 0.000029 1.354993 
0.000751 0.000072 1.364995 
0.000743 0.000123 1.374995 
0.000712 0.000175 1.384994 
0.000659 0.000221 1.394996 
0.000591 0.000254 1.404995 
0.000515 0.000272 1.414995 
0.000438 0.000272 1.424995 
0.000369 0.000256 1.434995 
0.000313 0.000226 1.444995 
0.000275 0.000188 1.454996 
0.000257 0.000145 1.464996 
0.000260 0.000102 1.474996 
0.000281 0.000063 1.484996 
0.000319 0.000031 1.494995 
