300 
-0.000453 -0.000199 -1.494924 
-0.000496 -0.000170 -1.484922 
-0.000544 -0.000124 -1.474919 
-0.000601 -0.000065 -1.464916 
-0.000671 0.000002 -1.454912 
-0.000750 0.000071 -1.444909 
-0.000836 0.000135 -1.434905 
-0.000925 0.000192 -1.424900 
-0.001012 0.000242 -1.414895 
-0.001095 0.000285 -1.404890 
-0.001170 0.000323 -1.394885 
-0.001235 0.000358 -1.384880 
-0.001292 0.000391 -1.374873 
-0.001340 0.000424 -1.364865 
-0.001382 0.000457 -1.354857 
-0.001417 0.000486 -1.344847 
-0.001447 0.000508 -1.334836 
-0.001467 0.000525 -1.324826 
-0.001475 0.000542 -1.314817 
-0.001469 0.000562 -1.304808 
-0.001453 0.000593 -1.294800 
-0.001429 0.000641 -1.284793 
-0.001404 0.000711 -1.274785 
-0.001381 0.000803 -1.264779 
-0.001367 0.000916 -1.254774 
-0.001366 0.001048 -1.244769 
-0.001380 0.001192 -1.234765 
-0.001408 0.001343 -1.224761 
-0.001450 0.001498 -1.214756 
-0.001503 0.001650 -1.204752 
-0.001564 0.001799 -1.194749 
-0.001630 0.001941 -1.184747 
-0.001696 0.002073 -1.174744 
-0.001756 0.002192 -1.164742 
-0.001804 0.002295 -1.154740 
-0.001832 0.002382 -1.144737 
-0.001833 0.002454 -1.134736 
-0.001798 0.002515 -1.124733 
-0.001721 0.002575 -1.114731 
-0.001597 0.002644 -1.104731 
-0.001428 0.002735 -1.094731 
-0.001220 0.002861 -1.084732 
-0.000986 0.003029 -1.074733 
-0.000738 0.003241 -1.064735 
-0.000493 0.003495 -1.054737 
-0.000261 0.003778 -1.044741 
-0.000052 0.004065 -1.034745 
0.000138 0.004319 -1.024750 
0.000320 0.004484 -1.014755 
0.000523 0.004476 -1.004760 
0.000770 0.004262 -0.994762 
0.001080 0.003875 -0.984766 
0.001451 0.003399 -0.974774 
0.001853 0.002941 -0.964783 
0.002245 0.002547 -0.954791 
0.002583 0.002222 -0.944795 
0.002833 0.001950 -0.934796 
0.002973 0.001707 -0.924795 
0.002995 0.001460 -0.914794 
0.002901 0.001178 -0.904796 
0.002704 0.000834 -0.894802 
0.002427 0.000408 -0.884813 
0.002103 -0.000106 -0.874829 
0.001761 -0.000702 -0.864851 
0.001428 -0.001359 -0.854878 
0.001123 -0.002049 -0.844907 
0.000854 -0.002730 -0.834936 
0.000616 -0.003352 -0.824962 
0.000393 -0.003838 -0.814979 
0.000149 -0.004098 -0.804988 
-0.000153 -0.004122 -0.794991 
-0.000522 -0.003974 -0.784994 
-0.000928 -0.003752 -0.774999 
-0.001322 -0.003537 -0.765005 
-0.001660 -0.003353 -0.755010 
-0.001912 -0.003191 -0.745013 
-0.002065 -0.003029 -0.735013 
-0.002119 -0.002840 -0.725012 
-0.002081 -0.002597 -0.715012 
-0.001970 -0.002279 -0.705015 
-0.001811 -0.001871 -0.695021 
-0.001625 -0.001375 -0.685031 
-0.001434 -0.000805 -0.675046 
-0.001254 -0.000175 -0.665066 
-0.001102 0.000488 -0.655090 
-0.000983 0.001152 -0.645118 
-0.000892 0.001774 -0.635146 
-0.000814 0.002309 -0.625170 
-0.000715 0.002696 -0.615186 
-0.000561 0.002863 -0.605188 
-0.000329 0.002814 -0.595181 
-0.000027 0.002619 -0.585169 
0.000313 0.002374 -0.575157 
0.000645 0.002160 -0.565147 
0.000925 0.001981 -0.555141 
0.001126 0.001821 -0.545135 
0.001235 0.001656 -0.535132 
0.001250 0.001462 -0.525130 
0.001179 0.001214 -0.515130 
0.001039 0.000900 -0.505133 
0.000857 0.000511 -0.495137 
0.000662 0.000048 -0.485144 
0.000481 -0.000481 -0.475153 
0.000336 -0.001054 -0.465165 
0.000239 -0.001647 -0.455179 
0.000191 -0.002225 -0.445195 
0.000180 -0.002751 -0.435212 
0.000180 -0.003189 -0.425227 
0.000159 -0.003506 -0.415235 
0.000080 -0.003661 -0.405234 
-0.000063 -0.003682 -0.395228 
-0.000247 -0.003629 -0.385220 
-0.000427 -0.003561 -0.375212 
-0.000567 -0.003501 -0.365206 
-0.000647 -0.003431 -0.355200 
-0.000664 -0.003323 -0.345196 
-0.000631 -0.003157 -0.335191 
-0.000564 -0.002918 -0.325188 
-0.000483 -0.002606 -0.315187 
-0.000407 -0.002223 -0.305190 
-0.000352 -0.001782 -0.295196 
-0.000331 -0.001304 -0.285204 
-0.000351 -0.000813 -0.275212 
-0.000412 -0.000334 -0.265219 
-0.000498 0.000109 -0.255226 
-0.000588 0.000500 -0.245232 
-0.000658 0.000829 -0.235236 
-0.000688 0.001088 -0.225238 
-0.000662 0.001271 -0.215236 
-0.000578 0.001353 -0.205225 
-0.000449 0.001363 -0.195205 
-0.000305 0.001338 -0.185185 
-0.000177 0.001291 -0.175169 
-0.000081 0.001222 -0.165157 
-0.000025 0.001130 -0.155148 
-0.000009 0.001007 -0.145141 
-0.000026 0.000846 -0.135134 
-0.000068 0.000642 -0.125129 
-0.000123 0.000396 -0.115124 
-0.000181 0.000112 -0.105120 
-0.000229 -0.000205 -0.095117 
-0.000258 -0.000542 -0.085116 
-0.000265 -0.000883 -0.075115 
-0.000251 -0.001213 -0.065113 
-0.000220 -0.001514 -0.055112 
-0.000185 -0.001774 -0.045110 
-0.000159 -0.001981 -0.035109 
-0.000156 -0.002133 -0.025109 
-0.000184 -0.002221 -0.015106 
-0.000244 -0.002237 -0.005098 
-0.000318 -0.002203 0.004915 
-0.000382 -0.002129 0.014929 
-0.000416 -0.002014 0.024938 
-0.000415 -0.001856 0.034944 
-0.000381 -0.001647 0.044947 
-0.000318 -0.001383 0.054948 
-0.000243 -0.001065 0.064949 
-0.000170 -0.000698 0.074948 
-0.000119 -0.000297 0.084947 
-0.000099 0.000120 0.094947 
-0.000116 0.000531 0.104946 
-0.000166 0.000915 0.114946 
-0.000236 0.001255 0.124947 
-0.000307 0.001540 0.134950 
-0.000360 0.001769 0.144955 
-0.000375 0.001949 0.154962 
-0.000342 0.002089 0.164970 
-0.000256 0.002200 0.174980 
-0.000123 0.002294 0.184994 
0.000041 0.002365 0.195013 
0.000203 0.002415 0.205032 
0.000328 0.002422 0.215042 
0.000393 0.002351 0.225044 
0.000402 0.002213 0.235043 
0.000364 0.002013 0.245044 
0.000297 0.001749 0.255045 
0.000221 0.001421 0.265047 
0.000159 0.001035 0.275047 
0.000128 0.000606 0.285046 
0.000136 0.000158 0.295043 
0.000184 -0.000285 0.305040 
0.000264 -0.000696 0.315036 
0.000360 -0.001058 0.325035 
0.000453 -0.001361 0.335036 
0.000522 -0.001601 0.345039 
0.000555 -0.001783 0.355044 
0.000542 -0.001918 0.365050 
0.000482 -0.002020 0.375058 
0.000384 -0.002096 0.385069 
0.000268 -0.002143 0.395084 
0.000165 -0.002141 0.405095 
0.000100 -0.002036 0.415099 
0.000077 -0.001792 0.425092 
0.000078 -0.001442 0.435082 
0.000078 -0.001014 0.445071 
0.000057 -0.000535 0.455060 
0.000000 -0.000025 0.465050 
-0.000096 0.000488 0.475040 
-0.000229 0.000981 0.485031 
-0.000383 0.001430 0.495025 
-0.000538 0.001822 0.505022 
-0.000672 0.002149 0.515022 
-0.000764 0.002410 0.525026 
-0.000798 0.002610 0.535033 
-0.000763 0.002760 0.545043 
-0.000650 0.002876 0.555053 
-0.000459 0.002980 0.565064 
-0.000202 0.003099 0.575075 
0.000091 0.003241 0.585088 
0.000378 0.003368 0.595098 
0.000620 0.003417 0.605103 
0.000795 0.003327 0.615099 
0.000901 0.003068 0.625087 
0.000953 0.002681 0.635070 
0.000977 0.002199 0.645052 
0.001005 0.001645 0.655034 
0.001058 0.001045 0.665017 
0.001151 0.000429 0.675001 
0.001282 -0.000171 0.684987 
0.001442 -0.000725 0.694977 
0.001612 -0.001206 0.704969 
0.001763 -0.001601 0.714964 
0.001865 -0.001907 0.724961 
0.001893 -0.002139 0.734960 
0.001828 -0.002318 0.744960 
0.001664 -0.002470 0.754959 
0.001411 -0.002621 0.764959 
0.001095 -0.002793 0.774958 
0.000762 -0.002990 0.784962 
0.000461 -0.003146 0.794965 
0.000225 -0.003159 0.804966 
0.000054 -0.002955 0.814962 
-0.000083 -0.002538 0.824948 
-0.000225 -0.001984 0.834928 
-0.000404 -0.001355 0.844905 
-0.000638 -0.000699 0.854882 
-0.000927 -0.000057 0.864858 
-0.001253 0.000541 0.874836 
-0.001589 0.001070 0.884817 
-0.001901 0.001517 0.894803 
-0.002153 0.001885 0.904797 
-0.002317 0.002185 0.914796 
-0.002373 0.002434 0.924798 
-0.002315 0.002661 0.934801 
-0.002150 0.002888 0.944802 
-0.001895 0.003137 0.954800 
-0.001575 0.003421 0.964795 
-0.001226 0.003747 0.974790 
-0.000889 0.004092 0.984786 
-0.000598 0.004376 0.994783 
-0.000367 0.004522 1.004781 
-0.000180 0.004491 1.014777 
-0.000013 0.004308 1.024771 
0.000155 0.004042 1.034764 
0.000333 0.003740 1.044758 
0.000523 0.003432 1.054752 
0.000720 0.003138 1.064749 
0.000919 0.002872 1.074747 
0.001108 0.002642 1.084747 
0.001280 0.002451 1.094749 
0.001428 0.002298 1.104752 
0.001545 0.002177 1.114755 
0.001630 0.002080 1.124758 
0.001681 0.002004 1.134759 
0.001699 0.001942 1.144760 
0.001685 0.001889 1.154762 
0.001644 0.001838 1.164763 
0.001581 0.001787 1.174765 
0.001502 0.001729 1.184767 
0.001417 0.001661 1.194767 
0.001334 0.001583 1.204770 
0.001259 0.001493 1.214772 
0.001197 0.001393 1.224776 
0.001152 0.001287 1.234780 
0.001123 0.001177 1.244785 
0.001111 0.001070 1.254789 
0.001113 0.000967 1.264795 
0.001127 0.000870 1.274801 
0.001148 0.000782 1.284808 
0.001172 0.000703 1.294816 
0.001198 0.000633 1.304824 
0.001224 0.000571 1.314833 
0.001247 0.000517 1.324842 
0.001264 0.000472 1.334850 
0.001273 0.000437 1.344859 
0.001270 0.000412 1.354868 
0.001251 0.000396 1.364875 
0.001214 0.000386 1.374882 
0.001158 0.000378 1.384887 
0.001086 0.000368 1.394893 
0.001002 0.000352 1.404898 
0.000912 0.000329 1.414903 
0.000819 0.000298 1.424906 
0.000727 0.000262 1.434910 
0.000640 0.000222 1.444913 
0.000559 0.000180 1.454916 
0.000486 0.000139 1.464920 
0.000421 0.000099 1.474922 
0.000364 0.000063 1.484924 
0.000319 0.000031 1.494926 
