300 
-0.000453 -0.000200 -1.494996 
-0.000404 -0.000178 -1.484998 
-0.000364 -0.000132 -1.474996 
-0.000339 -0.000069 -1.464996 
-0.000332 0.000006 -1.454997 
-0.000345 0.000084 -1.444996 
-0.000374 0.000156 -1.434998 
-0.000417 0.000215 -1.424995 
-0.000467 0.000255 -1.414996 
-0.000518 0.000276 -1.404996 
-0.000566 0.000275 -1.394995 
-0.000605 0.000255 -1.384997 
-0.000632 0.000218 -1.374996 
-0.000645 0.000170 -1.364996 
-0.000644 0.000113 -1.354995 
-0.000630 0.000053 -1.344995 
-0.000604 -0.000006 -1.334994 
-0.000567 -0.000059 -1.324993 
-0.000523 -0.000102 -1.314994 
-0.000476 -0.000130 -1.304992 
-0.000429 -0.000141 -1.294992 
-0.000389 -0.000133 -1.284991 
-0.000360 -0.000106 -1.274991 
-0.000347 -0.000063 -1.264990 
-0.000351 -0.000008 -1.254989 
-0.000374 0.000054 -1.244989 
-0.000414 0.000116 -1.234989 
-0.000465 0.000174 -1.224989 
-0.000523 0.000224 -1.214989 
-0.000581 0.000263 -1.204988 
-0.000636 0.000292 -1.194988 
-0.000682 0.000312 -1.184988 
-0.000716 0.000324 -1.174989 
-0.000738 0.000330 -1.164988 
-0.000746 0.000332 -1.154988 
-0.000741 0.000330 -1.144988 
-0.000722 0.000326 -1.134988 
-0.000691 0.000323 -1.124989 
-0.000648 0.000323 -1.114989 
-0.000595 0.000329 -1.104989 
-0.000533 0.000346 -1.094989 
-0.000468 0.000377 -1.084989 
-0.000404 0.000424 -1.074989 
-0.000346 0.000487 -1.064989 
-0.000300 0.000564 -1.054988 
-0.000269 0.000646 -1.044988 
-0.000254 0.000725 -1.034989 
-0.000252 0.000786 -1.024989 
-0.000255 0.000813 -1.014990 
-0.000253 0.000797 -1.004991 
-0.000234 0.000739 -0.994992 
-0.000191 0.000647 -0.984992 
-0.000122 0.000541 -0.974992 
-0.000032 0.000438 -0.964993 
0.000067 0.000355 -0.954993 
0.000163 0.000297 -0.944994 
0.000245 0.000262 -0.934994 
0.000304 0.000242 -0.924994 
0.000335 0.000228 -0.914995 
0.000335 0.000207 -0.904995 
0.000306 0.000171 -0.894995 
0.000253 0.000111 -0.884996 
0.000183 0.000024 -0.874997 
0.000104 -0.000090 -0.864999 
0.000022 -0.000227 -0.855000 
-0.000056 -0.000378 -0.845002 
-0.000129 -0.000534 -0.835005 
-0.000195 -0.000682 -0.825007 
-0.000257 -0.000804 -0.815009 
-0.000317 -0.000886 -0.805010 
-0.000379 -0.000929 -0.795011 
-0.000445 -0.000939 -0.785011 
-0.000508 -0.000928 -0.775011 
-0.000562 -0.000903 -0.765011 
-0.000600 -0.000869 -0.755011 
-0.000619 -0.000823 -0.745011 
-0.000620 -0.000764 -0.735011 
-0.000607 -0.000688 -0.725011 
-0.000584 -0.000593 -0.715011 
-0.000556 -0.000479 -0.705012 
-0.000528 -0.000350 -0.695012 
-0.000505 -0.000209 -0.685013 
-0.000487 -0.000064 -0.675014 
-0.000476 0.000080 -0.665015 
-0.000471 0.000215 -0.655017 
-0.000470 0.000333 -0.645019 
-0.000470 0.000424 -0.635022 
-0.000464 0.000481 -0.625025 
-0.000446 0.000493 -0.615026 
-0.000406 0.000461 -0.605027 
-0.000342 0.000393 -0.595027 
-0.000253 0.000307 -0.585026 
-0.000147 0.000223 -0.575024 
-0.000035 0.000156 -0.565023 
0.000070 0.000115 -0.555022 
0.000157 0.000099 -0.545021 
0.000216 0.000102 -0.535021 
0.000243 0.000115 -0.525021 
0.000236 0.000129 -0.515021 
0.000198 0.000133 -0.505021 
0.000135 0.000119 -0.495021 
0.000059 0.000083 -0.485021 
-0.000022 0.000020 -0.475020 
-0.000097 -0.000067 -0.465021 
-0.000157 -0.000173 -0.455021 
-0.000200 -0.000290 -0.445023 
-0.000223 -0.000408 -0.435025 
-0.000231 -0.000516 -0.425027 
-0.000229 -0.000602 -0.415028 
-0.000223 -0.000663 -0.405028 
-0.000214 -0.000704 -0.395027 
-0.000200 -0.000734 -0.385025 
-0.000178 -0.000757 -0.375023 
-0.000145 -0.000772 -0.365022 
-0.000102 -0.000774 -0.355021 
-0.000055 -0.000756 -0.345020 
-0.000010 -0.000716 -0.335019 
0.000025 -0.000654 -0.325019 
0.000044 -0.000574 -0.315019 
0.000043 -0.000482 -0.305018 
0.000020 -0.000385 -0.295018 
-0.000022 -0.000291 -0.285019 
-0.000078 -0.000208 -0.275019 
-0.000142 -0.000142 -0.265019 
-0.000204 -0.000095 -0.255019 
-0.000257 -0.000066 -0.245019 
-0.000292 -0.000055 -0.235019 
-0.000307 -0.000057 -0.225019 
-0.000301 -0.000069 -0.215018 
-0.000274 -0.000085 -0.205017 
-0.000232 -0.000098 -0.195016 
-0.000179 -0.000106 -0.185015 
-0.000121 -0.000108 -0.175014 
-0.000062 -0.000103 -0.165013 
-0.000007 -0.000093 -0.155013 
0.000040 -0.000079 -0.145012 
0.000076 -0.000063 -0.135012 
0.000099 -0.000047 -0.125012 
0.000106 -0.000034 -0.115011 
0.000097 -0.000027 -0.105011 
0.000075 -0.000028 -0.095011 
0.000043 -0.000040 -0.085011 
0.000006 -0.000064 -0.075011 
-0.000032 -0.000098 -0.065011 
-0.000064 -0.000138 -0.055011 
-0.000086 -0.000180 -0.045011 
-0.000097 -0.000217 -0.035011 
-0.000097 -0.000245 -0.025011 
-0.000086 -0.000257 -0.015011 
-0.000069 -0.000252 -0.005010 
-0.000047 -0.000234 0.004991 
-0.000024 -0.000202 0.014991 
-0.000002 -0.000161 0.024992 
0.000017 -0.000112 0.034993 
0.000032 -0.000059 0.044993 
0.000042 -0.000006 0.054993 
0.000046 0.000044 0.064994 
0.000046 0.000089 0.074994 
0.000040 0.000127 0.084994 
0.000028 0.000154 0.094995 
0.000012 0.000170 0.104995 
-0.000007 0.000173 0.114996 
-0.000024 0.000162 0.124996 
-0.000036 0.000139 0.134997 
-0.000038 0.000108 0.144997 
-0.000028 0.000072 0.154998 
-0.000002 0.000040 0.164999 
0.000036 0.000016 0.175000 
0.000085 0.000006 0.185001 
0.000138 0.000018 0.195003 
0.000186 0.000052 0.205005 
0.000222 0.000102 0.215006 
0.000239 0.000158 0.225007 
0.000236 0.000208 0.235006 
0.000214 0.000249 0.245006 
0.000178 0.000277 0.255006 
0.000133 0.000286 0.265006 
0.000086 0.000276 0.275007 
0.000044 0.000245 0.285007 
0.000012 0.000196 0.295007 
-0.000007 0.000133 0.305007 
-0.000013 0.000062 0.315007 
-0.000005 -0.000015 0.325007 
0.000015 -0.000092 0.335007 
0.000046 -0.000165 0.345007 
0.000084 -0.000231 0.355007 
0.000129 -0.000285 0.365008 
0.000176 -0.000324 0.375009 
0.000222 -0.000346 0.385010 
0.000264 -0.000348 0.395010 
0.000296 -0.000328 0.405012 
0.000317 -0.000285 0.415013 
0.000324 -0.000216 0.425013 
0.000313 -0.000124 0.435012 
0.000282 -0.000018 0.445011 
0.000233 0.000090 0.455010 
0.000168 0.000192 0.465009 
0.000094 0.000282 0.475009 
0.000017 0.000354 0.485009 
-0.000055 0.000407 0.495009 
-0.000115 0.000439 0.505009 
-0.000156 0.000452 0.515009 
-0.000173 0.000450 0.525011 
-0.000164 0.000436 0.535011 
-0.000128 0.000415 0.545013 
-0.000065 0.000394 0.555013 
0.000022 0.000379 0.565014 
0.000127 0.000378 0.575015 
0.000239 0.000395 0.585017 
0.000346 0.000425 0.595017 
0.000435 0.000458 0.605018 
0.000499 0.000481 0.615017 
0.000533 0.000484 0.625015 
0.000537 0.000463 0.635013 
0.000519 0.000419 0.645012 
0.000485 0.000352 0.655011 
0.000445 0.000266 0.665010 
0.000407 0.000163 0.675009 
0.000377 0.000053 0.685009 
0.000360 -0.000060 0.695009 
0.000356 -0.000165 0.705009 
0.000364 -0.000257 0.715009 
0.000379 -0.000331 0.725009 
0.000395 -0.000389 0.735009 
0.000408 -0.000430 0.745009 
0.000414 -0.000459 0.755009 
0.000412 -0.000480 0.765009 
0.000402 -0.000497 0.775009 
0.000389 -0.000511 0.785010 
0.000378 -0.000517 0.795010 
0.000370 -0.000503 0.805010 
0.000363 -0.000461 0.815010 
0.000352 -0.000385 0.825009 
0.000329 -0.000283 0.835008 
0.000288 -0.000169 0.845006 
0.000227 -0.000056 0.855005 
0.000149 0.000047 0.865004 
0.000060 0.000133 0.875003 
-0.000029 0.000197 0.885002 
-0.000109 0.000241 0.895001 
-0.000170 0.000269 0.905001 
-0.000205 0.000286 0.915001 
-0.000210 0.000302 0.925001 
-0.000186 0.000326 0.935001 
-0.000137 0.000364 0.945000 
-0.000070 0.000420 0.954999 
0.000006 0.000497 0.964999 
0.000082 0.000589 0.974998 
0.000149 0.000686 0.984997 
0.000201 0.000773 0.994997 
0.000237 0.000834 1.004996 
0.000261 0.000861 1.014996 
0.000278 0.000850 1.024995 
0.000296 0.000806 1.034994 
0.000317 0.000740 1.044993 
0.000344 0.000660 1.054993 
0.000376 0.000573 1.064992 
0.000414 0.000485 1.074992 
0.000456 0.000399 1.084992 
0.000501 0.000320 1.094992 
0.000548 0.000252 1.104993 
0.000595 0.000198 1.114993 
0.000639 0.000160 1.124993 
0.000675 0.000140 1.134992 
0.000701 0.000139 1.144992 
0.000712 0.000154 1.154992 
0.000706 0.000182 1.164992 
0.000683 0.000217 1.174992 
0.000644 0.000253 1.184992 
0.000593 0.000285 1.194991 
0.000534 0.000308 1.204991 
0.000474 0.000318 1.214991 
0.000417 0.000316 1.224991 
0.000369 0.000300 1.234992 
0.000333 0.000274 1.244991 
0.000311 0.000238 1.254991 
0.000304 0.000194 1.264992 
0.000313 0.000147 1.274993 
0.000336 0.000098 1.284993 
0.000374 0.000050 1.294994 
0.000424 0.000009 1.304994 
0.000482 -0.000023 1.314995 
0.000545 -0.000040 1.324995 
0.000607 -0.000041 1.334995 
0.000660 -0.000024 1.344997 
0.000699 0.000010 1.354996 
0.000718 0.000057 1.364997 
0.000713 0.000112 1.374997 
0.000683 0.000167 1.384996 
0.000632 0.000216 1.394998 
0.000566 0.000252 1.404997 
0.000490 0.000271 1.414997 
0.000415 0.000272 1.424997 
0.000347 0.000256 1.434997 
0.000293 0.000227 1.444998 
0.000258 0.000188 1.454998 
0.000244 0.000145 1.464997 
0.000250 0.000102 1.474997 
0.000276 0.000063 1.484998 
0.000318 0.000031 1.494997 
