300 
-0.000453 -0.000200 -1.494992 
-0.000417 -0.000177 -1.484991 
-0.000390 -0.000132 -1.474990 
-0.000377 -0.000069 -1.464990 
-0.000381 0.000004 -1.454991 
-0.000404 0.000080 -1.444990 
-0.000443 0.000149 -1.434991 
-0.000494 0.000205 -1.424989 
-0.000551 0.000245 -1.414989 
-0.000609 0.000265 -1.404988 
-0.000663 0.000267 -1.394988 
-0.000707 0.000252 -1.384987 
-0.000741 0.000224 -1.374987 
-0.000762 0.000186 -1.364986 
-0.000770 0.000142 -1.354985 
-0.000768 0.000096 -1.344983 
-0.000755 0.000051 -1.334982 
-0.000733 0.000010 -1.324980 
-0.000704 -0.000023 -1.314979 
-0.000671 -0.000043 -1.304978 
-0.000638 -0.000047 -1.294976 
-0.000608 -0.000032 -1.284974 
-0.000587 0.000001 -1.274973 
-0.000578 0.000053 -1.264972 
-0.000584 0.000120 -1.254970 
-0.000605 0.000198 -1.244970 
-0.000641 0.000281 -1.234969 
-0.000688 0.000364 -1.224969 
-0.000743 0.000445 -1.214969 
-0.000801 0.000518 -1.204968 
-0.000859 0.000583 -1.194968 
-0.000911 0.000639 -1.184968 
-0.000953 0.000684 -1.174968 
-0.000984 0.000721 -1.164967 
-0.001000 0.000747 -1.154967 
-0.000999 0.000765 -1.144968 
-0.000980 0.000777 -1.134967 
-0.000942 0.000787 -1.124968 
-0.000883 0.000798 -1.114968 
-0.000807 0.000817 -1.104968 
-0.000714 0.000849 -1.094969 
-0.000610 0.000900 -1.084970 
-0.000504 0.000973 -1.074969 
-0.000402 0.001066 -1.064969 
-0.000312 0.001177 -1.054968 
-0.000240 0.001293 -1.044969 
-0.000187 0.001401 -1.034970 
-0.000149 0.001481 -1.024971 
-0.000118 0.001509 -1.014972 
-0.000078 0.001470 -1.004973 
-0.000014 0.001367 -0.994974 
0.000082 0.001214 -0.984975 
0.000212 0.001036 -0.974977 
0.000366 0.000861 -0.964978 
0.000527 0.000713 -0.954980 
0.000676 0.000600 -0.944982 
0.000796 0.000517 -0.934983 
0.000874 0.000454 -0.924984 
0.000904 0.000395 -0.914985 
0.000884 0.000324 -0.904986 
0.000818 0.000226 -0.894987 
0.000715 0.000092 -0.884989 
0.000588 -0.000084 -0.874992 
0.000452 -0.000299 -0.864997 
0.000316 -0.000542 -0.855002 
0.000191 -0.000800 -0.845007 
0.000078 -0.001053 -0.835013 
-0.000024 -0.001280 -0.825018 
-0.000120 -0.001452 -0.815022 
-0.000218 -0.001551 -0.805023 
-0.000329 -0.001584 -0.795024 
-0.000454 -0.001566 -0.785025 
-0.000587 -0.001518 -0.775025 
-0.000712 -0.001456 -0.765027 
-0.000816 -0.001391 -0.755027 
-0.000891 -0.001324 -0.745028 
-0.000933 -0.001247 -0.735029 
-0.000944 -0.001153 -0.725029 
-0.000928 -0.001036 -0.715029 
-0.000892 -0.000890 -0.705031 
-0.000844 -0.000714 -0.695032 
-0.000792 -0.000510 -0.685034 
-0.000741 -0.000287 -0.675036 
-0.000696 -0.000052 -0.665039 
-0.000661 0.000182 -0.655043 
-0.000635 0.000400 -0.645048 
-0.000614 0.000587 -0.635054 
-0.000592 0.000723 -0.625058 
-0.000555 0.000791 -0.615061 
-0.000492 0.000786 -0.605062 
-0.000395 0.000721 -0.595061 
-0.000266 0.000622 -0.585058 
-0.000114 0.000516 -0.575056 
0.000045 0.000428 -0.565054 
0.000191 0.000366 -0.555053 
0.000309 0.000329 -0.545051 
0.000389 0.000308 -0.535051 
0.000424 0.000290 -0.525051 
0.000414 0.000262 -0.515051 
0.000365 0.000214 -0.505051 
0.000286 0.000137 -0.495051 
0.000192 0.000027 -0.485052 
0.000097 -0.000118 -0.475051 
0.000011 -0.000291 -0.465052 
-0.000054 -0.000483 -0.455054 
-0.000094 -0.000680 -0.445057 
-0.000114 -0.000865 -0.435060 
-0.000119 -0.001023 -0.425064 
-0.000119 -0.001136 -0.415065 
-0.000124 -0.001204 -0.405064 
-0.000136 -0.001240 -0.395062 
-0.000149 -0.001260 -0.385059 
-0.000154 -0.001275 -0.375057 
-0.000147 -0.001282 -0.365055 
-0.000126 -0.001277 -0.355053 
-0.000095 -0.001251 -0.345051 
-0.000061 -0.001201 -0.335050 
-0.000031 -0.001124 -0.325049 
-0.000014 -0.001024 -0.315048 
-0.000014 -0.000907 -0.305048 
-0.000034 -0.000780 -0.295048 
-0.000074 -0.000651 -0.285049 
-0.000130 -0.000529 -0.275049 
-0.000196 -0.000423 -0.265049 
-0.000263 -0.000336 -0.255050 
-0.000321 -0.000271 -0.245049 
-0.000362 -0.000228 -0.235049 
-0.000381 -0.000205 -0.225048 
-0.000376 -0.000201 -0.215046 
-0.000348 -0.000206 -0.205043 
-0.000303 -0.000211 -0.195041 
-0.000246 -0.000212 -0.185038 
-0.000183 -0.000208 -0.175037 
-0.000119 -0.000198 -0.165035 
-0.000060 -0.000185 -0.155034 
-0.000010 -0.000168 -0.145033 
0.000029 -0.000150 -0.135032 
0.000054 -0.000133 -0.125031 
0.000062 -0.000120 -0.115030 
0.000055 -0.000114 -0.105029 
0.000034 -0.000119 -0.095029 
0.000003 -0.000135 -0.085028 
-0.000032 -0.000162 -0.075028 
-0.000067 -0.000200 -0.065027 
-0.000096 -0.000243 -0.055027 
-0.000116 -0.000286 -0.045027 
-0.000126 -0.000323 -0.035027 
-0.000126 -0.000349 -0.025026 
-0.000118 -0.000354 -0.015025 
-0.000104 -0.000342 -0.005024 
-0.000086 -0.000316 0.004978 
-0.000066 -0.000276 0.014979 
-0.000047 -0.000226 0.024981 
-0.000029 -0.000167 0.034982 
-0.000012 -0.000100 0.044982 
0.000001 -0.000031 0.054983 
0.000010 0.000040 0.064984 
0.000014 0.000108 0.074984 
0.000012 0.000171 0.084985 
0.000003 0.000225 0.094986 
-0.000013 0.000268 0.104987 
-0.000032 0.000297 0.114988 
-0.000051 0.000310 0.124989 
-0.000064 0.000308 0.134990 
-0.000066 0.000295 0.144991 
-0.000053 0.000275 0.154993 
-0.000022 0.000255 0.164995 
0.000025 0.000241 0.174997 
0.000086 0.000239 0.185000 
0.000152 0.000259 0.195003 
0.000213 0.000301 0.205006 
0.000260 0.000358 0.215009 
0.000285 0.000414 0.225010 
0.000285 0.000455 0.235010 
0.000264 0.000481 0.245010 
0.000226 0.000488 0.255010 
0.000179 0.000472 0.265011 
0.000131 0.000434 0.275012 
0.000089 0.000373 0.285012 
0.000059 0.000296 0.295013 
0.000042 0.000206 0.305013 
0.000041 0.000112 0.315013 
0.000051 0.000018 0.325013 
0.000072 -0.000071 0.335013 
0.000099 -0.000152 0.345014 
0.000130 -0.000222 0.355015 
0.000162 -0.000278 0.365016 
0.000194 -0.000319 0.375018 
0.000223 -0.000343 0.385019 
0.000246 -0.000347 0.395021 
0.000263 -0.000328 0.405023 
0.000271 -0.000283 0.415025 
0.000272 -0.000204 0.425026 
0.000260 -0.000086 0.435024 
0.000230 0.000056 0.445023 
0.000183 0.000207 0.455021 
0.000118 0.000359 0.465020 
0.000041 0.000502 0.475019 
-0.000044 0.000626 0.485019 
-0.000127 0.000726 0.495019 
-0.000198 0.000801 0.505019 
-0.000249 0.000850 0.515020 
-0.000271 0.000876 0.525022 
-0.000262 0.000884 0.535024 
-0.000217 0.000880 0.545026 
-0.000138 0.000870 0.555027 
-0.000027 0.000867 0.565029 
0.000109 0.000880 0.575031 
0.000255 0.000913 0.585033 
0.000394 0.000958 0.595034 
0.000510 0.000997 0.605035 
0.000592 0.001011 0.615034 
0.000638 0.000985 0.625031 
0.000650 0.000911 0.635028 
0.000637 0.000798 0.645025 
0.000613 0.000652 0.655022 
0.000588 0.000479 0.665020 
0.000570 0.000291 0.675019 
0.000566 0.000098 0.685017 
0.000576 -0.000086 0.695017 
0.000597 -0.000251 0.705017 
0.000624 -0.000390 0.715016 
0.000646 -0.000500 0.725016 
0.000658 -0.000584 0.735015 
0.000651 -0.000647 0.745016 
0.000624 -0.000697 0.755015 
0.000577 -0.000740 0.765015 
0.000515 -0.000780 0.775015 
0.000447 -0.000821 0.785015 
0.000386 -0.000852 0.795016 
0.000336 -0.000854 0.805017 
0.000296 -0.000809 0.815016 
0.000259 -0.000704 0.825015 
0.000211 -0.000547 0.835012 
0.000143 -0.000361 0.845009 
0.000049 -0.000165 0.855006 
-0.000069 0.000024 0.865002 
-0.000202 0.000193 0.874999 
-0.000338 0.000336 0.884997 
-0.000462 0.000447 0.894994 
-0.000560 0.000531 0.904993 
-0.000620 0.000594 0.914993 
-0.000635 0.000647 0.924992 
-0.000604 0.000703 0.934992 
-0.000533 0.000771 0.944990 
-0.000430 0.000859 0.954989 
-0.000308 0.000971 0.964987 
-0.000181 0.001103 0.974985 
-0.000064 0.001241 0.984983 
0.000032 0.001364 0.994982 
0.000105 0.001451 1.004980 
0.000159 0.001489 1.014980 
0.000203 0.001474 1.024979 
0.000247 0.001412 1.034978 
0.000295 0.001319 1.044978 
0.000352 0.001207 1.054976 
0.000415 0.001087 1.064975 
0.000486 0.000967 1.074975 
0.000561 0.000853 1.084975 
0.000637 0.000750 1.094975 
0.000712 0.000663 1.104976 
0.000781 0.000593 1.114976 
0.000841 0.000541 1.124976 
0.000888 0.000508 1.134976 
0.000919 0.000494 1.144976 
0.000929 0.000493 1.154976 
0.000920 0.000503 1.164976 
0.000890 0.000517 1.174976 
0.000844 0.000530 1.184976 
0.000786 0.000537 1.194976 
0.000722 0.000534 1.204975 
0.000659 0.000519 1.214976 
0.000601 0.000492 1.224976 
0.000553 0.000455 1.234977 
0.000518 0.000410 1.244977 
0.000496 0.000359 1.254978 
0.000488 0.000304 1.264978 
0.000493 0.000248 1.274979 
0.000511 0.000193 1.284981 
0.000539 0.000141 1.294981 
0.000578 0.000095 1.304983 
0.000624 0.000058 1.314984 
0.000674 0.000033 1.324986 
0.000723 0.000024 1.334987 
0.000766 0.000031 1.344988 
0.000795 0.000055 1.354988 
0.000806 0.000092 1.364990 
0.000794 0.000137 1.374990 
0.000760 0.000183 1.384991 
0.000705 0.000224 1.394992 
0.000636 0.000254 1.404991 
0.000557 0.000269 1.414992 
0.000478 0.000268 1.424992 
0.000406 0.000251 1.434992 
0.000347 0.000222 1.444993 
0.000304 0.000184 1.454993 
0.000280 0.000142 1.464993 
0.000276 0.000100 1.474993 
0.000289 0.000062 1.484993 
0.000318 0.000031 1.494992 
