300 
-0.000454 -0.000197 -1.494867 
-0.000548 -0.000147 -1.484863 
-0.000642 -0.000082 -1.474858 
-0.000737 -0.000005 -1.464853 
-0.000835 0.000082 -1.454848 
-0.000935 0.000175 -1.444841 
-0.001036 0.000269 -1.434833 
-0.001135 0.000362 -1.424825 
-0.001232 0.000454 -1.414817 
-0.001328 0.000549 -1.404809 
-0.001419 0.000646 -1.394800 
-0.001504 0.000747 -1.384791 
-0.001587 0.000851 -1.374781 
-0.001669 0.000959 -1.364768 
-0.001751 0.001070 -1.354753 
-0.001834 0.001176 -1.344737 
-0.001920 0.001269 -1.334720 
-0.001999 0.001350 -1.324705 
-0.002064 0.001421 -1.314688 
-0.002109 0.001489 -1.304673 
-0.002131 0.001561 -1.294659 
-0.002132 0.001649 -1.284646 
-0.002116 0.001762 -1.274635 
-0.002088 0.001904 -1.264624 
-0.002053 0.002078 -1.254615 
-0.002024 0.002284 -1.244606 
-0.002004 0.002516 -1.234599 
-0.002000 0.002765 -1.224593 
-0.002014 0.003023 -1.214586 
-0.002048 0.003278 -1.204579 
-0.002099 0.003521 -1.194573 
-0.002160 0.003745 -1.184568 
-0.002221 0.003941 -1.174562 
-0.002272 0.004107 -1.164556 
-0.002302 0.004241 -1.154552 
-0.002300 0.004347 -1.144547 
-0.002259 0.004433 -1.134543 
-0.002173 0.004507 -1.124539 
-0.002037 0.004578 -1.114536 
-0.001853 0.004659 -1.104535 
-0.001622 0.004763 -1.094535 
-0.001352 0.004900 -1.084537 
-0.001057 0.005079 -1.074539 
-0.000749 0.005303 -1.064541 
-0.000442 0.005566 -1.054543 
-0.000146 0.005859 -1.044547 
0.000131 0.006155 -1.034553 
0.000390 0.006409 -1.024561 
0.000644 0.006532 -1.014568 
0.000926 0.006446 -1.004572 
0.001265 0.006130 -0.994579 
0.001680 0.005621 -0.984590 
0.002162 0.004998 -0.974609 
0.002670 0.004376 -0.964627 
0.003154 0.003832 -0.954640 
0.003565 0.003374 -0.944648 
0.003864 0.002978 -0.934650 
0.004028 0.002614 -0.924650 
0.004051 0.002245 -0.914651 
0.003937 0.001833 -0.904656 
0.003701 0.001348 -0.894667 
0.003368 0.000768 -0.884686 
0.002973 0.000080 -0.874713 
0.002548 -0.000711 -0.864749 
0.002125 -0.001591 -0.854795 
0.001731 -0.002530 -0.844846 
0.001378 -0.003474 -0.834901 
0.001061 -0.004335 -0.824951 
0.000759 -0.004974 -0.814984 
0.000422 -0.005276 -0.804998 
-0.000001 -0.005256 -0.795006 
-0.000521 -0.005010 -0.785015 
-0.001094 -0.004667 -0.775029 
-0.001637 -0.004333 -0.765040 
-0.002084 -0.004059 -0.755046 
-0.002401 -0.003825 -0.745048 
-0.002580 -0.003597 -0.735046 
-0.002628 -0.003336 -0.725044 
-0.002564 -0.003007 -0.715043 
-0.002412 -0.002586 -0.705046 
-0.002205 -0.002056 -0.695055 
-0.001972 -0.001419 -0.685071 
-0.001736 -0.000692 -0.675094 
-0.001517 0.000111 -0.665124 
-0.001333 0.000963 -0.655162 
-0.001188 0.001828 -0.645205 
-0.001077 0.002657 -0.635251 
-0.000982 0.003375 -0.625290 
-0.000863 0.003879 -0.615310 
-0.000671 0.004083 -0.605309 
-0.000373 0.004024 -0.595297 
0.000013 0.003786 -0.585282 
0.000439 0.003476 -0.575268 
0.000841 0.003186 -0.565254 
0.001165 0.002935 -0.555243 
0.001385 0.002700 -0.545234 
0.001495 0.002451 -0.535229 
0.001499 0.002162 -0.525226 
0.001412 0.001804 -0.515225 
0.001251 0.001370 -0.505228 
0.001046 0.000849 -0.495236 
0.000828 0.000240 -0.485246 
0.000626 -0.000448 -0.475262 
0.000464 -0.001196 -0.465282 
0.000358 -0.001977 -0.455308 
0.000310 -0.002750 -0.445335 
0.000300 -0.003466 -0.435364 
0.000296 -0.004061 -0.425388 
0.000248 -0.004456 -0.415398 
0.000100 -0.004608 -0.405394 
-0.000153 -0.004584 -0.395385 
-0.000466 -0.004467 -0.385376 
-0.000765 -0.004331 -0.375367 
-0.000988 -0.004207 -0.365358 
-0.001109 -0.004077 -0.355350 
-0.001135 -0.003900 -0.345343 
-0.001091 -0.003649 -0.335337 
-0.001001 -0.003311 -0.325332 
-0.000891 -0.002887 -0.315331 
-0.000787 -0.002383 -0.305335 
-0.000710 -0.001813 -0.295344 
-0.000672 -0.001202 -0.285355 
-0.000683 -0.000576 -0.275367 
-0.000740 0.000040 -0.265378 
-0.000824 0.000622 -0.255389 
-0.000912 0.001152 -0.245400 
-0.000976 0.001615 -0.235408 
-0.000989 0.001980 -0.225410 
-0.000933 0.002201 -0.215398 
-0.000798 0.002264 -0.205371 
-0.000606 0.002244 -0.195337 
-0.000399 0.002195 -0.185302 
-0.000217 0.002113 -0.175273 
-0.000084 0.001984 -0.165255 
-0.000005 0.001814 -0.155242 
0.000020 0.001605 -0.145232 
0.000002 0.001347 -0.135224 
-0.000045 0.001038 -0.125216 
-0.000108 0.000680 -0.115209 
-0.000172 0.000275 -0.105204 
-0.000221 -0.000170 -0.095201 
-0.000243 -0.000642 -0.085200 
-0.000234 -0.001123 -0.075200 
-0.000198 -0.001594 -0.065200 
-0.000140 -0.002037 -0.055200 
-0.000077 -0.002436 -0.045201 
-0.000029 -0.002775 -0.035202 
-0.000017 -0.003029 -0.025202 
-0.000057 -0.003164 -0.015193 
-0.000148 -0.003190 -0.005173 
-0.000261 -0.003155 0.004855 
-0.000362 -0.003086 0.014885 
-0.000420 -0.002967 0.024905 
-0.000427 -0.002763 0.034914 
-0.000388 -0.002477 0.044918 
-0.000312 -0.002122 0.054921 
-0.000220 -0.001699 0.064922 
-0.000130 -0.001217 0.074922 
-0.000065 -0.000692 0.084921 
-0.000040 -0.000143 0.094920 
-0.000061 0.000404 0.104918 
-0.000122 0.000927 0.114917 
-0.000213 0.001405 0.124918 
-0.000309 0.001825 0.134922 
-0.000387 0.002186 0.144929 
-0.000423 0.002491 0.154938 
-0.000398 0.002745 0.164950 
-0.000305 0.002940 0.174966 
-0.000141 0.003063 0.184996 
0.000072 0.003129 0.195035 
0.000285 0.003175 0.205073 
0.000450 0.003169 0.215100 
0.000537 0.003031 0.225110 
0.000553 0.002759 0.235108 
0.000513 0.002396 0.245106 
0.000439 0.001968 0.255104 
0.000354 0.001477 0.265102 
0.000287 0.000934 0.275099 
0.000254 0.000355 0.285095 
0.000267 -0.000235 0.295089 
0.000327 -0.000809 0.305083 
0.000424 -0.001341 0.315079 
0.000539 -0.001811 0.325077 
0.000647 -0.002210 0.335078 
0.000727 -0.002534 0.345083 
0.000760 -0.002788 0.355088 
0.000731 -0.002985 0.365096 
0.000634 -0.003138 0.375109 
0.000475 -0.003243 0.385129 
0.000284 -0.003321 0.395153 
0.000112 -0.003356 0.405175 
0.000003 -0.003277 0.415190 
-0.000036 -0.002997 0.425189 
-0.000033 -0.002536 0.435175 
-0.000023 -0.001969 0.445159 
-0.000033 -0.001348 0.455144 
-0.000084 -0.000701 0.465131 
-0.000180 -0.000054 0.475119 
-0.000320 0.000565 0.485109 
-0.000487 0.001136 0.495103 
-0.000658 0.001643 0.505100 
-0.000810 0.002079 0.515103 
-0.000921 0.002446 0.525109 
-0.000973 0.002747 0.535122 
-0.000949 0.002989 0.545137 
-0.000834 0.003190 0.555153 
-0.000617 0.003377 0.565171 
-0.000303 0.003583 0.575189 
0.000072 0.003807 0.585207 
0.000448 0.004005 0.595222 
0.000765 0.004100 0.605233 
0.000984 0.004006 0.615237 
0.001102 0.003659 0.625224 
0.001155 0.003096 0.635196 
0.001180 0.002407 0.645162 
0.001212 0.001647 0.655130 
0.001278 0.000857 0.665101 
0.001386 0.000073 0.675076 
0.001535 -0.000673 0.685056 
0.001715 -0.001351 0.695040 
0.001900 -0.001938 0.705031 
0.002061 -0.002422 0.715024 
0.002160 -0.002803 0.725021 
0.002170 -0.003096 0.735021 
0.002065 -0.003325 0.745022 
0.001832 -0.003523 0.755022 
0.001475 -0.003726 0.765021 
0.001022 -0.003967 0.775020 
0.000532 -0.004239 0.785019 
0.000082 -0.004451 0.795019 
-0.000276 -0.004482 0.805019 
-0.000532 -0.004233 0.815012 
-0.000727 -0.003665 0.824987 
-0.000915 -0.002868 0.834944 
-0.001142 -0.001970 0.844898 
-0.001433 -0.001054 0.854852 
-0.001782 -0.000172 0.864807 
-0.002168 0.000643 0.874767 
-0.002557 0.001366 0.884735 
-0.002913 0.001988 0.894712 
-0.003197 0.002515 0.904698 
-0.003377 0.002961 0.914694 
-0.003431 0.003348 0.924696 
-0.003349 0.003704 0.934698 
-0.003133 0.004058 0.944699 
-0.002798 0.004437 0.954694 
-0.002372 0.004865 0.964685 
-0.001891 0.005350 0.974670 
-0.001412 0.005848 0.984653 
-0.000992 0.006271 0.994641 
-0.000656 0.006538 1.004636 
-0.000391 0.006597 1.014631 
-0.000163 0.006456 1.024624 
0.000064 0.006186 1.034616 
0.000303 0.005869 1.044606 
0.000554 0.005544 1.054600 
0.000813 0.005236 1.064595 
0.001074 0.004956 1.074594 
0.001329 0.004712 1.084595 
0.001572 0.004507 1.094596 
0.001795 0.004341 1.104599 
0.001991 0.004207 1.114601 
0.002153 0.004098 1.124604 
0.002277 0.004011 1.134606 
0.002356 0.003939 1.144608 
0.002389 0.003872 1.154611 
0.002377 0.003797 1.164613 
0.002328 0.003706 1.174618 
0.002251 0.003590 1.184621 
0.002161 0.003445 1.194624 
0.002074 0.003270 1.204628 
0.002002 0.003068 1.214632 
0.001950 0.002849 1.224636 
0.001920 0.002623 1.234642 
0.001912 0.002402 1.244648 
0.001921 0.002196 1.254655 
0.001936 0.002013 1.264663 
0.001951 0.001853 1.274673 
0.001957 0.001716 1.284684 
0.001950 0.001599 1.294696 
0.001928 0.001495 1.304708 
0.001893 0.001398 1.314723 
0.001846 0.001303 1.324737 
0.001791 0.001210 1.334751 
0.001730 0.001119 1.344765 
0.001664 0.001032 1.354777 
0.001590 0.000951 1.364790 
0.001508 0.000875 1.374800 
0.001414 0.000803 1.384808 
0.001313 0.000731 1.394817 
0.001209 0.000656 1.404824 
0.001104 0.000578 1.414831 
0.001000 0.000498 1.424838 
0.000897 0.000418 1.434844 
0.000798 0.000341 1.444850 
0.000702 0.000268 1.454855 
0.000606 0.000202 1.464860 
0.000509 0.000141 1.474865 
0.000412 0.000085 1.484868 
0.000319 0.000034 1.494871 
