300 
-0.000453 -0.000200 -1.494996 
-0.000402 -0.000178 -1.485000 
-0.000361 -0.000134 -1.474997 
-0.000334 -0.000070 -1.464997 
-0.000325 0.000004 -1.455000 
-0.000335 0.000082 -1.444996 
-0.000363 0.000154 -1.434999 
-0.000404 0.000213 -1.424997 
-0.000452 0.000254 -1.414997 
-0.000502 0.000275 -1.405000 
-0.000549 0.000274 -1.394997 
-0.000586 0.000254 -1.384998 
-0.000611 0.000216 -1.375000 
-0.000623 0.000166 -1.364997 
-0.000620 0.000108 -1.354999 
-0.000603 0.000045 -1.344997 
-0.000573 -0.000017 -1.334997 
-0.000532 -0.000072 -1.324998 
-0.000484 -0.000118 -1.314996 
-0.000431 -0.000148 -1.304997 
-0.000380 -0.000161 -1.294996 
-0.000335 -0.000154 -1.284994 
-0.000303 -0.000128 -1.274996 
-0.000286 -0.000086 -1.264995 
-0.000289 -0.000033 -1.254993 
-0.000311 0.000025 -1.244994 
-0.000350 0.000082 -1.234994 
-0.000401 0.000132 -1.224993 
-0.000458 0.000172 -1.214994 
-0.000516 0.000200 -1.204994 
-0.000568 0.000217 -1.194994 
-0.000611 0.000223 -1.184993 
-0.000640 0.000221 -1.174995 
-0.000656 0.000214 -1.164993 
-0.000658 0.000205 -1.154994 
-0.000647 0.000193 -1.144995 
-0.000625 0.000182 -1.134993 
-0.000592 0.000173 -1.124995 
-0.000551 0.000168 -1.114995 
-0.000504 0.000169 -1.104995 
-0.000452 0.000179 -1.094995 
-0.000399 0.000202 -1.084995 
-0.000350 0.000238 -1.074994 
-0.000309 0.000287 -1.064994 
-0.000280 0.000347 -1.054994 
-0.000266 0.000411 -1.044994 
-0.000266 0.000473 -1.034994 
-0.000279 0.000521 -1.024995 
-0.000296 0.000543 -1.014995 
-0.000309 0.000532 -1.004996 
-0.000308 0.000488 -0.994996 
-0.000285 0.000420 -0.984997 
-0.000241 0.000341 -0.974996 
-0.000178 0.000266 -0.964997 
-0.000105 0.000209 -0.954997 
-0.000030 0.000172 -0.944997 
0.000037 0.000155 -0.934997 
0.000087 0.000152 -0.924997 
0.000118 0.000154 -0.914998 
0.000127 0.000153 -0.904997 
0.000113 0.000140 -0.894998 
0.000081 0.000110 -0.884998 
0.000035 0.000059 -0.874998 
-0.000020 -0.000014 -0.864999 
-0.000079 -0.000106 -0.855000 
-0.000138 -0.000213 -0.845001 
-0.000195 -0.000327 -0.835003 
-0.000247 -0.000440 -0.825004 
-0.000295 -0.000539 -0.815005 
-0.000340 -0.000613 -0.805006 
-0.000384 -0.000659 -0.795006 
-0.000425 -0.000681 -0.785007 
-0.000461 -0.000685 -0.775006 
-0.000487 -0.000676 -0.765006 
-0.000498 -0.000654 -0.755007 
-0.000495 -0.000618 -0.745007 
-0.000480 -0.000567 -0.735006 
-0.000458 -0.000497 -0.725006 
-0.000434 -0.000412 -0.715006 
-0.000412 -0.000314 -0.705006 
-0.000396 -0.000205 -0.695007 
-0.000386 -0.000092 -0.685007 
-0.000384 0.000018 -0.675008 
-0.000387 0.000122 -0.665009 
-0.000395 0.000214 -0.655010 
-0.000404 0.000287 -0.645011 
-0.000412 0.000337 -0.635013 
-0.000414 0.000359 -0.625014 
-0.000403 0.000349 -0.615016 
-0.000373 0.000305 -0.605016 
-0.000322 0.000236 -0.595016 
-0.000250 0.000156 -0.585016 
-0.000164 0.000081 -0.575015 
-0.000071 0.000024 -0.565014 
0.000017 -0.000008 -0.555013 
0.000090 -0.000016 -0.545012 
0.000142 -0.000003 -0.535012 
0.000166 0.000023 -0.525012 
0.000162 0.000053 -0.515012 
0.000130 0.000079 -0.505012 
0.000076 0.000092 -0.495012 
0.000008 0.000087 -0.485012 
-0.000066 0.000060 -0.475012 
-0.000136 0.000010 -0.465011 
-0.000195 -0.000060 -0.455012 
-0.000238 -0.000143 -0.445013 
-0.000263 -0.000231 -0.435014 
-0.000273 -0.000317 -0.425016 
-0.000270 -0.000392 -0.415017 
-0.000259 -0.000450 -0.405017 
-0.000242 -0.000494 -0.395016 
-0.000217 -0.000528 -0.385015 
-0.000183 -0.000556 -0.375014 
-0.000139 -0.000574 -0.365012 
-0.000088 -0.000578 -0.355012 
-0.000035 -0.000564 -0.345011 
0.000013 -0.000529 -0.335011 
0.000049 -0.000475 -0.325010 
0.000067 -0.000404 -0.315010 
0.000064 -0.000324 -0.305010 
0.000039 -0.000242 -0.295010 
-0.000004 -0.000165 -0.285010 
-0.000061 -0.000100 -0.275010 
-0.000124 -0.000051 -0.265010 
-0.000184 -0.000021 -0.255011 
-0.000234 -0.000007 -0.245011 
-0.000268 -0.000009 -0.235011 
-0.000281 -0.000020 -0.225010 
-0.000275 -0.000039 -0.215010 
-0.000249 -0.000059 -0.205009 
-0.000209 -0.000075 -0.195009 
-0.000159 -0.000085 -0.185008 
-0.000103 -0.000089 -0.175007 
-0.000047 -0.000086 -0.165007 
0.000006 -0.000077 -0.155007 
0.000051 -0.000064 -0.145007 
0.000086 -0.000048 -0.135006 
0.000108 -0.000031 -0.125006 
0.000114 -0.000016 -0.115006 
0.000106 -0.000007 -0.105006 
0.000083 -0.000005 -0.095006 
0.000050 -0.000014 -0.085006 
0.000012 -0.000034 -0.075006 
-0.000027 -0.000064 -0.065006 
-0.000060 -0.000102 -0.055006 
-0.000084 -0.000141 -0.045006 
-0.000095 -0.000178 -0.035006 
-0.000095 -0.000206 -0.025006 
-0.000083 -0.000219 -0.015006 
-0.000064 -0.000217 -0.005006 
-0.000040 -0.000201 0.004995 
-0.000015 -0.000172 0.014995 
0.000008 -0.000134 0.024996 
0.000027 -0.000088 0.034996 
0.000042 -0.000040 0.044996 
0.000051 0.000007 0.054996 
0.000054 0.000050 0.064997 
0.000052 0.000087 0.074997 
0.000044 0.000115 0.084997 
0.000032 0.000132 0.094998 
0.000015 0.000137 0.104998 
-0.000003 0.000130 0.114998 
-0.000019 0.000109 0.124998 
-0.000030 0.000078 0.134999 
-0.000032 0.000039 0.144999 
-0.000022 -0.000002 0.154999 
0.000002 -0.000039 0.165000 
0.000038 -0.000066 0.175000 
0.000082 -0.000079 0.185002 
0.000130 -0.000070 0.195003 
0.000174 -0.000039 0.205004 
0.000205 0.000009 0.215005 
0.000220 0.000065 0.225005 
0.000216 0.000119 0.235005 
0.000195 0.000168 0.245004 
0.000160 0.000205 0.255004 
0.000117 0.000225 0.265004 
0.000071 0.000227 0.275005 
0.000030 0.000208 0.285004 
-0.000003 0.000172 0.295005 
-0.000024 0.000121 0.305005 
-0.000031 0.000059 0.315004 
-0.000025 -0.000010 0.325004 
-0.000005 -0.000081 0.335004 
0.000027 -0.000151 0.345005 
0.000069 -0.000215 0.355005 
0.000118 -0.000268 0.365005 
0.000171 -0.000307 0.375006 
0.000224 -0.000328 0.385007 
0.000272 -0.000329 0.395007 
0.000311 -0.000308 0.405008 
0.000337 -0.000265 0.415009 
0.000345 -0.000201 0.425009 
0.000334 -0.000119 0.435008 
0.000302 -0.000028 0.445007 
0.000252 0.000063 0.455007 
0.000188 0.000145 0.465006 
0.000115 0.000213 0.475006 
0.000042 0.000265 0.485005 
-0.000026 0.000297 0.495005 
-0.000080 0.000311 0.505006 
-0.000116 0.000309 0.515006 
-0.000130 0.000295 0.525007 
-0.000120 0.000272 0.535007 
-0.000086 0.000245 0.545008 
-0.000029 0.000218 0.555009 
0.000049 0.000199 0.565009 
0.000140 0.000192 0.575010 
0.000238 0.000202 0.585011 
0.000332 0.000226 0.595012 
0.000410 0.000256 0.605012 
0.000466 0.000283 0.615011 
0.000495 0.000298 0.625010 
0.000498 0.000299 0.635008 
0.000477 0.000283 0.645008 
0.000440 0.000250 0.655006 
0.000394 0.000200 0.665007 
0.000347 0.000134 0.675006 
0.000306 0.000057 0.685006 
0.000277 -0.000025 0.695006 
0.000262 -0.000105 0.705006 
0.000261 -0.000177 0.715006 
0.000271 -0.000237 0.725006 
0.000288 -0.000284 0.735006 
0.000308 -0.000316 0.745006 
0.000327 -0.000338 0.755006 
0.000342 -0.000350 0.765006 
0.000352 -0.000358 0.775007 
0.000361 -0.000361 0.785007 
0.000368 -0.000357 0.795007 
0.000377 -0.000339 0.805007 
0.000382 -0.000299 0.815007 
0.000381 -0.000237 0.825006 
0.000367 -0.000159 0.835005 
0.000337 -0.000077 0.845005 
0.000289 0.000001 0.855004 
0.000227 0.000067 0.865004 
0.000156 0.000117 0.875003 
0.000086 0.000150 0.885002 
0.000025 0.000166 0.895002 
-0.000021 0.000170 0.905002 
-0.000045 0.000169 0.915002 
-0.000046 0.000170 0.925002 
-0.000025 0.000181 0.935002 
0.000014 0.000207 0.945002 
0.000066 0.000251 0.955001 
0.000123 0.000313 0.965002 
0.000177 0.000389 0.975002 
0.000224 0.000469 0.985001 
0.000258 0.000541 0.995000 
0.000279 0.000594 1.005000 
0.000291 0.000619 1.014999 
0.000298 0.000614 1.024999 
0.000305 0.000583 1.034998 
0.000315 0.000533 1.044998 
0.000330 0.000470 1.054996 
0.000349 0.000400 1.064996 
0.000373 0.000326 1.074996 
0.000403 0.000253 1.084997 
0.000438 0.000184 1.094997 
0.000476 0.000124 1.104997 
0.000517 0.000075 1.114997 
0.000557 0.000043 1.124997 
0.000593 0.000028 1.134996 
0.000620 0.000032 1.144997 
0.000634 0.000054 1.154997 
0.000633 0.000089 1.164996 
0.000615 0.000132 1.174996 
0.000580 0.000177 1.184996 
0.000533 0.000218 1.194996 
0.000477 0.000249 1.204995 
0.000419 0.000268 1.214994 
0.000364 0.000273 1.224995 
0.000317 0.000264 1.234995 
0.000282 0.000242 1.244996 
0.000261 0.000209 1.254995 
0.000255 0.000169 1.264996 
0.000266 0.000123 1.274997 
0.000293 0.000074 1.284997 
0.000334 0.000028 1.294997 
0.000388 -0.000012 1.304996 
0.000451 -0.000043 1.314998 
0.000518 -0.000059 1.324997 
0.000583 -0.000058 1.334998 
0.000640 -0.000038 1.344998 
0.000681 -0.000002 1.354998 
0.000701 0.000047 1.365000 
0.000698 0.000104 1.374998 
0.000669 0.000160 1.384998 
0.000619 0.000210 1.395000 
0.000553 0.000247 1.404998 
0.000478 0.000267 1.414998 
0.000404 0.000268 1.424999 
0.000337 0.000253 1.434997 
0.000284 0.000224 1.445000 
0.000251 0.000186 1.454999 
0.000238 0.000143 1.464997 
0.000246 0.000101 1.474999 
0.000274 0.000062 1.485000 
0.000319 0.000031 1.494997 
