300 
-0.000542 0.000492 -1.488258 
-0.000728 0.001431 -1.478055 
-0.000913 0.002392 -1.467851 
-0.001096 0.003369 -1.457648 
-0.001278 0.004350 -1.447444 
-0.001460 0.005337 -1.437241 
-0.001642 0.006325 -1.427036 
-0.001828 0.007314 -1.416828 
-0.002013 0.008302 -1.406621 
-0.002200 0.009289 -1.396416 
-0.002387 0.010273 -1.386213 
-0.002576 0.011251 -1.376009 
-0.002761 0.012224 -1.365804 
-0.002938 0.013195 -1.355597 
-0.003106 0.014165 -1.345390 
-0.003265 0.015136 -1.335184 
-0.003413 0.016117 -1.324983 
-0.003554 0.017109 -1.314780 
-0.003693 0.018107 -1.304576 
-0.003834 0.019116 -1.294371 
-0.003982 0.020134 -1.284168 
-0.004144 0.021172 -1.273971 
-0.004341 0.022238 -1.263785 
-0.004587 0.023321 -1.253606 
-0.004884 0.024405 -1.243427 
-0.005225 0.025476 -1.233245 
-0.005605 0.026509 -1.223060 
-0.006002 0.027484 -1.212869 
-0.006421 0.028399 -1.202673 
-0.006850 0.029238 -1.192471 
-0.007276 0.030001 -1.182266 
-0.007692 0.030679 -1.172061 
-0.008081 0.031266 -1.161856 
-0.008422 0.031757 -1.151654 
-0.008684 0.032159 -1.141452 
-0.008831 0.032487 -1.131248 
-0.008827 0.032788 -1.121046 
-0.008668 0.033077 -1.110848 
-0.008354 0.033413 -1.100652 
-0.007907 0.033845 -1.090468 
-0.007373 0.034418 -1.080298 
-0.006809 0.035161 -1.070146 
-0.006264 0.036061 -1.060013 
-0.005770 0.037120 -1.049905 
-0.005420 0.038349 -1.039811 
-0.005044 0.039988 -1.029897 
-0.004878 0.041704 -1.019999 
-0.004694 0.042864 -1.009975 
-0.004487 0.043036 -0.999792 
-0.004238 0.042139 -0.989568 
-0.003996 0.040062 -0.979432 
-0.003880 0.036856 -0.969514 
-0.003749 0.032988 -0.959812 
-0.003542 0.028810 -0.950223 
-0.003307 0.024514 -0.940675 
-0.003052 0.020158 -0.931146 
-0.002762 0.015750 -0.921648 
-0.002471 0.011287 -0.912179 
-0.002150 0.006787 -0.902740 
-0.001804 0.002246 -0.893332 
-0.001405 -0.002311 -0.883948 
-0.000985 -0.006877 -0.874580 
-0.000540 -0.011446 -0.865222 
-0.000109 -0.016010 -0.855877 
0.000347 -0.020590 -0.846572 
0.000769 -0.025183 -0.837333 
0.001174 -0.029698 -0.828106 
0.001290 -0.033347 -0.818404 
0.001132 -0.035792 -0.808542 
0.001228 -0.036923 -0.798343 
0.001193 -0.036076 -0.787975 
0.001002 -0.033928 -0.777702 
0.000994 -0.030492 -0.767704 
0.000998 -0.026527 -0.757893 
0.000951 -0.022425 -0.748129 
0.000852 -0.018271 -0.738383 
0.000752 -0.014096 -0.728648 
0.000636 -0.009927 -0.718914 
0.000518 -0.005733 -0.709206 
0.000386 -0.001535 -0.699515 
0.000255 0.002664 -0.689839 
0.000122 0.006862 -0.680172 
-0.000003 0.011057 -0.670522 
-0.000109 0.015253 -0.660884 
-0.000214 0.019429 -0.651255 
-0.000303 0.023614 -0.641657 
-0.000409 0.027781 -0.632081 
-0.000449 0.031428 -0.622244 
-0.000280 0.034141 -0.612216 
-0.000356 0.035931 -0.602043 
-0.000761 0.035455 -0.591575 
-0.000466 0.033307 -0.581330 
-0.000392 0.030181 -0.571173 
-0.000416 0.026278 -0.561309 
-0.000422 0.022371 -0.551428 
-0.000443 0.018310 -0.541603 
-0.000469 0.014295 -0.531762 
-0.000504 0.010252 -0.521942 
-0.000526 0.006207 -0.512139 
-0.000552 0.002160 -0.502345 
-0.000590 -0.001887 -0.492557 
-0.000634 -0.005930 -0.482769 
-0.000675 -0.009976 -0.472994 
-0.000729 -0.014015 -0.463227 
-0.000803 -0.018058 -0.453469 
-0.000878 -0.022067 -0.443708 
-0.000993 -0.026099 -0.434001 
-0.001059 -0.029784 -0.424085 
-0.001336 -0.032761 -0.414117 
-0.001331 -0.035120 -0.404013 
-0.000733 -0.035105 -0.393471 
-0.001092 -0.032728 -0.383288 
-0.001403 -0.029401 -0.373199 
-0.001391 -0.025618 -0.363248 
-0.001367 -0.021722 -0.353333 
-0.001304 -0.017764 -0.343446 
-0.001245 -0.013794 -0.333564 
-0.001170 -0.009827 -0.323691 
-0.001093 -0.005854 -0.313830 
-0.001020 -0.001886 -0.303974 
-0.000940 0.002094 -0.294132 
-0.000844 0.006060 -0.284281 
-0.000743 0.010039 -0.274441 
-0.000638 0.013996 -0.264595 
-0.000539 0.017979 -0.254771 
-0.000467 0.021890 -0.244914 
-0.000370 0.025845 -0.235127 
-0.000287 0.029543 -0.225171 
-0.000023 0.032355 -0.215030 
0.000154 0.034916 -0.204947 
-0.000252 0.034799 -0.194406 
0.000047 0.032317 -0.184291 
0.000266 0.029360 -0.174112 
0.000270 0.025621 -0.164144 
0.000256 0.021766 -0.154243 
0.000214 0.017871 -0.144337 
0.000178 0.013936 -0.134456 
0.000139 0.010014 -0.124564 
0.000103 0.006066 -0.114680 
0.000056 0.002141 -0.104788 
-0.000006 -0.001801 -0.094901 
-0.000070 -0.005733 -0.085008 
-0.000119 -0.009673 -0.075123 
-0.000166 -0.013596 -0.065234 
-0.000229 -0.017535 -0.055356 
-0.000259 -0.021408 -0.045451 
-0.000347 -0.025290 -0.035603 
-0.000424 -0.028952 -0.025603 
-0.000738 -0.031863 -0.015485 
-0.001004 -0.034648 -0.005447 
-0.000363 -0.034666 0.005134 
-0.000737 -0.031972 0.015240 
-0.000994 -0.029075 0.025411 
-0.000970 -0.025403 0.035438 
-0.000956 -0.021494 0.045315 
-0.000901 -0.017581 0.055222 
-0.000853 -0.013619 0.065099 
-0.000779 -0.009678 0.074987 
-0.000707 -0.005717 0.084867 
-0.000634 -0.001771 0.094751 
-0.000550 0.002193 0.104619 
-0.000466 0.006141 0.114496 
-0.000390 0.010102 0.124366 
-0.000320 0.014039 0.134253 
-0.000250 0.017988 0.144127 
-0.000185 0.021899 0.154022 
-0.000094 0.025771 0.163903 
0.000011 0.029561 0.173842 
0.000275 0.032452 0.184045 
0.000644 0.035065 0.194141 
0.000375 0.035246 0.204689 
0.000608 0.032836 0.214844 
0.000819 0.029609 0.224878 
0.000774 0.025939 0.234854 
0.000733 0.022036 0.244683 
0.000669 0.018137 0.254545 
0.000620 0.014174 0.264385 
0.000566 0.010228 0.274240 
0.000508 0.006259 0.284090 
0.000453 0.002303 0.293949 
0.000394 -0.001669 0.303804 
0.000331 -0.005634 0.313669 
0.000273 -0.009592 0.323539 
0.000212 -0.013553 0.333409 
0.000146 -0.017499 0.343283 
0.000088 -0.021432 0.353164 
0.000000 -0.025276 0.363066 
-0.000108 -0.029049 0.373015 
-0.000424 -0.031983 0.383239 
-0.000871 -0.034682 0.393302 
-0.000263 -0.035036 0.403849 
-0.000273 -0.032732 0.414035 
-0.000518 -0.030043 0.424198 
-0.000477 -0.026356 0.434155 
-0.000459 -0.022305 0.443887 
-0.000423 -0.018287 0.453675 
-0.000390 -0.014216 0.463448 
-0.000333 -0.010159 0.473233 
-0.000250 -0.006094 0.483018 
-0.000166 -0.002034 0.492812 
-0.000081 0.002034 0.502601 
0.000008 0.006099 0.512396 
0.000091 0.010160 0.522201 
0.000172 0.014222 0.532013 
0.000259 0.018253 0.541840 
0.000348 0.022325 0.551648 
0.000463 0.026232 0.561510 
0.000566 0.030171 0.571340 
0.000743 0.033233 0.581517 
0.001167 0.035430 0.591741 
0.000935 0.035917 0.602229 
0.000757 0.034093 0.612456 
0.000812 0.031283 0.622487 
0.000672 0.027669 0.632372 
0.000488 0.023575 0.642008 
0.000302 0.019469 0.651664 
0.000117 0.015364 0.661345 
-0.000072 0.011237 0.671022 
-0.000255 0.007121 0.680712 
-0.000439 0.002994 0.690406 
-0.000631 -0.001131 0.700103 
-0.000836 -0.005258 0.709806 
-0.001043 -0.009389 0.719518 
-0.001248 -0.013519 0.729235 
-0.001445 -0.017642 0.738966 
-0.001621 -0.021742 0.748716 
-0.001768 -0.025786 0.758492 
-0.001872 -0.029742 0.768305 
-0.001905 -0.033279 0.778280 
-0.002114 -0.035655 0.788506 
-0.001926 -0.036628 0.798888 
-0.001686 -0.035572 0.809132 
-0.001770 -0.033327 0.819140 
-0.001562 -0.029753 0.828886 
-0.001135 -0.025336 0.838154 
-0.000711 -0.020831 0.847426 
-0.000214 -0.016329 0.856757 
0.000292 -0.011832 0.866113 
0.000825 -0.007308 0.875471 
0.001339 -0.002769 0.884841 
0.001822 0.001770 0.894228 
0.002269 0.006321 0.903621 
0.002668 0.010855 0.913037 
0.003023 0.015349 0.922484 
0.003356 0.019834 0.931934 
0.003646 0.024241 0.941429 
0.003885 0.028597 0.950936 
0.004086 0.032813 0.960500 
0.004214 0.036715 0.970190 
0.004285 0.040012 0.980081 
0.004408 0.042151 0.990222 
0.004458 0.043134 1.000465 
0.004419 0.043035 1.010667 
0.004278 0.041916 1.020714 
0.004170 0.040261 1.030633 
0.004254 0.038662 1.040571 
0.004349 0.037449 1.050689 
0.004567 0.036337 1.060821 
0.004846 0.035306 1.070972 
0.005208 0.034351 1.081130 
0.005636 0.033509 1.091295 
0.006097 0.032797 1.101462 
0.006534 0.032198 1.111635 
0.006915 0.031725 1.121811 
0.007192 0.031353 1.131991 
0.007335 0.031032 1.142177 
0.007333 0.030702 1.152371 
0.007205 0.030335 1.162570 
0.006975 0.029907 1.172771 
0.006668 0.029395 1.182972 
0.006310 0.028792 1.193168 
0.005919 0.028097 1.203358 
0.005518 0.027306 1.213542 
0.005121 0.026429 1.223721 
0.004750 0.025488 1.233894 
0.004427 0.024505 1.244066 
0.004159 0.023503 1.254238 
0.003930 0.022484 1.264417 
0.003741 0.021466 1.274601 
0.003577 0.020449 1.284789 
0.003427 0.019431 1.294981 
0.003288 0.018423 1.305174 
0.003155 0.017414 1.315362 
0.003021 0.016410 1.325551 
0.002886 0.015415 1.335738 
0.002746 0.014432 1.345924 
0.002601 0.013455 1.356106 
0.002452 0.012482 1.366283 
0.002290 0.011514 1.376456 
0.002117 0.010547 1.386633 
0.001949 0.009573 1.396809 
0.001779 0.008594 1.406991 
0.001603 0.007608 1.417177 
0.001428 0.006619 1.427361 
0.001260 0.005631 1.437545 
0.001090 0.004641 1.447733 
0.000920 0.003652 1.457924 
0.000744 0.002660 1.468117 
0.000567 0.001674 1.478313 
0.000390 0.000695 1.488508 
