300 
-0.000453 -0.000200 -1.494997 
-0.000401 -0.000179 -1.485000 
-0.000359 -0.000135 -1.475000 
-0.000332 -0.000072 -1.464997 
-0.000322 0.000002 -1.455001 
-0.000332 0.000080 -1.444999 
-0.000359 0.000151 -1.434999 
-0.000399 0.000210 -1.425001 
-0.000447 0.000252 -1.414997 
-0.000496 0.000272 -1.404999 
-0.000541 0.000271 -1.395001 
-0.000578 0.000251 -1.384998 
-0.000603 0.000214 -1.375000 
-0.000613 0.000163 -1.365000 
-0.000609 0.000104 -1.354999 
-0.000591 0.000040 -1.345001 
-0.000559 -0.000022 -1.334997 
-0.000516 -0.000079 -1.324999 
-0.000465 -0.000126 -1.315001 
-0.000410 -0.000157 -1.304997 
-0.000355 -0.000170 -1.294999 
-0.000307 -0.000164 -1.284997 
-0.000272 -0.000138 -1.274998 
-0.000253 -0.000097 -1.264999 
-0.000253 -0.000045 -1.254996 
-0.000274 0.000012 -1.244997 
-0.000312 0.000066 -1.234997 
-0.000362 0.000112 -1.224997 
-0.000419 0.000146 -1.214996 
-0.000475 0.000167 -1.204998 
-0.000525 0.000174 -1.194997 
-0.000565 0.000171 -1.184996 
-0.000590 0.000159 -1.174998 
-0.000600 0.000143 -1.164997 
-0.000596 0.000124 -1.154996 
-0.000580 0.000105 -1.144998 
-0.000553 0.000088 -1.134996 
-0.000518 0.000074 -1.124998 
-0.000476 0.000065 -1.114999 
-0.000431 0.000062 -1.104998 
-0.000384 0.000067 -1.094999 
-0.000340 0.000083 -1.084997 
-0.000302 0.000110 -1.074998 
-0.000274 0.000148 -1.064998 
-0.000258 0.000193 -1.054997 
-0.000257 0.000242 -1.044997 
-0.000270 0.000287 -1.034997 
-0.000294 0.000322 -1.024998 
-0.000322 0.000338 -1.014998 
-0.000347 0.000328 -1.004999 
-0.000359 0.000294 -0.994999 
-0.000354 0.000242 -0.984999 
-0.000329 0.000185 -0.974999 
-0.000287 0.000132 -0.964999 
-0.000233 0.000094 -0.954998 
-0.000175 0.000074 -0.944999 
-0.000121 0.000071 -0.934999 
-0.000076 0.000079 -0.924999 
-0.000045 0.000093 -0.914999 
-0.000029 0.000107 -0.904999 
-0.000030 0.000112 -0.894999 
-0.000046 0.000106 -0.884999 
-0.000073 0.000083 -0.874999 
-0.000109 0.000043 -0.865000 
-0.000151 -0.000014 -0.855000 
-0.000195 -0.000085 -0.845000 
-0.000239 -0.000165 -0.835001 
-0.000281 -0.000250 -0.825002 
-0.000319 -0.000330 -0.815003 
-0.000352 -0.000396 -0.805003 
-0.000381 -0.000444 -0.795004 
-0.000404 -0.000477 -0.785004 
-0.000418 -0.000493 -0.775004 
-0.000421 -0.000497 -0.765004 
-0.000412 -0.000485 -0.755004 
-0.000392 -0.000457 -0.745004 
-0.000367 -0.000411 -0.735003 
-0.000340 -0.000348 -0.725003 
-0.000317 -0.000271 -0.715003 
-0.000301 -0.000185 -0.705003 
-0.000294 -0.000093 -0.695003 
-0.000296 -0.000003 -0.685003 
-0.000306 0.000080 -0.675004 
-0.000321 0.000151 -0.665005 
-0.000340 0.000208 -0.655005 
-0.000357 0.000246 -0.645006 
-0.000372 0.000263 -0.635007 
-0.000378 0.000258 -0.625008 
-0.000373 0.000228 -0.615009 
-0.000351 0.000175 -0.605009 
-0.000310 0.000105 -0.595009 
-0.000252 0.000031 -0.585008 
-0.000181 -0.000037 -0.575008 
-0.000104 -0.000086 -0.565008 
-0.000029 -0.000112 -0.555007 
0.000035 -0.000113 -0.545007 
0.000082 -0.000092 -0.535006 
0.000106 -0.000056 -0.525006 
0.000104 -0.000013 -0.515006 
0.000078 0.000031 -0.505007 
0.000031 0.000066 -0.495006 
-0.000031 0.000085 -0.485006 
-0.000098 0.000085 -0.475006 
-0.000164 0.000065 -0.465006 
-0.000222 0.000024 -0.455006 
-0.000265 -0.000032 -0.445007 
-0.000293 -0.000097 -0.435008 
-0.000304 -0.000166 -0.425009 
-0.000301 -0.000231 -0.415009 
-0.000286 -0.000286 -0.405009 
-0.000261 -0.000332 -0.395009 
-0.000227 -0.000371 -0.385008 
-0.000183 -0.000403 -0.375007 
-0.000131 -0.000424 -0.365006 
-0.000073 -0.000431 -0.355006 
-0.000016 -0.000420 -0.345005 
0.000034 -0.000390 -0.335005 
0.000070 -0.000341 -0.325005 
0.000086 -0.000279 -0.315005 
0.000081 -0.000210 -0.305005 
0.000054 -0.000140 -0.295005 
0.000009 -0.000077 -0.285005 
-0.000049 -0.000027 -0.275005 
-0.000111 0.000008 -0.265005 
-0.000170 0.000025 -0.255005 
-0.000218 0.000026 -0.245005 
-0.000250 0.000015 -0.235005 
-0.000263 -0.000004 -0.225005 
-0.000256 -0.000027 -0.215005 
-0.000232 -0.000049 -0.205005 
-0.000194 -0.000067 -0.195004 
-0.000146 -0.000079 -0.185004 
-0.000093 -0.000083 -0.175004 
-0.000039 -0.000081 -0.165003 
0.000011 -0.000073 -0.155003 
0.000055 -0.000060 -0.145003 
0.000089 -0.000044 -0.135003 
0.000111 -0.000026 -0.125003 
0.000117 -0.000010 -0.115003 
0.000108 0.000003 -0.105003 
0.000086 0.000007 -0.095003 
0.000052 0.000002 -0.085003 
0.000013 -0.000014 -0.075003 
-0.000026 -0.000041 -0.065003 
-0.000061 -0.000075 -0.055003 
-0.000085 -0.000113 -0.045003 
-0.000097 -0.000148 -0.035003 
-0.000096 -0.000176 -0.025003 
-0.000084 -0.000190 -0.015003 
-0.000063 -0.000190 -0.005003 
-0.000037 -0.000175 0.004998 
-0.000011 -0.000148 0.014998 
0.000014 -0.000112 0.024998 
0.000034 -0.000069 0.034998 
0.000048 -0.000024 0.044998 
0.000057 0.000019 0.054999 
0.000059 0.000057 0.064999 
0.000055 0.000087 0.074998 
0.000047 0.000108 0.084999 
0.000034 0.000117 0.094999 
0.000017 0.000114 0.104999 
-0.000000 0.000099 0.114999 
-0.000016 0.000071 0.124999 
-0.000026 0.000033 0.135000 
-0.000027 -0.000012 0.145000 
-0.000017 -0.000057 0.155000 
0.000006 -0.000098 0.165000 
0.000039 -0.000128 0.175001 
0.000081 -0.000142 0.185001 
0.000125 -0.000135 0.195002 
0.000165 -0.000106 0.205003 
0.000193 -0.000060 0.215003 
0.000207 -0.000004 0.225003 
0.000202 0.000054 0.235003 
0.000182 0.000108 0.245003 
0.000148 0.000153 0.255003 
0.000106 0.000182 0.265003 
0.000062 0.000193 0.275003 
0.000020 0.000185 0.285003 
-0.000013 0.000160 0.295003 
-0.000035 0.000118 0.305003 
-0.000044 0.000064 0.315003 
-0.000039 0.000002 0.325003 
-0.000020 -0.000065 0.335003 
0.000013 -0.000131 0.345003 
0.000056 -0.000193 0.355003 
0.000108 -0.000245 0.365003 
0.000166 -0.000283 0.375004 
0.000224 -0.000303 0.385004 
0.000278 -0.000303 0.395005 
0.000321 -0.000282 0.405005 
0.000350 -0.000240 0.415005 
0.000360 -0.000179 0.425006 
0.000349 -0.000104 0.435005 
0.000316 -0.000024 0.445004 
0.000266 0.000053 0.455004 
0.000202 0.000119 0.465003 
0.000131 0.000171 0.475003 
0.000060 0.000205 0.485003 
-0.000003 0.000221 0.495003 
-0.000053 0.000220 0.505004 
-0.000084 0.000206 0.515003 
-0.000095 0.000182 0.525004 
-0.000083 0.000151 0.535004 
-0.000050 0.000118 0.545005 
0.000003 0.000088 0.555005 
0.000073 0.000065 0.565006 
0.000155 0.000054 0.575006 
0.000242 0.000058 0.585007 
0.000325 0.000077 0.595007 
0.000395 0.000104 0.605008 
0.000445 0.000134 0.615007 
0.000471 0.000160 0.625006 
0.000471 0.000177 0.635005 
0.000449 0.000184 0.645004 
0.000409 0.000178 0.655004 
0.000358 0.000155 0.665004 
0.000304 0.000118 0.675004 
0.000255 0.000069 0.685004 
0.000217 0.000011 0.695004 
0.000192 -0.000049 0.705004 
0.000183 -0.000106 0.715004 
0.000189 -0.000155 0.725004 
0.000205 -0.000193 0.735004 
0.000229 -0.000219 0.745004 
0.000257 -0.000235 0.755004 
0.000284 -0.000241 0.765004 
0.000311 -0.000242 0.775005 
0.000335 -0.000237 0.785005 
0.000357 -0.000226 0.795005 
0.000377 -0.000203 0.805005 
0.000392 -0.000167 0.815005 
0.000398 -0.000116 0.825004 
0.000391 -0.000059 0.835003 
0.000368 -0.000001 0.845003 
0.000330 0.000048 0.855003 
0.000281 0.000086 0.865003 
0.000225 0.000108 0.875003 
0.000170 0.000115 0.885002 
0.000123 0.000109 0.895001 
0.000090 0.000095 0.905002 
0.000074 0.000080 0.915002 
0.000076 0.000070 0.925002 
0.000095 0.000072 0.935002 
0.000127 0.000088 0.945002 
0.000166 0.000122 0.955002 
0.000208 0.000173 0.965002 
0.000246 0.000235 0.975002 
0.000277 0.000303 0.985002 
0.000297 0.000364 0.995001 
0.000308 0.000410 1.005001 
0.000311 0.000436 1.015000 
0.000311 0.000438 1.025001 
0.000310 0.000418 1.035000 
0.000311 0.000383 1.045000 
0.000316 0.000335 1.054998 
0.000325 0.000279 1.064999 
0.000340 0.000218 1.074998 
0.000360 0.000155 1.085000 
0.000387 0.000094 1.094999 
0.000419 0.000039 1.104999 
0.000457 -0.000005 1.115000 
0.000496 -0.000034 1.124999 
0.000532 -0.000045 1.134998 
0.000562 -0.000036 1.144999 
0.000580 -0.000010 1.154999 
0.000583 0.000031 1.164999 
0.000569 0.000080 1.174998 
0.000538 0.000131 1.184999 
0.000494 0.000178 1.194998 
0.000441 0.000216 1.204998 
0.000385 0.000241 1.214998 
0.000332 0.000250 1.224997 
0.000286 0.000245 1.234998 
0.000251 0.000226 1.244998 
0.000232 0.000195 1.254997 
0.000228 0.000155 1.264998 
0.000241 0.000110 1.274998 
0.000270 0.000062 1.284999 
0.000314 0.000015 1.294998 
0.000371 -0.000025 1.304998 
0.000436 -0.000055 1.314999 
0.000506 -0.000070 1.324998 
0.000573 -0.000068 1.335001 
0.000631 -0.000047 1.345000 
0.000674 -0.000010 1.354998 
0.000695 0.000040 1.365001 
0.000692 0.000097 1.374999 
0.000664 0.000154 1.384997 
0.000614 0.000204 1.395000 
0.000548 0.000241 1.404998 
0.000474 0.000262 1.414998 
0.000399 0.000264 1.425000 
0.000333 0.000249 1.434998 
0.000281 0.000221 1.445002 
0.000248 0.000183 1.455000 
0.000236 0.000141 1.464997 
0.000245 0.000099 1.475001 
0.000273 0.000061 1.485000 
0.000319 0.000031 1.494998 
