300 
-0.000465 -0.000110 -1.493388 
-0.000620 0.000277 -1.483328 
-0.000770 0.000680 -1.473267 
-0.000912 0.001097 -1.463203 
-0.001052 0.001526 -1.453139 
-0.001193 0.001970 -1.443072 
-0.001331 0.002420 -1.433003 
-0.001474 0.002876 -1.422931 
-0.001624 0.003339 -1.412858 
-0.001787 0.003804 -1.402786 
-0.001959 0.004268 -1.392714 
-0.002132 0.004726 -1.382640 
-0.002303 0.005178 -1.372562 
-0.002469 0.005621 -1.362480 
-0.002629 0.006054 -1.352394 
-0.002782 0.006476 -1.342309 
-0.002927 0.006885 -1.332222 
-0.003058 0.007282 -1.322136 
-0.003171 0.007670 -1.312047 
-0.003263 0.008053 -1.301960 
-0.003332 0.008435 -1.291874 
-0.003384 0.008830 -1.281791 
-0.003430 0.009251 -1.271713 
-0.003479 0.009692 -1.261639 
-0.003536 0.010151 -1.251564 
-0.003607 0.010627 -1.241488 
-0.003701 0.011114 -1.231412 
-0.003810 0.011598 -1.221337 
-0.003943 0.012072 -1.211258 
-0.004102 0.012527 -1.201179 
-0.004286 0.012956 -1.191103 
-0.004486 0.013350 -1.181033 
-0.004688 0.013701 -1.170967 
-0.004878 0.014002 -1.160904 
-0.005036 0.014248 -1.150846 
-0.005142 0.014448 -1.140789 
-0.005180 0.014618 -1.130734 
-0.005146 0.014769 -1.120678 
-0.005037 0.014912 -1.110620 
-0.004846 0.015067 -1.100567 
-0.004573 0.015252 -1.090518 
-0.004222 0.015492 -1.080473 
-0.003798 0.015810 -1.070435 
-0.003323 0.016222 -1.060408 
-0.002814 0.016752 -1.050394 
-0.002282 0.017416 -1.040403 
-0.001718 0.018245 -1.030460 
-0.001111 0.019177 -1.020578 
-0.000536 0.019804 -1.010652 
0.000072 0.019771 -1.000660 
0.000703 0.019080 -0.990648 
0.001351 0.017783 -0.980663 
0.001996 0.016069 -0.970716 
0.002582 0.014313 -0.960755 
0.003084 0.012599 -0.950768 
0.003468 0.010931 -0.940766 
0.003716 0.009276 -0.930761 
0.003835 0.007609 -0.920764 
0.003835 0.005900 -0.910778 
0.003728 0.004137 -0.900811 
0.003526 0.002299 -0.890867 
0.003238 0.000369 -0.880947 
0.002872 -0.001665 -0.871058 
0.002441 -0.003831 -0.861215 
0.001973 -0.006150 -0.851425 
0.001502 -0.008675 -0.841718 
0.001039 -0.011332 -0.832100 
0.000626 -0.013860 -0.822478 
0.000189 -0.015752 -0.812692 
-0.000311 -0.016547 -0.802699 
-0.000907 -0.016369 -0.792641 
-0.001588 -0.015440 -0.782609 
-0.002263 -0.014053 -0.772630 
-0.002780 -0.012686 -0.762621 
-0.003094 -0.011349 -0.752601 
-0.003216 -0.010038 -0.742575 
-0.003176 -0.008686 -0.732558 
-0.003016 -0.007258 -0.722558 
-0.002766 -0.005721 -0.712584 
-0.002462 -0.004064 -0.702637 
-0.002136 -0.002282 -0.692719 
-0.001814 -0.000380 -0.682832 
-0.001515 0.001631 -0.672974 
-0.001256 0.003744 -0.663146 
-0.001045 0.005932 -0.653351 
-0.000893 0.008200 -0.643597 
-0.000801 0.010511 -0.633879 
-0.000734 0.012713 -0.624146 
-0.000698 0.014428 -0.614259 
-0.000561 0.015275 -0.604179 
-0.000303 0.015252 -0.594014 
0.000032 0.014459 -0.583871 
0.000361 0.013100 -0.573806 
0.000589 0.011645 -0.563744 
0.000681 0.010149 -0.553691 
0.000672 0.008643 -0.543653 
0.000580 0.007108 -0.533637 
0.000424 0.005534 -0.523645 
0.000221 0.003902 -0.513674 
-0.000022 0.002199 -0.503723 
-0.000293 0.000417 -0.493788 
-0.000570 -0.001442 -0.483871 
-0.000820 -0.003379 -0.473975 
-0.001024 -0.005389 -0.464100 
-0.001168 -0.007452 -0.454245 
-0.001237 -0.009547 -0.444412 
-0.001216 -0.011596 -0.434586 
-0.001147 -0.013507 -0.424748 
-0.001051 -0.014976 -0.414794 
-0.001052 -0.015615 -0.404677 
-0.001209 -0.015464 -0.394503 
-0.001486 -0.014695 -0.384358 
-0.001708 -0.013504 -0.374279 
-0.001737 -0.012220 -0.364225 
-0.001582 -0.010853 -0.354202 
-0.001324 -0.009388 -0.344208 
-0.001012 -0.007826 -0.334236 
-0.000680 -0.006161 -0.324289 
-0.000359 -0.004413 -0.314362 
-0.000091 -0.002574 -0.304451 
0.000111 -0.000673 -0.294551 
0.000243 0.001267 -0.284656 
0.000317 0.003227 -0.274764 
0.000320 0.005184 -0.264875 
0.000275 0.007121 -0.254988 
0.000175 0.009033 -0.245100 
0.000061 0.010892 -0.235202 
-0.000070 0.012634 -0.225272 
-0.000209 0.014072 -0.215252 
-0.000213 0.014773 -0.205085 
-0.000055 0.014753 -0.194870 
0.000136 0.014070 -0.184688 
0.000187 0.012785 -0.174605 
0.000119 0.011319 -0.164577 
-0.000020 0.009746 -0.154585 
-0.000206 0.008118 -0.144616 
-0.000411 0.006449 -0.134665 
-0.000619 0.004723 -0.124724 
-0.000819 0.002944 -0.114793 
-0.001010 0.001117 -0.104866 
-0.001160 -0.000766 -0.094947 
-0.001248 -0.002683 -0.085035 
-0.001268 -0.004618 -0.075130 
-0.001208 -0.006542 -0.065223 
-0.001075 -0.008425 -0.055313 
-0.000881 -0.010250 -0.045401 
-0.000645 -0.011953 -0.035472 
-0.000397 -0.013444 -0.025502 
-0.000212 -0.014590 -0.015444 
-0.000230 -0.015086 -0.005266 
-0.000427 -0.015045 0.004940 
-0.000533 -0.014541 0.015130 
-0.000411 -0.013470 0.025225 
-0.000162 -0.012095 0.035243 
0.000119 -0.010511 0.045204 
0.000396 -0.008793 0.055138 
0.000635 -0.006984 0.065059 
0.000821 -0.005102 0.074972 
0.000942 -0.003173 0.084878 
0.000986 -0.001231 0.094784 
0.000968 0.000709 0.104686 
0.000885 0.002617 0.114592 
0.000757 0.004489 0.124504 
0.000595 0.006308 0.134432 
0.000420 0.008069 0.144374 
0.000249 0.009775 0.154331 
0.000107 0.011409 0.164311 
0.000001 0.012925 0.174325 
-0.000004 0.014228 0.184400 
0.000141 0.014911 0.194591 
0.000321 0.014911 0.204811 
0.000366 0.014229 0.214984 
0.000229 0.012885 0.225020 
0.000029 0.011274 0.234970 
-0.000165 0.009548 0.244886 
-0.000354 0.007743 0.254790 
-0.000517 0.005876 0.264693 
-0.000642 0.003964 0.274592 
-0.000713 0.002023 0.284487 
-0.000723 0.000073 0.294385 
-0.000670 -0.001873 0.304284 
-0.000542 -0.003779 0.314192 
-0.000354 -0.005630 0.324110 
-0.000124 -0.007402 0.334040 
0.000130 -0.009080 0.343986 
0.000385 -0.010662 0.353952 
0.000598 -0.012127 0.363945 
0.000705 -0.013421 0.373984 
0.000622 -0.014524 0.384071 
0.000409 -0.015214 0.394235 
0.000295 -0.015400 0.404438 
0.000394 -0.014905 0.414605 
0.000638 -0.013640 0.424622 
0.000879 -0.011943 0.434528 
0.001053 -0.010043 0.444401 
0.001137 -0.008058 0.454271 
0.001148 -0.006049 0.464145 
0.001083 -0.004050 0.474030 
0.000952 -0.002086 0.483927 
0.000768 -0.000181 0.493837 
0.000558 0.001663 0.503758 
0.000338 0.003441 0.513697 
0.000128 0.005159 0.523656 
-0.000049 0.006829 0.533637 
-0.000187 0.008445 0.543638 
-0.000268 0.010034 0.553653 
-0.000272 0.011603 0.563684 
-0.000168 0.013092 0.573741 
0.000045 0.014463 0.583810 
0.000328 0.015220 0.593966 
0.000546 0.015271 0.604146 
0.000615 0.014521 0.614252 
0.000527 0.012965 0.624185 
0.000394 0.010953 0.633978 
0.000270 0.008809 0.643757 
0.000200 0.006652 0.653558 
0.000206 0.004520 0.663380 
0.000276 0.002420 0.673221 
0.000406 0.000376 0.683077 
0.000594 -0.001596 0.692953 
0.000814 -0.003479 0.702850 
0.001036 -0.005271 0.712765 
0.001250 -0.006962 0.722700 
0.001429 -0.008554 0.732656 
0.001546 -0.010050 0.742636 
0.001568 -0.011450 0.752640 
0.001454 -0.012780 0.762662 
0.001152 -0.014066 0.772699 
0.000671 -0.015349 0.782735 
0.000156 -0.016215 0.792817 
-0.000252 -0.016393 0.802923 
-0.000549 -0.015651 0.812957 
-0.000718 -0.013916 0.822805 
-0.000814 -0.011537 0.832479 
-0.000956 -0.008945 0.842113 
-0.001160 -0.006435 0.851817 
-0.001417 -0.004070 0.861585 
-0.001688 -0.001810 0.871395 
-0.001955 0.000328 0.881247 
-0.002197 0.002361 0.891135 
-0.002389 0.004295 0.901057 
-0.002519 0.006138 0.911009 
-0.002573 0.007905 0.920986 
-0.002539 0.009613 0.930980 
-0.002400 0.011274 0.940984 
-0.002148 0.012907 0.950994 
-0.001782 0.014542 0.960996 
-0.001308 0.016158 0.970988 
-0.000746 0.017738 0.980966 
-0.000167 0.018955 0.990978 
0.000375 0.019634 1.001009 
0.000861 0.019666 1.011014 
0.001291 0.019032 1.020942 
0.001682 0.018060 1.030825 
0.002089 0.017169 1.040762 
0.002511 0.016421 1.050742 
0.002938 0.015788 1.060748 
0.003366 0.015255 1.070771 
0.003777 0.014816 1.080807 
0.004149 0.014456 1.090855 
0.004484 0.014178 1.100905 
0.004768 0.013961 1.110957 
0.004990 0.013777 1.121009 
0.005145 0.013618 1.131061 
0.005227 0.013488 1.141110 
0.005230 0.013364 1.151162 
0.005158 0.013219 1.161218 
0.005019 0.013041 1.171274 
0.004827 0.012821 1.181330 
0.004609 0.012550 1.191390 
0.004386 0.012222 1.201453 
0.004177 0.011844 1.211515 
0.003990 0.011424 1.221578 
0.003827 0.010977 1.231643 
0.003693 0.010516 1.241707 
0.003591 0.010058 1.251771 
0.003515 0.009610 1.261838 
0.003453 0.009171 1.271909 
0.003399 0.008755 1.281985 
0.003340 0.008356 1.292065 
0.003267 0.007971 1.302149 
0.003180 0.007595 1.312233 
0.003073 0.007215 1.322314 
0.002946 0.006835 1.332395 
0.002804 0.006451 1.342474 
0.002647 0.006060 1.352550 
0.002482 0.005658 1.362621 
0.002310 0.005249 1.372687 
0.002129 0.004834 1.382748 
0.001944 0.004412 1.392810 
0.001768 0.003980 1.402869 
0.001603 0.003541 1.412932 
0.001442 0.003100 1.422996 
0.001286 0.002660 1.433057 
0.001134 0.002221 1.443115 
0.000982 0.001788 1.453175 
0.000828 0.001363 1.463235 
0.000667 0.000940 1.473295 
0.000502 0.000524 1.483356 
0.000333 0.000115 1.493416 
