300 
0.771556 
0.773317 
0.776071 
0.778772 
0.780722 
0.781706 
0.782411 
0.783081 
0.783822 
0.784271 
0.784087 
0.783305 
0.782125 
0.780835 
0.779421 
0.777885 
0.776113 
0.774182 
0.772245 
0.770654 
0.769487 
0.768622 
0.768160 
0.768218 
0.768343 
0.768329 
0.768250 
0.768130 
0.768756 
0.770714 
0.773859 
0.778207 
0.783244 
0.788868 
0.795155 
0.802340 
0.810935 
0.821095 
0.832761 
0.845647 
0.859377 
0.873603 
0.888370 
0.903404 
0.918636 
0.932949 
0.945552 
0.956280 
0.966974 
0.978705 
0.989228 
0.997421 
0.997890 
0.991881 
0.982154 
0.970363 
0.958634 
0.947512 
0.937490 
0.928894 
0.922618 
0.918806 
0.918797 
0.921907 
0.929928 
0.937896 
0.941607 
0.938804 
0.942381 
0.955128 
0.975314 
0.997394 
1.013260 
1.022021 
1.026918 
1.029839 
1.032292 
1.035073 
1.038274 
1.041880 
1.045684 
1.049276 
1.052512 
1.054557 
1.055029 
1.052323 
1.047479 
1.036802 
1.028411 
1.027773 
1.033801 
1.039824 
1.039635 
1.032385 
1.023454 
1.014352 
1.006064 
0.999001 
0.993352 
0.989481 
0.987744 
0.988023 
0.988739 
0.988838 
0.987666 
0.984634 
0.977267 
0.964954 
0.953893 
0.951903 
0.960452 
0.972163 
0.978056 
0.978021 
0.976816 
0.975290 
0.974239 
0.973845 
0.974621 
0.975055 
0.975124 
0.974066 
0.971801 
0.967136 
0.959941 
0.949042 
0.934730 
0.916216 
0.898934 
0.891199 
0.891431 
0.889678 
0.883299 
0.875332 
0.868013 
0.861565 
0.856984 
0.853562 
0.851486 
0.851046 
0.851128 
0.850544 
0.848932 
0.845967 
0.841451 
0.834876 
0.824888 
0.810840 
0.797557 
0.794745 
0.799255 
0.799829 
0.795044 
0.788926 
0.783684 
0.778695 
0.774949 
0.771782 
0.769754 
0.767749 
0.765586 
0.762194 
0.756985 
0.749490 
0.739835 
0.728200 
0.714469 
0.698276 
0.685943 
0.681131 
0.678817 
0.672201 
0.661637 
0.650893 
0.643360 
0.637678 
0.634221 
0.632500 
0.632006 
0.631968 
0.632013 
0.631277 
0.629213 
0.626018 
0.621127 
0.614300 
0.605220 
0.595815 
0.593880 
0.598616 
0.600129 
0.597356 
0.591948 
0.585820 
0.580532 
0.575931 
0.572537 
0.569965 
0.567750 
0.564784 
0.560523 
0.554495 
0.546454 
0.536669 
0.525745 
0.514787 
0.504484 
0.496779 
0.494932 
0.499907 
0.504757 
0.506467 
0.503606 
0.496966 
0.490763 
0.487784 
0.486985 
0.487441 
0.489186 
0.491199 
0.493151 
0.494821 
0.495712 
0.495258 
0.493530 
0.491307 
0.490845 
0.495582 
0.508320 
0.527376 
0.544740 
0.557865 
0.562990 
0.562381 
0.561963 
0.563019 
0.563217 
0.562355 
0.559403 
0.554327 
0.546695 
0.536694 
0.524670 
0.511720 
0.499187 
0.488877 
0.482322 
0.481615 
0.488664 
0.501298 
0.516596 
0.530219 
0.541568 
0.548766 
0.555973 
0.565607 
0.576958 
0.589277 
0.601985 
0.614496 
0.626720 
0.638386 
0.649133 
0.658845 
0.667970 
0.676691 
0.685373 
0.694436 
0.703782 
0.712792 
0.720874 
0.727725 
0.733025 
0.737201 
0.740852 
0.743959 
0.746209 
0.747567 
0.748080 
0.747795 
0.747372 
0.747009 
0.746616 
0.746656 
0.747213 
0.748266 
0.749938 
0.752214 
0.754943 
0.757982 
0.761596 
0.765911 
0.770388 
0.774992 
0.779927 
0.784814 
0.789890 
0.794869 
0.799092 
0.802154 
