300 
0.011869 
0.011980 
0.012040 
0.012153 
0.012172 
0.012072 
0.012012 
0.011917 
0.011894 
0.011860 
0.011739 
0.011566 
0.011301 
0.010885 
0.010386 
0.009823 
0.009224 
0.008686 
0.008118 
0.007611 
0.007150 
0.006683 
0.006279 
0.005936 
0.005644 
0.005467 
0.005330 
0.005160 
0.005053 
0.005048 
0.005101 
0.005256 
0.005417 
0.005619 
0.005846 
0.006096 
0.006382 
0.006675 
0.006914 
0.007121 
0.007284 
0.007388 
0.007545 
0.007641 
0.007694 
0.007705 
0.007512 
0.006979 
0.006276 
0.005880 
0.006285 
0.007365 
0.008461 
0.009153 
0.009431 
0.009531 
0.009723 
0.010025 
0.010382 
0.010778 
0.011168 
0.011517 
0.011895 
0.012451 
0.013223 
0.014109 
0.014894 
0.015315 
0.015444 
0.015826 
0.016920 
0.018481 
0.019990 
0.021210 
0.022103 
0.022767 
0.023332 
0.023839 
0.024264 
0.024597 
0.024868 
0.025184 
0.025630 
0.026249 
0.026959 
0.027656 
0.028068 
0.028077 
0.027918 
0.028027 
0.028445 
0.028724 
0.028619 
0.028199 
0.027636 
0.027227 
0.027048 
0.026934 
0.026760 
0.026478 
0.026136 
0.025751 
0.025492 
0.025495 
0.025725 
0.026055 
0.026370 
0.026580 
0.026797 
0.027301 
0.028019 
0.028496 
0.028576 
0.028384 
0.027962 
0.027432 
0.026850 
0.026327 
0.025899 
0.025631 
0.025571 
0.025751 
0.026070 
0.026431 
0.026701 
0.026740 
0.026410 
0.025733 
0.024966 
0.024215 
0.023242 
0.022029 
0.020820 
0.019764 
0.018853 
0.018046 
0.017331 
0.016689 
0.016101 
0.015613 
0.015211 
0.014889 
0.014604 
0.014396 
0.014252 
0.014166 
0.014061 
0.013877 
0.013536 
0.013163 
0.012347 
0.011373 
0.010475 
0.009812 
0.009324 
0.008950 
0.008629 
0.008310 
0.007923 
0.007496 
0.007016 
0.006521 
0.005969 
0.005306 
0.004481 
0.003514 
0.002414 
0.001197 
6.283094 
6.281929 
6.281083 
6.280702 
6.280460 
6.280133 
6.279638 
6.279022 
6.278406 
6.277855 
6.277391 
6.276990 
6.276603 
6.276225 
6.275832 
6.275443 
6.274985 
6.274447 
6.273803 
6.273087 
6.272382 
6.271728 
6.271468 
6.271600 
6.271848 
6.272288 
6.272905 
6.273541 
6.274144 
6.274613 
6.274892 
6.274916 
6.274686 
6.274211 
6.273554 
6.272770 
6.271872 
6.270843 
6.269797 
6.269023 
6.268857 
6.269628 
6.271160 
6.272669 
6.273499 
6.273695 
6.273763 
6.273930 
6.274120 
6.274291 
6.274444 
6.274601 
6.274769 
6.275005 
6.275229 
6.275417 
6.275539 
6.275688 
6.275958 
6.276412 
6.277093 
6.278058 
6.278862 
6.278829 
6.278270 
6.278127 
6.278781 
6.279860 
6.281027 
6.282104 
6.283028 
0.000556 
0.000988 
0.001177 
0.001269 
0.001435 
0.001732 
0.002166 
0.002734 
0.003512 
0.004691 
0.006166 
0.007222 
0.007228 
0.006550 
0.005980 
0.005814 
0.005967 
0.006174 
0.006343 
0.006460 
0.006473 
0.006489 
0.006554 
0.006681 
0.006904 
0.007189 
0.007518 
0.007894 
0.008282 
0.008683 
0.009124 
0.009491 
0.009790 
0.009987 
0.010020 
0.010036 
0.009960 
0.009782 
0.009521 
0.009145 
0.008680 
0.008219 
0.007721 
0.007221 
0.006754 
0.006249 
0.005803 
0.005401 
0.005041 
0.004811 
0.004641 
0.004501 
0.004459 
0.004479 
0.004470 
0.004549 
0.004563 
0.004595 
0.004680 
0.004735 
0.004907 
