300 
0.597762 
0.598886 
0.601661 
0.604752 
0.607290 
0.608935 
0.610381 
0.611839 
0.613324 
0.614593 
0.615278 
0.615389 
0.615167 
0.615039 
0.614898 
0.614661 
0.614102 
0.613279 
0.612395 
0.611815 
0.611713 
0.611897 
0.612576 
0.613867 
0.615260 
0.616524 
0.617908 
0.619580 
0.622304 
0.626552 
0.632187 
0.639368 
0.647478 
0.656467 
0.666399 
0.677393 
0.690232 
0.705212 
0.722087 
0.740555 
0.760004 
0.779761 
0.799355 
0.818147 
0.836115 
0.852706 
0.866922 
0.879602 
0.891914 
0.902503 
0.910161 
0.914645 
0.911229 
0.903036 
0.891223 
0.877655 
0.863795 
0.851061 
0.839716 
0.830445 
0.823587 
0.819616 
0.819661 
0.822951 
0.833007 
0.840380 
0.843268 
0.842265 
0.847126 
0.859874 
0.879782 
0.900620 
0.912494 
0.919720 
0.923212 
0.924456 
0.925346 
0.926023 
0.927073 
0.928111 
0.928839 
0.928874 
0.927986 
0.925329 
0.920943 
0.913296 
0.903679 
0.889644 
0.880593 
0.881971 
0.890090 
0.897388 
0.894982 
0.887506 
0.878177 
0.868050 
0.858716 
0.850849 
0.844450 
0.839882 
0.837608 
0.836932 
0.836442 
0.834867 
0.832750 
0.827920 
0.818810 
0.804681 
0.792042 
0.791616 
0.804250 
0.820290 
0.826406 
0.826893 
0.825530 
0.823425 
0.821045 
0.819409 
0.818185 
0.816497 
0.813919 
0.810173 
0.804794 
0.797326 
0.786975 
0.773824 
0.756954 
0.738451 
0.723728 
0.722638 
0.728815 
0.728680 
0.721904 
0.714282 
0.706297 
0.699266 
0.693432 
0.689180 
0.685222 
0.683240 
0.681128 
0.678443 
0.674610 
0.669535 
0.663021 
0.654387 
0.642975 
0.628852 
0.616289 
0.619854 
0.630615 
0.633663 
0.631589 
0.627464 
0.621865 
0.616256 
0.610599 
0.605602 
0.601067 
0.596585 
0.591617 
0.585543 
0.577553 
0.567531 
0.555741 
0.542287 
0.527345 
0.514150 
0.506813 
0.509201 
0.510444 
0.503548 
0.492978 
0.482661 
0.474297 
0.468126 
0.463393 
0.460113 
0.457579 
0.455110 
0.453169 
0.449907 
0.445263 
0.439618 
0.432061 
0.422785 
0.412065 
0.404156 
0.404481 
0.414235 
0.418444 
0.415688 
0.411161 
0.405210 
0.399499 
0.393883 
0.389075 
0.384641 
0.380381 
0.375046 
0.368342 
0.359766 
0.349249 
0.337258 
0.324690 
0.313004 
0.303223 
0.299616 
0.303271 
0.313497 
0.320021 
0.319046 
0.312022 
0.301701 
0.293086 
0.287979 
0.284605 
0.282203 
0.281019 
0.280362 
0.279096 
0.278240 
0.276024 
0.272813 
0.268463 
0.264958 
0.263998 
0.269668 
0.285171 
0.307485 
0.326248 
0.337768 
0.339590 
0.336628 
0.334154 
0.332654 
0.329607 
0.326086 
0.320948 
0.313775 
0.304426 
0.292686 
0.279178 
0.264590 
0.250766 
0.239392 
0.232303 
0.231161 
0.237157 
0.249800 
0.265886 
0.281806 
0.293708 
0.299818 
0.306094 
0.317441 
0.331057 
0.347093 
0.363874 
0.381014 
0.397742 
0.414073 
0.429427 
0.443605 
0.457010 
0.469865 
0.482605 
0.495509 
0.508367 
0.520584 
0.531586 
0.540891 
0.548280 
0.554561 
0.560340 
0.565236 
0.568987 
0.571684 
0.573363 
0.574431 
0.575551 
0.576754 
0.578004 
0.579875 
0.582297 
0.585284 
0.589031 
0.593365 
0.598058 
0.603176 
0.608925 
0.615070 
0.621306 
0.627692 
0.634209 
0.640556 
0.646680 
0.651996 
0.655546 
0.655546 
