300 
1.275231 
1.276482 
1.277606 
1.278459 
1.278875 
1.278718 
1.278320 
1.277845 
1.277446 
1.276905 
1.275938 
1.274581 
1.272797 
1.270546 
1.267916 
1.265144 
1.262448 
1.259935 
1.257657 
1.255790 
1.254377 
1.253304 
1.252524 
1.252003 
1.251627 
1.251319 
1.250944 
1.250430 
1.250031 
1.249958 
1.250241 
1.250877 
1.251597 
1.252289 
1.253066 
1.254056 
1.255393 
1.257013 
1.258890 
1.260910 
1.262951 
1.265104 
1.267372 
1.269801 
1.272439 
1.275214 
1.277190 
1.277171 
1.275871 
1.275140 
1.276322 
1.279140 
1.282136 
1.284128 
1.285012 
1.285284 
1.285491 
1.286052 
1.286874 
1.288009 
1.289544 
1.291726 
1.294539 
1.298221 
1.302268 
1.305939 
1.307391 
1.306386 
1.305531 
1.307686 
1.313585 
1.321360 
1.328470 
1.333362 
1.336207 
1.337909 
1.339091 
1.340181 
1.341390 
1.342888 
1.344771 
1.347010 
1.349623 
1.352394 
1.354792 
1.356272 
1.355913 
1.353961 
1.352435 
1.353044 
1.355356 
1.357783 
1.359405 
1.359717 
1.358906 
1.357839 
1.356844 
1.355825 
1.354781 
1.354022 
1.353731 
1.353964 
1.354658 
1.355668 
1.356473 
1.356634 
1.355881 
1.354561 
1.354566 
1.357285 
1.361862 
1.366360 
1.369202 
1.370186 
1.370091 
1.369523 
1.368823 
1.368255 
1.367909 
1.367810 
1.367924 
1.368129 
1.368062 
1.367316 
1.365526 
1.362477 
1.357914 
1.352542 
1.347471 
1.343285 
1.339662 
1.336204 
1.333126 
1.330893 
1.329040 
1.326992 
1.324903 
1.322935 
1.321340 
1.320210 
1.319362 
1.318501 
1.317433 
1.316160 
1.314791 
1.313206 
1.311388 
1.309278 
1.306977 
1.304409 
1.301230 
1.297738 
1.295010 
1.292977 
1.291366 
1.289719 
1.288224 
1.286689 
1.285090 
1.283187 
1.281034 
1.278429 
1.275420 
1.271704 
1.267421 
1.262584 
1.257322 
1.251873 
1.246424 
1.241906 
1.238816 
1.236917 
1.234668 
1.231571 
1.228140 
1.225046 
1.222723 
1.221259 
1.220305 
1.219429 
1.218353 
1.217000 
1.215499 
1.213975 
1.212602 
1.211285 
1.210009 
1.208494 
1.206668 
1.205763 
1.205817 
1.206058 
1.205782 
1.205227 
1.204548 
1.204094 
1.203873 
1.203556 
1.202969 
1.201848 
1.200232 
1.197975 
1.195143 
1.191706 
1.187920 
1.184015 
1.180346 
1.177853 
1.177548 
1.179426 
1.182753 
1.185936 
1.187271 
1.186595 
1.185511 
1.185265 
1.185655 
1.186163 
1.186624 
1.186920 
1.187182 
1.187611 
1.188152 
1.188662 
1.189005 
1.189318 
1.190057 
1.192291 
1.197206 
1.203746 
1.209257 
1.212040 
1.213015 
1.213881 
1.216196 
1.219730 
1.223392 
1.226782 
1.229536 
1.231572 
1.232622 
1.232715 
1.232154 
1.231549 
1.231265 
1.231692 
1.233534 
1.237777 
1.244089 
1.249807 
1.252523 
1.252705 
1.252054 
1.252146 
1.253736 
1.256076 
1.258326 
1.260346 
1.262143 
1.263822 
1.265531 
1.267244 
1.268991 
1.270750 
1.272489 
1.274219 
1.275979 
1.277808 
1.279714 
1.281601 
1.283194 
1.284433 
1.285304 
1.285801 
1.286103 
1.286259 
1.286191 
1.285747 
1.284856 
1.283536 
1.281950 
1.280169 
1.278228 
1.276281 
1.274389 
1.272688 
1.271225 
1.270066 
1.269385 
1.269053 
1.268927 
1.269180 
1.269727 
1.270417 
1.271315 
1.272323 
1.273543 
1.275124 
1.277037 
1.279571 
