300 
0.237271 
0.238080 
0.238786 
0.239449 
0.239886 
0.240026 
0.240095 
0.240059 
0.240086 
0.240024 
0.239708 
0.239163 
0.238371 
0.237300 
0.236004 
0.234590 
0.233175 
0.231854 
0.230590 
0.229484 
0.228540 
0.227708 
0.227053 
0.226571 
0.226220 
0.226010 
0.225847 
0.225624 
0.225498 
0.225606 
0.225905 
0.226354 
0.226751 
0.227089 
0.227436 
0.227869 
0.228478 
0.229210 
0.229989 
0.230764 
0.231519 
0.232230 
0.232945 
0.233560 
0.234173 
0.234737 
0.235013 
0.234611 
0.233819 
0.233589 
0.234739 
0.237090 
0.239402 
0.240672 
0.241060 
0.241016 
0.240959 
0.241056 
0.241236 
0.241482 
0.241846 
0.242330 
0.243149 
0.244406 
0.246210 
0.248157 
0.249843 
0.250901 
0.251763 
0.253370 
0.256356 
0.260102 
0.263418 
0.265710 
0.267124 
0.267993 
0.268587 
0.269036 
0.269371 
0.269617 
0.269897 
0.270355 
0.271136 
0.272242 
0.273527 
0.274656 
0.275108 
0.274541 
0.274143 
0.274824 
0.276266 
0.277452 
0.277745 
0.277359 
0.276694 
0.276192 
0.275925 
0.275661 
0.275273 
0.274855 
0.274516 
0.274350 
0.274589 
0.275310 
0.276353 
0.277333 
0.278108 
0.278656 
0.279566 
0.281525 
0.284302 
0.286775 
0.287937 
0.288051 
0.287540 
0.286696 
0.285696 
0.284715 
0.283843 
0.283220 
0.282962 
0.283072 
0.283372 
0.283583 
0.283467 
0.282772 
0.281410 
0.279607 
0.277910 
0.276314 
0.274197 
0.271688 
0.269286 
0.267316 
0.265600 
0.264002 
0.262500 
0.261095 
0.259841 
0.258800 
0.257979 
0.257317 
0.256707 
0.256199 
0.255790 
0.255446 
0.255067 
0.254632 
0.254069 
0.252854 
0.250597 
0.248146 
0.246089 
0.244651 
0.243443 
0.242330 
0.241272 
0.240222 
0.239109 
0.237956 
0.236720 
0.235427 
0.233926 
0.232146 
0.229997 
0.227615 
0.224938 
0.222135 
0.219218 
0.216522 
0.214460 
0.213401 
0.212337 
0.211023 
0.209423 
0.207851 
0.206571 
0.205661 
0.205045 
0.204523 
0.203904 
0.203188 
0.202358 
0.201486 
0.200573 
0.199595 
0.198502 
0.197371 
0.196206 
0.195317 
0.195329 
0.196161 
0.196941 
0.197585 
0.198241 
0.198973 
0.199656 
0.200166 
0.200348 
0.200118 
0.199426 
0.198294 
0.196769 
0.194959 
0.192918 
0.190754 
0.188689 
0.187278 
0.187101 
0.188496 
0.190906 
0.193051 
0.193832 
0.193632 
0.193572 
0.194066 
0.194876 
0.195687 
0.196377 
0.196906 
0.197291 
0.197662 
0.197982 
0.198286 
0.198558 
0.198952 
0.199654 
0.200902 
0.203057 
0.206160 
0.208909 
0.210023 
0.209877 
0.210126 
0.211402 
0.213373 
0.215419 
0.217140 
0.218481 
0.219348 
0.219647 
0.219492 
0.219129 
0.218905 
0.219013 
0.219542 
0.220661 
0.222688 
0.225898 
0.229472 
0.231881 
0.232547 
0.232132 
0.231909 
0.232509 
0.233569 
0.234622 
0.235498 
0.236167 
0.236695 
0.237233 
0.237788 
0.238407 
0.239130 
0.239920 
0.240752 
0.241621 
0.242539 
0.243550 
0.244622 
0.245580 
0.246361 
0.246893 
0.247146 
0.247256 
0.247223 
0.246968 
0.246465 
0.245709 
0.244710 
0.243612 
0.242409 
0.241154 
0.239927 
0.238670 
0.237543 
0.236539 
0.235709 
0.235182 
0.234850 
0.234656 
0.234710 
0.234951 
0.235261 
0.235728 
0.236205 
0.236813 
0.237582 
0.238478 
0.239706 
