300 
1.002784 
1.004413 
1.005962 
1.007228 
1.007985 
1.007995 
1.007699 
1.007343 
1.007094 
1.006626 
1.005615 
1.004118 
1.002116 
0.999561 
0.996588 
0.993473 
0.990450 
0.987589 
0.984970 
0.982821 
0.981169 
0.979889 
0.978923 
0.978221 
0.977590 
0.976895 
0.976075 
0.975110 
0.974277 
0.973894 
0.974013 
0.974631 
0.975412 
0.976222 
0.977210 
0.978599 
0.980582 
0.983151 
0.986238 
0.989668 
0.993310 
0.997240 
1.001621 
1.006529 
1.012049 
1.017779 
1.022336 
1.024448 
1.025582 
1.027299 
1.030690 
1.035911 
1.040340 
1.041875 
1.041106 
1.039112 
1.036890 
1.035038 
1.033539 
1.032466 
1.032220 
1.033089 
1.035416 
1.039268 
1.044321 
1.048492 
1.050144 
1.048275 
1.047614 
1.052744 
1.063167 
1.076150 
1.087531 
1.095115 
1.099658 
1.102575 
1.104665 
1.106510 
1.108464 
1.110674 
1.113455 
1.116815 
1.120774 
1.124914 
1.128659 
1.130987 
1.131107 
1.129056 
1.128282 
1.130904 
1.135131 
1.138608 
1.140109 
1.139377 
1.136962 
1.134235 
1.131623 
1.129184 
1.126864 
1.125314 
1.124621 
1.125142 
1.126476 
1.128128 
1.129197 
1.128863 
1.126664 
1.123589 
1.122540 
1.125588 
1.130544 
1.135098 
1.137858 
1.138853 
1.138426 
1.137450 
1.136323 
1.135413 
1.134845 
1.134618 
1.134606 
1.134743 
1.134349 
1.132940 
1.129871 
1.124787 
1.117525 
1.109151 
1.101160 
1.094646 
1.089100 
1.084172 
1.079966 
1.076398 
1.072984 
1.069683 
1.066605 
1.064030 
1.062135 
1.061274 
1.060909 
1.060618 
1.059825 
1.058525 
1.056701 
1.054164 
1.050815 
1.046804 
1.042714 
1.038459 
1.033637 
1.028703 
1.024170 
1.020412 
1.017163 
1.014513 
1.012243 
1.010417 
1.008807 
1.007359 
1.005571 
1.003350 
1.000164 
0.995953 
0.990567 
0.984158 
0.976628 
0.968463 
0.960472 
0.953955 
0.948611 
0.944782 
0.940416 
0.935554 
0.930581 
0.926559 
0.923866 
0.922755 
0.922420 
0.922477 
0.922094 
0.921302 
0.919860 
0.918253 
0.916558 
0.914667 
0.912176 
0.909394 
0.907038 
0.905556 
0.905113 
0.905016 
0.903973 
0.902113 
0.899810 
0.898189 
0.897038 
0.896351 
0.895236 
0.893568 
0.890949 
0.887527 
0.883093 
0.877785 
0.871876 
0.865986 
0.860439 
0.856428 
0.854897 
0.856365 
0.859831 
0.863753 
0.866187 
0.865883 
0.864667 
0.865108 
0.866433 
0.868433 
0.870048 
0.871560 
0.872563 
0.873586 
0.874415 
0.875061 
0.875319 
0.875478 
0.876275 
0.879631 
0.886793 
0.897131 
0.906992 
0.913083 
0.915660 
0.916746 
0.918411 
0.921613 
0.925481 
0.928994 
0.931587 
0.932887 
0.932677 
0.930999 
0.928362 
0.925567 
0.923256 
0.922026 
0.923056 
0.927878 
0.936162 
0.944291 
0.949924 
0.952862 
0.954362 
0.956345 
0.959983 
0.964894 
0.969838 
0.974228 
0.978021 
0.981349 
0.984445 
0.987291 
0.989921 
0.992363 
0.994641 
0.996862 
0.999179 
1.001736 
1.004542 
1.007366 
1.009735 
1.011570 
1.012851 
1.013570 
1.013983 
1.014197 
1.014151 
1.013653 
1.012503 
1.010756 
1.008752 
1.006598 
1.004285 
1.001996 
0.999834 
0.997938 
0.996399 
0.995278 
0.994731 
0.994606 
0.994770 
0.995413 
0.996421 
0.997594 
0.999027 
1.000599 
1.002432 
1.004678 
1.007241 
1.010308 
