300 
0.046212 
0.046261 
0.046256 
0.046322 
0.046330 
0.046247 
0.046227 
0.046165 
0.046173 
0.046178 
0.046119 
0.046050 
0.045906 
0.045661 
0.045355 
0.044985 
0.044577 
0.044204 
0.043786 
0.043413 
0.043077 
0.042715 
0.042404 
0.042141 
0.041917 
0.041777 
0.041669 
0.041541 
0.041467 
0.041446 
0.041460 
0.041552 
0.041632 
0.041756 
0.041917 
0.042067 
0.042255 
0.042423 
0.042537 
0.042603 
0.042600 
0.042546 
0.042524 
0.042430 
0.042288 
0.042105 
0.041737 
0.041185 
0.040626 
0.040385 
0.040712 
0.041491 
0.042347 
0.042984 
0.043374 
0.043649 
0.044008 
0.044471 
0.044981 
0.045524 
0.046045 
0.046488 
0.046900 
0.047387 
0.048019 
0.048721 
0.049343 
0.049721 
0.049887 
0.050196 
0.050878 
0.051794 
0.052729 
0.053514 
0.054098 
0.054525 
0.054880 
0.055201 
0.055474 
0.055678 
0.055811 
0.055975 
0.056213 
0.056542 
0.056934 
0.057314 
0.057544 
0.057604 
0.057659 
0.057867 
0.058198 
0.058400 
0.058345 
0.058067 
0.057694 
0.057435 
0.057376 
0.057400 
0.057397 
0.057321 
0.057180 
0.056989 
0.056848 
0.056852 
0.056966 
0.057102 
0.057230 
0.057347 
0.057498 
0.057725 
0.057953 
0.057935 
0.057712 
0.057349 
0.056870 
0.056359 
0.055868 
0.055468 
0.055142 
0.054908 
0.054790 
0.054800 
0.054883 
0.054969 
0.055010 
0.054940 
0.054697 
0.054283 
0.053813 
0.053293 
0.052686 
0.052017 
0.051364 
0.050783 
0.050285 
0.049870 
0.049524 
0.049246 
0.049021 
0.048840 
0.048690 
0.048579 
0.048483 
0.048425 
0.048402 
0.048385 
0.048328 
0.048164 
0.047813 
0.047443 
0.046923 
0.046395 
0.045931 
0.045545 
0.045255 
0.045050 
0.044884 
0.044721 
0.044546 
0.044362 
0.044148 
0.043928 
0.043664 
0.043328 
0.042879 
0.042317 
0.041660 
0.040885 
0.040011 
0.039164 
0.038475 
0.038070 
0.037885 
0.037702 
0.037428 
0.037087 
0.036760 
0.036479 
0.036247 
0.036075 
0.035903 
0.035746 
0.035585 
0.035443 
0.035245 
0.034993 
0.034646 
0.034227 
0.033782 
0.033342 
0.033028 
0.032906 
0.032957 
0.033233 
0.033649 
0.034048 
0.034397 
0.034647 
0.034722 
0.034631 
0.034375 
0.033985 
0.033506 
0.032999 
0.032454 
0.031827 
0.031186 
0.030705 
0.030636 
0.031215 
0.032358 
0.033524 
0.034229 
0.034411 
0.034394 
0.034411 
0.034440 
0.034467 
0.034504 
0.034555 
0.034617 
0.034723 
0.034826 
0.034883 
0.034892 
0.034941 
0.035092 
0.035390 
0.035828 
0.036395 
0.036820 
0.036739 
0.036407 
0.036399 
0.036964 
0.037807 
0.038694 
0.039493 
0.040200 
0.040818 
0.041290 
0.041631 
0.041939 
0.042315 
0.042755 
0.043229 
0.043753 
0.044384 
0.045194 
0.046126 
0.046785 
0.046826 
0.046415 
0.045929 
0.045584 
0.045430 
0.045343 
0.045299 
0.045272 
0.045187 
0.045116 
0.045084 
0.045087 
0.045161 
0.045301 
0.045488 
0.045707 
0.045922 
0.046139 
0.046404 
0.046598 
0.046781 
0.046882 
0.046874 
0.046857 
0.046778 
0.046627 
0.046430 
0.046170 
0.045842 
0.045563 
0.045256 
0.044937 
0.044665 
0.044349 
0.044080 
0.043842 
0.043622 
0.043498 
0.043410 
0.043325 
0.043305 
0.043340 
0.043338 
0.043414 
0.043434 
0.043479 
0.043561 
0.043586 
0.043722 
