300 
0.393540 
0.393768 
0.396649 
0.400491 
0.404154 
0.407154 
0.410181 
0.413313 
0.416627 
0.420034 
0.423055 
0.425700 
0.428160 
0.430792 
0.433374 
0.435894 
0.437894 
0.439452 
0.440786 
0.442486 
0.444569 
0.447055 
0.450409 
0.454464 
0.458604 
0.462722 
0.467125 
0.472310 
0.479066 
0.487793 
0.498350 
0.510783 
0.524568 
0.539586 
0.556032 
0.574227 
0.595044 
0.618150 
0.643064 
0.668883 
0.694741 
0.719362 
0.741895 
0.763132 
0.782652 
0.799302 
0.809835 
0.815486 
0.819428 
0.818860 
0.815197 
0.811012 
0.803677 
0.793317 
0.780264 
0.766087 
0.752055 
0.739999 
0.730205 
0.722035 
0.715988 
0.712206 
0.710447 
0.714781 
0.719285 
0.721236 
0.723209 
0.733357 
0.748495 
0.761603 
0.774954 
0.787680 
0.796127 
0.799949 
0.800439 
0.797992 
0.794829 
0.790989 
0.786923 
0.781520 
0.775093 
0.766477 
0.756748 
0.745359 
0.732025 
0.716878 
0.702651 
0.692632 
0.694830 
0.703806 
0.713859 
0.718998 
0.716763 
0.707839 
0.697498 
0.685070 
0.673941 
0.663464 
0.654020 
0.646174 
0.640672 
0.634925 
0.628344 
0.622133 
0.613489 
0.606295 
0.596043 
0.589050 
0.594864 
0.612770 
0.635846 
0.655785 
0.664800 
0.665044 
0.663073 
0.657940 
0.652193 
0.646006 
0.638204 
0.629301 
0.618849 
0.607363 
0.594133 
0.579189 
0.561392 
0.542842 
0.524909 
0.514641 
0.520047 
0.538903 
0.549995 
0.550197 
0.545507 
0.536695 
0.527582 
0.518418 
0.510097 
0.501583 
0.493570 
0.486125 
0.477983 
0.469870 
0.459021 
0.449283 
0.436904 
0.425962 
0.414495 
0.409968 
0.422962 
0.452686 
0.473094 
0.483102 
0.486438 
0.482337 
0.474225 
0.463647 
0.452053 
0.439214 
0.425832 
0.412299 
0.398340 
0.383440 
0.366894 
0.349464 
0.330297 
0.312598 
0.298980 
0.298271 
0.314493 
0.331934 
0.334953 
0.328979 
0.320613 
0.310989 
0.302330 
0.293640 
0.286059 
0.278922 
0.270690 
0.263552 
0.254814 
0.245684 
0.234960 
0.223525 
0.210078 
0.197338 
0.188665 
0.196346 
0.221305 
0.245211 
0.259635 
0.266064 
0.265651 
0.259841 
0.250592 
0.239597 
0.227589 
0.215434 
0.202028 
0.187442 
0.171287 
0.153691 
0.134727 
0.116133 
0.098536 
0.085896 
0.082870 
0.093841 
0.117249 
0.137332 
0.143711 
0.138133 
0.129463 
0.120239 
0.111686 
0.103623 
0.095928 
0.088228 
0.080855 
0.073582 
0.066668 
0.059766 
0.050957 
0.042331 
0.033347 
0.027950 
0.031087 
0.046526 
0.078691 
0.114244 
0.142278 
0.149407 
0.143402 
0.132932 
0.122093 
0.110426 
0.099166 
0.087592 
0.075373 
0.062183 
0.048007 
0.032546 
0.016085 
0.000600 
6.271048 
6.262174 
6.259644 
6.263785 
6.276312 
0.009625 
0.023590 
0.035920 
0.045465 
0.052627 
0.064086 
0.077907 
0.095460 
0.115840 
0.137824 
0.160134 
0.182379 
0.203963 
0.224488 
0.244234 
0.263228 
0.281978 
0.300799 
0.319292 
0.336795 
0.352764 
0.366334 
0.377257 
0.386817 
0.395179 
0.402310 
0.407924 
0.412239 
0.415008 
0.417280 
0.419842 
0.422607 
0.425649 
0.429632 
0.434424 
0.440020 
0.446626 
0.453960 
0.461432 
0.469260 
0.478023 
0.487175 
0.496295 
0.505505 
0.514437 
0.523092 
0.530849 
0.536855 
0.539914 
0.539914 
0.539914 
