0.922051 0.923882 -0.008740 
0.894567 0.905438 -0.020532 
0.878538 0.886323 -0.032494 
0.872084 0.866262 -0.042263 
0.872986 0.845943 -0.048531 
0.878966 0.825587 -0.050441 
0.887937 0.805826 -0.047391 
0.897970 0.788024 -0.039262 
0.907219 0.773767 -0.026526 
0.913507 0.764339 -0.010115 
0.915044 0.760415 0.008466 
0.911656 0.762128 0.027411 
0.903463 0.769140 0.045165 
0.890152 0.780708 0.060101 
0.872877 0.795757 0.070925 
0.853695 0.812962 0.077209 
0.833618 0.830775 0.078785 
0.813261 0.847773 0.075595 
0.793655 0.862930 0.068038 
0.776045 0.875782 0.056977 
0.761440 0.886683 0.043274 
0.750564 0.895794 0.027197 
0.744143 0.902061 0.008917 
0.742767 0.904181 -0.010706 
0.746724 0.901345 -0.030374 
0.756332 0.893385 -0.049029 
0.772036 0.880556 -0.065591 
0.793346 0.863141 -0.078077 
0.818080 0.842368 -0.084194 
0.843025 0.820928 -0.082859 
0.864969 0.801886 -0.074605 
0.881294 0.787495 -0.061010 
0.890213 0.779117 -0.044205 
0.890499 0.777546 -0.026762 
0.881746 0.783385 -0.011347 
0.864912 0.796668 -0.000854 
0.842045 0.815711 0.001560 
0.816392 0.837027 -0.006256 
0.791811 0.856384 -0.024628 
0.770867 0.871324 -0.052434 
0.753202 0.879787 -0.088521 
0.731867 0.875983 -0.135632 
0.697791 0.854702 -0.196153 
0.661094 0.817909 -0.255246 
0.635184 0.777934 -0.294992 
0.618871 0.744416 -0.313804 
0.611519 0.716917 -0.316659 
0.617987 0.692500 -0.306207 
0.646917 0.671928 -0.281205 
0.695315 0.659872 -0.242856 
0.743517 0.656847 -0.197755 
0.776155 0.660325 -0.153172 
0.790736 0.669535 -0.113534 
0.789710 0.684076 -0.081273 
0.776602 0.702494 -0.058090 
0.754791 0.722557 -0.045264 
0.727514 0.741040 -0.043514 
0.697953 0.756563 -0.052290 
0.668869 0.769020 -0.071047 
0.642283 0.776841 -0.100181 
0.619681 0.774865 -0.140028 
0.601541 0.757757 -0.190259 
0.584497 0.723079 -0.251323 
0.567665 0.678709 -0.314716 
0.549377 0.638368 -0.368250 
0.514811 0.595513 -0.417537 
0.491782 0.570101 -0.445445 
0.520184 0.577378 -0.425409 
0.564973 0.588907 -0.372226 
0.603544 0.589357 -0.315549 
0.650152 0.586852 -0.260354 
0.690698 0.591997 -0.204534 
0.712700 0.605517 -0.154984 
0.718597 0.628318 -0.113993 
0.710733 0.659238 -0.085037 
0.693496 0.694475 -0.071016 
0.672247 0.727842 -0.073056 
0.652318 0.753246 -0.089438 
0.637011 0.766429 -0.116505 
0.627544 0.765800 -0.150461 
0.623707 0.751583 -0.189199 
0.622913 0.723203 -0.231851 
0.622634 0.679653 -0.277641 
0.622243 0.625746 -0.320781 
0.592996 0.562777 -0.367260 
0.538073 0.493393 -0.414769 
0.510818 0.444350 -0.431926 
0.519651 0.444568 -0.402114 
0.544826 0.479419 -0.341170 
0.575165 0.512423 -0.275951 
0.608565 0.540133 -0.214349 
0.636242 0.570435 -0.158641 
0.647913 0.601837 -0.115429 
0.646402 0.633282 -0.085122 
0.635506 0.662071 -0.067762 
0.619135 0.687251 -0.062603 
0.600724 0.708466 -0.068734 
0.583402 0.724594 -0.085576 
0.569580 0.733293 -0.112012 
0.560323 0.731986 -0.146222 
0.557047 0.719559 -0.187010 
0.557989 0.693805 -0.233846 
0.562642 0.651095 -0.286942 
0.576636 0.599427 -0.336382 
0.563304 0.530837 -0.397140 
0.529408 0.453320 -0.447968 
0.530445 0.405569 -0.447000 
0.557007 0.415624 -0.401395 
0.590346 0.473339 -0.321991 
0.617676 0.511629 -0.250487 
0.637374 0.526540 -0.197246 
0.653050 0.552534 -0.146616 
0.656383 0.585911 -0.108134 
0.649330 0.623157 -0.084661 
0.637597 0.658491 -0.076711 
0.625790 0.687146 -0.082589 
0.617069 0.704811 -0.098544 
0.613527 0.710860 -0.121733 
0.615477 0.705104 -0.149367 
0.620795 0.687094 -0.178386 
0.628776 0.657015 -0.208660 
0.634700 0.614624 -0.240824 
0.638224 0.558448 -0.275489 
0.640025 0.494165 -0.309514 
0.614459 0.410549 -0.357804 
0.581488 0.330027 -0.391604 
0.565123 0.298639 -0.385278 
0.563731 0.335410 -0.343479 
0.585333 0.419335 -0.263819 
0.606860 0.475684 -0.192978 
0.618354 0.507189 -0.142564 
0.621666 0.545602 -0.099885 
0.614925 0.580434 -0.071787 
0.602013 0.612543 -0.057067 
0.586921 0.641306 -0.055129 
0.573246 0.664302 -0.064869 
0.564005 0.679543 -0.084461 
0.561232 0.685395 -0.111758 
0.565091 0.679834 -0.143795 
0.575878 0.661381 -0.178505 
0.592875 0.629128 -0.214332 
0.611691 0.581545 -0.250081 
0.632838 0.521305 -0.283116 
0.638618 0.447302 -0.319877 
0.617689 0.355799 -0.358281 
0.597925 0.278744 -0.367177 
0.592495 0.262463 -0.348814 
0.601367 0.315867 -0.312794 
0.619895 0.393226 -0.252453 
0.635399 0.446091 -0.188556 
0.643591 0.490063 -0.135492 
0.642885 0.541635 -0.097528 
0.635672 0.589583 -0.078787 
0.627661 0.628816 -0.076871 
0.623741 0.655866 -0.087887 
0.626249 0.668325 -0.106773 
0.635936 0.666622 -0.129028 
0.651992 0.652576 -0.151787 
0.672192 0.627627 -0.172935 
0.693269 0.592439 -0.191859 
0.711623 0.546867 -0.209040 
0.723400 0.488271 -0.227776 
0.732231 0.421915 -0.244402 
0.724845 0.345881 -0.269458 
0.696048 0.252717 -0.303500 
0.668018 0.188388 -0.318679 
0.653684 0.203344 -0.305826 
0.653815 0.296142 -0.252813 
0.654851 0.383207 -0.186429 
0.650252 0.428545 -0.137803 
0.641675 0.476573 -0.098847 
0.628241 0.524875 -0.073236 
0.611942 0.567559 -0.062389 
0.596761 0.602542 -0.064610 
0.585720 0.626404 -0.077105 
0.580305 0.638498 -0.096747 
0.582993 0.638753 -0.121584 
0.594461 0.627334 -0.149496 
0.614064 0.603492 -0.177673 
0.641017 0.566788 -0.204381 
0.672474 0.516250 -0.228553 
0.704923 0.451214 -0.249989 
0.735891 0.376984 -0.266518 
0.750658 0.297827 -0.281932 
0.743080 0.210532 -0.290420 
0.728107 0.154427 -0.280052 
0.721888 0.174036 -0.254983 
0.711257 0.256115 -0.211258 
0.692002 0.338471 -0.159590 
0.679814 0.405133 -0.116064 
0.668696 0.477393 -0.085976 
0.657943 0.540322 -0.075434 
0.651797 0.587501 -0.079776 
0.652879 0.617363 -0.093663 
0.662655 0.629351 -0.111960 
0.680286 0.625625 -0.130286 
0.704369 0.608913 -0.145827 
0.733296 0.581604 -0.156847 
0.763615 0.545372 -0.162295 
0.790690 0.500626 -0.162978 
0.810292 0.445984 -0.161545 
0.819304 0.377996 -0.161955 
0.817273 0.306075 -0.165101 
0.801265 0.231438 -0.174170 
0.769460 0.153804 -0.189583 
0.736771 0.122654 -0.194962 
0.711175 0.176124 -0.178350 
0.687553 0.280842 -0.145164 
0.666678 0.370683 -0.111187 
0.648682 0.439975 -0.085124 
0.632109 0.508860 -0.070288 
0.617935 0.565183 -0.070851 
0.608505 0.605573 -0.083165 
0.605620 0.630884 -0.103095 
0.610268 0.641374 -0.127592 
0.622762 0.637347 -0.153163 
0.643314 0.619909 -0.177057 
0.670497 0.590374 -0.197479 
0.702986 0.549808 -0.212732 
0.739986 0.497700 -0.221559 
0.779124 0.433948 -0.222568 
0.816855 0.357952 -0.214183 
0.846919 0.280730 -0.195464 
0.856683 0.209273 -0.175396 
0.834242 0.141086 -0.156874 
0.781578 0.121691 -0.139678 
0.724032 0.187385 -0.130011 
0.680607 0.293090 -0.127336 
0.659515 0.400042 -0.123324 
0.662557 0.505596 -0.115177 
0.676584 0.592679 -0.115085 
0.696780 0.648090 -0.126434 
0.722928 0.676014 -0.142043 
0.753631 0.683066 -0.156196 
0.786966 0.674778 -0.164935 
0.818711 0.655402 -0.166792 
0.845793 0.629341 -0.161362 
0.866994 0.599710 -0.149615 
0.880237 0.567086 -0.134497 
0.885825 0.531225 -0.117749 
0.885215 0.489546 -0.100542 
0.877505 0.440956 -0.084325 
0.863077 0.387643 -0.068976 
0.843174 0.339011 -0.053787 
0.816035 0.312734 -0.040703 
0.779654 0.317921 -0.032409 
0.738601 0.352931 -0.028513 
0.701579 0.418038 -0.026524 
0.672281 0.513057 -0.022874 
0.647094 0.628425 -0.022931 
0.625504 0.724046 -0.038701 
0.612476 0.771254 -0.069700 
0.612359 0.783667 -0.106258 
0.625595 0.773959 -0.140994 
0.649173 0.746981 -0.169831 
0.680499 0.706133 -0.190072 
0.718248 0.654693 -0.198919 
0.760679 0.596070 -0.193504 
0.803818 0.535508 -0.171021 
0.841786 0.481785 -0.129615 
0.867420 0.445333 -0.071057 
0.873695 0.434036 -0.002431 
0.857077 0.450916 0.065911 
0.819198 0.494860 0.123791 
0.765723 0.560383 0.162432 
0.704894 0.638124 0.175693 
0.646036 0.716889 0.161666 
0.598483 0.784317 0.123473 
0.569930 0.829766 0.069003 
0.564184 0.848566 0.008496 
0.580683 0.841977 -0.048157 
0.615690 0.814965 -0.093200 
0.663330 0.774182 -0.121881 
0.716515 0.726701 -0.131807 
0.767124 0.679343 -0.123202 
0.807795 0.637130 -0.099597 
0.835031 0.603349 -0.065416 
0.847741 0.580188 -0.024847 
0.845658 0.568401 0.017817 
0.829986 0.567778 0.059174 
0.802493 0.577557 0.096444 
0.765088 0.597200 0.127349 
0.719873 0.628325 0.149940 
0.669127 0.671909 0.161562 
0.616972 0.724494 0.158241 
0.568955 0.779736 0.137514 
0.529167 0.831188 0.100666 
0.501320 0.873129 0.050656 
0.489806 0.900876 -0.008716 
0.497620 0.912085 -0.072228 
0.525712 0.906840 -0.133926 
0.573862 0.887621 -0.188621 
0.602886 0.874983 -0.213658 
0.602886 0.874983 -0.213658 
0.602886 0.874983 -0.213658 
0.602886 0.874983 -0.213658 
0.602886 0.874983 -0.213658 
0.602886 0.874983 -0.213658 
0.602886 0.874983 -0.213658 
0.301443 0.437492 -0.106829 
