300 
6.265090 
6.265155 
6.265141 
6.265181 
6.265247 
6.265216 
6.265286 
6.265276 
6.265294 
6.265359 
6.265358 
6.265378 
6.265429 
6.265399 
6.265419 
6.265415 
6.265360 
6.265369 
6.265307 
6.265275 
6.265277 
6.265194 
6.265159 
6.265139 
6.265077 
6.265047 
6.265033 
6.264983 
6.264989 
6.265007 
6.265009 
6.265042 
6.265066 
6.265114 
6.265179 
6.265259 
6.265326 
6.265404 
6.265456 
6.265492 
6.265496 
6.265455 
6.265434 
6.265366 
6.265291 
6.265213 
6.265051 
6.264850 
6.264692 
6.264661 
6.264775 
6.265008 
6.265245 
6.265445 
6.265585 
6.265665 
6.265762 
6.265859 
6.265951 
6.266041 
6.266131 
6.266205 
6.266262 
6.266339 
6.266445 
6.266557 
6.266651 
6.266710 
6.266733 
6.266784 
6.266938 
6.267172 
6.267414 
6.267613 
6.267769 
6.267885 
6.267941 
6.267964 
6.267991 
6.268000 
6.267983 
6.267993 
6.268024 
6.268061 
6.268106 
6.268146 
6.268149 
6.268126 
6.268157 
6.268266 
6.268399 
6.268530 
6.268636 
6.268674 
6.268660 
6.268661 
6.268694 
6.268736 
6.268774 
6.268794 
6.268792 
6.268765 
6.268748 
6.268777 
6.268823 
6.268876 
6.268930 
6.268989 
6.269100 
6.269244 
6.269386 
6.269463 
6.269477 
6.269419 
6.269287 
6.269136 
6.268973 
6.268827 
6.268688 
6.268581 
6.268509 
6.268488 
6.268474 
6.268454 
6.268416 
6.268363 
6.268295 
6.268226 
6.268157 
6.268077 
6.267974 
6.267879 
6.267793 
6.267734 
6.267702 
6.267694 
6.267719 
6.267749 
6.267791 
6.267843 
6.267905 
6.267967 
6.268030 
6.268089 
6.268147 
6.268205 
6.268252 
6.268290 
6.268284 
6.268250 
6.268199 
6.268134 
6.268078 
6.268014 
6.267946 
6.267896 
6.267835 
6.267760 
6.267685 
6.267613 
6.267533 
6.267457 
6.267375 
6.267281 
6.267169 
6.267047 
6.266933 
6.266803 
6.266664 
6.266531 
6.266436 
6.266415 
6.266451 
6.266461 
6.266423 
6.266374 
6.266338 
6.266331 
6.266346 
6.266407 
6.266452 
6.266500 
6.266543 
6.266585 
6.266590 
6.266573 
6.266515 
6.266461 
6.266404 
6.266331 
6.266284 
6.266273 
6.266318 
6.266380 
6.266446 
6.266512 
6.266569 
6.266623 
6.266619 
6.266560 
6.266440 
6.266266 
6.266066 
6.265863 
6.265691 
6.265530 
6.265399 
6.265361 
6.265451 
6.265692 
6.266008 
6.266299 
6.266448 
6.266475 
6.266494 
6.266518 
6.266541 
6.266549 
6.266570 
6.266586 
6.266600 
6.266651 
6.266704 
6.266731 
6.266746 
6.266787 
6.266849 
6.266933 
6.267048 
6.267190 
6.267256 
6.267199 
6.267099 
6.267060 
6.267101 
6.267183 
6.267270 
6.267342 
6.267395 
6.267441 
6.267472 
6.267481 
6.267488 
6.267533 
6.267603 
6.267686 
6.267845 
6.268091 
6.268396 
6.268700 
6.268892 
6.268926 
6.268834 
6.268713 
6.268657 
6.268713 
6.268789 
6.268888 
6.269009 
6.269073 
6.269148 
6.269226 
6.269303 
6.269399 
6.269493 
6.269587 
6.269679 
6.269749 
6.269803 
6.269887 
6.269925 
6.269967 
6.269994 
6.269962 
6.269934 
6.269876 
6.269776 
6.269699 
6.269601 
6.269476 
6.269405 
6.269317 
6.269233 
6.269191 
6.269130 
6.269113 
6.269119 
6.269122 
6.269152 
6.269207 
6.269254 
6.269325 
6.269411 
6.269467 
6.269578 
6.269664 
6.269769 
6.269890 
6.269966 
6.270078 
