300 
0.050537 
0.050582 
0.050560 
0.050612 
0.050652 
0.050614 
0.050680 
0.050652 
0.050681 
0.050728 
0.050705 
0.050738 
0.050748 
0.050716 
0.050692 
0.050651 
0.050569 
0.050504 
0.050408 
0.050325 
0.050267 
0.050146 
0.050058 
0.049980 
0.049879 
0.049812 
0.049751 
0.049671 
0.049644 
0.049631 
0.049601 
0.049618 
0.049624 
0.049672 
0.049747 
0.049820 
0.049900 
0.049993 
0.050049 
0.050083 
0.050069 
0.049997 
0.049943 
0.049844 
0.049722 
0.049579 
0.049344 
0.049048 
0.048815 
0.048748 
0.048891 
0.049208 
0.049554 
0.049840 
0.050024 
0.050141 
0.050282 
0.050426 
0.050564 
0.050709 
0.050838 
0.050932 
0.050998 
0.051093 
0.051237 
0.051386 
0.051514 
0.051581 
0.051601 
0.051646 
0.051817 
0.052100 
0.052411 
0.052689 
0.052911 
0.053067 
0.053157 
0.053216 
0.053263 
0.053294 
0.053291 
0.053304 
0.053354 
0.053416 
0.053489 
0.053550 
0.053549 
0.053526 
0.053582 
0.053714 
0.053876 
0.054036 
0.054150 
0.054163 
0.054110 
0.054074 
0.054094 
0.054128 
0.054149 
0.054143 
0.054099 
0.054015 
0.053936 
0.053908 
0.053925 
0.053938 
0.053958 
0.054002 
0.054117 
0.054268 
0.054407 
0.054473 
0.054450 
0.054335 
0.054148 
0.053937 
0.053717 
0.053516 
0.053338 
0.053200 
0.053105 
0.053063 
0.053046 
0.053021 
0.052968 
0.052895 
0.052786 
0.052672 
0.052569 
0.052437 
0.052273 
0.052107 
0.051957 
0.051838 
0.051752 
0.051698 
0.051659 
0.051634 
0.051628 
0.051626 
0.051638 
0.051659 
0.051682 
0.051714 
0.051748 
0.051780 
0.051801 
0.051805 
0.051738 
0.051639 
0.051511 
0.051367 
0.051245 
0.051142 
0.051051 
0.050978 
0.050904 
0.050828 
0.050752 
0.050679 
0.050591 
0.050502 
0.050394 
0.050262 
0.050103 
0.049923 
0.049734 
0.049521 
0.049275 
0.049041 
0.048865 
0.048787 
0.048805 
0.048774 
0.048681 
0.048558 
0.048431 
0.048338 
0.048280 
0.048261 
0.048242 
0.048232 
0.048216 
0.048206 
0.048160 
0.048095 
0.048006 
0.047908 
0.047810 
0.047697 
0.047626 
0.047598 
0.047647 
0.047739 
0.047844 
0.047932 
0.048006 
0.048070 
0.048071 
0.047995 
0.047834 
0.047609 
0.047364 
0.047115 
0.046898 
0.046681 
0.046501 
0.046431 
0.046532 
0.046831 
0.047253 
0.047642 
0.047825 
0.047815 
0.047765 
0.047726 
0.047682 
0.047628 
0.047594 
0.047559 
0.047531 
0.047547 
0.047570 
0.047568 
0.047557 
0.047581 
0.047643 
0.047752 
0.047922 
0.048128 
0.048246 
0.048204 
0.048095 
0.048069 
0.048164 
0.048325 
0.048490 
0.048629 
0.048748 
0.048850 
0.048924 
0.048979 
0.049037 
0.049151 
0.049306 
0.049476 
0.049727 
0.050070 
0.050483 
0.050887 
0.051119 
0.051122 
0.050935 
0.050663 
0.050458 
0.050400 
0.050392 
0.050416 
0.050473 
0.050478 
0.050506 
0.050556 
0.050612 
0.050694 
0.050784 
0.050874 
0.050970 
0.051053 
0.051112 
0.051206 
0.051251 
0.051321 
0.051366 
0.051351 
0.051348 
0.051302 
0.051231 
0.051170 
0.051084 
0.050962 
0.050898 
0.050807 
0.050709 
0.050656 
0.050569 
0.050540 
0.050509 
0.050472 
0.050476 
0.050482 
0.050480 
0.050507 
0.050543 
0.050539 
0.050609 
0.050625 
0.050681 
0.050753 
0.050760 
0.050837 
