300 
0.125321 
0.125877 
0.126339 
0.126776 
0.127016 
0.127033 
0.127027 
0.126938 
0.126914 
0.126824 
0.126559 
0.126163 
0.125594 
0.124806 
0.123879 
0.122871 
0.121865 
0.120950 
0.120082 
0.119351 
0.118734 
0.118190 
0.117766 
0.117442 
0.117207 
0.117078 
0.116979 
0.116836 
0.116785 
0.116893 
0.117114 
0.117471 
0.117799 
0.118130 
0.118498 
0.118887 
0.119381 
0.119917 
0.120423 
0.120910 
0.121362 
0.121749 
0.122137 
0.122435 
0.122691 
0.122904 
0.122870 
0.122299 
0.121430 
0.120964 
0.121546 
0.123033 
0.124469 
0.125230 
0.125414 
0.125332 
0.125313 
0.125442 
0.125638 
0.125905 
0.126248 
0.126682 
0.127305 
0.128271 
0.129603 
0.131059 
0.132354 
0.133081 
0.133497 
0.134354 
0.136241 
0.138744 
0.141076 
0.142872 
0.144109 
0.144939 
0.145541 
0.145992 
0.146310 
0.146524 
0.146700 
0.147005 
0.147534 
0.148361 
0.149350 
0.150294 
0.150813 
0.150590 
0.150293 
0.150607 
0.151402 
0.152007 
0.152058 
0.151680 
0.151166 
0.150852 
0.150780 
0.150707 
0.150495 
0.150147 
0.149738 
0.149346 
0.149222 
0.149477 
0.150053 
0.150723 
0.151341 
0.151801 
0.152410 
0.153648 
0.155321 
0.156672 
0.157306 
0.157398 
0.157094 
0.156546 
0.155858 
0.155170 
0.154555 
0.154116 
0.153961 
0.154112 
0.154425 
0.154714 
0.154785 
0.154499 
0.153746 
0.152597 
0.151472 
0.150480 
0.149070 
0.147282 
0.145521 
0.144037 
0.142751 
0.141581 
0.140503 
0.139462 
0.138505 
0.137687 
0.137021 
0.136467 
0.135954 
0.135525 
0.135166 
0.134912 
0.134669 
0.134399 
0.134059 
0.133521 
0.132248 
0.130751 
0.129410 
0.128482 
0.127765 
0.127087 
0.126414 
0.125718 
0.124934 
0.124101 
0.123211 
0.122299 
0.121280 
0.120097 
0.118666 
0.117102 
0.115341 
0.113468 
0.111525 
0.109804 
0.108637 
0.108215 
0.107755 
0.107086 
0.106112 
0.104974 
0.103887 
0.103000 
0.102333 
0.101796 
0.101250 
0.100680 
0.100067 
0.099432 
0.098732 
0.097990 
0.097159 
0.096321 
0.095528 
0.094907 
0.094996 
0.095743 
0.096439 
0.097167 
0.097967 
0.098749 
0.099448 
0.099994 
0.100271 
0.100222 
0.099801 
0.099022 
0.097971 
0.096723 
0.095308 
0.093778 
0.092327 
0.091330 
0.091187 
0.092255 
0.094274 
0.096233 
0.097162 
0.097300 
0.097413 
0.097769 
0.098203 
0.098618 
0.098949 
0.099223 
0.099474 
0.099728 
0.099998 
0.100262 
0.100527 
0.100892 
0.101485 
0.102370 
0.103655 
0.105426 
0.106942 
0.107283 
0.106785 
0.106746 
0.107620 
0.109012 
0.110535 
0.111884 
0.112999 
0.113757 
0.114083 
0.114054 
0.113906 
0.113897 
0.114151 
0.114688 
0.115552 
0.116873 
0.118865 
0.121195 
0.122792 
0.123092 
0.122585 
0.122237 
0.122467 
0.123013 
0.123544 
0.123940 
0.124157 
0.124239 
0.124337 
0.124499 
0.124779 
0.125202 
0.125710 
0.126306 
0.126984 
0.127701 
0.128485 
0.129329 
0.130048 
0.130656 
0.131065 
0.131267 
0.131358 
0.131337 
0.131137 
0.130766 
0.130193 
0.129444 
0.128632 
0.127732 
0.126804 
0.125913 
0.124976 
0.124144 
0.123400 
0.122768 
0.122365 
0.122099 
0.121931 
0.121949 
0.122093 
0.122252 
0.122539 
0.122808 
0.123154 
0.123629 
0.124154 
0.124929 
