300 
0.727247 
0.729418 
0.732433 
0.735286 
0.737320 
0.738404 
0.739188 
0.739868 
0.740576 
0.740956 
0.740605 
0.739552 
0.737978 
0.736149 
0.733998 
0.731697 
0.729201 
0.726594 
0.724038 
0.721856 
0.720105 
0.718645 
0.717540 
0.716863 
0.716205 
0.715396 
0.714447 
0.713447 
0.713066 
0.713847 
0.715747 
0.718662 
0.722134 
0.726070 
0.730622 
0.735985 
0.742689 
0.750775 
0.760219 
0.770714 
0.781906 
0.793598 
0.805771 
0.818438 
0.831448 
0.844149 
0.855656 
0.865529 
0.875748 
0.885758 
0.896040 
0.903741 
0.904034 
0.899145 
0.890581 
0.880212 
0.869837 
0.860270 
0.851650 
0.844535 
0.839516 
0.836971 
0.837882 
0.841512 
0.849351 
0.857487 
0.861599 
0.861558 
0.866083 
0.878810 
0.898413 
0.920323 
0.934972 
0.943405 
0.948277 
0.951168 
0.953599 
0.956428 
0.959762 
0.963558 
0.967793 
0.971981 
0.976042 
0.979282 
0.981168 
0.980394 
0.977300 
0.970571 
0.964514 
0.964632 
0.969998 
0.976367 
0.975972 
0.969613 
0.961705 
0.953520 
0.945976 
0.939488 
0.934065 
0.930257 
0.928424 
0.928483 
0.929189 
0.929561 
0.928684 
0.926034 
0.919489 
0.909405 
0.899424 
0.898439 
0.906510 
0.917809 
0.923362 
0.923149 
0.922093 
0.920802 
0.919864 
0.919611 
0.920364 
0.920995 
0.921374 
0.920679 
0.918995 
0.915032 
0.908598 
0.898537 
0.885246 
0.868620 
0.850994 
0.842655 
0.841426 
0.839495 
0.832988 
0.825320 
0.818856 
0.813170 
0.809001 
0.805834 
0.804043 
0.803616 
0.804018 
0.803818 
0.802861 
0.800504 
0.796860 
0.791016 
0.782188 
0.770308 
0.756987 
0.753118 
0.756071 
0.755250 
0.749192 
0.742486 
0.737253 
0.732765 
0.729309 
0.726633 
0.725023 
0.723415 
0.721838 
0.719032 
0.714608 
0.707930 
0.699287 
0.688625 
0.675980 
0.661181 
0.648154 
0.642114 
0.638835 
0.632339 
0.621674 
0.611646 
0.604546 
0.599436 
0.596148 
0.594897 
0.594748 
0.595123 
0.595660 
0.595410 
0.594039 
0.591547 
0.587633 
0.581938 
0.574007 
0.565691 
0.562834 
0.566952 
0.568731 
0.565656 
0.559356 
0.553315 
0.547693 
0.543252 
0.539860 
0.537493 
0.535435 
0.532793 
0.529011 
0.523569 
0.516266 
0.507305 
0.497277 
0.487116 
0.477392 
0.469941 
0.467867 
0.471736 
0.476247 
0.478591 
0.476032 
0.470962 
0.465404 
0.462959 
0.462835 
0.464168 
0.466494 
0.469173 
0.471709 
0.473880 
0.475438 
0.475857 
0.474988 
0.473460 
0.473087 
0.476404 
0.489232 
0.508131 
0.525175 
0.537445 
0.542133 
0.542054 
0.542897 
0.545821 
0.548191 
0.549443 
0.548752 
0.545850 
0.540183 
0.531991 
0.521806 
0.510491 
0.499540 
0.490207 
0.484500 
0.483861 
0.490961 
0.502680 
0.515733 
0.528500 
0.538982 
0.546106 
0.552829 
0.561829 
0.571957 
0.582525 
0.593110 
0.603428 
0.613469 
0.622954 
0.631583 
0.639371 
0.646626 
0.653528 
0.660354 
0.667547 
0.675099 
0.682462 
0.688970 
0.694414 
0.698554 
0.701552 
0.704002 
0.706010 
0.707373 
0.707963 
0.707746 
0.706739 
0.705545 
0.704339 
0.703104 
0.702198 
0.701741 
0.701772 
0.702423 
0.703677 
0.705475 
0.707677 
0.710496 
0.714081 
0.717973 
0.722016 
0.726413 
0.730854 
0.735521 
0.740237 
0.744456 
0.747876 
