300 
1.160559 
1.162174 
1.163645 
1.164834 
1.165519 
1.165491 
1.165145 
1.164685 
1.164282 
1.163651 
1.162502 
1.160867 
1.158747 
1.156103 
1.153044 
1.149855 
1.146731 
1.143790 
1.141113 
1.138902 
1.137198 
1.135896 
1.134938 
1.134305 
1.133832 
1.133396 
1.132897 
1.132263 
1.131752 
1.131658 
1.131989 
1.132743 
1.133586 
1.134395 
1.135326 
1.136546 
1.138220 
1.140333 
1.142808 
1.145511 
1.148348 
1.151335 
1.154572 
1.158040 
1.161961 
1.166123 
1.169660 
1.170905 
1.170783 
1.171355 
1.173900 
1.178225 
1.181884 
1.183514 
1.183506 
1.182588 
1.181545 
1.180888 
1.180540 
1.180524 
1.181086 
1.182464 
1.184901 
1.188469 
1.192892 
1.196721 
1.198308 
1.196656 
1.195162 
1.198577 
1.207047 
1.217884 
1.227268 
1.233486 
1.237035 
1.239138 
1.240576 
1.241866 
1.243322 
1.245140 
1.247446 
1.250292 
1.253654 
1.257306 
1.260698 
1.263033 
1.263457 
1.261930 
1.260750 
1.262500 
1.265803 
1.268458 
1.269325 
1.268436 
1.266152 
1.263752 
1.261586 
1.259655 
1.257922 
1.256825 
1.256471 
1.257066 
1.258343 
1.260051 
1.261428 
1.261856 
1.260958 
1.259344 
1.259117 
1.262404 
1.267439 
1.271971 
1.274406 
1.275113 
1.274482 
1.273439 
1.272322 
1.271518 
1.271008 
1.270894 
1.270953 
1.271195 
1.271051 
1.270141 
1.267904 
1.264050 
1.258302 
1.251624 
1.245092 
1.239828 
1.235334 
1.231246 
1.227392 
1.224344 
1.221523 
1.218770 
1.216107 
1.213887 
1.212181 
1.211322 
1.210791 
1.210360 
1.209507 
1.208343 
1.206787 
1.204729 
1.202091 
1.199018 
1.195665 
1.192387 
1.188597 
1.184605 
1.180869 
1.177974 
1.175487 
1.173437 
1.171623 
1.170229 
1.168846 
1.167578 
1.165918 
1.163931 
1.161108 
1.157407 
1.152658 
1.147046 
1.140467 
1.133446 
1.126193 
1.120551 
1.116529 
1.114104 
1.110927 
1.107229 
1.103388 
1.100339 
1.098255 
1.097445 
1.097131 
1.097061 
1.096447 
1.095481 
1.093939 
1.092262 
1.090435 
1.088507 
1.086196 
1.083752 
1.081405 
1.080406 
1.080466 
1.080948 
1.080634 
1.079688 
1.078511 
1.077913 
1.077516 
1.077342 
1.076697 
1.075572 
1.073634 
1.070987 
1.067378 
1.062944 
1.057805 
1.052497 
1.047244 
1.043373 
1.041793 
1.043111 
1.046785 
1.051250 
1.054090 
1.054135 
1.053459 
1.053882 
1.054784 
1.056017 
1.056950 
1.057712 
1.058181 
1.058721 
1.059146 
1.059409 
1.059274 
1.059044 
1.059268 
1.061563 
1.067360 
1.075964 
1.084192 
1.089169 
1.091362 
1.092219 
1.094030 
1.097210 
1.100658 
1.103826 
1.106288 
1.107773 
1.108041 
1.107107 
1.105341 
1.103464 
1.101945 
1.101335 
1.102564 
1.106933 
1.114418 
1.121296 
1.125519 
1.127129 
1.127522 
1.128556 
1.131199 
1.134593 
1.137889 
1.140792 
1.143368 
1.145697 
1.148014 
1.150246 
1.152421 
1.154534 
1.156575 
1.158581 
1.160678 
1.162961 
1.165423 
1.167900 
1.170046 
1.171766 
1.173039 
1.173828 
1.174363 
1.174694 
1.174731 
1.174288 
1.173237 
1.171615 
1.169682 
1.167512 
1.165124 
1.162715 
1.160365 
1.158225 
1.156364 
1.154886 
1.153974 
1.153499 
1.153345 
1.153681 
1.154416 
1.155363 
1.156595 
1.158011 
1.159704 
1.161806 
1.164286 
1.167378 
