300 
0.536717 
0.535897 
0.537988 
0.541160 
0.544301 
0.546858 
0.549513 
0.552317 
0.555431 
0.558770 
0.561915 
0.564762 
0.567497 
0.570350 
0.573185 
0.575974 
0.578244 
0.580087 
0.581750 
0.583863 
0.586420 
0.589489 
0.593522 
0.598367 
0.603379 
0.608450 
0.613958 
0.620493 
0.628892 
0.639485 
0.652100 
0.666685 
0.682877 
0.700621 
0.720038 
0.741511 
0.765686 
0.792108 
0.820027 
0.848430 
0.876394 
0.902702 
0.926315 
0.949163 
0.969784 
0.987128 
0.996009 
1.000479 
1.001383 
1.001632 
0.998514 
0.994827 
0.986486 
0.975399 
0.962260 
0.948006 
0.934410 
0.922802 
0.913888 
0.905614 
0.899932 
0.895348 
0.893166 
0.898420 
0.901819 
0.894786 
0.889159 
0.900229 
0.915711 
0.929088 
0.943304 
0.955873 
0.963476 
0.966339 
0.965191 
0.961614 
0.956976 
0.951905 
0.945872 
0.938313 
0.929180 
0.917499 
0.904673 
0.890499 
0.874102 
0.855192 
0.837976 
0.833218 
0.843559 
0.860181 
0.877452 
0.883956 
0.881991 
0.872422 
0.861087 
0.847592 
0.835865 
0.824349 
0.813637 
0.804768 
0.797956 
0.790378 
0.781387 
0.773891 
0.763295 
0.753178 
0.737976 
0.732302 
0.745812 
0.770858 
0.800924 
0.822226 
0.830917 
0.830871 
0.828213 
0.821765 
0.814629 
0.806291 
0.796137 
0.784127 
0.771069 
0.756336 
0.740137 
0.721853 
0.700808 
0.679516 
0.660559 
0.655327 
0.673121 
0.702937 
0.720791 
0.723121 
0.717865 
0.708031 
0.698280 
0.687699 
0.678299 
0.668150 
0.658452 
0.649028 
0.639579 
0.628634 
0.616026 
0.603875 
0.589289 
0.575535 
0.560924 
0.560324 
0.586279 
0.622325 
0.648221 
0.660635 
0.664397 
0.658740 
0.649134 
0.636105 
0.621931 
0.606065 
0.589417 
0.572624 
0.555486 
0.536907 
0.517175 
0.496365 
0.473506 
0.453963 
0.441922 
0.450520 
0.478419 
0.502571 
0.510142 
0.506359 
0.499204 
0.488371 
0.479555 
0.469057 
0.460567 
0.451256 
0.441563 
0.431911 
0.421107 
0.409408 
0.396197 
0.382163 
0.364403 
0.350213 
0.342883 
0.358761 
0.391368 
0.419816 
0.441163 
0.450500 
0.451232 
0.443424 
0.432519 
0.418278 
0.403432 
0.387720 
0.370704 
0.352318 
0.332281 
0.310736 
0.288195 
0.267344 
0.246347 
0.233905 
0.234327 
0.255526 
0.287018 
0.315383 
0.326544 
0.324424 
0.317554 
0.307952 
0.298827 
0.289589 
0.280099 
0.270313 
0.260444 
0.251369 
0.241821 
0.232077 
0.220543 
0.209048 
0.198072 
0.190528 
0.190248 
0.212475 
0.250310 
0.295622 
0.327396 
0.334573 
0.326476 
0.312048 
0.297294 
0.282660 
0.267916 
0.252862 
0.237091 
0.220857 
0.203668 
0.185186 
0.166932 
0.150093 
0.135823 
0.125585 
0.121434 
0.125135 
0.139827 
0.156064 
0.172385 
0.186386 
0.196597 
0.205924 
0.218055 
0.233881 
0.253191 
0.275526 
0.299129 
0.323129 
0.347157 
0.370324 
0.392627 
0.414277 
0.435244 
0.456218 
0.477264 
0.497599 
0.516574 
0.533574 
0.547280 
0.558554 
0.568489 
0.576991 
0.583857 
0.589249 
0.592837 
0.595089 
0.597319 
0.599820 
0.602522 
0.605940 
0.610249 
0.615528 
0.621720 
0.628852 
0.636539 
0.644324 
0.652702 
0.662069 
0.671773 
0.681407 
0.690932 
0.700123 
0.708666 
0.715837 
0.720343 
0.720343 
0.720343 
0.720343 
