300 
0.021865 
0.021896 
0.021871 
0.021914 
0.021935 
0.021879 
0.021901 
0.021851 
0.021871 
0.021892 
0.021869 
0.021849 
0.021806 
0.021683 
0.021553 
0.021371 
0.021148 
0.020950 
0.020703 
0.020487 
0.020301 
0.020057 
0.019847 
0.019667 
0.019480 
0.019350 
0.019232 
0.019090 
0.019010 
0.018959 
0.018908 
0.018921 
0.018928 
0.018981 
0.019063 
0.019165 
0.019282 
0.019396 
0.019470 
0.019498 
0.019460 
0.019369 
0.019284 
0.019136 
0.018938 
0.018686 
0.018293 
0.017816 
0.017444 
0.017332 
0.017533 
0.018029 
0.018638 
0.019139 
0.019452 
0.019667 
0.019924 
0.020224 
0.020534 
0.020859 
0.021152 
0.021367 
0.021535 
0.021740 
0.022039 
0.022381 
0.022692 
0.022881 
0.022987 
0.023127 
0.023410 
0.023863 
0.024392 
0.024882 
0.025280 
0.025575 
0.025804 
0.026005 
0.026167 
0.026277 
0.026322 
0.026372 
0.026466 
0.026591 
0.026729 
0.026834 
0.026848 
0.026815 
0.026886 
0.027065 
0.027273 
0.027446 
0.027531 
0.027466 
0.027312 
0.027220 
0.027235 
0.027293 
0.027327 
0.027294 
0.027179 
0.026993 
0.026823 
0.026733 
0.026707 
0.026687 
0.026673 
0.026704 
0.026841 
0.026997 
0.027097 
0.027058 
0.026904 
0.026648 
0.026322 
0.025986 
0.025661 
0.025395 
0.025171 
0.024986 
0.024868 
0.024825 
0.024803 
0.024756 
0.024661 
0.024522 
0.024310 
0.024060 
0.023819 
0.023519 
0.023156 
0.022797 
0.022452 
0.022170 
0.021935 
0.021736 
0.021572 
0.021435 
0.021309 
0.021202 
0.021108 
0.021042 
0.020977 
0.020944 
0.020923 
0.020911 
0.020880 
0.020807 
0.020586 
0.020307 
0.019993 
0.019685 
0.019438 
0.019233 
0.019070 
0.018954 
0.018849 
0.018747 
0.018638 
0.018524 
0.018398 
0.018258 
0.018102 
0.017895 
0.017628 
0.017302 
0.016918 
0.016460 
0.015928 
0.015391 
0.014954 
0.014705 
0.014624 
0.014519 
0.014306 
0.014026 
0.013741 
0.013495 
0.013296 
0.013156 
0.013015 
0.012893 
0.012777 
0.012679 
0.012558 
0.012425 
0.012245 
0.012047 
0.011831 
0.011610 
0.011429 
0.011327 
0.011363 
0.011508 
0.011700 
0.011867 
0.012006 
0.012100 
0.012110 
0.012005 
0.011775 
0.011457 
0.011098 
0.010744 
0.010402 
0.010041 
0.009718 
0.009539 
0.009633 
0.010085 
0.010799 
0.011501 
0.011880 
0.011856 
0.011682 
0.011531 
0.011390 
0.011272 
0.011182 
0.011113 
0.011076 
0.011088 
0.011109 
0.011113 
0.011100 
0.011133 
0.011241 
0.011446 
0.011737 
0.012066 
0.012286 
0.012265 
0.012111 
0.012097 
0.012360 
0.012772 
0.013200 
0.013573 
0.013909 
0.014208 
0.014447 
0.014648 
0.014854 
0.015146 
0.015513 
0.015899 
0.016344 
0.016873 
0.017501 
0.018112 
0.018494 
0.018540 
0.018261 
0.017769 
0.017308 
0.017029 
0.016836 
0.016727 
0.016678 
0.016586 
0.016527 
0.016499 
0.016505 
0.016564 
0.016657 
0.016756 
0.016875 
0.016976 
0.017066 
0.017200 
0.017289 
0.017388 
0.017474 
0.017476 
0.017509 
0.017494 
0.017448 
0.017376 
0.017271 
0.017120 
0.016998 
0.016858 
0.016694 
0.016579 
0.016408 
0.016283 
0.016157 
0.016038 
0.015959 
0.015891 
0.015802 
0.015757 
0.015732 
0.015663 
0.015663 
0.015609 
0.015583 
0.015586 
0.015523 
0.015562 
