300 
0.494724 
0.496774 
0.500188 
0.503704 
0.506537 
0.508370 
0.509918 
0.511375 
0.512802 
0.513884 
0.514291 
0.514068 
0.513403 
0.512663 
0.511836 
0.510849 
0.509547 
0.508022 
0.506379 
0.505010 
0.503992 
0.503217 
0.502775 
0.502848 
0.502923 
0.502822 
0.502724 
0.502670 
0.503529 
0.505892 
0.509614 
0.514792 
0.520876 
0.527771 
0.535670 
0.544684 
0.555513 
0.568356 
0.583080 
0.599330 
0.616587 
0.634160 
0.652034 
0.669461 
0.686192 
0.701436 
0.713971 
0.725598 
0.737888 
0.749962 
0.758606 
0.761884 
0.757908 
0.749858 
0.737728 
0.724090 
0.710094 
0.697110 
0.685143 
0.674998 
0.667172 
0.662043 
0.660752 
0.662528 
0.669951 
0.677363 
0.683005 
0.687100 
0.695970 
0.711119 
0.732112 
0.752818 
0.765775 
0.773286 
0.777189 
0.779187 
0.780731 
0.782361 
0.784274 
0.786400 
0.788457 
0.790013 
0.790977 
0.790564 
0.788250 
0.783465 
0.776390 
0.765702 
0.758245 
0.758921 
0.765317 
0.770344 
0.767615 
0.759875 
0.750524 
0.740818 
0.731726 
0.724040 
0.717671 
0.713227 
0.710882 
0.710621 
0.710489 
0.709906 
0.708462 
0.705657 
0.698432 
0.688465 
0.679173 
0.679071 
0.691170 
0.704724 
0.709740 
0.709633 
0.707943 
0.705987 
0.704033 
0.702785 
0.702319 
0.701499 
0.700014 
0.697547 
0.693652 
0.687687 
0.678850 
0.667132 
0.652099 
0.634264 
0.619180 
0.615044 
0.617995 
0.614893 
0.607065 
0.599142 
0.591199 
0.584481 
0.579094 
0.575086 
0.571979 
0.570528 
0.569506 
0.567758 
0.565342 
0.561592 
0.556676 
0.549641 
0.540223 
0.527688 
0.516814 
0.517909 
0.526447 
0.527760 
0.523390 
0.518081 
0.512453 
0.507138 
0.502434 
0.498277 
0.495016 
0.491833 
0.488258 
0.483558 
0.477036 
0.468360 
0.457751 
0.445233 
0.431400 
0.417204 
0.408719 
0.408302 
0.407145 
0.397718 
0.385615 
0.375132 
0.367303 
0.361343 
0.357459 
0.355020 
0.353637 
0.352427 
0.351724 
0.349891 
0.346857 
0.342641 
0.336780 
0.328659 
0.319607 
0.311011 
0.312223 
0.320860 
0.324391 
0.320383 
0.314415 
0.308210 
0.303337 
0.298451 
0.294835 
0.291647 
0.288789 
0.284800 
0.279525 
0.272362 
0.263118 
0.252286 
0.240771 
0.229296 
0.219808 
0.214341 
0.217004 
0.225594 
0.230688 
0.228117 
0.219128 
0.209703 
0.202773 
0.199322 
0.197860 
0.197339 
0.198211 
0.199417 
0.200140 
0.200980 
0.200748 
0.199068 
0.196591 
0.193825 
0.193648 
0.198727 
0.214474 
0.237790 
0.257593 
0.269172 
0.270133 
0.266992 
0.265660 
0.266314 
0.264724 
0.262524 
0.258276 
0.251898 
0.243122 
0.231827 
0.218681 
0.204378 
0.190758 
0.179076 
0.171621 
0.169352 
0.176457 
0.190907 
0.207528 
0.222059 
0.231419 
0.236397 
0.243361 
0.254095 
0.266905 
0.281599 
0.296782 
0.312204 
0.327197 
0.341797 
0.355322 
0.367567 
0.378952 
0.389692 
0.400146 
0.410788 
0.421404 
0.431395 
0.440289 
0.447632 
0.453170 
0.457647 
0.461697 
0.465144 
0.467595 
0.469119 
0.469806 
0.469862 
0.469962 
0.470214 
0.470490 
0.471337 
0.472757 
0.474736 
0.477455 
0.480787 
0.484608 
0.488827 
0.493714 
0.499217 
0.504870 
0.510723 
0.516892 
0.522975 
0.529085 
0.534765 
0.539160 
0.539160 
