300 
1.346223 
1.348493 
1.350645 
1.352365 
1.353441 
1.353613 
1.353380 
1.353057 
1.352802 
1.352247 
1.351082 
1.349403 
1.347198 
1.344473 
1.341348 
1.338138 
1.335020 
1.332053 
1.329329 
1.327087 
1.325366 
1.324022 
1.323003 
1.322238 
1.321495 
1.320642 
1.319659 
1.318572 
1.317741 
1.317472 
1.317833 
1.318753 
1.319878 
1.321082 
1.322483 
1.324307 
1.326772 
1.329903 
1.333585 
1.337629 
1.341864 
1.346453 
1.351541 
1.357397 
1.363876 
1.370836 
1.375849 
1.377876 
1.378797 
1.380482 
1.383834 
1.388416 
1.392463 
1.393793 
1.392688 
1.390288 
1.387728 
1.385683 
1.384113 
1.383224 
1.383403 
1.384948 
1.388122 
1.393033 
1.399074 
1.404410 
1.405334 
1.402572 
1.402009 
1.407604 
1.419256 
1.433869 
1.447028 
1.455809 
1.461151 
1.464794 
1.467719 
1.470666 
1.473820 
1.477355 
1.481352 
1.485742 
1.490384 
1.494806 
1.498179 
1.499933 
1.498631 
1.494962 
1.492781 
1.493681 
1.497237 
1.501201 
1.503569 
1.503227 
1.500994 
1.498354 
1.495868 
1.493548 
1.491498 
1.490220 
1.489956 
1.490786 
1.492209 
1.493597 
1.493936 
1.492682 
1.489226 
1.484574 
1.482537 
1.484773 
1.490457 
1.496727 
1.500692 
1.502130 
1.502359 
1.502067 
1.501780 
1.501709 
1.502015 
1.502365 
1.502689 
1.502631 
1.501684 
1.499230 
1.494742 
1.487850 
1.478564 
1.467565 
1.457021 
1.448709 
1.443253 
1.438928 
1.434902 
1.431119 
1.427847 
1.424673 
1.421860 
1.419455 
1.417971 
1.417316 
1.417163 
1.416649 
1.415545 
1.413554 
1.410935 
1.407293 
1.402750 
1.397209 
1.391759 
1.386883 
1.382948 
1.378525 
1.373722 
1.369431 
1.366043 
1.363143 
1.360864 
1.358858 
1.357367 
1.355749 
1.353994 
1.351369 
1.347794 
1.342809 
1.336571 
1.329032 
1.320228 
1.310320 
1.301107 
1.293801 
1.288210 
1.283549 
1.278119 
1.272076 
1.266297 
1.261558 
1.258519 
1.256937 
1.256506 
1.256272 
1.255971 
1.255109 
1.253852 
1.252234 
1.250650 
1.248634 
1.245844 
1.242244 
1.240096 
1.239740 
1.239721 
1.238692 
1.236490 
1.233246 
1.229507 
1.226081 
1.223781 
1.221806 
1.220123 
1.217763 
1.214866 
1.211007 
1.206352 
1.200680 
1.194577 
1.188526 
1.183152 
1.179312 
1.178526 
1.180605 
1.183650 
1.186652 
1.188053 
1.186832 
1.184598 
1.183847 
1.184953 
1.186594 
1.188689 
1.190786 
1.192985 
1.195204 
1.197374 
1.199215 
1.200570 
1.201652 
1.203469 
1.208313 
1.217574 
1.229869 
1.240401 
1.246652 
1.249520 
1.250715 
1.252561 
1.255873 
1.260220 
1.264296 
1.267404 
1.268994 
1.268766 
1.266781 
1.263572 
1.259999 
1.256872 
1.254950 
1.255689 
1.260846 
1.269083 
1.277171 
1.282210 
1.284914 
1.286805 
1.289185 
1.293596 
1.299587 
1.305481 
1.310799 
1.315441 
1.319623 
1.323504 
1.327067 
1.330359 
1.333452 
1.336402 
1.339263 
1.342209 
1.345452 
1.348953 
1.352374 
1.355217 
1.357422 
1.358966 
1.359821 
1.360298 
1.360543 
1.360516 
1.360031 
1.358873 
1.357080 
1.355064 
1.352918 
1.350632 
1.348424 
1.346374 
1.344620 
1.343245 
1.342310 
1.341916 
1.341901 
1.342183 
1.342979 
1.344173 
1.345590 
1.347340 
1.349298 
1.351636 
1.354478 
1.357665 
1.361411 
