300 
0.397973 
0.396352 
0.397905 
0.400696 
0.403592 
0.406005 
0.408605 
0.411427 
0.414682 
0.418300 
0.421854 
0.425289 
0.428710 
0.432281 
0.435859 
0.439411 
0.442456 
0.445128 
0.447724 
0.450797 
0.454369 
0.458515 
0.463771 
0.469869 
0.476240 
0.482779 
0.489948 
0.498382 
0.508851 
0.521589 
0.536389 
0.553191 
0.571629 
0.591666 
0.613464 
0.637423 
0.663842 
0.692214 
0.721456 
0.750682 
0.778593 
0.804392 
0.826685 
0.849982 
0.869731 
0.886100 
0.894426 
0.898073 
0.896191 
0.881362 
0.873076 
0.865641 
0.854402 
0.841886 
0.828033 
0.812514 
0.798947 
0.787228 
0.778621 
0.770256 
0.764430 
0.759192 
0.756839 
0.761414 
0.760184 
0.756518 
0.763427 
0.781342 
0.804246 
0.816284 
0.825000 
0.832665 
0.838274 
0.839902 
0.837337 
0.833046 
0.827524 
0.821704 
0.814479 
0.805490 
0.794058 
0.779605 
0.764652 
0.746890 
0.726996 
0.705638 
0.694893 
0.697839 
0.710732 
0.736613 
0.745223 
0.745181 
0.741158 
0.730378 
0.718364 
0.704651 
0.692371 
0.680635 
0.669639 
0.661002 
0.653673 
0.645219 
0.636212 
0.627645 
0.617322 
0.606489 
0.600697 
0.604286 
0.624644 
0.658780 
0.687948 
0.703906 
0.709959 
0.710191 
0.707003 
0.700352 
0.692702 
0.683109 
0.671549 
0.657809 
0.642807 
0.625743 
0.606996 
0.585232 
0.561227 
0.539497 
0.525507 
0.527234 
0.553623 
0.590076 
0.597708 
0.594367 
0.585905 
0.575833 
0.565475 
0.554500 
0.544439 
0.534348 
0.524803 
0.515710 
0.505635 
0.493730 
0.482423 
0.467969 
0.455024 
0.442814 
0.431957 
0.449464 
0.483349 
0.520998 
0.542639 
0.554153 
0.555509 
0.549985 
0.539708 
0.526586 
0.511468 
0.494172 
0.476376 
0.458200 
0.438732 
0.417619 
0.395189 
0.370905 
0.347328 
0.330721 
0.328617 
0.350059 
0.378116 
0.387721 
0.386593 
0.381547 
0.371705 
0.362081 
0.351735 
0.341718 
0.333126 
0.323092 
0.313224 
0.303759 
0.292111 
0.279599 
0.266174 
0.248429 
0.233233 
0.222791 
0.224365 
0.267285 
0.298478 
0.327983 
0.347513 
0.356270 
0.353467 
0.345356 
0.331910 
0.316016 
0.299558 
0.281256 
0.261276 
0.239552 
0.215871 
0.190440 
0.165358 
0.139643 
0.120406 
0.113573 
0.128238 
0.160695 
0.194158 
0.216347 
0.217534 
0.213921 
0.205844 
0.197082 
0.187549 
0.177909 
0.167598 
0.156654 
0.146046 
0.135899 
0.125020 
0.112720 
0.099324 
0.084697 
0.071415 
0.067098 
0.078836 
0.117107 
0.171767 
0.221262 
0.242965 
0.242449 
0.229108 
0.212153 
0.194599 
0.176669 
0.158701 
0.140101 
0.120703 
0.101400 
0.080461 
0.059733 
0.039269 
0.021289 
0.006438 
6.280583 
6.279483 
0.004988 
0.023509 
0.044274 
0.064046 
0.081201 
0.093420 
0.106113 
0.122716 
0.142136 
0.165087 
0.189673 
0.215082 
0.240611 
0.265463 
0.289313 
0.312645 
0.335253 
0.358043 
0.381357 
0.404274 
0.426107 
0.446247 
0.463079 
0.476600 
0.488568 
0.498852 
0.507144 
0.513742 
0.518317 
0.520910 
0.522994 
0.525207 
0.527477 
0.530368 
0.534276 
0.539007 
0.544652 
0.551227 
0.558379 
0.565390 
0.572585 
0.581243 
0.590555 
0.599601 
0.608679 
0.617596 
0.625926 
0.633306 
0.638093 
0.638093 
0.638093 
0.638093 
0.638093 
