300 
0.531653 
0.531435 
0.533536 
0.536403 
0.538945 
0.540786 
0.542560 
0.544453 
0.546472 
0.548525 
0.550150 
0.551338 
0.552332 
0.553523 
0.554746 
0.555931 
0.556676 
0.557076 
0.557309 
0.557913 
0.558996 
0.560508 
0.562845 
0.565884 
0.569060 
0.572267 
0.575721 
0.579881 
0.585371 
0.592694 
0.601733 
0.612572 
0.624675 
0.637882 
0.652331 
0.668353 
0.686831 
0.707718 
0.730640 
0.755075 
0.780091 
0.804553 
0.827658 
0.849184 
0.869691 
0.887714 
0.900725 
0.909782 
0.916545 
0.922084 
0.925354 
0.923752 
0.918479 
0.908898 
0.896780 
0.882983 
0.869121 
0.856689 
0.846274 
0.837732 
0.831403 
0.827825 
0.826922 
0.830708 
0.838118 
0.840217 
0.839431 
0.840831 
0.848173 
0.861363 
0.880704 
0.897165 
0.906590 
0.911896 
0.913873 
0.913007 
0.911522 
0.909421 
0.907311 
0.904442 
0.900732 
0.895460 
0.889022 
0.880975 
0.870903 
0.858138 
0.843434 
0.827684 
0.822689 
0.829349 
0.841989 
0.850201 
0.848500 
0.841280 
0.831614 
0.820593 
0.810143 
0.800862 
0.792745 
0.786208 
0.781782 
0.778009 
0.774086 
0.769293 
0.763149 
0.755845 
0.744342 
0.730281 
0.723757 
0.732452 
0.753815 
0.775568 
0.784049 
0.785345 
0.783781 
0.780164 
0.775746 
0.771447 
0.766302 
0.760470 
0.753037 
0.744585 
0.734354 
0.722418 
0.707667 
0.691453 
0.672585 
0.656044 
0.650408 
0.661616 
0.675483 
0.678413 
0.673130 
0.665982 
0.657737 
0.649665 
0.642095 
0.635569 
0.629021 
0.623655 
0.617458 
0.611220 
0.603157 
0.594897 
0.584689 
0.574070 
0.560302 
0.547272 
0.545065 
0.565033 
0.584126 
0.594455 
0.595592 
0.592935 
0.586096 
0.578015 
0.568703 
0.559238 
0.549356 
0.539508 
0.529074 
0.517813 
0.504807 
0.490596 
0.475003 
0.458848 
0.442457 
0.433352 
0.438349 
0.452569 
0.458003 
0.453242 
0.443755 
0.435132 
0.426595 
0.419120 
0.412346 
0.406710 
0.400589 
0.394932 
0.388728 
0.381381 
0.373038 
0.363714 
0.352676 
0.340631 
0.328509 
0.326043 
0.339824 
0.358222 
0.367764 
0.372189 
0.370291 
0.365746 
0.358411 
0.350074 
0.341202 
0.332247 
0.322596 
0.312094 
0.300068 
0.286471 
0.271390 
0.255668 
0.240756 
0.227975 
0.220251 
0.222962 
0.239230 
0.257860 
0.266608 
0.262640 
0.253737 
0.243404 
0.234615 
0.227202 
0.220877 
0.214835 
0.209340 
0.204270 
0.199478 
0.194223 
0.188601 
0.181500 
0.175070 
0.170225 
0.170287 
0.178902 
0.202605 
0.229243 
0.252546 
0.263211 
0.262031 
0.254643 
0.247038 
0.238929 
0.231006 
0.222541 
0.213228 
0.202647 
0.190864 
0.177203 
0.162477 
0.147268 
0.134160 
0.123825 
0.118376 
0.118855 
0.128491 
0.143055 
0.157313 
0.170352 
0.180149 
0.187401 
0.196421 
0.209355 
0.225358 
0.244067 
0.264539 
0.285544 
0.306564 
0.327323 
0.347043 
0.365700 
0.383628 
0.400808 
0.417909 
0.434970 
0.451339 
0.466593 
0.480172 
0.491326 
0.500530 
0.508634 
0.515664 
0.521494 
0.525929 
0.529028 
0.531044 
0.532904 
0.535135 
0.537311 
0.539870 
0.543301 
0.547281 
0.552055 
0.557687 
0.563827 
0.570086 
0.576790 
0.584278 
0.591938 
0.599482 
0.607136 
0.614448 
0.621296 
0.627239 
0.631120 
0.631120 
0.631120 
