300 
0.015336 
0.015335 
0.015334 
0.015334 
0.015334 
0.015334 
0.015336 
0.015337 
0.015335 
0.015336 
0.015336 
0.015338 
0.015339 
0.015338 
0.015342 
0.015340 
0.015340 
0.015340 
0.015338 
0.015334 
0.015333 
0.015335 
0.015329 
0.015326 
0.015321 
0.015318 
0.015311 
0.015308 
0.015307 
0.015305 
0.015304 
0.015305 
0.015309 
0.015310 
0.015314 
0.015313 
0.015319 
0.015323 
0.015323 
0.015324 
0.015323 
0.015322 
0.015320 
0.015320 
0.015314 
0.015303 
0.015275 
0.015261 
0.015236 
0.015214 
0.015227 
0.015249 
0.015267 
0.015291 
0.015307 
0.015317 
0.015323 
0.015332 
0.015336 
0.015338 
0.015335 
0.015330 
0.015327 
0.015325 
0.015331 
0.015331 
0.015323 
0.015321 
0.015315 
0.015313 
0.015329 
0.015355 
0.015386 
0.015400 
0.015409 
0.015417 
0.015413 
0.015407 
0.015402 
0.015399 
0.015381 
0.015375 
0.015376 
0.015370 
0.015364 
0.015368 
0.015368 
0.015352 
0.015344 
0.015361 
0.015378 
0.015385 
0.015403 
0.015421 
0.015422 
0.015425 
0.015429 
0.015429 
0.015431 
0.015427 
0.015420 
0.015417 
0.015420 
0.015425 
0.015429 
0.015439 
0.015445 
0.015441 
0.015453 
0.015462 
0.015478 
0.015489 
0.015492 
0.015494 
0.015478 
0.015463 
0.015444 
0.015418 
0.015409 
0.015393 
0.015381 
0.015372 
0.015368 
0.015365 
0.015360 
0.015356 
0.015357 
0.015352 
0.015356 
0.015356 
0.015356 
0.015355 
0.015354 
0.015350 
0.015352 
0.015351 
0.015350 
0.015353 
0.015355 
0.015357 
0.015363 
0.015366 
0.015369 
0.015373 
0.015376 
0.015377 
0.015382 
0.015383 
0.015382 
0.015377 
0.015376 
0.015373 
0.015370 
0.015364 
0.015359 
0.015357 
0.015356 
0.015349 
0.015346 
0.015345 
0.015340 
0.015334 
0.015331 
0.015323 
0.015315 
0.015305 
0.015299 
0.015293 
0.015286 
0.015280 
0.015286 
0.015291 
0.015294 
0.015299 
0.015293 
0.015291 
0.015291 
0.015283 
0.015283 
0.015290 
0.015280 
0.015278 
0.015284 
0.015283 
0.015268 
0.015259 
0.015254 
0.015247 
0.015247 
0.015246 
0.015243 
0.015244 
0.015249 
0.015260 
0.015265 
0.015271 
0.015277 
0.015280 
0.015280 
0.015279 
0.015269 
0.015259 
0.015246 
0.015235 
0.015225 
0.015220 
0.015216 
0.015218 
0.015226 
0.015243 
0.015273 
0.015293 
0.015300 
0.015297 
0.015284 
0.015278 
0.015277 
0.015272 
0.015265 
0.015257 
0.015248 
0.015251 
0.015243 
0.015237 
0.015237 
0.015230 
0.015226 
0.015235 
0.015248 
0.015259 
0.015263 
0.015253 
0.015239 
0.015241 
0.015251 
0.015259 
0.015266 
0.015270 
0.015274 
0.015281 
0.015282 
0.015274 
0.015267 
0.015269 
0.015262 
0.015269 
0.015286 
0.015301 
0.015326 
0.015351 
0.015365 
0.015357 
0.015335 
0.015315 
0.015303 
0.015303 
0.015312 
0.015313 
0.015325 
0.015328 
0.015325 
0.015332 
0.015341 
0.015335 
0.015346 
0.015355 
0.015352 
0.015354 
0.015359 
0.015364 
0.015366 
0.015364 
0.015366 
0.015362 
0.015362 
0.015356 
0.015356 
0.015349 
0.015344 
0.015342 
0.015338 
0.015336 
0.015331 
0.015333 
0.015331 
0.015330 
0.015328 
0.015330 
0.015329 
0.015330 
0.015329 
0.015332 
0.015333 
0.015329 
0.015329 
0.015334 
0.015334 
0.015337 
0.015336 
0.015337 
