300 
1.026019 
1.028263 
1.030643 
1.032641 
1.033914 
1.034241 
1.034175 
1.033969 
1.033737 
1.033131 
1.031841 
1.029900 
1.027425 
1.024558 
1.021281 
1.017894 
1.014537 
1.011285 
1.008258 
1.005740 
1.003716 
1.002086 
1.000826 
0.999915 
0.999058 
0.998065 
0.996902 
0.995583 
0.994582 
0.994352 
0.994909 
0.996152 
0.997678 
0.999413 
1.001504 
1.004125 
1.007552 
1.011812 
1.016837 
1.022351 
1.028231 
1.034614 
1.041487 
1.049079 
1.057169 
1.065557 
1.071769 
1.075262 
1.078216 
1.082279 
1.087966 
1.094312 
1.098647 
1.098855 
1.096008 
1.091597 
1.086934 
1.082775 
1.079146 
1.076387 
1.074967 
1.075242 
1.077590 
1.081987 
1.087820 
1.093637 
1.094968 
1.092751 
1.094085 
1.102589 
1.117385 
1.134395 
1.148653 
1.157497 
1.162526 
1.165569 
1.167783 
1.170041 
1.172514 
1.175431 
1.178920 
1.182899 
1.187351 
1.192022 
1.195954 
1.198304 
1.197181 
1.193233 
1.191629 
1.193879 
1.198432 
1.202362 
1.203505 
1.200865 
1.196314 
1.191523 
1.187148 
1.183263 
1.179890 
1.177692 
1.176940 
1.177750 
1.179336 
1.181123 
1.181792 
1.180764 
1.176837 
1.170803 
1.167422 
1.169553 
1.175958 
1.182781 
1.186611 
1.187256 
1.186721 
1.185831 
1.185046 
1.184699 
1.185029 
1.185613 
1.186275 
1.186718 
1.186482 
1.184858 
1.181086 
1.174697 
1.165434 
1.153566 
1.141485 
1.132328 
1.126714 
1.122037 
1.117369 
1.112694 
1.108795 
1.105235 
1.102258 
1.099760 
1.098299 
1.097896 
1.098194 
1.098262 
1.097785 
1.096244 
1.093908 
1.090139 
1.084724 
1.077212 
1.070021 
1.064400 
1.060700 
1.056051 
1.050531 
1.045537 
1.041826 
1.038671 
1.036411 
1.034556 
1.033364 
1.032167 
1.030944 
1.028861 
1.025720 
1.020937 
1.014620 
1.006732 
0.997174 
0.985890 
0.975175 
0.966648 
0.960779 
0.955391 
0.948990 
0.942894 
0.937836 
0.933773 
0.931422 
0.930567 
0.930815 
0.931134 
0.931298 
0.930634 
0.929436 
0.927669 
0.925600 
0.922671 
0.918572 
0.913482 
0.910595 
0.910093 
0.910251 
0.909069 
0.906324 
0.902754 
0.899219 
0.896158 
0.894474 
0.893171 
0.892178 
0.890222 
0.887420 
0.883241 
0.877851 
0.871070 
0.863552 
0.855896 
0.848710 
0.843074 
0.840917 
0.842478 
0.846213 
0.849990 
0.851468 
0.850305 
0.848308 
0.847742 
0.849402 
0.851427 
0.853873 
0.855853 
0.857632 
0.859107 
0.860334 
0.861061 
0.861168 
0.860964 
0.861690 
0.865955 
0.875548 
0.889471 
0.902768 
0.911853 
0.916403 
0.917722 
0.919578 
0.922406 
0.926192 
0.929543 
0.931646 
0.931884 
0.929953 
0.926009 
0.920643 
0.914799 
0.909506 
0.905705 
0.905030 
0.909335 
0.918118 
0.927857 
0.935435 
0.940704 
0.944131 
0.947160 
0.952020 
0.958733 
0.965736 
0.972294 
0.978261 
0.983818 
0.989040 
0.993854 
0.998268 
1.002347 
1.006170 
1.009848 
1.013587 
1.017594 
1.021862 
1.026028 
1.029537 
1.032275 
1.034226 
1.035352 
1.036031 
1.036475 
1.036595 
1.036155 
1.034986 
1.033122 
1.031004 
1.028751 
1.026372 
1.024101 
1.022036 
1.020253 
1.018895 
1.018002 
1.017640 
1.017663 
1.018080 
1.019153 
1.020694 
1.022506 
1.024704 
1.027092 
1.029825 
1.032980 
1.036344 
1.039951 
