300 
0.015336 
0.015339 
0.015335 
0.015334 
0.015334 
0.015335 
0.015336 
0.015341 
0.015338 
0.015337 
0.015343 
0.015345 
0.015347 
0.015348 
0.015347 
0.015338 
0.015346 
0.015337 
0.015340 
0.015326 
0.015326 
0.015321 
0.015312 
0.015309 
0.015291 
0.015271 
0.015272 
0.015257 
0.015251 
0.015246 
0.015252 
0.015253 
0.015249 
0.015252 
0.015259 
0.015278 
0.015286 
0.015297 
0.015304 
0.015310 
0.015317 
0.015301 
0.015300 
0.015287 
0.015277 
0.015262 
0.015213 
0.015157 
0.015111 
0.015088 
0.015113 
0.015156 
0.015188 
0.015248 
0.015280 
0.015290 
0.015310 
0.015321 
0.015321 
0.015322 
0.015327 
0.015320 
0.015317 
0.015324 
0.015334 
0.015344 
0.015339 
0.015330 
0.015318 
0.015315 
0.015356 
0.015418 
0.015474 
0.015513 
0.015542 
0.015557 
0.015551 
0.015538 
0.015531 
0.015521 
0.015497 
0.015493 
0.015498 
0.015484 
0.015474 
0.015480 
0.015475 
0.015453 
0.015448 
0.015474 
0.015512 
0.015547 
0.015580 
0.015606 
0.015608 
0.015612 
0.015623 
0.015623 
0.015622 
0.015620 
0.015616 
0.015609 
0.015608 
0.015614 
0.015620 
0.015626 
0.015629 
0.015636 
0.015658 
0.015687 
0.015719 
0.015737 
0.015757 
0.015746 
0.015713 
0.015675 
0.015634 
0.015593 
0.015561 
0.015523 
0.015493 
0.015483 
0.015468 
0.015466 
0.015457 
0.015443 
0.015435 
0.015425 
0.015428 
0.015426 
0.015429 
0.015420 
0.015410 
0.015398 
0.015398 
0.015398 
0.015396 
0.015400 
0.015402 
0.015405 
0.015418 
0.015422 
0.015428 
0.015441 
0.015442 
0.015450 
0.015457 
0.015459 
0.015456 
0.015447 
0.015438 
0.015426 
0.015417 
0.015406 
0.015396 
0.015389 
0.015380 
0.015372 
0.015359 
0.015353 
0.015346 
0.015328 
0.015314 
0.015296 
0.015272 
0.015246 
0.015229 
0.015215 
0.015196 
0.015180 
0.015171 
0.015177 
0.015187 
0.015189 
0.015184 
0.015170 
0.015157 
0.015154 
0.015144 
0.015149 
0.015146 
0.015133 
0.015134 
0.015131 
0.015119 
0.015105 
0.015092 
0.015073 
0.015072 
0.015057 
0.015056 
0.015065 
0.015078 
0.015100 
0.015111 
0.015118 
0.015127 
0.015141 
0.015146 
0.015137 
0.015116 
0.015082 
0.015052 
0.015020 
0.014999 
0.014970 
0.014949 
0.014951 
0.014979 
0.015022 
0.015082 
0.015140 
0.015157 
0.015146 
0.015136 
0.015130 
0.015115 
0.015105 
0.015103 
0.015081 
0.015063 
0.015062 
0.015053 
0.015045 
0.015025 
0.015025 
0.015032 
0.015042 
0.015055 
0.015079 
0.015101 
0.015082 
0.015067 
0.015076 
0.015081 
0.015097 
0.015125 
0.015134 
0.015135 
0.015145 
0.015145 
0.015133 
0.015121 
0.015121 
0.015119 
0.015129 
0.015165 
0.015203 
0.015258 
0.015322 
0.015337 
0.015331 
0.015297 
0.015250 
0.015216 
0.015222 
0.015242 
0.015251 
0.015274 
0.015283 
0.015287 
0.015304 
0.015323 
0.015335 
0.015348 
0.015373 
0.015382 
0.015380 
0.015389 
0.015405 
0.015404 
0.015413 
0.015414 
0.015404 
0.015407 
0.015395 
0.015385 
0.015368 
0.015366 
0.015356 
0.015347 
0.015340 
0.015335 
0.015329 
0.015326 
0.015320 
0.015322 
0.015321 
0.015320 
0.015319 
0.015323 
0.015321 
0.015323 
0.015323 
0.015325 
0.015329 
0.015330 
0.015335 
0.015338 
0.015338 
