300 
0.412478 
0.413310 
0.414040 
0.414680 
0.415082 
0.415137 
0.415092 
0.414972 
0.414937 
0.414836 
0.414452 
0.413790 
0.412833 
0.411536 
0.409941 
0.408201 
0.406472 
0.404868 
0.403348 
0.402049 
0.400961 
0.400006 
0.399242 
0.398667 
0.398247 
0.397984 
0.397757 
0.397410 
0.397139 
0.397103 
0.397257 
0.397599 
0.397919 
0.398158 
0.398460 
0.398924 
0.399647 
0.400565 
0.401590 
0.402683 
0.403778 
0.404861 
0.405969 
0.407036 
0.408131 
0.409179 
0.409760 
0.409454 
0.408726 
0.408615 
0.409991 
0.412826 
0.415815 
0.417723 
0.418547 
0.418796 
0.418999 
0.419399 
0.419893 
0.420456 
0.421154 
0.422109 
0.423504 
0.425490 
0.428116 
0.430767 
0.432851 
0.434012 
0.435060 
0.437197 
0.441072 
0.446000 
0.450453 
0.453467 
0.455213 
0.456205 
0.456792 
0.457162 
0.457362 
0.457498 
0.457743 
0.458229 
0.459092 
0.460289 
0.461527 
0.462351 
0.462162 
0.461064 
0.460590 
0.461786 
0.464126 
0.466408 
0.467791 
0.468159 
0.467924 
0.467612 
0.467373 
0.466978 
0.466376 
0.465735 
0.465249 
0.465006 
0.465229 
0.465908 
0.466787 
0.467350 
0.467454 
0.467272 
0.467816 
0.470063 
0.473617 
0.477164 
0.479351 
0.479979 
0.479698 
0.478943 
0.477906 
0.476858 
0.475926 
0.475264 
0.474994 
0.475112 
0.475385 
0.475422 
0.474915 
0.473563 
0.471247 
0.468442 
0.465904 
0.463557 
0.460647 
0.457419 
0.454630 
0.452524 
0.450721 
0.448949 
0.447251 
0.445657 
0.444287 
0.443187 
0.442358 
0.441670 
0.441011 
0.440395 
0.439820 
0.439164 
0.438343 
0.437331 
0.436040 
0.433898 
0.430490 
0.426945 
0.424350 
0.422540 
0.420980 
0.419534 
0.418224 
0.416975 
0.415682 
0.414312 
0.412827 
0.411191 
0.409283 
0.406965 
0.404177 
0.401046 
0.397570 
0.393958 
0.390215 
0.386561 
0.383616 
0.381872 
0.380161 
0.377967 
0.375440 
0.373104 
0.371350 
0.370233 
0.369571 
0.369017 
0.368356 
0.367532 
0.366598 
0.365620 
0.364714 
0.363760 
0.362765 
0.361615 
0.360130 
0.358711 
0.358246 
0.358566 
0.358623 
0.358293 
0.358010 
0.357952 
0.358047 
0.358044 
0.357801 
0.357153 
0.356076 
0.354561 
0.352653 
0.350472 
0.348127 
0.345782 
0.343682 
0.342528 
0.343089 
0.345374 
0.348571 
0.351143 
0.351726 
0.350783 
0.349885 
0.349864 
0.350465 
0.351160 
0.351755 
0.352147 
0.352357 
0.352541 
0.352701 
0.352912 
0.353128 
0.353508 
0.354334 
0.356070 
0.359295 
0.363566 
0.367185 
0.368836 
0.368973 
0.369347 
0.371063 
0.373817 
0.376697 
0.379216 
0.381229 
0.382661 
0.383412 
0.383588 
0.383517 
0.383588 
0.384024 
0.384966 
0.386723 
0.389769 
0.394244 
0.398728 
0.401541 
0.402336 
0.401885 
0.401534 
0.402153 
0.403425 
0.404750 
0.405888 
0.406829 
0.407640 
0.408478 
0.409345 
0.410252 
0.411249 
0.412256 
0.413288 
0.414352 
0.415463 
0.416671 
0.417935 
0.419053 
0.419967 
0.420609 
0.420962 
0.421200 
0.421301 
0.421159 
0.420713 
0.419938 
0.418879 
0.417678 
0.416359 
0.414989 
0.413628 
0.412245 
0.410990 
0.409888 
0.409023 
0.408514 
0.408242 
0.408126 
0.408266 
0.408612 
0.409027 
0.409578 
0.410161 
0.410837 
0.411711 
0.412737 
0.414121 
