300 
0.497369 
0.494293 
0.494685 
0.496541 
0.498607 
0.500428 
0.502528 
0.504911 
0.507841 
0.511227 
0.514736 
0.518336 
0.522153 
0.526160 
0.530362 
0.534590 
0.538377 
0.541949 
0.545652 
0.549933 
0.554836 
0.560575 
0.567561 
0.575478 
0.583768 
0.592510 
0.602499 
0.614250 
0.628361 
0.644897 
0.663510 
0.683992 
0.706117 
0.729928 
0.755495 
0.783108 
0.812683 
0.843427 
0.874167 
0.903833 
0.931314 
0.955711 
0.979288 
1.002723 
1.020035 
1.032031 
1.040275 
1.041949 
1.034798 
1.020057 
1.010509 
1.001480 
0.988855 
0.975100 
0.961790 
0.948430 
0.937334 
0.928822 
0.921703 
0.915627 
0.910916 
0.909873 
0.911899 
0.916236 
0.906387 
0.891159 
0.913039 
0.925272 
0.967187 
0.987797 
0.992868 
0.996011 
0.996425 
0.992436 
0.986769 
0.980018 
0.973575 
0.966319 
0.957806 
0.945777 
0.930714 
0.913075 
0.891268 
0.868063 
0.836080 
0.774429 
0.761091 
0.761588 
0.832008 
0.873836 
0.879341 
0.875544 
0.864149 
0.849769 
0.834636 
0.819902 
0.806826 
0.795242 
0.786953 
0.780792 
0.775302 
0.770956 
0.763640 
0.759813 
0.744746 
0.725476 
0.751646 
0.715706 
0.733924 
0.747567 
0.764403 
0.773877 
0.781575 
0.785153 
0.785703 
0.784428 
0.780581 
0.774730 
0.765982 
0.755046 
0.740017 
0.723498 
0.698770 
0.675473 
0.640851 
0.591508 
0.603860 
0.631615 
0.684475 
0.677956 
0.680160 
0.675609 
0.668287 
0.661218 
0.653465 
0.647238 
0.642595 
0.639316 
0.636880 
0.633202 
0.627883 
0.622520 
0.608885 
0.605990 
0.556239 
0.530210 
0.550857 
0.582804 
0.628337 
0.627902 
0.644439 
0.652189 
0.654582 
0.652072 
0.645370 
0.635868 
0.623220 
0.609107 
0.592357 
0.572792 
0.550471 
0.524894 
0.495049 
0.475444 
0.433427 
0.425424 
0.443736 
0.492065 
0.453127 
0.447717 
0.451496 
0.446471 
0.444844 
0.441347 
0.440056 
0.439292 
0.439279 
0.439305 
0.439122 
0.437069 
0.434325 
0.425742 
0.414543 
0.393362 
0.369380 
0.388413 
0.391941 
0.435790 
0.463866 
0.483074 
0.502135 
0.508721 
0.508609 
0.501620 
0.490542 
0.475955 
0.457838 
0.436288 
0.410556 
0.381484 
0.349338 
0.314904 
0.281863 
0.259572 
0.258090 
0.250832 
0.288325 
0.348411 
0.320324 
0.318631 
0.321013 
0.317329 
0.313164 
0.309497 
0.302642 
0.293842 
0.285853 
0.276595 
0.267054 
0.255279 
0.240280 
0.220288 
0.194986 
0.165560 
0.147968 
0.191668 
0.212455 
0.294209 
0.354143 
0.399312 
0.410477 
0.405685 
0.393960 
0.376905 
0.356025 
0.332419 
0.306916 
0.281204 
0.253392 
0.226392 
0.197557 
0.168150 
0.139767 
0.112604 
0.093015 
0.092102 
0.107650 
0.134286 
0.166802 
0.209027 
0.233893 
0.257331 
0.279699 
0.304435 
0.332013 
0.359991 
0.386319 
0.411347 
0.433291 
0.453412 
0.472829 
0.493012 
0.515153 
0.539338 
0.564106 
0.588007 
0.610830 
0.630863 
0.649357 
0.667089 
0.683031 
0.696284 
0.706955 
0.713579 
0.717348 
0.719490 
0.720544 
0.721221 
0.722395 
0.724136 
0.726636 
0.730224 
0.734210 
0.738147 
0.741429 
0.746203 
0.753188 
0.760378 
0.767842 
0.775762 
0.784068 
0.792662 
0.799862 
0.799862 
0.799862 
0.799862 
0.799862 
0.799862 
0.799862 
0.799862 
