300 
0.015336 
0.015336 
0.015336 
0.015346 
0.015342 
0.015343 
0.015347 
0.015347 
0.015349 
0.015353 
0.015360 
0.015365 
0.015364 
0.015368 
0.015362 
0.015389 
0.015350 
0.015347 
0.015332 
0.015317 
0.015306 
0.015295 
0.015266 
0.015274 
0.015241 
0.015201 
0.015197 
0.015167 
0.015159 
0.015152 
0.015145 
0.015155 
0.015157 
0.015166 
0.015177 
0.015213 
0.015233 
0.015249 
0.015275 
0.015281 
0.015290 
0.015267 
0.015262 
0.015239 
0.015206 
0.015184 
0.015106 
0.015012 
0.014927 
0.014899 
0.014942 
0.015025 
0.015102 
0.015181 
0.015240 
0.015253 
0.015281 
0.015301 
0.015313 
0.015323 
0.015337 
0.015337 
0.015330 
0.015342 
0.015367 
0.015386 
0.015390 
0.015391 
0.015376 
0.015377 
0.015453 
0.015555 
0.015648 
0.015720 
0.015775 
0.015810 
0.015812 
0.015800 
0.015794 
0.015779 
0.015745 
0.015732 
0.015732 
0.015724 
0.015727 
0.015743 
0.015733 
0.015705 
0.015710 
0.015752 
0.015812 
0.015879 
0.015935 
0.015968 
0.015971 
0.015977 
0.015997 
0.016005 
0.016001 
0.016000 
0.015988 
0.015972 
0.015958 
0.015958 
0.015970 
0.015983 
0.015992 
0.015991 
0.016027 
0.016079 
0.016142 
0.016188 
0.016209 
0.016183 
0.016128 
0.016065 
0.015986 
0.015915 
0.015845 
0.015785 
0.015737 
0.015715 
0.015700 
0.015687 
0.015669 
0.015661 
0.015640 
0.015620 
0.015608 
0.015596 
0.015583 
0.015557 
0.015535 
0.015515 
0.015506 
0.015502 
0.015498 
0.015500 
0.015502 
0.015507 
0.015523 
0.015531 
0.015546 
0.015560 
0.015572 
0.015581 
0.015590 
0.015592 
0.015584 
0.015569 
0.015542 
0.015516 
0.015491 
0.015468 
0.015458 
0.015439 
0.015418 
0.015394 
0.015379 
0.015361 
0.015341 
0.015310 
0.015283 
0.015242 
0.015200 
0.015153 
0.015113 
0.015079 
0.015034 
0.014992 
0.014972 
0.014970 
0.014988 
0.014988 
0.014970 
0.014941 
0.014914 
0.014892 
0.014886 
0.014885 
0.014877 
0.014873 
0.014865 
0.014863 
0.014841 
0.014818 
0.014782 
0.014763 
0.014747 
0.014728 
0.014720 
0.014723 
0.014752 
0.014779 
0.014800 
0.014818 
0.014838 
0.014861 
0.014860 
0.014841 
0.014803 
0.014747 
0.014673 
0.014608 
0.014563 
0.014508 
0.014466 
0.014461 
0.014495 
0.014586 
0.014708 
0.014814 
0.014846 
0.014829 
0.014816 
0.014813 
0.014788 
0.014761 
0.014750 
0.014725 
0.014692 
0.014688 
0.014682 
0.014664 
0.014636 
0.014636 
0.014649 
0.014666 
0.014704 
0.014764 
0.014802 
0.014782 
0.014752 
0.014752 
0.014771 
0.014798 
0.014833 
0.014857 
0.014869 
0.014879 
0.014882 
0.014868 
0.014851 
0.014856 
0.014868 
0.014878 
0.014944 
0.015033 
0.015130 
0.015244 
0.015305 
0.015296 
0.015232 
0.015146 
0.015099 
0.015106 
0.015122 
0.015144 
0.015175 
0.015196 
0.015216 
0.015243 
0.015276 
0.015308 
0.015333 
0.015365 
0.015394 
0.015404 
0.015417 
0.015458 
0.015449 
0.015478 
0.015479 
0.015462 
0.015480 
0.015456 
0.015430 
0.015419 
0.015402 
0.015379 
0.015364 
0.015360 
0.015336 
0.015328 
0.015320 
0.015311 
0.015301 
0.015306 
0.015301 
0.015294 
0.015305 
0.015306 
0.015322 
0.015302 
0.015318 
0.015324 
0.015323 
0.015334 
0.015341 
0.015347 
