300 
0.382934 
0.384352 
0.387821 
0.391822 
0.395375 
0.398096 
0.400673 
0.403239 
0.405798 
0.408195 
0.410000 
0.411223 
0.412119 
0.413079 
0.413971 
0.414670 
0.414869 
0.414642 
0.414187 
0.413933 
0.414060 
0.414408 
0.415350 
0.416835 
0.418378 
0.419818 
0.421520 
0.423787 
0.427324 
0.432551 
0.439361 
0.447885 
0.457553 
0.468285 
0.480184 
0.493513 
0.509153 
0.527270 
0.547510 
0.569369 
0.592018 
0.614401 
0.635739 
0.655426 
0.673694 
0.689706 
0.702518 
0.713067 
0.722700 
0.729006 
0.730990 
0.729379 
0.723448 
0.713859 
0.701176 
0.686940 
0.672571 
0.659602 
0.648305 
0.639152 
0.632342 
0.628690 
0.628050 
0.631629 
0.639732 
0.645536 
0.650726 
0.657052 
0.667538 
0.683627 
0.701841 
0.719122 
0.729356 
0.735367 
0.738018 
0.738336 
0.738075 
0.737567 
0.737093 
0.736240 
0.734764 
0.732057 
0.728148 
0.722607 
0.714895 
0.704792 
0.693500 
0.680299 
0.673695 
0.677214 
0.684615 
0.688984 
0.686101 
0.678606 
0.669397 
0.659315 
0.649936 
0.641768 
0.634916 
0.629922 
0.627070 
0.625091 
0.623153 
0.620390 
0.616435 
0.610763 
0.602159 
0.591186 
0.585070 
0.590689 
0.607374 
0.623301 
0.629510 
0.630299 
0.628972 
0.626245 
0.623177 
0.620478 
0.617318 
0.613747 
0.608712 
0.602614 
0.594642 
0.584751 
0.572012 
0.557097 
0.539407 
0.522044 
0.513244 
0.517548 
0.524006 
0.521228 
0.513972 
0.506789 
0.499246 
0.492329 
0.486298 
0.481453 
0.476991 
0.473870 
0.469852 
0.465813 
0.460048 
0.453854 
0.445875 
0.437108 
0.425265 
0.413172 
0.409864 
0.423727 
0.436637 
0.440249 
0.438635 
0.435560 
0.429844 
0.423540 
0.416421 
0.409532 
0.402384 
0.395318 
0.387437 
0.378510 
0.367616 
0.355246 
0.341355 
0.326521 
0.310703 
0.300490 
0.301362 
0.308032 
0.306400 
0.296803 
0.285086 
0.276670 
0.269208 
0.263134 
0.258290 
0.254557 
0.250844 
0.247602 
0.243851 
0.238918 
0.232922 
0.225656 
0.216426 
0.206118 
0.195058 
0.192121 
0.204065 
0.217603 
0.221812 
0.221227 
0.216954 
0.212514 
0.206735 
0.200501 
0.194094 
0.187738 
0.180719 
0.172656 
0.162915 
0.151400 
0.138147 
0.123988 
0.110044 
0.098228 
0.090668 
0.092370 
0.105180 
0.118126 
0.119688 
0.112052 
0.101160 
0.091837 
0.084947 
0.079937 
0.076007 
0.072671 
0.070037 
0.067752 
0.065517 
0.062803 
0.059207 
0.054303 
0.049157 
0.045651 
0.046754 
0.058152 
0.083858 
0.112264 
0.132135 
0.138258 
0.133938 
0.127257 
0.122705 
0.117242 
0.111659 
0.105230 
0.097545 
0.088187 
0.077082 
0.063840 
0.049204 
0.034168 
0.021068 
0.010758 
0.005886 
0.008140 
0.019340 
0.037424 
0.054330 
0.066425 
0.074249 
0.080425 
0.089258 
0.101468 
0.116662 
0.134152 
0.153043 
0.172160 
0.191108 
0.209530 
0.226715 
0.242853 
0.258173 
0.272815 
0.287533 
0.302247 
0.316279 
0.329321 
0.340672 
0.349674 
0.356899 
0.363157 
0.368541 
0.372852 
0.375848 
0.377745 
0.378694 
0.379590 
0.380966 
0.382478 
0.384489 
0.387490 
0.391144 
0.395741 
0.401278 
0.407456 
0.413977 
0.421084 
0.429074 
0.437296 
0.445611 
0.454169 
0.462527 
0.470652 
0.478099 
0.483845 
0.483845 
0.483845 
