300 
0.938967 
0.939893 
0.940727 
0.941428 
0.941811 
0.941764 
0.941577 
0.941325 
0.941163 
0.940883 
0.940267 
0.939317 
0.937992 
0.936243 
0.934137 
0.931861 
0.929632 
0.927543 
0.925580 
0.923920 
0.922582 
0.921469 
0.920594 
0.919957 
0.919500 
0.919193 
0.918891 
0.918464 
0.918102 
0.918018 
0.918176 
0.918576 
0.918981 
0.919365 
0.919825 
0.920525 
0.921529 
0.922799 
0.924226 
0.925761 
0.927317 
0.928889 
0.930495 
0.932095 
0.933698 
0.935227 
0.936054 
0.935679 
0.934781 
0.934614 
0.936004 
0.938868 
0.942088 
0.944317 
0.945498 
0.946121 
0.946655 
0.947418 
0.948290 
0.949268 
0.950454 
0.952068 
0.954234 
0.957149 
0.960572 
0.963819 
0.965599 
0.965656 
0.965992 
0.968317 
0.972945 
0.978816 
0.984320 
0.988104 
0.990255 
0.991441 
0.992134 
0.992606 
0.993008 
0.993483 
0.994195 
0.995191 
0.996628 
0.998333 
0.999912 
1.000780 
1.000198 
0.998491 
0.997728 
0.999004 
1.001704 
1.004475 
1.006479 
1.007321 
1.007316 
1.007093 
1.006847 
1.006423 
1.005777 
1.005166 
1.004826 
1.004802 
1.005255 
1.006031 
1.006784 
1.006963 
1.006404 
1.005336 
1.005455 
1.007877 
1.011992 
1.016201 
1.018889 
1.019686 
1.019408 
1.018600 
1.017543 
1.016505 
1.015659 
1.015099 
1.014922 
1.015054 
1.015241 
1.015031 
1.014087 
1.012087 
1.008875 
1.005109 
1.001763 
0.998823 
0.995492 
0.991832 
0.988685 
0.986389 
0.984564 
0.982711 
0.980916 
0.979208 
0.977797 
0.976732 
0.976005 
0.975392 
0.974783 
0.974132 
0.973490 
0.972662 
0.971558 
0.970159 
0.968443 
0.965829 
0.961878 
0.957784 
0.954954 
0.952933 
0.951271 
0.949622 
0.948201 
0.946789 
0.945346 
0.943665 
0.941834 
0.939683 
0.937248 
0.934286 
0.930842 
0.926899 
0.922538 
0.917923 
0.913174 
0.908710 
0.905260 
0.903284 
0.901500 
0.899047 
0.896119 
0.893404 
0.891439 
0.890191 
0.889445 
0.888692 
0.887797 
0.886625 
0.885389 
0.884115 
0.883028 
0.881913 
0.880798 
0.879309 
0.877170 
0.875301 
0.874688 
0.874848 
0.874747 
0.874346 
0.873881 
0.873642 
0.873616 
0.873449 
0.872999 
0.872058 
0.870717 
0.868904 
0.866705 
0.864168 
0.861445 
0.858672 
0.856069 
0.854469 
0.854835 
0.857235 
0.860764 
0.863798 
0.864890 
0.864289 
0.863241 
0.862911 
0.863178 
0.863425 
0.863519 
0.863334 
0.863035 
0.862800 
0.862726 
0.862759 
0.862836 
0.863099 
0.863860 
0.865840 
0.869829 
0.875037 
0.879444 
0.881763 
0.882689 
0.883857 
0.886265 
0.889656 
0.893047 
0.896016 
0.898405 
0.900222 
0.901323 
0.901787 
0.901886 
0.902093 
0.902672 
0.903832 
0.906037 
0.909961 
0.915302 
0.920264 
0.923027 
0.923629 
0.923074 
0.922629 
0.923216 
0.924594 
0.926052 
0.927412 
0.928609 
0.929736 
0.930926 
0.932185 
0.933482 
0.934828 
0.936151 
0.937442 
0.938723 
0.940054 
0.941442 
0.942869 
0.944133 
0.945148 
0.945900 
0.946364 
0.946685 
0.946875 
0.946839 
0.946473 
0.945721 
0.944605 
0.943288 
0.941804 
0.940209 
0.938585 
0.936958 
0.935461 
0.934147 
0.933091 
0.932442 
0.932110 
0.931954 
0.932117 
0.932534 
0.933055 
0.933765 
0.934527 
0.935422 
0.936567 
0.937935 
0.939775 
