5 
2 
-0.0006 -0.0013 -7.4000 
0.0088 -0.0118 -7.3999 
-0.0252 -0.0133 -7.4002 
94 
-0.0035 0.0267 -3.6649 
0.0139 0.0065 -3.6708 
0.0287 0.0095 -3.6693 
0.0185 0.0014 -3.6723 
0.0144 -0.0023 -3.6736 
0.0008 0.0250 -3.6653 
0.0149 0.0160 -3.6677 
0.0081 0.0070 -3.6708 
0.0030 -0.0040 -3.6745 
-0.0062 0.0075 -3.6711 
0.0248 0.0186 -3.6666 
0.0157 -0.0135 -3.6771 
0.0052 0.0203 -3.6667 
-0.0004 0.0271 -3.6647 
0.0024 0.0278 -3.6644 
0.0314 -0.0089 -3.6751 
0.0043 0.0044 -3.6718 
0.0014 0.0153 -3.6684 
0.0080 0.0312 -3.6631 
0.0141 0.0243 -3.6651 
0.0081 0.0247 -3.6652 
0.0143 -0.0050 -3.6744 
0.0089 0.0177 -3.6674 
0.0053 0.0088 -3.6703 
0.0180 0.0232 -3.6653 
0.0004 0.0217 -3.6664 
0.0215 0.0005 -3.6724 
0.0178 -0.0010 -3.6731 
0.0022 -0.0096 -3.6763 
0.0174 0.0151 -3.6679 
0.0166 0.0251 -3.6648 
0.0011 -0.0019 -3.6739 
0.0118 0.0241 -3.6652 
-0.0030 0.0267 -3.6649 
0.0016 0.0284 -3.6642 
-0.0036 0.0205 -3.6669 
0.0077 0.0033 -3.6720 
0.0176 -0.0021 -3.6734 
0.0261 -0.0061 -3.6744 
0.0079 0.0120 -3.6692 
-0.0035 0.0180 -3.6677 
0.0081 0.0027 -3.6722 
0.0251 0.0197 -3.6662 
0.0208 -0.0023 -3.6734 
0.0149 0.0024 -3.6721 
0.0103 0.0085 -3.6703 
0.0232 -0.0016 -3.6731 
0.0223 0.0150 -3.6678 
-0.0009 0.0052 -3.6717 
0.0170 0.0133 -3.6685 
0.0065 0.0248 -3.6652 
0.0031 0.0049 -3.6717 
-0.0178 -0.0166 -3.6792 
-0.0119 -0.0028 -3.6746 
-0.0073 -0.0069 -3.6758 
-0.0152 -0.0209 -3.6805 
0.0051 -0.0110 -3.6767 
-0.0299 -0.0126 -3.6783 
0.0013 -0.0221 -3.6803 
-0.0141 -0.0052 -3.6754 
-0.0128 -0.0138 -3.6782 
-0.0049 -0.0071 -3.6758 
-0.0191 -0.0002 -3.6740 
-0.0148 0.0007 -3.6736 
0.0057 -0.0116 -3.6768 
-0.0138 -0.0032 -3.6748 
-0.0026 0.0013 -3.6730 
-0.0158 -0.0235 -3.6814 
-0.0184 -0.0188 -3.6799 
0.0058 -0.0182 -3.6789 
-0.0035 -0.0256 -3.6816 
-0.0075 -0.0078 -3.6761 
-0.0076 -0.0175 -3.6792 
-0.0295 0.0028 -3.6734 
-0.0007 -0.0272 -3.6820 
-0.0028 -0.0068 -3.6756 
-0.0103 0.0009 -3.6734 
-0.0213 -0.0136 -3.6784 
-0.0084 -0.0242 -3.6813 
-0.0276 -0.0097 -3.6774 
-0.0100 -0.0275 -3.6825 
-0.0236 -0.0074 -3.6765 
-0.0159 0.0122 -3.6700 
-0.0224 0.0068 -3.6719 
-0.0027 -0.0270 -3.6821 
0.0088 -0.0049 -3.6746 
-0.0018 -0.0089 -3.6762 
-0.0128 -0.0189 -3.6798 
-0.0086 -0.0108 -3.6771 
-0.0126 -0.0067 -3.6759 
-0.0057 -0.0267 -3.6821 
-0.0196 -0.0147 -3.6787 
-0.0171 -0.0053 -3.6756 
-0.0010 -0.0287 -3.6825 
-0.0085 -0.0178 -3.6793 
90 
-0.0007 -0.0384 0.0033 
0.0105 0.0169 0.0015 
0.0151 0.0209 0.0012 
0.0202 0.0031 0.0013 
0.0211 -0.0175 0.0017 
0.0317 -0.0057 0.0010 
-0.0004 -0.0104 0.0027 
0.0027 0.0122 0.0020 
0.0295 0.0088 0.0008 
0.0030 0.0047 0.0022 
0.0003 0.0089 0.0022 
0.0079 -0.0248 0.0025 
0.0168 -0.0122 0.0018 
-0.0002 -0.0018 0.0025 
0.0190 -0.0228 0.0020 
0.0146 0.0068 0.0016 
0.0240 0.0062 0.0011 
0.0052 -0.0037 0.0022 
0.0129 -0.0104 0.0020 
0.0040 0.0090 0.0020 
0.0027 0.0103 0.0021 
0.0010 -0.0136 0.0027 
0.0217 0.0073 0.0012 
0.0035 0.0071 0.0021 
-0.0000 0.0031 0.0024 
0.0001 -0.0131 0.0027 
-0.0033 -0.0084 0.0028 
0.0014 -0.0197 0.0028 
0.0149 0.0126 0.0014 
0.0169 -0.0099 0.0018 
0.0108 -0.0068 0.0020 
0.0180 0.0054 0.0014 
0.0010 0.0030 0.0023 
0.0064 -0.0160 0.0024 
0.0293 -0.0056 0.0011 
0.0171 -0.0088 0.0018 
0.0262 -0.0107 0.0013 
0.0174 -0.0098 0.0018 
0.0137 -0.0048 0.0018 
0.0216 0.0062 0.0012 
0.0107 0.0050 0.0018 
0.0218 -0.0004 0.0013 
-0.0071 -0.0064 0.0029 
-0.0230 0.0033 0.0035 
-0.0171 0.0045 0.0032 
-0.0096 -0.0021 0.0029 
-0.0070 -0.0021 0.0028 
-0.0138 0.0099 0.0029 
-0.0028 -0.0045 0.0027 
-0.0079 0.0274 0.0022 
-0.0059 0.0216 0.0023 
-0.0120 -0.0183 0.0034 
-0.0010 0.0160 0.0021 
-0.0157 0.0013 0.0032 
-0.0080 0.0001 0.0028 
-0.0041 0.0003 0.0026 
-0.0069 -0.0057 0.0029 
0.0060 0.0118 0.0019 
-0.0043 0.0022 0.0026 
-0.0132 0.0135 0.0028 
-0.0103 0.0085 0.0028 
-0.0088 -0.0045 0.0030 
-0.0198 -0.0029 0.0035 
-0.0200 0.0020 0.0034 
-0.0086 0.0226 0.0024 
-0.0135 -0.0117 0.0033 
-0.0166 0.0186 0.0029 
-0.0195 -0.0034 0.0035 
0.0046 0.0112 0.0020 
-0.0129 0.0084 0.0029 
-0.0005 0.0061 0.0023 
-0.0132 0.0149 0.0028 
-0.0096 -0.0122 0.0032 
-0.0028 0.0038 0.0025 
-0.0248 -0.0038 0.0037 
-0.0138 -0.0143 0.0034 
-0.0283 -0.0005 0.0038 
0.0027 0.0014 0.0023 
-0.0209 -0.0172 0.0038 
-0.0325 0.0037 0.0040 
-0.0273 -0.0063 0.0039 
0.0041 0.0112 0.0020 
-0.0041 0.0014 0.0026 
-0.0114 0.0146 0.0027 
-0.0079 0.0185 0.0024 
-0.0047 -0.0004 0.0027 
-0.0144 0.0027 0.0031 
-0.0014 0.0098 0.0023 
-0.0161 -0.0027 0.0033 
-0.0012 0.0011 0.0025 
0.0032 0.0120 0.0020 
91 
0.0015 0.0290 3.6726 
-0.0085 -0.0148 3.6857 
0.0007 -0.0174 3.6869 
0.0248 -0.0025 3.6834 
0.0277 -0.0118 3.6864 
-0.0093 -0.0065 3.6831 
-0.0113 -0.0186 3.6867 
0.0166 0.0055 3.6806 
0.0084 -0.0210 3.6884 
0.0230 -0.0150 3.6872 
0.0064 -0.0291 3.6908 
-0.0027 0.0035 3.6803 
0.0198 -0.0191 3.6883 
0.0193 -0.0085 3.6850 
0.0029 0.0069 3.6795 
-0.0010 -0.0302 3.6908 
0.0191 0.0005 3.6822 
-0.0038 -0.0249 3.6890 
0.0194 -0.0071 3.6846 
0.0025 -0.0256 3.6895 
0.0265 -0.0052 3.6843 
0.0010 -0.0105 3.6848 
0.0039 -0.0006 3.6818 
0.0062 -0.0188 3.6876 
0.0153 -0.0118 3.6858 
-0.0053 -0.0218 3.6880 
-0.0073 -0.0236 3.6884 
0.0127 -0.0234 3.6893 
0.0305 0.0022 3.6822 
-0.0016 -0.0164 3.6865 
-0.0066 -0.0251 3.6889 
0.0256 -0.0042 3.6840 
-0.0023 0.0003 3.6813 
-0.0008 -0.0243 3.6890 
0.0126 -0.0270 3.6904 
-0.0077 -0.0204 3.6874 
0.0269 -0.0066 3.6848 
0.0168 -0.0104 3.6855 
0.0020 -0.0068 3.6837 
-0.0028 -0.0274 3.6898 
0.0162 -0.0068 3.6844 
0.0217 0.0037 3.6813 
0.0053 -0.0023 3.6824 
0.0090 -0.0061 3.6838 
0.0172 -0.0064 3.6843 
-0.0057 -0.0154 3.6860 
0.0237 -0.0096 3.6856 
0.0093 -0.0015 3.6824 
0.0041 -0.0260 3.6897 
0.0043 0.0200 3.6755 
-0.0116 0.0040 3.6797 
-0.0106 0.0083 3.6784 
0.0043 0.0239 3.6743 
-0.0093 -0.0003 3.6811 
0.0149 0.0152 3.6775 
-0.0066 0.0105 3.6779 
-0.0022 0.0185 3.6756 
0.0013 0.0244 3.6740 
-0.0180 0.0202 3.6744 
-0.0153 0.0133 3.6766 
-0.0047 0.0055 3.6796 
0.0138 0.0280 3.6734 
-0.0098 0.0045 3.6796 
-0.0248 0.0188 3.6745 
-0.0046 0.0049 3.6797 
-0.0225 0.0058 3.6786 
0.0065 0.0261 3.6737 
-0.0047 -0.0014 3.6817 
0.0077 0.0224 3.6749 
-0.0038 0.0052 3.6797 
-0.0118 0.0136 3.6767 
-0.0060 0.0220 3.6744 
0.0042 0.0015 3.6812 
-0.0080 0.0314 3.6714 
0.0023 0.0005 3.6814 
-0.0173 0.0132 3.6766 
-0.0147 0.0051 3.6792 
0.0067 0.0171 3.6765 
-0.0016 0.0159 3.6765 
-0.0016 0.0260 3.6733 
-0.0068 0.0012 3.6808 
-0.0113 -0.0027 3.6818 
0.0034 0.0315 3.6719 
-0.0058 -0.0029 3.6821 
-0.0312 0.0128 3.6760 
0.0012 0.0233 3.6743 
-0.0089 0.0162 3.6760 
-0.0071 0.0119 3.6775 
-0.0025 0.0307 3.6718 
0.0017 0.0273 3.6731 
-0.0067 0.0335 3.6708 
-0.0046 0.0228 3.6742 
40 
-0.0019 -0.0007 7.3900 
0.0024 -0.0146 7.3900 
0.0202 -0.0124 7.3899 
0.0085 -0.0200 7.3899 
0.0061 -0.0095 7.3899 
0.0144 -0.0246 7.3899 
0.0157 -0.0137 7.3899 
0.0144 -0.0029 7.3899 
0.0236 -0.0151 7.3898 
0.0070 -0.0207 7.3899 
0.0172 -0.0052 7.3899 
0.0121 -0.0292 7.3899 
0.0061 -0.0059 7.3899 
0.0101 -0.0079 7.3899 
0.0211 -0.0210 7.3898 
0.0048 -0.0056 7.3900 
0.0005 -0.0212 7.3899 
0.0084 -0.0084 7.3899 
0.0119 -0.0264 7.3899 
0.0130 -0.0279 7.3899 
0.0069 -0.0230 7.3899 
0.0151 -0.0127 7.3899 
0.0186 -0.0228 7.3898 
0.0239 -0.0101 7.3898 
0.0261 -0.0147 7.3898 
0.0250 -0.0045 7.3899 
-0.0021 -0.0260 7.3900 
0.0085 0.0045 7.3900 
0.0071 -0.0077 7.3899 
0.0097 -0.0117 7.3899 
0.0180 -0.0058 7.3899 
0.0055 -0.0307 7.3899 
0.0036 -0.0249 7.3899 
0.0056 -0.0212 7.3899 
0.0214 -0.0174 7.3898 
0.0083 -0.0021 7.3899 
0.0114 0.0169 7.3900 
0.0106 0.0231 7.3900 
0.0120 0.0115 7.3899 
0.0098 0.0266 7.3900 
0.0136 0.0164 7.3900 
