150 
0.008310 -0.000012 -2.957170 
0.007195 0.001500 -2.917221 
0.006157 0.003120 -2.877275 
0.005218 0.004826 -2.837325 
0.004330 0.006654 -2.797385 
0.003388 0.008631 -2.757455 
0.002258 0.010716 -2.717536 
0.000926 0.012862 -2.677627 
-0.000516 0.015033 -2.637724 
-0.002041 0.017132 -2.597821 
-0.003703 0.019071 -2.557922 
-0.005479 0.020866 -2.518027 
-0.007278 0.022599 -2.478137 
-0.009050 0.024246 -2.438242 
-0.010685 0.025650 -2.398338 
-0.012016 0.026757 -2.358414 
-0.013002 0.027749 -2.318480 
-0.013711 0.028791 -2.278548 
-0.014182 0.029962 -2.238627 
-0.014404 0.031392 -2.198721 
-0.014479 0.033165 -2.158837 
-0.014544 0.035224 -2.118954 
-0.014677 0.037482 -2.079057 
-0.014843 0.039914 -2.039162 
-0.015003 0.042500 -1.999281 
-0.015234 0.045164 -1.959416 
-0.015680 0.047827 -1.919559 
-0.016392 0.050380 -1.879718 
-0.017387 0.052708 -1.839893 
-0.018600 0.054738 -1.800072 
-0.019905 0.056511 -1.760251 
-0.021182 0.058001 -1.720422 
-0.022254 0.059195 -1.680588 
-0.022968 0.060073 -1.640735 
-0.023191 0.060708 -1.600858 
-0.022877 0.061303 -1.560962 
-0.021990 0.061931 -1.521066 
-0.020584 0.062605 -1.481184 
-0.018797 0.063438 -1.441336 
-0.016757 0.064647 -1.401541 
-0.014462 0.066348 -1.361797 
-0.012043 0.068452 -1.322122 
-0.009813 0.070856 -1.282507 
-0.007934 0.073406 -1.242903 
-0.006186 0.075773 -1.203304 
-0.004281 0.077590 -1.163680 
-0.002336 0.078987 -1.124037 
-0.000516 0.079806 -1.084366 
0.001196 0.079339 -1.044577 
0.003215 0.077329 -1.004740 
0.005714 0.074147 -0.964945 
0.008419 0.070341 -0.925169 
0.010824 0.066286 -0.885374 
0.012570 0.061991 -0.845574 
0.013697 0.057423 -0.805787 
0.014216 0.052342 -0.766053 
0.014155 0.046651 -0.726417 
0.013580 0.040466 -0.686900 
0.012730 0.033779 -0.647508 
0.011819 0.026511 -0.608260 
0.011001 0.018615 -0.569178 
0.010332 0.010048 -0.530265 
0.009812 0.001087 -0.491471 
0.009523 -0.007872 -0.452684 
0.009539 -0.016440 -0.413820 
0.009720 -0.024327 -0.374838 
0.009913 -0.031517 -0.335720 
0.009902 -0.037833 -0.296436 
0.009621 -0.043263 -0.257022 
0.008905 -0.047879 -0.217525 
0.007541 -0.051754 -0.177949 
0.005279 -0.055077 -0.138338 
0.001786 -0.058040 -0.098709 
-0.002550 -0.060998 -0.059089 
-0.006688 -0.063510 -0.019365 
-0.009837 -0.064792 0.020474 
-0.011756 -0.063992 0.060297 
-0.012602 -0.060478 0.099868 
-0.012798 -0.054508 0.139016 
-0.012865 -0.046789 0.177808 
-0.013296 -0.038070 0.216407 
-0.014357 -0.028787 0.254899 
-0.016012 -0.019205 0.293387 
-0.018292 -0.009848 0.331956 
-0.020952 -0.001291 0.370712 
-0.023653 0.006407 0.409668 
-0.026123 0.013361 0.448777 
-0.028194 0.019582 0.488031 
-0.029718 0.025057 0.527448 
-0.030539 0.029927 0.567004 
-0.030476 0.034631 0.606617 
-0.029360 0.039390 0.646233 
-0.027280 0.044319 0.685817 
-0.024356 0.049616 0.725340 
-0.020674 0.055619 0.764728 
-0.016449 0.062583 0.803882 
-0.011966 0.070274 0.842806 
-0.007657 0.078046 0.881654 
-0.003918 0.084847 0.920718 
-0.000705 0.089884 0.960117 
0.002163 0.092834 0.999781 
0.005028 0.093766 1.039530 
0.008111 0.093064 1.079224 
0.011615 0.091610 1.118811 
0.015223 0.090179 1.158399 
0.018569 0.088988 1.198068 
0.021303 0.088108 1.237802 
0.023292 0.087551 1.277577 
0.024544 0.087178 1.317388 
0.025118 0.086753 1.357185 
0.025254 0.086033 1.396962 
0.025242 0.084936 1.436745 
0.025218 0.083530 1.476553 
0.025153 0.081871 1.516373 
0.024963 0.080040 1.556206 
0.024686 0.078072 1.596053 
0.024480 0.075981 1.635908 
0.024512 0.073755 1.675752 
0.024773 0.071373 1.715580 
0.025148 0.068990 1.755400 
0.025528 0.066776 1.795222 
0.025856 0.064620 1.835041 
0.026138 0.062442 1.874843 
0.026357 0.060368 1.914656 
0.026438 0.058507 1.954502 
0.026295 0.056785 1.994364 
0.025803 0.054975 2.034232 
0.024992 0.052986 2.074102 
0.023936 0.050959 2.113974 
0.022662 0.048958 2.153855 
0.021258 0.046855 2.193741 
0.019847 0.044508 2.233614 
0.018437 0.041949 2.273468 
0.016991 0.039310 2.313313 
0.015555 0.036729 2.353161 
0.014173 0.034277 2.393027 
0.012868 0.031941 2.432900 
0.011631 0.029696 2.472784 
0.010377 0.027540 2.512667 
0.008974 0.025509 2.552553 
0.007414 0.023603 2.592444 
0.005706 0.021741 2.632337 
0.003866 0.019830 2.672225 
0.001980 0.017853 2.712111 
0.000091 0.015814 2.752002 
-0.001818 0.013714 2.791896 
-0.003727 0.011625 2.831793 
-0.005626 0.009585 2.871692 
-0.007505 0.007518 2.911595 
-0.009318 0.005308 2.951498 
