150 
0.012584 0.066328 -2.869555 
0.009377 0.070394 -2.829880 
0.006181 0.074579 -2.790225 
0.002997 0.078915 -2.750587 
-0.000221 0.083381 -2.710983 
-0.003570 0.088011 -2.671414 
-0.007157 0.092725 -2.631875 
-0.010939 0.097411 -2.592358 
-0.014843 0.102028 -2.552847 
-0.018832 0.106477 -2.513335 
-0.022934 0.110646 -2.473831 
-0.027119 0.114553 -2.434339 
-0.031270 0.118272 -2.394837 
-0.035331 0.121774 -2.355311 
-0.039167 0.124925 -2.315752 
-0.042586 0.127686 -2.276151 
-0.045513 0.130281 -2.236517 
-0.048018 0.132894 -2.196880 
-0.050090 0.135535 -2.157254 
-0.051737 0.138359 -2.117661 
-0.053133 0.141579 -2.078123 
-0.054401 0.145134 -2.038548 
-0.055638 0.148968 -1.998929 
-0.056847 0.153101 -1.959326 
-0.058012 0.157520 -1.919796 
-0.059197 0.162118 -1.880350 
-0.060600 0.166776 -1.840977 
-0.062355 0.171334 -1.801686 
-0.064574 0.175596 -1.762477 
-0.067183 0.179371 -1.723309 
-0.069990 0.182638 -1.684136 
-0.072918 0.185296 -1.644928 
-0.075676 0.187356 -1.605697 
-0.077683 0.188752 -1.566414 
-0.078482 0.189514 -1.527029 
-0.077971 0.189988 -1.487579 
-0.076092 0.190416 -1.448180 
-0.073042 0.190964 -1.408864 
-0.069250 0.191552 -1.369646 
-0.064893 0.192666 -1.330543 
-0.059959 0.194615 -1.291602 
-0.054689 0.197156 -1.252962 
-0.049625 0.200174 -1.214579 
-0.044938 0.203203 -1.176279 
-0.040354 0.205366 -1.137944 
-0.035621 0.206016 -1.099489 
-0.031259 0.205315 -1.060866 
-0.027608 0.202703 -1.021875 
-0.024065 0.196798 -0.982801 
-0.020095 0.187372 -0.944287 
-0.015955 0.176445 -0.906114 
-0.012145 0.164700 -0.868009 
-0.008879 0.152065 -0.830135 
-0.006949 0.138485 -0.792607 
-0.006062 0.123935 -0.755445 
-0.005572 0.108315 -0.718714 
-0.005271 0.091970 -0.682255 
-0.005055 0.075233 -0.646008 
-0.004663 0.058315 -0.609842 
-0.003944 0.041169 -0.573799 
-0.002799 0.023814 -0.537881 
-0.001292 0.006283 -0.502100 
0.000425 -0.011195 -0.466371 
0.002265 -0.028440 -0.430594 
0.004347 -0.045328 -0.394724 
0.006558 -0.061713 -0.358743 
0.008721 -0.077623 -0.322623 
0.010534 -0.092914 -0.286308 
0.012097 -0.107489 -0.249810 
0.013495 -0.121292 -0.213117 
0.014373 -0.134003 -0.175973 
0.013098 -0.145002 -0.137973 
0.008409 -0.154773 -0.099620 
0.002179 -0.163196 -0.060900 
-0.003177 -0.169281 -0.021505 
-0.006149 -0.172244 0.018410 
-0.006550 -0.170607 0.058284 
-0.004904 -0.163181 0.097129 
-0.001978 -0.150644 0.134176 
0.001075 -0.134313 0.169309 
0.003381 -0.115212 0.202671 
0.004352 -0.095036 0.235590 
0.004415 -0.074342 0.268578 
0.003628 -0.053708 0.301940 
0.002362 -0.034392 0.336347 
0.001126 -0.016613 0.371790 
0.000325 -0.000108 0.407882 
0.000011 0.015453 0.444357 
0.000246 0.030144 0.481239 
0.000996 0.044105 0.518488 
0.002500 0.057789 0.555904 
0.005014 0.071307 0.593409 
0.008389 0.084760 0.630942 
0.012554 0.098342 0.668404 
0.017499 0.112504 0.705599 
0.023085 0.127512 0.742381 
0.029259 0.143096 0.778751 
0.035500 0.158862 0.814945 
0.041369 0.173931 0.851366 
0.046482 0.187196 0.888517 
0.051188 0.197401 0.926545 
0.055918 0.204912 0.965013 
0.060700 0.209511 1.003776 
0.065872 0.210999 1.042516 
0.071993 0.210452 1.080920 
0.078974 0.209319 1.119143 
0.085711 0.208835 1.157365 
0.090836 0.209416 1.195854 
0.093741 0.210918 1.234669 
0.094318 0.212733 1.273591 
0.093301 0.214063 1.312457 
0.091689 0.214619 1.351365 
0.090101 0.214366 1.390438 
0.088515 0.213371 1.429643 
0.086745 0.211740 1.468922 
0.084969 0.209463 1.508255 
0.083400 0.206686 1.547633 
0.082203 0.203536 1.587012 
0.081399 0.199953 1.626378 
0.080815 0.196197 1.665746 
0.080402 0.192623 1.705136 
0.080088 0.189012 1.744531 
0.079810 0.185220 1.783895 
0.079511 0.181597 1.823305 
0.079012 0.178283 1.862806 
0.078225 0.175183 1.902351 
0.076934 0.172042 1.941906 
0.075100 0.168721 1.981461 
0.072794 0.165370 2.021008 
0.070029 0.162073 2.060572 
0.066875 0.158695 2.100132 
0.063474 0.155066 2.139661 
0.059935 0.151106 2.179151 
0.056217 0.146868 2.218611 
0.052357 0.142466 2.258057 
0.048457 0.137976 2.297490 
0.044593 0.133398 2.336916 
0.040813 0.128753 2.376333 
0.037050 0.124115 2.415743 
0.033162 0.119547 2.455154 
0.029121 0.115063 2.494581 
0.024958 0.110654 2.534031 
0.020670 0.106240 2.573481 
0.016318 0.101792 2.612926 
0.011947 0.097317 2.652389 
0.007556 0.092834 2.691872 
0.003095 0.088383 2.731359 
-0.001431 0.084003 2.770849 
-0.005969 0.079632 2.810350 
-0.010467 0.075131 2.849853 
