150 
0.000022 -0.002500 -2.980004 
0.000213 -0.002607 -2.940002 
0.000502 -0.002624 -2.899996 
0.000890 -0.002598 -2.859994 
0.001342 -0.002487 -2.820005 
0.001756 -0.002269 -2.779999 
0.002002 -0.001962 -2.739997 
0.002064 -0.001594 -2.700004 
0.002038 -0.001193 -2.660003 
0.001944 -0.000822 -2.619997 
0.001715 -0.000558 -2.579996 
0.001363 -0.000374 -2.540001 
0.000952 -0.000189 -2.500000 
0.000504 -0.000042 -2.459999 
0.000094 -0.000098 -2.420003 
-0.000156 -0.000421 -2.380003 
-0.000221 -0.000882 -2.339997 
-0.000174 -0.001333 -2.299998 
-0.000056 -0.001720 -2.260001 
0.000144 -0.001991 -2.220001 
0.000397 -0.002095 -2.179996 
0.000616 -0.002073 -2.140003 
0.000766 -0.002002 -2.100003 
0.000950 -0.001890 -2.059998 
0.001269 -0.001701 -2.019999 
0.001638 -0.001413 -1.980001 
0.001897 -0.001048 -1.940002 
0.001980 -0.000692 -1.899997 
0.001865 -0.000446 -1.859998 
0.001553 -0.000305 -1.820004 
0.001106 -0.000191 -1.779999 
0.000626 -0.000098 -1.740001 
0.000226 -0.000087 -1.699999 
-0.000033 -0.000190 -1.660003 
-0.000186 -0.000357 -1.619998 
-0.000289 -0.000530 -1.580002 
-0.000330 -0.000783 -1.539997 
-0.000260 -0.001180 -1.500000 
-0.000079 -0.001566 -1.460003 
0.000192 -0.001761 -1.419998 
0.000564 -0.001787 -1.380001 
0.000964 -0.001714 -1.339998 
0.001195 -0.001526 -1.300002 
0.001196 -0.001228 -1.259998 
0.001149 -0.000890 -1.220001 
0.001210 -0.000558 -1.179998 
0.001298 -0.000231 -1.140000 
0.001243 0.000073 -1.100001 
0.000990 0.000301 -1.059999 
0.000623 0.000429 -1.020000 
0.000267 0.000442 -0.980000 
-0.000036 0.000298 -0.940001 
-0.000336 0.000044 -0.900000 
-0.000618 -0.000193 -0.860000 
-0.000776 -0.000407 -0.820000 
-0.000741 -0.000692 -0.779999 
-0.000544 -0.001011 -0.739999 
-0.000274 -0.001229 -0.699999 
0.000010 -0.001311 -0.660001 
0.000311 -0.001300 -0.620001 
0.000633 -0.001187 -0.580001 
0.000924 -0.000958 -0.540001 
0.001124 -0.000665 -0.500000 
0.001241 -0.000358 -0.459999 
0.001292 -0.000028 -0.419999 
0.001209 0.000340 -0.380000 
0.000971 0.000688 -0.340000 
0.000687 0.000929 -0.300000 
0.000407 0.001031 -0.260000 
0.000077 0.001018 -0.220000 
-0.000277 0.000894 -0.180000 
-0.000557 0.000651 -0.140000 
-0.000735 0.000326 -0.100000 
-0.000826 -0.000007 -0.060000 
-0.000814 -0.000307 -0.020000 
-0.000683 -0.000588 0.020000 
-0.000437 -0.000856 0.060000 
-0.000115 -0.001020 0.100000 
0.000214 -0.000980 0.140000 
0.000513 -0.000782 0.180000 
0.000791 -0.000528 0.220000 
0.001014 -0.000218 0.260000 
0.001109 0.000157 0.300000 
0.001051 0.000506 0.340000 
0.000848 0.000766 0.380000 
0.000527 0.001005 0.419999 
0.000148 0.001271 0.459999 
-0.000236 0.001455 0.500000 
-0.000605 0.001427 0.540001 
-0.000906 0.001236 0.580001 
-0.001082 0.001059 0.620001 
-0.001144 0.000935 0.660001 
-0.001158 0.000723 0.699999 
-0.001154 0.000341 0.739999 
-0.001074 -0.000114 0.779999 
-0.000842 -0.000498 0.820000 
-0.000470 -0.000712 0.860000 
-0.000066 -0.000711 0.900000 
0.000270 -0.000545 0.940001 
0.000507 -0.000311 0.980000 
0.000658 -0.000031 1.020000 
0.000714 0.000332 1.059999 
0.000652 0.000768 1.100001 
0.000503 0.001191 1.140000 
0.000305 0.001512 1.179998 
0.000023 0.001700 1.220001 
-0.000356 0.001811 1.259998 
-0.000768 0.001871 1.300002 
-0.001164 0.001801 1.339998 
-0.001531 0.001545 1.380001 
-0.001805 0.001140 1.419998 
-0.001869 0.000637 1.460003 
-0.001686 0.000129 1.500000 
-0.001384 -0.000248 1.539997 
-0.001143 -0.000403 1.580002 
-0.001012 -0.000356 1.619998 
-0.000886 -0.000202 1.660003 
-0.000649 -0.000032 1.699999 
-0.000298 0.000148 1.740001 
0.000041 0.000403 1.779999 
0.000216 0.000767 1.820004 
0.000184 0.001177 1.859998 
0.000015 0.001535 1.899997 
-0.000185 0.001812 1.940002 
-0.000370 0.002048 1.980001 
-0.000590 0.002208 2.019999 
-0.000888 0.002161 2.059998 
-0.001212 0.001918 2.100003 
-0.001499 0.001660 2.140003 
-0.001723 0.001475 2.179996 
-0.001830 0.001247 2.220001 
-0.001772 0.000884 2.260001 
-0.001618 0.000457 2.299998 
-0.001447 0.000111 2.339997 
-0.001235 -0.000039 2.380003 
-0.000953 0.000037 2.420003 
-0.000616 0.000266 2.459999 
-0.000266 0.000544 2.500000 
-0.000011 0.000839 2.540001 
0.000058 0.001184 2.579996 
-0.000056 0.001583 2.619997 
-0.000311 0.001946 2.660003 
-0.000651 0.002177 2.700004 
-0.000999 0.002273 2.739997 
-0.001322 0.002259 2.779999 
-0.001622 0.002158 2.820005 
-0.001883 0.002046 2.859994 
-0.002095 0.001965 2.899996 
-0.002256 0.001828 2.940002 
-0.002319 0.001538 2.980004 
