150 
0.002629 -0.004263 -2.976467 
0.002542 -0.003947 -2.936473 
0.002549 -0.003540 -2.896476 
0.002657 -0.003090 -2.856480 
0.002828 -0.002555 -2.816483 
0.002959 -0.001917 -2.776487 
0.002916 -0.001199 -2.736495 
0.002690 -0.000434 -2.696502 
0.002378 0.000355 -2.656512 
0.001997 0.001102 -2.616520 
0.001480 0.001733 -2.576531 
0.000840 0.002278 -2.536542 
0.000139 0.002820 -2.496556 
-0.000597 0.003321 -2.456572 
-0.001290 0.003624 -2.416584 
-0.001811 0.003662 -2.376594 
-0.002131 0.003572 -2.336601 
-0.002324 0.003507 -2.296607 
-0.002428 0.003529 -2.256617 
-0.002422 0.003704 -2.216629 
-0.002344 0.004092 -2.176645 
-0.002288 0.004658 -2.136662 
-0.002301 0.005331 -2.096681 
-0.002295 0.006110 -2.056700 
-0.002196 0.007025 -2.016719 
-0.002098 0.008074 -1.976743 
-0.002159 0.009213 -1.936768 
-0.002438 0.010348 -1.896800 
-0.002952 0.011367 -1.856838 
-0.003686 0.012231 -1.816880 
-0.004553 0.013003 -1.776925 
-0.005430 0.013692 -1.736968 
-0.006164 0.014238 -1.697012 
-0.006649 0.014611 -1.657053 
-0.006863 0.014879 -1.617084 
-0.006823 0.015153 -1.577107 
-0.006512 0.015434 -1.537124 
-0.005917 0.015693 -1.497144 
-0.005097 0.016066 -1.457174 
-0.004115 0.016727 -1.417221 
-0.002996 0.017692 -1.377284 
-0.001833 0.018864 -1.337364 
-0.000873 0.020215 -1.297457 
-0.000237 0.021688 -1.257550 
0.000280 0.023113 -1.217638 
0.000917 0.024342 -1.177725 
0.001617 0.025392 -1.137807 
0.002236 0.026175 -1.097883 
0.002756 0.026440 -1.057932 
0.003379 0.026069 -1.017954 
0.004245 0.025215 -0.977970 
0.005260 0.024079 -0.937982 
0.006210 0.022813 -0.897984 
0.006928 0.021533 -0.857975 
0.007422 0.020216 -0.817965 
0.007701 0.018677 -0.777961 
0.007750 0.016853 -0.737973 
0.007558 0.014830 -0.698007 
0.007198 0.012616 -0.658066 
0.006802 0.010170 -0.618155 
0.006477 0.007513 -0.578279 
0.006195 0.004655 -0.538429 
0.005940 0.001665 -0.498589 
0.005776 -0.001288 -0.458743 
0.005704 -0.003989 -0.418880 
0.005618 -0.006321 -0.378991 
0.005442 -0.008354 -0.339076 
0.005141 -0.010095 -0.299131 
0.004674 -0.011538 -0.259169 
0.003902 -0.012693 -0.219204 
0.002774 -0.013647 -0.179235 
0.001345 -0.014516 -0.139266 
-0.000407 -0.015369 -0.099297 
-0.002380 -0.016278 -0.059331 
-0.004228 -0.017095 -0.019361 
-0.005668 -0.017577 0.020601 
-0.006623 -0.017395 0.060530 
-0.007131 -0.016196 0.100399 
-0.007380 -0.014068 0.140206 
-0.007550 -0.011330 0.179984 
-0.007802 -0.008213 0.219737 
-0.008276 -0.004809 0.259475 
-0.009061 -0.001199 0.299211 
-0.010174 0.002371 0.338952 
-0.011507 0.005652 0.378722 
-0.012918 0.008626 0.418526 
-0.014255 0.011316 0.458356 
-0.015397 0.013614 0.498215 
-0.016271 0.015435 0.538106 
-0.016753 0.016883 0.578027 
-0.016711 0.018244 0.617958 
-0.016091 0.019663 0.657883 
-0.014999 0.021130 0.697804 
-0.013542 0.022661 0.737727 
-0.011735 0.024443 0.777636 
-0.009651 0.026673 0.817504 
-0.007426 0.029340 0.857319 
-0.005301 0.032223 0.897103 
-0.003491 0.034820 0.936915 
-0.001981 0.036656 0.976799 
-0.000687 0.037599 1.016735 
0.000538 0.037762 1.056685 
0.001778 0.037357 1.096631 
0.003072 0.036683 1.136569 
0.004370 0.035919 1.176509 
0.005535 0.035138 1.216461 
0.006451 0.034415 1.256426 
0.007122 0.033795 1.296395 
0.007562 0.033201 1.336365 
0.007746 0.032519 1.376328 
0.007750 0.031671 1.416284 
0.007726 0.030638 1.456235 
0.007753 0.029465 1.496186 
0.007776 0.028252 1.536139 
0.007697 0.027087 1.576093 
0.007523 0.025991 1.616057 
0.007378 0.024923 1.656024 
0.007404 0.023834 1.695987 
0.007597 0.022712 1.735945 
0.007846 0.021654 1.775900 
0.008014 0.020772 1.815856 
0.008036 0.020008 1.855814 
0.007936 0.019261 1.895767 
0.007768 0.018544 1.935725 
0.007531 0.017914 1.975690 
0.007164 0.017304 2.015658 
0.006614 0.016537 2.055628 
0.005936 0.015579 2.095597 
0.005210 0.014609 2.135566 
0.004474 0.013712 2.175540 
0.003798 0.012763 2.215515 
0.003254 0.011652 2.255488 
0.002812 0.010442 2.295456 
0.002389 0.009283 2.335424 
0.002011 0.008295 2.375396 
0.001712 0.007516 2.415376 
0.001484 0.006888 2.455361 
0.001288 0.006324 2.495347 
0.001019 0.005801 2.535331 
0.000581 0.005351 2.575317 
-0.000027 0.004966 2.615299 
-0.000773 0.004555 2.655285 
-0.001603 0.004027 2.695268 
-0.002440 0.003376 2.735250 
-0.003248 0.002624 2.775233 
-0.004039 0.001792 2.815216 
-0.004794 0.000955 2.855200 
-0.005508 0.000158 2.895186 
-0.006184 -0.000687 2.935173 
-0.006777 -0.001680 2.975161 
