50 
-0.166286 -0.141381 -0.013540 
-0.160314 -0.142417 -0.013457 
-0.154671 -0.143932 -0.012693 
-0.148939 -0.145352 -0.011962 
-0.143132 -0.146564 -0.011309 
-0.137302 -0.147689 -0.010656 
-0.131473 -0.148600 -0.009825 
-0.125689 -0.149166 -0.008759 
-0.120073 -0.149158 -0.007704 
-0.114723 -0.148711 -0.006551 
-0.109648 -0.148055 -0.005135 
-0.104908 -0.147179 -0.003390 
-0.100432 -0.146136 -0.001306 
-0.096145 -0.145147 0.001222 
-0.091923 -0.144436 0.004150 
-0.087689 -0.144248 0.007287 
-0.083307 -0.144576 0.010325 
-0.078739 -0.145498 0.013078 
-0.073880 -0.147036 0.015427 
-0.068778 -0.148906 0.017211 
-0.063488 -0.150794 0.018625 
-0.057963 -0.152491 0.019841 
-0.052232 -0.153648 0.020536 
-0.046368 -0.154370 0.020989 
-0.040416 -0.154663 0.021078 
-0.034337 -0.155050 0.021246 
-0.028243 -0.155335 0.021444 
-0.022118 -0.155499 0.021485 
-0.015944 -0.155614 0.021408 
-0.009769 -0.155648 0.021307 
-0.003598 -0.155523 0.021096 
0.002569 -0.155231 0.020828 
0.008744 -0.154869 0.020586 
0.014903 -0.154285 0.020361 
0.021029 -0.153558 0.020107 
0.027153 -0.152826 0.019860 
0.033260 -0.152091 0.019622 
0.039338 -0.151298 0.019352 
0.045395 -0.150479 0.019039 
0.051440 -0.149678 0.018686 
0.057474 -0.148851 0.018326 
0.063500 -0.148031 0.017954 
0.069520 -0.147187 0.017602 
0.075538 -0.146337 0.017270 
0.081570 -0.145530 0.016912 
0.087608 -0.144746 0.016489 
0.093636 -0.144017 0.015956 
0.099666 -0.143393 0.015302 
0.105707 -0.142812 0.014575 
0.111754 -0.142191 0.013889 
