150 
-0.000007 0.002682 -2.947247 
-0.000317 0.008823 -2.906517 
-0.000633 0.015006 -2.865808 
-0.000943 0.021209 -2.825113 
-0.001275 0.027435 -2.784426 
-0.001585 0.033669 -2.743770 
-0.001923 0.039908 -2.703140 
-0.002308 0.046129 -2.662503 
-0.002705 0.052328 -2.621846 
-0.003134 0.058494 -2.581187 
-0.003561 0.064636 -2.540537 
-0.003961 0.070747 -2.499888 
-0.004314 0.076863 -2.459234 
-0.004651 0.082940 -2.418567 
-0.004982 0.088981 -2.377880 
-0.005289 0.095003 -2.337161 
-0.005590 0.101109 -2.296441 
-0.005889 0.107300 -2.255752 
-0.006213 0.113474 -2.215088 
-0.006583 0.119679 -2.174430 
-0.007043 0.125923 -2.133756 
-0.007587 0.132128 -2.093080 
-0.008169 0.138240 -2.052396 
-0.008826 0.144256 -2.011686 
-0.009522 0.150140 -1.970953 
-0.010239 0.155862 -1.930203 
-0.011026 0.161383 -1.889426 
-0.011843 0.166635 -1.848610 
-0.012584 0.171598 -1.807754 
-0.013178 0.176276 -1.766894 
-0.013565 0.180705 -1.726034 
-0.013637 0.184938 -1.685165 
-0.013358 0.188952 -1.644310 
-0.012642 0.192916 -1.603451 
-0.011532 0.197070 -1.562598 
-0.010112 0.201593 -1.521813 
-0.008462 0.206492 -1.481110 
-0.006702 0.211743 -1.440458 
-0.005017 0.217368 -1.399822 
-0.003538 0.223319 -1.359182 
-0.002361 0.229459 -1.318571 
-0.001468 0.235746 -1.278021 
-0.001036 0.242231 -1.237537 
-0.001130 0.248905 -1.197157 
-0.001800 0.255814 -1.156963 
-0.002780 0.263910 -1.117534 
-0.004739 0.271213 -1.077675 
-0.006423 0.274448 -1.036796 
-0.008715 0.274268 -0.996464 
-0.011202 0.267250 -0.955269 
-0.011677 0.253471 -0.915132 
-0.011431 0.235985 -0.876005 
-0.011106 0.215255 -0.838095 
-0.010555 0.193445 -0.800829 
-0.009875 0.171071 -0.763866 
-0.009019 0.148506 -0.727039 
-0.008071 0.125924 -0.690264 
-0.007030 0.103354 -0.653506 
-0.006024 0.080860 -0.616690 
-0.005028 0.058400 -0.579869 
-0.004014 0.036059 -0.543031 
-0.003042 0.013779 -0.506173 
-0.002126 -0.008415 -0.469276 
-0.001376 -0.030515 -0.432313 
-0.000828 -0.052645 -0.395377 
-0.000474 -0.074746 -0.358406 
-0.000264 -0.096963 -0.321461 
-0.000175 -0.119181 -0.284517 
-0.000139 -0.141443 -0.247608 
-0.000182 -0.163686 -0.210695 
-0.000232 -0.185827 -0.173726 
-0.000461 -0.207787 -0.136655 
-0.001049 -0.227711 -0.098274 
-0.003644 -0.247548 -0.061546 
-0.004695 -0.261131 -0.022003 
-0.001699 -0.261200 0.020332 
-0.000366 -0.248173 0.059760 
-0.000690 -0.232847 0.098405 
0.000511 -0.213315 0.136520 
0.002119 -0.191792 0.173237 
0.004003 -0.169899 0.209867 
0.006002 -0.147844 0.246453 
0.008155 -0.125703 0.283087 
0.010391 -0.103388 0.319680 
0.012640 -0.080977 0.356290 
0.014907 -0.058411 0.392838 
0.017176 -0.035737 0.429337 
0.019486 -0.012875 0.465737 
0.021654 0.010109 0.502125 
0.023643 0.033186 0.538533 
0.025442 0.056333 0.574935 
0.027029 0.079471 0.611358 
0.028378 0.102558 0.647838 
0.029539 0.125558 0.684411 
0.030457 0.148442 0.721058 
0.031116 0.171047 0.757860 
0.031585 0.193335 0.794786 
0.031804 0.214759 0.832111 
0.031775 0.234772 0.870130 
0.032085 0.251647 0.908927 
0.033036 0.265301 0.948669 
0.033649 0.271738 0.989562 
0.035643 0.270655 1.028731 
0.038835 0.265566 1.068033 
0.041022 0.258202 1.107904 
0.043824 0.250061 1.147181 
0.046131 0.243427 1.187402 
0.047874 0.238396 1.228085 
0.049333 0.233847 1.268906 
0.050173 0.229982 1.309860 
0.050408 0.226489 1.350899 
0.050027 0.223217 1.391959 
0.049144 0.219920 1.433009 
0.047793 0.216431 1.474025 
0.045927 0.212747 1.515002 
0.043581 0.208771 1.555929 
0.041000 0.204376 1.596828 
0.038331 0.199572 1.637703 
0.035652 0.194395 1.678526 
0.032963 0.188887 1.719268 
0.030395 0.183033 1.759974 
0.028007 0.176879 1.800697 
0.025778 0.170466 1.841424 
0.023747 0.163859 1.882101 
0.021972 0.157168 1.922741 
0.020456 0.150465 1.963370 
0.019173 0.143804 2.004032 
0.018069 0.137248 2.044755 
0.017081 0.130838 2.085533 
0.016181 0.124499 2.126314 
0.015336 0.118251 2.167123 
0.014536 0.112046 2.207983 
0.013790 0.105860 2.248866 
0.013032 0.099740 2.289739 
0.012249 0.093683 2.330585 
0.011462 0.087671 2.371427 
0.010674 0.081705 2.412295 
0.009901 0.075789 2.453162 
0.009128 0.069929 2.494019 
0.008312 0.064118 2.534863 
0.007445 0.058334 2.575705 
0.006558 0.052578 2.616555 
0.005622 0.046811 2.657419 
0.004646 0.041050 2.698279 
0.003650 0.035310 2.739135 
0.002639 0.029579 2.779999 
0.001622 0.023865 2.820877 
0.000578 0.018219 2.861763 
-0.000490 0.012637 2.902667 
-0.001530 0.006994 2.943581 
