300 
0.000000 0.000000 -1.494998 
0.000000 0.000000 -1.485000 
0.000000 0.000000 -1.475002 
0.000000 0.000000 -1.464997 
0.000000 0.000000 -1.455002 
0.000000 0.000000 -1.445003 
0.000000 0.000000 -1.434998 
0.000000 0.000000 -1.425002 
0.000000 0.000000 -1.414997 
0.000000 0.000000 -1.404999 
0.000000 0.000000 -1.395001 
0.000000 0.000000 -1.384998 
0.000000 0.000000 -1.375000 
0.000000 0.000000 -1.365002 
0.000000 0.000000 -1.354999 
0.000000 0.000000 -1.345001 
0.000000 0.000000 -1.335002 
0.000000 0.000000 -1.324998 
0.000000 0.000000 -1.315001 
0.000000 0.000000 -1.304997 
0.000000 0.000000 -1.294998 
0.000000 0.000000 -1.285002 
0.000000 0.000000 -1.274998 
0.000000 0.000000 -1.265000 
0.000000 0.000000 -1.255001 
0.000000 0.000000 -1.244999 
0.000000 0.000000 -1.235000 
0.000000 0.000000 -1.225001 
0.000000 0.000000 -1.214998 
0.000000 0.000000 -1.205001 
0.000000 0.000000 -1.195002 
0.000000 0.000000 -1.184999 
0.000000 0.000000 -1.175002 
0.000000 0.000000 -1.164998 
0.000000 0.000000 -1.154999 
0.000000 0.000000 -1.145000 
0.000000 0.000000 -1.134999 
0.000000 0.000000 -1.125000 
0.000000 0.000000 -1.115001 
0.000000 0.000000 -1.105000 
0.000000 0.000000 -1.095001 
0.000000 0.000000 -1.085001 
0.000000 0.000000 -1.074998 
0.000000 0.000000 -1.065001 
0.000000 0.000000 -1.054998 
0.000000 0.000000 -1.044999 
0.000000 0.000000 -1.035002 
0.000000 0.000000 -1.024999 
0.000000 0.000000 -1.015000 
0.000000 0.000000 -1.005000 
0.000000 0.000000 -0.995000 
0.000000 0.000000 -0.985000 
0.000000 0.000000 -0.975000 
0.000000 0.000000 -0.964998 
0.000000 0.000000 -0.955001 
0.000000 0.000000 -0.945001 
0.000000 0.000000 -0.934999 
0.000000 0.000000 -0.925001 
0.000000 0.000000 -0.915000 
0.000000 0.000000 -0.904999 
0.000000 0.000000 -0.894999 
0.000000 0.000000 -0.885000 
0.000000 0.000000 -0.875000 
0.000000 0.000000 -0.865000 
0.000000 0.000000 -0.855001 
0.000000 0.000000 -0.845001 
0.000000 0.000000 -0.835000 
0.000000 0.000000 -0.824999 
0.000000 0.000000 -0.815001 
0.000000 0.000000 -0.805000 
0.000000 0.000000 -0.794999 
0.000000 0.000000 -0.785002 
0.000000 0.000000 -0.775001 
0.000000 0.000000 -0.765000 
0.000000 0.000000 -0.754999 
0.000000 0.000000 -0.745001 
0.000000 0.000000 -0.735000 
0.000000 0.000000 -0.724999 
0.000000 0.000000 -0.714998 
0.000000 0.000000 -0.705001 
0.000000 0.000000 -0.695000 
0.000000 0.000000 -0.684999 
0.000000 0.000000 -0.675001 
0.000000 0.000000 -0.665001 
0.000000 0.000000 -0.654999 
0.000000 0.000000 -0.644999 
0.000000 0.000000 -0.635000 
0.000000 0.000000 -0.625000 
0.000000 0.000000 -0.615000 
0.000000 0.000000 -0.605001 
0.000000 0.000000 -0.595001 
0.000000 0.000000 -0.584999 
0.000000 0.000000 -0.574999 
0.000000 0.000000 -0.565000 
0.000000 0.000000 -0.555000 
0.000000 0.000000 -0.544999 
0.000000 0.000000 -0.535001 
0.000000 0.000000 -0.525001 
0.000000 0.000000 -0.515000 
0.000000 0.000000 -0.505000 
0.000000 0.000000 -0.495000 
0.000000 0.000000 -0.485000 
0.000000 0.000000 -0.474999 
0.000000 0.000000 -0.465000 
0.000000 0.000000 -0.455001 
0.000000 0.000000 -0.445000 
0.000000 0.000000 -0.435000 
0.000000 0.000000 -0.425000 
0.000000 0.000000 -0.415001 
0.000000 0.000000 -0.405000 
0.000000 0.000000 -0.395000 
0.000000 0.000000 -0.384999 
0.000000 0.000000 -0.375000 
0.000000 0.000000 -0.365001 
0.000000 0.000000 -0.355000 
0.000000 0.000000 -0.345000 
0.000000 0.000000 -0.334999 
0.000000 0.000000 -0.325000 
0.000000 0.000000 -0.315000 
0.000000 0.000000 -0.305000 
0.000000 0.000000 -0.294999 
0.000000 0.000000 -0.285000 
0.000000 0.000000 -0.275000 
0.000000 0.000000 -0.265000 
0.000000 0.000000 -0.255000 
0.000000 0.000000 -0.245000 
0.000000 0.000000 -0.235000 
0.000000 0.000000 -0.225000 
0.000000 0.000000 -0.215000 
0.000000 0.000000 -0.205000 
0.000000 0.000000 -0.195000 
0.000000 0.000000 -0.185000 
0.000000 0.000000 -0.175000 
0.000000 0.000000 -0.165000 
0.000000 0.000000 -0.155000 
0.000000 0.000000 -0.145000 
0.000000 0.000000 -0.135000 
0.000000 0.000000 -0.125000 
0.000000 0.000000 -0.115000 
0.000000 0.000000 -0.105000 
0.000000 0.000000 -0.095000 
0.000000 0.000000 -0.085000 
0.000000 0.000000 -0.075000 
0.000000 0.000000 -0.065000 
0.000000 0.000000 -0.055000 
0.000000 0.000000 -0.045000 
0.000000 0.000000 -0.035000 
0.000000 0.000000 -0.025000 
0.000000 0.000000 -0.015000 
0.000000 0.000000 -0.005000 
0.000000 0.000000 0.005000 
0.000000 0.000000 0.015000 
0.000000 0.000000 0.025000 
0.000000 0.000000 0.035000 
0.000000 0.000000 0.045000 
0.000000 0.000000 0.055000 
0.000000 0.000000 0.065000 
0.000000 0.000000 0.075000 
0.000000 0.000000 0.085000 
0.000000 0.000000 0.095000 
0.000000 0.000000 0.105000 
0.000000 0.000000 0.115000 
0.000000 0.000000 0.125000 
0.000000 0.000000 0.135000 
0.000000 0.000000 0.145000 
0.000000 0.000000 0.155000 
0.000000 0.000000 0.165000 
0.000000 0.000000 0.175000 
0.000000 0.000000 0.185000 
0.000000 0.000000 0.195000 
0.000000 0.000000 0.205000 
0.000000 0.000000 0.215000 
0.000000 0.000000 0.225000 
0.000000 0.000000 0.235000 
0.000000 0.000000 0.245000 
0.000000 0.000000 0.255000 
0.000000 0.000000 0.265000 
0.000000 0.000000 0.275000 
0.000000 0.000000 0.285000 
0.000000 0.000000 0.294999 
0.000000 0.000000 0.305000 
0.000000 0.000000 0.315000 
0.000000 0.000000 0.325000 
0.000000 0.000000 0.334999 
0.000000 0.000000 0.345000 
0.000000 0.000000 0.355000 
0.000000 0.000000 0.365001 
0.000000 0.000000 0.375000 
0.000000 0.000000 0.384999 
0.000000 0.000000 0.395000 
0.000000 0.000000 0.405000 
0.000000 0.000000 0.415001 
0.000000 0.000000 0.425000 
0.000000 0.000000 0.435000 
0.000000 0.000000 0.445000 
0.000000 0.000000 0.455001 
0.000000 0.000000 0.465000 
0.000000 0.000000 0.474999 
0.000000 0.000000 0.485000 
0.000000 0.000000 0.495000 
0.000000 0.000000 0.505000 
0.000000 0.000000 0.515000 
0.000000 0.000000 0.525001 
0.000000 0.000000 0.535001 
0.000000 0.000000 0.544999 
0.000000 0.000000 0.555000 
0.000000 0.000000 0.565000 
0.000000 0.000000 0.574999 
0.000000 0.000000 0.584999 
0.000000 0.000000 0.595001 
0.000000 0.000000 0.605001 
0.000000 0.000000 0.615000 
0.000000 0.000000 0.625000 
0.000000 0.000000 0.635000 
0.000000 0.000000 0.644999 
0.000000 0.000000 0.654999 
0.000000 0.000000 0.665001 
0.000000 0.000000 0.675001 
0.000000 0.000000 0.684999 
0.000000 0.000000 0.695000 
0.000000 0.000000 0.705001 
0.000000 0.000000 0.714998 
0.000000 0.000000 0.724999 
0.000000 0.000000 0.735000 
0.000000 0.000000 0.745001 
0.000000 0.000000 0.754999 
0.000000 0.000000 0.765000 
0.000000 0.000000 0.775001 
0.000000 0.000000 0.785002 
0.000000 0.000000 0.794999 
0.000000 0.000000 0.805000 
0.000000 0.000000 0.815001 
0.000000 0.000000 0.824999 
0.000000 0.000000 0.835000 
0.000000 0.000000 0.845001 
0.000000 0.000000 0.855001 
0.000000 0.000000 0.865000 
0.000000 0.000000 0.875000 
0.000000 0.000000 0.885000 
0.000000 0.000000 0.894999 
0.000000 0.000000 0.904999 
0.000000 0.000000 0.915000 
0.000000 0.000000 0.925001 
0.000000 0.000000 0.934999 
0.000000 0.000000 0.945001 
0.000000 0.000000 0.955001 
0.000000 0.000000 0.964998 
0.000000 0.000000 0.975000 
0.000000 0.000000 0.985000 
0.000000 0.000000 0.995000 
0.000000 0.000000 1.005000 
0.000000 0.000000 1.015000 
0.000000 0.000000 1.024999 
0.000000 0.000000 1.035002 
0.000000 0.000000 1.044999 
0.000000 0.000000 1.054998 
0.000000 0.000000 1.065001 
0.000000 0.000000 1.074998 
0.000000 0.000000 1.085001 
0.000000 0.000000 1.095001 
0.000000 0.000000 1.105000 
0.000000 0.000000 1.115001 
0.000000 0.000000 1.125000 
0.000000 0.000000 1.134999 
0.000000 0.000000 1.145000 
0.000000 0.000000 1.154999 
0.000000 0.000000 1.164998 
0.000000 0.000000 1.175002 
0.000000 0.000000 1.184999 
0.000000 0.000000 1.195002 
0.000000 0.000000 1.205001 
0.000000 0.000000 1.214998 
0.000000 0.000000 1.225001 
0.000000 0.000000 1.235000 
0.000000 0.000000 1.244999 
0.000000 0.000000 1.255001 
0.000000 0.000000 1.265000 
0.000000 0.000000 1.274998 
0.000000 0.000000 1.285002 
0.000000 0.000000 1.294998 
0.000000 0.000000 1.304997 
0.000000 0.000000 1.315001 
0.000000 0.000000 1.324998 
0.000000 0.000000 1.335002 
0.000000 0.000000 1.345001 
0.000000 0.000000 1.354999 
0.000000 0.000000 1.365002 
0.000000 0.000000 1.375000 
0.000000 0.000000 1.384998 
0.000000 0.000000 1.395001 
0.000000 0.000000 1.404999 
0.000000 0.000000 1.414997 
0.000000 0.000000 1.425002 
0.000000 0.000000 1.434998 
0.000000 0.000000 1.445003 
0.000000 0.000000 1.455002 
0.000000 0.000000 1.464997 
0.000000 0.000000 1.475002 
0.000000 0.000000 1.485000 
0.000000 0.000000 1.494998 
