150 
0.009936 0.007488 -2.942841 
0.008340 0.009634 -2.902938 
0.006823 0.011908 -2.863038 
0.005392 0.014281 -2.823137 
0.003998 0.016794 -2.783249 
0.002531 0.019465 -2.743379 
0.000867 0.022238 -2.703521 
-0.001000 0.025046 -2.663677 
-0.002975 0.027848 -2.623832 
-0.005027 0.030539 -2.583987 
-0.007214 0.033034 -2.544148 
-0.009491 0.035355 -2.504314 
-0.011756 0.037586 -2.464482 
-0.013961 0.039703 -2.424643 
-0.015996 0.041560 -2.384789 
-0.017688 0.043107 -2.344912 
-0.019002 0.044539 -2.305022 
-0.020018 0.046010 -2.265135 
-0.020764 0.047604 -2.225261 
-0.021240 0.049458 -2.185410 
-0.021554 0.051670 -2.145586 
-0.021829 0.054177 -2.105757 
-0.022158 0.056915 -2.065915 
-0.022522 0.059863 -2.026075 
-0.022891 0.062995 -1.986262 
-0.023334 0.066214 -1.946475 
-0.024005 0.069419 -1.906707 
-0.024958 0.072506 -1.866965 
-0.026224 0.075343 -1.827247 
-0.027722 0.077830 -1.787538 
-0.029315 0.079988 -1.747822 
-0.030899 0.081777 -1.708089 
-0.032274 0.083186 -1.668344 
-0.033202 0.084214 -1.628569 
-0.033482 0.084948 -1.588758 
-0.033053 0.085623 -1.548922 
-0.031892 0.086340 -1.509097 
-0.030113 0.087130 -1.469297 
-0.027897 0.088051 -1.429545 
-0.025363 0.089401 -1.389858 
-0.022496 0.091378 -1.350245 
-0.019469 0.093847 -1.310735 
-0.016620 0.096712 -1.271313 
-0.014122 0.099728 -1.231914 
-0.011743 0.102470 -1.192531 
-0.009180 0.104480 -1.153116 
-0.006653 0.105924 -1.113653 
-0.004340 0.106608 -1.074145 
-0.002133 0.105530 -1.034461 
0.000451 0.102360 -0.994766 
0.003564 0.097740 -0.955166 
0.006850 0.092433 -0.915578 
0.009739 0.086678 -0.876002 
0.011833 0.080567 -0.836451 
0.013149 0.074062 -0.796948 
0.013823 0.066940 -0.757535 
0.013902 0.059159 -0.718259 
0.013460 0.050866 -0.679140 
0.012768 0.042019 -0.640200 
0.012030 0.032545 -0.601451 
0.011389 0.022370 -0.562932 
0.010922 0.011458 -0.524648 
0.010662 0.000112 -0.486518 
0.010664 -0.011262 -0.448411 
0.011027 -0.022264 -0.410218 
0.011607 -0.032521 -0.371871 
0.012226 -0.042022 -0.333345 
0.012591 -0.050527 -0.294581 
0.012641 -0.058015 -0.255618 
0.012226 -0.064551 -0.216518 
0.011047 -0.070184 -0.177277 
0.008658 -0.075063 -0.137935 
0.004520 -0.079463 -0.098553 
-0.000743 -0.083711 -0.059168 
-0.005721 -0.087220 -0.019600 
-0.009377 -0.089045 0.020191 
-0.011410 -0.088021 0.059986 
-0.012046 -0.083342 0.099378 
-0.011845 -0.075534 0.138094 
-0.011483 -0.065467 0.176180 
-0.011672 -0.054064 0.213894 
-0.012736 -0.042015 0.251436 
-0.014537 -0.029636 0.288968 
-0.017123 -0.017561 0.326650 
-0.020112 -0.006524 0.364664 
-0.023075 0.003431 0.403017 
-0.025714 0.012463 0.441630 
-0.027881 0.020665 0.480459 
-0.029383 0.028052 0.519527 
-0.030091 0.034772 0.558797 
-0.029822 0.041320 0.598140 
-0.028354 0.047907 0.637491 
-0.025825 0.054686 0.676793 
-0.022381 0.061886 0.715997 
-0.018117 0.069857 0.755008 
-0.013257 0.078868 0.793691 
-0.008092 0.088677 0.832057 
-0.003065 0.098578 0.870317 
0.001310 0.107471 0.908862 
0.005078 0.114168 0.947929 
0.008492 0.118305 0.987396 
0.011931 0.120022 1.027008 
0.015669 0.119559 1.066551 
0.019999 0.117846 1.105888 
0.024507 0.116024 1.145223 
0.028753 0.114591 1.184687 
0.032245 0.113743 1.224254 
0.034725 0.113405 1.263879 
0.036174 0.113307 1.303550 
0.036708 0.113118 1.343208 
0.036658 0.112543 1.382839 
0.036381 0.111505 1.422483 
0.036105 0.110085 1.462173 
0.035803 0.108332 1.501885 
0.035373 0.106325 1.541618 
0.034878 0.104084 1.581374 
0.034465 0.101654 1.621145 
0.034326 0.099049 1.660910 
0.034463 0.096233 1.700655 
0.034727 0.093395 1.740396 
0.035014 0.090756 1.780144 
0.035275 0.088183 1.819889 
0.035516 0.085577 1.859614 
0.035704 0.083091 1.899356 
0.035744 0.080823 1.939139 
0.035551 0.078693 1.978945 
0.034985 0.076485 2.018757 
0.034066 0.074089 2.058569 
0.032863 0.071652 2.098382 
0.031400 0.069242 2.138208 
0.029763 0.066720 2.178041 
0.028072 0.063949 2.217853 
0.026365 0.060965 2.257644 
0.024613 0.057874 2.297424 
0.022840 0.054802 2.337209 
0.021091 0.051823 2.377003 
0.019390 0.048924 2.416806 
0.017748 0.046069 2.456618 
0.016076 0.043265 2.496427 
0.014252 0.040563 2.536238 
0.012277 0.037971 2.576057 
0.010166 0.035423 2.615882 
0.007919 0.032825 2.655700 
0.005619 0.030171 2.695515 
0.003315 0.027466 2.735335 
0.000981 0.024716 2.775162 
-0.001377 0.021981 2.814991 
-0.003733 0.019313 2.854825 
-0.006089 0.016630 2.894661 
-0.008392 0.013808 2.934497 
