150 
0.005300 -0.004646 -2.973176 
0.004875 -0.004088 -2.933186 
0.004540 -0.003431 -2.893197 
0.004308 -0.002717 -2.853203 
0.004142 -0.001900 -2.813213 
0.003935 -0.000956 -2.773228 
0.003546 0.000095 -2.733247 
0.002964 0.001220 -2.693273 
0.002281 0.002390 -2.653299 
0.001515 0.003525 -2.613328 
0.000602 0.004543 -2.573358 
-0.000441 0.005469 -2.533391 
-0.001546 0.006380 -2.493426 
-0.002674 0.007235 -2.453459 
-0.003729 0.007876 -2.413490 
-0.004567 0.008237 -2.373514 
-0.005142 0.008465 -2.333532 
-0.005522 0.008723 -2.293552 
-0.005747 0.009086 -2.253574 
-0.005808 0.009639 -2.213603 
-0.005763 0.010447 -2.173642 
-0.005724 0.011469 -2.133680 
-0.005746 0.012632 -2.093714 
-0.005758 0.013917 -2.053747 
-0.005703 0.015339 -2.013783 
-0.005671 0.016862 -1.973825 
-0.005805 0.018430 -1.933871 
-0.006149 0.019948 -1.893924 
-0.006715 0.021303 -1.853984 
-0.007478 0.022450 -1.814046 
-0.008330 0.023453 -1.774111 
-0.009150 0.024316 -1.734172 
-0.009791 0.024998 -1.694233 
-0.010158 0.025472 -1.654290 
-0.010218 0.025814 -1.614335 
-0.009979 0.026164 -1.574369 
-0.009416 0.026545 -1.534401 
-0.008541 0.026929 -1.494436 
-0.007434 0.027423 -1.454482 
-0.006170 0.028207 -1.414557 
-0.004767 0.029324 -1.374652 
-0.003318 0.030686 -1.334773 
-0.002074 0.032270 -1.294915 
-0.001156 0.034017 -1.255061 
-0.000350 0.035721 -1.215206 
0.000580 0.037186 -1.175351 
0.001570 0.038438 -1.135494 
0.002490 0.039376 -1.095630 
0.003336 0.039618 -1.055721 
0.004368 0.038961 -1.015769 
0.005731 0.037549 -0.975807 
0.007262 0.035700 -0.935839 
0.008665 0.033666 -0.895865 
0.009698 0.031632 -0.855870 
0.010326 0.029524 -0.815871 
0.010551 0.027109 -0.775889 
0.010392 0.024298 -0.735946 
0.009897 0.021188 -0.696051 
0.009210 0.017803 -0.656204 
0.008512 0.014105 -0.616409 
0.007930 0.010121 -0.576669 
0.007433 0.005852 -0.536980 
0.007007 0.001404 -0.497314 
0.006727 -0.003010 -0.457640 
0.006605 -0.007140 -0.417938 
0.006529 -0.010835 -0.378193 
0.006406 -0.014139 -0.338401 
0.006163 -0.016999 -0.298556 
0.005726 -0.019398 -0.258680 
0.004932 -0.021355 -0.218788 
0.003668 -0.022959 -0.178887 
0.001911 -0.024358 -0.138983 
-0.000436 -0.025698 -0.099081 
-0.003186 -0.027140 -0.059182 
-0.005770 -0.028402 -0.019252 
-0.007756 -0.029046 0.020684 
-0.009041 -0.028553 0.060571 
-0.009705 -0.026594 0.100354 
-0.010011 -0.023352 0.140010 
-0.010248 -0.019257 0.179587 
-0.010606 -0.014672 0.219124 
-0.011276 -0.009755 0.258631 
-0.012332 -0.004623 0.298140 
-0.013791 0.000406 0.337668 
-0.015492 0.005012 0.377253 
-0.017257 0.009166 0.416904 
-0.018904 0.012904 0.456607 
-0.020300 0.016148 0.496363 
-0.021363 0.018836 0.536179 
-0.021962 0.021080 0.576045 
-0.021950 0.023198 0.615929 
-0.021241 0.025357 0.655808 
-0.019928 0.027598 0.695675 
-0.018115 0.029984 0.735538 
-0.015814 0.032760 0.775365 
-0.013130 0.036163 0.815111 
-0.010245 0.040144 0.854759 
-0.007487 0.044389 0.894357 
-0.005131 0.048223 0.934016 
-0.003121 0.050969 0.973800 
-0.001351 0.052351 1.013687 
0.000372 0.052531 1.053602 
0.002153 0.051878 1.093502 
0.004053 0.050914 1.133385 
0.005965 0.049928 1.173268 
0.007699 0.048998 1.213176 
0.009098 0.048189 1.253104 
0.010154 0.047533 1.293042 
0.010885 0.046936 1.332989 
0.011279 0.046270 1.372932 
0.011441 0.045425 1.412864 
0.011541 0.044371 1.452793 
0.011667 0.043144 1.492722 
0.011774 0.041836 1.532653 
0.011765 0.040517 1.572589 
0.011648 0.039210 1.612532 
0.011559 0.037874 1.652480 
0.011656 0.036465 1.692422 
0.011926 0.034974 1.732353 
0.012259 0.033508 1.772276 
0.012534 0.032201 1.812201 
0.012690 0.030981 1.852126 
0.012742 0.029760 1.892045 
0.012708 0.028600 1.931969 
0.012567 0.027577 1.971908 
0.012255 0.026612 2.011855 
0.011706 0.025513 2.051803 
0.010972 0.024232 2.091753 
0.010126 0.022935 2.131702 
0.009205 0.021706 2.171659 
0.008287 0.020413 2.211619 
0.007462 0.018930 2.251574 
0.006716 0.017313 2.291518 
0.005970 0.015714 2.331460 
0.005260 0.014260 2.371407 
0.004624 0.012999 2.411362 
0.004062 0.011892 2.451326 
0.003547 0.010870 2.491293 
0.002972 0.009915 2.531262 
0.002233 0.009061 2.571229 
0.001322 0.008301 2.611200 
0.000259 0.007545 2.651169 
-0.000912 0.006698 2.691133 
-0.002109 0.005747 2.731096 
-0.003293 0.004704 2.771061 
-0.004470 0.003583 2.811027 
-0.005617 0.002456 2.850995 
-0.006721 0.001367 2.890963 
-0.007786 0.000234 2.930933 
-0.008765 -0.001047 2.970903 
