1480
1.331883 0.069713 3.590931
1.330690 0.069794 3.590931
1.329448 0.069903 3.590931
1.328160 0.070042 3.590931
1.326824 0.070210 3.590931
1.325441 0.070407 3.590931
1.324013 0.070634 3.590931
1.322539 0.070890 3.590931
1.321021 0.071176 3.590931
1.319459 0.071491 3.590931
1.317853 0.071835 3.590931
1.316204 0.072209 3.590931
1.314514 0.072611 3.590931
1.312782 0.073042 3.590931
1.311010 0.073501 3.590931
1.309198 0.073989 3.590931
1.307348 0.074504 3.590931
1.305459 0.075046 3.590931
1.303534 0.075616 3.590931
1.301572 0.076211 3.590931
1.299575 0.076832 3.590931
1.297544 0.077479 3.590931
1.295479 0.078149 3.590931
1.293382 0.078844 3.590931
1.291254 0.079562 3.590931
1.289095 0.080302 3.590931
1.286907 0.081064 3.590931
1.284690 0.081846 3.590931
1.282447 0.082648 3.590931
1.280178 0.083469 3.590931
1.277884 0.084309 3.590931
1.275566 0.085165 3.590931
1.273226 0.086037 3.590931
1.270865 0.086925 3.590931
1.268484 0.087826 3.590931
1.266084 0.088740 3.590931
1.263667 0.089667 3.590931
1.261235 0.090604 3.590931
1.258787 0.091550 3.590931
1.256326 0.092505 3.590931
1.253853 0.093467 3.590931
1.251369 0.094436 3.590931
1.248875 0.095409 3.590931
1.246374 0.096386 3.590931
1.243866 0.097365 3.590931
1.241352 0.098346 3.590931
1.238835 0.099327 3.590931
1.236315 0.100308 3.590931
1.233793 0.101285 3.590931
1.231272 0.102260 3.590931
1.228752 0.103230 3.590931
1.226235 0.104195 3.590931
1.223721 0.105152 3.590931
1.221214 0.106102 3.590931
1.218713 0.107043 3.590931
1.216220 0.107975 3.590931
1.213736 0.108895 3.590931
1.211263 0.109804 3.590931
1.208802 0.110701 3.590931
1.206354 0.111584 3.590931
1.203921 0.112453 3.590931
1.201503 0.113307 3.590931
1.199102 0.114147 3.590931
1.196719 0.114970 3.590931
1.194355 0.115777 3.590931
1.192012 0.116567 3.590931
1.189691 0.117341 3.590931
1.187393 0.118098 3.590931
1.185119 0.118837 3.590931
1.182870 0.119560 3.590931
1.180647 0.120266 3.590931
1.178453 0.120956 3.590931
1.176286 0.121630 3.590931
1.174150 0.122287 3.590931
1.172044 0.122930 3.590931
1.169969 0.123558 3.590931
1.167927 0.124172 3.590931
1.165919 0.124772 3.590931
1.163945 0.125359 3.590931
1.162006 0.125935 3.590931
1.160103 0.126499 3.590931
1.158236 0.127052 3.590931
1.156406 0.127596 3.590931
1.154612 0.128131 3.590931
1.152857 0.128658 3.590931
1.151139 0.129177 3.590931
1.149458 0.129691 3.590931
1.147815 0.130199 3.590931
1.146210 0.130704 3.590931
1.144641 0.131204 3.590931
1.143111 0.131703 3.590931
1.141617 0.132200 3.590931
1.140159 0.132696 3.590931
1.138738 0.133193 3.590931
1.137353 0.133691 3.590931
1.136002 0.134192 3.590931
1.134687 0.134696 3.590931
1.133405 0.135204 3.590931
1.132158 0.135717 3.590931
1.130943 0.136236 3.590931
1.129760 0.136762 3.590931
1.128609 0.137296 3.590931
1.127488 0.137838 3.590931
1.126398 0.138389 3.590931
1.125336 0.138951 3.590931
1.124304 0.139523 3.590931
1.123298 0.140107 3.590931
1.122320 0.140704 3.590931
1.121367 0.141313 3.590931
1.120439 0.141936 3.590931
1.119536 0.142574 3.590931
1.118656 0.143226 3.590931
1.117798 0.143893 3.590931
1.116962 0.144577 3.590931
1.116146 0.145277 3.590931
1.115350 0.145993 3.590931
1.114573 0.146728 3.590931
1.113814 0.147479 3.590931
1.113071 0.148249 3.590931
1.112345 0.149038 3.590931
1.111634 0.149845 3.590931
1.110938 0.150671 3.590931
1.110255 0.151516 3.590931
1.109585 0.152380 3.590931
1.108926 0.153264 3.590931
1.108279 0.154168 3.590931
1.107642 0.155091 3.590931
1.107014 0.156033 3.590931
1.106394 0.156996 3.590931
1.105783 0.157978 3.590931
1.105178 0.158979 3.590931
1.104580 0.160000 3.590931
1.103987 0.161040 3.590931
1.103399 0.162099 3.590931
1.102815 0.163177 3.590931
1.102235 0.164274 3.590931
1.101657 0.165389 3.590931
1.101082 0.166521 3.590931
1.100508 0.167672 3.590931
1.099935 0.168839 3.590931
1.099363 0.170023 3.590931
1.098791 0.171223 3.590931
1.098218 0.172439 3.590931
1.097644 0.173670 3.590931
1.097068 0.174916 3.590931
1.096490 0.176176 3.590931
1.095910 0.177449 3.590931
1.095328 0.178735 3.590931
1.094742 0.180033 3.590931
1.094152 0.181342 3.590931
1.093559 0.182662 3.590931
1.092962 0.183991 3.590931
1.092361 0.185329 3.590931
1.091756 0.186676 3.590931
1.091146 0.188030 3.590931
1.090531 0.189390 3.590931
1.089911 0.190755 3.590931
1.089286 0.192125 3.590931
1.088657 0.193499 3.590931
1.088022 0.194875 3.590931
1.087383 0.196253 3.590931
1.086738 0.197632 3.590931
1.086089 0.199011 3.590931
1.085435 0.200387 3.590931
1.084777 0.201762 3.590931
1.084114 0.203133 3.590931
1.083448 0.204500 3.590931
1.082777 0.205861 3.590931
1.082102 0.207215 3.590931
1.081425 0.208561 3.590931
1.080744 0.209899 3.590931
1.080061 0.211226 3.590931
1.079376 0.212543 3.590931
1.078688 0.213847 3.590931
1.078000 0.215138 3.590931
1.077311 0.216415 3.590931
1.076621 0.217676 3.590931
1.075932 0.218921 3.590931
1.075244 0.220149 3.590931
1.074557 0.221357 3.590931
1.073872 0.222546 3.590931
1.073190 0.223715 3.590931
1.072511 0.224862 3.590931
1.071836 0.225986 3.590931
1.071166 0.227087 3.590931
1.070502 0.228163 3.590931
1.069844 0.229214 3.590931
1.069192 0.230239 3.590931
1.068549 0.231236 3.590931
1.067914 0.232206 3.590931
1.067288 0.233148 3.590931
1.066673 0.234060 3.590931
1.066068 0.234942 3.590931
1.065475 0.235794 3.590931
1.064894 0.236614 3.590931
1.064327 0.237404 3.590931
1.063773 0.238161 3.590931
1.063234 0.238886 3.590931
1.062710 0.239579 3.590931
1.062203 0.240239 3.590931
1.061712 0.240865 3.590931
1.061239 0.241459 3.590931
1.060783 0.242019 3.590931
1.060346 0.242546 3.590931
1.059928 0.243040 3.590931
1.059530 0.243500 3.590931
1.059151 0.243926 3.590931
1.058793 0.244320 3.590931
1.058455 0.244679 3.590931
1.058138 0.245006 3.590931
1.057841 0.245300 3.590931
1.057566 0.245561 3.590931
1.057311 0.245789 3.590931
1.057076 0.245985 3.590931
1.056862 0.246150 3.590931
1.056667 0.246282 3.590931
1.056491 0.246384 3.590931
1.056334 0.246454 3.590931
1.056195 0.246495 3.590931
1.056074 0.246506 3.590931
1.055969 0.246487 3.590931
1.055880 0.246440 3.590931
1.055806 0.246365 3.590931
1.055748 0.246262 3.590931
1.055703 0.246133 3.590931
1.055673 0.245978 3.590931
1.055655 0.245798 3.590931
1.055650 0.245593 3.590931
1.055657 0.245364 3.590931
1.055676 0.245113 3.590931
1.055705 0.244840 3.590931
1.055744 0.244546 3.590931
1.055793 0.244231 3.590931
1.055851 0.243898 3.590931
1.055916 0.243546 3.590931
1.055989 0.243177 3.590931
1.056069 0.242792 3.590931
1.056156 0.242392 3.590931
1.056247 0.241977 3.590931
1.056343 0.241550 3.590931
1.056443 0.241110 3.590931
1.056545 0.240660 3.590931
1.056650 0.240200 3.590931
1.056756 0.239730 3.590931
1.056863 0.239254 3.590931
1.056969 0.238770 3.590931
1.057074 0.238281 3.590931
1.057176 0.237787 3.590931
1.057276 0.237290 3.590931
1.057371 0.236791 3.590931
1.057461 0.236290 3.590931
1.057545 0.235788 3.590931
1.057622 0.235288 3.590931
1.057691 0.234788 3.590931
1.057751 0.234291 3.590931
1.057801 0.233797 3.590931
1.057839 0.233308 3.590931
1.057866 0.232823 3.590931
1.057879 0.232345 3.590931
1.057879 0.231873 3.590931
1.057863 0.231409 3.590931
1.057830 0.230953 3.590931
1.057781 0.230507 3.590931
1.057713 0.230071 3.590931
1.057626 0.229646 3.590931
1.057519 0.229233 3.590931
1.057390 0.228833 3.590931
1.057240 0.228446 3.590931
1.057066 0.228074 3.590931
1.056868 0.227717 3.590931
1.056645 0.227375 3.590931
1.056395 0.227051 3.590931
1.056120 0.226743 3.590931
1.055816 0.226454 3.590931
1.055484 0.226184 3.590931
1.055123 0.225933 3.590931
1.054731 0.225702 3.590931
1.054309 0.225491 3.590931
1.053856 0.225300 3.590931
1.053370 0.225131 3.590931
1.052851 0.224983 3.590931
1.052299 0.224856 3.590931
1.051713 0.224750 3.590931
1.051093 0.224665 3.590931
1.050437 0.224602 3.590931
1.049747 0.224560 3.590931
1.049020 0.224538 3.590931
1.048257 0.224537 3.590931
1.047458 0.224557 3.590931
1.046622 0.224597 3.590931
1.045749 0.224657 3.590931
1.044839 0.224737 3.590931
1.043892 0.224835 3.590931
1.042907 0.224953 3.590931
1.041885 0.225089 3.590931
1.040825 0.225243 3.590931
1.039728 0.225415 3.590931
1.038593 0.225604 3.590931
1.037421 0.225809 3.590931
1.036212 0.226031 3.590931
1.034966 0.226269 3.590931
1.033684 0.226522 3.590931
1.032365 0.226790 3.590931
1.031009 0.227072 3.590931
1.029618 0.227368 3.590931
1.028191 0.227678 3.590931
1.026730 0.228000 3.590931
1.025233 0.228335 3.590931
1.023702 0.228682 3.590931
1.022138 0.229041 3.590931
1.020539 0.229411 3.590931
1.018908 0.229791 3.590931
1.017245 0.230182 3.590931
1.015549 0.230582 3.590931
1.013823 0.230992 3.590931
1.012065 0.231411 3.590931
1.010277 0.231839 3.590931
1.008459 0.232275 3.590931
1.006613 0.232719 3.590931
1.004738 0.233170 3.590931
1.002835 0.233629 3.590931
1.000905 0.234094 3.590931
0.998949 0.234566 3.590931
0.996968 0.235045 3.590931
0.994961 0.235529 3.590931
0.992931 0.236020 3.590931
0.990877 0.236515 3.590931
0.988801 0.237017 3.590931
0.986704 0.237523 3.590931
0.984586 0.238034 3.590931
0.982448 0.238550 3.590931
0.980291 0.239070 3.590931
0.978117 0.239595 3.590931
0.975925 0.240124 3.590931
0.973718 0.240657 3.590931
0.971495 0.241194 3.590931
0.969259 0.241735 3.590931
0.967010 0.242280 3.590931
0.964748 0.242829 3.590931
0.962476 0.243382 3.590931
0.960194 0.243938 3.590931
0.957903 0.244497 3.590931
0.955604 0.245061 3.590931
0.953299 0.245628 3.590931
0.950988 0.246199 3.590931
0.948672 0.246773 3.590931
0.946353 0.247351 3.590931
0.944031 0.247933 3.590931
0.941708 0.248519 3.590931
0.939384 0.249109 3.590931
0.937062 0.249703 3.590931
0.934741 0.250301 3.590931
0.932422 0.250904 3.590931
0.930108 0.251510 3.590931
0.927799 0.252122 3.590931
0.925495 0.252738 3.590931
0.923198 0.253359 3.590931
0.920909 0.253984 3.590931
0.918629 0.254616 3.590931
0.916358 0.255252 3.590931
0.914098 0.255894 3.590931
0.911850 0.256542 3.590931
0.909614 0.257196 3.590931
0.907391 0.257857 3.590931
0.905183 0.258523 3.590931
0.902989 0.259197 3.590931
0.900811 0.259878 3.590931
0.898650 0.260566 3.590931
0.896506 0.261261 3.590931
0.894380 0.261965 3.590931
0.892273 0.262676 3.590931
0.890185 0.263396 3.590931
0.888117 0.264125 3.590931
0.886070 0.264863 3.590931
0.884045 0.265611 3.590931
0.882041 0.266368 3.590931
0.880059 0.267136 3.590931
0.878101 0.267914 3.590931
0.876166 0.268702 3.590931
0.874255 0.269502 3.590931
0.872369 0.270314 3.590931
0.870508 0.271138 3.590931
0.868673 0.271973 3.590931
0.866864 0.272822 3.590931
0.865081 0.273684 3.590931
0.863325 0.274559 3.590931
0.861597 0.275449 3.590931
0.859896 0.276352 3.590931
0.858224 0.277271 3.590931
0.856581 0.278205 3.590931
0.854968 0.279154 3.590931
0.853384 0.280120 3.590931
0.851831 0.281102 3.590931
0.850309 0.282101 3.590931
0.848819 0.283118 3.590931
0.847361 0.284153 3.590931
0.845937 0.285206 3.590931
0.844546 0.286278 3.590931
0.843190 0.287369 3.590931
0.841869 0.288480 3.590931
0.840584 0.289611 3.590931
0.839334 0.290763 3.590931
0.838122 0.291936 3.590931
0.836947 0.293130 3.590931
0.835811 0.294347 3.590931
0.834715 0.295586 3.590931
0.833658 0.296848 3.590931
0.832643 0.298134 3.590931
0.831670 0.299444 3.590931
0.830740 0.300778 3.590931
0.829854 0.302137 3.590931
0.829013 0.303521 3.590931
0.828218 0.304930 3.590931
0.827470 0.306366 3.590931
0.826770 0.307828 3.590931
0.826119 0.309317 3.590931
0.825517 0.310832 3.590931
0.824966 0.312375 3.590931
0.824465 0.313945 3.590931
0.824017 0.315543 3.590931
0.823621 0.317170 3.590931
0.823278 0.318824 3.590931
0.822989 0.320507 3.590931
0.822754 0.322217 3.590931
0.822574 0.323957 3.590931
0.822449 0.325725 3.590931
0.822378 0.327521 3.590931
0.822363 0.329345 3.590931
0.822404 0.331198 3.590931
0.822500 0.333078 3.590931
0.822651 0.334986 3.590931
0.822858 0.336921 3.590931
0.823119 0.338883 3.590931
0.823436 0.340871 3.590931
0.823806 0.342884 3.590931
0.824231 0.344923 3.590931
0.824709 0.346985 3.590931
0.825240 0.349071 3.590931
0.825823 0.351179 3.590931
0.826457 0.353309 3.590931
0.827141 0.355459 3.590931
0.827875 0.357630 3.590931
0.828657 0.359819 3.590931
0.829486 0.362027 3.590931
0.830361 0.364252 3.590931
0.831280 0.366492 3.590931
0.832243 0.368748 3.590931
0.833248 0.371019 3.590931
0.834293 0.373302 3.590931
0.835377 0.375598 3.590931
0.836498 0.377906 3.590931
0.837654 0.380223 3.590931
0.838845 0.382550 3.590931
0.840067 0.384885 3.590931
0.841319 0.387227 3.590931
0.842599 0.389575 3.590931
0.843905 0.391928 3.590931
0.845235 0.394285 3.590931
0.846587 0.396645 3.590931
0.847959 0.399007 3.590931
0.849349 0.401369 3.590931
0.850754 0.403732 3.590931
0.852173 0.406093 3.590931
0.853603 0.408451 3.590931
0.855042 0.410806 3.590931
0.856487 0.413157 3.590931
0.857936 0.415501 3.590931
0.859388 0.417839 3.590931
0.860839 0.420169 3.590931
0.862287 0.422491 3.590931
0.863730 0.424802 3.590931
0.865166 0.427102 3.590931
0.866592 0.429391 3.590931
0.868007 0.431666 3.590931
0.869407 0.433928 3.590931
0.870790 0.436174 3.590931
0.872155 0.438405 3.590931
0.873498 0.440618 3.590931
0.874819 0.442814 3.590931
0.876113 0.444990 3.590931
0.877381 0.447147 3.590931
0.878618 0.449283 3.590931
0.879824 0.451397 3.590931
0.880995 0.453489 3.590931
0.882132 0.455557 3.590931
0.883230 0.457601 3.590931
0.884289 0.459620 3.590931
0.885306 0.461613 3.590931
0.886280 0.463579 3.590931
0.887209 0.465518 3.590931
0.888092 0.467428 3.590931
0.888927 0.469310 3.590931
0.889712 0.471162 3.590931
0.890446 0.472983 3.590931
0.891128 0.474773 3.590931
0.891756 0.476532 3.590931
0.892330 0.478259 3.590931
0.892847 0.479953 3.590931
0.893308 0.481613 3.590931
0.893710 0.483240 3.590931
0.894054 0.484831 3.590931
0.894338 0.486388 3.590931
0.894562 0.487908 3.590931
0.894726 0.489391 3.590931
0.894827 0.490837 3.590931
0.894867 0.492244 3.590931
0.894845 0.493612 3.590931
0.894760 0.494941 3.590931
0.894613 0.496229 3.590931
0.894403 0.497475 3.590931
0.894130 0.498680 3.590931
0.893795 0.499842 3.590931
0.893398 0.500960 3.590931
0.892938 0.502035 3.590931
0.892416 0.503065 3.590931
0.891833 0.504050 3.590931
0.891189 0.504989 3.590931
0.890484 0.505882 3.590931
0.889720 0.506728 3.590931
0.888896 0.507527 3.590931
0.888014 0.508279 3.590931
0.887075 0.508984 3.590931
0.886079 0.509640 3.590931
0.885027 0.510248 3.590931
0.883921 0.510808 3.590931
0.882760 0.511320 3.590931
0.881547 0.511783 3.590931
0.880283 0.512197 3.590931
0.878967 0.512564 3.590931
0.877602 0.512882 3.590931
0.876189 0.513152 3.590931
0.874729 0.513374 3.590931
0.873222 0.513549 3.590931
0.871670 0.513676 3.590931
0.870075 0.513757 3.590931
0.868436 0.513792 3.590931
0.866755 0.513781 3.590931
0.865033 0.513725 3.590931
0.863271 0.513625 3.590931
0.861470 0.513480 3.590931
0.859630 0.513293 3.590931
0.857752 0.513064 3.590931
0.855837 0.512793 3.590931
0.853887 0.512482 3.590931
0.851901 0.512131 3.590931
0.849881 0.511742 3.590931
0.847828 0.511316 3.590931
0.845743 0.510853 3.590931
0.843627 0.510355 3.590931
0.841481 0.509824 3.590931
0.839306 0.509260 3.590931
0.837103 0.508664 3.590931
0.834873 0.508039 3.590931
0.832617 0.507384 3.590931
0.830337 0.506703 3.590931
0.828033 0.505996 3.590931
0.825707 0.505264 3.590931
0.823359 0.504510 3.590931
0.820992 0.503734 3.590931
0.818605 0.502939 3.590931
0.816201 0.502125 3.590931
0.813781 0.501294 3.590931
0.811346 0.500449 3.590931
0.808897 0.499590 3.590931
0.806435 0.498720 3.590931
0.803963 0.497839 3.590931
0.801480 0.496950 3.590931
0.798989 0.496054 3.590931
0.796491 0.495153 3.590931
0.793987 0.494249 3.590931
0.791478 0.493344 3.590931
0.788966 0.492438 3.590931
0.786452 0.491534 3.590931
0.783938 0.490633 3.590931
0.781425 0.489737 3.590931
0.778914 0.488848 3.590931
0.776407 0.487968 3.590931
0.773905 0.487097 3.590931
0.771409 0.486239 3.590931
0.768921 0.485393 3.590931
0.766442 0.484562 3.590931
0.763973 0.483748 3.590931
0.761515 0.482952 3.590931
0.759071 0.482175 3.590931
0.756641 0.481419 3.590931
0.754226 0.480685 3.590931
0.751829 0.479975 3.590931
0.749449 0.479291 3.590931
0.747088 0.478633 3.590931
0.744748 0.478003 3.590931
0.742430 0.477402 3.590931
0.740134 0.476832 3.590931
0.737862 0.476293 3.590931
0.735616 0.475787 3.590931
0.733395 0.475314 3.590931
0.731202 0.474877 3.590931
0.729037 0.474475 3.590931
0.726901 0.474111 3.590931
0.724796 0.473784 3.590931
0.722721 0.473495 3.590931
0.720680 0.473246 3.590931
0.718673 0.473038 3.590931
0.716700 0.472869 3.590931
0.714764 0.472743 3.590931
0.712866 0.472658 3.590931
0.711008 0.472616 3.590931
0.709189 0.472617 3.590931
0.707413 0.472661 3.590931
0.705680 0.472749 3.590931
0.703992 0.472881 3.590931
0.702350 0.473057 3.590931
0.700755 0.473277 3.590931
0.699209 0.473542 3.590931
0.697713 0.473851 3.590931
0.696268 0.474205 3.590931
0.694876 0.474602 3.590931
0.693536 0.475044 3.590931
0.692252 0.475530 3.590931
0.691022 0.476060 3.590931
0.689850 0.476633 3.590931
0.688734 0.477248 3.590931
0.687677 0.477907 3.590931
0.686678 0.478607 3.590931
0.685739 0.479349 3.590931
0.684859 0.480131 3.590931
0.684041 0.480954 3.590931
0.683283 0.481816 3.590931
0.682586 0.482717 3.590931
0.681951 0.483656 3.590931
0.681378 0.484632 3.590931
0.680866 0.485645 3.590931
0.680416 0.486692 3.590931
0.680028 0.487775 3.590931
0.679701 0.488890 3.590931
0.679435 0.490038 3.590931
0.679230 0.491218 3.590931
0.679085 0.492428 3.590931
0.679000 0.493667 3.590931
0.678973 0.494934 3.590931
0.679006 0.496229 3.590931
0.679095 0.497550 3.590931
0.679242 0.498895 3.590931
0.679444 0.500265 3.590931
0.679700 0.501658 3.590931
0.680011 0.503072 3.590931
0.680373 0.504507 3.590931
0.680786 0.505962 3.590931
0.681249 0.507435 3.590931
0.681760 0.508927 3.590931
0.682318 0.510435 3.590931
0.682920 0.511959 3.590931
0.683566 0.513499 3.590931
0.684254 0.515053 3.590931
0.684981 0.516622 3.590931
0.685747 0.518203 3.590931
0.686548 0.519797 3.590931
0.687384 0.521404 3.590931
0.688252 0.523022 3.590931
0.689150 0.524651 3.590931
0.690075 0.526290 3.590931
0.691027 0.527939 3.590931
0.692002 0.529597 3.590931
0.692999 0.531263 3.590931
0.694015 0.532937 3.590931
0.695048 0.534618 3.590931
0.696096 0.536305 3.590931
0.697156 0.537998 3.590931
0.698226 0.539695 3.590931
0.699303 0.541396 3.590931
0.700386 0.543099 3.590931
0.701472 0.544805 3.590931
0.702559 0.546510 3.590931
0.703644 0.548216 3.590931
0.704725 0.549919 3.590931
0.705799 0.551620 3.590931
0.706865 0.553317 3.590931
0.707920 0.555008 3.590931
0.708961 0.556693 3.590931
0.709987 0.558370 3.590931
0.710994 0.560039 3.590931
0.711982 0.561697 3.590931
0.712948 0.563343 3.590931
0.713889 0.564977 3.590931
0.714803 0.566597 3.590931
0.715689 0.568202 3.590931
0.716544 0.569790 3.590931
0.717366 0.571361 3.590931
0.718154 0.572912 3.590931
0.718905 0.574444 3.590931
0.719618 0.575955 3.590931
0.720291 0.577444 3.590931
0.720922 0.578909 3.590931
0.721510 0.580350 3.590931
0.722053 0.581766 3.590931
0.722549 0.583155 3.590931
0.722997 0.584517 3.590931
0.723396 0.585850 3.590931
0.723745 0.587155 3.590931
0.724041 0.588429 3.590931
0.724285 0.589672 3.590931
0.724475 0.590884 3.590931
0.724609 0.592063 3.590931
0.724688 0.593208 3.590931
0.724710 0.594320 3.590931
0.724675 0.595398 3.590931
0.724582 0.596441 3.590931
0.724430 0.597448 3.590931
0.724220 0.598418 3.590931
0.723950 0.599353 3.590931
0.723620 0.600250 3.590931
0.723231 0.601110 3.590931
0.722781 0.601933 3.590931
0.722272 0.602718 3.590931
0.721703 0.603464 3.590931
0.721074 0.604172 3.590931
0.720386 0.604842 3.590931
0.719639 0.605474 3.590931
0.718833 0.606066 3.590931
0.717969 0.606621 3.590931
0.717047 0.607137 3.590931
0.716069 0.607614 3.590931
0.715034 0.608053 3.590931
0.713944 0.608454 3.590931
0.712800 0.608817 3.590931
0.711602 0.609143 3.590931
0.710351 0.609431 3.590931
0.709050 0.609683 3.590931
0.707698 0.609898 3.590931
0.706297 0.610077 3.590931
0.704848 0.610220 3.590931
0.703353 0.610329 3.590931
0.701813 0.610403 3.590931
0.700228 0.610443 3.590931
0.698602 0.610450 3.590931
0.696934 0.610424 3.590931
0.695227 0.610367 3.590931
0.693482 0.610279 3.590931
0.691700 0.610160 3.590931
0.689883 0.610013 3.590931
0.688032 0.609837 3.590931
0.686148 0.609633 3.590931
0.684234 0.609403 3.590931
0.682289 0.609148 3.590931
0.680317 0.608868 3.590931
0.678317 0.608565 3.590931
0.676291 0.608240 3.590931
0.674240 0.607894 3.590931
0.672165 0.607527 3.590931
0.670067 0.607142 3.590931
0.667946 0.606739 3.590931
0.665805 0.606320 3.590931
0.663644 0.605885 3.590931
0.661464 0.605436 3.590931
0.659266 0.604975 3.590931
0.657052 0.604502 3.590931
0.654822 0.604018 3.590931
0.652577 0.603526 3.590931
0.650319 0.603025 3.590931
0.648049 0.602518 3.590931
0.645769 0.602006 3.590931
0.643478 0.601489 3.590931
0.641179 0.600970 3.590931
0.638873 0.600449 3.590931
0.636560 0.599928 3.590931
0.634243 0.599407 3.590931
0.631922 0.598889 3.590931
0.629599 0.598374 3.590931
0.627275 0.597864 3.590931
0.624951 0.597359 3.590931
0.622629 0.596861 3.590931
0.620309 0.596371 3.590931
0.617993 0.595890 3.590931
0.615682 0.595420 3.590931
0.613378 0.594960 3.590931
0.611081 0.594514 3.590931
0.608793 0.594080 3.590931
0.606515 0.593662 3.590931
0.604248 0.593258 3.590931
0.601993 0.592871 3.590931
0.599752 0.592502 3.590931
0.597524 0.592151 3.590931
0.595312 0.591819 3.590931
0.593116 0.591508 3.590931
0.590936 0.591217 3.590931
0.588775 0.590949 3.590931
0.586632 0.590702 3.590931
0.584509 0.590479 3.590931
0.582407 0.590281 3.590931
0.580325 0.590106 3.590931
0.578265 0.589958 3.590931
0.576228 0.589835 3.590931
0.574215 0.589738 3.590931
0.572225 0.589669 3.590931
0.570260 0.589627 3.590931
0.568321 0.589613 3.590931
0.566408 0.589628 3.590931
0.564522 0.589671 3.590931
0.562662 0.589744 3.590931
0.560831 0.589846 3.590931
0.559029 0.589978 3.590931
0.557256 0.590139 3.590931
0.555512 0.590331 3.590931
0.553798 0.590553 3.590931
0.552115 0.590806 3.590931
0.550463 0.591089 3.590931
0.548843 0.591402 3.590931
0.547255 0.591746 3.590931
0.545699 0.592120 3.590931
0.544177 0.592525 3.590931
0.542687 0.592959 3.590931
0.541231 0.593424 3.590931
0.539808 0.593918 3.590931
0.538420 0.594442 3.590931
0.537066 0.594996 3.590931
0.535747 0.595578 3.590931
0.534462 0.596188 3.590931
0.533211 0.596827 3.590931
0.531995 0.597493 3.590931
0.530813 0.598187 3.590931
0.529664 0.598907 3.590931
0.528550 0.599654 3.590931
0.527468 0.600426 3.590931
0.526420 0.601222 3.590931
0.525404 0.602044 3.590931
0.524421 0.602889 3.590931
0.523469 0.603757 3.590931
0.522548 0.604647 3.590931
0.521658 0.605559 3.590931
0.520799 0.606491 3.590931
0.519968 0.607444 3.590931
0.519167 0.608415 3.590931
0.518394 0.609405 3.590931
0.517649 0.610413 3.590931
0.516932 0.611437 3.590931
0.516240 0.612477 3.590931
0.515574 0.613532 3.590931
0.514934 0.614601 3.590931
0.514318 0.615684 3.590931
0.513725 0.616778 3.590931
0.513156 0.617885 3.590931
0.512609 0.619002 3.590931
0.512083 0.620128 3.590931
0.511578 0.621264 3.590931
0.511094 0.622408 3.590931
0.510628 0.623559 3.590931
0.510182 0.624716 3.590931
0.509753 0.625880 3.590931
0.509341 0.627048 3.590931
0.508946 0.628221 3.590931
0.508567 0.629398 3.590931
0.508203 0.630578 3.590931
0.507852 0.631761 3.590931
0.507516 0.632946 3.590931
0.507192 0.634133 3.590931
0.506880 0.635321 3.590931
0.506580 0.636511 3.590931
0.506290 0.637701 3.590931
0.506011 0.638892 3.590931
0.505740 0.640083 3.590931
0.505479 0.641273 3.590931
0.505225 0.642463 3.590931
0.504978 0.643651 3.590931
0.504738 0.644836 3.590931
0.504505 0.646019 3.590931
0.504276 0.647197 3.590931
0.504052 0.648371 3.590931
0.503833 0.649540 3.590931
0.503616 0.650702 3.590931
0.503403 0.651857 3.590931
0.503192 0.653003 3.590931
0.502983 0.654141 3.590931
0.502776 0.655268 3.590931
0.502569 0.656385 3.590931
0.502362 0.657490 3.590931
0.502155 0.658582 3.590931
0.501947 0.659660 3.590931
0.501738 0.660724 3.590931
0.501528 0.661772 3.590931
0.501315 0.662804 3.590931
0.501100 0.663819 3.590931
0.500882 0.664815 3.590931
0.500661 0.665793 3.590931
0.500437 0.666752 3.590931
0.500208 0.667690 3.590931
0.499976 0.668607 3.590931
0.499739 0.669503 3.590931
0.499498 0.670376 3.590931
0.499252 0.671226 3.590931
0.499001 0.672053 3.590931
0.498744 0.672856 3.590931
0.498483 0.673635 3.590931
0.498216 0.674388 3.590931
0.497944 0.675117 3.590931
0.497666 0.675819 3.590931
0.497382 0.676496 3.590931
0.497093 0.677147 3.590931
0.496799 0.677772 3.590931
0.496499 0.678369 3.590931
0.496193 0.678941 3.590931
0.495883 0.679485 3.590931
0.495567 0.680003 3.590931
0.495246 0.680494 3.590931
0.494920 0.680958 3.590931
0.494590 0.681395 3.590931
0.494256 0.681807 3.590931
0.493918 0.682191 3.590931
0.493576 0.682550 3.590931
0.493230 0.682883 3.590931
0.492881 0.683191 3.590931
0.492530 0.683473 3.590931
0.492176 0.683731 3.590931
0.491821 0.683964 3.590931
0.491464 0.684174 3.590931
0.491106 0.684360 3.590931
0.490747 0.684523 3.590931
0.490388 0.684665 3.590931
0.490030 0.684785 3.590931
0.489672 0.684884 3.590931
0.489316 0.684962 3.590931
0.488961 0.685021 3.590931
0.488608 0.685062 3.590931
0.488259 0.685084 3.590931
0.487912 0.685089 3.590931
0.487569 0.685078 3.590931
0.487230 0.685051 3.590931
0.486896 0.685010 3.590931
0.486566 0.684955 3.590931
0.486242 0.684887 3.590931
0.485923 0.684806 3.590931
0.485610 0.684715 3.590931
0.485302 0.684614 3.590931
0.485001 0.684504 3.590931
0.484707 0.684385 3.590931
0.484419 0.684260 3.590931
0.484137 0.684128 3.590931
0.483861 0.683991 3.590931
0.483591 0.683850 3.590931
0.483327 0.683706 3.590931
0.483068 0.683559 3.590931
0.482814 0.683412 3.590931
0.482564 0.683264 3.590931
0.482318 0.683118 3.590931
0.482075 0.682973 3.590931
0.481834 0.682832 3.590931
0.481594 0.682694 3.590931
0.481354 0.682561 3.590931
0.481113 0.682435 3.590931
0.480871 0.682315 3.590931
0.480626 0.682203 3.590931
0.480377 0.682100 3.590931
0.480123 0.682007 3.590931
0.479862 0.681925 3.590931
0.479594 0.681854 3.590931
0.479318 0.681796 3.590931
0.479032 0.681751 3.590931
0.478734 0.681721 3.590931
0.478425 0.681705 3.590931
0.478103 0.681706 3.590931
0.477766 0.681724 3.590931
0.477414 0.681759 3.590931
0.477045 0.681812 3.590931
0.476658 0.681884 3.590931
0.476253 0.681976 3.590931
0.475828 0.682089 3.590931
0.475383 0.682222 3.590931
0.474916 0.682378 3.590931
0.474427 0.682555 3.590931
0.473914 0.682756 3.590931
0.473378 0.682980 3.590931
0.472816 0.683228 3.590931
0.472230 0.683501 3.590931
0.471617 0.683798 3.590931
0.470978 0.684121 3.590931
0.470311 0.684470 3.590931
0.469617 0.684846 3.590931
0.468895 0.685247 3.590931
0.468145 0.685676 3.590931
0.467365 0.686132 3.590931
0.466557 0.686616 3.590931
0.465720 0.687128 3.590931
0.464853 0.687668 3.590931
0.463957 0.688236 3.590931
0.463032 0.688833 3.590931
0.462077 0.689458 3.590931
0.461094 0.690113 3.590931
0.460081 0.690797 3.590931
0.459039 0.691509 3.590931
0.457968 0.692252 3.590931
0.456869 0.693023 3.590931
0.455743 0.693825 3.590931
0.454588 0.694655 3.590931
0.453407 0.695516 3.590931
0.452198 0.696406 3.590931
0.450964 0.697326 3.590931
0.449705 0.698276 3.590931
0.448420 0.699256 3.590931
0.447111 0.700266 3.590931
0.445779 0.701306 3.590931
0.444425 0.702376 3.590931
0.443048 0.703476 3.590931
0.441650 0.704607 3.590931
0.440233 0.705767 3.590931
0.438795 0.706958 3.590931
0.437340 0.708179 3.590931
0.435867 0.709430 3.590931
0.434378 0.710712 3.590931
0.432873 0.712023 3.590931
0.431354 0.713365 3.590931
0.429821 0.714737 3.590931
0.428277 0.716139 3.590931
0.426721 0.717570 3.590931
0.425155 0.719031 3.590931
0.423580 0.720522 3.590931
0.421997 0.722042 3.590931
0.420407 0.723592 3.590931
0.418811 0.725170 3.590931
0.417212 0.726777 3.590931
0.415608 0.728413 3.590931
0.414003 0.730077 3.590931
0.412396 0.731769 3.590931
0.410790 0.733489 3.590931
0.409185 0.735236 3.590931
0.407582 0.737009 3.590931
0.405982 0.738810 3.590931
0.404387 0.740636 3.590931
0.402798 0.742488 3.590931
0.401216 0.744365 3.590931
0.399642 0.746266 3.590931
0.398076 0.748191 3.590931
0.396521 0.750140 3.590931
0.394976 0.752111 3.590931
0.393444 0.754104 3.590931
0.391925 0.756118 3.590931
0.390421 0.758152 3.590931
0.388931 0.760206 3.590931
0.387458 0.762277 3.590931
0.386002 0.764367 3.590931
0.384564 0.766473 3.590931
0.383145 0.768595 3.590931
0.381747 0.770731 3.590931
0.380369 0.772881 3.590931
0.379013 0.775044 3.590931
0.377680 0.777219 3.590931
0.376370 0.779404 3.590931
0.375086 0.781600 3.590931
0.373826 0.783804 3.590931
0.372594 0.786016 3.590931
0.371388 0.788235 3.590931
0.370210 0.790460 3.590931
0.369062 0.792689 3.590931
0.367943 0.794923 3.590931
0.366855 0.797159 3.590931
0.365798 0.799398 3.590931
0.364773 0.801637 3.590931
0.363781 0.803876 3.590931
0.362822 0.806114 3.590931
0.361897 0.808350 3.590931
0.361006 0.810583 3.590931
0.360150 0.812812 3.590931
0.359330 0.815036 3.590931
0.358545 0.817254 3.590931
0.357797 0.819465 3.590931
0.357085 0.821668 3.590931
0.356410 0.823862 3.590931
0.355771 0.826047 3.590931
0.355171 0.828221 3.590931
0.354607 0.830384 3.590931
0.354081 0.832534 3.590931
0.353592 0.834671 3.590931
0.353141 0.836793 3.590931
0.352727 0.838901 3.590931
0.352350 0.840993 3.590931
0.352010 0.843068 3.590931
0.351706 0.845125 3.590931
0.351439 0.847164 3.590931
0.351208 0.849184 3.590931
0.351012 0.851184 3.590931
0.350851 0.853162 3.590931
0.350725 0.855119 3.590931
0.350632 0.857054 3.590931
0.350572 0.858965 3.590931
0.350545 0.860853 3.590931
0.350549 0.862716 3.590931
0.350584 0.864553 3.590931
0.350649 0.866365 3.590931
0.350742 0.868150 3.590931
0.350864 0.869907 3.590931
0.351012 0.871637 3.590931
0.351186 0.873338 3.590931
0.351384 0.875010 3.590931
0.351606 0.876652 3.590931
0.351850 0.878265 3.590931
0.352114 0.879847 3.590931
0.352399 0.881397 3.590931
0.352701 0.882917 3.590931
0.353020 0.884404 3.590931
0.353355 0.885859 3.590931
0.353704 0.887282 3.590931
0.354066 0.888672 3.590931
0.354438 0.890029 3.590931
0.354821 0.891352 3.590931
0.355211 0.892641 3.590931
0.355609 0.893897 3.590931
0.356012 0.895119 3.590931
0.356418 0.896307 3.590931
0.356827 0.897460 3.590931
0.357237 0.898579 3.590931
0.357646 0.899664 3.590931
0.358054 0.900714 3.590931
0.358459 0.901730 3.590931
0.358859 0.902712 3.590931
0.359253 0.903660 3.590931
0.359640 0.904574 3.590931
0.360019 0.905453 3.590931
0.360389 0.906299 3.590931
0.360749 0.907112 3.590931
0.361097 0.907891 3.590931
0.361433 0.908637 3.590931
0.361756 0.909350 3.590931
0.362064 0.910031 3.590931
0.362356 0.910680 3.590931
0.362632 0.911298 3.590931
0.362891 0.911884 3.590931
0.363131 0.912439 3.590931
0.363352 0.912964 3.590931
0.363553 0.913459 3.590931
0.363733 0.913924 3.590931
0.363891 0.914361 3.590931
0.364026 0.914770 3.590931
0.364140 0.915150 3.590931
0.364230 0.915504 3.590931
0.364297 0.915832 3.590931
0.364341 0.916133 3.590931
0.364362 0.916409 3.590931
0.364360 0.916661 3.590931
0.364334 0.916890 3.590931
0.364286 0.917095 3.590931
0.364215 0.917278 3.590931
0.364122 0.917439 3.590931
0.364007 0.917580 3.590931
0.363871 0.917700 3.590931
0.363713 0.917802 3.590931
0.363535 0.917885 3.590931
0.363337 0.917951 3.590931
0.363119 0.917999 3.590931
0.362882 0.918032 3.590931
0.362627 0.918050 3.590931
0.362354 0.918054 3.590931
0.362064 0.918044 3.590931
0.361758 0.918022 3.590931
0.361435 0.917989 3.590931
0.361097 0.917944 3.590931
0.360745 0.917890 3.590931
0.360378 0.917826 3.590931
0.359998 0.917755 3.590931
0.359605 0.917676 3.590931
0.359200 0.917591 3.590931
0.358784 0.917500 3.590931
0.358356 0.917405 3.590931
0.357918 0.917305 3.590931
0.357471 0.917203 3.590931
0.357014 0.917098 3.590931
0.356548 0.916992 3.590931
0.356074 0.916885 3.590931
0.355593 0.916778 3.590931
0.355105 0.916673 3.590931
0.354610 0.916569 3.590931
0.354108 0.916468 3.590931
0.353601 0.916370 3.590931
0.353089 0.916276 3.590931
0.352572 0.916187 3.590931
0.352050 0.916103 3.590931
0.351524 0.916025 3.590931
0.350994 0.915954 3.590931
0.350461 0.915890 3.590931
0.349925 0.915835 3.590931
0.349385 0.915787 3.590931
0.348843 0.915749 3.590931
0.348299 0.915720 3.590931
0.347752 0.915702 3.590931
0.347204 0.915694 3.590931
0.346653 0.915697 3.590931
0.346101 0.915712 3.590931
0.345548 0.915738 3.590931
0.344992 0.915776 3.590931
0.344436 0.915828 3.590931
0.343878 0.915892 3.590931
0.343319 0.915969 3.590931
0.342759 0.916059 3.590931
0.342197 0.916163 3.590931
0.341634 0.916281 3.590931
0.341070 0.916413 3.590931
0.340505 0.916559 3.590931
0.339938 0.916718 3.590931
0.339369 0.916893 3.590931
0.338799 0.917081 3.590931
0.338227 0.917284 3.590931
0.337653 0.917501 3.590931
0.337077 0.917732 3.590931
0.336498 0.917977 3.590931
0.335917 0.918236 3.590931
0.335333 0.918509 3.590931
0.334746 0.918796 3.590931
0.334156 0.919096 3.590931
0.333562 0.919409 3.590931
0.332963 0.919736 3.590931
0.332361 0.920075 3.590931
0.331754 0.920427 3.590931
0.331141 0.920791 3.590931
0.330523 0.921167 3.590931
0.329900 0.921555 3.590931
0.329270 0.921954 3.590931
0.328633 0.922364 3.590931
0.327989 0.922784 3.590931
0.327337 0.923215 3.590931
0.326677 0.923656 3.590931
0.326008 0.924107 3.590931
0.325329 0.924566 3.590931
0.324641 0.925035 3.590931
0.323942 0.925512 3.590931
0.323232 0.925998 3.590931
0.322511 0.926491 3.590931
0.321777 0.926992 3.590931
0.321030 0.927501 3.590931
0.320270 0.928017 3.590931
0.319495 0.928540 3.590931
0.318705 0.929070 3.590931
0.317899 0.929606 3.590931
0.317077 0.930150 3.590931
0.316238 0.930700 3.590931
0.315381 0.931257 3.590931
0.314505 0.931821 3.590931
0.313610 0.932392 3.590931
0.312694 0.932970 3.590931
0.311758 0.933555 3.590931
0.310800 0.934147 3.590931
0.309819 0.934747 3.590931
0.308814 0.935354 3.590931
0.307786 0.935969 3.590931
0.306732 0.936591 3.590931
0.305653 0.937220 3.590931
0.304547 0.937858 3.590931
0.303414 0.938503 3.590931
0.302253 0.939156 3.590931
0.301062 0.939816 3.590931
0.299842 0.940485 3.590931
0.298591 0.941161 3.590931
0.297310 0.941845 3.590931
0.295996 0.942538 3.590931
0.294650 0.943238 3.590931
0.293270 0.943946 3.590931
0.291857 0.944662 3.590931
0.290409 0.945386 3.590931
0.288926 0.946119 3.590931
0.287407 0.946859 3.590931
0.285853 0.947607 3.590931
0.284262 0.948363 3.590931
0.282634 0.949128 3.590931
0.280969 0.949900 3.590931
0.279267 0.950681 3.590931
0.277528 0.951469 3.590931
0.275751 0.952265 3.590931
0.273937 0.953070 3.590931
0.272085 0.953882 3.590931
0.270196 0.954702 3.590931
0.268270 0.955530 3.590931
0.266308 0.956366 3.590931
0.264310 0.957209 3.590931
0.262277 0.958061 3.590931
0.260209 0.958919 3.590931
0.258107 0.959786 3.590931
0.255972 0.960660 3.590931
0.253806 0.961541 3.590931
0.251609 0.962430 3.590931
0.249381 0.963326 3.590931
0.247125 0.964229 3.590931
0.244841 0.965140 3.590931
0.242530 0.966057 3.590931
0.240194 0.966981 3.590931
0.237833 0.967912 3.590931
0.235449 0.968849 3.590931
0.233042 0.969793 3.590931
0.230615 0.970743 3.590931
0.228168 0.971698 3.590931
0.225702 0.972659 3.590931
0.223220 0.973626 3.590931
0.220721 0.974597 3.590931
0.218208 0.975574 3.590931
0.215682 0.976555 3.590931
0.213144 0.977541 3.590931
0.210595 0.978531 3.590931
0.208037 0.979525 3.590931
0.205472 0.980522 3.590931
0.202900 0.981523 3.590931
0.200322 0.982526 3.590931
0.197742 0.983533 3.590931
0.195159 0.984542 3.590931
0.192575 0.985553 3.590931
0.189991 0.986566 3.590931
0.187410 0.987580 3.590931
0.184831 0.988595 3.590931
0.182258 0.989611 3.590931
0.179691 0.990627 3.590931
0.177131 0.991643 3.590931
0.174580 0.992658 3.590931
0.172039 0.993672 3.590931
0.169510 0.994685 3.590931
0.166994 0.995696 3.590931
0.164493 0.996704 3.590931
0.162007 0.997709 3.590931
0.159537 0.998710 3.590931
0.157087 0.999708 3.590931
0.154655 1.000701 3.590931
0.152245 1.001690 3.590931
0.149856 1.002673 3.590931
0.147491 1.003650 3.590931
0.145150 1.004620 3.590931
0.142835 1.005584 3.590931
0.140546 1.006541 3.590931
0.138286 1.007490 3.590931
0.136054 1.008431 3.590931
0.133852 1.009363 3.590931
0.131682 1.010286 3.590931
0.129544 1.011200 3.590931
0.127438 1.012103 3.590931
0.125367 1.012997 3.590931
0.123330 1.013880 3.590931
0.121330 1.014752 3.590931
0.119365 1.015612 3.590931
0.117438 1.016461 3.590931
0.115548 1.017297 3.590931
0.113696 1.018122 3.590931
0.111882 1.018933 3.590931
0.110105 1.019732 3.590931
0.108367 1.020517 3.590931
0.106667 1.021289 3.590931
0.105006 1.022047 3.590931
0.103382 1.022791 3.590931
0.101795 1.023521 3.590931
0.100246 1.024236 3.590931
0.098734 1.024937 3.590931
0.097259 1.025623 3.590931
0.095819 1.026294 3.590931
0.094415 1.026951 3.590931
0.093047 1.027592 3.590931
0.091713 1.028218 3.590931
0.090413 1.028829 3.590931
0.089146 1.029424 3.590931
0.087912 1.030004 3.590931
0.086710 1.030569 3.590931
0.085540 1.031118 3.590931
0.084400 1.031652 3.590931
0.083290 1.032171 3.590931
0.082210 1.032674 3.590931
0.081159 1.033162 3.590931
0.080135 1.033635 3.590931
0.079139 1.034093 3.590931
0.078169 1.034536 3.590931
0.077225 1.034965 3.590931
0.076307 1.035378 3.590931
0.075413 1.035778 3.590931
0.074542 1.036162 3.590931
0.073695 1.036533 3.590931
0.072870 1.036890 3.590931
0.072067 1.037234 3.590931
0.071284 1.037564 3.590931
0.070522 1.037880 3.590931
0.069780 1.038184 3.590931
0.069056 1.038475 3.590931
0.068351 1.038754 3.590931
0.067663 1.039021 3.590931
0.066992 1.039277 3.590931
0.066338 1.039521 3.590931
0.065699 1.039754 3.590931
0.065075 1.039976 3.590931
0.064465 1.040188 3.590931
0.063869 1.040390 3.590931
0.063286 1.040583 3.590931
0.062715 1.040767 3.590931
0.062157 1.040942 3.590931
0.061609 1.041108 3.590931
0.061073 1.041267 3.590931
0.060546 1.041419 3.590931
0.060030 1.041563 3.590931
0.059522 1.041701 3.590931
0.059022 1.041833 3.590931
0.058531 1.041960 3.590931
0.058047 1.042081 3.590931
0.057570 1.042198 3.590931
0.057100 1.042311 3.590931
0.056636 1.042420 3.590931
0.056177 1.042525 3.590931
0.055723 1.042629 3.590931
0.055274 1.042730 3.590931
0.054830 1.042829 3.590931
0.054389 1.042927 3.590931
0.053951 1.043025 3.590931
0.053517 1.043123 3.590931
0.053085 1.043221 3.590931
0.052656 1.043319 3.590931
0.052229 1.043420 3.590931
0.051804 1.043522 3.590931
0.051380 1.043627 3.590931
0.050957 1.043734 3.590931
0.050535 1.043845 3.590931
0.050114 1.043960 3.590931
0.049694 1.044080 3.590931
0.049274 1.044204 3.590931
0.048854 1.044334 3.590931
0.048434 1.044470 3.590931
0.048013 1.044613 3.590931
0.047593 1.044762 3.590931
0.047173 1.044919 3.590931
0.046752 1.045084 3.590931
0.046330 1.045257 3.590931
0.045908 1.045439 3.590931
0.045486 1.045630 3.590931
0.045064 1.045831 3.590931
0.044641 1.046042 3.590931
0.044218 1.046263 3.590931
0.043795 1.046496 3.590931
0.043372 1.046740 3.590931
0.042950 1.046996 3.590931
0.042527 1.047264 3.590931
0.042106 1.047544 3.590931
0.041685 1.047837 3.590931
0.041266 1.048144 3.590931
0.040848 1.048464 3.590931
0.040432 1.048799 3.590931
0.040019 1.049147 3.590931
0.039608 1.049510 3.590931
0.039200 1.049888 3.590931
0.038795 1.050281 3.590931
0.038394 1.050689 3.590931
0.037998 1.051113 3.590931
0.037607 1.051552 3.590931
0.037221 1.052008 3.590931
0.036842 1.052479 3.590931
0.036469 1.052967 3.590931
0.036103 1.053472 3.590931
0.035745 1.053993 3.590931
0.035395 1.054531 3.590931
0.035055 1.055085 3.590931
0.034725 1.055657 3.590931
0.034405 1.056245 3.590931
0.034096 1.056850 3.590931
0.033799 1.057473 3.590931
0.033515 1.058112 3.590931
0.033244 1.058768 3.590931
0.032988 1.059441 3.590931
0.032746 1.060131 3.590931
0.032519 1.060838 3.590931
0.032309 1.061561 3.590931
0.032116 1.062301 3.590931
0.031940 1.063057 3.590931
0.031782 1.063829 3.590931
0.031643 1.064617 3.590931
0.031524 1.065420 3.590931
0.031425 1.066239 3.590931
0.031346 1.067073 3.590931
0.031288 1.067921 3.590931
0.031252 1.068784 3.590931
0.031237 1.069660 3.590931
0.031245 1.070550 3.590931
0.031275 1.071453 3.590931
0.031328 1.072369 3.590931
0.031403 1.073297 3.590931
0.031501 1.074237 3.590931
0.031622 1.075189 3.590931
0.031765 1.076151 3.590931
0.031931 1.077124 3.590931
0.032118 1.078107 3.590931
0.032326 1.079099 3.590931
0.032554 1.080101 3.590931
0.032802 1.081111 3.590931
0.033069 1.082129 3.590931
0.033354 1.083155 3.590931
0.033656 1.084187 3.590931
0.033975 1.085226 3.590931
0.034308 1.086272 3.590931
