1480 
0.0524 0.0066 0.4769 
0.0524 0.0066 0.7871 
0.0524 0.0066 0.6309 
0.0524 0.0066 0.4859 
0.0524 0.0066 0.3509 
0.0524 0.0066 0.2233 
0.0524 0.0066 0.1033 
0.0524 0.0066 3.1354 
0.0524 0.0066 3.0364 
0.0524 0.0066 2.9431 
0.0524 0.0066 2.8496 
0.0524 0.0066 2.7541 
0.0524 0.0066 2.6595 
0.0524 0.0066 2.5679 
0.0524 0.0066 2.4791 
0.0524 0.0066 2.3923 
0.0524 0.0066 2.3049 
0.0524 0.0066 2.2132 
0.0524 0.0066 2.1179 
0.0524 0.0066 2.0223 
0.0524 0.0066 1.9282 
0.0524 0.0066 1.8335 
0.0524 0.0066 1.7354 
0.0524 0.0066 1.6360 
0.0524 0.0066 1.5393 
0.0524 0.0066 1.4449 
0.0524 0.0066 1.3523 
0.0524 0.0066 1.2623 
0.0524 0.0066 1.1736 
0.0524 0.0066 1.0843 
0.0524 0.0066 0.9954 
0.0524 0.0066 0.9098 
0.0524 0.0066 0.8276 
0.0524 0.0066 0.7439 
0.0524 0.0066 0.6480 
0.0524 0.0066 0.5194 
0.0524 0.0066 0.3384 
0.0524 0.0066 0.1156 
0.0524 0.0066 3.0261 
0.0524 0.0066 2.8236 
0.0524 0.0066 2.6703 
0.0524 0.0066 2.5611 
0.0524 0.0066 2.4814 
0.0524 0.0066 2.4185 
0.0524 0.0066 2.3643 
0.0524 0.0066 2.3128 
0.0524 0.0066 2.2604 
0.0524 0.0066 2.2088 
0.0524 0.0066 2.1605 
0.0524 0.0066 2.1147 
0.0524 0.0066 2.0698 
0.0524 0.0066 2.0260 
0.0524 0.0066 1.9837 
0.0524 0.0066 1.9424 
0.0524 0.0066 1.9003 
0.0524 0.0066 1.8568 
0.0524 0.0066 1.8136 
0.0524 0.0066 1.7724 
0.0524 0.0066 1.7336 
0.0524 0.0066 1.6965 
0.0524 0.0066 1.6596 
0.0524 0.0066 1.6236 
0.0524 0.0066 1.5917 
0.0524 0.0066 1.5671 
0.0524 0.0066 1.5516 
0.0524 0.0066 1.5457 
0.0524 0.0066 1.5488 
0.0524 0.0066 1.5620 
0.0524 0.0066 1.5880 
0.0524 0.0066 1.6254 
0.0524 0.0066 1.6638 
0.0524 0.0066 1.6928 
0.0524 0.0066 1.7111 
0.0524 0.0066 1.7228 
0.0524 0.0066 1.7307 
0.0524 0.0066 1.7352 
0.0524 0.0066 1.7362 
0.0524 0.0066 1.7349 
0.0524 0.0066 1.7341 
0.0524 0.0066 1.7357 
0.0524 0.0066 1.7397 
0.0524 0.0066 1.7470 
0.0524 0.0066 1.7593 
0.0524 0.0066 1.7743 
0.0524 0.0066 1.7880 
0.0524 0.0066 1.8011 
0.0524 0.0066 1.8134 
0.0524 0.0066 1.8216 
0.0524 0.0066 1.8240 
0.0524 0.0066 1.8217 
0.0524 0.0066 1.8155 
0.0524 0.0066 1.8051 
0.0524 0.0066 1.7895 
0.0524 0.0066 1.7696 
0.0524 0.0066 1.7474 
0.0524 0.0066 1.7249 
0.0524 0.0066 1.7028 
0.0524 0.0066 1.6815 
0.0524 0.0066 1.6623 
0.0524 0.0066 1.6479 
0.0524 0.0066 1.6407 
0.0524 0.0066 1.6407 
0.0524 0.0066 1.6475 
0.0524 0.0066 1.6593 
0.0524 0.0066 1.6725 
0.0524 0.0066 1.6837 
0.0524 0.0066 1.6915 
0.0524 0.0066 1.6953 
0.0524 0.0066 1.6941 
0.0524 0.0066 1.6876 
0.0524 0.0066 1.6768 
0.0524 0.0066 1.6639 
0.0524 0.0066 1.6503 
0.0524 0.0066 1.6368 
0.0524 0.0066 1.6248 
0.0524 0.0066 1.6164 
0.0524 0.0066 1.6124 
0.0524 0.0066 1.6127 
0.0524 0.0066 1.6177 
0.0524 0.0066 1.6274 
0.0524 0.0066 1.6410 
0.0524 0.0066 1.6578 
0.0524 0.0066 1.6775 
0.0524 0.0066 1.6987 
0.0524 0.0066 1.7186 
0.0524 0.0066 1.7346 
0.0524 0.0066 1.7447 
0.0524 0.0066 1.7482 
0.0524 0.0066 1.7463 
0.0524 0.0066 1.7405 
0.0524 0.0066 1.7303 
0.0524 0.0066 1.7160 
0.0524 0.0066 1.7004 
0.0524 0.0066 1.6861 
0.0524 0.0066 1.6733 
0.0524 0.0066 1.6625 
0.0524 0.0066 1.6559 
0.0524 0.0066 1.6546 
0.0524 0.0066 1.6566 
0.0524 0.0066 1.6598 
0.0524 0.0066 1.6633 
0.0524 0.0066 1.6656 
0.0524 0.0066 1.6643 
0.0524 0.0066 1.6584 
0.0524 0.0066 1.6476 
0.0524 0.0066 1.6341 
0.0524 0.0066 1.6182 
0.0524 0.0066 1.6010 
0.0524 0.0066 1.5834 
0.0524 0.0066 1.5675 
0.0524 0.0066 1.5541 
0.0524 0.0066 1.5433 
0.0524 0.0066 1.5357 
0.0524 0.0066 1.5333 
0.0524 0.0066 1.5371 
0.0524 0.0066 1.5468 
0.0524 0.0066 1.5615 
0.0524 0.0066 1.5807 
0.0524 0.0066 1.6035 
0.0524 0.0066 1.6287 
0.0524 0.0066 1.6547 
0.0524 0.0066 1.6793 
0.0524 0.0066 1.6988 
0.0524 0.0066 1.7103 
0.0524 0.0066 1.7130 
0.0524 0.0066 1.7090 
0.0524 0.0066 1.7006 
0.0524 0.0066 1.6892 
0.0524 0.0066 1.6755 
0.0524 0.0066 1.6613 
0.0524 0.0066 1.6484 
0.0524 0.0066 1.6384 
0.0524 0.0066 1.6312 
0.0524 0.0066 1.6263 
0.0524 0.0066 1.6232 
0.0524 0.0066 1.6214 
0.0524 0.0066 1.6199 
0.0524 0.0066 1.6173 
0.0524 0.0066 1.6137 
0.0524 0.0066 1.6089 
0.0524 0.0066 1.6023 
0.0524 0.0066 1.5941 
0.0524 0.0066 1.5853 
0.0524 0.0066 1.5765 
0.0524 0.0066 1.5690 
0.0524 0.0066 1.5639 
0.0524 0.0066 1.5614 
0.0524 0.0066 1.5592 
0.0524 0.0066 1.5608 
0.0524 0.0066 1.5670 
0.0524 0.0066 1.5773 
0.0524 0.0066 1.5891 
0.0524 0.0066 1.6014 
0.0524 0.0066 1.6146 
0.0524 0.0066 1.6280 
0.0524 0.0066 1.6400 
0.0524 0.0066 1.6497 
0.0524 0.0066 1.6572 
0.0524 0.0066 1.6612 
0.0524 0.0066 1.6603 
0.0524 0.0066 1.6549 
0.0524 0.0066 1.6471 
0.0524 0.0066 1.6373 
0.0524 0.0066 1.6255 
0.0524 0.0066 1.6125 
0.0524 0.0066 1.5996 
0.0524 0.0066 1.5875 
0.0524 0.0066 1.5770 
0.0524 0.0066 1.5695 
0.0524 0.0066 1.5661 
0.0524 0.0066 1.5658 
0.0524 0.0066 1.5673 
0.0524 0.0066 1.5698 
0.0524 0.0066 1.5721 
0.0524 0.0066 1.5726 
0.0524 0.0066 1.5708 
0.0524 0.0066 1.5659 
0.0524 0.0066 1.5575 
0.0524 0.0066 1.5454 
0.0524 0.0066 1.5318 
0.0524 0.0066 1.5183 
0.0524 0.0066 1.5055 
0.0524 0.0066 1.4934 
0.0524 0.0066 1.5697 
0.0524 0.0066 1.5697 
0.0524 0.0066 1.5697 
0.0524 0.0066 1.5697 
0.0524 0.0066 1.5697 
0.0524 0.0066 1.5697 
0.0524 0.0066 1.5697 
0.0524 0.0066 1.5697 
0.0524 0.0066 1.5697 
0.0524 0.0066 1.5697 
0.0524 0.0066 1.5697 
0.0524 0.0066 1.5697 
0.0524 0.0066 1.5697 
0.0524 0.0066 1.5697 
0.0524 0.0066 1.5697 
0.0524 0.0066 1.5697 
0.0524 0.0066 1.5697 
0.0524 0.0066 1.5697 
0.0524 0.0066 1.5697 
0.0524 0.0066 1.5697 
0.0524 0.0066 1.5697 
0.0524 0.0066 1.5697 
0.0524 0.0066 1.5697 
0.0524 0.0066 1.5697 
0.0524 0.0066 1.5697 
0.0524 0.0066 1.5697 
0.0524 0.0066 1.5697 
0.0524 0.0066 1.5697 
0.0524 0.0066 1.5697 
0.0524 0.0066 1.5697 
0.0524 0.0066 1.5697 
0.0524 0.0066 1.5697 
0.0524 0.0066 1.5697 
0.0524 0.0066 1.5697 
0.0524 0.0066 1.5697 
0.0524 0.0066 1.5697 
0.0524 0.0066 1.5697 
0.0524 0.0066 1.5697 
0.0524 0.0066 1.5697 
0.0524 0.0066 1.5697 
0.0524 0.0066 1.5697 
0.0524 0.0066 1.5697 
0.0524 0.0066 1.5697 
0.0524 0.0066 1.5697 
0.0524 0.0066 1.5697 
0.0524 0.0066 1.5697 
0.0524 0.0066 1.5697 
0.0524 0.0066 1.5697 
0.0524 0.0066 1.5697 
0.0524 0.0066 1.5697 
0.0524 0.0066 1.5697 
0.0524 0.0066 1.5697 
0.0524 0.0066 1.5697 
0.0524 0.0066 1.5697 
0.0524 0.0066 1.5697 
0.0524 0.0066 1.5697 
0.0524 0.0066 1.5697 
0.0524 0.0066 1.5697 
0.0524 0.0066 1.5697 
0.0524 0.0066 1.5697 
0.0524 0.0066 1.5697 
0.0524 0.0066 1.5697 
0.0524 0.0066 1.5697 
0.0524 0.0066 1.5697 
0.0524 0.0066 1.5697 
0.0524 0.0066 1.5697 
0.0524 0.0066 1.5697 
0.0524 0.0066 1.5697 
0.0524 0.0066 1.5697 
0.0524 0.0066 1.5697 
0.0524 0.0066 1.5697 
0.0524 0.0066 1.5697 
0.0524 0.0066 1.5697 
0.0524 0.0066 1.5697 
0.0524 0.0066 1.5697 
0.0524 0.0066 1.5697 
0.0524 0.0066 1.5697 
0.0524 0.0066 1.5697 
0.0524 0.0066 1.5697 
0.0524 0.0066 1.5697 
0.0524 0.0066 1.5697 
0.0524 0.0066 1.5697 
0.0524 0.0066 1.5697 
0.0524 0.0066 1.5697 
0.0524 0.0066 1.5697 
0.0524 0.0066 1.5697 
0.0524 0.0066 1.5697 
0.0524 0.0066 1.5697 
0.0524 0.0066 1.5697 
0.0524 0.0066 1.5697 
0.0524 0.0066 1.5697 
0.0524 0.0066 1.5697 
0.0524 0.0066 1.5697 
0.0524 0.0066 1.5697 
0.0524 0.0066 1.5697 
0.0524 0.0066 1.5697 
0.0524 0.0066 1.5697 
0.0524 0.0066 1.5697 
0.0524 0.0066 1.5697 
0.0524 0.0066 1.5697 
0.0524 0.0066 1.5697 
0.0524 0.0066 1.5697 
0.0524 0.0066 1.5697 
0.0524 0.0066 1.5697 
0.0524 0.0066 1.5697 
0.0524 0.0066 1.5697 
0.0524 0.0066 1.5697 
0.0524 0.0066 1.5697 
0.0524 0.0066 1.5697 
0.0524 0.0066 1.5697 
0.0524 0.0066 1.5697 
0.0524 0.0066 1.5697 
0.0524 0.0066 1.5697 
0.0524 0.0066 1.5697 
0.0524 0.0066 1.5697 
0.0524 0.0066 1.5697 
0.0524 0.0066 1.5697 
0.0524 0.0066 1.5697 
0.0524 0.0066 1.5697 
0.0524 0.0066 1.5697 
0.0524 0.0066 1.5697 
0.0524 0.0066 1.5697 
0.0524 0.0066 1.5697 
0.0524 0.0066 1.5697 
0.0524 0.0066 1.5697 
0.0524 0.0066 1.5697 
0.0524 0.0066 1.5697 
0.0524 0.0066 1.5697 
0.0524 0.0066 1.5697 
0.0524 0.0066 1.5697 
0.0524 0.0066 1.5697 
0.0524 0.0066 1.5697 
0.0524 0.0066 1.5697 
0.0524 0.0066 1.5697 
0.0524 0.0066 1.5697 
0.0524 0.0066 1.5697 
0.0524 0.0066 1.5697 
0.0524 0.0066 1.5697 
0.0524 0.0066 1.5697 
0.0524 0.0066 1.5697 
0.0524 0.0066 1.5697 
0.0524 0.0066 1.5697 
0.0524 0.0066 1.5697 
0.0524 0.0066 1.5697 
0.0524 0.0066 1.5697 
0.0524 0.0066 1.5697 
0.0524 0.0066 1.5697 
0.0524 0.0066 1.5697 
0.0524 0.0066 1.5697 
0.0524 0.0066 1.5697 
0.0524 0.0066 1.5697 
0.0524 0.0066 1.5697 
0.0524 0.0066 1.5697 
0.0524 0.0066 1.5697 
0.0524 0.0066 1.5697 
0.0524 0.0066 1.5697 
0.0524 0.0066 1.5697 
0.0524 0.0066 1.5697 
0.0524 0.0066 1.5697 
0.0524 0.0066 1.5697 
0.0524 0.0066 1.5697 
0.0524 0.0066 1.5697 
0.0524 0.0066 1.5697 
0.0524 0.0066 1.5697 
0.0524 0.0066 1.5697 
0.0524 0.0066 1.5697 
0.0524 0.0066 1.5697 
0.0524 0.0066 1.5697 
0.0524 0.0066 1.5697 
0.0524 0.0066 1.5697 
0.0524 0.0066 1.5697 
0.0524 0.0066 1.5697 
0.0524 0.0066 1.5697 
0.0524 0.0066 1.5697 
0.0524 0.0066 1.5697 
0.0524 0.0066 1.5697 
0.0524 0.0066 1.5697 
0.0524 0.0066 1.5697 
0.0524 0.0066 1.5697 
0.0524 0.0066 1.5697 
0.0524 0.0066 1.5697 
0.0524 0.0066 1.5697 
0.0524 0.0066 1.5697 
0.0524 0.0066 1.5697 
0.0524 0.0066 1.5697 
0.0524 0.0066 1.5697 
0.0524 0.0066 1.5697 
0.0524 0.0066 1.5697 
0.0524 0.0066 1.5697 
0.0524 0.0066 1.5697 
0.0524 0.0066 1.5697 
0.0524 0.0066 1.5697 
0.0524 0.0066 1.5697 
0.0524 0.0066 1.5697 
0.0524 0.0066 1.5697 
0.0524 0.0066 1.5697 
0.0524 0.0066 1.5697 
0.0524 0.0066 1.5697 
0.0524 0.0066 1.5697 
0.0524 0.0066 1.5697 
0.0524 0.0066 1.5697 
0.0524 0.0066 1.5697 
0.0524 0.0066 1.5697 
0.0524 0.0066 1.5697 
0.0524 0.0066 1.5697 
0.0524 0.0066 1.5697 
0.0524 0.0066 1.5697 
0.0524 0.0066 1.5697 
0.0524 0.0066 1.5697 
0.0524 0.0066 1.5697 
0.0524 0.0066 1.5697 
0.0524 0.0066 1.5697 
0.0524 0.0066 1.5697 
0.0524 0.0066 1.5697 
0.0524 0.0066 1.5697 
0.0524 0.0066 1.5697 
0.0524 0.0066 1.5697 
0.0524 0.0066 1.5697 
0.0524 0.0066 1.5697 
0.0524 0.0066 1.5697 
0.0524 0.0066 1.5697 
0.0524 0.0066 1.5697 
0.0524 0.0066 1.5697 
0.0524 0.0066 1.5697 
0.0524 0.0066 1.5697 
0.0524 0.0066 1.5697 
0.0524 0.0066 1.5697 
0.0524 0.0066 1.5697 
0.0524 0.0066 1.5697 
0.0524 0.0066 1.5697 
0.0524 0.0066 1.5697 
0.0524 0.0066 1.5697 
0.0524 0.0066 1.5697 
0.0524 0.0066 1.5697 
0.0524 0.0066 1.5697 
0.0524 0.0066 1.5697 
0.0524 0.0066 1.5697 
0.0524 0.0066 1.5697 
0.0524 0.0066 1.5697 
0.0524 0.0066 1.5697 
0.0524 0.0066 1.5697 
0.0524 0.0066 1.5697 
0.0524 0.0066 1.5697 
0.0524 0.0066 1.5697 
0.0524 0.0066 1.5697 
0.0524 0.0066 1.5697 
0.0524 0.0066 1.5697 
0.0524 0.0066 1.5697 
0.0524 0.0066 1.5697 
0.0524 0.0066 1.5697 
0.0524 0.0066 1.5697 
0.0524 0.0066 1.5697 
0.0524 0.0066 1.5697 
0.0524 0.0066 1.5697 
0.0524 0.0066 1.5697 
0.0524 0.0066 1.5697 
0.0524 0.0066 1.5697 
0.0524 0.0066 1.5697 
0.0524 0.0066 1.5697 
0.0524 0.0066 1.5697 
0.0524 0.0066 1.5697 
0.0524 0.0066 1.5697 
0.0524 0.0066 1.5697 
0.0524 0.0066 1.5697 
0.0524 0.0066 1.5697 
0.0524 0.0066 1.5697 
0.0524 0.0066 1.5697 
0.0524 0.0066 1.5697 
0.0524 0.0066 1.5697 
0.0524 0.0066 1.5697 
0.0524 0.0066 1.5697 
0.0524 0.0066 1.5697 
0.0524 0.0066 1.5697 
0.0524 0.0066 1.5697 
0.0524 0.0066 1.5697 
0.0524 0.0066 1.5697 
0.0524 0.0066 1.5697 
0.0524 0.0066 1.5697 
0.0524 0.0066 1.5697 
0.0524 0.0066 1.5697 
0.0524 0.0066 1.5697 
0.0524 0.0066 1.5697 
0.0524 0.0066 1.5697 
0.0524 0.0066 1.5697 
0.0524 0.0066 1.5697 
0.0524 0.0066 1.5697 
0.0524 0.0066 1.5697 
0.0524 0.0066 1.5697 
0.0524 0.0066 1.5697 
0.0524 0.0066 1.5697 
0.0524 0.0066 1.5697 
0.0524 0.0066 1.5697 
0.0524 0.0066 1.5697 
0.0524 0.0066 1.5697 
0.0524 0.0066 1.5697 
0.0524 0.0066 1.5697 
0.0524 0.0066 1.5697 
0.0524 0.0066 1.5697 
0.0524 0.0066 1.5697 
0.0524 0.0066 1.5697 
0.0524 0.0066 1.5697 
0.0524 0.0066 1.5697 
0.0524 0.0066 1.5697 
0.0524 0.0066 1.5697 
0.0524 0.0066 1.5697 
0.0524 0.0066 1.5697 
0.0524 0.0066 1.5697 
0.0524 0.0066 1.5697 
0.0524 0.0066 1.5697 
0.0524 0.0066 1.5697 
0.0524 0.0066 1.5697 
0.0524 0.0066 1.5697 
0.0524 0.0066 1.5697 
0.0524 0.0066 1.5697 
0.0524 0.0066 1.5697 
0.0524 0.0066 1.5697 
0.0524 0.0066 1.5697 
0.0524 0.0066 1.5697 
0.0524 0.0066 1.5697 
0.0524 0.0066 1.5697 
0.0524 0.0066 1.5697 
0.0524 0.0066 1.5697 
0.0524 0.0066 1.5697 
0.0524 0.0066 1.5697 
0.0524 0.0066 1.5697 
0.0524 0.0066 1.5697 
0.0524 0.0066 1.5697 
0.0524 0.0066 1.5697 
0.0524 0.0066 1.5697 
0.0524 0.0066 1.5697 
0.0524 0.0066 1.5697 
0.0524 0.0066 1.5697 
0.0524 0.0066 1.5697 
0.0524 0.0066 1.5697 
0.0524 0.0066 1.5697 
0.0524 0.0066 1.5697 
0.0524 0.0066 1.5697 
0.0524 0.0066 1.5697 
0.0524 0.0066 1.5697 
0.0524 0.0066 1.5697 
0.0524 0.0066 1.5697 
0.0524 0.0066 1.5697 
0.0524 0.0066 1.5697 
0.0524 0.0066 1.5697 
0.0524 0.0066 1.5697 
0.0524 0.0066 1.5697 
0.0524 0.0066 1.5697 
0.0524 0.0066 1.5697 
0.0524 0.0066 1.5697 
0.0524 0.0066 1.5697 
0.0524 0.0066 1.5697 
0.0524 0.0066 1.5697 
0.0524 0.0066 1.5697 
0.0524 0.0066 1.5697 
0.0524 0.0066 1.5697 
0.0524 0.0066 1.5697 
0.0524 0.0066 1.5697 
0.0524 0.0066 1.5697 
0.0524 0.0066 1.5697 
0.0524 0.0066 1.5697 
0.0524 0.0066 1.5697 
0.0524 0.0066 1.5697 
0.0524 0.0066 1.5697 
0.0524 0.0066 1.5697 
0.0524 0.0066 1.5697 
0.0524 0.0066 1.5697 
0.0524 0.0066 1.5697 
0.0524 0.0066 1.5697 
0.0524 0.0066 1.5697 
0.0524 0.0066 1.5697 
0.0524 0.0066 1.5697 
0.0524 0.0066 1.5697 
0.0524 0.0066 1.5697 
0.0524 0.0066 1.5697 
0.0524 0.0066 1.5697 
0.0524 0.0066 1.5697 
0.0524 0.0066 1.5697 
0.0524 0.0066 1.5697 
0.0524 0.0066 1.5697 
0.0524 0.0066 1.5697 
0.0524 0.0066 1.5697 
0.0524 0.0066 1.5697 
0.0524 0.0066 1.5697 
0.0524 0.0066 1.5697 
0.0524 0.0066 1.5697 
0.0524 0.0066 1.5697 
0.0524 0.0066 1.5697 
0.0524 0.0066 1.5697 
0.0524 0.0066 1.5697 
0.0524 0.0066 1.5697 
0.0524 0.0066 1.5697 
0.0524 0.0066 1.5697 
0.0524 0.0066 1.5697 
0.0524 0.0066 1.5697 
0.0524 0.0066 1.5697 
0.0524 0.0066 1.5697 
0.0524 0.0066 1.5697 
0.0524 0.0066 1.5697 
0.0524 0.0066 1.5697 
0.0524 0.0066 1.5697 
0.0524 0.0066 1.5697 
0.0524 0.0066 1.5697 
0.0524 0.0066 1.5697 
0.0524 0.0066 1.5697 
0.0524 0.0066 1.5697 
0.0524 0.0066 1.5697 
0.0524 0.0066 1.5697 
0.0524 0.0066 1.5697 
0.0524 0.0066 1.5697 
0.0524 0.0066 1.5697 
0.0524 0.0066 1.5697 
0.0524 0.0066 1.5697 
0.0524 0.0066 1.5697 
0.0524 0.0066 1.5697 
0.0524 0.0066 1.5697 
0.0524 0.0066 1.5697 
0.0524 0.0066 1.5697 
0.0524 0.0066 1.5697 
0.0524 0.0066 1.5697 
0.0524 0.0066 1.5697 
0.0524 0.0066 1.5697 
0.0524 0.0066 1.5697 
0.0524 0.0066 1.5697 
0.0524 0.0066 1.5697 
0.0524 0.0066 1.5697 
0.0524 0.0066 1.5697 
0.0524 0.0066 1.5697 
0.0524 0.0066 1.5697 
0.0524 0.0066 1.5697 
0.0524 0.0066 1.5697 
0.0524 0.0066 1.5697 
0.0524 0.0066 1.5697 
0.0524 0.0066 1.5697 
0.0524 0.0066 1.5697 
0.0524 0.0066 1.5697 
0.0524 0.0066 1.5697 
0.0524 0.0066 1.5697 
0.0524 0.0066 1.5697 
0.0524 0.0066 1.5697 
0.0524 0.0066 1.5697 
0.0524 0.0066 1.5697 
0.0524 0.0066 1.5697 
0.0524 0.0066 1.5697 
0.0524 0.0066 1.5697 
0.0524 0.0066 1.5697 
0.0524 0.0066 1.5697 
0.0524 0.0066 1.5697 
0.0524 0.0066 1.5697 
0.0524 0.0066 1.5697 
0.0524 0.0066 1.5697 
0.0524 0.0066 1.5697 
0.0524 0.0066 1.5697 
0.0524 0.0066 1.5697 
0.0524 0.0066 1.5697 
0.0524 0.0066 1.5697 
0.0524 0.0066 1.5697 
0.0524 0.0066 1.5697 
0.0524 0.0066 1.5697 
0.0524 0.0066 1.5697 
0.0524 0.0066 1.5697 
0.0524 0.0066 1.5697 
0.0524 0.0066 1.5697 
0.0524 0.0066 1.5697 
0.0524 0.0066 1.5697 
0.0524 0.0066 1.5697 
0.0524 0.0066 1.5697 
0.0524 0.0066 1.5697 
0.0524 0.0066 1.5697 
0.0524 0.0066 1.5697 
0.0524 0.0066 1.5697 
0.0524 0.0066 1.5697 
0.0524 0.0066 1.5697 
0.0524 0.0066 1.5697 
0.0524 0.0066 1.5697 
0.0524 0.0066 1.5697 
0.0524 0.0066 1.5697 
0.0524 0.0066 1.5697 
0.0524 0.0066 1.5697 
0.0524 0.0066 1.5697 
0.0524 0.0066 1.5697 
0.0524 0.0066 1.5697 
0.0524 0.0066 1.5697 
0.0524 0.0066 1.5697 
0.0524 0.0066 1.5697 
0.0524 0.0066 1.5697 
0.0524 0.0066 1.5697 
0.0524 0.0066 1.5697 
0.0524 0.0066 1.5697 
0.0524 0.0066 1.5697 
0.0524 0.0066 1.5697 
0.0524 0.0066 1.5697 
0.0524 0.0066 1.5697 
0.0524 0.0066 1.5697 
0.0524 0.0066 1.5697 
0.0524 0.0066 1.5697 
0.0524 0.0066 1.5697 
0.0524 0.0066 1.5697 
0.0524 0.0066 1.5697 
0.0524 0.0066 1.5697 
0.0524 0.0066 1.5697 
0.0524 0.0066 1.5697 
0.0524 0.0066 1.5697 
0.0524 0.0066 1.5697 
0.0524 0.0066 1.5697 
0.0524 0.0066 1.5697 
0.0524 0.0066 1.5697 
0.0524 0.0066 1.5697 
0.0524 0.0066 1.5697 
0.0524 0.0066 1.5697 
0.0524 0.0066 1.5697 
0.0524 0.0066 1.5697 
0.0524 0.0066 1.5697 
0.0524 0.0066 1.5697 
0.0524 0.0066 1.5697 
0.0524 0.0066 1.5697 
0.0524 0.0066 1.5697 
0.0524 0.0066 1.5697 
0.0524 0.0066 1.5697 
0.0524 0.0066 1.5697 
0.0524 0.0066 1.5697 
0.0524 0.0066 1.5697 
0.0524 0.0066 1.5697 
0.0524 0.0066 1.5697 
0.0524 0.0066 1.5697 
0.0524 0.0066 1.5697 
0.0524 0.0066 1.5697 
0.0524 0.0066 1.5697 
0.0524 0.0066 1.5697 
0.0524 0.0066 1.5697 
0.0524 0.0066 1.5697 
0.0524 0.0066 1.5697 
0.0524 0.0066 1.5697 
0.0524 0.0066 1.5697 
0.0524 0.0066 1.5697 
0.0524 0.0066 1.5697 
0.0524 0.0066 1.5697 
0.0524 0.0066 1.5697 
0.0524 0.0066 1.5697 
0.0524 0.0066 1.5697 
0.0524 0.0066 1.5697 
0.0524 0.0066 1.5697 
0.0524 0.0066 1.5697 
0.0524 0.0066 1.5697 
0.0524 0.0066 1.5697 
0.0524 0.0066 1.5697 
0.0524 0.0066 1.5697 
0.0524 0.0066 1.5697 
0.0524 0.0066 1.5697 
0.0524 0.0066 1.5697 
0.0524 0.0066 1.5697 
0.0524 0.0066 1.5697 
0.0524 0.0066 1.5697 
0.0524 0.0066 1.5697 
0.0524 0.0066 1.5697 
0.0524 0.0066 1.5697 
0.0524 0.0066 1.5697 
0.0524 0.0066 1.5697 
0.0524 0.0066 1.5697 
0.0524 0.0066 1.5697 
0.0524 0.0066 1.5697 
0.0524 0.0066 1.5697 
0.0524 0.0066 1.5697 
0.0524 0.0066 1.5697 
0.0524 0.0066 1.5697 
0.0524 0.0066 1.5697 
0.0524 0.0066 1.5697 
0.0524 0.0066 1.5697 
0.0524 0.0066 1.5697 
0.0524 0.0066 1.5697 
0.0524 0.0066 1.5697 
0.0524 0.0066 1.5697 
0.0524 0.0066 1.5697 
0.0524 0.0066 1.5697 
0.0524 0.0066 1.5697 
0.0524 0.0066 1.5697 
0.0524 0.0066 1.5697 
0.0524 0.0066 1.5697 
0.0524 0.0066 1.5697 
0.0524 0.0066 1.5697 
0.0524 0.0066 1.5697 
0.0524 0.0066 1.5697 
0.0524 0.0066 1.5697 
0.0524 0.0066 1.5697 
0.0524 0.0066 1.5697 
0.0524 0.0066 1.5697 
0.0524 0.0066 1.5697 
0.0524 0.0066 1.5697 
0.0524 0.0066 1.5697 
0.0524 0.0066 1.5697 
0.0524 0.0066 1.5697 
0.0524 0.0066 1.5697 
0.0524 0.0066 1.5697 
0.0524 0.0066 1.5697 
0.0524 0.0066 1.5697 
0.0524 0.0066 1.5697 
0.0524 0.0066 1.5697 
0.0524 0.0066 1.5697 
0.0524 0.0066 1.5697 
0.0524 0.0066 1.5697 
0.0524 0.0066 1.5697 
0.0524 0.0066 1.5697 
0.0524 0.0066 1.5697 
0.0524 0.0066 1.5697 
0.0524 0.0066 1.5697 
0.0524 0.0066 1.5697 
0.0524 0.0066 1.5697 
0.0524 0.0066 1.5697 
0.0524 0.0066 1.5697 
0.0524 0.0066 1.5697 
0.0524 0.0066 1.5697 
0.0524 0.0066 1.5697 
0.0524 0.0066 1.5697 
0.0524 0.0066 1.5697 
0.0524 0.0066 1.5697 
0.0524 0.0066 1.5697 
0.0524 0.0066 1.5697 
0.0524 0.0066 1.5697 
0.0524 0.0066 1.5697 
0.0524 0.0066 1.5697 
0.0524 0.0066 1.5697 
0.0524 0.0066 1.5697 
0.0524 0.0066 1.5697 
0.0524 0.0066 1.5697 
0.0524 0.0066 1.5697 
0.0524 0.0066 1.5697 
0.0524 0.0066 1.5697 
0.0524 0.0066 1.5697 
0.0524 0.0066 1.5697 
0.0524 0.0066 1.5697 
0.0524 0.0066 1.5697 
0.0524 0.0066 1.5697 
0.0524 0.0066 1.5697 
0.0524 0.0066 1.5697 
0.0524 0.0066 1.5697 
0.0524 0.0066 1.5697 
0.0524 0.0066 1.5697 
0.0524 0.0066 1.5697 
0.0524 0.0066 1.5697 
0.0524 0.0066 1.5697 
0.0524 0.0066 1.5697 
0.0524 0.0066 1.5697 
0.0524 0.0066 1.5697 
0.0524 0.0066 1.5697 
0.0524 0.0066 1.5697 
0.0524 0.0066 1.5697 
0.0524 0.0066 1.5697 
0.0524 0.0066 1.5697 
0.0524 0.0066 1.5697 
0.0524 0.0066 1.5697 
0.0524 0.0066 1.5697 
0.0524 0.0066 1.5697 
0.0524 0.0066 1.5697 
0.0524 0.0066 1.5697 
0.0524 0.0066 1.5697 
0.0524 0.0066 1.5697 
0.0524 0.0066 1.5697 
0.0524 0.0066 1.5697 
0.0524 0.0066 1.5697 
0.0524 0.0066 1.5697 
0.0524 0.0066 1.5697 
0.0524 0.0066 1.5697 
0.0524 0.0066 1.5697 
0.0524 0.0066 1.5697 
0.0524 0.0066 1.5697 
0.0524 0.0066 1.5697 
0.0524 0.0066 1.5697 
0.0524 0.0066 1.5697 
0.0524 0.0066 1.5697 
0.0524 0.0066 1.5697 
0.0524 0.0066 1.5697 
0.0524 0.0066 1.5697 
0.0524 0.0066 1.5697 
0.0524 0.0066 1.5697 
0.0524 0.0066 1.5697 
0.0524 0.0066 1.5697 
0.0524 0.0066 1.5697 
0.0524 0.0066 1.5697 
0.0524 0.0066 1.5697 
0.0524 0.0066 1.5697 
0.0524 0.0066 1.5697 
0.0524 0.0066 1.5697 
0.0524 0.0066 1.5697 
0.0524 0.0066 1.5697 
0.0524 0.0066 1.5697 
0.0524 0.0066 1.5697 
0.0524 0.0066 1.5697 
0.0524 0.0066 1.5697 
0.0524 0.0066 1.5697 
0.0524 0.0066 1.5697 
0.0524 0.0066 1.5697 
0.0524 0.0066 1.5697 
0.0524 0.0066 1.5697 
0.0524 0.0066 1.5697 
0.0524 0.0066 1.5697 
0.0524 0.0066 1.5697 
0.0524 0.0066 1.5697 
0.0524 0.0066 1.5697 
0.0524 0.0066 1.5697 
0.0524 0.0066 1.5697 
0.0524 0.0066 1.5697 
0.0524 0.0066 1.5697 
0.0524 0.0066 1.5697 
0.0524 0.0066 1.5697 
0.0524 0.0066 1.5697 
0.0524 0.0066 1.5697 
0.0524 0.0066 1.5697 
0.0524 0.0066 1.5697 
0.0524 0.0066 1.5697 
0.0524 0.0066 1.5697 
0.0524 0.0066 1.5697 
0.0524 0.0066 1.5697 
0.0524 0.0066 1.5697 
0.0524 0.0066 1.5697 
0.0524 0.0066 1.5697 
0.0524 0.0066 1.5697 
0.0524 0.0066 1.5697 
0.0524 0.0066 1.5697 
0.0524 0.0066 1.5697 
0.0524 0.0066 1.5697 
0.0524 0.0066 1.5697 
0.0524 0.0066 1.5697 
0.0524 0.0066 1.5697 
0.0524 0.0066 1.5697 
0.0524 0.0066 1.5697 
0.0524 0.0066 1.5697 
0.0524 0.0066 1.5697 
0.0524 0.0066 1.5697 
0.0524 0.0066 1.5697 
0.0524 0.0066 1.5697 
0.0524 0.0066 1.5697 
0.0524 0.0066 1.5697 
0.0524 0.0066 1.5697 
0.0524 0.0066 1.5697 
0.0524 0.0066 1.5697 
0.0524 0.0066 1.5697 
0.0524 0.0066 1.5697 
0.0524 0.0066 1.5697 
0.0524 0.0066 1.5697 
0.0524 0.0066 1.5697 
0.0524 0.0066 1.5697 
0.0524 0.0066 1.5697 
0.0524 0.0066 1.5697 
0.0524 0.0066 1.5697 
0.0524 0.0066 1.5697 
0.0524 0.0066 1.5697 
0.0524 0.0066 1.5697 
0.0524 0.0066 1.5697 
0.0524 0.0066 1.5697 
0.0524 0.0066 1.5697 
0.0524 0.0066 1.5697 
0.0524 0.0066 1.5697 
0.0524 0.0066 1.5697 
0.0524 0.0066 1.5697 
0.0524 0.0066 1.5697 
0.0524 0.0066 1.5697 
0.0524 0.0066 1.5697 
0.0524 0.0066 1.5697 
0.0524 0.0066 1.5697 
0.0524 0.0066 1.5697 
0.0524 0.0066 1.5697 
0.0524 0.0066 1.5697 
0.0524 0.0066 1.5697 
0.0524 0.0066 1.5697 
0.0524 0.0066 1.5697 
0.0524 0.0066 1.5697 
0.0524 0.0066 1.5697 
0.0524 0.0066 1.5697 
0.0524 0.0066 1.5697 
0.0524 0.0066 1.5697 
0.0524 0.0066 1.5697 
0.0524 0.0066 1.5697 
0.0524 0.0066 1.5697 
0.0524 0.0066 1.5697 
0.0524 0.0066 1.5697 
0.0524 0.0066 1.5697 
0.0524 0.0066 1.5697 
0.0524 0.0066 1.5697 
0.0524 0.0066 1.5697 
0.0524 0.0066 1.5697 
0.0524 0.0066 1.5697 
0.0524 0.0066 1.5697 
0.0524 0.0066 1.5697 
0.0524 0.0066 1.5697 
0.0524 0.0066 1.5697 
0.0524 0.0066 1.5697 
0.0524 0.0066 1.5697 
0.0524 0.0066 1.5697 
0.0524 0.0066 1.5697 
0.0524 0.0066 1.5697 
0.0524 0.0066 1.5697 
0.0524 0.0066 1.5697 
0.0524 0.0066 1.5697 
0.0524 0.0066 1.5697 
0.0524 0.0066 1.5697 
0.0524 0.0066 1.5697 
0.0524 0.0066 1.5697 
0.0524 0.0066 1.5697 
0.0524 0.0066 1.5697 
0.0524 0.0066 1.5697 
0.0524 0.0066 1.5697 
0.0524 0.0066 1.5697 
0.0524 0.0066 1.5697 
0.0524 0.0066 1.5697 
0.0524 0.0066 1.5697 
0.0524 0.0066 1.5697 
0.0524 0.0066 1.5697 
0.0524 0.0066 1.5697 
0.0524 0.0066 1.5697 
0.0524 0.0066 1.5697 
0.0524 0.0066 1.5697 
0.0524 0.0066 1.5697 
0.0524 0.0066 1.5697 
0.0524 0.0066 1.5697 
0.0524 0.0066 1.5697 
0.0524 0.0066 1.5697 
0.0524 0.0066 1.5697 
0.0524 0.0066 1.5697 
0.0524 0.0066 1.5697 
0.0524 0.0066 1.5697 
0.0524 0.0066 1.5697 
0.0524 0.0066 1.5697 
0.0524 0.0066 1.5697 
0.0524 0.0066 1.5697 
0.0524 0.0066 1.5697 
0.0524 0.0066 1.5697 
0.0524 0.0066 1.5697 
0.0524 0.0066 1.5697 
0.0524 0.0066 1.5697 
0.0524 0.0066 1.5697 
0.0524 0.0066 1.5697 
0.0524 0.0066 1.5697 
0.0524 0.0066 1.5697 
0.0524 0.0066 1.5697 
0.0524 0.0066 1.5697 
0.0524 0.0066 1.5697 
0.0524 0.0066 1.5697 
0.0524 0.0066 1.5697 
0.0524 0.0066 1.5697 
0.0524 0.0066 1.5697 
0.0524 0.0066 1.5697 
0.0524 0.0066 1.5697 
0.0524 0.0066 1.5697 
0.0524 0.0066 1.5697 
0.0524 0.0066 1.5697 
0.0524 0.0066 1.5697 
0.0524 0.0066 1.5697 
0.0524 0.0066 1.5697 
0.0524 0.0066 1.5697 
0.0524 0.0066 1.5697 
0.0524 0.0066 1.5697 
0.0524 0.0066 1.5697 
0.0524 0.0066 1.5697 
0.0524 0.0066 1.5697 
0.0524 0.0066 1.5697 
0.0524 0.0066 1.5697 
0.0524 0.0066 1.5697 
0.0524 0.0066 1.5697 
0.0524 0.0066 1.5697 
0.0524 0.0066 1.5697 
0.0524 0.0066 1.5697 
0.0524 0.0066 1.5697 
0.0524 0.0066 1.5697 
0.0524 0.0066 1.5697 
0.0524 0.0066 1.5697 
0.0524 0.0066 1.5697 
0.0524 0.0066 1.5697 
0.0524 0.0066 1.5697 
0.0524 0.0066 1.5697 
0.0524 0.0066 1.5697 
0.0524 0.0066 1.5697 
0.0524 0.0066 1.5697 
0.0524 0.0066 1.5697 
0.0524 0.0066 1.5697 
0.0524 0.0066 1.5697 
0.0524 0.0066 1.5697 
0.0524 0.0066 1.5697 
0.0524 0.0066 1.5697 
0.0524 0.0066 1.5697 
0.0524 0.0066 1.5697 
0.0524 0.0066 1.5697 
0.0524 0.0066 1.5697 
0.0524 0.0066 1.5697 
0.0524 0.0066 1.5697 
0.0524 0.0066 1.5697 
0.0524 0.0066 1.5697 
0.0524 0.0066 1.5697 
0.0524 0.0066 1.5697 
0.0524 0.0066 1.5697 
0.0524 0.0066 1.5697 
0.0524 0.0066 1.5697 
0.0524 0.0066 1.5697 
0.0524 0.0066 1.5697 
0.0524 0.0066 1.5697 
0.0524 0.0066 1.5697 
0.0524 0.0066 1.5697 
0.0524 0.0066 1.5697 
0.0524 0.0066 1.5697 
0.0524 0.0066 1.5697 
0.0524 0.0066 1.5697 
0.0524 0.0066 1.5697 
0.0524 0.0066 1.5697 
0.0524 0.0066 1.5697 
0.0524 0.0066 1.5697 
0.0524 0.0066 1.5697 
0.0524 0.0066 1.5697 
0.0524 0.0066 1.5697 
0.0524 0.0066 1.5697 
0.0524 0.0066 1.5697 
0.0524 0.0066 1.5697 
0.0524 0.0066 1.5697 
0.0524 0.0066 1.5697 
0.0524 0.0066 1.5697 
0.0524 0.0066 1.5697 
0.0524 0.0066 1.5697 
0.0524 0.0066 1.5697 
0.0524 0.0066 1.5697 
0.0524 0.0066 1.5697 
0.0524 0.0066 1.5697 
0.0524 0.0066 1.5697 
0.0524 0.0066 1.5697 
0.0524 0.0066 1.5697 
0.0524 0.0066 1.5697 
0.0524 0.0066 1.5697 
0.0524 0.0066 1.5697 
0.0524 0.0066 1.5697 
0.0524 0.0066 1.5697 
0.0524 0.0066 1.5697 
0.0524 0.0066 1.5697 
0.0524 0.0066 1.5697 
0.0524 0.0066 1.5697 
0.0524 0.0066 1.5697 
0.0524 0.0066 1.5697 
0.0524 0.0066 1.5697 
0.0524 0.0066 1.5697 
0.0524 0.0066 1.5697 
0.0524 0.0066 1.5697 
0.0524 0.0066 1.5697 
0.0524 0.0066 1.5697 
0.0524 0.0066 1.5697 
0.0524 0.0066 1.5697 
0.0524 0.0066 1.5697 
0.0524 0.0066 1.5697 
0.0524 0.0066 1.5697 
0.0524 0.0066 1.5697 
0.0524 0.0066 1.5697 
0.0524 0.0066 1.5697 
0.0524 0.0066 1.5697 
0.0524 0.0066 1.5697 
0.0524 0.0066 1.5697 
0.0524 0.0066 1.5697 
0.0524 0.0066 1.5697 
0.0524 0.0066 1.5697 
0.0524 0.0066 1.5697 
0.0524 0.0066 1.5697 
0.0524 0.0066 1.5697 
0.0524 0.0066 1.5697 
0.0524 0.0066 1.5697 
0.0524 0.0066 1.5697 
0.0524 0.0066 1.5697 
0.0524 0.0066 1.5697 
0.0524 0.0066 1.5697 
0.0524 0.0066 1.5697 
0.0524 0.0066 1.5697 
0.0524 0.0066 1.5697 
0.0524 0.0066 1.5697 
0.0524 0.0066 1.5697 
0.0524 0.0066 1.5697 
0.0524 0.0066 1.5697 
0.0524 0.0066 1.5697 
0.0524 0.0066 1.5697 
0.0524 0.0066 1.5697 
0.0524 0.0066 1.5697 
0.0524 0.0066 1.5697 
0.0524 0.0066 1.5697 
0.0524 0.0066 1.5697 
0.0524 0.0066 1.5697 
0.0524 0.0066 1.5697 
0.0524 0.0066 1.5697 
0.0524 0.0066 1.5697 
0.0524 0.0066 1.5697 
0.0524 0.0066 1.5697 
0.0524 0.0066 1.5697 
0.0524 0.0066 1.5697 
0.0524 0.0066 1.5697 
0.0524 0.0066 1.5697 
0.0524 0.0066 1.5697 
0.0524 0.0066 1.5697 
0.0524 0.0066 1.5697 
0.0524 0.0066 1.5697 
0.0524 0.0066 1.5697 
0.0524 0.0066 1.5697 
0.0524 0.0066 1.5697 
0.0524 0.0066 1.5697 
0.0524 0.0066 1.5697 
0.0524 0.0066 1.5697 
0.0524 0.0066 1.5697 
0.0524 0.0066 1.5697 
0.0524 0.0066 1.5697 
0.0524 0.0066 1.5697 
0.0524 0.0066 1.5697 
0.0524 0.0066 1.5697 
0.0524 0.0066 1.5697 
0.0524 0.0066 1.5697 
0.0524 0.0066 1.5697 
0.0524 0.0066 1.5697 
0.0524 0.0066 1.5697 
0.0524 0.0066 1.5697 
0.0524 0.0066 1.5697 
0.0524 0.0066 1.5697 
0.0524 0.0066 1.5697 
0.0524 0.0066 1.5697 
0.0524 0.0066 1.5697 
0.0524 0.0066 1.5697 
0.0524 0.0066 1.5697 
0.0524 0.0066 1.5697 
0.0524 0.0066 1.5697 
0.0524 0.0066 1.5697 
0.0524 0.0066 1.5697 
0.0524 0.0066 1.5697 
0.0524 0.0066 1.5697 
0.0524 0.0066 1.5697 
0.0524 0.0066 1.5697 
0.0524 0.0066 1.5697 
0.0524 0.0066 1.5697 
0.0524 0.0066 1.5697 
0.0524 0.0066 1.5697 
0.0524 0.0066 1.5697 
0.0524 0.0066 1.5697 
0.0524 0.0066 1.5697 
0.0524 0.0066 1.5697 
0.0524 0.0066 1.5697 
0.0524 0.0066 1.5697 
0.0524 0.0066 1.5697 
0.0524 0.0066 1.5697 
0.0524 0.0066 1.5697 
0.0524 0.0066 1.5292 
0.0524 0.0066 1.5268 
0.0524 0.0066 1.5239 
0.0524 0.0066 1.5207 
0.0524 0.0066 1.5177 
0.0524 0.0066 1.5142 
0.0524 0.0066 1.5081 
0.0524 0.0066 1.4991 
0.0524 0.0066 1.4885 
0.0524 0.0066 1.4783 
0.0524 0.0066 1.4694 
0.0524 0.0066 1.4627 
0.0524 0.0066 1.4601 
0.0524 0.0066 1.4632 
0.0524 0.0066 1.4711 
0.0524 0.0066 1.4815 
0.0524 0.0066 1.4925 
0.0524 0.0066 1.5048 
0.0524 0.0066 1.5202 
0.0524 0.0066 1.5380 
0.0524 0.0066 1.5552 
0.0524 0.0066 1.5694 
0.0524 0.0066 1.5799 
0.0524 0.0066 1.5867 
0.0524 0.0066 1.5901 
0.0524 0.0066 1.5898 
0.0524 0.0066 1.5838 
0.0524 0.0066 1.5719 
0.0524 0.0066 1.5565 
0.0524 0.0066 1.5391 
0.0524 0.0066 1.5207 
0.0524 0.0066 1.5029 
0.0524 0.0066 1.4878 
0.0524 0.0066 1.4767 
0.0524 0.0066 1.4702 
0.0524 0.0066 1.4679 
0.0524 0.0066 1.4694 
0.0524 0.0066 1.4739 
0.0524 0.0066 1.4799 
0.0524 0.0066 1.4856 
0.0524 0.0066 1.4888 
0.0524 0.0066 1.4885 
0.0524 0.0066 1.4845 
0.0524 0.0066 1.4781 
0.0524 0.0066 1.4699 
0.0524 0.0066 1.4595 
0.0524 0.0066 1.4467 
0.0524 0.0066 1.4329 
0.0524 0.0066 1.4216 
0.0524 0.0066 1.4153 
0.0524 0.0066 1.4129 
0.0524 0.0066 1.4126 
0.0524 0.0066 1.4141 
0.0524 0.0066 1.4186 
0.0524 0.0066 1.4272 
0.0524 0.0066 1.4407 
0.0524 0.0066 1.4563 
0.0524 0.0066 1.4704 
0.0524 0.0066 1.4822 
0.0524 0.0066 1.4927 
0.0524 0.0066 1.5011 
0.0524 0.0066 1.5043 
0.0524 0.0066 1.5004 
0.0524 0.0066 1.4900 
0.0524 0.0066 1.4748 
0.0524 0.0066 1.4566 
0.0524 0.0066 1.4373 
0.0524 0.0066 1.4191 
0.0524 0.0066 1.4042 
0.0524 0.0066 1.3946 
0.0524 0.0066 1.3921 
0.0524 0.0066 1.3985 
0.0524 0.0066 1.4131 
0.0524 0.0066 1.4328 
0.0524 0.0066 1.4543 
0.0524 0.0066 1.4739 
0.0524 0.0066 1.4878 
0.0524 0.0066 1.4946 
0.0524 0.0066 1.4945 
0.0524 0.0066 1.4871 
0.0524 0.0066 1.4742 
0.0524 0.0066 1.4595 
0.0524 0.0066 1.4448 
0.0524 0.0066 1.4302 
0.0524 0.0066 1.4148 
0.0524 0.0066 1.3981 
0.0524 0.0066 1.3798 
0.0524 0.0066 1.3597 
0.0524 0.0066 1.3386 
0.0524 0.0066 1.3195 
0.0524 0.0066 1.3038 
0.0524 0.0066 1.2907 
0.0524 0.0066 1.2816 
0.0524 0.0066 1.2788 
0.0524 0.0066 1.2817 
0.0524 0.0066 1.2864 
0.0524 0.0066 1.2896 
0.0524 0.0066 1.2895 
0.0524 0.0066 1.2828 
0.0524 0.0066 1.2684 
0.0524 0.0066 1.2496 
0.0524 0.0066 1.2311 
0.0524 0.0066 1.2156 
0.0524 0.0066 1.2043 
0.0524 0.0066 1.1989 
0.0524 0.0066 1.2070 
0.0524 0.0066 1.2436 
0.0524 0.0066 1.3193 
0.0524 0.0066 1.4218 
0.0524 0.0066 1.5224 
0.0524 0.0066 1.6022 
0.0524 0.0066 1.6533 
0.0524 0.0066 1.6732 
0.0524 0.0066 1.6676 
0.0524 0.0066 1.6469 
0.0524 0.0066 1.6171 
0.0524 0.0066 1.5788 
0.0524 0.0066 1.5331 
0.0524 0.0066 1.4852 
0.0524 0.0066 1.4380 
0.0524 0.0066 1.3906 
0.0524 0.0066 1.3414 
0.0524 0.0066 1.2899 
0.0524 0.0066 1.2370 
0.0524 0.0066 1.1838 
0.0524 0.0066 1.1309 
0.0524 0.0066 1.0785 
0.0524 0.0066 1.0257 
0.0524 0.0066 0.9709 
0.0524 0.0066 0.9148 
0.0524 0.0066 0.8605 
0.0524 0.0066 0.8080 
0.0524 0.0066 0.7558 
0.0524 0.0066 0.7047 
0.0524 0.0066 0.6515 
0.0524 0.0066 0.5881 
0.0524 0.0066 0.5140 
0.0524 0.0066 0.4364 
0.0524 0.0066 0.3550 
0.0524 0.0066 0.2682 
0.0524 0.0066 0.1824 
0.0524 0.0066 0.0994 
0.0524 0.0066 0.0101 
0.0524 0.0066 3.0503 
0.0524 0.0066 2.9395 
0.0524 0.0066 2.8231 
0.0524 0.0066 2.7013 
0.0524 0.0066 2.5740 
0.0524 0.0066 2.4427 
0.0524 0.0066 2.3093 
0.0524 0.0066 2.1740 
0.0524 0.0066 2.0331 
0.0524 0.0066 1.8856 
0.0524 0.0066 1.7396 
0.0524 0.0066 1.6056 
0.0524 0.0066 1.4837 
0.0524 0.0066 1.3663 
0.0524 0.0066 1.2502 
0.0524 0.0066 1.1385 
0.0524 0.0066 1.0343 
0.0524 0.0066 0.9365 
0.0524 0.0066 0.8422 
0.0524 0.0066 0.7510 
0.0524 0.0066 0.6639 
0.0524 0.0066 0.5807 
0.0524 0.0066 0.5009 
0.0524 0.0066 0.4239 
0.0524 0.0066 0.3488 
0.0524 0.0066 0.2729 
0.0524 0.0066 0.1930 
0.0524 0.0066 0.1074 
0.0524 0.0066 0.0172 
0.0524 0.0066 3.0643 
0.0524 0.0066 2.9619 
0.0524 0.0066 2.8484 
0.0524 0.0066 2.7252 
0.0524 0.0066 2.5926 
0.0524 0.0066 0.0916 
0.0524 0.0066 0.0916 
0.0524 0.0066 0.0916 
0.0524 0.0066 0.0916 
0.0524 0.0066 0.0916 
0.0524 0.0066 0.0916 
0.0524 0.0066 0.0916 
0.0524 0.0066 0.0916 
0.0524 0.0066 0.0916 
0.0524 0.0066 0.0916 
0.0524 0.0066 0.0916 
0.0524 0.0066 0.0916 
0.0524 0.0066 0.0916 
0.0524 0.0066 0.0916 
0.0524 0.0066 0.0916 
0.0524 0.0066 0.0916 
0.0524 0.0066 0.0916 
0.0524 0.0066 0.0916 
0.0524 0.0066 0.0916 
0.0524 0.0066 0.0916 
0.0524 0.0066 0.0916 
0.0524 0.0066 0.0916 
0.0524 0.0066 0.0916 
0.0524 0.0066 0.0916 
0.0524 0.0066 0.0916 
0.0524 0.0066 0.0916 
0.0524 0.0066 0.0916 
0.0524 0.0066 0.0916 
0.0524 0.0066 0.0916 
0.0524 0.0066 0.0916 
0.0524 0.0066 0.0916 
0.0524 0.0066 0.0916 
0.0524 0.0066 0.0916 
0.0524 0.0066 0.0916 
0.0524 0.0066 0.0916 
0.0524 0.0066 0.0916 
0.0524 0.0066 0.0916 
0.0524 0.0066 0.0916 
0.0524 0.0066 0.0916 
0.0524 0.0066 0.0916 
0.0524 0.0066 0.0916 
0.0524 0.0066 0.0916 
0.0524 0.0066 0.0916 
0.0524 0.0066 0.0916 
0.0524 0.0066 0.0916 
