1480 
0.0698 1.3312 6.2780 3.1414 
0.0699 1.3288 6.2719 3.1420 
0.0701 1.3266 6.2653 3.1431 
0.0702 1.3249 6.2584 3.1446 
0.0704 1.3243 6.2508 3.1467 
0.0705 1.3253 6.2438 3.1486 
0.0705 1.3258 6.2405 3.1472 
0.0708 1.3277 6.2342 3.1487 
0.0711 1.3308 6.2288 3.1496 
0.0713 1.3297 6.2269 3.1477 
0.0717 1.3322 6.2234 3.1475 
0.0722 1.3227 6.2232 3.1446 
0.0729 1.3058 6.2221 3.1427 
0.0736 1.3014 6.2185 3.1434 
0.0745 1.2927 6.2143 3.1450 
0.0754 1.2820 6.2084 3.1484 
0.0764 1.2771 6.2021 3.1525 
0.0771 1.2680 6.1915 3.1605 
0.0769 1.2633 6.1774 3.1718 
0.0777 1.2771 6.1757 3.1729 
0.0787 1.2886 6.1733 3.1750 
0.0790 1.3013 6.1671 3.1811 
0.0792 1.3174 6.1659 3.1832 
0.0791 1.3297 6.1716 3.1796 
0.0796 1.3399 6.1777 3.1761 
0.0799 1.3414 6.1877 3.1698 
0.0806 1.3337 6.1995 3.1622 
0.0815 1.3284 6.2085 3.1576 
0.0827 1.3270 6.2157 3.1547 
0.0839 1.3251 6.2230 3.1522 
0.0851 1.2940 6.2327 3.1481 
0.0865 1.2782 6.2391 3.1472 
0.0880 1.2569 6.2440 3.1477 
0.0895 1.2194 6.2451 3.1517 
0.0911 1.2130 6.2467 3.1554 
0.0926 1.1916 6.2434 3.1635 
0.0939 1.1768 6.2378 3.1736 
0.0950 1.1690 6.2304 3.1854 
0.0956 1.1684 6.2219 3.1981 
0.0958 1.1762 6.2137 3.2108 
0.0958 1.1929 6.2077 3.2220 
0.0954 1.2178 6.2062 3.2297 
0.0956 1.2473 6.2171 3.2266 
0.0927 1.2710 6.2337 3.2195 
0.0937 1.2909 6.2495 3.2130 
0.0948 1.3099 6.2639 3.2079 
0.0956 1.3248 6.2805 3.2012 
0.0965 1.3210 0.0215 3.1882 
0.0977 1.2867 0.0513 3.1702 
0.0996 1.2478 0.0741 3.1583 
0.1021 1.1773 0.0951 3.1473 
0.1051 1.1438 0.1003 3.1492 
0.1081 1.1292 0.0985 3.1566 
0.1110 1.1350 0.0955 3.1649 
0.1143 1.1412 0.0926 3.1737 
0.1172 1.1329 0.0794 3.1900 
0.1167 1.1212 0.0458 3.2220 
0.1155 1.1472 0.0279 3.2417 
0.1148 1.1862 0.0237 3.2508 
0.1150 1.2264 0.0262 3.2545 
0.1137 1.2649 0.0325 3.2556 
0.1120 1.2968 0.0452 3.2518 
0.1115 1.3200 0.0631 3.2432 
0.1115 1.3338 0.0830 3.2326 
0.1106 1.3235 0.1106 3.2164 
0.1099 1.2832 0.1456 3.1939 
0.1101 1.2332 0.1775 3.1741 
0.1127 1.2292 0.1880 3.1699 
0.1148 1.2144 0.2004 3.1648 
0.1167 1.1933 0.2121 3.1606 
0.1188 1.1741 0.2212 3.1588 
0.1212 1.1338 0.2293 3.1576 
0.1239 1.0692 0.2307 3.1611 
0.1267 1.0367 0.2225 3.1720 
0.1294 1.0204 0.2082 3.1875 
0.1313 0.9980 0.1807 3.2126 
0.1330 1.0120 0.1594 3.2331 
0.1324 1.0326 0.1314 3.2578 
0.1284 1.0589 0.0969 3.2892 
0.1248 1.1087 0.0843 3.3047 
0.1211 1.1637 0.0883 3.3076 
0.1172 1.2036 0.1260 3.2819 
0.1158 1.2358 0.1489 3.2698 
0.1158 1.2707 0.1523 3.2745 
0.1147 1.2917 0.1759 3.2629 
0.1139 1.2799 0.2155 3.2376 
0.1141 1.2449 0.2580 3.2104 
0.1168 1.2053 0.2916 3.1888 
0.1207 1.1570 0.3202 3.1714 
0.1239 1.1064 0.3401 3.1635 
0.1291 1.0406 0.3509 3.1615 
0.1352 0.9635 0.3406 3.1745 
0.1404 0.9287 0.3031 3.2065 
0.1442 0.9664 0.2676 3.2363 
0.1476 1.0142 0.2442 3.2586 
0.1490 1.0598 0.2199 3.2823 
0.1458 1.1104 0.1931 3.3100 
0.1391 1.1689 0.1773 3.3323 
0.1339 1.2252 0.1848 3.3369 
0.1302 1.2696 0.2066 3.3301 
0.1279 1.2976 0.2365 3.3164 
0.1258 1.3075 0.2726 3.2980 
0.1236 1.2987 0.3141 3.2759 
0.1218 1.2814 0.3530 3.2565 
0.1221 1.2622 0.3895 3.2384 
0.1227 1.2328 0.4279 3.2192 
0.1231 1.1843 0.4715 3.1966 
0.1243 1.1327 0.5123 3.1769 
0.1277 1.0974 0.5415 3.1656 
0.1314 1.0806 0.5601 3.1637 
0.1359 1.0440 0.5809 3.1599 
0.1407 0.9942 0.5969 3.1602 
0.1462 0.9349 0.5999 3.1701 
0.1526 0.9294 0.5887 3.1952 
0.1586 0.9085 0.5587 3.2285 
0.1623 0.9075 0.5124 3.2730 
0.1577 0.9264 0.4354 3.3397 
0.1515 0.9872 0.3955 3.3849 
0.1446 1.0637 0.3851 3.4109 
0.1379 1.1383 0.3997 3.4187 
0.1320 1.1908 0.4494 3.3970 
0.1264 1.2245 0.5021 3.3734 
0.1226 1.2404 0.5587 3.3463 
0.1202 1.2552 0.5958 3.3357 
0.1198 1.2649 0.6371 3.3212 
0.1199 1.2523 0.6943 3.2929 
0.1209 1.2173 0.7627 3.2553 
0.1240 1.1704 0.8310 3.2184 
0.1303 1.1310 0.8832 3.1951 
0.1405 1.0850 0.9259 3.1779 
0.1540 1.0210 0.9539 3.1715 
0.1690 0.9641 0.9469 3.1910 
0.1824 0.9284 0.9017 3.2365 
0.1930 0.9482 0.8532 3.2817 
0.1979 0.9777 0.8010 3.3292 
0.1968 1.0198 0.7556 3.3739 
0.1898 1.0695 0.7233 3.4123 
0.1767 1.1207 0.7112 3.4391 
0.1654 1.1648 0.7254 3.4465 
0.1558 1.1974 0.7544 3.4420 
0.1492 1.2201 0.7888 3.4322 
0.1468 1.2391 0.8230 3.4207 
0.1441 1.2532 0.8597 3.4073 
0.1407 1.2600 0.9007 3.3905 
0.1371 1.2568 0.9491 3.3674 
0.1340 1.2363 1.0122 3.3313 
0.1323 1.2016 1.0858 3.2859 
0.1328 1.1658 1.1541 3.2449 
0.1355 1.1235 1.2202 3.2060 
0.1409 1.0802 1.2755 3.1765 
0.1497 1.0369 1.3165 3.1588 
0.1620 0.9825 1.3454 3.1509 
0.1778 0.9244 1.3483 3.1623 
0.1958 0.8736 1.3129 3.1985 
0.2122 0.8590 1.2454 3.2519 
0.2192 0.8504 1.1448 3.3190 
0.2171 0.8787 1.0483 3.3868 
0.2092 0.9305 0.9727 3.4467 
0.1935 0.9901 0.9022 3.5104 
0.1810 1.0534 0.8864 3.5359 
0.1689 1.1177 0.8922 3.5462 
0.1563 1.1784 0.9139 3.5450 
0.1434 1.2146 0.9771 3.5092 
0.1360 1.2317 1.0492 3.4635 
0.1325 1.2340 1.1275 3.4114 
0.1321 1.2190 1.2166 3.3506 
0.1395 1.1962 1.2965 3.2965 
0.1534 1.1531 1.3749 3.2441 
0.1740 1.0983 1.4328 3.2095 
0.2002 1.0312 1.4591 3.2008 
0.2294 0.9533 1.4392 3.2246 
0.2570 0.8981 1.3625 3.2780 
0.2741 0.8804 1.2502 3.3437 
0.2751 0.8922 1.1242 3.4154 
0.2621 0.9366 1.0400 3.4656 
0.2419 0.9914 0.9866 3.5044 
0.2228 1.0470 0.9619 3.5289 
0.2064 1.0963 0.9635 3.5358 
0.1878 1.1342 0.9884 3.5263 
0.1737 1.1617 1.0116 3.5170 
0.1644 1.1814 1.0539 3.4909 
0.1560 1.1938 1.1007 3.4609 
0.1492 1.2033 1.1434 3.4343 
0.1474 1.2021 1.1977 3.3963 
0.1465 1.1891 1.2604 3.3516 
0.1469 1.1633 1.3299 3.3023 
0.1497 1.1294 1.3974 3.2566 
0.1564 1.0914 1.4540 3.2230 
0.1686 1.0227 1.5163 3.1861 
0.1881 0.9464 1.5509 3.1734 
0.2155 0.8645 1.5435 3.1918 
0.2483 0.7830 1.4680 3.2487 
0.2732 0.7232 1.2880 3.3470 
0.2706 0.7484 1.0943 3.4397 
0.2503 0.8184 0.9546 3.5228 
0.2251 0.9092 0.8825 3.5820 
0.2001 1.0006 0.8610 3.6145 
0.1780 1.0802 0.8756 3.6213 
0.1617 1.1372 0.8983 3.6191 
0.1486 1.1834 0.9471 3.5954 
0.1374 1.2128 1.0204 3.5508 
0.1302 1.2222 1.1090 3.4920 
0.1295 1.2137 1.2093 3.4226 
0.1341 1.1733 1.3290 3.3368 
0.1456 1.1107 1.4454 3.2564 
0.1669 1.0443 1.5256 3.2100 
0.1978 0.9762 1.5616 3.2023 
0.2369 0.9074 1.5491 3.2295 
0.2785 0.8378 1.4732 3.2870 
0.3097 0.8230 1.3414 3.3541 
0.3192 0.8405 1.2020 3.4193 
0.3046 0.8764 1.0768 3.4848 
0.2768 0.9288 0.9873 3.5450 
0.2466 0.9902 0.9366 3.5926 
0.2222 1.0507 0.9266 3.6165 
0.2002 1.1022 0.9429 3.6222 
0.1819 1.1448 0.9697 3.6192 
0.1672 1.1740 1.0132 3.6014 
0.1537 1.1923 1.0665 3.5748 
0.1417 1.1969 1.1373 3.5330 
0.1332 1.1906 1.2205 3.4793 
0.1277 1.1770 1.3100 3.4201 
0.1246 1.1525 1.4092 3.3532 
0.1257 1.1208 1.5073 3.2882 
0.1320 1.0798 1.6009 3.2293 
0.1435 1.0269 1.6840 3.1823 
0.1598 0.9601 1.7501 3.1527 
0.1813 0.8777 1.7901 3.1508 
0.2124 0.7916 1.7791 3.1863 
0.2483 0.7189 1.6958 3.2583 
0.2764 0.6630 1.5155 3.3607 
0.2793 0.6647 1.2742 3.4789 
0.2597 0.7130 1.0852 3.5895 
0.2271 0.8048 0.9670 3.6874 
0.1937 0.9052 0.9367 3.7410 
0.1609 0.9878 0.9507 3.7639 
0.1385 1.0558 1.0049 3.7513 
0.1222 1.1106 1.0892 3.7100 
0.1086 1.1519 1.1880 3.6542 
0.0987 1.1766 1.3065 3.5796 
0.0947 1.1830 1.4403 3.4901 
0.1021 1.1793 1.5689 3.4041 
0.1213 1.1622 1.6907 3.3250 
0.1469 1.1232 1.7972 3.2636 
0.1788 1.0616 1.8730 3.2323 
0.2146 0.9785 1.9083 3.2364 
0.2530 0.8867 1.8922 3.2760 
0.2901 0.8067 1.8137 3.3433 
0.3112 0.7481 1.6571 3.4279 
0.3093 0.7323 1.4745 3.5164 
0.2867 0.7560 1.3263 3.5951 
0.2523 0.8020 1.2405 3.6559 
0.2194 0.8551 1.1999 3.7013 
0.1904 0.9085 1.1929 3.7287 
0.1635 0.9558 1.2173 3.7337 
0.1440 0.9946 1.2638 3.7187 
0.1291 1.0305 1.3233 3.6915 
0.1173 1.0619 1.3914 3.6553 
0.1088 1.0903 1.4622 3.6157 
0.1020 1.1171 1.5377 3.5721 
0.0967 1.1404 1.6192 3.5237 
0.0950 1.1509 1.7201 3.4579 
0.0982 1.1491 1.8311 3.3838 
0.1062 1.1269 1.9525 3.3029 
0.1188 1.0759 2.0736 3.2262 
0.1361 0.9997 2.1703 3.1778 
0.1597 0.8910 2.2361 3.1644 
0.1896 0.7536 2.2546 3.1999 
0.2273 0.6143 2.1895 3.2940 
0.2645 0.5080 1.9568 3.4390 
0.2613 0.4874 1.5114 3.6063 
0.2213 0.5478 1.2744 3.7347 
0.1822 0.6307 1.1960 3.8224 
0.1500 0.7177 1.1863 3.8743 
0.1251 0.8034 1.2202 3.8909 
0.1051 0.8874 1.2856 3.8776 
0.0907 0.9703 1.3785 3.8366 
0.0851 1.0398 1.5221 3.7455 
0.0870 1.1029 1.6754 3.6426 
0.0952 1.1604 1.8225 3.5448 
0.1085 1.1979 1.9725 3.4455 
0.1260 1.2075 2.1105 3.3604 
0.1470 1.1788 2.2263 3.2990 
0.1712 1.1092 2.3135 3.2664 
0.1978 1.0024 2.3693 3.2642 
0.2270 0.8797 2.3858 3.2888 
0.2564 0.7740 2.3598 3.3395 
0.2826 0.6647 2.2735 3.4128 
0.2982 0.5850 2.0945 3.5015 
0.2896 0.5543 1.8426 3.5934 
0.2575 0.5679 1.6438 3.6777 
0.2172 0.6051 1.5505 3.7403 
0.1825 0.6497 1.5177 3.7856 
0.1563 0.6967 1.5172 3.8163 
0.1317 0.7459 1.5440 3.8291 
0.1114 0.7939 1.5973 3.8197 
0.0972 0.8431 1.6807 3.7836 
0.0882 0.8942 1.7875 3.7259 
0.0833 0.9460 1.9108 3.6528 
0.0828 0.9957 2.0402 3.5737 
0.0852 1.0404 2.1734 3.4919 
0.0883 1.0734 2.3098 3.4099 
0.0935 1.0847 2.4438 3.3349 
0.1012 1.0649 2.5682 3.2734 
0.1111 1.0222 2.6659 3.2416 
0.1240 0.9478 2.7536 3.2250 
0.1391 0.8337 2.8401 3.2198 
0.1581 0.7035 2.9114 3.2413 
0.1823 0.5599 2.9724 3.2905 
0.2138 0.4273 3.0134 3.3820 
0.2566 0.3165 3.0279 3.5124 
0.2302 0.3133 1.5116 3.6591 
0.1692 0.3841 1.5298 3.7944 
0.1163 0.4663 1.5490 3.9123 
0.0850 0.5566 1.6247 3.9645 
0.0818 0.6599 1.7928 3.9162 
0.0885 0.7730 1.9937 3.8202 
0.1025 0.9034 2.2014 3.7086 
0.1165 1.0396 2.3838 3.6116 
0.1241 1.1563 2.5252 3.5440 
0.1325 1.2407 2.6494 3.4867 
0.1392 1.2823 2.7576 3.4413 
0.1454 1.2487 2.8681 3.3925 
0.1518 1.1758 2.9670 3.3539 
0.1580 1.0791 3.0550 3.3252 
0.1649 0.9758 3.1330 3.3048 
0.1723 0.8740 3.2029 3.2938 
0.1783 0.7688 3.2719 3.2908 
0.1850 0.6510 3.3490 3.2943 
0.1929 0.5276 3.4401 3.3072 
0.2015 0.4161 3.5579 3.3400 
0.2143 0.3301 3.7279 3.3910 
0.2290 0.2728 4.2171 3.4528 
0.1968 0.2837 4.9662 3.5331 
0.1557 0.3273 5.1281 3.6279 
0.1261 0.3882 5.2309 3.7089 
0.1077 0.4685 5.3546 3.7471 
0.0970 0.5698 5.4957 3.7466 
0.0931 0.6872 5.6452 3.7161 
0.0943 0.8127 5.8002 3.6630 
0.0937 0.9266 5.9531 3.5978 
0.0922 1.0085 6.0883 3.5374 
0.0917 1.0546 6.2123 3.4809 
0.0892 1.0606 0.0521 3.4245 
0.0830 1.0226 0.1794 3.3667 
0.0755 0.9479 0.3119 3.3068 
0.0678 0.8561 0.4434 3.2527 
0.0634 0.7453 0.5930 3.1872 
0.0585 0.6363 0.7446 3.1357 
0.0517 0.5377 0.8932 3.1091 
0.0572 0.4476 1.0347 3.1145 
0.0858 0.3623 1.1700 3.1877 
0.1289 0.2947 1.3791 3.3522 
0.1724 0.2936 1.9289 3.5621 
0.1721 0.4147 2.4048 3.6894 
0.1596 0.5983 2.6007 3.7408 
0.1470 0.8000 2.7342 3.7471 
0.1409 0.9810 2.8612 3.7152 
0.1376 1.1167 2.9809 3.6673 
0.1310 1.1912 3.0863 3.6211 
0.1252 1.2147 3.1841 3.5753 
0.1225 1.1996 3.2781 3.5282 
0.1199 1.1265 3.3886 3.4652 
0.1146 1.0321 3.4989 3.4045 
0.1100 0.9359 3.6059 3.3478 
0.1072 0.8426 3.7109 3.2964 
0.1026 0.7489 3.8204 3.2507 
0.0979 0.6543 3.9405 3.2069 
0.0948 0.5624 4.0723 3.1664 
0.0919 0.4775 4.2144 3.1435 
0.0904 0.3999 4.3750 3.1478 
0.0878 0.3314 4.5835 3.1927 
0.0856 0.2903 4.8272 3.3100 
0.0985 0.2908 5.1151 3.4730 
0.1048 0.3445 5.4178 3.6032 
0.1019 0.4443 5.6418 3.6792 
0.0954 0.5750 5.8121 3.7073 
0.0951 0.7153 5.9965 3.6668 
0.0851 0.8407 6.1210 3.6431 
0.0776 0.9303 6.2433 3.6005 
0.0677 0.9819 0.0771 3.5548 
0.0582 0.9834 0.2076 3.4923 
0.0481 0.9417 0.3470 3.4216 
0.0348 0.8662 0.4994 3.3443 
0.0194 0.7718 0.6645 3.2615 
0.0047 0.6722 0.8403 3.1786 
0.0119 0.5736 1.0285 2.0197 
0.0104 0.4798 1.2352 2.3554 
0.0038 0.4080 1.3808 3.0459 
0.0357 0.3451 1.5111 3.1742 
0.0737 0.3073 1.7330 3.3856 
0.1085 0.3442 2.0944 3.6116 
0.1171 0.4738 2.3927 3.7507 
0.1220 0.6561 2.6089 3.7853 
0.1224 0.8420 2.7750 3.7696 
0.1202 0.9975 2.9095 3.7373 
0.1175 1.0935 3.0372 3.6886 
0.1135 1.1261 3.1603 3.6334 
0.1132 1.1123 3.2763 3.5762 
0.1158 1.0692 3.3867 3.5198 
0.1116 0.9962 3.4973 3.4665 
0.1050 0.9079 3.6138 3.4115 
0.0979 0.8137 3.7404 3.3533 
0.0871 0.7193 3.8799 3.2949 
0.0729 0.6320 4.0294 3.2410 
0.0602 0.5532 4.1898 3.1881 
0.0472 0.4823 4.3679 3.1365 
0.0328 0.4221 4.5585 3.0987 
0.0246 0.3748 4.7415 3.1006 
0.0255 0.3409 4.9182 3.1585 
0.0386 0.3257 5.1045 3.2742 
0.0550 0.3416 5.3285 3.4139 
0.0716 0.4007 5.5721 3.5308 
0.0793 0.4999 5.7757 3.6128 
0.0850 0.6208 5.9699 3.6293 
0.0820 0.7417 6.1320 3.6232 
0.0709 0.8411 6.2708 3.6064 
0.0565 0.9063 0.1145 3.5815 
0.0451 0.9298 0.2535 3.5334 
0.0294 0.9217 0.3905 3.4846 
0.0189 0.8732 0.5580 3.3996 
0.0034 0.8122 0.7264 3.3155 
0.0139 0.7447 0.9033 1.8894 
0.0324 0.6767 1.0874 2.1659 
0.0497 0.6090 1.2767 2.4615 
0.0583 0.5443 1.4670 2.7714 
0.0531 0.4831 1.6349 3.0927 
0.0176 0.4223 1.7610 3.4617 
0.0457 0.3789 1.9141 3.2992 
0.1104 0.3963 2.2175 3.5396 
0.1382 0.5155 2.5596 3.7020 
0.1387 0.6953 2.7852 3.7789 
0.1328 0.8725 2.9382 3.8040 
0.1322 1.0159 3.0834 3.7841 
0.1241 1.0970 3.2159 3.7494 
0.1138 1.1269 3.3386 3.7090 
0.1011 1.1110 3.4616 3.6603 
0.0883 1.0636 3.5896 3.6015 
0.0781 1.0030 3.7211 3.5358 
0.0674 0.9349 3.8587 3.4630 
0.0557 0.8654 4.0034 3.3834 
0.0445 0.7993 4.1554 3.2988 
0.0300 0.7378 4.3149 3.2127 
0.0178 0.6808 4.4832 3.1212 
0.0007 0.6289 4.6564 3.0348 
0.0128 0.5804 4.8400 3.2020 
0.0286 0.5355 5.0190 3.4954 
0.0202 0.4873 5.1805 3.8203 
0.0030 0.4423 5.3337 4.2026 
0.0240 0.4128 5.4940 3.1168 
0.0788 0.4206 5.7053 3.3027 
0.0949 0.4840 5.9456 3.4658 
0.0943 0.5923 6.1511 3.5728 
0.0855 0.7128 0.0339 3.6248 
0.0689 0.8192 0.1712 3.6446 
0.0508 0.8981 0.3083 3.6333 
0.0291 0.9419 0.4471 3.6004 
0.0057 0.9524 0.5960 3.5468 
0.0244 0.9359 0.7548 1.8458 
0.0581 0.9010 0.9241 2.0997 
0.0791 0.8526 1.1187 2.3667 
0.0828 0.8024 1.3258 2.6420 
0.0847 0.7535 1.5254 2.9192 
0.0792 0.7048 1.6996 3.1843 
0.0607 0.6491 1.8446 3.4528 
0.0311 0.5754 1.9842 3.7955 
0.0352 0.5017 2.1145 3.1642 
0.1162 0.4761 2.3462 3.4346 
0.1641 0.5598 2.6931 3.6486 
0.1708 0.7218 2.9536 3.7589 
0.1561 0.8898 3.1202 3.8119 
0.1341 1.0261 3.2461 3.8337 
0.1088 1.1164 3.3622 3.8324 
0.0867 1.1398 3.4938 3.7937 
0.0719 1.1266 3.6278 3.7359 
0.0586 1.0981 3.7590 3.6739 
0.0410 1.0536 3.8944 3.6048 
0.0199 1.0010 4.0366 3.5268 
0.0010 0.9429 4.1940 2.3931 
0.0208 0.8877 4.3640 2.6211 
0.0359 0.8393 4.5408 2.8542 
0.0467 0.7969 4.7237 3.0951 
0.0523 0.7599 4.9045 3.3379 
0.0474 0.7236 5.0719 3.5807 
0.0372 0.6828 5.2351 3.8415 
0.0227 0.6314 5.3980 4.1439 
0.0052 0.5705 5.5599 4.5101 
0.0210 0.5141 5.7159 2.9527 
0.0564 0.4900 5.8910 3.1784 
0.0733 0.5301 6.1196 3.3951 
0.0551 0.6286 0.0201 3.5715 
0.0277 0.7462 0.1643 3.6811 
0.0040 0.8448 0.3081 3.7153 
0.0166 0.9094 0.4598 1.4747 
0.0386 0.9416 0.6173 1.7394 
0.0610 0.9473 0.7823 1.9938 
0.0828 0.9354 0.9573 2.2460 
0.1069 0.9146 1.1411 2.5000 
0.1252 0.8893 1.3379 2.7612 
0.1300 0.8622 1.5450 3.0331 
0.1254 0.8313 1.7421 3.3094 
0.0984 0.7882 1.9190 3.5944 
0.0629 0.7288 2.0737 3.8956 
0.0291 0.6567 2.2090 4.2290 
0.0365 0.5746 2.3427 3.1546 
0.1019 0.5401 2.5551 3.4148 
0.1337 0.6005 2.8366 3.6453 
0.1372 0.7324 3.0747 3.7851 
0.1233 0.8697 3.2480 3.8525 
0.1037 0.9729 3.3904 3.8729 
0.0753 1.0416 3.5092 3.8791 
0.0554 1.0574 3.6459 3.8391 
0.0332 1.0442 3.7871 3.7812 
0.0103 1.0134 3.9362 3.7055 
0.0097 0.9780 4.0912 2.3742 
0.0302 0.9423 4.2493 2.5922 
0.0478 0.9095 4.4098 2.8050 
0.0547 0.8805 4.5837 3.0281 
0.0610 0.8569 4.7660 3.2592 
0.0637 0.8386 4.9537 3.4997 
0.0613 0.8227 5.1349 3.7423 
0.0574 0.8028 5.3027 3.9852 
0.0399 0.7715 5.4611 4.2438 
0.0168 0.7232 5.6117 4.5290 
0.0131 0.6583 5.7515 2.7724 
0.0515 0.5847 5.9001 2.8810 
0.0715 0.5267 6.0910 3.0468 
0.0742 0.5156 0.0235 3.2427 
0.0506 0.5578 0.2197 3.4373 
0.0214 0.6309 0.3817 3.5781 
0.0291 0.7091 0.5030 1.5491 
0.0745 0.7723 0.6224 1.8396 
0.1003 0.8063 0.7777 2.1164 
0.1201 0.8218 0.9512 2.3845 
0.1351 0.8272 1.1388 2.6495 
0.1433 0.8286 1.3373 2.9145 
0.1454 0.8300 1.5421 3.1832 
0.1425 0.8314 1.7438 3.4507 
0.1279 0.8291 1.9373 3.7256 
0.1078 0.8136 2.1179 4.0156 
0.0696 0.7766 2.2735 4.3157 
0.0058 0.7115 2.4022 4.6505 
0.0571 0.6325 2.5413 3.1300 
0.1172 0.5691 2.7335 3.3314 
0.1333 0.5643 2.9911 3.5501 
0.1164 0.6205 3.2207 3.7308 
0.0780 0.6991 3.3794 3.8630 
0.0319 0.7639 3.4999 3.9463 
0.0172 0.7918 3.6609 3.9267 
0.0018 0.8072 3.8063 2.0826 
0.0206 0.8081 3.9547 2.3239 
0.0405 0.8026 4.1007 2.5482 
0.0603 0.7933 4.2523 2.7678 
0.0726 0.7818 4.4207 2.9925 
0.0781 0.7732 4.6035 3.2243 
0.0799 0.7711 4.7933 3.4618 
0.0764 0.7759 4.9844 3.7035 
0.0697 0.7854 5.1726 3.9514 
0.0612 0.7941 5.3518 4.2015 
0.0427 0.7962 5.5207 4.4565 
0.0231 0.7861 5.6762 4.7115 
0.0067 0.7558 5.8319 4.9942 
0.0072 0.6980 5.9905 2.7684 
0.0172 0.6259 6.1532 2.8208 
0.0175 0.5530 0.0455 2.9238 
0.0083 0.5002 0.2329 3.0873 
0.0139 0.4855 0.4076 0.9460 
0.0415 0.5024 0.5628 1.4245 
0.0820 0.5356 0.6908 1.8134 
0.1226 0.5722 0.8123 2.1404 
0.1523 0.6017 0.9545 2.4326 
0.1597 0.6233 1.1358 2.7182 
0.1429 0.6420 1.3489 3.0082 
0.1224 0.6640 1.5599 3.2968 
0.1056 0.6891 1.7597 3.5825 
0.0961 0.7133 1.9485 3.8632 
0.0781 0.7328 2.1316 4.1561 
0.0621 0.7394 2.3090 4.4673 
0.0289 0.7233 2.4732 4.8023 
0.0021 0.6840 2.6311 5.1613 
0.0421 0.6259 2.7846 3.1488 
0.0652 0.5706 2.9611 3.2952 
0.0592 0.5406 3.1571 3.4724 
0.0318 0.5457 3.3374 3.6550 
0.0072 0.5728 3.4969 3.7942 
0.0182 0.5990 3.6432 1.7297 
0.0462 0.6181 3.7795 2.0330 
0.0693 0.6269 3.9242 2.3039 
0.0828 0.6261 4.0900 2.5617 
0.0904 0.6252 4.2639 2.8085 
0.0919 0.6267 4.4468 3.0526 
0.0888 0.6316 4.6365 3.2936 
0.0823 0.6424 4.8278 3.5342 
0.0733 0.6600 5.0195 3.7797 
0.0719 0.6832 5.2079 4.0284 
0.0664 0.7080 5.3883 4.2792 
0.0474 0.7295 5.5617 4.5410 
0.0220 0.7385 5.7211 4.8094 
0.0123 0.7303 5.8651 2.7738 
0.0315 0.7036 6.0161 2.7657 
0.0327 0.6563 6.1866 2.7713 
0.0216 0.5913 0.0903 2.8165 
0.0039 0.5280 0.2882 0.3493 
0.0372 0.4894 0.4722 0.8604 
0.0797 0.4802 0.6273 1.3361 
0.1041 0.4921 0.7660 1.7472 
0.1179 0.5128 0.9205 2.1125 
0.1359 0.5357 1.0822 2.4360 
0.1559 0.5584 1.2514 2.7285 
0.1713 0.5815 1.4360 3.0079 
0.1646 0.6077 1.6402 3.2925 
0.1411 0.6375 1.8403 3.5820 
0.1240 0.6679 2.0324 3.8752 
0.1113 0.6935 2.2133 4.1640 
0.0778 0.7062 2.3815 4.4755 
0.0545 0.6999 2.5472 4.8073 
0.0167 0.6637 2.6953 5.1811 
0.0135 0.6110 2.8522 3.0561 
0.0270 0.5629 3.0269 3.2164 
0.0127 0.5400 3.2048 3.4038 
0.0013 0.5456 3.3724 3.5713 
0.0050 0.5619 3.5413 1.3218 
0.0282 0.5826 3.6894 1.6825 
0.0534 0.5986 3.8338 1.9927 
0.0662 0.6068 3.9956 2.2794 
0.0706 0.6086 4.1758 2.5522 
0.0763 0.6106 4.3600 2.8112 
0.0834 0.6160 4.5448 3.0586 
0.0910 0.6268 4.7288 3.2982 
0.0882 0.6442 4.9186 3.5454 
0.0761 0.6676 5.1075 3.7966 
0.0708 0.6957 5.2916 4.0475 
0.0552 0.7244 5.4661 4.3045 
0.0314 0.7478 5.6318 4.5725 
0.0129 0.7589 5.7943 4.8552 
0.0030 0.7499 5.9380 2.6804 
0.0180 0.7206 6.0861 2.6945 
0.0282 0.6755 6.2477 2.7283 
0.0199 0.6234 0.1454 2.7755 
0.0120 0.5748 0.3261 2.8606 
0.0173 0.5432 0.5073 2.9630 
0.0117 0.5312 0.6918 1.2967 
0.0600 0.5357 0.8640 1.7164 
0.1148 0.5501 1.0248 2.0811 
0.1295 0.5690 1.1984 2.4112 
0.1467 0.5919 1.3850 2.7266 
0.1391 0.6182 1.5727 3.0314 
0.1328 0.6476 1.7584 3.3240 
0.1259 0.6789 1.9375 3.6038 
0.1054 0.7108 2.1127 3.8951 
0.0854 0.7376 2.2828 4.1979 
0.0764 0.7539 2.4457 4.4994 
0.0501 0.7496 2.6057 4.8447 
0.0285 0.7216 2.7646 5.2258 
0.0111 0.6765 2.9200 5.6448 
0.0098 0.6344 3.0678 3.0770 
0.0100 0.6022 3.2377 3.2297 
0.0077 0.5903 3.4071 0.7699 
0.0380 0.5936 3.5658 1.2102 
0.0603 0.6026 3.7271 1.6074 
0.0759 0.6093 3.8923 1.9517 
0.0899 0.6117 4.0626 2.2566 
0.1081 0.6137 4.2335 2.5341 
0.1194 0.6169 4.4104 2.7927 
0.1157 0.6246 4.6007 3.0517 
0.1074 0.6387 4.7893 3.3059 
0.0877 0.6601 4.9773 3.5664 
0.0649 0.6876 5.1567 3.8267 
0.0400 0.7193 5.3280 4.0897 
0.0138 0.7525 5.4937 4.3605 
0.0112 0.7826 5.6535 2.7556 
0.0331 0.8050 5.8056 2.7285 
0.0516 0.8138 5.9615 2.7182 
0.0643 0.8048 6.1204 2.7222 
0.0701 0.7780 0.0021 2.7393 
0.0762 0.7432 0.1661 2.7649 
0.0419 0.6989 0.3596 2.7874 
0.0265 0.6564 0.5483 2.8389 
0.0045 0.6251 0.7454 1.2327 
0.0484 0.6070 0.9391 1.6542 
0.0865 0.6019 1.1232 2.0309 
0.1079 0.6068 1.3073 2.3759 
0.1259 0.6193 1.4926 2.7000 
0.1285 0.6375 1.6676 2.9982 
0.1180 0.6619 1.8422 3.2954 
0.1066 0.6903 2.0121 3.5897 
0.0776 0.7173 2.1668 3.8893 
0.0402 0.7388 2.3108 4.1980 
0.0019 0.7531 2.4542 4.5263 
0.0263 0.7604 2.6107 2.8070 
0.0405 0.7568 2.7824 2.8636 
0.0455 0.7384 2.9576 2.9466 
0.0452 0.7123 3.1341 3.0523 
0.0293 0.6879 3.3133 3.1599 
0.0050 0.6693 3.4852 3.2579 
0.0257 0.6537 3.6591 1.2150 
0.0622 0.6408 3.8221 1.5775 
0.0990 0.6293 3.9655 1.8513 
0.1060 0.6180 4.1480 2.1720 
0.1100 0.6104 4.3350 2.4681 
0.1122 0.6084 4.5232 2.7459 
0.1186 0.6136 4.7157 3.0161 
0.1070 0.6257 4.9004 3.2815 
0.0878 0.6437 5.0741 3.5430 
0.0642 0.6670 5.2442 3.8139 
0.0332 0.6928 5.4053 4.0936 
0.0116 0.7188 5.5557 4.3629 
0.0188 0.7440 5.7077 2.6674 
0.0494 0.7655 5.8588 2.6739 
0.0845 0.7733 5.9938 2.7098 
0.1082 0.7778 6.1443 2.7409 
0.1095 0.7746 0.0306 2.7666 
0.0871 0.7624 0.2183 2.7877 
0.0720 0.7440 0.4041 2.8162 
0.0451 0.7228 0.5959 2.8363 
0.0119 0.7035 0.7871 2.8407 
0.0152 0.6894 0.9778 1.6385 
0.0548 0.6773 1.1868 2.0198 
0.0720 0.6771 1.3719 2.3286 
0.0837 0.6797 1.5579 2.6400 
0.0775 0.6884 1.7385 2.9454 
0.0670 0.6994 1.9076 3.2403 
0.0471 0.7068 2.0567 3.5266 
0.0297 0.7098 2.1932 3.8048 
0.0049 0.7125 2.3362 4.1097 
0.0180 0.7113 2.4841 2.6114 
0.0378 0.7033 2.6368 2.6651 
0.0482 0.6913 2.8122 2.7358 
0.0464 0.6759 2.9829 2.8273 
0.0460 0.6606 3.1586 2.9635 
0.0338 0.6566 3.3377 3.0869 
0.0254 0.6575 3.5117 3.1665 
0.0037 0.6571 3.6878 3.2247 
0.0247 0.6526 3.8594 1.5377 
0.0537 0.6446 4.0316 1.8654 
0.0703 0.6354 4.2138 2.1710 
0.0849 0.6290 4.3997 2.4561 
0.0790 0.6273 4.5789 2.7217 
0.0657 0.6311 4.7574 2.9837 
0.0520 0.6414 4.9364 3.2474 
0.0428 0.6583 5.1224 3.5265 
0.0105 0.6738 5.2730 3.7848 
0.0011 0.6978 5.4396 2.5994 
0.0356 0.7104 5.5768 2.5959 
0.0649 0.7228 5.7237 2.5954 
0.1002 0.7310 5.8717 2.6132 
0.1272 0.7317 6.0175 2.6391 
0.1415 0.7207 6.1640 2.6752 
0.1502 0.7065 0.0523 2.7150 
0.1446 0.6911 0.2417 2.7499 
0.1101 0.6713 0.4336 2.7808 
0.0837 0.6227 0.6249 2.7969 
0.0572 0.5578 0.8240 2.8165 
0.0278 0.5798 1.0163 2.8159 
0.0064 0.6412 1.2075 2.7963 
0.0049 0.6463 1.3967 2.4071 
0.0135 0.6557 1.5779 2.7184 
0.0119 0.6693 1.7521 3.0166 
0.0000 0.6785 1.9007 3.2924 
0.0117 0.6897 2.0438 2.6115 
0.0320 0.7047 2.1959 2.5943 
0.0510 0.7156 2.3489 2.5897 
0.0631 0.7226 2.5108 2.5881 
0.0696 0.7169 2.6664 2.6044 
0.0900 0.6886 2.8237 2.6752 
0.0814 0.6599 2.9825 2.7309 
0.0847 0.6214 3.1685 2.8408 
0.0640 0.5926 3.3723 2.9520 
0.0321 0.5768 3.5662 3.0582 
0.0004 0.5708 3.7443 1.2020 
0.0225 0.5686 3.9144 1.5642 
0.0364 0.5676 4.0889 1.9125 
0.0494 0.5681 4.2670 2.2282 
0.0514 0.5714 4.4474 2.5204 
0.0467 0.5789 4.6240 2.7935 
0.0320 0.5913 4.7952 3.0572 
0.0151 0.6090 4.9638 3.3193 
0.0031 0.6327 5.1325 2.7453 
0.0206 0.6628 5.3108 2.6789 
0.0466 0.6883 5.4576 2.6474 
0.0718 0.7118 5.5998 2.6274 
0.0953 0.7285 5.7374 2.6208 
0.1305 0.7345 5.8604 2.6403 
0.1507 0.7325 5.9958 2.6532 
0.1650 0.7229 6.1440 2.6657 
0.1702 0.7044 0.0266 2.6772 
0.1606 0.6729 0.2166 2.6931 
0.1503 0.6372 0.4162 2.7238 
0.1363 0.6097 0.6258 2.7520 
0.1187 0.5904 0.8266 2.7812 
0.0980 0.5800 1.0198 2.8075 
0.0706 0.5810 1.2112 2.8106 
0.0485 0.5932 1.4018 2.7862 
0.0340 0.6142 1.5898 2.7430 
0.0275 0.6372 1.7607 2.7046 
0.0383 0.6635 1.9219 2.6764 
0.0506 0.6894 2.0761 2.6544 
0.0659 0.7120 2.2202 2.6422 
0.0821 0.7315 2.3610 2.6338 
0.0997 0.7472 2.5107 2.6283 
0.1144 0.7465 2.6559 2.6365 
0.1208 0.7329 2.8198 2.6440 
0.1186 0.6940 2.9766 2.6757 
0.1199 0.6395 3.1595 2.7372 
0.1071 0.5835 3.3652 2.8196 
0.0794 0.5426 3.5808 2.9165 
0.0716 0.5234 3.7715 3.0176 
0.0472 0.5208 3.9660 3.0823 
0.0211 0.5272 4.1454 3.1048 
0.0072 0.5376 4.3124 3.0950 
0.0040 0.5503 4.4716 3.0662 
0.0103 0.5675 4.6438 3.0084 
0.0181 0.5907 4.8227 2.9332 
0.0303 0.6188 4.9957 2.8608 
0.0568 0.6520 5.1638 2.8018 
0.0778 0.6903 5.3286 2.7437 
0.0940 0.7299 5.4845 2.6923 
0.1114 0.7617 5.6213 2.6606 
0.1289 0.7852 5.7501 2.6409 
0.1488 0.8003 5.8798 2.6301 
0.1683 0.7952 6.0001 2.6360 
0.1882 0.7735 6.1211 2.6532 
0.2066 0.7435 6.2612 2.6697 
0.2176 0.7010 0.1439 2.6884 
0.2139 0.6482 0.3461 2.7111 
0.2028 0.6019 0.5719 2.7413 
0.1681 0.5699 0.8157 2.7690 
0.1436 0.5608 1.0369 2.7923 
0.1119 0.5695 1.2606 2.7946 
0.0915 0.5887 1.4519 2.7872 
0.0874 0.6076 1.6047 2.7945 
0.0981 0.6394 1.7741 2.7819 
0.1042 0.6761 1.9363 2.7559 
0.1095 0.7177 2.0950 2.7218 
0.1209 0.7598 2.2488 2.6936 
0.1397 0.7920 2.3895 2.6836 
0.1555 0.8146 2.5288 2.6759 
0.1649 0.8182 2.6631 2.6736 
0.1701 0.8014 2.8034 2.6769 
0.1796 0.7564 2.9577 2.7009 
0.1793 0.6920 3.1305 2.7349 
0.1634 0.6246 3.3235 2.7766 
0.1437 0.5634 3.5389 2.8448 
0.1155 0.5230 3.7704 2.9284 
0.0851 0.5092 3.9820 3.0003 
0.0673 0.5122 4.1648 3.0495 
0.0699 0.5263 4.3541 3.0491 
0.0650 0.5473 4.5403 3.0186 
0.0642 0.5733 4.7164 2.9727 
0.0733 0.6022 4.8775 2.9299 
0.0885 0.6360 5.0360 2.8847 
0.1061 0.6736 5.1887 2.8418 
0.1245 0.7132 5.3334 2.8040 
0.1431 0.7528 5.4708 2.7719 
0.1564 0.7887 5.6027 2.7434 
0.1722 0.8198 5.7316 2.7208 
0.1999 0.8465 5.8643 2.7086 
0.2185 0.8540 5.9873 2.7015 
0.2326 0.8422 6.1089 2.6993 
0.2383 0.8228 6.2608 2.6825 
0.2424 0.7799 0.1435 2.6757 
0.2493 0.7196 0.3179 2.6877 
0.2474 0.6566 0.5251 2.7048 
0.2408 0.6028 0.7552 2.7350 
0.2255 0.5691 0.9950 2.7702 
0.2041 0.5591 1.2242 2.7976 
0.1826 0.5703 1.4384 2.8051 
0.1698 0.5937 1.6282 2.8051 
0.1643 0.6242 1.8003 2.8016 
0.1673 0.6609 1.9626 2.7956 
0.1723 0.7041 2.1208 2.7817 
0.1828 0.7531 2.2781 2.7657 
0.1925 0.7934 2.4188 2.7578 
0.1987 0.8357 2.5667 2.7398 
0.2008 0.8542 2.6956 2.7324 
0.2085 0.8561 2.8303 2.7341 
0.2150 0.8285 2.9641 2.7489 
0.2190 0.7763 3.1072 2.7733 
0.2185 0.7095 3.2771 2.8010 
0.2111 0.6366 3.4730 2.8373 
0.1993 0.5731 3.6843 2.8857 
0.1817 0.5311 3.9139 2.9245 
0.1620 0.5104 4.1457 2.9437 
0.1342 0.5060 4.3819 2.9415 
0.1295 0.5145 4.5746 2.9210 
0.1335 0.5301 4.7568 2.9015 
0.1379 0.5459 4.8950 2.8882 
0.1498 0.5692 5.0477 2.8728 
0.1676 0.6011 5.2098 2.8546 
0.1851 0.6386 5.3670 2.8375 
0.2029 0.6840 5.5275 2.8211 
0.2213 0.7329 5.6808 2.8092 
0.2322 0.7792 5.8197 2.7965 
0.2402 0.8065 5.9348 2.7982 
0.2485 0.8288 6.0538 2.8008 
0.2580 0.8471 6.1798 2.8007 
0.2666 0.8555 0.0317 2.7978 
0.2701 0.8473 0.1791 2.7899 
0.2684 0.8162 0.3260 2.7844 
0.2693 0.7756 0.4787 2.7806 
0.2567 0.7232 0.6615 2.7679 
0.2482 0.6752 0.8537 2.7563 
0.2405 0.6361 1.0688 2.7381 
0.2398 0.6071 1.2667 2.7309 
0.2470 0.5931 1.4718 2.7206 
0.2558 0.5838 1.6630 2.7244 
0.2638 0.5853 1.8593 2.7269 
0.2830 0.5972 2.0598 2.7400 
0.2981 0.6139 2.2525 2.7612 
0.3022 0.6427 2.4466 2.7737 
0.3023 0.6803 2.6362 2.7872 
0.2937 0.7092 2.7907 2.8032 
0.2853 0.7372 2.9442 2.8236 
0.2754 0.7626 3.1055 2.8441 
0.2610 0.7754 3.2716 2.8617 
0.2432 0.7638 3.4323 2.8837 
0.2236 0.7367 3.5901 2.9045 
0.2049 0.7045 3.7512 2.9152 
0.1908 0.6725 3.9182 2.9106 
0.1803 0.6436 4.0922 2.8889 
0.1775 0.6234 4.2442 2.8609 
0.1874 0.6053 4.4148 2.8263 
0.2010 0.5902 4.5843 2.7966 
0.2175 0.5789 4.7399 2.7775 
0.2364 0.5710 4.8894 2.7666 
0.2573 0.5663 5.0383 2.7626 
0.2851 0.5661 5.2014 2.7665 
0.3125 0.5720 5.3869 2.7755 
0.3345 0.5858 5.5907 2.7882 
0.3489 0.6086 5.8011 2.8041 
0.3466 0.6520 6.0129 2.8043 
0.3454 0.6891 6.1909 2.8249 
0.3374 0.7192 0.0567 2.8469 
0.3288 0.7567 0.2093 2.8633 
0.3165 0.7934 0.3643 2.8688 
0.3002 0.8084 0.5069 2.8700 
0.2883 0.8135 0.6526 2.8636 
0.2787 0.8062 0.7900 2.8512 
0.2620 0.7850 0.9493 2.8262 
0.2531 0.7599 1.1047 2.7992 
0.2481 0.7360 1.2594 2.7675 
0.2508 0.7122 1.4122 2.7389 
0.2550 0.6886 1.5582 2.7150 
0.2685 0.6662 1.6999 2.7021 
0.2960 0.6447 1.8414 2.7054 
0.3357 0.6272 2.0139 2.7192 
0.3729 0.6116 2.2238 2.7447 
0.3964 0.6053 2.4986 2.7754 
0.4007 0.6161 2.7900 2.8089 
0.3871 0.6374 3.0288 2.8440 
0.3626 0.6619 3.2144 2.8803 
0.3336 0.6919 3.3805 2.9150 
0.3029 0.7219 3.5412 2.9398 
0.2723 0.7400 3.6981 2.9481 
0.2438 0.7422 3.8559 2.9386 
0.2207 0.7314 4.0169 2.9130 
0.2062 0.7134 4.1784 2.8750 
0.2015 0.6928 4.3321 2.8337 
0.2062 0.6712 4.4723 2.7983 
0.2134 0.6515 4.5762 2.7779 
0.2326 0.6315 4.6880 2.7619 
0.2628 0.6114 4.8113 2.7524 
0.2954 0.5915 4.9358 2.7532 
0.3259 0.5726 5.0702 2.7614 
0.3612 0.5577 5.2422 2.7778 
0.3938 0.5523 5.4936 2.7991 
0.4113 0.5658 5.8162 2.8235 
0.4067 0.6033 6.1074 2.8478 
0.3865 0.6421 0.0058 2.8728 
0.3685 0.7013 0.1643 2.8939 
0.3487 0.7605 0.2981 2.9075 
0.3270 0.8015 0.4162 2.9144 
0.3064 0.8295 0.5381 2.9099 
0.2956 0.8438 0.6600 2.8983 
0.2827 0.8244 0.7641 2.8902 
0.2726 0.8009 0.8831 2.8687 
0.2696 0.7756 1.0169 2.8357 
0.2721 0.7466 1.1629 2.7955 
0.2829 0.7136 1.3019 2.7631 
0.3038 0.6762 1.4064 2.7561 
0.3309 0.6372 1.4866 2.7670 
0.3645 0.6007 1.5963 2.7750 
0.4016 0.5661 1.7665 2.7826 
0.4402 0.5388 2.0757 2.7995 
0.4553 0.5448 2.6881 2.8259 
0.4321 0.5949 3.0646 2.8577 
0.3969 0.6472 3.2297 2.8901 
0.3605 0.6989 3.3487 2.9207 
0.3266 0.7444 3.4567 2.9477 
0.2955 0.7735 3.5583 2.9675 
0.2683 0.7900 3.6660 2.9738 
0.2461 0.7929 3.7862 2.9626 
0.2298 0.7813 3.9196 2.9342 
0.2203 0.7584 4.0621 2.8926 
0.2193 0.7256 4.1770 2.8656 
0.2278 0.6928 4.2859 2.8395 
0.2427 0.6619 4.3971 2.8106 
0.2658 0.6327 4.5104 2.7833 
0.3053 0.6038 4.5730 2.7880 
0.3473 0.5748 4.6391 2.7932 
0.3867 0.5456 4.7040 2.8016 
0.4323 0.5167 4.7063 2.8248 
0.4781 0.4962 4.0682 2.8516 
0.4572 0.5354 3.4332 2.8755 
0.4293 0.5834 3.4417 2.9059 
0.4014 0.6617 3.4850 2.9364 
0.3746 0.7354 3.5391 2.9577 
0.3492 0.7934 3.6004 2.9710 
0.3244 0.8367 3.6689 2.9762 
0.3002 0.8699 3.7506 2.9720 
0.2862 0.8982 3.8495 2.9593 
0.2777 0.9085 3.9558 2.9367 
0.2697 0.8975 4.0617 2.9071 
0.2628 0.8731 4.1670 2.8738 
0.2613 0.8422 4.2710 2.8406 
0.2619 0.8059 4.3631 2.8139 
0.2665 0.7686 4.4457 2.7934 
0.2871 0.7343 4.5216 2.7795 
0.3188 0.6989 4.5851 2.7748 
0.3584 0.6606 4.6200 2.7842 
0.4055 0.6230 4.5846 2.8121 
0.4464 0.5954 4.4121 2.8497 
0.4578 0.5976 4.0891 2.8889 
0.4350 0.6194 3.8973 2.9239 
0.4010 0.6607 3.8095 2.9593 
0.3625 0.7283 3.8003 2.9977 
0.3241 0.7904 3.8370 3.0217 
0.2906 0.8236 3.8893 3.0350 
0.2622 0.8443 3.9514 3.0361 
0.2410 0.8612 4.0379 3.0187 
0.2263 0.8675 4.1433 2.9828 
0.2189 0.8627 4.2508 2.9393 
0.2198 0.8492 4.3524 2.8972 
0.2274 0.8294 4.4391 2.8643 
0.2401 0.8071 4.5133 2.8387 
0.2665 0.7844 4.5690 2.8255 
0.2953 0.7592 4.6075 2.8219 
0.3188 0.7328 4.6278 2.8257 
0.3435 0.7063 4.6287 2.8360 
0.3714 0.6806 4.6024 2.8524 
0.3992 0.6609 4.5275 2.8764 
0.4195 0.6547 4.3928 2.9064 
0.4243 0.6691 4.2301 2.9394 
0.4127 0.7050 4.1023 2.9723 
0.3911 0.7602 4.0296 3.0003 
0.3637 0.8222 4.0120 3.0194 
0.3346 0.8762 4.0346 3.0302 
0.3110 0.9271 4.0853 3.0293 
0.2938 0.9560 4.1480 3.0185 
0.2797 0.9658 4.2155 2.9997 
0.2679 0.9638 4.2869 2.9741 
0.2620 0.9585 4.3690 2.9399 
0.2633 0.9450 4.4501 2.9059 
0.2710 0.9231 4.5207 2.8790 
0.2803 0.8963 4.5805 2.8578 
0.2994 0.8666 4.6166 2.8529 
0.3225 0.8340 4.6396 2.8546 
0.3451 0.7981 4.6569 2.8565 
0.3750 0.7629 4.6396 2.8709 
0.4105 0.7381 4.5440 2.9061 
0.4305 0.7360 4.3821 2.9484 
0.4203 0.7524 4.2506 2.9853 
0.3957 0.7770 4.1710 3.0159 
0.3647 0.8079 4.1295 3.0406 
0.3315 0.8415 4.1217 3.0594 
0.3013 0.8845 4.1504 3.0655 
0.2780 0.9224 4.2115 3.0523 
0.2632 0.9322 4.2668 3.0413 
0.2566 0.9345 4.3261 3.0250 
0.2563 0.9333 4.3943 2.9994 
0.2609 0.9283 4.4707 2.9659 
0.2708 0.9196 4.5528 2.9276 
0.2859 0.9054 4.6245 2.8966 
0.3040 0.8851 4.6698 2.8833 
0.3237 0.8620 4.6947 2.8817 
0.3456 0.8383 4.7060 2.8860 
0.3678 0.8147 4.7071 2.8926 
0.3817 0.7940 4.6944 2.9034 
0.3942 0.7768 4.6564 2.9233 
0.4082 0.7619 4.5978 2.9447 
0.4194 0.7621 4.5009 2.9733 
0.4190 0.7908 4.3856 3.0086 
0.4039 0.8333 4.3154 3.0374 
0.3821 0.8781 4.2926 3.0569 
0.3592 0.9158 4.3028 3.0659 
0.3383 0.9481 4.3351 3.0656 
0.3207 0.9775 4.3871 3.0545 
0.3126 1.0098 4.4617 3.0314 
0.3096 1.0153 4.5261 3.0119 
0.3095 1.0096 4.5849 2.9939 
0.3119 0.9982 4.6380 2.9782 
0.3165 0.9851 4.6918 2.9611 
0.3205 0.9680 4.7406 2.9459 
0.3220 0.9469 4.7775 2.9371 
0.3351 0.9255 4.8120 2.9323 
0.3556 0.9007 4.8311 2.9365 
0.3762 0.8741 4.8305 2.9483 
0.3984 0.8494 4.8051 2.9669 
0.4091 0.8285 4.7639 2.9871 
0.4064 0.8103 4.7193 3.0080 
0.4009 0.8108 4.6442 3.0389 
0.3855 0.8410 4.5717 3.0695 
0.3615 0.8737 4.5518 3.0861 
0.3388 0.9056 4.5684 3.0895 
0.3212 0.9252 4.6010 3.0865 
0.3080 0.9301 4.6300 3.0861 
0.2978 0.9332 4.6602 3.0851 
0.2925 0.9438 4.7088 3.0732 
0.2932 0.9581 4.7751 3.0498 
0.2973 0.9674 4.8399 3.0267 
0.3038 0.9659 4.8830 3.0178 
0.3189 0.9683 4.9414 3.0010 
0.3355 0.9669 4.9986 2.9846 
0.3499 0.9553 5.0297 2.9833 
0.3617 0.9411 5.0535 2.9841 
0.3635 0.9248 5.0680 2.9872 
0.3695 0.9077 5.0783 2.9927 
0.3839 0.8896 5.0749 3.0043 
0.3971 0.8732 5.0546 3.0201 
0.4036 0.8620 5.0199 3.0386 
0.4003 0.8553 4.9888 3.0544 
0.3916 0.8492 4.9643 3.0665 
0.3795 0.8565 4.9387 3.0808 
0.3650 0.8877 4.9269 3.0934 
0.3511 0.9203 4.9429 3.0970 
0.3400 0.9523 4.9774 3.0913 
0.3311 0.9500 5.0040 3.0897 
0.3253 0.9542 5.0350 3.0865 
0.3221 0.9659 5.0757 3.0776 
0.3216 0.9801 5.1249 3.0636 
0.3260 0.9949 5.1819 3.0466 
0.3273 0.9916 5.2185 3.0389 
0.3318 0.9839 5.2501 3.0354 
0.3456 0.9770 5.2891 3.0311 
0.3610 0.9620 5.3195 3.0300 
0.3622 0.9390 5.3297 3.0331 
0.3631 0.9148 5.3313 3.0405 
0.3660 0.8904 5.3223 3.0523 
0.3677 0.8689 5.3042 3.0660 
0.3660 0.8544 5.2772 3.0821 
0.3616 0.8560 5.2443 3.0988 
0.3536 0.8752 5.2247 3.1090 
0.3444 0.8951 5.2279 3.1126 
0.3370 0.9065 5.2414 3.1136 
0.3313 0.9162 5.2591 3.1123 
0.3270 0.9318 5.2845 3.1069 
0.3232 0.9282 5.2971 3.1087 
0.3210 0.9241 5.3079 3.1124 
0.3204 0.9358 5.3369 3.1058 
0.3210 0.9500 5.3723 3.0949 
0.3250 0.9631 5.4112 3.0837 
0.3305 0.9667 5.4411 3.0782 
0.3308 0.9601 5.4557 3.0778 
0.3313 0.9530 5.4701 3.0773 
0.3364 0.9455 5.4871 3.0768 
0.3430 0.9349 5.4978 3.0792 
0.3498 0.9223 5.4988 3.0854 
0.3573 0.9109 5.4847 3.0975 
0.3514 0.9007 5.4858 3.1000 
0.3481 0.8901 5.4848 3.1037 
0.3461 0.8823 5.4776 3.1100 
0.3435 0.8869 5.4646 3.1199 
0.3406 0.9098 5.4545 3.1274 
0.3369 0.9391 5.4592 3.1281 
0.3338 0.9477 5.4739 3.1267 
0.3318 0.9407 5.4856 3.1271 
0.3301 0.9297 5.4917 3.1296 
0.3256 0.9132 5.4872 3.1323 
0.3215 0.9093 5.4889 3.1341 
0.3197 0.9099 5.4951 3.1368 
0.3197 0.9201 5.5145 3.1323 
0.3279 0.9313 5.5429 3.1281 
0.3324 0.9313 5.5561 3.1280 
0.3354 0.9286 5.5650 3.1278 
0.3351 0.9242 5.5667 3.1298 
0.3326 0.9211 5.5665 3.1328 
0.3295 0.9191 5.5703 3.1345 
0.3269 0.9157 5.5775 3.1353 
0.3256 0.9077 5.5866 3.1354 
0.3250 0.8985 5.5917 3.1385 
0.3250 0.8909 5.5935 3.1433 
0.3252 0.8879 5.5929 3.1472 
0.3248 0.8925 5.5936 3.1488 
0.3239 0.9115 5.6017 3.1460 
0.3236 0.9370 5.6190 3.1398 
0.3237 0.9382 5.6280 3.1400 
0.3237 0.9244 5.6261 3.1463 
0.3241 0.9230 5.6313 3.1485 
0.3251 0.9231 5.6375 3.1504 
0.3202 0.9178 5.6341 3.1515 
0.3144 0.9155 5.6323 3.1526 
0.3119 0.9177 5.6373 3.1534 
0.3132 0.9200 5.6424 3.1568 
0.3092 0.9235 5.6473 3.1578 
0.3073 0.9280 5.6545 3.1589 
0.3114 0.9334 5.6561 3.1640 
0.3111 0.9415 5.6611 3.1660 
0.3090 0.9501 5.6724 3.1646 
0.3071 0.9579 5.6866 3.1625 
0.3048 0.9581 5.7066 3.1591 
0.3024 0.9271 5.7371 3.1542 
0.3043 0.9023 5.7490 3.1548 
0.3064 0.8923 5.7502 3.1584 
0.3079 0.9129 5.7543 3.1616 
0.3099 0.9487 5.7697 3.1613 
0.3117 0.9380 5.7743 3.1629 
0.3122 0.9178 5.7689 3.1678 
0.3120 0.9009 5.7586 3.1762 
0.3076 0.8855 5.7379 3.1860 
0.3044 0.8881 5.7299 3.1920 
0.3008 0.8963 5.7253 3.1973 
0.2980 0.9105 5.7267 3.2003 
0.2940 0.9295 5.7339 3.2000 
0.2886 0.9511 5.7442 3.1993 
0.2841 0.9735 5.7613 3.1963 
0.2822 0.9957 5.7800 3.1926 
0.2822 1.0168 5.8012 3.1859 
0.2817 1.0339 5.8239 3.1788 
0.2811 1.0437 5.8474 3.1716 
0.2806 1.0373 5.8714 3.1658 
0.2807 1.0117 5.8923 3.1641 
0.2816 0.9688 5.9059 3.1666 
0.2828 0.9300 5.9106 3.1718 
0.2836 0.9075 5.9107 3.1774 
0.2832 0.8886 5.9057 3.1826 
0.2812 0.8726 5.8959 3.1883 
0.2817 0.8660 5.8902 3.1989 
0.2820 0.8655 5.8860 3.2077 
0.2821 0.8712 5.8838 3.2142 
0.2738 0.8660 5.8588 3.2267 
0.2637 0.8747 5.8419 3.2368 
0.2574 0.8941 5.8364 3.2457 
0.2472 0.9215 5.8432 3.2471 
0.2366 0.9527 5.8649 3.2416 
0.2292 0.9817 5.8936 3.2342 
0.2249 1.0052 5.9263 3.2253 
0.2247 1.0258 5.9542 3.2189 
0.2263 1.0414 5.9811 3.2112 
0.2280 1.0438 6.0112 3.1998 
0.2286 1.0358 6.0394 3.1908 
0.2295 1.0013 6.0693 3.1814 
0.2311 0.9447 6.0930 3.1764 
0.2333 0.9017 6.1022 3.1799 
0.2356 0.8989 6.1044 3.1872 
0.2380 0.8878 6.1030 3.1954 
0.2399 0.8594 6.0892 3.2089 
0.2401 0.8432 6.0671 3.2244 
0.2369 0.8349 6.0338 3.2440 
0.2295 0.8436 5.9988 3.2651 
0.2195 0.8723 5.9730 3.2847 
0.2110 0.9217 5.9715 3.2934 
0.2052 0.9802 5.9918 3.2894 
0.1991 1.0350 6.0206 3.2802 
0.1942 1.0810 6.0531 3.2689 
0.1905 1.1139 6.0885 3.2552 
0.1864 1.1272 6.1277 3.2399 
0.1828 1.1209 6.1683 3.2244 
0.1806 1.1100 6.2024 3.2130 
0.1797 1.0885 6.2349 3.2015 
0.1793 1.0588 6.2644 3.1920 
0.1792 1.0241 0.0069 3.1853 
0.1795 0.9863 0.0282 3.1817 
0.1800 0.9489 0.0443 3.1816 
0.1805 0.9246 0.0549 3.1833 
0.1813 0.8844 0.0588 3.1902 
0.1820 0.8517 0.0526 3.2026 
0.1816 0.8201 0.0345 3.2225 
0.1794 0.7955 0.0026 3.2512 
0.1761 0.8044 6.2588 3.2778 
0.1701 0.8309 6.2332 3.3044 
0.1613 0.8729 6.2117 3.3313 
0.1537 0.9295 6.2082 3.3498 
0.1457 0.9934 6.2332 3.3477 
0.1390 1.0537 6.2667 3.3399 
0.1326 1.0996 0.0312 3.3210 
0.1256 1.1203 0.0907 3.2938 
0.1212 1.1248 0.1449 3.2703 
0.1209 1.1374 0.1809 3.2588 
0.1201 1.1380 0.2202 3.2447 
0.1190 1.1242 0.2624 3.2285 
0.1184 1.1039 0.3033 3.2135 
0.1182 1.0604 0.3491 3.1950 
0.1190 0.9939 0.3949 3.1766 
0.1216 0.9200 0.4297 3.1651 
0.1253 0.8664 0.4422 3.1703 
0.1294 0.8350 0.4323 3.1919 
0.1326 0.8216 0.4020 3.2265 
0.1332 0.8331 0.3576 3.2711 
0.1303 0.8763 0.3169 3.3146 
0.1247 0.9373 0.2877 3.3534 
0.1186 1.0061 0.2740 3.3833 
0.1140 1.0740 0.2819 3.3962 
0.1098 1.1362 0.2982 3.4022 
0.1022 1.1792 0.3325 3.3943 
0.0960 1.2074 0.3705 3.3826 
0.0918 1.2268 0.4106 3.3680 
0.0891 1.2400 0.4509 3.3519 
0.0851 1.2177 0.5103 3.3192 
0.0824 1.1930 0.5652 3.2894 
0.0801 1.1660 0.6170 3.2622 
0.0785 1.1314 0.6696 3.2336 
0.0777 1.0895 0.7222 3.2043 
0.0775 1.0413 0.7727 3.1769 
0.0776 0.9895 0.8181 3.1536 
0.0801 0.9339 0.8544 3.1365 
0.0835 0.8633 0.8784 3.1296 
0.0879 0.8114 0.8680 3.1513 
0.0921 0.7789 0.8214 3.2021 
0.0945 0.7756 0.7457 3.2761 
0.0937 0.8052 0.6607 3.3580 
0.0880 0.8689 0.5917 3.4277 
0.0792 0.9539 0.5649 3.4648 
0.0731 1.0240 0.5745 3.4712 
0.0677 1.0841 0.6016 3.4619 
0.0640 1.1308 0.6309 3.4494 
0.0621 1.1714 0.6565 3.4388 
0.0596 1.1969 0.6951 3.4161 
0.0564 1.1985 0.7516 3.3765 
0.0537 1.1797 0.8179 3.3266 
0.0531 1.1588 0.8766 3.2825 
0.0536 1.1243 0.9375 3.2358 
0.0551 1.0818 0.9924 3.1945 
0.0582 1.0253 1.0401 3.1591 
0.0627 0.9593 1.0688 3.1406 
0.0685 0.9024 1.0631 3.1523 
0.0753 0.8487 1.0102 3.2029 
0.0799 0.8305 0.9168 3.2869 
0.0812 0.8649 0.8215 3.3717 
0.0796 0.9234 0.7494 3.4376 
0.0767 0.9922 0.7034 3.4820 
0.0705 1.0640 0.6684 3.5183 
0.0645 1.1275 0.6621 3.5292 
0.0575 1.1779 0.6663 3.5312 
0.0529 1.2129 0.6893 3.5143 
0.0505 1.2392 0.7199 3.4889 
0.0475 1.2432 0.7658 3.4488 
0.0448 1.2278 0.8225 3.3980 
0.0428 1.1956 0.8862 3.3397 
0.0418 1.1590 0.9464 3.2840 
0.0412 1.1141 1.0055 3.2292 
0.0415 1.0580 1.0644 3.1745 
0.0428 0.9919 1.1165 3.1261 
0.0454 0.9182 1.1529 3.0929 
0.0495 0.8379 1.1622 3.0846 
0.0550 0.7583 1.1264 3.1156 
0.0601 0.7091 1.0344 3.1948 
0.0631 0.7114 0.8934 3.3149 
0.0619 0.7622 0.7490 3.4392 
0.0582 0.8520 0.6381 3.5380 
0.0526 0.9622 0.5772 3.5940 
0.0463 1.0677 0.5654 3.6060 
0.0423 1.1481 0.5852 3.5877 
0.0403 1.2037 0.6184 3.5557 
0.0385 1.2416 0.6583 3.5171 
0.0367 1.2602 0.7062 3.4706 
0.0355 1.2632 0.7586 3.4195 
0.0343 1.2336 0.8287 3.3518 
0.0336 1.1755 0.9072 3.2761 
0.0348 1.1157 0.9714 3.2140 
0.0372 1.0197 1.0399 3.1484 
0.0414 0.9177 1.0769 3.1127 
0.0471 0.8238 1.0600 3.1274 
0.0536 0.7652 0.9706 3.2065 
0.0579 0.7504 0.8237 3.3348 
0.0582 0.8016 0.6768 3.4635 
0.0556 0.8961 0.5704 3.5589 
0.0507 1.0065 0.5142 3.6112 
0.0470 1.1101 0.5044 3.6214 
0.0425 1.1908 0.5201 3.6084 
0.0385 1.2443 0.5528 3.5794 
0.0353 1.2791 0.5868 3.5491 
0.0330 1.3027 0.6205 3.5187 
0.0313 1.2959 0.6775 3.4660 
0.0296 1.2694 0.7381 3.4099 
0.0287 1.2076 0.8239 3.3291 
0.0277 1.1474 0.8994 3.2590 
0.0271 1.0808 0.9744 3.1898 
0.0272 1.0197 1.0345 3.1358 
0.0280 0.9509 1.0876 3.0893 
0.0297 0.8677 1.1341 3.0494 
0.0331 0.7872 1.1453 3.0434 
0.0378 0.7029 1.1085 3.0824 
0.0431 0.6366 0.9912 3.1937 
0.0458 0.6317 0.8022 3.3667 
0.0437 0.6975 0.6184 3.5369 
0.0390 0.8156 0.5046 3.6489 
0.0350 0.9448 0.4736 3.6862 
0.0313 1.0639 0.4840 3.6847 
0.0283 1.1608 0.5164 3.6620 
0.0258 1.2308 0.5624 3.6260 
0.0233 1.2696 0.6246 3.5744 
0.0210 1.2737 0.7031 3.5069 
0.0202 1.2618 0.7792 3.4411 
0.0197 1.2277 0.8658 3.3654 
0.0197 1.1890 0.9447 3.2975 
0.0203 1.1332 1.0253 3.2282 
0.0218 1.0583 1.1036 3.1617 
0.0245 0.9653 1.1671 3.1104 
0.0278 0.8578 1.2005 3.0892 
0.0336 0.7722 1.1566 3.1409 
0.0396 0.7149 1.0321 3.2654 
0.0427 0.7195 0.8547 3.4356 
0.0421 0.8117 0.7186 3.5684 
0.0392 0.9172 0.6347 3.6562 
0.0353 1.0272 0.5913 3.7080 
0.0315 1.1266 0.5801 3.7302 
0.0281 1.2081 0.5935 3.7289 
0.0249 1.2666 0.6274 3.7078 
0.0223 1.3146 0.6633 3.6845 
0.0205 1.3190 0.7361 3.6246 
0.0189 1.3163 0.8028 3.5704 
0.0179 1.3039 0.8732 3.5123 
0.0169 1.2775 0.9513 3.4467 
0.0160 1.2301 1.0437 3.3673 
0.0150 1.1639 1.1486 3.2754 
0.0151 1.1022 1.2426 3.1942 
0.0157 1.0259 1.3378 3.1124 
0.0171 0.9522 1.4104 3.0525 
0.0195 0.8526 1.4751 3.0009 
0.0235 0.7438 1.4883 2.9997 
0.0291 0.6359 1.4012 3.0940 
0.0344 0.5721 1.1677 3.3210 
0.0348 0.6081 0.9004 3.5760 
0.0309 0.7203 0.7099 3.7648 
0.0263 0.8666 0.6352 3.8480 
0.0228 1.0065 0.6503 3.8453 
0.0198 1.1119 0.6927 3.8152 
0.0177 1.1895 0.7486 3.7712 
0.0160 1.2504 0.8049 3.7261 
0.0149 1.2882 0.8725 3.6694 
0.0142 1.3065 0.9504 3.6022 
0.0139 1.3018 1.0421 3.5212 
0.0138 1.2710 1.1497 3.4247 
0.0144 1.2309 1.2538 3.3316 
0.0162 1.1574 1.3613 3.2361 
0.0000 0.0000 1.5708 3.2361 
0.0000 0.0000 1.5708 3.2361 
0.0000 0.0000 1.5708 3.2361 
0.0000 0.0000 1.5708 3.2361 
0.0000 0.0000 1.5708 3.2361 
0.0000 0.0000 1.5708 3.2361 
0.0000 0.0000 1.5708 3.2361 
0.0000 0.0000 1.5708 3.2361 
0.0000 0.0000 1.5708 3.2361 
0.0000 0.0000 1.5708 3.2361 
0.0000 0.0000 1.5708 3.2361 
0.0000 0.0000 1.5708 3.2361 
0.0000 0.0000 1.5708 3.2361 
0.0000 0.0000 1.5708 3.2361 
0.0000 0.0000 1.5708 3.2361 
0.0000 0.0000 1.5708 3.2361 
0.0000 0.0000 1.5708 3.2361 
0.0000 0.0000 1.5708 3.2361 
0.0000 0.0000 1.5708 3.2361 
0.0000 0.0000 1.5708 3.2361 
0.0000 0.0000 1.5708 3.2361 
0.0000 0.0000 1.5708 3.2361 
0.0000 0.0000 1.5708 3.2361 
0.0000 0.0000 1.5708 3.2361 
0.0000 0.0000 1.5708 3.2361 
0.0000 0.0000 1.5708 3.2361 
0.0000 0.0000 1.5708 3.2361 
0.0000 0.0000 1.5708 3.2361 
0.0000 0.0000 1.5708 3.2361 
0.0000 0.0000 1.5708 3.2361 
0.0000 0.0000 1.5708 3.2361 
0.0000 0.0000 1.5708 3.2361 
0.0000 0.0000 1.5708 3.2361 
0.0000 0.0000 1.5708 3.2361 
0.0000 0.0000 1.5708 3.2361 
0.0000 0.0000 1.5708 3.2361 
0.0000 0.0000 1.5708 3.2361 
0.0000 0.0000 1.5708 3.2361 
0.0000 0.0000 1.5708 3.2361 
0.0000 0.0000 1.5708 3.2361 
0.0000 0.0000 1.5708 3.2361 
0.0000 0.0000 1.5708 3.2361 
0.0000 0.0000 1.5708 3.2361 
0.0000 0.0000 1.5708 3.2361 
0.0000 0.0000 1.5708 3.2361 
