150 
0.931937 0.927013 1.219308 5.345488 
0.910535 0.893158 2.048284 5.333004 
0.898423 0.864888 2.205439 5.324793 
0.893029 0.843517 2.319276 5.319923 
0.891092 0.827860 5.580687 5.318183 
0.890975 0.816247 5.713663 5.319316 
0.892400 0.807555 5.853704 5.322711 
0.893847 0.800653 5.993192 5.327593 
0.893487 0.794592 6.129508 5.333363 
0.891748 0.788971 6.264548 5.340157 
0.889724 0.784456 0.118890 5.347576 
0.887473 0.781324 0.263775 5.355239 
0.884073 0.779384 0.418114 5.363142 
0.881525 0.777895 0.580167 5.371156 
0.879680 0.775993 0.746174 5.378863 
0.878701 0.773303 0.911846 5.386534 
0.877745 0.769993 1.070787 5.394687 
0.877347 0.766998 1.218778 5.403296 
0.879302 0.764972 1.359671 5.411784 
0.882493 0.763961 1.497309 5.419761 
0.885023 0.763579 1.634447 5.427839 
0.886482 0.763811 1.771871 5.436001 
0.885984 0.764391 1.909178 5.443872 
0.883167 0.765448 2.046056 5.451351 
0.880686 0.767673 2.181970 5.458580 
0.879551 0.771194 2.322558 5.465925 
0.878941 0.775247 5.616935 5.474030 
0.877435 0.778592 5.777144 5.483143 
0.874428 0.781370 5.936885 5.493320 
0.870788 0.784496 6.103094 5.504997 
0.868551 0.787645 0.009558 5.518668 
0.868755 0.790038 0.220898 5.534339 
0.869531 0.791058 0.457164 5.551234 
0.871199 0.788723 0.717103 5.568960 
0.875770 0.781101 0.965208 5.587083 
0.881457 0.769794 1.163199 5.604271 
0.886199 0.757674 1.321318 5.619128 
0.890740 0.745282 1.465124 5.630944 
0.897954 0.731737 1.605117 5.640075 
0.908734 0.715595 1.732915 5.647125 
0.921240 0.695581 1.841513 5.651865 
0.934637 0.667764 1.932208 5.654040 
0.952841 0.627011 2.003961 5.653642 
0.974507 0.552153 2.058456 5.651536 
0.995074 0.460319 2.098330 5.641357 
1.005016 0.382186 2.131256 5.611971 
1.000151 0.296780 2.154425 5.577642 
0.987148 0.231511 2.181294 5.537944 
0.960723 0.223060 2.200346 5.520413 
0.921920 0.250227 2.203501 5.536511 
0.885596 0.286991 2.197810 5.553007 
0.859153 0.354145 2.201082 5.559414 
0.840668 0.424398 2.204419 5.565036 
0.828755 0.480981 2.198283 5.562801 
0.823155 0.522256 2.184832 5.555825 
0.823568 0.549531 2.165284 5.544548 
0.829280 0.566137 2.149342 5.530272 
0.839795 0.575811 2.144530 5.512133 
0.851433 0.578990 2.161383 5.492103 
0.860587 0.578523 2.191602 5.470953 
0.866116 0.574986 2.230848 5.448513 
0.870021 0.571248 2.267864 5.425120 
0.874992 0.565140 2.308169 5.399461 
0.878696 0.557530 2.346819 5.372128 
0.881027 0.546600 5.525045 5.344611 
0.881950 0.531615 5.556465 5.316754 
0.883388 0.510453 5.583916 5.289094 
0.884790 0.479016 5.604811 5.261390 
0.887057 0.433604 5.620767 5.234202 
0.889265 0.365607 5.633875 5.207627 
0.894094 0.287831 5.644625 5.189934 
0.899098 0.230427 5.643555 5.176180 
0.899179 0.112777 5.588296 5.195719 
0.900156 0.027906 5.542455 5.295623 
0.909698 0.025494 5.513429 5.345330 
0.909704 0.093401 2.353094 5.360458 
0.909714 0.207919 2.334743 5.362195 
0.908368 0.276830 2.350147 5.332137 
0.906992 0.359990 5.517825 5.299538 
0.906014 0.429168 5.551201 5.261756 
0.902328 0.478052 5.588698 5.229430 
0.896994 0.515731 5.629791 5.198468 
0.890851 0.545202 5.675546 5.169236 
0.883153 0.569572 5.724506 5.140424 
0.873850 0.591301 5.777777 5.113004 
0.863368 0.610370 5.829144 5.086140 
0.851774 0.626832 5.873714 5.060257 
0.837498 0.640214 5.899378 5.035885 
0.821475 0.650330 5.898640 5.011850 
0.806304 0.656444 5.862083 4.988506 
0.794750 0.654203 5.780521 4.967098 
0.790802 0.639961 5.682493 4.949389 
0.795459 0.611380 5.618002 4.935166 
0.805305 0.571235 5.606890 4.924015 
0.818447 0.519866 5.629695 4.915760 
0.834371 0.461392 5.667618 4.910350 
0.853620 0.393457 5.711949 4.910602 
0.872439 0.324320 5.755254 4.909452 
0.898981 0.272881 5.779868 4.911634 
0.928391 0.215330 5.794302 4.931535 
0.941015 0.182419 5.805959 4.964728 
0.951232 0.215157 5.814248 5.004326 
0.966140 0.292574 5.818264 5.052813 
0.965794 0.380620 5.842293 5.099481 
0.950508 0.476822 5.894509 5.162464 
0.928727 0.586642 5.972435 5.218891 
0.905154 0.649914 6.071526 5.256359 
0.881116 0.691950 6.175846 5.286285 
0.860750 0.723465 0.016331 5.308811 
0.845990 0.747692 0.180442 5.327222 
0.837661 0.766060 0.425599 5.343407 
0.836966 0.776471 0.749862 5.356687 
0.841223 0.778619 1.060388 5.366008 
0.848745 0.775798 1.291296 5.371961 
0.854541 0.771420 1.452034 5.376808 
0.857207 0.767613 1.584378 5.381956 
0.856401 0.765341 1.713260 5.386999 
0.853510 0.764195 1.841220 5.391305 
0.849161 0.763536 1.967032 5.395524 
0.846426 0.763238 2.104635 5.400775 
0.847547 0.763469 2.263814 5.406727 
0.851314 0.764267 5.569389 5.412058 
0.853447 0.765541 5.725773 5.417410 
0.852332 0.767160 5.882261 5.423482 
0.850897 0.769085 6.049288 5.430508 
0.853054 0.771789 6.239044 5.438159 
0.857544 0.774363 0.158289 5.445335 
0.862784 0.775217 0.359017 5.450459 
0.866965 0.773786 0.543041 5.453477 
0.869454 0.771782 0.717387 5.455571 
0.868372 0.770068 0.890739 5.457955 
0.865332 0.768239 1.074059 5.460001 
0.864963 0.765657 1.262271 5.459862 
0.868859 0.762598 1.442621 5.458480 
0.874944 0.759613 1.608139 5.457570 
0.879676 0.756690 1.757911 5.456989 
0.880313 0.754050 1.889864 5.456245 
0.878643 0.752387 2.011884 5.454601 
0.879266 0.751606 2.133583 5.451587 
0.883186 0.750883 2.252337 5.447648 
0.888488 0.750586 5.504084 5.443618 
0.894448 0.752253 5.605659 5.439187 
0.902185 0.757744 5.705267 5.434075 
0.911766 0.768825 5.809214 5.428160 
0.921603 0.786612 5.919019 5.422207 
0.931890 0.809714 6.030723 5.415209 
0.945243 0.837397 6.149606 5.405752 
0.964502 0.870806 0.003475 5.393371 
0.000000 0.000000 0.000000 5.393371 
0.000000 0.000000 0.000000 5.393371 
