99 
-0.0035 0.0267 -3.6649 
-0.0179 0.0264 -3.6655 
-0.0101 0.0071 -3.6714 
-0.0208 0.0206 -3.6674 
-0.0079 0.0392 -3.6611 
-0.0105 0.0255 -3.6655 
-0.0193 0.0332 -3.6634 
-0.0038 0.0252 -3.6654 
-0.0147 0.0091 -3.6709 
-0.0098 0.0354 -3.6623 
-0.0186 0.0432 -3.6601 
-0.0062 0.0408 -3.6605 
-0.0046 0.0382 -3.6613 
-0.0104 0.0239 -3.6660 
-0.0241 0.0079 -3.6716 
-0.0177 0.0364 -3.6623 
-0.0145 0.0402 -3.6610 
-0.0275 0.0119 -3.6704 
-0.0311 0.0307 -3.6645 
-0.0007 0.0239 -3.6657 
-0.0185 0.0504 -3.6578 
-0.0144 0.0196 -3.6675 
-0.0235 0.0160 -3.6690 
-0.0280 0.0255 -3.6661 
-0.0185 0.0355 -3.6626 
-0.0040 0.0223 -3.6663 
-0.0024 0.0217 -3.6665 
-0.0220 0.0226 -3.6668 
-0.0330 0.0392 -3.6619 
-0.0094 0.0223 -3.6665 
-0.0039 0.0240 -3.6658 
-0.0287 0.0417 -3.6610 
-0.0222 0.0091 -3.6711 
-0.0021 0.0291 -3.6641 
-0.0070 0.0436 -3.6596 
-0.0023 0.0408 -3.6604 
-0.0107 0.0485 -3.6582 
-0.0221 0.0334 -3.6634 
-0.0244 0.0213 -3.6673 
-0.0238 0.0131 -3.6699 
-0.0277 0.0463 -3.6595 
-0.0198 0.0350 -3.6628 
-0.0154 0.0329 -3.6633 
-0.0180 0.0196 -3.6677 
-0.0031 0.0287 -3.6642 
-0.0326 0.0242 -3.6667 
-0.0219 0.0322 -3.6638 
-0.0039 0.0142 -3.6689 
-0.0314 0.0301 -3.6648 
-0.0227 0.0187 -3.6681 
-0.0226 0.0330 -3.6635 
-0.0095 0.0181 -3.6679 
-0.0114 0.0229 -3.6664 
-0.0044 0.0350 -3.6623 
0.0017 0.0331 -3.6627 
0.0201 0.0310 -3.6628 
0.0034 0.0291 -3.6639 
0.0136 0.0215 -3.6660 
0.0137 0.0041 -3.6716 
0.0099 0.0085 -3.6703 
0.0098 0.0251 -3.6650 
0.0026 0.0457 -3.6586 
0.0126 0.0298 -3.6634 
0.0097 0.0106 -3.6696 
0.0021 0.0321 -3.6630 
-0.0048 0.0117 -3.6697 
0.0018 0.0244 -3.6655 
0.0141 0.0181 -3.6671 
0.0098 0.0214 -3.6662 
0.0152 0.0353 -3.6615 
-0.0059 0.0345 -3.6625 
0.0127 0.0088 -3.6701 
0.0064 0.0397 -3.6604 
0.0225 0.0173 -3.6671 
0.0198 0.0411 -3.6595 
0.0006 0.0330 -3.6628 
0.0075 0.0057 -3.6713 
0.0146 0.0352 -3.6616 
-0.0031 0.0133 -3.6692 
0.0123 0.0224 -3.6658 
-0.0001 0.0134 -3.6690 
0.0204 0.0264 -3.6642 
0.0024 0.0390 -3.6608 
0.0010 0.0223 -3.6662 
0.0002 0.0216 -3.6664 
0.0197 0.0382 -3.6605 
0.0057 0.0424 -3.6596 
0.0242 0.0367 -3.6608 
0.0116 0.0484 -3.6575 
0.0207 0.0406 -3.6597 
0.0074 0.0379 -3.6610 
-0.0031 0.0130 -3.6693 
0.0184 0.0069 -3.6705 
0.0129 0.0163 -3.6677 
0.0108 0.0114 -3.6693 
0.0018 0.0267 -3.6647 
0.0117 0.0280 -3.6640 
0.0117 0.0336 -3.6622 
-0.0014 0.0240 -3.6657 
0.0043 0.0223 -3.6661 
