25
-0.14 -0.14 -0.05
-0.130625 -0.14 -0.0461939766256
-0.12125 -0.14 -0.0353553390593
-0.111875 -0.14 -0.0191341716183
-0.1025 -0.14 1.11022302463e-17
-0.093125 -0.14 0.0191341716183
-0.08375 -0.14 0.0353553390593
-0.074375 -0.14 0.0461939766256
-0.065 -0.14 0.05
-0.055625 -0.14 0.05
-0.04625 -0.14 0.05
-0.036875 -0.14 0.05
-0.0275 -0.14 0.05
-0.018125 -0.14 0.05
-0.00875 -0.14 0.05
0.000625 -0.14 0.05
0.01 -0.14 0.05
0.019375 -0.14 0.05
0.02875 -0.14 0.05
0.038125 -0.14 0.05
0.0475 -0.14 0.05
0.056875 -0.14 0.05
0.06625 -0.14 0.05
0.075625 -0.14 0.05
0.085 -0.14 0.05
