1480
0.0347291 0.999393 -0.00265436
0.034757 0.999381 -0.00548734
0.0347995 0.999344 -0.0100762
0.0348111 0.999316 -0.0124465
0.0347872 0.999303 -0.0135252
0.0347402 0.999282 -0.0151224
0.0347098 0.999261 -0.0165174
0.034733 0.999274 -0.015644
0.0347621 0.999297 -0.0140405
0.0347584 0.999284 -0.0149673
0.0347218 0.999218 -0.0189394
0.0346629 0.99913 -0.0231684
0.0346262 0.999059 -0.0261152
0.0346437 0.999029 -0.0272052
0.034689 0.999014 -0.0277118
0.0347458 0.998956 -0.0296744
0.0348352 0.998875 -0.032177
0.0349357 0.998862 -0.0324736
0.0349754 0.998927 -0.0303708
0.0349474 0.999008 -0.0276019
0.034913 0.999079 -0.0249417
0.0348954 0.999153 -0.0217855
0.0348718 0.999229 -0.0180344
0.0348401 0.999284 -0.0147464
0.0348061 0.999309 -0.0130512
0.0347588 0.999321 -0.0122288
0.0347092 0.999324 -0.0121506
0.0346745 0.99933 -0.0116945
0.0346448 0.999336 -0.0112588
0.0345655 0.999307 -0.0138199
0.0344187 0.99921 -0.0198531
0.0342926 0.999057 -0.0266129
0.0342355 0.998935 -0.0309324
0.0342198 0.998896 -0.0321981
0.0342235 0.998873 -0.0328881
0.0342315 0.998773 -0.0357742
0.0342832 0.998586 -0.040632
0.0344177 0.998468 -0.0433146
0.0346074 0.998503 -0.0423589
0.0347746 0.99856 -0.0408438
0.0348844 0.998559 -0.0407785
0.034982 0.998527 -0.0414783
0.0350466 0.998526 -0.041454
0.0350414 0.998605 -0.0395091
0.0349931 0.998733 -0.0361714
0.0349826 0.998863 -0.0323828
0.035003 0.998951 -0.0295168
0.0350143 0.998989 -0.0281898
0.0350171 0.998976 -0.02865
0.0350639 0.998919 -0.0305079
0.0351453 0.998874 -0.0318627
0.0351758 0.9989 -0.0310232
0.0351219 0.999009 -0.0273569
0.0350715 0.999106 -0.0236191
0.0350505 0.99916 -0.0212157
0.0350161 0.999214 -0.0186029
0.0349499 0.999272 -0.0152942
0.0348727 0.999323 -0.0116821
0.0347923 0.999368 -0.00727432
0.034724 0.999395 -0.00217113
0.034703 0.999396 0.00156533
0.0347255 0.999393 0.00266035
0.0347528 0.999394 0.00219232
0.0347781 0.999393 0.00177506
0.0348198 0.99939 0.00253391
0.0348043 0.999394 0.000544104
0.0346187 0.99938 -0.00645828
0.0343005 0.999291 -0.0155283
0.0339943 0.999135 -0.0239631
0.0337558 0.998928 -0.0316876
0.0335068 0.998663 -0.0393756
0.0333468 0.99841 -0.0454432
0.0334043 0.998234 -0.0491308
0.033646 0.998036 -0.0528342
0.0338946 0.997804 -0.0569089
0.0341538 0.997586 -0.0604657
0.0345794 0.997488 -0.0618149
0.0350532 0.997511 -0.0611833
0.0352723 0.997695 -0.0579645
0.0353277 0.997966 -0.0530635
0.0354849 0.998197 -0.0484181
0.0356892 0.99837 -0.0445435
0.0357646 0.998523 -0.0408991
0.035678 0.998645 -0.0378785
0.0355506 0.998726 -0.0358146
0.0354544 0.998798 -0.0338411
0.0354045 0.998894 -0.0309286
0.0353668 0.998992 -0.0276579
0.0353406 0.999075 -0.0245126
0.0352448 0.999186 -0.0196214
0.035066 0.999291 -0.0137368
0.0348934 0.999354 -0.00860388
0.0347652 0.999387 -0.00413639
0.034647 0.999399 0.00105639
0.0345742 0.999385 0.00585728
0.034575 0.999363 0.00880473
0.0346226 0.999354 0.00964104
0.0346844 0.999337 0.0110279
0.0347881 0.999306 0.013294
0.0349379 0.999278 0.0149503
0.035068 0.999292 0.0136384
0.0350923 0.99934 0.00937218
0.0349424 0.999385 0.00279877
0.0346211 0.999388 -0.00503419
0.0342025 0.999321 -0.0136745
0.0337108 0.999158 -0.0233985
0.0331951 0.998898 -0.0331892
0.0327296 0.998552 -0.0427017
0.0323896 0.998076 -0.0528732
0.0323755 0.997538 -0.0622127
0.0327448 0.997027 -0.0697427
0.0332325 0.996713 -0.0738874
0.0336875 0.996518 -0.0762668
0.0343722 0.99648 -0.0764606
0.0351453 0.996592 -0.0746256
0.0356868 0.996808 -0.0714118
0.0360733 0.997052 -0.0677204
0.0364725 0.997333 -0.0632201
0.036686 0.997652 -0.0578267
0.0365779 0.998034 -0.0508982
0.0363402 0.998416 -0.0429545
0.0361326 0.998703 -0.0358706
0.0359629 0.998872 -0.030996
0.0358304 0.99898 -0.027487
0.0355983 0.999116 -0.0223577
0.0352602 0.999261 -0.0153107
0.0349256 0.99936 -0.00769447
0.0346801 0.999398 -0.00134242
0.0345101 0.999398 0.0034596
0.0344023 0.999376 0.00794891
0.0343761 0.999321 0.0132426
0.0344332 0.999243 0.0180913
0.0344818 0.999159 0.0221756
0.0345343 0.99906 0.0262188
0.0347731 0.998987 0.0285607
0.0351689 0.998998 0.0276722
0.0354549 0.999078 0.02423
0.0355469 0.999159 0.0204368
0.0355038 0.999251 0.015395
0.0351983 0.999359 0.00648753
0.0345719 0.999388 -0.00531859
0.0338012 0.999281 -0.0171637
0.0330161 0.999034 -0.0290047
0.0322952 0.998618 -0.0414741
0.0317684 0.998068 -0.0533878
0.0314026 0.997397 -0.0649148
0.0312449 0.99662 -0.0759733
0.0316342 0.996006 -0.0834989
0.0325138 0.995592 -0.0879783
0.0336019 0.995241 -0.0914659
0.0347819 0.995096 -0.0925978
0.0358923 0.995334 -0.0895625
0.0367225 0.995747 -0.0844937
0.0371149 0.996089 -0.0801815
0.0372962 0.996466 -0.0752663
0.0375358 0.996999 -0.0677013
0.0375785 0.997657 -0.057178
0.0371992 0.998257 -0.0458089
0.0366191 0.998699 -0.0354909
0.0361164 0.998973 -0.0273713
0.0357479 0.999141 -0.0209634
0.0354167 0.999261 -0.0149289
0.0349802 0.999361 -0.00731823
0.0344935 0.999402 0.00225615
0.034171 0.999361 0.010445
0.0339514 0.999277 0.0170827
0.0337769 0.999154 0.0234575
0.0337451 0.998991 0.0296208
0.0339506 0.998814 0.0349014
0.034351 0.998676 0.0382942
0.0347177 0.998576 0.0405036
0.0350234 0.998546 0.0409722
0.0354426 0.998597 0.0393344
0.0359722 0.998663 0.0371198
0.036383 0.998741 0.0345437
0.0365255 0.99886 0.0307356
0.0363894 0.999042 0.0243235
0.0360487 0.99921 0.0167053
0.0355255 0.999334 0.00836584
0.034892 0.999391 -0.000422359
0.0342306 0.999368 -0.0095878
0.0337775 0.999289 -0.0167428
0.0336893 0.999223 -0.0204621
0.0338709 0.999208 -0.0208716
0.0341656 0.999244 -0.0185629
0.0345298 0.99934 -0.0112973
0.0347889 0.999389 0.00339404
0.0346472 0.999117 0.0237577
0.0339487 0.998219 0.0490591
0.0324714 0.996145 0.0814889
0.0302674 0.992397 0.119296
0.0279935 0.987531 0.154917
0.0259471 0.982346 0.185264
0.0234768 0.976891 0.212443
0.0204212 0.970488 0.240283
0.0178768 0.963004 0.268894
0.0168512 0.955527 0.294421
0.0168424 0.949153 0.314364
0.0170074 0.943762 0.330187
0.0172278 0.938786 0.34407
0.0178402 0.934236 0.356209
0.0190292 0.930266 0.366392
0.0213787 0.926742 0.375091
0.024612 0.924565 0.38023
0.0279802 0.923904 0.381601
0.0321354 0.924018 0.380996
0.0371684 0.924551 0.379242
0.0418105 0.926982 0.372769
0.0458758 0.931862 0.3599
0.0492143 0.938342 0.342187
0.0514746 0.945857 0.320477
0.0523637 0.954495 0.293595
0.0521512 0.964411 0.259215
0.050831 0.974266 0.219593
0.0482846 0.983138 0.176375
0.0447983 0.990733 0.128223
0.040892 0.996442 0.0736949
0.0369183 0.999192 0.0158703
0.032993 0.998572 -0.0420074
0.0291754 0.994485 -0.100736
0.0257402 0.986919 -0.159152
0.0230518 0.976925 -0.212333
0.0203204 0.966347 -0.25644
0.0172048 0.955823 -0.293439
0.0146767 0.945644 -0.324871
0.0130246 0.936416 -0.350649
0.0121171 0.92929 -0.369153
0.0116194 0.924771 -0.380346
0.0112252 0.922379 -0.386123
0.010796 0.921618 -0.387947
0.0101795 0.923164 -0.384271
0.00932743 0.926807 -0.375422
0.00859407 0.930858 -0.365279
0.00814151 0.934779 -0.355136
0.00782383 0.939404 -0.342723
0.00757236 0.94486 -0.327388
0.00742396 0.950372 -0.311027
0.00738662 0.955802 -0.293918
0.00784466 0.961218 -0.275678
0.00918043 0.966275 -0.257348
0.0110601 0.971184 -0.238073
0.0124961 0.976258 -0.216251
0.0131423 0.981703 -0.189964
0.0137718 0.987307 -0.158227
0.0146431 0.992526 -0.121154
0.0148128 0.99674 -0.0793054
0.0147809 0.999363 -0.0324695
0.0146916 0.999723 0.0183815
0.0144936 0.997461 0.0697226
0.0142474 0.992823 0.118739
0.0136377 0.986378 0.16393
0.0129299 0.978733 0.204732
0.0118918 0.970819 0.239519
0.0102023 0.963498 0.267523
0.0084163 0.956665 0.29107
0.00712237 0.950135 0.311759
0.0063509 0.944448 0.3286
0.00600356 0.939671 0.342028
0.00547833 0.935502 0.35328
0.00496883 0.93234 0.361549
0.00550182 0.930827 0.365419
0.00656268 0.92991 0.367728
0.00802373 0.928294 0.371761
0.0104995 0.926822 0.375355
0.0132641 0.92671 0.375542
0.0162548 0.928894 0.369989
0.0205766 0.932892 0.359568
0.0265059 0.938161 0.345184
0.0322148 0.944822 0.325998
0.0362254 0.952972 0.300886
0.0381768 0.96225 0.269478
0.0384133 0.971908 0.232205
0.0370311 0.981458 0.188065
0.034366 0.989995 0.136854
0.0312977 0.996328 0.0796879
0.0281706 0.999414 0.0194509
0.0252667 0.998895 -0.0396327
0.0226758 0.995102 -0.0962194
0.0205298 0.988443 -0.150195
0.0189328 0.979533 -0.200389
0.0167651 0.969388 -0.244962
0.0131024 0.959221 -0.282352
0.00967454 0.950011 -0.312067
0.00621438 0.942623 -0.333802
0.00288807 0.9377 -0.347434
-7.01211e-05 0.935191 -0.354144
-0.00188839 0.934309 -0.356458
-0.00262299 0.934695 -0.35544
-0.00249441 0.935754 -0.352645
-0.00123998 0.937737 -0.347343
0.00095934 0.940611 -0.339484
0.00382466 0.943302 -0.331913
0.00671127 0.945401 -0.32584
0.00936487 0.947482 -0.319671
0.0120049 0.949697 -0.31294
0.0147354 0.951781 -0.306424
0.0172719 0.954154 -0.298818
0.0186702 0.956977 -0.289561
0.0184333 0.960489 -0.277706
0.0174345 0.965956 -0.258117
0.0156617 0.972938 -0.230536
0.012092 0.98039 -0.196696
0.00849288 0.987588 -0.156834
0.00720484 0.993908 -0.109979
0.00646021 0.998373 -0.0566599
0.00525628 0.999984 0.00201458
0.00364835 0.998124 0.0611137
0.00175491 0.993326 0.11533
-0.000158887 0.986644 0.162892
-0.00236468 0.978701 0.205275
-0.00473709 0.97016 0.242421
-0.00611919 0.96146 0.274877
-0.00484404 0.953205 0.302287
-0.00181572 0.945832 0.32465
0.000591151 0.939393 0.342841
0.00241895 0.933792 0.357809
0.00592102 0.929666 0.368355
0.0115497 0.927393 0.373909
0.0167957 0.925904 0.377386
0.0212785 0.924595 0.380356
0.0268369 0.924479 0.380288
0.0335316 0.926237 0.375447
0.0397046 0.928405 0.369442
0.0446634 0.930859 0.362639
0.0490803 0.934874 0.351571
0.0532115 0.941307 0.333332
0.0565744 0.949425 0.308855
0.0571075 0.958046 0.280868
0.0550313 0.966585 0.25037
0.0520284 0.975401 0.214208
0.0489119 0.983836 0.172263
0.0466234 0.990877 0.126446
0.0444505 0.996021 0.0772481
0.042289 0.998843 0.0229047
0.0403641 0.998571 -0.0350322
0.0388581 0.995003 -0.0919722
0.0377476 0.988781 -0.144527
0.0369643 0.980522 -0.1929
0.0332416 0.971406 -0.235084
0.0274782 0.962735 -0.269047
0.0226784 0.955444 -0.2943
0.0190876 0.949827 -0.312193
0.0175656 0.945677 -0.324633
0.0177443 0.942766 -0.332983
0.0184568 0.941228 -0.337266
0.0189082 0.941166 -0.337416
0.0200216 0.941866 -0.335391
0.0228782 0.942595 -0.333153
0.027528 0.943212 -0.331049
0.032319 0.943394 -0.330095
0.0357765 0.943238 -0.330186
0.0378813 0.94353 -0.329114
0.0395898 0.943808 -0.328115
0.0406691 0.944182 -0.326906
0.0404477 0.945818 -0.322168
0.039079 0.949325 -0.311856
0.0371023 0.953903 -0.297812
0.0345569 0.960309 -0.276788
0.0300765 0.968796 -0.246026
0.0252905 0.977943 -0.207335
0.0221991 0.986253 -0.163746
0.0208659 0.993493 -0.111966
0.0189353 0.998481 -0.0517405
0.0166858 0.99982 0.00906929
0.0144878 0.997843 0.0640233
0.0123103 0.993256 0.115287
0.0101228 0.986207 0.165206
0.00816443 0.977167 0.212313
0.00853074 0.967676 0.252054
0.0088632 0.95847 0.285056
0.00967954 0.950302 0.31118
0.0123136 0.943591 0.330883
0.0167533 0.937987 0.346264
0.0219855 0.933081 0.358992
0.026639 0.9292 0.368615
0.0308321 0.926526 0.374965
0.0354276 0.924801 0.378797
0.0404818 0.924706 0.378524
0.0455202 0.926531 0.373455
0.0489079 0.929464 0.365656
0.0505289 0.932744 0.356981
0.0524696 0.936322 0.3472
0.0549957 0.940664 0.334853
0.0564254 0.94638 0.318091
0.0560216 0.953472 0.296231
0.0548473 0.961161 0.270484
0.0534925 0.968413 0.243545
0.0510694 0.975757 0.212813
0.0474298 0.983419 0.175034
0.0449635 0.990479 0.130117
0.0436803 0.995734 0.0812769
0.0425831 0.99865 0.0297589
0.0416647 0.998823 -0.0248502
0.0409588 0.995891 -0.0807627
0.0405353 0.990213 -0.133547
0.0392182 0.983157 -0.178507
0.0363416 0.975885 -0.21524
0.0339645 0.969041 -0.244552
0.0324207 0.962624 -0.268895
0.0319397 0.957139 -0.287864
0.0321142 0.953368 -0.300096
0.0329866 0.950832 -0.307944
0.0346352 0.948175 -0.315857
0.0366166 0.945203 -0.324422
0.0388227 0.943121 -0.330176
0.0414303 0.942268 -0.332287
0.0437359 0.941458 -0.334281
0.0453784 0.939573 -0.339327
0.0458163 0.936745 -0.347
0.0455371 0.93448 -0.35309
0.0451552 0.934216 -0.353838
0.0446155 0.935522 -0.350439
0.0429682 0.93806 -0.343799
0.0402815 0.94238 -0.332111
0.0371405 0.948838 -0.313571
0.033642 0.957291 -0.287163
0.029586 0.966897 -0.253446
0.02604 0.976706 -0.212995
0.0242201 0.985956 -0.165242
0.0220377 0.993474 -0.111907
0.0194669 0.998325 -0.054473
0.0166326 0.999848 0.0052151
0.0137225 0.997805 0.064778
0.0109497 0.992472 0.121978
0.00844819 0.984548 0.174911
0.00666127 0.975261 0.220956
0.00708683 0.965788 0.259238
0.00874055 0.956338 0.292132
0.011591 0.947089 0.320761
0.0155836 0.938907 0.343819
0.0209127 0.932586 0.360341
0.0266997 0.928734 0.369783
0.0325549 0.926956 0.373754
0.0383024 0.926254 0.374949
0.042742 0.926429 0.374035
0.0455881 0.927985 0.369819
0.0470817 0.9309 0.362227
0.0480198 0.934249 0.353373
0.0486111 0.937851 0.343615
0.0479146 0.942014 0.332134
0.0460748 0.946692 0.318829
0.0433492 0.952084 0.30275
0.0402247 0.958154 0.283412
0.0376172 0.964623 0.260934
0.0355293 0.971252 0.235388
0.0335752 0.97798 0.205978
0.0315001 0.984683 0.171484
0.0294985 0.990874 0.131522
0.0286198 0.995922 0.085556
0.0283379 0.998949 0.0360125
0.028235 0.999491 -0.0148281
0.0282347 0.997424 -0.065945
0.0283025 0.993056 -0.114186
0.0278282 0.987141 -0.157411
0.0274463 0.980318 -0.195508
0.0273442 0.973218 -0.228253
0.0274852 0.966851 -0.253856
0.0280217 0.96195 -0.271783
0.0288288 0.957562 -0.286783
0.0297426 0.952715 -0.302405
0.0303279 0.948055 -0.316658
0.0306617 0.944769 -0.3263
0.0308909 0.942292 -0.333363
0.0310263 0.939522 -0.34108
0.0310804 0.935945 -0.350773
0.0308319 0.932336 -0.360276
0.0302967 0.929803 -0.366807
0.0297538 0.92899 -0.368907
0.0294262 0.929904 -0.366622
0.0290835 0.931768 -0.361887
0.0284399 0.934741 -0.354189
0.0274812 0.939855 -0.340467
0.0259355 0.947734 -0.318005
0.0235072 0.957689 -0.286845
0.020436 0.967959 -0.250274
0.0174979 0.977789 -0.208862
0.0150633 0.986921 -0.160498
0.012239 0.994381 -0.105147
0.00930498 0.998877 -0.0464532
0.00647774 0.999899 0.0126345
0.00386782 0.997525 0.0702058
0.0015067 0.992031 0.125987
-0.000526274 0.983977 0.178296
-0.00179669 0.974335 0.225096
-0.00111205 0.964312 0.264767
0.000843694 0.954979 0.296673
0.0032222 0.947165 0.320731
0.00578823 0.941066 0.338173
0.00860017 0.936649 0.350165
0.0109622 0.933853 0.35749
0.0126868 0.93321 0.359108
0.0142157 0.934104 0.356717
0.0152897 0.934989 0.354347
0.0153087 0.935132 0.353969
0.0143819 0.936013 0.351671
0.0128938 0.938869 0.344033
0.0110795 0.94301 0.332579
0.00942656 0.946841 0.321562
0.0086043 0.949793 0.312761
0.00849201 0.952663 0.30391
0.00812421 0.956931 0.290201
0.00700491 0.962869 0.269877
0.00592255 0.969375 0.245514
0.00545118 0.976047 0.217491
0.00539433 0.98292 0.183956
0.00526101 0.989462 0.144695
0.00510046 0.994895 0.10079
0.00510661 0.998586 0.0529133
0.00506125 0.999987 0.00098131
0.00482845 0.9986 -0.0526761
0.0045145 0.994595 -0.103729
0.00434705 0.989003 -0.14783
0.00441146 0.982843 -0.184389
0.00424025 0.976251 -0.2166
0.00376012 0.969235 -0.24611
0.0031753 0.962598 -0.270915
0.00255184 0.95677 -0.290835
0.00188021 0.951341 -0.308133
0.00118021 0.945777 -0.324816
0.000634385 0.940379 -0.340128
0.000273234 0.935904 -0.352256
6.15301e-05 0.932514 -0.361135
7.70486e-05 0.929716 -0.368277
0.000543493 0.927432 -0.373991
0.00126749 0.926098 -0.377282
0.00229637 0.926186 -0.377059
0.0035914 0.92851 -0.371289
0.00468601 0.933 -0.359847
0.00535412 0.938222 -0.345993
0.00549415 0.944113 -0.329578
0.00511673 0.951621 -0.307233
0.00426543 0.960765 -0.277329
0.00281008 0.97033 -0.241768
0.000801155 0.979745 -0.200247
-0.00148457 0.988364 -0.152101
-0.00387948 0.995039 -0.0994056
-0.00628429 0.998983 -0.0446411
-0.00870994 0.999884 0.0125143
-0.0110528 0.99742 0.0709336
-0.0131199 0.991896 0.12637
-0.0147977 0.984102 0.176989
-0.0157885 0.974993 0.221673
-0.0159777 0.965319 0.260584
-0.0156447 0.95592 0.293209
-0.014741 0.947843 0.318396
-0.0131824 0.942249 0.334654
-0.011666 0.938841 0.344153
-0.0106978 0.936849 0.34957
-0.0100933 0.93574 0.352547
-0.00982132 0.935438 0.353355
-0.010245 0.936437 0.350685
-0.0112929 0.938615 0.344782
-0.0123949 0.941266 0.337438
-0.0130084 0.943232 0.33188
-0.0133762 0.94483 0.327287
-0.0140515 0.946978 0.320992
-0.0148303 0.949704 0.312799
-0.0153385 0.952671 0.303616
-0.0159199 0.956471 0.291394
-0.0163112 0.961363 0.274802
-0.0160268 0.967285 0.253185
-0.0153363 0.97367 0.227445
-0.0148698 0.980429 0.196313
-0.0148306 0.98718 0.15892
-0.0150272 0.993373 0.113948
-0.0152999 0.997966 0.0618873
-0.0157284 0.999857 0.00618699
-0.0163825 0.998725 -0.0477402
-0.0172456 0.995065 -0.0977183
-0.0182888 0.989513 -0.143281
-0.0195395 0.982505 -0.185206
-0.0209404 0.974679 -0.222625
-0.0224101 0.966908 -0.25414
-0.0237573 0.959633 -0.280251
-0.0246264 0.952613 -0.303187
-0.0249972 0.945712 -0.324043
-0.0255186 0.939562 -0.341427
-0.0260793 0.934305 -0.355519
-0.0256462 0.929867 -0.367001
-0.0238082 0.927014 -0.374271
-0.0216673 0.925589 -0.377909
-0.0199085 0.924945 -0.379579
-0.0175776 0.925454 -0.378453
-0.0147462 0.927444 -0.373672
-0.0125439 0.931012 -0.364774
-0.0114455 0.93576 -0.352451
-0.0106624 0.941654 -0.336413
-0.0100663 0.949055 -0.314949
-0.0100307 0.957367 -0.288699
-0.0108895 0.965931 -0.258571
-0.0125729 0.974398 -0.224478
-0.0144932 0.982579 -0.185281
-0.0163144 0.989987 -0.140213
-0.0180546 0.995731 -0.0905191
-0.0196753 0.999091 -0.0378061
-0.0210175 0.999651 0.0159846
-0.0219555 0.997327 0.0696949
-0.0224559 0.992192 0.122681
-0.0226306 0.984955 0.17132
-0.0226829 0.976985 0.212098
-0.0226857 0.969252 0.245024
-0.0225256 0.961793 0.27285
-0.0220137 0.955598 0.293851
-0.0213704 0.951348 0.307376
-0.0211627 0.948248 0.316826
-0.0214582 0.945485 0.324957
-0.0217943 0.943744 0.329957
-0.0220211 0.943329 0.331128
-0.0223863 0.943145 0.331628
-0.0230298 0.942571 0.333211
-0.0237405 0.941677 0.335679
-0.0243654 0.940902 0.337801
-0.024843 0.940588 0.33864
-0.0251302 0.941308 0.336613
-0.025055 0.943186 0.331321
-0.0246218 0.945881 0.323579
-0.0240997 0.948998 0.31436
-0.0235693 0.953274 0.301185
-0.0230447 0.959594 0.280442
-0.0227211 0.967579 0.251544
-0.0227945 0.976245 0.215467
-0.0233059 0.984921 0.171431
-0.0242309 0.992455 0.12019
-0.0256234 0.997489 0.0660264
-0.0273409 0.999557 0.0117192
-0.0293368 0.998638 -0.0431431
-0.0315033 0.994714 -0.0977312
-0.0336394 0.98834 -0.148504
-0.0356988 0.980311 -0.194207
-0.0376755 0.971317 -0.234785
-0.0392983 0.962021 -0.270133
-0.0403084 0.953027 -0.30019
-0.0405311 0.944947 -0.324704
-0.0398482 0.938443 -0.343129
-0.0386188 0.933464 -0.356586
-0.037204 0.929604 -0.366678
-0.0355778 0.926991 -0.373393
-0.0336456 0.925778 -0.376567
-0.0319269 0.925641 -0.377055
-0.0305027 0.926881 -0.374113
-0.0293449 0.929804 -0.366884
-0.0286489 0.9338 -0.356646
-0.0283881 0.937766 -0.346105
-0.0282588 0.941956 -0.334544
-0.0285149 0.947143 -0.319543
-0.0293533 0.953628 -0.299552
-0.0303792 0.960954 -0.275034
-0.0312685 0.968693 -0.246286
-0.0322553 0.976365 -0.21371
-0.0333552 0.983302 -0.1789
-0.0344394 0.989494 -0.140411
-0.0355127 0.994876 -0.0946604
-0.0365511 0.998455 -0.0418609
-0.0374009 0.999215 0.0130605
-0.0379749 0.997086 0.066167
-0.0382748 0.992454 0.116493
-0.0383724 0.98581 0.163421
-0.0382759 0.97807 0.204727
-0.0379887 0.970344 0.238724
-0.0377327 0.96332 0.265688
-0.0375075 0.957628 0.285556
-0.0373284 0.953572 0.298842
-0.0376829 0.950577 0.308194
-0.0384815 0.947457 0.317559
-0.0392383 0.944244 0.326901
-0.0398384 0.941971 0.333323
-0.0406482 0.940785 0.336559
-0.041769 0.939791 0.339188
-0.0428068 0.938838 0.341689
-0.0436011 0.938496 0.342526
-0.0442196 0.938478 0.342497
-0.0445271 0.938743 0.341729
-0.0440411 0.93996 0.33843
-0.0424928 0.942474 0.331569
-0.0405112 0.946285 0.320785
-0.038731 0.951613 0.30485
-0.037458 0.958409 0.28293
-0.036817 0.96639 0.254432
-0.0369653 0.975393 0.217353
-0.0378912 0.984516 0.171153
-0.0392338 0.992144 0.118791
-0.0408071 0.997173 0.0630948
-0.0426682 0.999069 0.00643277
-0.0448598 0.997721 -0.0504115
-0.0472176 0.993227 -0.106167
-0.049391 0.98623 -0.157829
-0.0511584 0.977934 -0.202556
-0.0526937 0.968713 -0.242524
-0.054038 0.958629 -0.279482
-0.0549528 0.948926 -0.310676
-0.0553215 0.940866 -0.334233
-0.0549756 0.934522 -0.351633
-0.0539074 0.929766 -0.364184
-0.0527415 0.926942 -0.371478
-0.0520342 0.92578 -0.374465
-0.0515972 0.925776 -0.374535
-0.0510843 0.926903 -0.371809
-0.050658 0.929601 -0.36507
-0.0506612 0.933712 -0.354423
-0.051112 0.938373 -0.341825
-0.0516984 0.94305 -0.328609
-0.0522345 0.947822 -0.314492
-0.0527115 0.952616 -0.299573
-0.0531756 0.957582 -0.283211
-0.0535769 0.963312 -0.262981
-0.053834 0.969643 -0.238525
-0.0540086 0.976115 -0.210435
-0.0541872 0.982537 -0.178002
-0.054294 0.988563 -0.140693
-0.0543063 0.993614 -0.0989004
-0.0542681 0.997143 -0.0525509
-0.0542533 0.998526 -0.0016016
-0.0543484 0.997231 0.0507622
-0.0545394 0.99355 0.0994142
-0.0550565 0.988231 0.142716
-0.0562417 0.981739 0.181729
-0.0574364 0.974648 0.216245
-0.0585459 0.967818 0.244745
-0.0600462 0.961819 0.267016
-0.061735 0.956527 0.285036
-0.0631857 0.951743 0.300321
-0.0646685 0.947501 0.313144
-0.0663608 0.943799 0.323791
-0.0681186 0.940532 0.332806
-0.0696684 0.937475 0.341008
-0.070706 0.934493 0.348888
-0.0711259 0.931986 0.355448
-0.0708745 0.930562 0.35921
-0.0696796 0.930207 0.36036
-0.0671303 0.930747 0.359448
-0.0633792 0.932514 0.355528
-0.0592009 0.935685 0.347835
-0.0550709 0.940256 0.335985
-0.0510728 0.946554 0.318475
-0.0478424 0.955001 0.292717
-0.0463558 0.965086 0.2578
-0.0467328 0.975453 0.215193
-0.0486723 0.984594 0.167945
-0.0510104 0.991769 0.117436
-0.0537731 0.996627 0.0619926
-0.0568121 0.998383 0.00195479
-0.0597792 0.996529 -0.0579348
-0.0624392 0.991549 -0.113719
-0.0647516 0.984137 -0.165169
-0.0668453 0.974784 -0.212902
-0.0692016 0.964317 -0.255545
-0.0716853 0.954037 -0.29099
-0.073904 0.945086 -0.318355
-0.0757283 0.938082 -0.338034
-0.0773386 0.932849 -0.351867
-0.0787845 0.929063 -0.361434
-0.0800828 0.927007 -0.366393
-0.0812218 0.927112 -0.365877
-0.0820743 0.928833 -0.361293
-0.0825983 0.9312 -0.355027
-0.0827764 0.9337 -0.348356
-0.0825729 0.93647 -0.340889
-0.0821199 0.94002 -0.331086
-0.0816418 0.944298 -0.318804
-0.0811363 0.948806 -0.305262
-0.0801731 0.953352 -0.29102
-0.0786201 0.957901 -0.276123
-0.0772852 0.962435 -0.26028
-0.0771058 0.967231 -0.241908
-0.0780659 0.972659 -0.218725
-0.0794005 0.978748 -0.189072
-0.0803795 0.985134 -0.151825
-0.0807271 0.990963 -0.107125
-0.0805548 0.995098 -0.0573703
-0.0804134 0.996744 -0.00598126
-0.0804923 0.995753 0.0446917
-0.0808445 0.992381 0.0929736
-0.0819814 0.987102 0.137508
-0.0840138 0.980596 0.177125
-0.0869372 0.973521 0.211422
-0.069599 0.959825 -0.271832
-0.069599 0.959825 -0.271832
-0.0993705 0.951896 0.289861
-0.102537 0.946414 0.306245
-0.105011 0.941395 0.320544
-0.106577 0.936101 0.335197
-0.107005 0.931171 0.348527
-0.106323 0.927788 0.357637
-0.104265 0.926296 0.362083
-0.100607 0.926157 0.363472
-0.0959853 0.926542 0.36374
-0.0912931 0.927178 0.363326
-0.0872552 0.928593 0.360696
-0.0837474 0.931676 0.353505
-0.0794237 0.936706 0.340989
-0.0735288 0.943035 0.324465
-0.0673358 0.950214 0.304237
-0.0625671 0.958308 0.278802
-0.0597007 0.96729 0.24655
-0.0589505 0.976491 0.207338
-0.0596328 0.984993 0.161963
-0.0617955 0.991931 0.110701
-0.0641327 0.996441 0.054707
-0.0664395 0.997787 -0.00280716
-0.0686205 0.995865 -0.0595281
-0.0706639 0.990876 -0.114769
-0.0724468 0.983295 -0.16698
-0.0748665 0.973965 -0.21398
-0.0777633 0.964058 -0.254059
-0.0812645 0.954588 -0.286634
-0.0840222 0.946393 -0.311899
-0.0861356 0.939931 -0.330318
-0.0881733 0.935534 -0.342054
-0.09043 0.933485 -0.347029
-0.0922731 0.93338 -0.346824
-0.0930395 0.93405 -0.34481
-0.0926121 0.934866 -0.342709
-0.0910267 0.936059 -0.339864
-0.088402 0.938058 -0.33501
-0.0852645 0.940791 -0.328088
-0.0826384 0.94364 -0.320491
-0.0806335 0.946145 -0.313541
-0.0785149 0.948141 -0.308
-0.0763375 0.949871 -0.30318
-0.0751237 0.952167 -0.296199
-0.0751854 0.956059 -0.283371
-0.0765195 0.96153 -0.263827
-0.0795704 0.967928 -0.238295
-0.0843794 0.974766 -0.206669
-0.0882511 0.981919 -0.167471
-0.090233 0.988676 -0.119907
-0.0907833 0.993609 -0.0670771
-0.0915903 0.995691 -0.0144845
-0.0925647 0.995058 0.0359397
-0.0937564 0.991871 0.0860352
-0.0951936 0.986219 0.135314
-0.0981788 0.978763 0.179956
-0.101775 0.970798 0.217239
-0.105477 0.962962 0.24815
-0.108959 0.95543 0.274376
-0.111874 0.948123 0.29757
-0.113508 0.941215 0.318168
-0.113351 0.935086 0.335805
-0.111591 0.930535 0.348786
-0.107965 0.927635 0.357543
-0.10326 0.925369 0.364731
-0.099428 0.923374 0.370803
-0.095528 0.922507 0.373973
-0.0891761 0.923626 0.372777
-0.0818426 0.926038 0.36845
-0.075807 0.928846 0.362627
-0.0700034 0.93279 0.353558
-0.0633813 0.938862 0.33841
-0.0572949 0.94649 0.317607
-0.0537096 0.954649 0.292849
-0.0526862 0.962799 0.265034
-0.0534654 0.970886 0.233501
-0.054761 0.978908 0.196827
-0.0561314 0.986636 0.152967
-0.058074 0.99311 0.101782
-0.0601241 0.997126 0.0460944
-0.062031 0.998019 -0.0104927
-0.0636324 0.99579 -0.0659786
-0.0648393 0.99069 -0.119704
-0.0656766 0.98321 -0.170249
-0.0681305 0.974356 -0.214449
-0.0711909 0.965507 -0.250457
-0.0736723 0.957525 -0.27878
-0.0746414 0.950604 -0.301298
-0.0751728 0.945262 -0.317534
-0.0758973 0.942218 -0.32629
-0.0761613 0.941213 -0.329117
-0.0756483 0.940957 -0.329966
-0.074648 0.940895 -0.33037
-0.0729104 0.941058 -0.330293
-0.0698814 0.941404 -0.329961
-0.0659017 0.942241 -0.328389
-0.0617894 0.943536 -0.325456
-0.0584349 0.944572 -0.323063
-0.0561783 0.945124 -0.321847
-0.0549952 0.945856 -0.319895
-0.0545698 0.947333 -0.315568
-0.0550396 0.949398 -0.309214
-0.0569874 0.95262 -0.298776
-0.0600865 0.957868 -0.280854
-0.0636895 0.965151 -0.253827
-0.0682187 0.973355 -0.218921
-0.0717486 0.98148 -0.177623
-0.0733009 0.988735 -0.130502
-0.0745153 0.994115 -0.0786305
-0.0762295 0.996808 -0.0237351
-0.0784219 0.996395 0.0323719
-0.0809314 0.99277 0.0886408
-0.0835027 0.986306 0.142225
-0.08621 0.9781 0.18944
-0.0887217 0.969314 0.229258
-0.0900886 0.960179 0.264462
-0.0901104 0.950848 0.296257
-0.0875326 0.942607 0.322225
-0.0816569 0.936832 0.340113
-0.0746566 0.932689 0.35287
-0.0694977 0.928893 0.363769
-0.0650922 0.926112 0.371591
-0.0593664 0.925694 0.373585
-0.0530492 0.927028 0.371221
-0.0483798 0.928391 0.368442
-0.0455696 0.929867 0.365062
-0.0436777 0.932485 0.358557
-0.0414233 0.936584 0.347986
-0.0395664 0.941215 0.335482
-0.0382035 0.946424 0.320658
-0.038135 0.952731 0.301413
-0.0395053 0.959645 0.278425
-0.0407568 0.966485 0.253468
-0.0398835 0.973444 0.225426
-0.0384422 0.980631 0.192053
-0.0388001 0.987754 0.151116
-0.0402337 0.99396 0.102105
-0.0414336 0.997989 0.0479639
-0.0425654 0.999063 -0.00777546
-0.0435181 0.997087 -0.0626393
-0.0441467 0.992375 -0.115078
-0.0445332 0.985549 -0.163429
-0.0452655 0.977562 -0.205729
-0.0469033 0.969634 -0.240021
-0.049267 0.962728 -0.265947
-0.0514154 0.957297 -0.284498
-0.0520896 0.953235 -0.297707
-0.0510163 0.950355 -0.306956
-0.0493507 0.948441 -0.313089
-0.0477517 0.947101 -0.317364
-0.0452887 0.945508 -0.322435
-0.0417988 0.943761 -0.327977
-0.0385068 0.942578 -0.33176
-0.0363418 0.941704 -0.334474
-0.0352697 0.940604 -0.337669
-0.0345388 0.939431 -0.340993
-0.0340807 0.938812 -0.34274
-0.0345063 0.938482 -0.3436
-0.0358371 0.939211 -0.341464
-0.037775 0.942402 -0.332342
-0.0403319 0.947927 -0.315923
-0.044025 0.955218 -0.29261
-0.0495992 0.963917 -0.261543
-0.0542838 0.973389 -0.222636
-0.0575695 0.982186 -0.178876
-0.0598026 0.989616 -0.130706
-0.0619145 0.995166 -0.076235
-0.0644511 0.997792 -0.0160202
-0.0672677 0.996679 0.0458949
-0.0700726 0.992258 0.102541
-0.0725647 0.985712 0.152005
-0.0746834 0.977318 0.198172
-0.0758692 0.967308 0.241989
-0.0767433 0.957287 0.278767
-0.0765714 0.948617 0.307021
-0.0733873 0.941482 0.328978
-0.0680466 0.93607 0.34517
-0.0629629 0.932273 0.356235
-0.0578056 0.929433 0.364435
-0.0519662 0.928083 0.368728
-0.0473384 0.928597 0.368058
-0.0454045 0.929893 0.365017
-0.0446762 0.931493 0.361005
-0.0437952 0.934195 0.354064
-0.042943 0.937733 0.344693
-0.0431865 0.941246 0.334948
-0.0446295 0.9448 0.324593
-0.0462318 0.94897 0.311958
-0.0473552 0.954112 0.295683
-0.0486239 0.9603 0.2747
-0.050347 0.966873 0.250243
-0.0520132 0.973416 0.223058
-0.0524896 0.980231 0.190766
-0.0515644 0.98709 0.151639
-0.0513104 0.993081 0.10563
-0.0519099 0.997132 0.055077
-0.052514 0.998619 0.00137288
-0.052975 0.997188 -0.052999
-0.0532711 0.993113 -0.104351
-0.0535994 0.987314 -0.149461
-0.0537708 0.980759 -0.187674
-0.0531578 0.973995 -0.220244
-0.0524523 0.967245 -0.248364
-0.0519885 0.961425 -0.270109
-0.0518848 0.956939 -0.285615
-0.0516897 0.953525 -0.296846
-0.0508471 0.950626 -0.306145
-0.0494213 0.947966 -0.314511
-0.0480197 0.945561 -0.321884
-0.0470324 0.943237 -0.328773
-0.0464842 0.940349 -0.33702
-0.0460429 0.937127 -0.345938
-0.0457364 0.934509 -0.352988
-0.0458626 0.93291 -0.357177
-0.046662 0.931786 -0.359997
-0.0477977 0.931434 -0.360757
-0.0490824 0.932798 -0.357041
-0.0508223 0.936235 -0.347681
-0.0530546 0.942014 -0.331353
-0.0556563 0.950522 -0.305632
-0.0585792 0.961053 -0.270084
-0.0614225 0.971708 -0.22806
-0.0635053 0.981354 -0.181416
-0.0662426 0.989351 -0.129599
-0.0694814 0.99496 -0.0722952
-0.0728514 0.997266 -0.0124037
-0.0761478 0.995943 0.0479481
-0.0793867 0.990977 0.10799
-0.0823769 0.982884 0.16478
-0.0845882 0.973207 0.213805
-0.084827 0.96338 0.254367
-0.0834042 0.953973 0.288062
-0.0809916 0.945292 0.316011
-0.0777049 0.938358 0.336817
-0.07374 0.933537 0.350816
-0.0699762 0.930951 0.358376
-0.0670822 0.930881 0.359112
-0.0652803 0.932234 0.355918
-0.0648457 0.93347 0.352746
-0.0660097 0.934391 0.350079
-0.0675283 0.936116 0.345147
-0.0685556 0.938493 0.338425
-0.0696292 0.941079 0.330942
-0.0716581 0.943341 0.323996
-0.0737923 0.945457 0.31728
-0.0753439 0.948206 0.308593
-0.0761523 0.952493 0.294885
-0.0763367 0.957483 0.278207
-0.0754682 0.963098 0.258352
-0.0741315 0.96983 0.232238
-0.0731818 0.977093 0.199836
-0.0725554 0.984295 0.160934
-0.072621 0.990731 0.114799
-0.0731612 0.995349 0.0626755
-0.0738528 0.997237 0.00805011
-0.074577 0.996147 -0.0461415
-0.0751789 0.992351 -0.0979139
-0.0755483 0.986581 -0.144742
-0.0754941 0.980135 -0.183402
-0.0751988 0.974027 -0.213581
-0.0750455 0.968037 -0.239319
-0.0750938 0.962295 -0.261436
-0.0751512 0.956968 -0.280295
-0.0752864 0.951849 -0.297178
-0.0755328 0.946962 -0.312341
-0.0758031 0.943503 -0.322576
-0.0761323 0.94058 -0.330927
-0.0766035 0.936433 -0.342381
-0.0770319 0.93148 -0.355542
-0.0771287 0.928693 -0.362739
-0.0770465 0.927961 -0.364626
-0.0768958 0.927679 -0.365374
-0.0766383 0.927232 -0.366561
-0.0761722 0.927825 -0.365157
-0.0756374 0.930901 -0.357354
-0.0752972 0.936339 -0.342928
-0.0753435 0.943492 -0.322716
-0.076039 0.951968 -0.296604
-0.0775039 0.961331 -0.264265
-0.0795225 0.9713 -0.224169
-0.0817676 0.980773 -0.177194
-0.0843809 0.988616 -0.12457
-0.0872147 0.993848 -0.0682552
-0.090127 0.995887 -0.00928669
-0.0930021 0.994384 0.0505163
-0.095691 0.98943 0.108957
-0.097967 0.981589 0.163968
-0.0995668 0.972065 0.212546
-0.10005 0.962363 0.252681
-0.0995416 0.953798 0.28348
-0.0983767 0.946631 0.30694
-0.0968094 0.941136 0.32387
-0.0953601 0.937546 0.334537
-0.0943587 0.935665 0.34004
-0.0937234 0.934985 0.342079
-0.0934232 0.935257 0.341417
-0.0938165 0.935653 0.340222
-0.0950792 0.935262 0.340947
-0.0969132 0.935615 0.339458
-0.0987328 0.937883 0.332607
-0.100146 0.940123 0.325791
-0.101291 0.940633 0.323959
-0.101711 0.9412 0.322177
-0.10153 0.943073 0.316709
-0.101132 0.946008 0.307964
-0.100437 0.949834 0.296188
-0.0993545 0.955047 0.27931
-0.0982873 0.962393 0.253257
-0.0976676 0.971446 0.216225
-0.0976546 0.980145 0.172567
-0.0981766 0.987166 0.125959
-0.0989811 0.992283 0.0746829
-0.100024 0.99481 0.0186387
-0.101172 0.994168 -0.0373442
-0.102273 0.990824 -0.0883597
-0.10326 0.985461 -0.134921
-0.104098 0.978783 -0.176487
-0.104895 0.971997 -0.210284
-0.105664 0.965679 -0.237273
-0.106594 0.959518 -0.260698
-0.10753 0.95353 -0.281456
-0.108154 0.948172 -0.298786
-0.108781 0.943169 -0.314004
-0.109834 0.937822 -0.329282
-0.110997 0.932348 -0.344103
-0.111664 0.927915 -0.355675
-0.111714 0.924899 -0.363431
-0.111285 0.922706 -0.369093
-0.110283 0.920854 -0.373987
-0.108438 0.919836 -0.377019
-0.106085 0.92022 -0.376751
-0.103982 0.922548 -0.371609
-0.10262 0.926933 -0.360922
-0.101592 0.932685 -0.346088
-0.100618 0.939873 -0.326367
-0.100286 0.949396 -0.297641
-0.10133 0.960335 -0.259786
-0.103547 0.970896 -0.215959
-0.106147 0.979849 -0.1692
-0.108832 0.987008 -0.118199
-0.111625 0.991819 -0.0619216
-0.114489 0.993424 -0.000522066
-0.117043 0.991286 0.0604464
-0.118946 0.986151 0.115576
-0.120158 0.978942 0.165027
-0.120803 0.970088 0.210563
-0.121016 0.960741 0.249662
-0.120726 0.952881 0.278285
-0.120247 0.947116 0.29751
-0.11973 0.943148 0.310058
-0.119368 0.941016 0.316606
-0.119396 0.9402 0.319011
-0.119732 0.939339 0.321412
-0.120157 0.938119 0.324801
-0.120597 0.937814 0.325517
-0.12103 0.938364 0.323765
-0.121546 0.937491 0.326093
-0.122177 0.935257 0.332215
-0.122681 0.933873 0.335902
-0.122922 0.933924 0.335672
-0.122929 0.934463 0.334166
-0.122629 0.935722 0.330737
-0.122092 0.938751 0.322241
-0.121507 0.943583 0.308039
-0.121007 0.949812 0.288469
-0.120754 0.957441 0.262155
-0.121164 0.966014 0.228334
-0.122008 0.974579 0.187912
-0.122754 0.982365 0.141034
-0.123779 0.988457 0.0873571
-0.125202 0.99166 0.0305899
-0.126884 0.991647 -0.0231821
-0.128723 0.988963 -0.0733727
-0.130663 0.984091 -0.120385
-0.132717 0.977277 -0.165274
-0.134928 0.969086 -0.206561
-0.137059 0.960367 -0.242714
-0.138887 0.952217 -0.272018
-0.140196 0.944787 -0.29618
-0.140792 0.938215 -0.316116
-0.140971 0.931958 -0.334037
-0.140794 0.926018 -0.350238
-0.140465 0.921145 -0.362989
-0.139538 0.918381 -0.370277
-0.138 0.916917 -0.374458
-0.135804 0.915583 -0.378504
-0.133178 0.915091 -0.38062
-0.131036 0.916705 -0.377467
-0.129555 0.919603 -0.370873
-0.128051 0.922857 -0.363232
-0.125856 0.927848 -0.351082
-0.124149 0.935428 -0.331
-0.123427 0.943625 -0.307143
-0.123173 0.951525 -0.28183
-0.123479 0.960126 -0.250821
-0.124645 0.969471 -0.211162
-0.126517 0.97803 -0.165685
-0.128638 0.984894 -0.115912
-0.130768 0.98956 -0.0605843
-0.13268 0.991158 -0.000965391
-0.134081 0.989284 0.0577792
-0.134943 0.984573 0.111386
-0.135398 0.978114 0.157988
-0.135655 0.970889 0.197414
-0.135602 0.963644 0.23022
-0.135284 0.956946 0.256812
-0.134879 0.951687 0.275862
-0.134597 0.947999 0.288412
-0.134513 0.945544 0.296399
-0.134652 0.943841 0.301716
-0.135013 0.942023 0.307186
-0.135566 0.93924 0.315356
-0.136155 0.93619 0.324054
-0.136791 0.933653 0.331029
-0.13752 0.931601 0.336465
-0.138227 0.92912 0.342971
-0.138682 0.926255 0.350455
-0.138665 0.924493 0.355085
-0.138209 0.924313 0.355731
-0.137487 0.925817 0.352081
-0.13655 0.929068 0.343784
-0.135564 0.934664 0.328673
-0.134924 0.942432 0.305969
-0.134958 0.951894 0.275109
-0.135753 0.961984 0.236975
-0.136964 0.971632 0.192803
-0.138427 0.979889 0.143721
-0.140193 0.985989 0.0904017
-0.142246 0.989248 0.033967
-0.144448 0.989238 -0.023293
-0.146573 0.986139 -0.0777632
-0.14855 0.980597 -0.127914
-0.150415 0.973414 -0.172745
-0.15238 0.965157 -0.212725
-0.154253 0.956126 -0.249055
-0.155685 0.94701 -0.280954
-0.156402 0.938642 -0.307392
-0.15667 0.931118 -0.329353
-0.15647 0.924635 -0.347228
-0.155512 0.920129 -0.359415
-0.154477 0.917146 -0.367396
-0.154183 0.914638 -0.373717
-0.153937 0.91269 -0.37855
-0.152446 0.91233 -0.380018
-0.150204 0.91361 -0.37783
-0.148227 0.915508 -0.373997
-0.147013 0.918221 -0.367773
-0.146262 0.922543 -0.357101
-0.145687 0.92857 -0.341369
-0.145205 0.935719 -0.321475
-0.144983 0.943691 -0.297368
-0.145367 0.952576 -0.267335
-0.14631 0.961721 -0.231701
-0.147371 0.969909 -0.1938
-0.148153 0.976881 -0.154124
-0.148722 0.9828 -0.109478
-0.149061 0.987048 -0.0593036
-0.149093 0.988791 -0.0080048
-0.14882 0.988014 0.0410028
-0.14831 0.985148 0.0865307
-0.147811 0.980786 0.127322
-0.147738 0.976153 0.159056
-0.148174 0.971823 0.183313
-0.148981 0.967472 0.204459
-0.150232 0.962532 0.225747
-0.152304 0.95678 0.247739
-0.155242 0.950756 0.268259
-0.158558 0.945584 0.284131
-0.161823 0.941355 0.296082
-0.16496 0.936663 0.308952
-0.167407 0.930517 0.325751
-0.16896 0.924095 0.342785
-0.169925 0.918777 0.356335
-0.170496 0.914577 0.366715
-0.170481 0.911072 0.375346
-0.169312 0.908973 0.380923
-0.166311 0.909721 0.380458
-0.16201 0.912986 0.374445
-0.15696 0.918344 0.363329
-0.152217 0.925407 0.347061
-0.148544 0.934286 0.324105
-0.145902 0.944874 0.29313
-0.145254 0.956022 0.254801
-0.147213 0.966626 0.209672
-0.149772 0.97584 0.159072
-0.152736 0.98251 0.106517
-0.156087 0.986316 0.0530766
-0.159924 0.987127 -0.00231683
-0.164077 0.984678 -0.059053
-0.168118 0.979184 -0.11373
-0.17197 0.97114 -0.165269
-0.175365 0.961401 -0.212028
-0.177981 0.951533 -0.250816
-0.180526 0.942559 -0.281055
-0.182719 0.934121 -0.306647
-0.18416 0.925865 -0.329938
-0.185023 0.918417 -0.349682
-0.18558 0.912661 -0.364157
-0.185886 0.908652 -0.373896
-0.186002 0.90604 -0.380124
-0.186038 0.904485 -0.383792
-0.186126 0.904578 -0.383531
-0.186437 0.906908 -0.377834
-0.186932 0.910142 -0.369728
-0.187587 0.913321 -0.361464
-0.188504 0.917159 -0.351122
-0.189818 0.922561 -0.335931
-0.191348 0.928643 -0.317817
-0.192965 0.934769 -0.29828
-0.194917 0.941163 -0.276078
-0.197622 0.9482 -0.248722
-0.200493 0.95531 -0.217223
-0.20232 0.961685 -0.18501
-0.203226 0.967362 -0.151361
-0.20406 0.972033 -0.116243
-0.204478 0.975368 -0.0827429
-0.203694 0.977614 -0.0527162
-0.201223 0.979229 -0.0249015
-0.197304 0.980341 -0.00148226
-0.192514 0.981191 0.0142474
-0.188025 0.981917 0.0220267
-0.183394 0.982719 0.025088
-0.178453 0.983614 0.0256489
-0.174374 0.984351 0.0254263
-0.172849 0.984656 0.0239785
-0.172968 0.984758 0.01828
-0.173334 0.98484 0.00675799
-0.174182 0.984695 -0.00599165
-0.17601 0.984279 -0.0146508
-0.178517 0.983738 -0.0197758
-0.181431 0.983091 -0.0248047
-0.184742 0.982342 -0.029578
-0.188975 0.981366 -0.0347741
-0.193375 0.980308 -0.0400397
-0.196696 0.979579 -0.0416636
-0.199895 0.979026 -0.0393605
-0.204297 0.978188 -0.0375551
-0.208565 0.9773 -0.03721
-0.211403 0.976743 -0.0358077
-0.213896 0.976349 -0.0314664
-0.21727 0.97577 -0.0258023
-0.221075 0.975045 -0.0203052
-0.224777 0.974324 -0.0129823
-0.228268 0.973593 -0.00325522
-0.231132 0.972903 0.00605955
-0.232922 0.972398 0.0137575
-0.234233 0.971921 0.0224736
-0.234594 0.971487 0.0343273
-0.233346 0.971197 0.048236
-0.231188 0.971071 0.0597828
-0.228903 0.971004 0.0689587
-0.225881 0.971035 0.0779045
-0.221129 0.971414 0.0863487
-0.215061 0.972234 0.0922532
-0.208048 0.973524 0.0946909
-0.200995 0.975108 0.0936283
-0.194003 0.976812 0.0905557
-0.187466 0.978561 0.0852973
-0.18215 0.980276 0.0766798
-0.178674 0.981627 0.0669686
-0.176879 0.982553 0.0574824
-0.175853 0.983281 0.0472608
-0.175077 0.98384 0.0375022
-0.175234 0.984133 0.0278323
-0.177378 0.984018 0.0156709
-0.181289 0.983427 0.00235845
-0.185248 0.982669 -0.00672943
-0.188582 0.981984 -0.0119861
-0.191476 0.981373 -0.015641
-0.194384 0.980732 -0.0194833
-0.196971 0.980139 -0.0230406
-0.199029 0.979675 -0.0249775
-0.201333 0.979215 -0.0245423
-0.204544 0.978575 -0.0235296
-0.208452 0.977782 -0.0221298
-0.211986 0.977058 -0.0205064
-0.214489 0.976569 -0.0175626
-0.216538 0.976202 -0.0118772
-0.218807 0.975753 -0.00537779
-0.221111 0.975249 0.000398983
-0.222553 0.974909 0.00473792
-0.223749 0.974604 0.00915845
-0.225597 0.97408 0.0165374
-0.227173 0.973443 0.0283003
-0.227244 0.973007 0.0402218
-0.22583 0.972928 0.0491174
-0.224232 0.972904 0.0563689
-0.222432 0.972845 0.0640089
-0.219322 0.973201 0.0691172
-0.215006 0.973959 0.0719416
-0.209552 0.97487 0.0756018
-0.203861 0.97575 0.0797014
-0.199213 0.976621 0.0807822
-0.195256 0.977754 0.0766308
-0.191436 0.979076 0.0690087
-0.187542 0.980381 0.0606662
-0.184053 0.98154 0.0520056
-0.182139 0.982352 0.0425494
-0.181808 0.982698 0.0353554
-0.182856 0.982707 0.0291814
-0.184544 0.982598 0.0210665
-0.186278 0.982431 0.011397
-0.188157 0.982131 0.00391481
-0.190788 0.981631 -0.00123455
-0.193714 0.981046 -0.0047907
-0.196297 0.98052 -0.00694219
-0.198047 0.980165 -0.00739589
-0.198898 0.979993 -0.00732277
-0.200205 0.979715 -0.00875926
-0.203352 0.97905 -0.0104304
-0.207051 0.978284 -0.00948095
-0.209533 0.977781 -0.00626456
-0.210644 0.977554 -0.00421411
-0.211599 0.977351 -0.00328956
-0.213425 0.976959 -0.000655522
-0.215812 0.97643 0.00322032
-0.217715 0.975986 0.00713918
-0.218719 0.975724 0.0111516
-0.219413 0.975483 0.0170715
-0.220164 0.975163 0.0241927
-0.221213 0.974727 0.031194
-0.221776 0.974363 0.0378455
-0.221261 0.974222 0.0440001
-0.218746 0.974517 0.0496691
-0.214592 0.975092 0.0560806
-0.210448 0.97563 0.0621073
-0.207941 0.975987 0.0648868
-0.20599 0.976442 0.06426
-0.202511 0.977321 0.0619152
-0.197683 0.978437 0.0598545
-0.193916 0.979332 0.0574921
-0.19248 0.979805 0.054163
-0.191673 0.98029 0.0478805
-0.190196 0.980982 0.0387296
-0.189018 0.981521 0.0298048
-0.189308 0.981631 0.0237324
-0.190735 0.981471 0.0183072
-0.192176 0.981265 0.0136741
-0.193728 0.980995 0.0108839
-0.195889 0.980579 0.00955181
-0.198376 0.980088 0.00864478
-0.200713 0.979621 0.00750642
-0.202303 0.979305 0.00592249
-0.202866 0.979194 0.00488872
-0.203123 0.979136 0.00588464
-0.203984 0.978941 0.00809676
-0.205082 0.978701 0.00930535
-0.205843 0.978542 0.00915981
-0.206308 0.978449 0.00865938
-0.20699 0.978299 0.00922669
-0.208189 0.978031 0.010582
-0.209489 0.977746 0.0112691
-0.21065 0.977483 0.0124101
-0.211704 0.977216 0.0151719
-0.212415 0.977 0.0187515
-0.212877 0.976829 0.0220946
-0.213178 0.976688 0.025219
-0.213558 0.976522 0.0282532
-0.213508 0.976426 0.0317232
-0.212755 0.97642 0.0365899
-0.211771 0.976398 0.0424178
-0.210894 0.976414 0.0462603
-0.209105 0.976746 0.0473619
-0.205985 0.977379 0.0479617
-0.203005 0.977977 0.0484701
-0.20119 0.978404 0.0474083
-0.199627 0.978874 0.0442009
-0.197747 0.979462 0.0393824
-0.19599 0.980033 0.0334994
-0.195187 0.980325 0.0294026
-0.196007 0.98019 0.0284472
-0.197624 0.979892 0.0275016
-0.198895 0.979751 0.022978
-0.199506 0.979737 0.0177068
-0.200209 0.979632 0.0154288
-0.201169 0.979444 0.0148488
-0.202471 0.979183 0.0143501
-0.204077 0.978843 0.0148032
-0.205462 0.97852 0.0168312
-0.205693 0.978431 0.0190767
-0.205399 0.978451 0.0211118
-0.205497 0.978367 0.0238409
-0.205482 0.97832 0.0258432
-0.204614 0.978507 0.0256368
-0.203746 0.978741 0.023516
-0.203633 0.978788 0.0225382
-0.203859 0.978721 0.0233656
-0.203773 0.978712 0.024492
-0.203617 0.97876 0.0238454
-0.203875 0.978778 0.0207041
-0.204531 0.978718 0.0166902
-0.205542 0.978538 0.0146696
-0.20626 0.978372 0.015643
-0.206428 0.978285 0.0185986
-0.206345 0.978253 0.0210488
-0.206571 0.978175 0.0224193
-0.206508 0.97816 0.0236281
-0.205685 0.978328 0.0238402
-0.204953 0.978505 0.0228535
-0.204555 0.978623 0.0213024
-0.20372 0.978848 0.018819
-0.20216 0.979253 0.013922
-0.20059 0.979651 0.00692076
-0.185858 0.901496 -0.390848
