1480
-0.000604338 -0.00131378 -7.40001
-0.000703111 -0.00128354 -7.39001
-0.000813325 -0.00125099 -7.38
-0.000924769 -0.00122556 -7.37
-0.00102275 -0.00122688 -7.35999
-0.0010795 -0.00125724 -7.34999
-0.00108599 -0.00130203 -7.34
-0.00107466 -0.00136331 -7.33
-0.00108351 -0.00145946 -7.32
-0.00110208 -0.00158292 -7.31
-0.00109113 -0.00169368 -7.3
-0.00103366 -0.00176367 -7.29001
-0.000940857 -0.00179317 -7.28001
-0.000836289 -0.00179479 -7.27
-0.000742238 -0.00178127 -7.26
-0.000666226 -0.00174921 -7.25001
-0.000611922 -0.0016806 -7.24
-0.000591169 -0.00157901 -7.23
-0.000607101 -0.0014762 -7.22
-0.000642343 -0.00139333 -7.21001
-0.000679937 -0.00133168 -7.20001
-0.000723601 -0.0012924 -7.19001
-0.000783938 -0.00128339 -7.18
-0.000859769 -0.00130766 -7.17
-0.000942131 -0.0013566 -7.16
-0.00101335 -0.00141955 -7.15
-0.0010487 -0.00148906 -7.14
-0.00104452 -0.00156134 -7.13001
-0.00101665 -0.00164131 -7.12
-0.000963361 -0.00172762 -7.11
-0.000874554 -0.00179097 -7.1
-0.000768038 -0.00179887 -7.09
-0.000673569 -0.00175543 -7.08
-0.000598979 -0.00169091 -7.06999
-0.000536921 -0.00163292 -7.06
-0.000488994 -0.00158741 -7.05
-0.000465368 -0.00153422 -7.04
-0.000472487 -0.00146175 -7.03001
-0.000510026 -0.00139404 -7.02
-0.000576094 -0.00135817 -7.01
-0.000660044 -0.00135252 -7
-0.000745613 -0.00136019 -6.99
-0.000826175 -0.00137384 -6.98001
-0.000892331 -0.00140291 -6.97
-0.000925614 -0.00146076 -6.96001
-0.000921425 -0.00155056 -6.95001
-0.000894281 -0.00166191 -6.94001
-0.000852632 -0.00177728 -6.93001
-0.000790819 -0.00187656 -6.92001
-0.000707399 -0.00193744 -6.91001
-0.00061695 -0.00194623 -6.90001
-0.000533463 -0.00190762 -6.89001
-0.00045852 -0.00184274 -6.88001
-0.00039391 -0.00177431 -6.87
-0.000350675 -0.00170361 -6.86001
-0.000339594 -0.00162283 -6.85001
-0.000359744 -0.00153919 -6.84001
-0.000402556 -0.00146114 -6.83
-0.000462462 -0.00139457 -6.82001
-0.000536207 -0.00135855 -6.81
-0.000617281 -0.00136809 -6.8
-0.00069475 -0.00141345 -6.79
-0.000759731 -0.00147589 -6.78
-0.000805074 -0.00154816 -6.77
-0.000824125 -0.00163942 -6.76
-0.000816088 -0.00175747 -6.75
-0.00077815 -0.00187897 -6.74
-0.000703657 -0.00196361 -6.73
-0.000605224 -0.00199635 -6.72
-0.000510561 -0.00198671 -6.71
-0.000426739 -0.00194236 -6.7
-0.000340987 -0.00186827 -6.69
-0.000255912 -0.00178001 -6.68
-0.000198449 -0.00169563 -6.67
-0.000188895 -0.0016174 -6.66
-0.000216576 -0.00154026 -6.65
-0.00026397 -0.00146858 -6.64
-0.000335875 -0.00140999 -6.63001
-0.0004291 -0.00137444 -6.62
-0.000515213 -0.00137596 -6.61
-0.0005838 -0.00142003 -6.6
-0.000653275 -0.0014972 -6.59001
-0.000730419 -0.00159284 -6.58001
-0.000792711 -0.00169408 -6.57001
-0.00080538 -0.00178986 -6.56
-0.000749169 -0.00186973 -6.55001
-0.000636069 -0.00192407 -6.54001
-0.000502724 -0.00194375 -6.53001
-0.000383621 -0.00192597 -6.52001
-0.000295162 -0.00188029 -6.51001
-0.000238464 -0.00182492 -6.50001
-0.000200601 -0.00176906 -6.49001
-0.000169379 -0.00170534 -6.48001
-0.000152188 -0.00163054 -6.47
-0.000160317 -0.0015606 -6.46001
-0.000189219 -0.00151174 -6.45001
-0.000233219 -0.00148034 -6.44001
-0.000291613 -0.00145531 -6.43001
-0.000360881 -0.00144282 -6.42
-0.000434469 -0.00146173 -6.41
-0.000499445 -0.00151967 -6.4
-0.000538544 -0.00160774 -6.39
-0.000543019 -0.00170791 -6.38
-0.000515299 -0.00179999 -6.37
-0.000468555 -0.00187352 -6.36
-0.00041317 -0.00192611 -6.35
-0.000346062 -0.00195838 -6.34
-0.000263139 -0.00197446 -6.33
-0.000168244 -0.0019673 -6.32
-7.7038e-05 -0.00192349 -6.31
-1.62944e-05 -0.00184434 -6.3
4.81251e-06 -0.00174476 -6.29
7.88048e-06 -0.00164279 -6.28
3.16812e-06 -0.00155313 -6.27
-2.78249e-05 -0.00148722 -6.26
-8.64437e-05 -0.00145231 -6.25
-0.000148732 -0.00144431 -6.24
-0.000210556 -0.00145405 -6.23
-0.000282312 -0.00148274 -6.22
-0.000348088 -0.00153881 -6.21
-0.000383563 -0.00162197 -6.2
-0.000389307 -0.00172058 -6.19
-0.000372309 -0.00181634 -6.18
-0.000326249 -0.00188777 -6.17
-0.000254282 -0.00192326 -6.16
-0.00017568 -0.00192974 -6.15001
-0.000101905 -0.00192011 -6.14001
-3.61317e-05 -0.00189746 -6.13001
1.23197e-05 -0.00185253 -6.12
3.67683e-05 -0.00177997 -6.11
5.26806e-05 -0.00169561 -6.1
7.80885e-05 -0.00162167 -6.09001
9.61496e-05 -0.00156345 -6.08
6.52874e-05 -0.00151783 -6.07
-2.77873e-05 -0.00148878 -6.06
-0.00014355 -0.00148046 -6.05
-0.000231544 -0.00149097 -6.04001
-0.000283944 -0.00152194 -6.03001
-0.00032485 -0.00158167 -6.02
-0.00035945 -0.00166633 -6.01
-0.000360294 -0.0017521 -6
-0.000305823 -0.00182056 -5.99
-0.000211481 -0.00187398 -5.98
-0.000111239 -0.00191231 -5.97
-2.48741e-05 -0.00192439 -5.96
5.00808e-05 -0.00190655 -5.95
0.000124043 -0.001865 -5.94
0.000195156 -0.00180876 -5.93
0.000247632 -0.00174642 -5.92
0.000270162 -0.00167542 -5.91
0.000261351 -0.00158699 -5.9
0.00021758 -0.00149462 -5.89
0.000137194 -0.00143419 -5.88
4.20626e-05 -0.00142288 -5.87
-3.31749e-05 -0.00144099 -5.86
-7.95873e-05 -0.00146589 -5.85
-0.0001168 -0.00150059 -5.84
-0.000155358 -0.00156374 -5.83
-0.000183819 -0.00166619 -5.82
-0.000189282 -0.00179096 -5.81
-0.000163438 -0.00189426 -5.8
-0.00010285 -0.00194104 -5.79001
-1.44671e-05 -0.00193573 -5.78
9.04381e-05 -0.00191849 -5.77
0.000203231 -0.00191883 -5.76
0.000308461 -0.00191336 -5.75
0.000385382 -0.00186361 -5.74001
0.000422125 -0.00177006 -5.73
0.000421343 -0.00166068 -5.72
0.000394919 -0.00156544 -5.71
0.000347663 -0.00149839 -5.7
0.000268006 -0.00144934 -5.69
0.000159063 -0.00141001 -5.68001
5.77064e-05 -0.00139301 -5.67
-5.81315e-06 -0.00140851 -5.66
-4.02809e-05 -0.00145107 -5.65
-6.17701e-05 -0.00151681 -5.64001
-6.58822e-05 -0.00160626 -5.63001
-4.83103e-05 -0.0017118 -5.62
-1.7534e-05 -0.0018212 -5.61
2.53054e-05 -0.0019225 -5.6
9.05222e-05 -0.00199952 -5.59001
0.000179069 -0.00203954 -5.58
0.000272007 -0.00203601 -5.57
0.000348457 -0.00198262 -5.56
0.000405182 -0.0018885 -5.55
0.000448231 -0.00177873 -5.54
0.000472131 -0.00166939 -5.53001
0.000472544 -0.00156673 -5.52
0.000451519 -0.00147818 -5.51
0.000395925 -0.00141468 -5.5
0.000300888 -0.00139083 -5.49
0.000205869 -0.00140937 -5.48
0.000152344 -0.00144585 -5.47
0.000130213 -0.00147778 -5.46
0.000102862 -0.00152296 -5.45
6.39214e-05 -0.00161457 -5.44
4.41566e-05 -0.00174023 -5.43
7.29762e-05 -0.00185061 -5.42
0.000145881 -0.00192119 -5.41
0.000231791 -0.00196737 -5.4
0.000310781 -0.00199273 -5.39
0.000384844 -0.00197146 -5.38001
0.000455512 -0.00190056 -5.37
0.00051471 -0.00180897 -5.36
0.000554476 -0.00171261 -5.35
0.000574793 -0.001618 -5.34001
0.000580463 -0.00154071 -5.33
0.000569187 -0.00148352 -5.32
0.000527444 -0.00143462 -5.31
0.000447093 -0.00139409 -5.3
0.000343057 -0.0013781 -5.29
0.000248312 -0.00139833 -5.28001
0.000191638 -0.00144634 -5.27
0.000176156 -0.00151245 -5.26
0.000179731 -0.00160099 -5.25001
0.000187089 -0.00169525 -5.24001
0.000208595 -0.00176148 -5.23001
0.000260713 -0.00180723 -5.22001
0.000349321 -0.00185232 -5.21
0.000459587 -0.00187071 -5.20001
0.000560814 -0.00183571 -5.19001
0.000636494 -0.00177022 -5.18001
0.000691255 -0.0017063 -5.17001
0.000722892 -0.00164556 -5.16001
0.00071677 -0.00157811 -5.15
0.00067058 -0.0015067 -5.14
0.00060365 -0.00144465 -5.13
0.000539269 -0.00140448 -5.12
0.000487262 -0.00138996 -5.11
0.000435418 -0.00140227 -5.1
0.000359694 -0.0014488 -5.09
0.00026515 -0.00152871 -5.08
0.000197574 -0.00161883 -5.07
0.000195638 -0.00169237 -5.06
0.000257511 -0.00174378 -5.05
0.000355488 -0.00178156 -5.04
0.000458082 -0.00180864 -5.03
0.000543883 -0.00182035 -5.02
0.000612544 -0.00181118 -5.01
0.000681425 -0.00177511 -5
0.000756275 -0.00171061 -4.99
0.000815794 -0.00162512 -4.98
0.000839537 -0.00153662 -4.97
0.000831388 -0.00146623 -4.96
0.000800981 -0.00141892 -4.95
0.0007423 -0.00138383 -4.94
0.000650581 -0.00136087 -4.93
0.000547656 -0.00136503 -4.92
0.000466549 -0.00139985 -4.91
0.000420106 -0.0014535 -4.9
0.000404656 -0.00151957 -4.89001
0.000414206 -0.00159837 -4.88
0.000438882 -0.00168165 -4.87
0.000470898 -0.00175267 -4.86
0.000508871 -0.00180404 -4.85001
0.000554792 -0.00183758 -4.84001
0.000620354 -0.00184738 -4.83001
0.000711892 -0.00182753 -4.82001
0.000808855 -0.00178504 -4.81001
0.000882774 -0.00172346 -4.8
0.000927851 -0.00163983 -4.79
0.000950924 -0.00154508 -4.78001
0.000949432 -0.00145582 -4.77
0.000914531 -0.00137694 -4.76
0.000845719 -0.00131059 -4.75
0.000753962 -0.00126647 -4.74
0.000657625 -0.00125518 -4.73
0.000573038 -0.00128441 -4.72
0.000506331 -0.00135154 -4.71
0.000456406 -0.00143553 -4.7
0.000426682 -0.00151583 -4.69
0.000431681 -0.00159121 -4.68
0.000481844 -0.0016715 -4.67
0.000566488 -0.00175778 -4.66
0.000661262 -0.00182571 -4.65
0.000750433 -0.00184531 -4.64
0.000835864 -0.00182045 -4.63
0.000918236 -0.00176935 -4.62
0.000980263 -0.00169184 -4.61
0.00101136 -0.00159433 -4.6
0.00102342 -0.00149853 -4.59
0.00102641 -0.00141021 -4.58
0.00101539 -0.00132337 -4.57
0.00098185 -0.00124772 -4.56001
0.000914313 -0.00120066 -4.55
0.000813532 -0.00118798 -4.54
0.000706232 -0.00120784 -4.53001
0.000621325 -0.00125435 -4.52
0.000570196 -0.00131545 -4.51
0.000554467 -0.00138387 -4.5
0.000572362 -0.00146025 -4.49001
0.000620949 -0.00153449 -4.48001
0.000691835 -0.00159186 -4.47
0.000770408 -0.00162984 -4.46
0.000845982 -0.00164478 -4.45
0.000916121 -0.00163129 -4.44
0.000978832 -0.00159703 -4.43
0.00102522 -0.00154526 -4.42
0.00104965 -0.00147112 -4.41
0.00105695 -0.00138449 -4.4
0.00104455 -0.00129961 -4.39
0.00100389 -0.00122211 -4.38
0.000946675 -0.00116074 -4.37
0.000896731 -0.00112808 -4.36
0.000859912 -0.00112771 -4.35
0.0008205 -0.00115574 -4.34
0.000767574 -0.00121101 -4.33
0.000716805 -0.00128952 -4.32
0.000690645 -0.00137267 -4.31
0.000693269 -0.00144225 -4.3
0.000726455 -0.00149719 -4.29
0.000797519 -0.00154279 -4.28
0.000895463 -0.00157478 -4.27
0.000990175 -0.00158681 -4.26
0.00106503 -0.00158011 -4.25
0.00112616 -0.00155397 -4.24
0.00118095 -0.00150071 -4.23
0.00122655 -0.00142039 -4.22
0.00124897 -0.00132611 -4.21
0.00123108 -0.00123431 -4.20001
0.00117417 -0.00115718 -4.19001
0.00110136 -0.00110354 -4.18001
0.00102711 -0.00107997 -4.17001
0.0009439 -0.00109339 -4.16
0.000855625 -0.00114566 -4.15
0.000795175 -0.00121999 -4.14
0.000783119 -0.00128823 -4.13
0.00080102 -0.00134088 -4.12
0.000828256 -0.00138997 -4.11
0.000871972 -0.00143787 -4.1
0.000943048 -0.00147588 -4.09
0.00103157 -0.00150275 -4.08
0.00111923 -0.00151679 -4.07
0.00119145 -0.00149791 -4.06
0.00123883 -0.00142567 -4.05
0.00126296 -0.00131082 -4.04
0.00127666 -0.00119198 -4.03
0.00129012 -0.00110031 -4.02
0.00129595 -0.0010426 -4.01
0.00126947 -0.00101244 -4
0.00119351 -0.00100188 -3.99
0.00108684 -0.00100719 -3.98
0.000993231 -0.00102957 -3.97
0.000937106 -0.00106661 -3.96
0.00090545 -0.00111375 -3.95
0.000878144 -0.00117049 -3.94
0.000861081 -0.00123781 -3.93
0.000876643 -0.00131369 -3.92
0.000936139 -0.0013905 -3.91
0.00102959 -0.00145073 -3.9
0.00113459 -0.00148179 -3.89
0.00123542 -0.00148614 -3.88
0.00132953 -0.00145943 -3.87
0.0014098 -0.00139227 -3.86
0.00146124 -0.00129929 -3.85
0.00148247 -0.00120594 -3.84
0.00148667 -0.00111677 -3.83
0.00146884 -0.00103196 -3.82
0.00140488 -0.000965225 -3.81
0.00130386 -0.000922017 -3.80001
0.0012054 -0.000896823 -3.79001
0.00111601 -0.000904827 -3.78001
0.0010183 -0.000968926 -3.77
0.000928544 -0.00106726 -3.76
0.000881042 -0.00115002 -3.75
0.000886527 -0.00120707 -3.74
0.000938858 -0.00126521 -3.73
0.001024 -0.00133435 -3.72
0.00111916 -0.00139783 -3.71
0.00121217 -0.00143611 -3.7
0.00130399 -0.00143013 -3.69
0.00139212 -0.00137091 -3.68
0.00147306 -0.00128309 -3.67
0.00154186 -0.00119758 -3.66
0.0015849 -0.00111544 -3.65
0.00158924 -0.00103185 -3.64
0.00154829 -0.000956087 -3.63
0.00146445 -0.000895795 -3.62
0.00136157 -0.000854656 -3.61
0.00127086 -0.000835901 -3.6
0.00119884 -0.00083752 -3.59
0.00113059 -0.0008612 -3.58
0.00106174 -0.000915462 -3.57
0.00101076 -0.00099295 -3.56
0.00100146 -0.00107038 -3.55
0.00104358 -0.00114182 -3.54
0.00113026 -0.00121951 -3.53
0.0012445 -0.00129708 -3.52
0.00136026 -0.00134482 -3.51
0.00145144 -0.00134486 -3.5
0.00151399 -0.00130916 -3.49
0.00156503 -0.00125216 -3.48
0.00161244 -0.00116894 -3.47
0.00164308 -0.00105578 -3.46
0.00164239 -0.000930609 -3.45
0.00161068 -0.00082103 -3.44
0.00155753 -0.000747205 -3.43
0.0014868 -0.000712124 -3.42
0.00140217 -0.000704731 -3.41
0.00131681 -0.000719156 -3.4
0.00124637 -0.000765964 -3.39001
0.00120004 -0.00084578 -3.38001
0.0011764 -0.00092765 -3.37001
0.00117129 -0.000985462 -3.36
0.00118886 -0.00103366 -3.35001
0.0012372 -0.00109929 -3.34
0.00131568 -0.00117734 -3.33
0.00141179 -0.00122648 -3.32001
0.00150008 -0.00120574 -3.31
0.00156066 -0.00112125 -3.3
0.00160511 -0.00102357 -3.29001
0.00165072 -0.000946862 -3.28
0.00168453 -0.000881401 -3.27
0.00168517 -0.000811089 -3.26
0.00165041 -0.000743869 -3.25
0.00158649 -0.00069642 -3.24
0.00150121 -0.000670263 -3.23
0.0014101 -0.000661988 -3.22
0.00133366 -0.000680711 -3.21
0.00128174 -0.000730082 -3.2
0.00125263 -0.000795581 -3.19
0.00124647 -0.000863175 -3.18
0.00126639 -0.000924519 -3.17
0.00130859 -0.00098215 -3.16
0.00136701 -0.00104389 -3.15
0.00143387 -0.00108877 -3.14
0.00149572 -0.00108451 -3.13
0.00154776 -0.00103888 -3.12
0.00159876 -0.000981167 -3.11
0.00165027 -0.000920256 -3.1
0.00168477 -0.00084812 -3.09
0.00168256 -0.000760882 -3.08
0.00164196 -0.000669406 -3.07
0.00157566 -0.000592351 -3.06
0.00150438 -0.000541165 -3.05
0.00144447 -0.000516075 -3.04
0.00138969 -0.000515025 -3.03
0.00133293 -0.000537137 -3.02
0.00128813 -0.000586705 -3.01
0.00127148 -0.000667869 -3
0.001283 -0.000768956 -2.99
0.00131211 -0.000865944 -2.98
0.00135405 -0.00094355 -2.97001
0.00141685 -0.000997801 -2.96
0.00150256 -0.00102151 -2.95
0.00159655 -0.00100673 -2.94
0.00168517 -0.000959582 -2.93
0.00176079 -0.000891117 -2.92
0.00181314 -0.000803765 -2.91
0.00183509 -0.000700694 -2.9
0.00182552 -0.000591393 -2.89
0.00178394 -0.000491211 -2.88
0.00171615 -0.00042023 -2.87
0.00163338 -0.000386908 -2.86
0.00153812 -0.000381525 -2.85
0.00143143 -0.000393806 -2.84
0.00132982 -0.000428568 -2.83
0.00125606 -0.000497651 -2.82
0.00122213 -0.000589532 -2.81
0.0012299 -0.000672113 -2.8
0.00127608 -0.000738769 -2.79
0.00135024 -0.000808488 -2.78
0.00143411 -0.000879369 -2.77
0.00151698 -0.000927563 -2.76
0.00160467 -0.000936369 -2.75
0.00169124 -0.000898025 -2.74
0.0017514 -0.000813737 -2.73
0.00178426 -0.000704483 -2.72
0.00181544 -0.000596963 -2.71
0.00184357 -0.000496891 -2.7
0.00184227 -0.000399432 -2.69
0.00180234 -0.000315775 -2.68
0.00172306 -0.000269925 -2.67
0.00160426 -0.000271673 -2.66
0.00147291 -0.000306636 -2.65
0.00136929 -0.000356631 -2.64
0.00130932 -0.000417518 -2.63
0.00128632 -0.000488494 -2.62
0.00129466 -0.000559244 -2.61
0.00133519 -0.000622025 -2.6
0.00140291 -0.000679425 -2.59
0.00148194 -0.000729056 -2.58
0.00156194 -0.000759501 -2.57
0.00164815 -0.000760206 -2.56
0.00174052 -0.000729202 -2.55
0.00181829 -0.000672369 -2.54
0.00186326 -0.000594595 -2.53
0.00187877 -0.000502022 -2.52
0.00186886 -0.000413106 -2.51
0.00182388 -0.000345068 -2.5
0.00175075 -0.000289195 -2.49
0.00167514 -0.000225995 -2.48
0.00160545 -0.000170926 -2.47
0.00153459 -0.000168613 -2.46
0.00146818 -0.000231693 -2.45
0.00142237 -0.000318 -2.44
0.00140402 -0.000379906 -2.43
0.00140941 -0.000417019 -2.42
0.00143857 -0.000464738 -2.41
0.00149466 -0.000538975 -2.4
0.00157168 -0.000610832 -2.39
0.00165325 -0.000641327 -2.38
0.00172653 -0.000622536 -2.37
0.00179023 -0.000566708 -2.36
0.00184274 -0.000490381 -2.35
0.00186759 -0.000416157 -2.34
0.00184834 -0.000356567 -2.33
0.00180131 -0.000302556 -2.32
0.00176271 -0.000244799 -2.31
0.00173699 -0.000184461 -2.3
0.00169485 -0.000127806 -2.29
0.00162322 -9.38071e-05 -2.28
0.0015422 -0.000105357 -2.27
0.00147651 -0.000159524 -2.26
0.00143714 -0.000233506 -2.25
0.00142582 -0.000318362 -2.24
0.00144056 -0.000412706 -2.23
0.00147963 -0.000497887 -2.22
0.00154058 -0.000547601 -2.21
0.00161376 -0.000549106 -2.2
0.00168913 -0.000516237 -2.19
0.00176764 -0.000473988 -2.18
0.00184597 -0.000422489 -2.17
0.00190811 -0.00034648 -2.16
0.00194019 -0.000249826 -2.15
0.00193259 -0.000153582 -2.14
0.00188446 -7.82125e-05 -2.13
0.00181421 -3.34699e-05 -2.12
0.00174196 -1.38705e-05 -2.11
0.00167571 -5.56295e-06 -2.1
0.00161362 -1.64421e-06 -2.09
0.00154537 -1.24174e-05 -2.08
0.00147517 -5.3688e-05 -2.07
0.00143169 -0.000125588 -2.06
0.00143176 -0.000213119 -2.05
0.00146712 -0.000296781 -2.04
0.00152757 -0.000364481 -2.03
0.00160482 -0.0004148 -2.02
0.00168176 -0.000442794 -2.01
0.0017427 -0.000441675 -2
0.00179793 -0.000420312 -1.99
0.00186813 -0.0003823 -1.98
0.00194018 -0.000308037 -1.97
0.00197818 -0.000194494 -1.96001
0.00197348 -7.21166e-05 -1.95
0.00194478 3.18869e-05 -1.94
0.00189721 0.000109956 -1.93
0.00182142 0.000160674 -1.92
0.00172201 0.000181774 -1.91
0.00161343 0.000167293 -1.9
0.00150668 0.000117649 -1.89
0.00141605 5.2837e-05 -1.88
0.00136014 -1.13814e-05 -1.87
0.00135244 -8.59439e-05 -1.86
0.00138847 -0.000177081 -1.85
0.00145175 -0.00026315 -1.84
0.00154035 -0.000327357 -1.83
0.00165358 -0.000365 -1.82
0.00176143 -0.000359794 -1.81
0.0018346 -0.000302275 -1.8
0.00188546 -0.00020697 -1.79
0.00193901 -9.27322e-05 -1.78
0.00198698 1.77243e-05 -1.77
0.00199477 9.73327e-05 -1.76
0.00194396 0.000143165 -1.75
0.00185665 0.000182107 -1.74
0.00176887 0.00023404 -1.73
0.00168898 0.00028377 -1.72
0.00160721 0.000296706 -1.71
0.00152781 0.000258718 -1.7
0.00146321 0.000189675 -1.69
0.0014225 0.000112644 -1.68
0.00141694 3.00938e-05 -1.67
0.00144989 -5.23811e-05 -1.66
0.00150557 -0.0001102 -1.65
0.00156982 -0.000134182 -1.64
0.00164984 -0.000144475 -1.63
0.00174719 -0.000151061 -1.62
0.00183646 -0.000136923 -1.61
0.00189771 -8.6726e-05 -1.6
0.00194486 -1.10939e-05 -1.59
0.00198636 6.94349e-05 -1.58
0.00199111 0.000150017 -1.57
0.00193932 0.000231123 -1.56
0.00186237 0.00029935 -1.55
0.00179252 0.000339638 -1.54
0.00172433 0.0003491 -1.53
0.00164713 0.000330944 -1.52
0.00157062 0.000293476 -1.51
0.00151083 0.000243369 -1.5
0.00147756 0.000176719 -1.49
0.00147541 9.7331e-05 -1.48
0.00150068 2.81487e-05 -1.47
0.00154543 -1.25682e-05 -1.46
0.0016074 -2.73692e-05 -1.45
0.00168704 -2.59806e-05 -1.44
0.00178145 -1.94357e-05 -1.43
0.00187509 -1.20316e-05 -1.42
0.00193855 1.85865e-05 -1.41
0.00195151 9.79913e-05 -1.4
0.00191829 0.000204002 -1.39
0.00186226 0.000289654 -1.38
0.00181827 0.000351956 -1.37
0.00179085 0.00041413 -1.36
0.00173729 0.000459712 -1.35
0.00164069 0.000460031 -1.34
0.00154113 0.000431863 -1.33
0.00147606 0.000404261 -1.32
0.0014479 0.000371494 -1.31
0.00144472 0.000317138 -1.3
0.00146074 0.000240525 -1.29
0.00149748 0.000151494 -1.28
0.00155127 7.08569e-05 -1.27
0.00161257 2.34996e-05 -1.26
0.00168081 2.20513e-05 -1.25
0.00175795 6.33197e-05 -1.24
0.00183084 0.00013243 -1.23
0.00188242 0.000214977 -1.22
0.00190209 0.000304317 -1.21
0.0018795 0.000392321 -1.2
0.00182188 0.000472257 -1.19
0.00176049 0.000549052 -1.18
0.00171311 0.000617243 -1.17
0.00166429 0.000648937 -1.16
0.00159558 0.000631019 -1.15
0.00151041 0.000586431 -1.14
0.00142969 0.000538056 -1.13
0.00137531 0.000480531 -1.12
0.00136068 0.000402131 -1.11
0.0013895 0.000314369 -1.1
0.00145658 0.000239401 -1.09
0.0015485 0.00018385 -1.08
0.00164208 0.000145807 -1.07
0.00171596 0.000134721 -1.06
0.0017741 0.000162481 -1.05
0.00183397 0.000224455 -1.04
0.00188641 0.000308683 -1.03
0.00191008 0.000407952 -1.02
0.00190465 0.000515519 -1.01
0.00186666 0.000616606 -1
0.00178653 0.000690618 -0.990002
0.00168453 0.000728227 -0.980002
0.00159371 0.000744251 -0.970001
0.00152366 0.000757482 -0.960001
0.00146697 0.000753882 -0.950001
0.00141882 0.000705844 -0.940001
0.00137875 0.000617075 -0.930001
0.00135237 0.000506931 -0.920001
0.00134959 0.000397438 -0.910001
0.00137308 0.000323651 -0.900001
0.00142001 0.00029645 -0.89
0.00149166 0.000291523 -0.88
0.00158847 0.00029722 -0.870001
0.00170186 0.000324155 -0.86
0.00180626 0.00037881 -0.85
0.00186826 0.000456071 -0.839999
0.00188384 0.000548156 -0.829999
0.00187776 0.000648144 -0.819999
0.00185473 0.000740175 -0.809999
0.00179762 0.000805743 -0.799999
0.0017099 0.000851301 -0.789998
0.00160725 0.000897199 -0.779999
0.00149571 0.000933206 -0.769999
0.00139334 0.000918469 -0.759999
0.00133059 0.000837025 -0.75
0.001314 0.000721337 -0.74
0.00132548 0.000607956 -0.730001
0.00135537 0.000510469 -0.720001
0.00140613 0.000442282 -0.710002
0.00147031 0.000416544 -0.700002
0.00152596 0.000422396 -0.690003
0.00156385 0.000440149 -0.680002
0.00160999 0.000468188 -0.670003
0.00169011 0.000515901 -0.660003
0.00178282 0.000588869 -0.650003
0.00184773 0.000681479 -0.640003
0.00186764 0.000772022 -0.630003
0.00183777 0.000834937 -0.620003
0.00175866 0.000870618 -0.610003
0.00164619 0.000898875 -0.600003
0.00152578 0.000921806 -0.590002
0.00142556 0.000924194 -0.580002
0.00136101 0.000898194 -0.570002
0.00132283 0.000856044 -0.560001
0.00129716 0.000812375 -0.550001
0.00128745 0.000749181 -0.54
0.00130562 0.000650162 -0.53
0.00135063 0.000553239 -0.519999
0.00141764 0.000503332 -0.509998
0.00151028 0.000495749 -0.499998
0.00160999 0.000513295 -0.489998
0.00166808 0.000559907 -0.479997
0.00166851 0.000634232 -0.469996
0.00165684 0.00071851 -0.459996
0.00167186 0.000801411 -0.449996
0.00169311 0.000883507 -0.439996
0.00167859 0.00095935 -0.429996
0.00161498 0.00101576 -0.419996
0.00152297 0.00104732 -0.409997
0.001434 0.00105018 -0.399998
0.00135779 0.00101379 -0.389999
0.00128247 0.000949694 -0.379999
0.00121229 0.000889894 -0.37
0.00117407 0.000835688 -0.360001
0.00118428 0.000763976 -0.350001
0.00123468 0.000684014 -0.340002
0.00130315 0.000629182 -0.330002
0.00137501 0.000608055 -0.320003
0.00145121 0.000610588 -0.310003
0.00153278 0.000639371 -0.300003
0.00160682 0.000697319 -0.290003
0.00165777 0.000771331 -0.280004
0.00168723 0.00084855 -0.270003
0.00169981 0.000932091 -0.260003
0.00167878 0.001025 -0.250003
0.00161871 0.00111287 -0.240003
0.00154692 0.00117402 -0.230002
0.00147572 0.00120006 -0.220002
0.00139206 0.00119669 -0.210002
0.001303 0.00116559 -0.200001
0.00123271 0.00110454 -0.19
0.00118747 0.00102314 -0.18
0.00116391 0.000939606 -0.169999
0.00116608 0.000863957 -0.159999
0.00119812 0.000792676 -0.149998
0.00125931 0.000724638 -0.139998
0.00133986 0.000682937 -0.129997
0.00142216 0.000692474 -0.119997
0.00149732 0.000741875 -0.109997
0.00156744 0.0008053 -0.0999974
0.00162347 0.000882367 -0.0899978
0.00164763 0.000975674 -0.0799982
0.00163356 0.00106257 -0.0699989
0.00158372 0.00112751 -0.0599997
0.00150463 0.00118743 -0.0500005
0.00141078 0.00125368 -0.0400012
0.00131459 0.00129931 -0.0300018
0.00122205 0.00129158 -0.0200025
0.00114604 0.00124312 -0.0100031
0.00110192 0.00119834 -3.6e-06
0.00108667 0.00116703 0.00999603
0.00108309 0.00111374 0.0199959
0.0010843 0.00101802 0.0299959
0.00110479 0.000903662 0.0399959
0.00116337 0.000806894 0.049996
0.00125686 0.000753118 0.0599961
0.00135822 0.000753493 0.0699964
0.00144254 0.000795307 0.0799968
0.00150226 0.000854282 0.0899972
0.00154045 0.000924986 0.0999976
0.00155548 0.00101719 0.109998
0.00154074 0.00112735 0.119998
0.00150335 0.00123414 0.129999
0.0014532 0.00131469 0.139999
0.00138262 0.00136153 0.15
0.00128798 0.00138897 0.16
0.00118511 0.00140424 0.170001
0.00108634 0.00138696 0.180001
0.000994857 0.00132336 0.190002
0.000926311 0.00122184 0.200002
0.000909962 0.00109545 0.210003
0.000955269 0.0009676 0.220003
0.00103006 0.000873106 0.230003
0.00108991 0.000834432 0.240004
0.00112259 0.000846768 0.250004
0.00115398 0.000885219 0.260004
0.00121298 0.000926612 0.270004
0.00130025 0.000969962 0.280003
0.00138439 0.00103248 0.290003
0.00142789 0.00112286 0.300002
0.00141983 0.00122524 0.310002
0.00137731 0.00131472 0.320001
0.00132702 0.00138363 0.33
0.00128093 0.00144244 0.339999
0.00122651 0.00148185 0.349999
0.00115269 0.00146989 0.359998
0.00107211 0.00140859 0.369998
0.00100054 0.00134369 0.379997
0.000944949 0.00129678 0.389997
0.000919543 0.00123921 0.399996
0.000935781 0.00114788 0.409996
0.000976244 0.00104091 0.419996
0.00102081 0.000954649 0.429996
0.00107506 0.000917205 0.439996
0.00114661 0.000936551 0.449997
0.00123138 0.000994658 0.459997
0.00131901 0.00106526 0.469997
0.00138296 0.00113961 0.479998
0.00140001 0.00122593 0.489998
0.00137091 0.0013257 0.499998
0.00130609 0.00141677 0.509999
0.00122039 0.00147521 0.519998
0.00113293 0.00149948 0.529999
0.0010511 0.00149583 0.539999
0.000974117 0.00147022 0.549999
0.000907588 0.00144192 0.559999
0.000854494 0.00142159 0.57
0.000814456 0.00138722 0.58
0.000799249 0.00131466 0.59
0.000823389 0.00121737 0.600001
0.000883443 0.0011337 0.610001
0.000965513 0.00108571 0.620001
0.0010581 0.00107064 0.630001
0.00114359 0.00108363 0.640001
0.00120509 0.00112356 0.650001
0.00125102 0.00119003 0.660001
0.00129091 0.00128273 0.670001
0.00130401 0.00138543 0.68
0.00127064 0.00146384 0.69
0.00119991 0.00150599 0.699999
0.00110714 0.00153591 0.709999
0.0010041 0.00156839 0.719999
0.00091167 0.00158406 0.729998
0.000845014 0.00156247 0.739998
0.000790453 0.00150069 0.749998
0.000733458 0.00140551 0.759998
0.000695652 0.00129472 0.769998
0.000703938 0.0012019 0.779998
0.000752857 0.00115136 0.789998
0.000828044 0.00113133 0.799998
0.000927281 0.00111919 0.809998
0.00103842 0.00111691 0.819998
0.00113272 0.00114082 0.829999
0.00118798 0.00119914 0.839999
0.00120466 0.0012794 0.849999
0.00119973 0.00136009 0.859999
0.00119012 0.00144141 0.87
0.00117085 0.00153516 0.88
0.00112174 0.00162336 0.89
0.00104251 0.00167843 0.9
0.000952689 0.00170276 0.91
0.00086515 0.00170677 0.92
0.000786161 0.00168531 0.93
0.000720899 0.00163733 0.94
0.000670319 0.00157447 0.95
0.00063687 0.00150024 0.960001
0.000627044 0.00140903 0.970001
0.000639332 0.00131284 0.980001
0.00066835 0.00123661 0.990001
0.000717669 0.00119284 1
0.00078685 0.00118042 1.01
0.000866531 0.00119716 1.02
0.000953831 0.00124444 1.03
0.00103387 0.00131869 1.04
0.00107334 0.00140082 1.05
0.00106159 0.00147516 1.06
0.00102337 0.00155086 1.07
0.000983025 0.00163882 1.08
0.000936882 0.00172857 1.09
0.000864612 0.00179384 1.1
0.000761204 0.00180886 1.11
0.00064739 0.00176468 1.12
0.000548287 0.00167642 1.13
0.000479165 0.00157155 1.14
0.000447456 0.00147279 1.15
0.000451956 0.00138955 1.16
0.000489276 0.00131644 1.17
0.000558651 0.00124473 1.18
0.000648188 0.00118891 1.19
0.000733557 0.00117872 1.2
0.000799694 0.00121563 1.21
0.000848825 0.00127625 1.22
0.000889925 0.00136014 1.23
0.000926194 0.00147688 1.24
0.000949518 0.00160144 1.25
0.000949495 0.00169653 1.26
0.000918738 0.00175719 1.27
0.000849569 0.00179395 1.28
0.000744894 0.00181075 1.29
0.000629194 0.00181102 1.3
0.000531125 0.00179058 1.31
0.000466007 0.00173555 1.32
0.000435507 0.00164974 1.33
0.00043068 0.00155376 1.34
0.000440231 0.00145959 1.35
0.000466868 0.00137525 1.36
0.000519818 0.00132372 1.37
0.000590675 0.00132189 1.38
0.000665163 0.00135186 1.39
0.000742844 0.00138687 1.4
0.000819056 0.00142669 1.41
0.000869731 0.00147937 1.42
0.000878283 0.00154108 1.43
0.000850995 0.00160621 1.44
0.00079638 0.00167344 1.45
0.000720307 0.00173804 1.46
0.00063507 0.00178566 1.47
0.000552805 0.00179641 1.48
0.000476962 0.00176456 1.49
0.000406084 0.0017103 1.5
0.000341944 0.00165898 1.51
0.000293749 0.00161192 1.52
0.000278467 0.0015578 1.53
0.000309467 0.00149843 1.54
0.000376874 0.00144695 1.55
0.000447563 0.00141188 1.56
0.000499244 0.00139366 1.57
0.000548737 0.00139198 1.58
0.000623625 0.00141105 1.59
0.000709138 0.00145566 1.6
0.000758212 0.00152285 1.61
0.000753043 0.00160186 1.62
0.000720532 0.00168021 1.63
0.000678057 0.00174524 1.64
0.000613905 0.00179143 1.65
0.00052475 0.00182749 1.66
0.000421057 0.00185335 1.67
0.000315164 0.00184991 1.68
0.000232275 0.00180074 1.69
0.000195875 0.00170684 1.7
0.000195705 0.00159561 1.71
0.000206476 0.00150066 1.72
0.000230038 0.00142619 1.73
0.000282494 0.00136416 1.74
0.000352031 0.00132497 1.75
0.0004143 0.00132232 1.76
0.000472931 0.00135735 1.77
0.000543863 0.00142449 1.78
0.000619406 0.00151186 1.79
0.000668543 0.00160389 1.8
0.000666049 0.00168983 1.81
0.000621965 0.00176681 1.82
0.00056417 0.00183497 1.83
0.000494558 0.00188341 1.84
0.000399076 0.00190144 1.85
0.000287864 0.00190234 1.86
0.000190974 0.00189909 1.87
0.000122552 0.00187316 1.88
7.00751e-05 0.00180538 1.89
2.25439e-05 0.00170866 1.9
-3.25054e-06 0.00160431 1.91
1.56811e-05 0.00150324 1.92
7.3149e-05 0.0014241 1.93
0.000150663 0.00138842 1.94
0.000245187 0.0013931 1.95
0.000360744 0.00142129 1.96
0.000483369 0.00146824 1.97
0.000572631 0.00153537 1.98
0.00059325 0.00161716 1.99
0.0005533 0.00170678 2
0.00048977 0.00180162 2.01
0.000425988 0.00189663 2.02
0.000353851 0.00197189 2.03
0.00025827 0.00199987 2.04
0.000143561 0.00198139 2.05
3.31561e-05 0.0019417 2.06
-4.16566e-05 0.00188595 2.07
-6.44003e-05 0.00180254 2.08
-5.70124e-05 0.00169878 2.09
-4.67698e-05 0.00159099 2.1
-2.48814e-05 0.00148927 2.11
1.78998e-05 0.00141286 2.12
6.39316e-05 0.00138136 2.13
0.000113737 0.00139333 2.14
0.000190963 0.00143887 2.15
0.000290751 0.00150795 2.16
0.000371981 0.00157971 2.17
0.000400014 0.0016443 2.18
0.000378413 0.00171911 2.19
0.000332832 0.00181243 2.2
0.000277199 0.00189727 2.21
0.00021178 0.00193944 2.22
0.000138923 0.00192998 2.23
6.56323e-05 0.00188864 2.24
-4.40311e-06 0.00184142 2.25
-7.12138e-05 0.00178988 2.26
-0.000130144 0.00172024 2.27
-0.000166814 0.00163411 2.28
-0.000162531 0.00155107 2.29
-0.000111144 0.00148489 2.3
-3.41123e-05 0.00143551 2.31
3.56187e-05 0.00140521 2.32
9.26125e-05 0.00140469 2.33
0.000147056 0.00143713 2.34
0.000188632 0.00148929 2.35
0.000211057 0.00154746 2.36
0.00022955 0.00161394 2.37
0.000245238 0.00169734 2.38
0.000237831 0.00179462 2.39
0.000190782 0.0018877 2.4
0.000103081 0.00195097 2.41
-9.44855e-06 0.00196774 2.42
-0.000119627 0.0019414 2.43
-0.000208232 0.00188441 2.44
-0.0002731 0.00180788 2.45
-0.000317343 0.00172731 2.46
-0.000335243 0.00165573 2.47
-0.000314162 0.00158983 2.48
-0.000256999 0.00152639 2.49
-0.000188744 0.00147606 2.5
-0.00011845 0.0014448 2.51
-3.76001e-05 0.00143712 2.52
4.17196e-05 0.00147001 2.53
9.55556e-05 0.00154811 2.54
0.000119039 0.00164231 2.55
0.000120599 0.00171761 2.56
0.000102363 0.00176441 2.57
6.00575e-05 0.00179572 2.58
-4.4942e-06 0.00182965 2.59
-8.03387e-05 0.00187069 2.6
-0.000154938 0.00190628 2.61
-0.00022777 0.0019154 2.62
-0.000303608 0.00187517 2.63
-0.000367564 0.00178593 2.64
-0.000397907 0.00168305 2.65
-0.000399625 0.00160234 2.66
-0.000385994 0.00154436 2.67
-0.000347106 0.00148774 2.68
-0.000271375 0.00142898 2.69
-0.000174281 0.0013872 2.7
-9.12562e-05 0.00137828 2.71
-4.35499e-05 0.00141101 2.72
-1.53376e-05 0.00149175 2.73
9.53548e-06 0.00160592 2.74
1.51073e-05 0.00172037 2.75
-1.20802e-05 0.00181757 2.76
-6.20124e-05 0.00189988 2.77
-0.00012679 0.00196363 2.78
-0.000211636 0.0019898 2.79
-0.000315338 0.00196277 2.8
-0.000422911 0.001901 2.81
-0.00052058 0.00183802 2.82
-0.000594474 0.00177303 2.83
-0.000629393 0.001691 2.84
-0.000627656 0.00160334 2.85
-0.000603013 0.00152468 2.86
-0.000553574 0.00145305 2.87
-0.000468268 0.00139084 2.88
-0.000351906 0.00135666 2.89
-0.000229 0.00137003 2.9
-0.000128518 0.00143267 2.91
-6.88062e-05 0.00152673 2.92
-5.16687e-05 0.0016295 2.93
-6.55125e-05 0.00172626 2.94
-9.67e-05 0.00181165 2.95
-0.000143464 0.00188472 2.96
-0.000213113 0.00194125 2.97
-0.000310469 0.00197321 2.98
-0.00042918 0.00198254 2.99
-0.000543138 0.00197266 3
-0.000615725 0.00192351 3.01
-0.00064005 0.00182514 3.02
-0.000650594 0.00171455 3.03
-0.000671369 0.00162334 3.04
-0.000681144 0.0015409 3.05
-0.000648581 0.00146014 3.06
-0.000570188 0.00140298 3.07
-0.000468694 0.001388 3.08
-0.0003711 0.00140763 3.09
-0.000285825 0.00144572 3.1
-0.000212381 0.00149921 3.11
-0.000164713 0.00157448 3.12
-0.000158938 0.00167138 3.13
-0.000191132 0.0017774 3.14
-0.000250256 0.00187159 3.15
-0.000332739 0.00193072 3.16
-0.000431534 0.00194016 3.17
-0.000531412 0.00190333 3.18
-0.000624502 0.00183872 3.19
-0.00071085 0.00176786 3.2
-0.000783221 0.00169938 3.21
-0.000823752 0.00162387 3.22
-0.000818451 0.00153689 3.23
-0.000771787 0.00145675 3.24
-0.000703519 0.00140398 3.25
-0.000630231 0.00137726 3.26
-0.00056125 0.00136602 3.27
-0.000504963 0.00137071 3.28
-0.000461495 0.00140441 3.29001
-0.000425057 0.00147973 3.3
-0.000394981 0.00159139 3.31
-0.000376643 0.00169998 3.32
-0.000384194 0.00175256 3.33
-0.000430546 0.00174979 3.34
-0.000509529 0.00174752 3.35
-0.000606318 0.00176244 3.36
-0.000705669 0.00176097 3.37
-0.000784581 0.00173372 3.38
-0.000828537 0.00168937 3.39
-0.000848838 0.00162139 3.4
-0.0008566 0.00153465 3.41
-0.000843713 0.00145197 3.42
-0.000806887 0.00138853 3.43
-0.000749894 0.00135083 3.44
-0.000670456 0.00133909 3.45
-0.00058943 0.00134552 3.46
-0.000540755 0.0013695 3.47
-0.000515106 0.00141716 3.48
-0.000487633 0.00148081 3.49
-0.000467788 0.00154763 3.5
-0.000472094 0.00162166 3.51
-0.00050252 0.00170049 3.52
-0.000560782 0.00176061 3.53
-0.000641531 0.00178574 3.54
-0.000728196 0.00177674 3.55
-0.000815315 0.00174023 3.56
-0.000909632 0.00168139 3.57
-0.000996332 0.00160175 3.58
-0.00103743 0.00151231 3.59
-0.00101498 0.00143485 3.6
-0.000949763 0.00137436 3.61
-0.00087015 0.00132141 3.62
-0.000785013 0.00127991 3.63
-0.000696713 0.00126234 3.64001
-0.000622906 0.00127205 3.65
-0.000578869 0.00130744 3.66
-0.000553882 0.0013701 3.67
-0.000536656 0.00145627 3.68001
-0.000532357 0.00155796 3.69
-0.000547124 0.00166621 3.7
-0.000588035 0.00175803 3.71001
-0.000663006 0.00180644 3.72
-0.0007615 0.00180919 3.73
-0.000855025 0.0017837 3.74
-0.000929999 0.00174044 3.75
-0.000995395 0.00167399 3.76
-0.00105476 0.00157798 3.77
-0.00109917 0.00146689 3.78
-0.00111962 0.00136801 3.79
-0.00110723 0.00129237 3.8
-0.00105629 0.00123171 3.81
-0.0009763 0.00118172 3.82
-0.000891307 0.00115204 3.83
-0.000813862 0.00115472 3.84
-0.000731813 0.00119654 3.85
-0.000642539 0.0012783 3.86
-0.000574863 0.00138732 3.87
-0.000560139 0.00149363 3.88
-0.000600359 0.00157454 3.89
-0.000671131 0.00164641 3.9
-0.000752373 0.0017261 3.91
-0.000841074 0.00177845 3.92
-0.00093369 0.00176612 3.93
-0.00102279 0.00170597 3.94
-0.00110677 0.00162978 3.95
-0.00117804 0.00154666 3.96
-0.00121797 0.00145573 3.97
-0.00122337 0.00135951 3.98
-0.00121286 0.00126149 3.99
-0.00119192 0.00117015 4
-0.00113946 0.00110716 4.01
-0.0010462 0.00108822 4.02
-0.000942075 0.00109686 4.03
-0.000861301 0.00111384 4.04
-0.000805862 0.00115885 4.05
-0.000770095 0.00125203 4.06
-0.000759137 0.00136917 4.07
-0.000767669 0.00147549 4.08
-0.000787763 0.00155865 4.09
-0.000833325 0.00161513 4.1
-0.000917719 0.00164184 4.11
-0.00102734 0.00164161 4.12
-0.00113358 0.00162201 4.13
-0.00121415 0.00158398 4.14
-0.0012634 0.00151951 4.15
-0.00128876 0.00142773 4.16
-0.00129199 0.00132594 4.17
-0.00126287 0.00123543 4.18
-0.00119783 0.00116493 4.19
-0.00111464 0.00111879 4.2
-0.0010394 0.00110102 4.21
-0.000978612 0.0011008 4.22
-0.000917531 0.00110377 4.23
-0.000852613 0.00112603 4.24
-0.000809962 0.00119135 4.25
-0.000816836 0.00127432 4.26
-0.000865281 0.00133601 4.27
-0.000927274 0.00138846 4.28
-0.000993414 0.00144711 4.29
-0.00106902 0.00148284 4.3
-0.00115083 0.0014728 4.31
-0.00122954 0.00142995 4.32
-0.0012961 0.00137085 4.33
-0.00133684 0.00129401 4.34
-0.00134236 0.00119645 4.35
-0.00132125 0.00109667 4.36
-0.00128603 0.00102638 4.37
-0.00124324 0.000997669 4.38
-0.00119741 0.00099208 4.39
-0.00114631 0.0009906 4.4
-0.00108414 0.000999612 4.41
-0.00101884 0.00103314 4.42
-0.000967056 0.00109128 4.43001
-0.000937411 0.00117015 4.44
-0.000938518 0.00126142 4.45
-0.000975207 0.00133938 4.46
-0.00103249 0.00137996 4.47
-0.00109102 0.00138831 4.48
-0.00115404 0.00138571 4.49
-0.00123318 0.00137693 4.5
-0.00131938 0.00134718 4.51
-0.00139172 0.00128735 4.52
-0.00143936 0.00120452 4.53
-0.00145806 0.00111063 4.54
-0.00144739 0.00101896 4.55
-0.00140854 0.00094381 4.56
-0.00134248 0.000891176 4.57
-0.00126062 0.000862827 4.58
-0.00117478 0.000869138 4.59
-0.00108877 0.000916931 4.6
-0.00101792 0.000994393 4.61
-0.000979206 0.00108525 4.62
-0.000969824 0.00117869 4.63
-0.000984551 0.00126466 4.64
-0.00102859 0.00133613 4.65
-0.00110666 0.00139048 4.65999
-0.00121422 0.00142067 4.67
-0.00133032 0.00141256 4.68
-0.00142467 0.00136639 4.69
-0.00148528 0.00130658 4.7
-0.00152381 0.00124567 4.71
-0.00155346 0.00117356 4.72
-0.00157121 0.00109031 4.73
-0.00156554 0.00100884 4.74
-0.00153503 0.000927823 4.75
-0.00147863 0.000845773 4.76
-0.00138393 0.000790387 4.77
-0.00125937 0.000789806 4.78
-0.00114619 0.000827426 4.79
-0.00107539 0.000869912 4.8
-0.00103998 0.000922625 4.81
-0.00102383 0.00100666 4.82
-0.00102969 0.00111304 4.83001
-0.00107024 0.00121051 4.84001
-0.00114962 0.00127746 4.85001
-0.00125498 0.00131032 4.86001
-0.00136034 0.0013041 4.87
-0.00145068 0.00125519 4.88001
-0.00153293 0.0011842 4.89001
-0.00161006 0.00111535 4.90001
-0.00166766 0.0010436 4.91
-0.00169347 0.000953076 4.92001
-0.0016846 0.000850836 4.93001
-0.00163839 0.00075858 4.94
-0.00155553 0.000683129 4.95
-0.00145064 0.000629 4.96
-0.00134928 0.000619448 4.97
-0.00126816 0.000672307 4.98
-0.0012059 0.000774463 4.99
-0.00115919 0.000888944 5
-0.00113376 0.000974037 5.01
-0.00113549 0.00101613 5.02
-0.00116919 0.00104752 5.03
-0.00124171 0.00109996 5.04
-0.00134407 0.00115548 5.05
-0.00144556 0.00117839 5.06
-0.00152426 0.00115954 5.07
-0.0015833 0.0011029 5.08
-0.00163163 0.00101059 5.09
-0.00166773 0.000896738 5.1
-0.00168098 0.000787279 5.11
-0.00166112 0.000701638 5.12
-0.00161031 0.00064645 5.13
-0.00153994 0.000619725 5.14
-0.00145709 0.000608387 5.15
-0.00137146 0.000604299 5.15999
-0.00129891 0.000622989 5.17
-0.00124699 0.000683056 5.18
-0.00121403 0.000775138 5.19
-0.00120483 0.000869319 5.2
-0.00122407 0.000945212 5.21
-0.00126369 0.00100449 5.22
-0.00131968 0.00104696 5.23
-0.00139641 0.00105178 5.24
-0.00148476 0.0010112 5.25
-0.00156621 0.000953276 5.26
-0.00163022 0.000900979 5.27
-0.00166999 0.000842858 5.28001
-0.00168554 0.000765454 5.29001
-0.00168358 0.000678525 5.3
-0.0016605 0.00060056 5.31
-0.00161336 0.00054477 5.32
-0.00155692 0.000519511 5.33001
-0.00150073 0.000529807 5.34001
-0.00144028 0.000569576 5.35001
-0.00137791 0.000617155 5.36
-0.0013215 0.000657681 5.37
-0.00127911 0.000703156 5.38001
-0.00126794 0.000775906 5.39
-0.00130051 0.000869994 5.4
-0.0013654 0.00094497 5.41
-0.00144569 0.000974962 5.42
-0.00153659 0.000978181 5.43
-0.00162916 0.000966676 5.44
-0.00170365 0.000917243 5.45
-0.00174709 0.000821798 5.46
-0.00176011 0.000716389 5.47
-0.00175035 0.000636333 5.48
-0.00172336 0.000573622 5.49
-0.00167636 0.00050498 5.5
-0.00161208 0.000436316 5.51
-0.00154623 0.000390005 5.52
-0.00148083 0.000375963 5.53
-0.00140901 0.000394401 5.54
-0.00135074 0.000445287 5.55
-0.00133392 0.000528388 5.56
-0.00135162 0.000637881 5.57
-0.00137893 0.000754844 5.58
-0.00141289 0.000840782 5.59
-0.00146331 0.0008617 5.6
-0.00153116 0.000829407 5.61
-0.00161385 0.000789551 5.62
-0.00170047 0.0007669 5.63
-0.00177008 0.000747871 5.64
-0.001818 0.000707238 5.65
-0.00184625 0.000635163 5.66
-0.00184258 0.000544605 5.67
-0.00181122 0.000456325 5.68
-0.00176781 0.000381488 5.69
-0.00170228 0.00032563 5.7
-0.00161389 0.000289404 5.71
-0.00153082 0.000267907 5.72
-0.00146166 0.000275612 5.73
-0.00139513 0.000339832 5.74
-0.00134601 0.0004478 5.75
-0.00134319 0.000556656 5.76
-0.00138358 0.000647888 5.77
-0.00143773 0.000719369 5.78
-0.00149184 0.000759387 5.79001
-0.00155657 0.000766768 5.8
-0.00164585 0.000755574 5.81
-0.00175753 0.000729825 5.82
-0.00186103 0.000678825 5.83001
-0.00191855 0.0006003 5.84
-0.00192656 0.000509349 5.85
-0.0019057 0.000415894 5.86
-0.0018652 0.000320575 5.87
-0.00180837 0.000230781 5.88001
-0.00174228 0.000156525 5.89001
-0.00167251 0.000104476 5.9
-0.00160016 8.3319e-05 5.91
-0.00152489 9.83114e-05 5.92
-0.00145117 0.000153118 5.93001
-0.00139188 0.000247275 5.94001
-0.00136396 0.000356494 5.95
-0.00137473 0.0004479 5.96
-0.00141135 0.000512325 5.97
-0.00145071 0.000549656 5.98
-0.00148999 0.000560487 5.99
-0.00155507 0.000558374 6
-0.0016573 0.000547914 6.01
-0.00176666 0.000512707 6.02
-0.00185248 0.000446164 6.03
-0.0019091 0.000361793 6.04
-0.00193381 0.000275213 6.05
-0.00192004 0.000197105 6.06
-0.00186559 0.000132294 6.07
-0.00177553 8.54113e-05 6.08
-0.00167024 6.44621e-05 6.09
-0.00158227 7.21698e-05 6.1
-0.0015285 0.000103356 6.11
-0.00149635 0.000147782 6.12
-0.00146767 0.000189857 6.13
-0.0014433 0.000224494 6.14
-0.00143754 0.000267587 6.15
-0.00146253 0.000336681 6.16
-0.00152402 0.000423306 6.17
-0.00161384 0.000488301 6.18
-0.00170527 0.000496968 6.19
-0.00177566 0.000453082 6.2
-0.00182627 0.000381137 6.21
-0.00186456 0.000294385 6.22
-0.00188927 0.000201019 6.23
-0.00190334 0.000118075 6.24
-0.00190266 5.57584e-05 6.25
-0.00186754 9.08211e-06 6.26
-0.00179323 -3.01814e-05 6.27
-0.0017015 -6.27253e-05 6.28
-0.00161833 -7.75681e-05 6.29
-0.00155918 -5.79679e-05 6.3
-0.00152614 -2.25377e-07 6.31
-0.0015105 8.7606e-05 6.32
-0.00150484 0.000190819 6.33
-0.00151104 0.000277731 6.34001
-0.00153523 0.000325743 6.35
-0.00157946 0.000346731 6.36
-0.00163885 0.000359889 6.37
-0.00171101 0.000363837 6.38001
-0.00179715 0.000342608 6.39001
-0.0018882 0.000282702 6.40001
-0.00196178 0.000185414 6.41
-0.00198577 6.69126e-05 6.42
-0.00193529 -4.43064e-05 6.43001
-0.00183437 -0.000121319 6.44
-0.00173999 -0.000162044 6.45
-0.00167351 -0.000185429 6.46
-0.00161511 -0.000196612 6.47
-0.00155064 -0.0001781 6.48
-0.00149007 -0.000120701 6.49
-0.00145085 -4.05935e-05 6.5
-0.00144216 4.32315e-05 6.51
-0.00146459 0.000127744 6.52
-0.00151126 0.00021135 6.53
-0.0015705 0.000281568 6.54
-0.00164091 0.000324905 6.55
-0.00173055 0.000333013 6.56
-0.00183761 0.000301207 6.57
-0.00194364 0.000236407 6.58
-0.00201833 0.000154905 6.59
-0.00203384 6.60709e-05 6.6
-0.00199773 -2.8229e-05 6.61
-0.00194905 -0.000124893 6.62
-0.00190755 -0.000216274 6.63001
-0.00185361 -0.000288407 6.64
-0.00176445 -0.000325637 6.65
-0.00165549 -0.000329238 6.66
-0.00156456 -0.00031805 6.67
-0.00150446 -0.000291707 6.68
-0.00146309 -0.000228857 6.69
-0.00143711 -0.00013355 6.7
-0.0014372 -3.39815e-05 6.71
-0.00147115 5.61431e-05 6.72001
-0.00153188 0.000132244 6.73001
-0.00160495 0.000178613 6.74001
-0.00168537 0.000181464 6.75001
-0.00177544 0.000141833 6.76001
-0.00187189 7.04953e-05 6.77001
-0.00196082 -1.63039e-05 6.78001
-0.00201726 -0.000103055 6.79001
-0.00202418 -0.000188294 6.80001
-0.00199081 -0.000276936 6.81001
-0.00193232 -0.000362432 6.82001
-0.00185222 -0.000425848 6.83001
-0.00175399 -0.00045343 6.84001
-0.00165082 -0.000446844 6.85001
-0.00156062 -0.000414244 6.86001
-0.0014974 -0.000357044 6.87
-0.00146312 -0.000280325 6.88
-0.00145076 -0.00019925 6.89
-0.00145822 -0.000126188 6.9
-0.00148806 -6.51814e-05 6.91
-0.00153915 -1.83872e-05 6.92
-0.00160948 1.30375e-05 6.93
-0.00169363 2.59868e-05 6.94
-0.00177444 8.84343e-06 6.94999
-0.00183932 -4.89445e-05 6.96
-0.00189556 -0.000138156 6.96999
-0.00194028 -0.000235013 6.97999
-0.0019488 -0.000325481 6.99
-0.00191458 -0.000410623 7
-0.00185942 -0.000489563 7.01
-0.00179693 -0.000550455 7.01999
-0.00172221 -0.00057405 7.03
-0.00163222 -0.000543958 7.04
-0.00153886 -0.000474881 7.05
-0.00146532 -0.000413749 7.06
-0.00143137 -0.000379769 7.06999
-0.00143889 -0.000340313 7.08
-0.00147419 -0.000273844 7.09
-0.00152261 -0.000202113 7.1
-0.00157759 -0.00014672 7.11
-0.00164232 -0.000109269 7.12
-0.00172387 -9.63749e-05 7.13
-0.00181596 -0.000119392 7.14
-0.00189337 -0.000173048 7.15
-0.00193691 -0.000246663 7.16
-0.00195148 -0.000342237 7.17
-0.00194236 -0.000455796 7.18001
-0.00190025 -0.000557613 7.19
-0.00182878 -0.000618268 7.2
-0.00175025 -0.000643486 7.21001
-0.0016744 -0.000657294 7.22
-0.00159574 -0.000669293 7.23
-0.00151748 -0.000668038 7.24001
-0.00145533 -0.000629794 7.25
-0.0014264 -0.00054325 7.26
-0.00143888 -0.000427969 7.27
-0.00148437 -0.000319656 7.28
-0.00154084 -0.000245443 7.29
-0.00159781 -0.000209017 7.3
-0.00166538 -0.000204412 7.31
-0.00174154 -0.000233206 7.32
-0.00180736 -0.000289012 7.33
-0.00185818 -0.000358757 7.34
-0.00190352 -0.000442361 7.34999
-0.00193843 -0.0005379 7.35999
-0.00194499 -0.000624647 7.37
-0.00191774 -0.000680351 7.38
-0.00186472 -0.000699231 7.39001
