1480
0.00 -0.00 -7.399990
0.00 -0.00 -7.389990
0.00 -0.00 -7.379990
0.00 -0.00 -7.369990
-0.00 -0.00 -7.359992
-0.00 -0.00 -7.349997
0.00 -0.00 -7.340000
0.00 -0.00 -7.330000
-0.00 -0.00 -7.320001
-0.00 -0.00 -7.310003
-0.00 -0.00 -7.300005
-0.00 -0.00 -7.290010
-0.00 -0.00 -7.280011
0.00 -0.00 -7.270012
-0.00 -0.00 -7.260012
0.00 -0.00 -7.250010
0.00 -0.00 -7.240008
0.00 -0.00 -7.230007
0.00 -0.00 -7.220004
0.00 -0.00 -7.210001
0.00 -0.00 -7.200002
0.00 -0.00 -7.190000
0.00 -0.00 -7.179997
0.00 -0.00 -7.169996
0.00 -0.00 -7.159995
0.00 -0.00 -7.149998
-0.00 -0.00 -7.140000
-0.00 -0.00 -7.130004
-0.00 -0.00 -7.120005
-0.00 -0.00 -7.110007
-0.00 -0.00 -7.100010
-0.00 -0.00 -7.090008
0.00 -0.00 -7.080007
0.00 -0.00 -7.070004
0.00 -0.00 -7.060004
0.00 -0.00 -7.050004
0.00 -0.00 -7.040001
0.00 -0.00 -7.029999
0.00 -0.00 -7.019997
0.00 -0.00 -7.009995
0.00 -0.00 -6.999995
0.00 -0.00 -6.989995
0.00 -0.00 -6.979996
0.00 -0.00 -6.970001
0.00 -0.00 -6.960003
0.00 -0.00 -6.950008
0.00 -0.00 -6.940011
0.00 -0.00 -6.930012
0.00 -0.00 -6.920014
0.00 -0.00 -6.910016
0.00 -0.00 -6.900016
0.00 -0.00 -6.890015
0.00 -0.00 -6.880014
0.00 -0.00 -6.870011
0.00 -0.00 -6.860009
0.00 -0.00 -6.850007
0.00 -0.00 -6.840004
0.00 -0.00 -6.830000
0.00 -0.00 -6.819998
0.00 -0.00 -6.809997
0.00 -0.00 -6.799995
0.00 -0.00 -6.789995
0.00 -0.00 -6.779995
0.00 -0.00 -6.769999
0.00 -0.00 -6.760000
0.00 -0.00 -6.750003
0.00 -0.00 -6.740005
0.00 -0.00 -6.730007
0.00 -0.00 -6.720007
0.00 -0.00 -6.710005
0.00 -0.00 -6.700006
0.00 -0.00 -6.690006
0.00 -0.00 -6.680005
0.00 -0.00 -6.670003
0.00 -0.00 -6.659999
0.00 -0.00 -6.649998
0.00 -0.00 -6.639994
0.00 -0.00 -6.629994
0.00 -0.00 -6.619994
0.00 -0.00 -6.609995
0.00 -0.00 -6.599996
0.00 -0.00 -6.589996
0.00 -0.00 -6.579999
0.00 -0.00 -6.570003
0.00 -0.00 -6.560009
0.00 -0.00 -6.550014
0.00 -0.00 -6.540018
0.00 -0.00 -6.530018
0.00 -0.00 -6.520017
0.00 -0.00 -6.510015
0.00 -0.00 -6.500011
0.00 -0.00 -6.490010
0.00 -0.00 -6.480009
0.00 -0.00 -6.470006
0.00 -0.00 -6.460003
0.00 -0.00 -6.450002
0.00 -0.00 -6.440000
0.00 -0.00 -6.429998
0.00 -0.00 -6.419995
0.00 -0.00 -6.409995
0.00 -0.00 -6.399996
0.00 -0.00 -6.389999
0.00 -0.00 -6.380001
0.00 -0.00 -6.370003
0.00 -0.00 -6.360004
0.00 -0.00 -6.350005
0.00 -0.00 -6.340005
0.00 -0.00 -6.330007
0.00 -0.00 -6.320006
0.00 -0.00 -6.310006
0.00 -0.00 -6.300002
0.00 -0.00 -6.290000
0.00 -0.00 -6.280000
0.00 -0.00 -6.269998
0.00 -0.00 -6.259997
0.00 -0.00 -6.249995
0.00 -0.00 -6.239994
0.00 -0.00 -6.229993
0.00 -0.00 -6.219995
0.00 -0.00 -6.209997
0.00 -0.00 -6.200002
0.00 -0.00 -6.190005
0.00 -0.00 -6.180006
0.00 -0.00 -6.170009
0.00 -0.00 -6.160011
0.00 -0.00 -6.150012
0.00 -0.00 -6.140012
0.00 -0.00 -6.130010
0.00 -0.00 -6.120008
0.00 -0.00 -6.110007
0.00 -0.00 -6.100007
0.00 -0.00 -6.090007
0.00 -0.00 -6.080004
0.00 -0.00 -6.069999
0.00 -0.00 -6.059995
0.00 -0.00 -6.049993
0.00 -0.00 -6.039996
0.00 -0.00 -6.029998
0.00 -0.00 -6.020000
0.00 -0.00 -6.010000
0.00 -0.00 -6.000004
0.00 -0.00 -5.990008
0.00 -0.00 -5.980008
0.00 -0.00 -5.970007
0.00 -0.00 -5.960006
0.00 -0.00 -5.950007
0.00 -0.00 -5.940007
0.00 -0.00 -5.930005
0.00 -0.00 -5.920003
0.00 -0.00 -5.909999
0.00 -0.00 -5.899997
0.00 -0.00 -5.889994
0.00 -0.00 -5.879992
0.00 -0.00 -5.869992
0.00 -0.00 -5.859994
0.00 -0.00 -5.849997
0.00 -0.00 -5.839997
0.00 -0.00 -5.829999
0.00 -0.00 -5.819999
0.00 -0.00 -5.810002
0.00 -0.00 -5.800007
0.00 -0.00 -5.790009
0.00 -0.00 -5.780010
0.00 -0.00 -5.770011
0.00 -0.00 -5.760012
0.00 -0.00 -5.750011
0.00 -0.00 -5.740008
0.00 -0.00 -5.730004
0.00 -0.00 -5.720002
0.00 -0.00 -5.710000
0.00 -0.00 -5.699996
0.00 -0.00 -5.689994
0.00 -0.00 -5.679993
0.00 -0.00 -5.669995
0.00 -0.00 -5.659999
0.00 -0.00 -5.650000
0.00 -0.00 -5.640003
0.00 -0.00 -5.630004
0.00 -0.00 -5.620006
0.00 -0.00 -5.610007
0.00 -0.00 -5.600008
0.00 -0.00 -5.590009
0.00 -0.00 -5.580010
0.00 -0.00 -5.570010
0.00 -0.00 -5.560007
0.00 -0.00 -5.550007
0.00 -0.00 -5.540005
0.00 -0.00 -5.530004
0.00 -0.00 -5.520002
0.00 -0.00 -5.509999
0.00 -0.00 -5.499995
0.00 -0.00 -5.489992
0.00 -0.00 -5.479993
0.00 -0.00 -5.469997
0.00 -0.00 -5.459997
0.00 -0.00 -5.449998
0.00 -0.00 -5.439998
0.00 -0.00 -5.430001
0.00 -0.00 -5.420005
0.00 -0.00 -5.410007
0.00 -0.00 -5.400009
0.00 -0.00 -5.390009
0.00 -0.00 -5.380009
0.00 -0.00 -5.370008
0.00 -0.00 -5.360007
0.00 -0.00 -5.350007
0.00 -0.00 -5.340005
0.00 -0.00 -5.330004
0.00 -0.00 -5.320002
0.00 -0.00 -5.309998
0.00 -0.00 -5.299994
0.00 -0.00 -5.289994
0.00 -0.00 -5.279997
0.00 -0.00 -5.270002
0.00 -0.00 -5.260004
0.00 -0.00 -5.250006
0.00 -0.00 -5.240008
0.00 -0.00 -5.230008
0.00 -0.00 -5.220012
0.00 -0.00 -5.210013
0.00 -0.00 -5.200013
0.00 -0.00 -5.190014
0.00 -0.00 -5.180012
0.00 -0.00 -5.170011
0.00 -0.00 -5.160007
0.00 -0.00 -5.150003
0.00 -0.00 -5.139999
0.00 -0.00 -5.129997
0.00 -0.00 -5.119996
0.00 -0.00 -5.109996
0.00 -0.00 -5.099993
0.00 -0.00 -5.089990
0.00 -0.00 -5.079990
0.00 -0.00 -5.069994
0.00 -0.00 -5.060000
0.00 -0.00 -5.050003
0.00 -0.00 -5.040004
0.00 -0.00 -5.030004
0.00 -0.00 -5.020004
0.00 -0.00 -5.010002
0.00 -0.00 -5.000003
0.00 -0.00 -4.990005
0.00 -0.00 -4.980003
0.00 -0.00 -4.970001
0.00 -0.00 -4.959998
0.00 -0.00 -4.949996
0.00 -0.00 -4.939995
0.00 -0.00 -4.929992
0.00 -0.00 -4.919995
0.00 -0.00 -4.909998
0.00 -0.00 -4.900001
0.00 -0.00 -4.890004
0.00 -0.00 -4.880005
0.00 -0.00 -4.870007
0.00 -0.00 -4.860007
0.00 -0.00 -4.850010
0.00 -0.00 -4.840009
0.00 -0.00 -4.830013
0.00 -0.00 -4.820014
0.00 -0.00 -4.810012
0.00 -0.00 -4.800010
0.00 -0.00 -4.790008
0.00 -0.00 -4.780005
0.00 -0.00 -4.770001
0.00 -0.00 -4.759998
0.00 -0.00 -4.749993
0.00 -0.00 -4.739989
0.00 -0.00 -4.729990
0.00 -0.00 -4.719990
0.00 -0.00 -4.709992
0.00 -0.00 -4.699992
0.00 -0.00 -4.689997
0.00 -0.00 -4.680001
0.00 -0.00 -4.670005
0.00 -0.00 -4.660007
0.00 -0.00 -4.650004
0.00 -0.00 -4.640005
0.00 -0.00 -4.630006
0.00 -0.00 -4.620007
0.00 -0.00 -4.610006
0.00 -0.00 -4.600004
0.00 -0.00 -4.590004
0.00 -0.00 -4.580003
0.00 -0.00 -4.570003
0.00 -0.00 -4.560000
0.00 -0.00 -4.549996
0.00 -0.00 -4.539993
0.00 -0.00 -4.529996
0.00 -0.00 -4.519998
0.00 -0.00 -4.510001
0.00 -0.00 -4.500000
0.00 -0.00 -4.490007
0.00 -0.00 -4.480007
0.00 -0.00 -4.470008
0.00 -0.00 -4.460007
0.00 -0.00 -4.450008
0.00 -0.00 -4.440006
0.00 -0.00 -4.430006
0.00 -0.00 -4.420004
0.00 -0.00 -4.410004
0.00 -0.00 -4.400001
0.00 -0.00 -4.389997
0.00 -0.00 -4.379995
0.00 -0.00 -4.369994
0.00 -0.00 -4.359994
0.00 -0.00 -4.349995
0.00 -0.00 -4.339995
0.00 -0.00 -4.329994
0.00 -0.00 -4.319995
0.00 -0.00 -4.309999
0.00 -0.00 -4.300001
0.00 -0.00 -4.290005
0.00 -0.00 -4.280007
0.00 -0.00 -4.270007
0.00 -0.00 -4.260009
0.00 -0.00 -4.250008
0.00 -0.00 -4.240009
0.00 -0.00 -4.230009
0.00 -0.00 -4.220008
0.00 -0.00 -4.210005
0.00 -0.00 -4.200000
0.00 -0.00 -4.189998
0.00 -0.00 -4.179997
0.00 -0.00 -4.169997
0.00 -0.00 -4.159995
0.00 -0.00 -4.149997
0.00 -0.00 -4.140000
0.00 -0.00 -4.130003
0.00 -0.00 -4.120004
0.00 -0.00 -4.110005
0.00 -0.00 -4.100007
0.00 -0.00 -4.090008
0.00 -0.00 -4.080009
0.00 -0.00 -4.070007
0.00 -0.00 -4.060007
0.00 -0.00 -4.050003
0.00 -0.00 -4.040002
0.00 -0.00 -4.030001
0.00 -0.00 -4.020001
0.00 -0.00 -4.009999
0.00 -0.00 -3.999994
0.00 -0.00 -3.989989
0.00 -0.00 -3.979987
0.00 -0.00 -3.969992
0.00 -0.00 -3.959996
0.00 -0.00 -3.949997
0.00 -0.00 -3.939999
0.00 -0.00 -3.930000
0.00 -0.00 -3.920004
0.00 -0.00 -3.910007
0.00 -0.00 -3.900008
0.00 -0.00 -3.890009
0.00 -0.00 -3.880010
0.00 -0.00 -3.870011
0.00 -0.00 -3.860009
0.00 -0.00 -3.850006
0.00 -0.00 -3.840006
0.00 -0.00 -3.830003
0.00 -0.00 -3.820000
0.00 -0.00 -3.809996
0.00 -0.00 -3.799994
0.00 -0.00 -3.789996
0.00 -0.00 -3.779996
0.00 -0.00 -3.769996
0.00 -0.00 -3.759999
0.00 -0.00 -3.750002
0.00 -0.00 -3.740005
0.00 -0.00 -3.730008
0.00 -0.00 -3.720010
0.00 -0.00 -3.710010
0.00 -0.00 -3.700010
0.00 -0.00 -3.690010
0.00 -0.00 -3.680008
0.00 -0.00 -3.670009
0.00 -0.00 -3.660006
0.00 -0.00 -3.650003
0.00 -0.00 -3.639998
0.00 -0.00 -3.629994
0.00 -0.00 -3.619990
0.00 -0.00 -3.609989
0.00 -0.00 -3.599990
0.00 -0.00 -3.589992
0.00 -0.00 -3.579992
0.00 -0.00 -3.569992
0.00 -0.00 -3.559996
0.00 -0.00 -3.549999
0.00 -0.00 -3.540003
0.00 -0.00 -3.530005
0.00 -0.00 -3.520007
0.00 -0.00 -3.510006
0.00 -0.00 -3.500004
0.00 -0.00 -3.490002
0.00 -0.00 -3.480003
0.00 -0.00 -3.470003
0.00 -0.00 -3.460002
0.00 -0.00 -3.449998
0.00 -0.00 -3.439996
0.00 -0.00 -3.429994
0.00 -0.00 -3.419994
0.00 -0.00 -3.409996
0.00 -0.00 -3.399996
0.00 -0.00 -3.389999
0.00 -0.00 -3.380003
0.00 -0.00 -3.370004
0.00 -0.00 -3.360005
0.00 -0.00 -3.350007
0.00 -0.00 -3.340010
0.00 -0.00 -3.330012
0.00 -0.00 -3.320013
0.00 -0.00 -3.310011
0.00 -0.00 -3.300008
0.00 -0.00 -3.290008
0.00 -0.00 -3.280008
0.00 -0.00 -3.270004
0.00 -0.00 -3.260000
0.00 -0.00 -3.249997
0.00 -0.00 -3.239994
0.00 -0.00 -3.229993
0.00 -0.00 -3.219993
0.00 -0.00 -3.209994
0.00 -0.00 -3.199995
0.00 -0.00 -3.189997
0.00 -0.00 -3.179999
0.00 -0.00 -3.170003
0.00 -0.00 -3.160003
0.00 -0.00 -3.150003
0.00 -0.00 -3.140003
0.00 -0.00 -3.130004
0.00 -0.00 -3.120003
0.00 -0.00 -3.110004
0.00 -0.00 -3.100002
0.00 -0.00 -3.090001
0.00 -0.00 -3.079997
0.00 -0.00 -3.069995
0.00 -0.00 -3.059994
0.00 -0.00 -3.049994
0.00 -0.00 -3.039996
0.00 -0.00 -3.029996
0.00 -0.00 -3.019998
0.00 -0.00 -3.010001
0.00 -0.00 -3.000002
0.00 -0.00 -2.990005
0.00 -0.00 -2.980007
0.00 -0.00 -2.970009
0.00 -0.00 -2.960012
0.00 -0.00 -2.950012
0.00 -0.00 -2.940012
0.00 -0.00 -2.930011
0.00 -0.00 -2.920008
0.00 -0.00 -2.910006
0.00 -0.00 -2.900004
0.00 -0.00 -2.889999
0.00 -0.00 -2.879996
0.00 -0.00 -2.869993
0.00 -0.00 -2.859992
0.00 -0.00 -2.849990
0.00 -0.00 -2.839992
0.00 -0.00 -2.829993
0.00 -0.00 -2.819997
0.00 -0.00 -2.810001
0.00 -0.00 -2.800004
0.00 -0.00 -2.790006
0.00 -0.00 -2.780008
0.00 -0.00 -2.770008
0.00 -0.00 -2.760009
0.00 -0.00 -2.750010
0.00 -0.00 -2.740009
0.00 -0.00 -2.730005
0.00 -0.00 -2.720005
0.00 -0.00 -2.710005
0.00 -0.00 -2.700003
0.00 -0.00 -2.689999
0.00 -0.00 -2.679995
0.00 0.00 -2.669992
0.00 0.00 -2.659990
0.00 -0.00 -2.649993
0.00 -0.00 -2.639997
0.00 -0.00 -2.629999
0.00 -0.00 -2.620001
0.00 -0.00 -2.610005
0.00 -0.00 -2.600007
0.00 -0.00 -2.590009
0.00 -0.00 -2.580010
0.00 -0.00 -2.570009
0.00 -0.00 -2.560009
0.00 -0.00 -2.550011
0.00 -0.00 -2.540010
0.00 -0.00 -2.530006
0.00 -0.00 -2.520003
0.00 -0.00 -2.510000
0.00 -0.00 -2.499997
0.00 -0.00 -2.489995
0.00 -0.00 -2.479995
0.00 0.00 -2.469995
0.00 0.00 -2.459996
0.00 -0.00 -2.449998
0.00 -0.00 -2.440000
0.00 -0.00 -2.430002
0.00 -0.00 -2.420004
0.00 -0.00 -2.410006
0.00 -0.00 -2.400009
0.00 -0.00 -2.390010
0.00 -0.00 -2.380010
0.00 -0.00 -2.370009
0.00 -0.00 -2.360008
0.00 -0.00 -2.350005
0.00 -0.00 -2.340002
0.00 -0.00 -2.329997
0.00 -0.00 -2.319997
0.00 -0.00 -2.309998
0.00 0.00 -2.299998
0.00 0.00 -2.289994
0.00 0.00 -2.279993
0.00 0.00 -2.269994
0.00 0.00 -2.259996
0.00 -0.00 -2.249998
0.00 -0.00 -2.240000
0.00 -0.00 -2.230002
0.00 -0.00 -2.220004
0.00 -0.00 -2.210005
0.00 -0.00 -2.200006
0.00 -0.00 -2.190005
0.00 -0.00 -2.180006
0.00 -0.00 -2.170006
0.00 -0.00 -2.160003
0.00 -0.00 -2.150000
0.00 -0.00 -2.139996
0.00 -0.00 -2.129993
0.00 0.00 -2.119992
0.00 0.00 -2.109992
0.00 0.00 -2.099994
0.00 0.00 -2.089993
0.00 0.00 -2.079993
0.00 0.00 -2.069995
0.00 0.00 -2.059999
0.00 -0.00 -2.050003
0.00 -0.00 -2.040006
0.00 -0.00 -2.030008
0.00 -0.00 -2.020010
0.00 -0.00 -2.010009
0.00 -0.00 -2.000009
0.00 -0.00 -1.990010
0.00 -0.00 -1.980011
0.00 -0.00 -1.970010
0.00 -0.00 -1.960007
0.00 0.00 -1.950003
0.00 0.00 -1.940001
0.00 0.00 -1.929999
0.00 0.00 -1.919996
0.00 0.00 -1.909995
0.00 0.00 -1.899995
0.00 0.00 -1.889996
0.00 0.00 -1.879997
0.00 0.00 -1.870001
0.00 0.00 -1.860004
0.00 -0.00 -1.850005
0.00 -0.00 -1.840007
0.00 -0.00 -1.830008
0.00 -0.00 -1.820009
0.00 -0.00 -1.810007
0.00 -0.00 -1.800005
0.00 -0.00 -1.790003
0.00 -0.00 -1.780003
0.00 0.00 -1.770001
0.00 0.00 -1.759996
0.00 0.00 -1.749991
0.00 0.00 -1.739989
0.00 0.00 -1.729989
0.00 0.00 -1.719991
0.00 0.00 -1.709991
0.00 0.00 -1.699992
0.00 0.00 -1.689995
0.00 0.00 -1.679998
0.00 0.00 -1.670001
0.00 0.00 -1.660004
0.00 -0.00 -1.650006
0.00 -0.00 -1.640007
0.00 -0.00 -1.630010
0.00 -0.00 -1.620011
0.00 -0.00 -1.610011
0.00 -0.00 -1.600008
0.00 0.00 -1.590008
0.00 0.00 -1.580005
0.00 0.00 -1.570001
0.00 0.00 -1.559998
0.00 0.00 -1.549997
0.00 0.00 -1.539998
0.00 0.00 -1.529998
0.00 0.00 -1.519997
0.00 0.00 -1.509998
0.00 0.00 -1.499999
0.00 0.00 -1.490001
0.00 0.00 -1.480003
0.00 0.00 -1.470005
0.00 -0.00 -1.460006
0.00 -0.00 -1.450007
0.00 -0.00 -1.440009
0.00 -0.00 -1.430009
0.00 -0.00 -1.420008
0.00 -0.00 -1.410004
0.00 0.00 -1.399999
0.00 0.00 -1.389995
0.00 0.00 -1.379995
0.00 0.00 -1.369996
0.00 0.00 -1.359996
0.00 0.00 -1.349991
0.00 0.00 -1.339989
0.00 0.00 -1.329991
0.00 0.00 -1.319995
0.00 0.00 -1.309997
0.00 0.00 -1.299999
0.00 0.00 -1.290000
0.00 0.00 -1.280002
0.00 0.00 -1.270004
0.00 -0.00 -1.260005
0.00 -0.00 -1.250006
0.00 0.00 -1.240006
0.00 0.00 -1.230005
0.00 0.00 -1.220003
0.00 0.00 -1.210000
0.00 0.00 -1.199995
0.00 0.00 -1.189993
0.00 0.00 -1.179995
0.00 0.00 -1.169995
0.00 0.00 -1.159994
0.00 0.00 -1.149994
0.00 0.00 -1.139994
0.00 0.00 -1.129995
0.00 0.00 -1.119998
0.00 0.00 -1.110001
0.00 0.00 -1.100005
0.00 0.00 -1.090009
0.00 0.00 -1.080009
0.00 0.00 -1.070009
0.00 0.00 -1.060008
0.00 0.00 -1.050008
0.00 0.00 -1.040009
0.00 0.00 -1.030007
0.00 0.00 -1.020005
0.00 0.00 -1.010000
0.00 0.00 -0.999996
0.00 0.00 -0.989992
0.00 0.00 -0.979992
0.00 0.00 -0.969993
0.00 0.00 -0.959995
0.00 0.00 -0.949996
0.00 0.00 -0.939997
0.00 0.00 -0.929998
0.00 0.00 -0.920000
0.00 0.00 -0.910001
0.00 0.00 -0.900003
0.00 0.00 -0.890006
0.00 0.00 -0.880009
0.00 0.00 -0.870011
0.00 0.00 -0.860011
0.00 0.00 -0.850009
0.00 0.00 -0.840004
0.00 0.00 -0.829999
0.00 0.00 -0.819998
0.00 0.00 -0.809995
0.00 0.00 -0.799992
0.00 0.00 -0.789991
0.00 0.00 -0.779990
0.00 0.00 -0.769991
0.00 0.00 -0.759993
0.00 0.00 -0.749997
0.00 0.00 -0.740000
0.00 0.00 -0.730003
0.00 0.00 -0.720004
0.00 0.00 -0.710007
0.00 0.00 -0.700007
0.00 0.00 -0.690007
0.00 0.00 -0.680007
0.00 0.00 -0.670009
0.00 0.00 -0.660012
0.00 0.00 -0.650011
0.00 0.00 -0.640008
0.00 0.00 -0.630002
0.00 0.00 -0.619997
0.00 0.00 -0.609993
0.00 0.00 -0.599991
0.00 0.00 -0.589991
0.00 0.00 -0.579994
0.00 0.00 -0.569997
0.00 0.00 -0.559998
0.00 0.00 -0.549999
0.00 0.00 -0.540001
0.00 0.00 -0.530003
0.00 0.00 -0.520004
0.00 0.00 -0.510006
0.00 0.00 -0.500007
0.00 0.00 -0.490005
0.00 0.00 -0.480000
0.00 0.00 -0.469995
0.00 0.00 -0.459996
0.00 0.00 -0.449998
0.00 0.00 -0.439996
0.00 0.00 -0.429992
0.00 0.00 -0.419989
0.00 0.00 -0.409990
0.00 0.00 -0.399992
0.00 0.00 -0.389993
0.00 0.00 -0.379993
0.00 0.00 -0.369996
0.00 0.00 -0.360000
0.00 0.00 -0.350003
0.00 0.00 -0.340007
0.00 0.00 -0.330008
0.00 0.00 -0.320010
0.00 0.00 -0.310011
0.00 0.00 -0.300011
0.00 0.00 -0.290009
0.00 0.00 -0.280007
0.00 0.00 -0.270005
0.00 0.00 -0.260003
0.00 0.00 -0.249999
0.00 0.00 -0.239996
0.00 0.00 -0.229995
0.00 0.00 -0.219994
0.00 0.00 -0.209994
0.00 0.00 -0.199994
0.00 0.00 -0.189995
0.00 0.00 -0.179997
0.00 0.00 -0.169998
0.00 0.00 -0.160000
0.00 0.00 -0.150002
0.00 0.00 -0.140005
0.00 0.00 -0.130005
0.00 0.00 -0.120005
0.00 0.00 -0.110005
0.00 0.00 -0.100004
0.00 0.00 -0.090002
0.00 0.00 -0.079999
0.00 0.00 -0.069996
0.00 0.00 -0.059994
0.00 0.00 -0.049992
0.00 0.00 -0.039993
0.00 0.00 -0.029994
0.00 0.00 -0.019997
0.00 0.00 -0.009998
0.00 0.00 -0.000002
0.00 0.00 0.009997
0.00 0.00 0.019996
0.00 0.00 0.029995
0.00 0.00 0.039993
0.00 0.00 0.049989
0.00 0.00 0.059987
0.00 0.00 0.069987
0.00 0.00 0.079990
0.00 0.00 0.089992
0.00 0.00 0.099995
0.00 0.00 0.109998
0.00 0.00 0.120001
0.00 0.00 0.130004
0.00 0.00 0.140005
0.00 0.00 0.150008
0.00 0.00 0.160010
0.00 0.00 0.170011
0.00 0.00 0.180010
0.00 0.00 0.190010
0.00 0.00 0.200006
0.00 0.00 0.210002
0.00 0.00 0.219998
0.00 0.00 0.229997
0.00 0.00 0.240000
0.00 0.00 0.250001
0.00 0.00 0.259999
0.00 0.00 0.269996
0.00 0.00 0.279994
0.00 0.00 0.289996
0.00 0.00 0.300000
0.00 0.00 0.310004
0.00 0.00 0.320005
0.00 0.00 0.330004
0.00 0.00 0.340003
0.00 0.00 0.350004
0.00 0.00 0.360004
0.00 0.00 0.370004
0.00 0.00 0.380002
0.00 0.00 0.390000
0.00 0.00 0.399996
0.00 0.00 0.409994
0.00 0.00 0.419992
0.00 0.00 0.429991
0.00 0.00 0.439990
0.00 0.00 0.449989
0.00 0.00 0.459988
0.00 0.00 0.469989
0.00 0.00 0.479994
0.00 0.00 0.489999
0.00 0.00 0.500003
0.00 0.00 0.510006
0.00 0.00 0.520008
0.00 0.00 0.530007
0.00 0.00 0.540006
0.00 0.00 0.550005
0.00 0.00 0.560004
0.00 0.00 0.570004
0.00 0.00 0.580003
0.00 0.00 0.590000
0.00 0.00 0.599996
0.00 0.00 0.609994
0.00 0.00 0.619992
0.00 0.00 0.629992
0.00 0.00 0.639993
0.00 0.00 0.649995
0.00 0.00 0.659996
0.00 0.00 0.669997
0.00 0.00 0.680001
0.00 0.00 0.690005
0.00 0.00 0.700007
0.00 0.00 0.710007
0.00 0.00 0.720007
0.00 0.00 0.730004
0.00 0.00 0.740003
0.00 0.00 0.750002
0.00 0.00 0.760002
0.00 0.00 0.769999
0.00 0.00 0.779996
0.00 0.00 0.789993
0.00 0.00 0.799990
0.00 0.00 0.809988
0.00 0.00 0.819988
0.00 0.00 0.829991
0.00 0.00 0.839995
0.00 0.00 0.849998
0.00 0.00 0.860000
0.00 0.00 0.870002
0.00 0.00 0.880004
0.00 0.00 0.890007
0.00 0.00 0.900008
0.00 0.00 0.910008
0.00 0.00 0.920008
0.00 0.00 0.930007
0.00 0.00 0.940006
0.00 0.00 0.950005
0.00 0.00 0.960003
0.00 0.00 0.970001
0.00 0.00 0.979999
0.00 0.00 0.989997
0.00 0.00 0.999995
0.00 0.00 1.009993
0.00 0.00 1.019992
0.00 0.00 1.029992
0.00 0.00 1.039995
0.00 0.00 1.049999
0.00 0.00 1.060003
0.00 0.00 1.070004
0.00 0.00 1.080003
0.00 0.00 1.090005
0.00 0.00 1.100006
0.00 0.00 1.110008
0.00 0.00 1.120008
0.00 0.00 1.130004
0.00 0.00 1.140002
0.00 0.00 1.149999
0.00 0.00 1.159996
0.00 0.00 1.169993
0.00 0.00 1.179990
0.00 0.00 1.189990
0.00 0.00 1.199991
0.00 0.00 1.209993
0.00 0.00 1.219994
0.00 0.00 1.229995
0.00 0.00 1.239997
0.00 0.00 1.249999
0.00 0.00 1.260002
0.00 0.00 1.270005
0.00 0.00 1.280009
0.00 0.00 1.290011
0.00 0.00 1.300011
0.00 0.00 1.310008
0.00 0.00 1.320005
0.00 0.00 1.330002
0.00 0.00 1.340000
0.00 0.00 1.349999
0.00 0.00 1.359997
0.00 0.00 1.369995
0.00 0.00 1.379993
0.00 0.00 1.389993
0.00 0.00 1.399993
0.00 0.00 1.409994
0.00 0.00 1.419998
0.00 0.00 1.430001
0.00 0.00 1.440004
0.00 0.00 1.450005
0.00 0.00 1.460006
0.00 0.00 1.470005
0.00 0.00 1.480005
0.00 0.00 1.490003
0.00 0.00 1.500003
0.00 0.00 1.510002
0.00 0.00 1.520000
0.00 0.00 1.529996
0.00 0.00 1.539992
0.00 0.00 1.549990
0.00 0.00 1.559990
0.00 0.00 1.569991
0.00 0.00 1.579989
0.00 0.00 1.589988
0.00 0.00 1.599990
0.00 0.00 1.609996
0.00 0.00 1.620001
0.00 0.00 1.630004
0.00 0.00 1.640006
0.00 0.00 1.650008
0.00 0.00 1.660011
0.00 0.00 1.670013
0.00 0.00 1.680012
0.00 0.00 1.690010
0.00 0.00 1.700006
0.00 0.00 1.710003
0.00 0.00 1.720003
0.00 0.00 1.730000
0.00 0.00 1.739997
0.00 0.00 1.749996
0.00 0.00 1.759997
0.00 0.00 1.769995
0.00 0.00 1.779994
0.00 0.00 1.789995
0.00 0.00 1.799999
0.00 0.00 1.810003
0.00 0.00 1.820004
0.00 0.00 1.830005
0.00 0.00 1.840007
0.00 0.00 1.850009
0.00 0.00 1.860007
0.00 0.00 1.870006
0.00 0.00 1.880004
0.00 0.00 1.890003
0.00 0.00 1.900001
0.00 0.00 1.909999
0.00 0.00 1.919994
0.00 0.00 1.929991
0.00 0.00 1.939989
0.00 0.00 1.949987
0.00 0.00 1.959985
0.00 0.00 1.969986
0.00 0.00 1.979992
0.00 0.00 1.989999
0.00 0.00 2.000003
0.00 0.00 2.010005
0.00 0.00 2.020006
0.00 0.00 2.030008
0.00 0.00 2.040010
0.00 0.00 2.050010
0.00 0.00 2.060008
0.00 0.00 2.070005
0.00 0.00 2.080002
0.00 0.00 2.090000
0.00 0.00 2.099999
0.00 0.00 2.109997
0.00 0.00 2.119996
0.00 0.00 2.129995
0.00 0.00 2.139993
0.00 0.00 2.149991
0.00 0.00 2.159991
0.00 0.00 2.169995
0.00 0.00 2.180000
0.00 0.00 2.190003
0.00 0.00 2.200004
0.00 0.00 2.210006
0.00 0.00 2.220007
0.00 0.00 2.230007
0.00 0.00 2.240008
0.00 0.00 2.250007
0.00 0.00 2.260007
0.00 0.00 2.270006
0.00 0.00 2.280004
0.00 0.00 2.290001
0.00 0.00 2.299995
0.00 0.00 2.309995
0.00 0.00 2.319995
0.00 0.00 2.329995
0.00 0.00 2.339996
0.00 0.00 2.349998
0.00 0.00 2.359998
0.00 0.00 2.369998
0.00 0.00 2.380000
0.00 0.00 2.390001
0.00 0.00 2.400005
0.00 0.00 2.410008
0.00 0.00 2.420009
0.00 0.00 2.430008
0.00 0.00 2.440006
0.00 0.00 2.450004
0.00 0.00 2.460002
0.00 0.00 2.470000
0.00 0.00 2.479995
0.00 0.00 2.489994
0.00 0.00 2.499992
0.00 0.00 2.509991
0.00 0.00 2.519993
0.00 0.00 2.529994
0.00 0.00 2.539997
0.00 0.00 2.550001
0.00 0.00 2.560003
0.00 0.00 2.570003
0.00 0.00 2.580006
0.00 0.00 2.590006
0.00 0.00 2.600007
0.00 0.00 2.610007
0.00 0.00 2.620006
0.00 0.00 2.630005
0.00 0.00 2.640003
0.00 0.00 2.650001
0.00 0.00 2.659999
0.00 0.00 2.669997
0.00 0.00 2.679994
0.00 0.00 2.689990
0.00 0.00 2.699988
0.00 0.00 2.709992
0.00 0.00 2.719995
0.00 0.00 2.729996
0.00 0.00 2.739998
0.00 0.00 2.750002
0.00 0.00 2.760003
0.00 0.00 2.770005
0.00 0.00 2.780008
0.00 0.00 2.790009
0.00 0.00 2.800010
0.00 0.00 2.810010
0.00 0.00 2.820008
0.00 0.00 2.830006
0.00 0.00 2.840004
0.00 0.00 2.850001
0.00 0.00 2.859998
0.00 0.00 2.869995
0.00 0.00 2.879992
0.00 0.00 2.889991
0.00 0.00 2.899993
0.00 0.00 2.909996
0.00 0.00 2.920001
0.00 0.00 2.930003
0.00 0.00 2.940005
0.00 0.00 2.950007
0.00 0.00 2.960008
0.00 0.00 2.970010
0.00 0.00 2.980011
0.00 0.00 2.990011
0.00 0.00 3.000009
0.00 0.00 3.010005
0.00 0.00 3.020001
0.00 0.00 3.030001
0.00 0.00 3.040000
0.00 0.00 3.049998
0.00 0.00 3.059993
0.00 0.00 3.069989
0.00 0.00 3.079989
0.00 0.00 3.089990
0.00 0.00 3.099991
0.00 0.00 3.109993
0.00 0.00 3.119998
0.00 0.00 3.130002
0.00 0.00 3.140005
0.00 0.00 3.150008
0.00 0.00 3.160008
0.00 0.00 3.170009
0.00 0.00 3.180008
0.00 0.00 3.190009
0.00 0.00 3.200008
0.00 0.00 3.210007
0.00 0.00 3.220004
0.00 0.00 3.229999
0.00 0.00 3.239995
0.00 0.00 3.249994
0.00 0.00 3.259994
0.00 0.00 3.269995
0.00 0.00 3.279998
0.00 0.00 3.290000
0.00 0.00 3.300001
0.00 0.00 3.310002
0.00 0.00 3.320004
0.00 0.00 3.330006
0.00 0.00 3.340009
0.00 0.00 3.350010
0.00 0.00 3.360011
0.00 0.00 3.370010
0.00 0.00 3.380008
0.00 0.00 3.390005
0.00 0.00 3.400003
0.00 0.00 3.410001
0.00 0.00 3.419998
0.00 0.00 3.429996
0.00 0.00 3.439993
0.00 0.00 3.449992
0.00 0.00 3.459993
0.00 0.00 3.469995
0.00 0.00 3.479996
0.00 0.00 3.489997
0.00 0.00 3.499998
0.00 0.00 3.509999
0.00 0.00 3.520002
0.00 0.00 3.530005
0.00 0.00 3.540006
0.00 0.00 3.550007
0.00 0.00 3.560007
-0.00 0.00 3.570008
-0.00 0.00 3.580007
-0.00 0.00 3.590003
-0.00 0.00 3.599998
0.00 0.00 3.609995
0.00 0.00 3.619995
0.00 0.00 3.629994
0.00 0.00 3.639997
0.00 0.00 3.649998
0.00 0.00 3.660001
0.00 0.00 3.670002
0.00 0.00 3.680003
0.00 0.00 3.690004
0.00 0.00 3.700006
0.00 0.00 3.710010
0.00 0.00 3.720012
0.00 0.00 3.730012
-0.00 0.00 3.740009
-0.00 0.00 3.750006
-0.00 0.00 3.760007
-0.00 0.00 3.770008
-0.00 0.00 3.780005
-0.00 0.00 3.790001
-0.00 0.00 3.799996
0.00 0.00 3.809993
0.00 0.00 3.819991
0.00 0.00 3.829990
0.00 0.00 3.839990
0.00 0.00 3.849988
0.00 0.00 3.859989
0.00 0.00 3.869993
0.00 0.00 3.879999
0.00 0.00 3.890003
0.00 0.00 3.900007
0.00 0.00 3.910008
0.00 0.00 3.920007
-0.00 0.00 3.930007
-0.00 0.00 3.940007
-0.00 0.00 3.950007
-0.00 0.00 3.960007
-0.00 0.00 3.970003
-0.00 0.00 3.980003
-0.00 0.00 3.990001
-0.00 0.00 3.999999
-0.00 0.00 4.009994
-0.00 0.00 4.019993
0.00 0.00 4.029994
0.00 0.00 4.039998
0.00 0.00 4.049999
0.00 0.00 4.060001
0.00 0.00 4.070000
-0.00 0.00 4.080004
-0.00 0.00 4.090004
-0.00 0.00 4.100007
-0.00 0.00 4.110010
-0.00 0.00 4.120010
-0.00 0.00 4.130009
-0.00 0.00 4.140008
-0.00 0.00 4.150004
-0.00 0.00 4.160001
-0.00 0.00 4.169998
-0.00 0.00 4.179995
-0.00 0.00 4.189992
-0.00 0.00 4.199991
0.00 0.00 4.209992
0.00 0.00 4.219992
0.00 0.00 4.229991
0.00 0.00 4.239993
0.00 0.00 4.249997
0.00 0.00 4.260001
0.00 0.00 4.270004
-0.00 0.00 4.280006
-0.00 0.00 4.290007
-0.00 0.00 4.300007
-0.00 0.00 4.310006
-0.00 0.00 4.320007
-0.00 0.00 4.330006
-0.00 0.00 4.340004
-0.00 0.00 4.350001
-0.00 0.00 4.359998
-0.00 0.00 4.369999
-0.00 0.00 4.379997
-0.00 0.00 4.389998
-0.00 0.00 4.399998
-0.00 0.00 4.409998
-0.00 0.00 4.419999
-0.00 0.00 4.430002
-0.00 0.00 4.440003
-0.00 0.00 4.450007
-0.00 0.00 4.460008
-0.00 0.00 4.470010
-0.00 0.00 4.480008
-0.00 0.00 4.490010
-0.00 0.00 4.500011
-0.00 0.00 4.510012
-0.00 0.00 4.520008
-0.00 0.00 4.530006
-0.00 0.00 4.540002
-0.00 0.00 4.549999
-0.00 0.00 4.559997
-0.00 0.00 4.569992
-0.00 0.00 4.579992
-0.00 0.00 4.589990
-0.00 0.00 4.599990
0.00 0.00 4.609994
0.00 0.00 4.619996
-0.00 0.00 4.629997
-0.00 0.00 4.640000
-0.00 0.00 4.650003
-0.00 0.00 4.660005
-0.00 0.00 4.670006
-0.00 0.00 4.680006
-0.00 0.00 4.690003
-0.00 0.00 4.700002
-0.00 0.00 4.710001
-0.00 0.00 4.720000
-0.00 0.00 4.729999
-0.00 0.00 4.739997
-0.00 0.00 4.749995
-0.00 0.00 4.759992
-0.00 0.00 4.769990
-0.00 0.00 4.779990
-0.00 0.00 4.789994
-0.00 0.00 4.799998
-0.00 0.00 4.810002
-0.00 0.00 4.820003
-0.00 0.00 4.830006
-0.00 0.00 4.840010
-0.00 0.00 4.850012
-0.00 0.00 4.860014
-0.00 0.00 4.870014
-0.00 0.00 4.880014
-0.00 0.00 4.890013
-0.00 0.00 4.900012
-0.00 0.00 4.910009
-0.00 0.00 4.920006
-0.00 0.00 4.930002
-0.00 0.00 4.939997
-0.00 0.00 4.949993
-0.00 0.00 4.959991
-0.00 0.00 4.969993
-0.00 0.00 4.979995
-0.00 0.00 4.989996
-0.00 0.00 4.999996
-0.00 0.00 5.010000
-0.00 0.00 5.020002
-0.00 0.00 5.030004
-0.00 0.00 5.040006
-0.00 0.00 5.050007
-0.00 0.00 5.060006
-0.00 0.00 5.070003
-0.00 0.00 5.080002
-0.00 0.00 5.090001
-0.00 0.00 5.100000
-0.00 0.00 5.109996
-0.00 0.00 5.119993
-0.00 0.00 5.129990
-0.00 0.00 5.139988
-0.00 0.00 5.149986
-0.00 0.00 5.159988
-0.00 0.00 5.169991
-0.00 0.00 5.179996
-0.00 0.00 5.189998
-0.00 0.00 5.200001
-0.00 0.00 5.210002
-0.00 0.00 5.220005
-0.00 0.00 5.230008
-0.00 0.00 5.240009
-0.00 0.00 5.250011
-0.00 0.00 5.260010
-0.00 0.00 5.270009
-0.00 0.00 5.280008
-0.00 0.00 5.290006
-0.00 0.00 5.300004
-0.00 0.00 5.310001
-0.00 0.00 5.319999
-0.00 0.00 5.329999
-0.00 0.00 5.339999
-0.00 0.00 5.349998
-0.00 0.00 5.359999
-0.00 0.00 5.370000
-0.00 0.00 5.380001
-0.00 0.00 5.390003
-0.00 0.00 5.400005
-0.00 0.00 5.410007
-0.00 0.00 5.420007
-0.00 0.00 5.430008
-0.00 0.00 5.440006
-0.00 0.00 5.450005
-0.00 0.00 5.460002
-0.00 0.00 5.470000
-0.00 0.00 5.479997
-0.00 0.00 5.489994
-0.00 0.00 5.499992
-0.00 0.00 5.509991
-0.00 0.00 5.519992
-0.00 0.00 5.529991
-0.00 0.00 5.539993
-0.00 0.00 5.549997
-0.00 0.00 5.560000
-0.00 0.00 5.569999
-0.00 0.00 5.580001
-0.00 0.00 5.590002
-0.00 0.00 5.600002
-0.00 0.00 5.610004
-0.00 0.00 5.620005
-0.00 0.00 5.630005
-0.00 0.00 5.640003
-0.00 0.00 5.650003
-0.00 0.00 5.660000
-0.00 0.00 5.669997
-0.00 0.00 5.679996
-0.00 0.00 5.689994
-0.00 0.00 5.699992
-0.00 0.00 5.709991
-0.00 0.00 5.719993
-0.00 0.00 5.729994
-0.00 0.00 5.739995
-0.00 0.00 5.750000
-0.00 0.00 5.760004
-0.00 0.00 5.770007
-0.00 0.00 5.780007
-0.00 0.00 5.790007
-0.00 0.00 5.800009
-0.00 0.00 5.810013
-0.00 0.00 5.820014
-0.00 0.00 5.830013
-0.00 0.00 5.840007
-0.00 0.00 5.850003
-0.00 0.00 5.860001
-0.00 0.00 5.869999
-0.00 0.00 5.879998
-0.00 0.00 5.889999
-0.00 0.00 5.899997
-0.00 0.00 5.909997
-0.00 0.00 5.919999
-0.00 0.00 5.930000
-0.00 0.00 5.940002
-0.00 0.00 5.950003
-0.00 0.00 5.960005
-0.00 0.00 5.970007
-0.00 0.00 5.980006
-0.00 0.00 5.990006
-0.00 0.00 6.000008
-0.00 0.00 6.010009
-0.00 0.00 6.020009
-0.00 0.00 6.030005
-0.00 0.00 6.040003
-0.00 0.00 6.049999
-0.00 0.00 6.059995
-0.00 0.00 6.069991
-0.00 0.00 6.079988
-0.00 0.00 6.089988
-0.00 0.00 6.099992
-0.00 0.00 6.109995
-0.00 0.00 6.119996
-0.00 0.00 6.129996
-0.00 0.00 6.139999
-0.00 0.00 6.150001
-0.00 0.00 6.160005
-0.00 0.00 6.170008
-0.00 0.00 6.180009
-0.00 0.00 6.190008
-0.00 0.00 6.200007
-0.00 0.00 6.210006
-0.00 0.00 6.220004
-0.00 0.00 6.230004
-0.00 0.00 6.240004
-0.00 0.00 6.250001
-0.00 0.00 6.259998
-0.00 0.00 6.269994
-0.00 0.00 6.279994
-0.00 0.00 6.289996
-0.00 0.00 6.300000
-0.00 0.00 6.310000
-0.00 0.00 6.320001
-0.00 0.00 6.330000
-0.00 0.00 6.340005
-0.00 0.00 6.350006
-0.00 0.00 6.360007
-0.00 0.00 6.370010
-0.00 0.00 6.380011
-0.00 0.00 6.390012
-0.00 0.00 6.400012
-0.00 0.00 6.410008
-0.00 0.00 6.420003
-0.00 0.00 6.429995
-0.00 0.00 6.439991
-0.00 0.00 6.449992
-0.00 0.00 6.459994
-0.00 0.00 6.469994
-0.00 0.00 6.479993
-0.00 0.00 6.489994
-0.00 0.00 6.499997
-0.00 0.00 6.509998
-0.00 0.00 6.520002
-0.00 0.00 6.530002
-0.00 0.00 6.540004
-0.00 0.00 6.550007
-0.00 0.00 6.560008
-0.00 0.00 6.570009
-0.00 0.00 6.580008
-0.00 0.00 6.590004
-0.00 0.00 6.599999
-0.00 0.00 6.609995
-0.00 0.00 6.619996
-0.00 0.00 6.629997
-0.00 -0.00 6.639995
-0.00 -0.00 6.649993
-0.00 -0.00 6.659994
-0.00 -0.00 6.669996
-0.00 -0.00 6.680000
-0.00 -0.00 6.690001
-0.00 0.00 6.700004
-0.00 0.00 6.710007
-0.00 0.00 6.720010
-0.00 0.00 6.730013
-0.00 0.00 6.740015
-0.00 0.00 6.750015
-0.00 0.00 6.760007
-0.00 0.00 6.770007
-0.00 -0.00 6.780005
-0.00 -0.00 6.790011
-0.00 -0.00 6.799998
-0.00 -0.00 6.809995
-0.00 -0.00 6.819992
-0.00 -0.00 6.829998
-0.00 -0.00 6.839997
-0.00 -0.00 6.849997
-0.00 -0.00 6.859998
-0.00 -0.00 6.870001
-0.00 -0.00 6.880001
-0.00 -0.00 6.890000
-0.00 0.00 6.900000
-0.00 0.00 6.910002
-0.00 0.00 6.920003
-0.00 0.00 6.930005
-0.00 0.00 6.940004
-0.00 0.00 6.950003
-0.00 -0.00 6.960001
-0.00 -0.00 6.970000
-0.00 -0.00 6.979998
-0.00 -0.00 6.989993
-0.00 -0.00 6.999991
-0.00 -0.00 7.009988
-0.00 -0.00 7.019989
-0.00 -0.00 7.029988
-0.00 -0.00 7.039990
-0.00 -0.00 7.049991
-0.00 -0.00 7.059993
-0.00 -0.00 7.069996
-0.00 -0.00 7.079999
-0.00 -0.00 7.090001
-0.00 -0.00 7.100002
-0.00 -0.00 7.110005
-0.00 -0.00 7.120006
-0.00 -0.00 7.130008
-0.00 -0.00 7.140009
-0.00 -0.00 7.150009
-0.00 -0.00 7.160006
-0.00 -0.00 7.170003
-0.00 -0.00 7.180001
-0.00 -0.00 7.189998
-0.00 -0.00 7.199996
-0.00 -0.00 7.209996
-0.00 -0.00 7.219997
-0.00 -0.00 7.229996
-0.00 -0.00 7.239998
-0.00 -0.00 7.250000
-0.00 -0.00 7.260003
-0.00 -0.00 7.270005
-0.00 -0.00 7.280006
-0.00 -0.00 7.290007
-0.00 -0.00 7.300007
-0.00 -0.00 7.310009
-0.00 -0.00 7.320008
-0.00 -0.00 7.330007
-0.00 -0.00 7.340005
-0.00 -0.00 7.350004
-0.00 -0.00 7.360003
-0.00 -0.00 7.369999
-0.00 -0.00 7.379996
-0.00 -0.00 7.389995