0.0000 0.0000 0.0000 0.0000 1.0000 0.0000 1.0000 -0.0000 0.0000
0.0001 0.0201 0.0000 0.0102 0.9999 0.0000 0.9999 -0.0102 0.0000
0.0004 0.0400 0.0000 0.0206 0.9998 0.0000 0.9998 -0.0206 0.0000
0.0009 0.0597 0.0000 0.0312 0.9995 0.0000 0.9995 -0.0312 0.0000
0.0016 0.0792 0.0000 0.0421 0.9991 0.0000 0.9991 -0.0421 0.0000
0.0026 0.0985 0.0000 0.0531 0.9986 0.0000 0.9986 -0.0531 0.0000
0.0037 0.1175 0.0000 0.0644 0.9979 0.0000 0.9979 -0.0644 0.0000
0.0050 0.1364 0.0000 0.0759 0.9971 0.0000 0.9971 -0.0759 0.0000
0.0065 0.1551 0.0000 0.0876 0.9962 0.0000 0.9962 -0.0876 0.0000
0.0083 0.1736 0.0000 0.0995 0.9950 0.0000 0.9950 -0.0995 0.0000
0.0102 0.1918 0.0000 0.1117 0.9937 0.0000 0.9937 -0.1117 0.0000
0.0123 0.2099 0.0000 0.1240 0.9923 0.0000 0.9923 -0.1240 0.0000
0.0147 0.2277 0.0000 0.1366 0.9906 0.0000 0.9906 -0.1366 0.0000
0.0172 0.2454 0.0000 0.1495 0.9888 0.0000 0.9888 -0.1495 0.0000
0.0200 0.2628 0.0000 0.1625 0.9867 0.0000 0.9867 -0.1625 0.0000
0.0230 0.2801 0.0000 0.1758 0.9844 0.0000 0.9844 -0.1758 0.0000
0.0261 0.2971 0.0000 0.1893 0.9819 0.0000 0.9819 -0.1893 0.0000
0.0295 0.3139 0.0000 0.2030 0.9792 0.0000 0.9792 -0.2030 0.0000
0.0331 0.3306 0.0000 0.2169 0.9762 0.0000 0.9762 -0.2169 0.0000
0.0368 0.3470 0.0000 0.2311 0.9729 0.0000 0.9729 -0.2311 0.0000
0.0408 0.3632 0.0000 0.2454 0.9694 0.0000 0.9701 -0.2426 0.0000
0.0450 0.3792 0.0000 0.2600 0.9656 0.0000 0.9656 -0.2600 0.0000
0.0494 0.3951 0.0000 0.2747 0.9615 0.0000 0.9615 -0.2747 0.0000
0.0540 0.4107 0.0000 0.2897 0.9571 0.0000 0.9571 -0.2897 0.0000
0.0588 0.4261 0.0000 0.3048 0.9524 0.0000 0.9524 -0.3048 0.0000
0.0638 0.4413 0.0000 0.3201 0.9474 0.0000 0.9474 -0.3201 0.0000
0.0690 0.4563 0.0000 0.3355 0.9420 0.0000 0.9420 -0.3355 0.0000
0.0744 0.4711 0.0000 0.3511 0.9363 0.0000 0.9363 -0.3511 0.0000
0.0800 0.4857 0.0000 0.3669 0.9303 0.0000 0.9303 -0.3669 0.0000
0.0858 0.5001 0.0000 0.3827 0.9239 0.0000 0.9239 -0.3827 0.0000
0.0918 0.5142 0.0000 0.3987 0.9171 0.0000 0.9171 -0.3987 0.0000
0.0981 0.5282 0.0000 0.4148 0.9099 0.0000 0.9099 -0.4148 0.0000
0.1045 0.5420 0.0000 0.4310 0.9024 0.0000 0.9024 -0.4310 0.0000
0.1111 0.5556 0.0000 0.4472 0.8944 0.0000 0.8944 -0.4472 0.0000
0.1179 0.5689 0.0000 0.4635 0.8861 0.0000 0.8861 -0.4635 0.0000
0.1250 0.5821 0.0000 0.4798 0.8774 0.0000 0.8774 -0.4798 0.0000
0.1322 0.5950 0.0000 0.4961 0.8682 0.0000 0.8682 -0.4961 0.0000
0.1397 0.6078 0.0000 0.5125 0.8587 0.0000 0.8587 -0.5125 0.0000
0.1473 0.6203 0.0000 0.5287 0.8488 0.0000 0.8488 -0.5287 0.0000
0.1552 0.6327 0.0000 0.5450 0.8384 0.0000 0.8384 -0.5450 0.0000
0.1632 0.6448 0.0000 0.5612 0.8277 0.0000 0.8277 -0.5612 0.0000
0.1715 0.6568 0.0000 0.5772 0.8166 0.0000 0.8166 -0.5772 0.0000
0.1800 0.6685 0.0000 0.5932 0.8051 0.0000 0.8051 -0.5932 0.0000
0.1887 0.6800 0.0000 0.6090 0.7932 0.0000 0.7932 -0.6090 0.0000
0.1975 0.6914 0.0000 0.6247 0.7809 0.0000 0.7809 -0.6247 0.0000
0.2066 0.7025 0.0000 0.6402 0.7682 0.0000 0.7682 -0.6402 0.0000
0.2159 0.7134 0.0000 0.6555 0.7552 0.0000 0.7552 -0.6555 0.0000
0.2254 0.7241 0.0000 0.6705 0.7419 0.0000 0.7419 -0.6705 0.0000
0.2351 0.7346 0.0000 0.6854 0.7282 0.0000 0.7282 -0.6854 0.0000
0.2450 0.7449 0.0000 0.6999 0.7142 0.0000 0.7142 -0.6999 0.0000
0.2551 0.7550 0.0000 0.7142 0.6999 0.0000 0.6999 -0.7142 0.0000
0.2654 0.7649 0.0000 0.7282 0.6854 0.0000 0.6854 -0.7282 0.0000
0.2759 0.7746 0.0000 0.7419 0.6705 0.0000 0.6705 -0.7419 0.0000
0.2866 0.7841 0.0000 0.7552 0.6555 0.0000 0.6555 -0.7552 0.0000
0.2975 0.7934 0.0000 0.7682 0.6402 0.0000 0.6402 -0.7682 0.0000
0.3086 0.8025 0.0000 0.7809 0.6247 0.0000 0.6247 -0.7809 0.0000
0.3200 0.8113 0.0000 0.7932 0.6090 0.0000 0.6090 -0.7932 0.0000
0.3315 0.8200 0.0000 0.8051 0.5932 0.0000 0.5932 -0.8051 0.0000
0.3432 0.8285 0.0000 0.8166 0.5772 0.0000 0.5772 -0.8166 0.0000
0.3552 0.8368 0.0000 0.8277 0.5612 0.0000 0.5612 -0.8277 0.0000
0.3673 0.8448 0.0000 0.8384 0.5450 0.0000 0.5450 -0.8384 0.0000
0.3797 0.8527 0.0000 0.8488 0.5287 0.0000 0.5287 -0.8488 0.0000
0.3922 0.8603 0.0000 0.8587 0.5125 0.0000 0.5125 -0.8587 0.0000
0.4050 0.8678 0.0000 0.8682 0.4961 0.0000 0.4961 -0.8682 0.0000
0.4179 0.8750 0.0000 0.8774 0.4798 0.0000 0.4798 -0.8774 0.0000
0.4311 0.8821 0.0000 0.8861 0.4635 0.0000 0.4635 -0.8861 0.0000
0.4444 0.8889 0.0000 0.8944 0.4472 0.0000 0.4472 -0.8944 0.0000
0.4580 0.8955 0.0000 0.9024 0.4310 0.0000 0.4310 -0.9024 0.0000
0.4718 0.9019 0.0000 0.9099 0.4148 0.0000 0.4148 -0.9099 0.0000
0.4858 0.9082 0.0000 0.9171 0.3987 0.0000 0.3987 -0.9171 0.0000
0.4999 0.9142 0.0000 0.9239 0.3827 0.0000 0.3827 -0.9239 0.0000
0.5143 0.9200 0.0000 0.9303 0.3669 0.0000 0.3669 -0.9303 0.0000
0.5289 0.9256 0.0000 0.9363 0.3511 0.0000 0.3511 -0.9363 0.0000
0.5437 0.9310 0.0000 0.9420 0.3355 0.0000 0.3355 -0.9420 0.0000
0.5587 0.9362 0.0000 0.9474 0.3201 0.0000 0.3201 -0.9474 0.0000
0.5739 0.9412 0.0000 0.9524 0.3048 0.0000 0.3048 -0.9524 0.0000
0.5893 0.9460 0.0000 0.9571 0.2897 0.0000 0.2897 -0.9571 0.0000
0.6049 0.9506 0.0000 0.9615 0.2747 0.0000 0.2747 -0.9615 0.0000
0.6208 0.9550 0.0000 0.9656 0.2600 0.0000 0.2600 -0.9656 0.0000
0.6368 0.9592 0.0000 0.9694 0.2454 0.0000 0.2426 -0.9701 0.0000
0.6530 0.9632 0.0000 0.9729 0.2311 0.0000 0.2311 -0.9729 0.0000
0.6694 0.9669 0.0000 0.9762 0.2169 0.0000 0.2169 -0.9762 0.0000
0.6861 0.9705 0.0000 0.9792 0.2030 0.0000 0.2030 -0.9792 0.0000
0.7029 0.9739 0.0000 0.9819 0.1893 0.0000 0.1893 -0.9819 0.0000
0.7199 0.9770 0.0000 0.9844 0.1758 0.0000 0.1758 -0.9844 0.0000
0.7372 0.9800 0.0000 0.9867 0.1625 0.0000 0.1625 -0.9867 0.0000
0.7546 0.9828 0.0000 0.9888 0.1495 0.0000 0.1495 -0.9888 0.0000
0.7723 0.9853 0.0000 0.9906 0.1366 0.0000 0.1366 -0.9906 0.0000
0.7901 0.9877 0.0000 0.9923 0.1240 0.0000 0.1240 -0.9923 0.0000
0.8082 0.9898 0.0000 0.9937 0.1117 0.0000 0.1117 -0.9937 0.0000
0.8264 0.9917 0.0000 0.9950 0.0995 0.0000 0.0995 -0.9950 0.0000
0.8449 0.9935 0.0000 0.9962 0.0876 0.0000 0.0876 -0.9962 0.0000
0.8636 0.9950 0.0000 0.9971 0.0759 0.0000 0.0759 -0.9971 0.0000
0.8825 0.9963 0.0000 0.9979 0.0644 0.0000 0.0644 -0.9979 0.0000
0.9015 0.9974 0.0000 0.9986 0.0531 0.0000 0.0531 -0.9986 0.0000
0.9208 0.9984 0.0000 0.9991 0.0421 0.0000 0.0421 -0.9991 0.0000
0.9403 0.9991 0.0000 0.9995 0.0312 0.0000 0.0312 -0.9995 0.0000
0.9600 0.9996 0.0000 0.9998 0.0206 0.0000 0.0206 -0.9998 0.0000
0.9799 0.9999 0.0000 0.9999 0.0102 0.0000 0.0102 -0.9999 0.0000
1.0000 1.0000 0.0000 1.0000 0.0000 0.0000 0.0000 -1.0000 0.0000
