0.0000 0.0000 0.0000 0.0000 0.0000 1.0000 1.0000 0.0000 0.0000
0.0000 0.0000 0.0251 0.0000 0.0000 1.0000 0.9866 0.1634 -0.0000
0.0000 0.0000 0.0503 0.0000 0.0000 1.0000 0.9404 0.3401 -0.0000
0.0000 0.0000 0.0754 0.0000 0.0000 1.0000 0.8839 0.4677 -0.0000
0.0000 0.0000 0.1005 0.0000 0.0000 1.0000 0.7906 0.6123 -0.0000
0.0000 0.0000 0.1256 0.0000 0.0000 1.0000 0.7010 0.7132 -0.0000
0.0000 0.0000 0.1508 0.0000 0.0000 1.0000 0.5602 0.8284 -0.0000
0.0000 0.0000 0.1759 0.0000 0.0000 1.0000 0.4388 0.8986 -0.0000
0.0000 0.0000 0.2010 0.0000 0.0000 1.0000 0.2789 0.9603 -0.0000
0.0000 0.0000 0.2261 0.0000 0.0000 1.0000 0.1464 0.9892 -0.0000
0.0000 0.0000 0.2513 0.0000 0.0000 1.0000 -0.0346 0.9994 0.0000
0.0000 0.0000 0.2764 0.0000 0.0000 1.0000 -0.1748 0.9846 0.0000
0.0000 0.0000 0.3015 0.0000 0.0000 1.0000 -0.3396 0.9406 0.0000
0.0000 0.0000 0.3266 0.0000 0.0000 1.0000 -0.4646 0.8855 0.0000
0.0000 0.0000 0.3518 0.0000 0.0000 1.0000 -0.6162 0.7876 0.0000
0.0000 0.0000 0.3769 0.0000 0.0000 1.0000 -0.7214 0.6925 0.0000
0.0000 0.0000 0.4020 0.0000 0.0000 1.0000 -0.8281 0.5605 0.0000
0.0000 0.0000 0.4271 0.0000 0.0000 1.0000 -0.8972 0.4417 0.0000
0.0000 0.0000 0.4523 0.0000 0.0000 1.0000 -0.9617 0.2740 0.0000
0.0000 0.0000 0.4774 0.0000 0.0000 1.0000 -0.9909 0.1343 0.0000
0.0000 0.0000 0.5025 0.0000 0.0000 1.0000 -0.9994 -0.0342 0.0000
0.0000 0.0000 0.5276 0.0000 0.0000 1.0000 -0.9851 -0.1720 0.0000
0.0000 0.0000 0.5528 0.0000 0.0000 1.0000 -0.9388 -0.3446 0.0000
0.0000 0.0000 0.5779 0.0000 0.0000 1.0000 -0.8797 -0.4756 0.0000
0.0000 0.0000 0.6030 0.0000 0.0000 1.0000 -0.7878 -0.6159 0.0000
0.0000 0.0000 0.6281 0.0000 0.0000 1.0000 -0.6943 -0.7197 0.0000
0.0000 0.0000 0.6533 0.0000 0.0000 1.0000 -0.5560 -0.8312 0.0000
0.0000 0.0000 0.6784 0.0000 0.0000 1.0000 -0.4300 -0.9028 0.0000
0.0000 0.0000 0.7035 0.0000 0.0000 1.0000 -0.2743 -0.9616 0.0000
0.0000 0.0000 0.7286 0.0000 0.0000 1.0000 -0.1364 -0.9907 0.0000
0.0000 0.0000 0.7538 0.0000 0.0000 1.0000 0.0400 -0.9992 0.0000
0.0000 0.0000 0.7789 0.0000 0.0000 1.0000 0.1852 -0.9827 0.0000
0.0000 0.0000 0.8040 0.0000 0.0000 1.0000 0.3444 -0.9388 0.0000
0.0000 0.0000 0.8291 0.0000 0.0000 1.0000 0.4742 -0.8804 0.0000
0.0000 0.0000 0.8543 0.0000 0.0000 1.0000 0.6207 -0.7841 0.0000
0.0000 0.0000 0.8794 0.0000 0.0000 1.0000 0.7293 -0.6842 0.0000
0.0000 0.0000 0.9045 0.0000 0.0000 1.0000 0.8311 -0.5561 0.0000
0.0000 0.0000 0.9296 0.0000 0.0000 1.0000 0.9024 -0.4310 0.0000
0.0000 0.0000 0.9548 0.0000 0.0000 1.0000 0.9634 -0.2682 0.0000
0.0000 0.0000 0.9799 0.0000 0.0000 1.0000 0.9925 -0.1219 0.0000
0.0000 0.0000 1.0050 0.0000 0.0000 1.0000 0.9992 0.0400 -0.0000
0.0000 0.0000 1.0302 0.0000 0.0000 1.0000 0.9765 0.2156 -0.0000
0.0000 0.0000 1.0553 0.0000 0.0000 1.0000 0.9365 0.3506 -0.0000
0.0000 0.0000 1.0804 0.0000 0.0000 1.0000 0.8586 0.5126 -0.0000
0.0000 0.0000 1.1055 0.0000 0.0000 1.0000 0.7840 0.6207 -0.0000
0.0000 0.0000 1.1307 0.0000 0.0000 1.0000 0.6626 0.7490 -0.0000
0.0000 0.0000 1.1558 0.0000 0.0000 1.0000 0.5503 0.8350 -0.0000
0.0000 0.0000 1.1809 0.0000 0.0000 1.0000 0.3926 0.9197 -0.0000
0.0000 0.0000 1.2060 0.0000 0.0000 1.0000 0.2680 0.9634 -0.0000
0.0000 0.0000 1.2312 0.0000 0.0000 1.0000 0.0950 0.9955 -0.0000
0.0000 0.0000 1.2563 0.0000 0.0000 1.0000 -0.0473 0.9989 0.0000
0.0000 0.0000 1.2814 0.0000 0.0000 1.0000 -0.2238 0.9746 0.0000
0.0000 0.0000 1.3065 0.0000 0.0000 1.0000 -0.3510 0.9364 0.0000
0.0000 0.0000 1.3317 0.0000 0.0000 1.0000 -0.5091 0.8607 0.0000
0.0000 0.0000 1.3568 0.0000 0.0000 1.0000 -0.6268 0.7792 0.0000
0.0000 0.0000 1.3819 0.0000 0.0000 1.0000 -0.7546 0.6562 0.0000
0.0000 0.0000 1.4070 0.0000 0.0000 1.0000 -0.8353 0.5498 0.0000
0.0000 0.0000 1.4322 0.0000 0.0000 1.0000 -0.9182 0.3962 0.0000
0.0000 0.0000 1.4573 0.0000 0.0000 1.0000 -0.9656 0.2601 0.0000
0.0000 0.0000 1.4824 0.0000 0.0000 1.0000 -0.9963 0.0864 0.0000
0.0000 0.0000 1.5075 0.0000 0.0000 1.0000 -0.9988 -0.0480 0.0000
0.0000 0.0000 1.5327 0.0000 0.0000 1.0000 -0.9755 -0.2202 0.0000
0.0000 0.0000 1.5578 0.0000 0.0000 1.0000 -0.9333 -0.3591 0.0000
0.0000 0.0000 1.5829 0.0000 0.0000 1.0000 -0.8562 -0.5166 0.0000
0.0000 0.0000 1.6080 0.0000 0.0000 1.0000 -0.7786 -0.6275 0.0000
0.0000 0.0000 1.6332 0.0000 0.0000 1.0000 -0.6589 -0.7522 0.0000
0.0000 0.0000 1.6583 0.0000 0.0000 1.0000 -0.5421 -0.8403 0.0000
0.0000 0.0000 1.6834 0.0000 0.0000 1.0000 -0.3881 -0.9216 0.0000
0.0000 0.0000 1.7085 0.0000 0.0000 1.0000 -0.2589 -0.9659 0.0000
0.0000 0.0000 1.7337 0.0000 0.0000 1.0000 -0.0897 -0.9960 0.0000
0.0000 0.0000 1.7588 0.0000 0.0000 1.0000 0.0579 -0.9983 0.0000
0.0000 0.0000 1.7839 0.0000 0.0000 1.0000 0.2289 -0.9734 0.0000
0.0000 0.0000 1.8090 0.0000 0.0000 1.0000 0.3605 -0.9328 0.0000
0.0000 0.0000 1.8342 0.0000 0.0000 1.0000 0.5139 -0.8578 0.0000
0.0000 0.0000 1.8593 0.0000 0.0000 1.0000 0.6357 -0.7719 0.0000
0.0000 0.0000 1.8844 0.0000 0.0000 1.0000 0.7582 -0.6521 0.0000
0.0000 0.0000 1.9095 0.0000 0.0000 1.0000 0.8413 -0.5405 0.0000
0.0000 0.0000 1.9347 0.0000 0.0000 1.0000 0.9205 -0.3907 0.0000
0.0000 0.0000 1.9598 0.0000 0.0000 1.0000 0.9688 -0.2479 0.0000
0.0000 0.0000 1.9849 0.0000 0.0000 1.0000 0.9967 -0.0806 0.0000
0.0000 0.0000 2.0101 0.0000 0.0000 1.0000 0.9959 0.0907 -0.0000
0.0000 0.0000 2.0352 0.0000 0.0000 1.0000 0.9740 0.2263 -0.0000
0.0000 0.0000 2.0603 0.0000 0.0000 1.0000 0.9164 0.4002 -0.0000
0.0000 0.0000 2.0854 0.0000 0.0000 1.0000 0.8530 0.5219 -0.0000
0.0000 0.0000 2.1106 0.0000 0.0000 1.0000 0.7518 0.6593 -0.0000
0.0000 0.0000 2.1357 0.0000 0.0000 1.0000 0.6538 0.7566 -0.0000
0.0000 0.0000 2.1608 0.0000 0.0000 1.0000 0.5054 0.8629 -0.0000
0.0000 0.0000 2.1859 0.0000 0.0000 1.0000 0.3819 0.9242 -0.0000
0.0000 0.0000 2.2111 0.0000 0.0000 1.0000 0.2199 0.9755 -0.0000
0.0000 0.0000 2.2362 0.0000 0.0000 1.0000 0.0826 0.9966 -0.0000
0.0000 0.0000 2.2613 0.0000 0.0000 1.0000 -0.0992 0.9951 0.0000
0.0000 0.0000 2.2864 0.0000 0.0000 1.0000 -0.2358 0.9718 0.0000
0.0000 0.0000 2.3116 0.0000 0.0000 1.0000 -0.3963 0.9181 0.0000
0.0000 0.0000 2.3367 0.0000 0.0000 1.0000 -0.5205 0.8539 0.0000
0.0000 0.0000 2.3618 0.0000 0.0000 1.0000 -0.6658 0.7461 0.0000
0.0000 0.0000 2.3869 0.0000 0.0000 1.0000 -0.7631 0.6462 0.0000
0.0000 0.0000 2.4121 0.0000 0.0000 1.0000 -0.8608 0.5090 0.0000
0.0000 0.0000 2.4372 0.0000 0.0000 1.0000 -0.9237 0.3831 0.0000
0.0000 0.0000 2.4623 0.0000 0.0000 1.0000 -0.9774 0.2113 0.0000
0.0000 0.0000 2.4874 0.0000 0.0000 1.0000 -0.9974 0.0724 0.0000
0.0000 0.0000 2.5126 0.0000 0.0000 1.0000 -0.9955 -0.0951 0.0000
0.0000 0.0000 2.5377 0.0000 0.0000 1.0000 -0.9720 -0.2350 0.0000
0.0000 0.0000 2.5628 0.0000 0.0000 1.0000 -0.9145 -0.4046 0.0000
0.0000 0.0000 2.5879 0.0000 0.0000 1.0000 -0.8484 -0.5294 0.0000
0.0000 0.0000 2.6131 0.0000 0.0000 1.0000 -0.7487 -0.6629 0.0000
0.0000 0.0000 2.6382 0.0000 0.0000 1.0000 -0.6466 -0.7629 0.0000
0.0000 0.0000 2.6633 0.0000 0.0000 1.0000 -0.5011 -0.8654 0.0000
0.0000 0.0000 2.6884 0.0000 0.0000 1.0000 -0.3731 -0.9278 0.0000
0.0000 0.0000 2.7136 0.0000 0.0000 1.0000 -0.2150 -0.9766 0.0000
0.0000 0.0000 2.7387 0.0000 0.0000 1.0000 -0.0723 -0.9974 0.0000
0.0000 0.0000 2.7638 0.0000 0.0000 1.0000 0.1045 -0.9945 0.0000
0.0000 0.0000 2.7889 0.0000 0.0000 1.0000 0.2459 -0.9693 0.0000
0.0000 0.0000 2.8141 0.0000 0.0000 1.0000 0.4012 -0.9160 0.0000
0.0000 0.0000 2.8392 0.0000 0.0000 1.0000 0.5300 -0.8480 0.0000
0.0000 0.0000 2.8643 0.0000 0.0000 1.0000 0.6700 -0.7423 0.0000
0.0000 0.0000 2.8894 0.0000 0.0000 1.0000 0.7704 -0.6376 0.0000
0.0000 0.0000 2.9146 0.0000 0.0000 1.0000 0.8636 -0.5042 0.0000
0.0000 0.0000 2.9397 0.0000 0.0000 1.0000 0.9283 -0.3718 0.0000
0.0000 0.0000 2.9648 0.0000 0.0000 1.0000 0.9787 -0.2054 0.0000
0.0000 0.0000 2.9899 0.0000 0.0000 1.0000 0.9982 -0.0601 0.0000
0.0000 0.0000 3.0151 0.0000 0.0000 1.0000 0.9949 0.1011 -0.0000
0.0000 0.0000 3.0402 0.0000 0.0000 1.0000 0.9605 0.2783 -0.0000
0.0000 0.0000 3.0653 0.0000 0.0000 1.0000 0.9119 0.4104 -0.0000
0.0000 0.0000 3.0905 0.0000 0.0000 1.0000 0.8259 0.5639 -0.0000
0.0000 0.0000 3.1156 0.0000 0.0000 1.0000 0.7445 0.6676 -0.0000
0.0000 0.0000 3.1407 0.0000 0.0000 1.0000 0.6128 0.7902 -0.0000
0.0000 0.0000 3.1658 0.0000 0.0000 1.0000 0.4952 0.8688 -0.0000
0.0000 0.0000 3.1910 0.0000 0.0000 1.0000 0.3359 0.9419 -0.0000
0.0000 0.0000 3.2161 0.0000 0.0000 1.0000 0.2084 0.9780 -0.0000
0.0000 0.0000 3.2412 0.0000 0.0000 1.0000 0.0304 0.9995 -0.0000
0.0000 0.0000 3.2663 0.0000 0.0000 1.0000 -0.1117 0.9937 0.0000
0.0000 0.0000 3.2915 0.0000 0.0000 1.0000 -0.2827 0.9592 0.0000
0.0000 0.0000 3.3166 0.0000 0.0000 1.0000 -0.4078 0.9131 0.0000
0.0000 0.0000 3.3417 0.0000 0.0000 1.0000 -0.5637 0.8260 0.0000
0.0000 0.0000 3.3668 0.0000 0.0000 1.0000 -0.6758 0.7371 0.0000
0.0000 0.0000 3.3920 0.0000 0.0000 1.0000 -0.7931 0.6092 0.0000
0.0000 0.0000 3.4171 0.0000 0.0000 1.0000 -0.8675 0.4974 0.0000
0.0000 0.0000 3.4422 0.0000 0.0000 1.0000 -0.9419 0.3359 0.0000
0.0000 0.0000 3.4673 0.0000 0.0000 1.0000 -0.9804 0.1971 0.0000
0.0000 0.0000 3.4925 0.0000 0.0000 1.0000 -0.9997 0.0257 0.0000
0.0000 0.0000 3.5176 0.0000 0.0000 1.0000 -0.9940 -0.1094 0.0000
0.0000 0.0000 3.5427 0.0000 0.0000 1.0000 -0.9592 -0.2829 0.0000
0.0000 0.0000 3.5678 0.0000 0.0000 1.0000 -0.9081 -0.4187 0.0000
0.0000 0.0000 3.5930 0.0000 0.0000 1.0000 -0.8233 -0.5676 0.0000
0.0000 0.0000 3.6181 0.0000 0.0000 1.0000 -0.7384 -0.6743 0.0000
0.0000 0.0000 3.6432 0.0000 0.0000 1.0000 -0.6088 -0.7933 0.0000
0.0000 0.0000 3.6683 0.0000 0.0000 1.0000 -0.4866 -0.8736 0.0000
0.0000 0.0000 3.6935 0.0000 0.0000 1.0000 -0.3314 -0.9435 0.0000
0.0000 0.0000 3.7186 0.0000 0.0000 1.0000 -0.1988 -0.9800 0.0000
0.0000 0.0000 3.7437 0.0000 0.0000 1.0000 -0.0250 -0.9997 0.0000
0.0000 0.0000 3.7688 0.0000 0.0000 1.0000 0.1223 -0.9925 0.0000
0.0000 0.0000 3.7940 0.0000 0.0000 1.0000 0.2875 -0.9578 0.0000
0.0000 0.0000 3.8191 0.0000 0.0000 1.0000 0.4175 -0.9087 0.0000
0.0000 0.0000 3.8442 0.0000 0.0000 1.0000 0.5684 -0.8228 0.0000
0.0000 0.0000 3.8693 0.0000 0.0000 1.0000 0.6843 -0.7292 0.0000
0.0000 0.0000 3.8945 0.0000 0.0000 1.0000 0.7963 -0.6049 0.0000
0.0000 0.0000 3.9196 0.0000 0.0000 1.0000 0.8732 -0.4874 0.0000
0.0000 0.0000 3.9447 0.0000 0.0000 1.0000 0.9439 -0.3303 0.0000
0.0000 0.0000 3.9698 0.0000 0.0000 1.0000 0.9828 -0.1848 0.0000
0.0000 0.0000 3.9950 0.0000 0.0000 1.0000 0.9998 -0.0200 0.0000
0.0000 0.0000 4.0201 0.0000 0.0000 1.0000 0.9883 0.1528 -0.0000
0.0000 0.0000 4.0452 0.0000 0.0000 1.0000 0.9573 0.2890 -0.0000
0.0000 0.0000 4.0704 0.0000 0.0000 1.0000 0.8890 0.4579 -0.0000
0.0000 0.0000 4.0955 0.0000 0.0000 1.0000 0.8198 0.5726 -0.0000
0.0000 0.0000 4.1206 0.0000 0.0000 1.0000 0.7091 0.7051 -0.0000
0.0000 0.0000 4.1457 0.0000 0.0000 1.0000 0.6034 0.7975 -0.0000
0.0000 0.0000 4.1709 0.0000 0.0000 1.0000 0.4493 0.8934 -0.0000
0.0000 0.0000 4.1960 0.0000 0.0000 1.0000 0.3253 0.9456 -0.0000
0.0000 0.0000 4.2211 0.0000 0.0000 1.0000 0.1584 0.9874 -0.0000
0.0000 0.0000 4.2462 0.0000 0.0000 1.0000 0.0178 0.9998 -0.0000
0.0000 0.0000 4.2714 0.0000 0.0000 1.0000 -0.1625 0.9867 0.0000
0.0000 0.0000 4.2965 0.0000 0.0000 1.0000 -0.2942 0.9558 0.0000
0.0000 0.0000 4.3216 0.0000 0.0000 1.0000 -0.4531 0.8915 0.0000
0.0000 0.0000 4.3467 0.0000 0.0000 1.0000 -0.5748 0.8183 0.0000
0.0000 0.0000 4.3719 0.0000 0.0000 1.0000 -0.7121 0.7021 0.0000
0.0000 0.0000 4.3970 0.0000 0.0000 1.0000 -0.8008 0.5989 0.0000
0.0000 0.0000 4.4221 0.0000 0.0000 1.0000 -0.8910 0.4541 0.0000
0.0000 0.0000 4.4472 0.0000 0.0000 1.0000 -0.9466 0.3223 0.0000
0.0000 0.0000 4.4724 0.0000 0.0000 1.0000 -0.9889 0.1485 0.0000
0.0000 0.0000 4.4975 0.0000 0.0000 1.0000 -0.9999 0.0120 0.0000
0.0000 0.0000 4.5226 0.0000 0.0000 1.0000 -0.9875 -0.1574 0.0000
0.0000 0.0000 4.5477 0.0000 0.0000 1.0000 -0.9547 -0.2976 0.0000
0.0000 0.0000 4.5729 0.0000 0.0000 1.0000 -0.8868 -0.4621 0.0000
0.0000 0.0000 4.5980 0.0000 0.0000 1.0000 -0.8149 -0.5797 0.0000
0.0000 0.0000 4.6231 0.0000 0.0000 1.0000 -0.7057 -0.7085 0.0000
0.0000 0.0000 4.6482 0.0000 0.0000 1.0000 -0.5956 -0.8033 0.0000
0.0000 0.0000 4.6734 0.0000 0.0000 1.0000 -0.4449 -0.8956 0.0000
0.0000 0.0000 4.6985 0.0000 0.0000 1.0000 -0.3165 -0.9486 0.0000
0.0000 0.0000 4.7236 0.0000 0.0000 1.0000 -0.1533 -0.9882 0.0000
0.0000 0.0000 4.7487 0.0000 0.0000 1.0000 -0.0072 -1.0000 0.0000
0.0000 0.0000 4.7739 0.0000 0.0000 1.0000 0.1677 -0.9858 0.0000
0.0000 0.0000 4.7990 0.0000 0.0000 1.0000 0.3038 -0.9527 0.0000
0.0000 0.0000 4.8241 0.0000 0.0000 1.0000 0.4579 -0.8890 0.0000
0.0000 0.0000 4.8492 0.0000 0.0000 1.0000 0.5841 -0.8117 0.0000
0.0000 0.0000 4.8744 0.0000 0.0000 1.0000 0.7160 -0.6981 0.0000
0.0000 0.0000 4.8995 0.0000 0.0000 1.0000 0.8073 -0.5901 0.0000
0.0000 0.0000 4.9246 0.0000 0.0000 1.0000 0.8936 -0.4489 0.0000
0.0000 0.0000 4.9497 0.0000 0.0000 1.0000 0.9506 -0.3105 0.0000
0.0000 0.0000 4.9749 0.0000 0.0000 1.0000 0.9898 -0.1426 0.0000
0.0000 0.0000 5.0000 0.0000 0.0000 1.0000 1.0000 -0.0000 0.0000
