1480
-0.888372 0.459013 -0.010172 
-0.705796 0.708328 -0.011062 
-0.807445 0.589784 -0.013722 
-0.884277 0.466776 -0.013226 
-0.939091 0.343540 -0.009432 
-0.975190 0.221338 -0.003667 
-0.994669 0.103123 0.000144 
-0.999981 -0.006207 -0.000306 
-0.994467 -0.105032 -0.001728 
-0.980369 -0.197170 0.001054 
-0.957713 -0.287641 0.007007 
-0.925980 -0.377352 0.012949 
-0.886193 -0.463013 0.016786 
-0.840116 -0.542116 0.017766 
-0.788734 -0.614465 0.018237 
-0.732586 -0.680378 0.020107 
0.670417 0.741665 -0.021782 
0.599683 0.799949 -0.021482 
0.520737 0.853467 -0.020670 
0.436754 0.899348 -0.020465 
0.350221 0.936460 -0.019678 
0.260050 0.965437 -0.017468 
0.164120 0.986329 -0.014833 
0.065392 0.997773 -0.013178 
-0.031387 0.999425 -0.012818 
-0.125606 0.992009 -0.011927 
-0.216923 0.976133 -0.010467 
-0.303837 0.952689 -0.008133 
-0.387027 0.922047 -0.006313 
-0.467875 0.883767 -0.007020 
-0.544786 0.838517 -0.009824 
-0.614709 0.788664 -0.011899 
-0.677561 0.735382 -0.011157 
-0.736697 0.676160 -0.009225 
-0.798210 0.602321 -0.008416 
-0.869169 0.494444 -0.008423 
-0.943937 0.330072 -0.005873 
-0.993360 0.115041 -0.000840 
-0.993499 -0.113757 0.004296 
-0.950722 -0.309901 0.009469 
-0.892463 -0.450917 0.013575 
-0.837921 -0.545543 0.016435 
-0.791522 -0.610875 0.018026 
-0.751064 -0.659973 0.018399 
0.713763 0.700187 -0.016751 
0.676555 0.736241 -0.014946 
0.636940 0.770767 -0.014992 
0.596292 0.802585 -0.017116 
0.556894 0.830356 -0.019450 
0.518293 0.854959 -0.020420 
0.479319 0.877418 -0.019769 
0.440197 0.897737 -0.017140 
0.401718 0.915646 -0.014643 
0.363518 0.931494 -0.013176 
0.323893 0.946026 -0.011309 
0.282349 0.959269 -0.009042 
0.240559 0.970613 -0.006441 
0.200297 0.979731 -0.002871 
0.162124 0.986770 0.000871 
0.125338 0.992110 0.002694 
0.088688 0.996057 0.002428 
0.052763 0.998605 0.001830 
0.020938 0.999778 0.002093 
-0.003613 0.999992 0.001716 
-0.019281 0.999810 -0.002857 
-0.025687 0.999611 -0.010899 
-0.023130 0.999537 -0.019747 
-0.010584 0.999542 -0.028364 
0.014803 0.999201 -0.037112 
0.051737 0.997651 -0.044895 
0.090109 0.994671 -0.050103 
0.119607 0.991350 -0.054039 
0.138559 0.988667 -0.057784 
0.150928 0.986667 -0.060910 
0.159711 0.985246 -0.061498 
0.165040 0.984472 -0.059808 
0.166353 0.984478 -0.055944 
0.165026 0.984986 -0.050685 
0.164317 0.985364 -0.045370 
0.166163 0.985263 -0.040582 
0.170111 0.984757 -0.036282 
0.176958 0.983659 -0.033174 
0.188804 0.981521 -0.031134 
0.203277 0.978697 -0.028823 
0.216540 0.975949 -0.025165 
0.229131 0.973168 -0.021065 
0.240933 0.970398 -0.016719 
0.248618 0.968541 -0.010789 
0.250717 0.968047 -0.005080 
0.248326 0.968676 -0.000930 
0.242202 0.970222 0.002825 
0.231977 0.972696 0.007088 
0.216798 0.976165 0.010044 
0.197338 0.980274 0.011023 
0.175652 0.984390 0.011090 
0.153494 0.988077 0.012009 
0.131727 0.991200 0.013072 
0.110717 0.993774 0.012482 
0.091638 0.995750 0.009188 
0.077209 0.997009 0.003372 
0.069583 0.997567 -0.004198 
0.069145 0.997523 -0.012944 
0.075292 0.996896 -0.023019 
0.086322 0.995699 -0.033660 
0.098858 0.994125 -0.044086 
0.109638 0.992464 -0.054727 
0.117428 0.991004 -0.064196 
0.121796 0.989983 -0.071404 
0.121405 0.989756 -0.075125 
0.115531 0.990314 -0.077013 
0.105689 0.991450 -0.076529 
0.093791 0.992835 -0.074037 
0.080871 0.994229 -0.070487 
0.067802 0.995468 -0.066679 
0.056258 0.996483 -0.062095 
0.048053 0.997240 -0.056589 
0.043903 0.997812 -0.049430 
0.043923 0.998181 -0.041286 
0.048655 0.998233 -0.034122 
0.058170 0.997886 -0.028991 
0.071502 0.997139 -0.024517 
0.087884 0.995968 -0.018009 
0.107058 0.994204 -0.009867 
0.127678 0.991814 -0.001812 
0.147068 0.989115 0.004687 
0.162675 0.986633 0.009639 
0.172569 0.984899 0.013896 
0.176102 0.984208 0.017941 
0.174379 0.984442 0.021567 
0.168694 0.985351 0.025005 
0.158843 0.986927 0.027295 
0.145011 0.989072 0.026624 
0.129820 0.991266 0.023195 
0.115733 0.993097 0.019092 
0.103014 0.994577 0.014315 
0.091965 0.995742 0.006317 
0.084704 0.996393 -0.005113 
0.082474 0.996441 -0.017407 
0.083645 0.996051 -0.029759 
0.086077 0.995377 -0.042606 
0.088981 0.994520 -0.054885 
0.090981 0.993621 -0.066625 
0.089549 0.992945 -0.077730 
0.083769 0.992856 -0.084965 
0.074412 0.993264 -0.088821 
0.062185 0.993839 -0.091745 
0.047613 0.994572 -0.092522 
0.031471 0.995499 -0.089395 
0.014778 0.996301 -0.084655 
-0.000774 0.996731 -0.080788 
-0.013930 0.997005 -0.076068 
-0.024436 0.997339 -0.068682 
-0.031867 0.997776 -0.058539 
-0.034655 0.998273 -0.047443 
-0.031401 0.998816 -0.037144 
-0.022238 0.999341 -0.028681 
-0.007961 0.999740 -0.021379 
0.010738 0.999851 -0.013547 
0.032962 0.999450 -0.003781 
0.057504 0.998324 0.006595 
0.083024 0.996431 0.015279 
0.107240 0.993973 0.022750 
0.126562 0.991522 0.029438 
0.138089 0.989810 0.034759 
0.141212 0.989251 0.037968 
0.137670 0.989681 0.039731 
0.129755 0.990731 0.040206 
0.118743 0.992176 0.038564 
0.105692 0.993753 0.035826 
0.091933 0.995217 0.033026 
0.079251 0.996413 0.029655 
0.069078 0.997326 0.023874 
0.061567 0.997966 0.016552 
0.056088 0.998391 0.008334 
0.052311 0.998631 -0.000456 
0.049867 0.998707 -0.009835 
0.047848 0.998705 -0.017277 
0.045248 0.998754 -0.021045 
0.041834 0.998898 -0.021265 
0.037413 0.999127 -0.018597 
0.031272 0.999454 -0.010674 
0.023374 0.999715 0.004916 
0.014371 0.999551 0.026278 
0.004790 0.998588 0.052904 
-0.004407 0.996225 0.086699 
-0.011943 0.992096 0.124909 
-0.017665 0.986939 0.160125 
-0.021750 0.981489 0.190280 
-0.023118 0.975618 0.218253 
-0.019943 0.968733 0.247302 
-0.011784 0.961021 0.276225 
-0.000411 0.953601 0.301074 
0.012373 0.947119 0.320644 
0.026321 0.941219 0.336771 
0.041083 0.935545 0.350811 
0.055021 0.930318 0.362604 
0.067683 0.925635 0.372314 
0.079020 0.922104 0.378788 
0.086998 0.920402 0.381172 
0.090166 0.920271 0.380751 
0.089478 0.921060 0.379003 
0.085848 0.923655 0.373486 
0.079396 0.928845 0.361861 
0.070171 0.935941 0.345096 
0.058724 0.944140 0.324271 
0.046219 0.953335 0.298356 
0.033580 0.963745 0.264703 
0.021821 0.974067 0.225207 
0.012035 0.983310 0.181542 
0.004930 0.991209 0.132215 
0.000290 0.997120 0.075845 
-0.002441 0.999870 0.015964 
-0.003922 0.999020 -0.044081 
-0.005188 0.994450 -0.105086 
-0.007294 0.986235 -0.165186 
-0.010704 0.975679 -0.218942 
-0.015761 0.964637 -0.263109 
-0.023084 0.953632 -0.300089 
-0.032467 0.943000 -0.331206 
-0.042662 0.933519 -0.355980 
-0.052641 0.926308 -0.373070 
-0.061971 0.921614 -0.383128 
-0.070320 0.918930 -0.388103 
-0.076705 0.918302 -0.388378 
-0.079641 0.920311 -0.382994 
-0.077758 0.924283 -0.373704 
-0.070186 0.929111 -0.363081 
-0.057149 0.934731 -0.350731 
-0.040696 0.941165 -0.335487 
-0.023441 0.947677 -0.318370 
-0.007138 0.953795 -0.300374 
0.007250 0.959567 -0.281389 
0.018724 0.964804 -0.262303 
0.026469 0.969726 -0.242758 
0.030460 0.974782 -0.221071 
0.030993 0.980307 -0.195034 
0.028343 0.986158 -0.163370 
0.022770 0.991772 -0.125978 
0.014613 0.996408 -0.083409 
0.004720 0.999357 -0.035535 
-0.005806 0.999844 0.016665 
-0.015837 0.997455 0.069523 
-0.024022 0.992496 0.119891 
-0.029259 0.985674 0.166102 
-0.030973 0.977723 0.207601 
-0.028888 0.969677 0.242676 
-0.023238 0.962351 0.270816 
-0.014680 0.955510 0.294593 
-0.004267 0.948970 0.315338 
0.006885 0.943238 0.332047 
0.018103 0.938300 0.345348 
0.028465 0.934005 0.356123 
0.036174 0.930961 0.363322 
0.040292 0.929468 0.366695 
0.041710 0.928281 0.369534 
0.042039 0.926780 0.373245 
0.041720 0.926071 0.375037 
0.039567 0.927323 0.372165 
0.034612 0.930748 0.364019 
0.027786 0.935828 0.351360 
0.020383 0.942295 0.334161 
0.013074 0.950204 0.311356 
0.006549 0.959380 0.282040 
0.001522 0.969207 0.246243 
-0.001929 0.979120 0.203272 
-0.003754 0.988283 0.152586 
-0.003289 0.995491 0.094797 
-0.000709 0.999465 0.032699 
0.002170 0.999578 -0.028977 
0.003507 0.996100 -0.088159 
0.002378 0.989500 -0.144512 
-0.002266 0.980434 -0.196833 
-0.011109 0.969908 -0.243219 
-0.023175 0.959133 -0.282006 
-0.036422 0.949160 -0.312680 
-0.049784 0.940898 -0.335011 
-0.063086 0.935020 -0.348937 
-0.075337 0.931527 -0.355784 
-0.084684 0.929878 -0.357989 
-0.089575 0.929939 -0.356638 
-0.088914 0.931339 -0.353132 
-0.082543 0.934333 -0.346712 
-0.071931 0.938370 -0.338065 
-0.058966 0.942081 -0.330161 
-0.044714 0.945132 -0.323613 
-0.029683 0.947987 -0.316922 
-0.014970 0.950637 -0.309943 
-0.002585 0.953076 -0.302721 
0.006256 0.955773 -0.294039 
0.011931 0.959081 -0.282880 
0.015118 0.963744 -0.266401 
0.015899 0.970153 -0.241971 
0.013963 0.977589 -0.210058 
0.009658 0.985125 -0.171568 
0.004388 0.992020 -0.126002 
-0.000224 0.997305 -0.073373 
-0.003104 0.999890 -0.014512 
-0.004201 0.998915 0.046376 
-0.003548 0.994618 0.103550 
-0.000443 0.988041 0.154192 
0.005244 0.979935 0.199249 
0.012110 0.971000 0.238771 
0.017924 0.961809 0.273132 
0.021584 0.953119 0.301824 
0.023139 0.945459 0.324919 
0.022662 0.938861 0.343551 
0.020217 0.933224 0.358726 
0.017020 0.929221 0.369132 
0.014565 0.927146 0.374417 
0.012546 0.925808 0.377786 
0.009383 0.924734 0.380498 
0.004837 0.925048 0.379818 
0.000475 0.927149 0.374693 
-0.002596 0.929576 0.368623 
-0.004831 0.932574 0.360946 
-0.007388 0.937498 0.347911 
-0.010414 0.944794 0.327500 
-0.013124 0.953435 0.301313 
-0.014743 0.962365 0.271360 
-0.014054 0.971377 0.237127 
-0.010566 0.980418 0.196643 
-0.005207 0.988544 0.150844 
0.000407 0.994873 0.101131 
0.005064 0.998881 0.047022 
0.007658 0.999905 -0.011436 
0.007131 0.997474 -0.070680 
0.003097 0.991957 -0.126537 
-0.004257 0.984019 -0.178012 
-0.014278 0.974552 -0.223704 
-0.026020 0.964887 -0.261372 
-0.039236 0.956238 -0.289947 
-0.053108 0.949124 -0.310392 
-0.065273 0.943638 -0.324480 
-0.074007 0.939764 -0.333715 
-0.079111 0.937658 -0.338436 
-0.079953 0.937470 -0.338758 
-0.074483 0.938717 -0.336546 
-0.062001 0.940612 -0.333775 
-0.044981 0.942557 -0.331003 
-0.026261 0.943738 -0.329648 
-0.006586 0.944079 -0.329654 
0.012789 0.944363 -0.328656 
0.028936 0.944333 -0.327715 
0.039748 0.944521 -0.326036 
0.044815 0.946350 -0.320022 
0.044478 0.950315 -0.308095 
0.039433 0.955761 -0.291490 
0.031013 0.963305 -0.266613 
0.020905 0.972534 -0.231822 
0.010906 0.981790 -0.189656 
0.002491 0.989958 -0.141337 
-0.003560 0.996424 -0.084419 
-0.006542 0.999730 -0.022278 
-0.006094 0.999280 0.037441 
-0.002924 0.995721 0.092366 
0.001173 0.989464 0.144774 
0.004352 0.980866 0.194633 
0.005606 0.971142 0.238437 
0.004570 0.961487 0.274811 
0.001423 0.952729 0.303819 
-0.003603 0.945442 0.325772 
-0.010356 0.939435 0.342570 
-0.018676 0.934199 0.356263 
-0.027902 0.929881 0.366800 
-0.036832 0.926717 0.373950 
-0.044138 0.924538 0.378525 
-0.048686 0.924081 0.379083 
-0.050154 0.925770 0.374746 
-0.049305 0.928791 0.367311 
-0.046886 0.932289 0.358662 
-0.042793 0.936206 0.348836 
-0.037111 0.941048 0.336230 
-0.030062 0.947417 0.318587 
-0.021606 0.955181 0.295233 
-0.012448 0.963367 0.267898 
-0.003553 0.971014 0.238996 
0.004997 0.978708 0.205197 
0.012730 0.986450 0.163569 
0.017421 0.993184 0.115246 
0.017652 0.997825 0.063506 
0.014381 0.999855 0.009096 
0.008456 0.998821 -0.047803 
-0.000906 0.994559 -0.104168 
-0.014098 0.987799 -0.155093 
-0.029703 0.979881 -0.197361 
-0.045749 0.971784 -0.231394 
-0.060372 0.964041 -0.258806 
-0.071727 0.957083 -0.280799 
-0.078847 0.951876 -0.296169 
-0.081449 0.948601 -0.305813 
-0.078742 0.946274 -0.313631 
-0.069666 0.944227 -0.321843 
-0.054624 0.943044 -0.328153 
-0.035803 0.942990 -0.330889 
-0.015553 0.942821 -0.332937 
0.004618 0.941178 -0.337879 
0.022972 0.937999 -0.345875 
0.037558 0.935007 -0.352635 
0.047340 0.934093 -0.353876 
0.052089 0.935098 -0.350542 
0.052002 0.937669 -0.343618 
0.047778 0.942333 -0.331248 
0.040397 0.949368 -0.311558 
0.031146 0.958445 -0.283571 
0.021263 0.968545 -0.247930 
0.012114 0.978645 -0.205200 
0.004943 0.987916 -0.154909 
0.000189 0.995098 -0.098888 
-0.002421 0.999241 -0.038867 
-0.003361 0.999731 0.022971 
-0.003566 0.996464 0.083940 
-0.004519 0.989919 0.141562 
-0.007165 0.981067 0.193534 
-0.011953 0.971284 0.237621 
-0.019415 0.961494 0.274138 
-0.029616 0.951761 0.305408 
-0.041683 0.942508 0.331573 
-0.054210 0.934649 0.351416 
-0.065366 0.928947 0.364397 
-0.073866 0.925475 0.371537 
-0.079727 0.923682 0.374774 
-0.083099 0.923106 0.375461 
-0.082658 0.924185 0.372893 
-0.077326 0.927186 0.366534 
-0.067746 0.931237 0.358061 
-0.055142 0.935744 0.348341 
-0.041032 0.940759 0.336584 
-0.026816 0.946149 0.322618 
-0.013126 0.952052 0.305655 
0.000186 0.958453 0.285250 
0.012531 0.965088 0.261628 
0.021828 0.971777 0.234890 
0.026453 0.978578 0.204168 
0.027292 0.985393 0.168096 
0.025786 0.991665 0.126238 
0.021464 0.996707 0.078190 
0.013934 0.999545 0.026745 
0.004502 0.999658 -0.025756 
-0.005396 0.996936 -0.078030 
-0.015611 0.991825 -0.126643 
-0.026106 0.985152 -0.169686 
-0.035717 0.977663 -0.207124 
-0.042553 0.970242 -0.238367 
-0.045177 0.964074 -0.261763 
-0.043066 0.959518 -0.278335 
-0.035796 0.955340 -0.293332 
-0.023059 0.950916 -0.308589 
-0.005479 0.946960 -0.321306 
0.015046 0.943796 -0.330187 
0.035846 0.940406 -0.338160 
0.054410 0.936114 -0.347463 
0.068557 0.931464 -0.357317 
0.076816 0.927830 -0.365009 
0.079258 0.926287 -0.368389 
0.076986 0.926981 -0.367123 
0.071408 0.929171 -0.362687 
0.063260 0.932650 -0.355192 
0.052772 0.938207 -0.342027 
0.040567 0.946493 -0.320165 
0.027897 0.956877 -0.289150 
0.015892 0.967565 -0.252122 
0.005450 0.977709 -0.209893 
-0.002603 0.987076 -0.160231 
-0.007655 0.994658 -0.102942 
-0.009358 0.999071 -0.042068 
-0.008129 0.999784 0.019116 
-0.006335 0.996894 0.078503 
-0.006752 0.990726 0.135709 
-0.010095 0.981982 0.188704 
-0.015635 0.971784 0.235356 
-0.022685 0.961423 0.274137 
-0.030987 0.951963 0.304641 
-0.040007 0.944136 0.327118 
-0.048446 0.938051 0.343093 
-0.054834 0.933744 0.353717 
-0.058731 0.931380 0.359279 
-0.060148 0.931285 0.359292 
-0.058399 0.932389 0.356707 
-0.052399 0.933403 0.354984 
-0.041338 0.934535 0.353462 
-0.025419 0.937197 0.347872 
-0.006410 0.941350 0.337372 
0.013247 0.945471 0.325436 
0.030959 0.948581 0.315016 
0.044188 0.951223 0.305324 
0.051514 0.954907 0.292401 
0.053129 0.960465 0.273283 
0.050264 0.967138 0.249232 
0.044237 0.974235 0.221153 
0.035923 0.981607 0.187503 
0.025549 0.988693 0.147763 
0.013536 0.994598 0.102919 
0.001857 0.998553 0.053737 
-0.007067 0.999975 0.000281 
-0.012649 0.998408 -0.054976 
-0.015425 0.994098 -0.107383 
-0.015469 0.988228 -0.152203 
-0.012667 0.981881 -0.189074 
-0.006981 0.975078 -0.221753 
0.001786 0.967799 -0.251716 
0.013450 0.960912 -0.276526 
0.026502 0.954686 -0.296432 
0.038859 0.948592 -0.314108 
0.049204 0.942280 -0.331189 
0.057066 0.936436 -0.346167 
0.062490 0.931860 -0.357397 
0.066202 0.928464 -0.365475 
0.068038 0.925800 -0.371839 
0.066484 0.924162 -0.376170 
0.061142 0.924073 -0.377295 
0.053505 0.925973 -0.373779 
0.044663 0.930196 -0.364337 
0.034593 0.935902 -0.350558 
0.023542 0.942141 -0.334389 
0.013209 0.949490 -0.313519 
0.005592 0.958398 -0.285379 
0.000940 0.968120 -0.250485 
-0.002133 0.977853 -0.209281 
-0.004338 0.986910 -0.161214 
-0.005059 0.994174 -0.107667 
-0.004151 0.998675 -0.051302 
-0.003310 0.999966 0.007507 
-0.004549 0.997693 0.067728 
-0.008164 0.992110 0.125103 
-0.013773 0.984049 0.177365 
-0.021390 0.974523 0.223263 
-0.030940 0.964294 0.263022 
-0.041396 0.954262 0.296093 
-0.050792 0.945623 0.321274 
-0.057434 0.939722 0.337082 
-0.060581 0.936236 0.346110 
-0.060097 0.934399 0.351121 
-0.055667 0.933709 0.353678 
-0.046719 0.934197 0.353686 
-0.033805 0.936286 0.349609 
-0.018688 0.939352 0.342445 
-0.002808 0.942302 0.334754 
0.013177 0.944104 0.329384 
0.027928 0.945585 0.324173 
0.039669 0.947679 0.316749 
0.047513 0.950317 0.307636 
0.051134 0.953539 0.296900 
0.050423 0.958056 0.282109 
0.045919 0.963957 0.262065 
0.038614 0.970852 0.236547 
0.029575 0.978134 0.205861 
0.019780 0.985452 0.168801 
0.010299 0.992168 0.124486 
0.002562 0.997328 0.073013 
-0.002117 0.999859 0.016680 
-0.003668 0.999221 -0.039303 
-0.002827 0.995793 -0.091587 
0.000628 0.990241 -0.139361 
0.006666 0.983047 -0.183232 
0.014201 0.974836 -0.222469 
0.022206 0.966539 -0.255558 
0.029473 0.958717 -0.282830 
0.034509 0.951241 -0.306513 
0.036967 0.944025 -0.327795 
0.037325 0.937739 -0.345330 
0.035487 0.932509 -0.359399 
0.031308 0.928335 -0.370423 
0.025838 0.926058 -0.376496 
0.019887 0.925167 -0.379038 
0.012940 0.924941 -0.379891 
0.005126 0.926006 -0.377474 
-0.002559 0.928603 -0.371065 
-0.009358 0.932743 -0.360420 
-0.014953 0.938021 -0.346256 
-0.019267 0.944585 -0.327702 
-0.022236 0.952693 -0.303120 
-0.023489 0.961497 -0.273808 
-0.022404 0.970440 -0.240300 
-0.018499 0.979230 -0.201907 
-0.012409 0.987431 -0.157562 
-0.005724 0.994184 -0.107541 
-0.000150 0.998546 -0.053903 
0.002719 0.999995 0.001389 
0.002062 0.998394 0.056610 
-0.002212 0.993840 0.110801 
-0.009795 0.986788 0.161718 
-0.019606 0.978480 0.205408 
-0.029966 0.970132 0.240720 
-0.039952 0.962037 0.269978 
-0.049476 0.954994 0.292470 
-0.057491 0.949920 0.307158 
-0.061961 0.946385 0.317043 
-0.061403 0.943637 0.325237 
-0.055368 0.942296 0.330170 
-0.043805 0.942571 0.331120 
-0.027684 0.942991 0.331664 
-0.009482 0.942661 0.333616 
0.008047 0.941626 0.336566 
0.023278 0.940517 0.338947 
0.035286 0.939870 0.339705 
0.043311 0.940518 0.336971 
0.046928 0.942625 0.330538 
0.046224 0.945775 0.321518 
0.041931 0.949563 0.310760 
0.035115 0.955017 0.294465 
0.026655 0.962769 0.269009 
0.017572 0.971823 0.235057 
0.009442 0.981027 0.193640 
0.003779 0.989591 0.143860 
0.001157 0.996107 0.088145 
0.001129 0.999505 0.031449 
0.002935 0.999683 -0.024992 
0.006305 0.996638 -0.081690 
0.011004 0.990635 -0.136090 
0.015627 0.982604 -0.185056 
0.017722 0.973427 -0.228312 
0.015789 0.963913 -0.265748 
0.010155 0.954665 -0.297508 
0.002094 0.946306 -0.323265 
-0.007352 0.939455 -0.342595 
-0.017712 0.934145 -0.356452 
-0.028384 0.929918 -0.366669 
-0.038348 0.926862 -0.373438 
-0.046972 0.925193 -0.376578 
-0.053992 0.924624 -0.377034 
-0.058635 0.925632 -0.373855 
-0.060699 0.928616 -0.366045 
-0.060949 0.932799 -0.355206 
-0.059569 0.936905 -0.344471 
-0.055986 0.941508 -0.332308 
-0.050166 0.947513 -0.315756 
-0.042358 0.955038 -0.293441 
-0.032180 0.963299 -0.266495 
-0.020294 0.971771 -0.235051 
-0.008665 0.979813 -0.199731 
0.001080 0.986714 -0.162460 
0.007839 0.992708 -0.120286 
0.010573 0.997528 -0.069465 
0.008873 0.999880 -0.012701 
0.003338 0.999048 0.043495 
-0.004825 0.995327 0.096443 
-0.014190 0.989169 0.146096 
-0.023841 0.981279 0.191108 
-0.033922 0.972876 0.228827 
-0.044185 0.964983 0.258566 
-0.052869 0.958260 0.280969 
-0.057936 0.953349 0.296258 
-0.058227 0.950054 0.306604 
-0.053671 0.947281 0.315875 
-0.044701 0.944495 0.325470 
-0.031532 0.942456 0.332841 
-0.014882 0.941444 0.336841 
0.003318 0.940437 0.339950 
0.020862 0.939105 0.342997 
0.036069 0.938197 0.344216 
0.047626 0.937570 0.344521 
0.054537 0.937410 0.343930 
0.056129 0.938756 0.339979 
0.052796 0.941940 0.331604 
0.046126 0.946645 0.318960 
0.037463 0.952982 0.300703 
0.028306 0.960700 0.276142 
0.019410 0.969433 0.244588 
0.011565 0.979064 0.203223 
0.005566 0.988326 0.152255 
0.002623 0.995362 0.096165 
0.002769 0.999294 0.037476 
0.004300 0.999760 -0.021496 
0.005063 0.996757 -0.080308 
0.003941 0.990612 -0.136647 
0.001364 0.982420 -0.186679 
-0.002366 0.973437 -0.228941 
-0.008777 0.963472 -0.267665 
-0.018833 0.952983 -0.302436 
-0.031283 0.943772 -0.329114 
-0.044333 0.936474 -0.347923 
-0.057121 0.930616 -0.361512 
-0.069035 0.926369 -0.370235 
-0.078862 0.924098 -0.373929 
-0.085039 0.923408 -0.374281 
-0.086155 0.924292 -0.371836 
-0.081921 0.927151 -0.365622 
-0.073248 0.931938 -0.355143 
-0.061178 0.937663 -0.342119 
-0.046684 0.943413 -0.328318 
-0.030732 0.949084 -0.313520 
-0.014134 0.954489 -0.297910 
0.001983 0.959747 -0.280859 
0.015651 0.965642 -0.259406 
0.024935 0.971991 -0.233691 
0.028909 0.978491 -0.204254 
0.028001 0.985070 -0.169859 
0.023507 0.991201 -0.130260 
0.016618 0.996151 -0.086063 
0.007910 0.999296 -0.036686 
-0.002483 0.999840 0.017738 
-0.014054 0.997321 0.071792 
-0.025182 0.992500 0.119621 
-0.034019 0.986227 0.161861 
-0.039744 0.978952 0.200181 
-0.042242 0.971513 0.233193 
-0.040795 0.964986 0.259111 
-0.034329 0.959642 0.279122 
-0.022888 0.954870 0.296140 
-0.007671 0.950445 0.310798 
0.009961 0.946347 0.323000 
0.028299 0.942391 0.333314 
0.045161 0.938477 0.342375 
0.058197 0.934625 0.350840 
0.066617 0.931278 0.358166 
0.070794 0.929259 0.362581 
0.071182 0.928836 0.363590 
0.068004 0.929722 0.361928 
0.061733 0.932034 0.357074 
0.053390 0.935834 0.348374 
0.044208 0.941015 0.335464 
0.034741 0.947865 0.316772 
0.025377 0.956886 0.289354 
0.017109 0.967525 0.252195 
0.010806 0.978295 0.206935 
0.006355 0.987525 0.157336 
0.002874 0.994518 0.104526 
-0.000075 0.998966 0.045457 
-0.001913 0.999832 -0.018215 
-0.002585 0.996822 -0.079623 
-0.003329 0.990781 -0.135435 
-0.005975 0.982340 -0.187012 
-0.011957 0.971999 -0.234680 
-0.020990 0.960997 -0.275760 
-0.031082 0.950838 -0.308126 
-0.040362 0.942497 -0.331769 
-0.048771 0.936341 -0.347687 
-0.056986 0.931621 -0.358935 
-0.064344 0.928299 -0.366225 
-0.068988 0.927307 -0.367889 
-0.069345 0.928980 -0.363575 
-0.064256 0.931902 -0.356972 
-0.053612 0.935273 -0.349844 
-0.038711 0.938725 -0.342485 
-0.021062 0.942650 -0.333118 
-0.002021 0.947233 -0.320541 
0.016079 0.951750 -0.306454 
0.030686 0.955919 -0.292023 
0.040899 0.959919 -0.277278 
0.046770 0.964046 -0.261589 
0.047943 0.968870 -0.242885 
0.044205 0.974736 -0.218941 
0.036597 0.981468 -0.188098 
0.026678 0.988458 -0.149132 
0.015298 0.994659 -0.102073 
0.003355 0.998754 -0.049793 
-0.007407 0.999965 0.003821 
-0.015362 0.998279 0.056591 
-0.020164 0.994135 0.106246 
-0.022334 0.988184 0.151637 
-0.021263 0.981363 0.190984 
-0.015257 0.974273 0.224854 
-0.004095 0.966627 0.256155 
0.010430 0.959003 0.283204 
0.026656 0.952477 0.303442 
0.043451 0.946904 0.318567 
0.058585 0.940803 0.333852 
0.069534 0.934282 0.349688 
0.075524 0.929396 0.361275 
0.077603 0.927023 0.366888 
0.076790 0.926751 0.367743 
0.073013 0.927482 0.366669 
0.066228 0.928422 0.365577 
0.057003 0.929920 0.363318 
0.046050 0.932895 0.357193 
0.034168 0.938100 0.344675 
0.022467 0.944633 0.327358 
0.012422 0.951769 0.306563 
0.004981 0.959765 0.280761 
-0.000219 0.968800 0.247845 
-0.003518 0.978264 0.207334 
-0.004460 0.987074 0.160205 
-0.002983 0.994283 0.106737 
-0.000465 0.998819 0.048579 
0.000877 0.999941 -0.010836 
-0.000397 0.997584 -0.069464 
-0.004048 0.991979 -0.126341 
-0.009547 0.983719 -0.179459 
-0.017248 0.973919 -0.226238 
-0.027275 0.963768 -0.265345 
-0.038468 0.954264 -0.296480 
-0.049032 0.946121 -0.320079 
-0.057292 0.939845 -0.336763 
-0.061827 0.936148 -0.346127 
-0.061675 0.935533 -0.347814 
-0.056323 0.936646 -0.345720 
-0.045828 0.938034 -0.343499 
-0.031189 0.939422 -0.341339 
-0.013726 0.941168 -0.337661 
0.005417 0.943479 -0.331388 
0.024767 0.945777 -0.323871 
0.042306 0.947661 -0.316462 
0.055891 0.948858 -0.310715 
0.063862 0.949654 -0.306724 
0.065833 0.951125 -0.301707 
0.062393 0.954904 -0.290286 
0.053940 0.961053 -0.271050 
0.041500 0.968633 -0.245005 
0.027748 0.976769 -0.212490 
0.015235 0.984962 -0.172096 
0.004851 0.992434 -0.122681 
-0.003172 0.997717 -0.067459 
-0.008243 0.999886 -0.012669 
-0.009651 0.999157 0.039890 
-0.007116 0.995704 0.092316 
-0.000974 0.989625 0.143674 
0.007960 0.981828 0.189604 
0.018277 0.973519 0.227873 
0.028589 0.965334 0.259447 
0.037637 0.957326 0.286550 
0.044121 0.949642 0.310215 
0.047696 0.942403 0.331063 
0.049263 0.936363 0.347560 
0.049313 0.932467 0.357875 
0.046970 0.929906 0.364787 
0.041415 0.927638 0.371176 
0.033248 0.925928 0.376234 
0.023422 0.926192 0.376324 
0.012735 0.928282 0.371659 
0.002341 0.930608 0.366009 
-0.006784 0.933373 0.358844 
-0.014246 0.938361 0.345364 
-0.019792 0.945417 0.325263 
-0.023449 0.953467 0.300585 
-0.025472 0.961715 0.272865 
-0.025345 0.970090 0.241420 
-0.022152 0.978507 0.205018 
-0.016129 0.986826 0.160981 
-0.008994 0.994064 0.108426 
-0.002583 0.998719 0.050541 
0.001891 0.999965 -0.008148 
0.003333 0.997860 -0.065298 
0.001083 0.992719 -0.120451 
-0.004505 0.985064 -0.172128 
-0.012227 0.976138 -0.216808 
-0.021419 0.967292 -0.252761 
-0.031539 0.959152 -0.281126 
-0.041141 0.951899 -0.303638 
-0.048619 0.946454 -0.319157 
-0.052669 0.943667 -0.326678 
-0.051800 0.942852 -0.329160 
-0.044896 0.942880 -0.330095 
-0.032451 0.943332 -0.330260 
-0.016365 0.943689 -0.330427 
0.001356 0.943949 -0.330087 
0.018999 0.944492 -0.327984 
0.034815 0.944881 -0.325559 
0.047060 0.944657 -0.324666 
0.054743 0.944488 -0.323953 
0.057526 0.945472 -0.320583 
0.055185 0.947350 -0.315410 
0.048322 0.950473 -0.307028 
0.038603 0.955787 -0.291515 
0.027872 0.963544 -0.266095 
0.017459 0.972625 -0.231723 
0.008236 0.981741 -0.190046 
0.001158 0.989892 -0.141816 
-0.003082 0.996096 -0.088218 
-0.004097 0.999512 -0.030980 
-0.001559 0.999613 0.027791 
0.004435 0.996186 0.087145 
0.012865 0.989500 0.143957 
0.021889 0.980783 0.193872 
0.029529 0.971458 0.235366 
0.034130 0.961832 0.271506 
0.034864 0.952216 0.303430 
0.032055 0.944062 0.328205 
0.026529 0.938401 0.344528 
0.019192 0.934111 0.356466 
0.010842 0.930324 0.366579 
0.001634 0.927968 0.372656 
-0.008334 0.927850 0.372859 
-0.018106 0.928715 0.370353 
-0.026364 0.929578 0.367682 
-0.032775 0.931104 0.363279 
-0.037611 0.934278 0.354555 
-0.040431 0.938457 0.343021 
-0.040675 0.943216 0.329680 
-0.038879 0.949247 0.312120 
-0.035619 0.956421 0.289809 
-0.030405 0.963712 0.265207 
-0.023036 0.970980 0.238048 
-0.014311 0.978423 0.206118 
-0.005340 0.985996 0.166685 
0.002288 0.992986 0.118207 
0.006673 0.997972 0.063297 
0.006700 0.999961 0.005768 
0.002863 0.998685 -0.051186 
-0.003594 0.994380 -0.105810 
-0.012067 0.987599 -0.156530 
-0.022156 0.979298 -0.201209 
-0.032604 0.970861 -0.237416 
-0.041790 0.963432 -0.264675 
-0.048318 0.957603 -0.284009 
-0.050719 0.953324 -0.297658 
-0.047885 0.950469 -0.307108 
-0.039964 0.948809 -0.313313 
-0.028005 0.947705 -0.317917 
-0.012862 0.946158 -0.323451 
0.004930 0.944280 -0.329107 
0.024344 0.942530 -0.333232 
0.043283 0.940610 -0.336719 
0.058940 0.938409 -0.340463 
0.069123 0.936635 -0.343418 
0.073186 0.935650 -0.345258 
0.072105 0.935685 -0.345392 
0.067083 0.938036 -0.339983 
0.058673 0.943197 -0.327012 
0.047656 0.950610 -0.306707 
0.035406 0.959820 -0.278374 
0.023479 0.970253 -0.240951 
0.013435 0.980215 -0.197482 
0.006510 0.988697 -0.149786 
0.002937 0.995402 -0.095744 
0.002287 0.999398 -0.034631 
0.003937 0.999524 0.030591 
0.006684 0.995761 0.091732 
0.008808 0.989483 0.144378 
0.008952 0.981281 0.192373 
0.006238 0.971178 0.238275 
0.000551 0.960781 0.277307 
-0.007752 0.951695 0.306947 
-0.018480 0.944022 0.329365 
-0.031101 0.937898 0.345514 
-0.044109 0.933291 0.356402 
-0.056143 0.929517 0.364480 
-0.066754 0.927202 0.368566 
-0.075019 0.926898 0.367740 
-0.079569 0.927763 0.364590 
-0.080290 0.929477 0.360035 
-0.078267 0.932540 0.352483 
-0.073813 0.936474 0.342881 
-0.066123 0.940720 0.332677 
-0.054733 0.945439 0.321168 
-0.040565 0.950861 0.306949 
-0.025601 0.957176 0.288372 
-0.011633 0.964062 0.265423 
0.000197 0.970897 0.239499 
0.008941 0.977771 0.209484 
0.014097 0.984837 0.172908 
0.015607 0.991578 0.128569 
0.013440 0.996822 0.078518 
0.007970 0.999670 0.024441 
-0.000039 0.999496 -0.031743 
-0.010097 0.996214 -0.086341 
-0.021657 0.990588 -0.135153 
-0.033495 0.983714 -0.176592 
-0.044009 0.976349 -0.211672 
-0.051377 0.968869 -0.242183 
-0.054064 0.962427 -0.266103 
-0.051626 0.957673 -0.283192 
-0.044502 0.954346 -0.295369 
-0.033488 0.951656 -0.305335 
-0.019306 0.949082 -0.314437 
-0.002347 0.946517 -0.322646 
0.016202 0.943719 -0.330352 
0.033737 0.940024 -0.339435 
0.048051 0.935844 -0.349124 
0.058315 0.932426 -0.356624 
0.064269 0.930410 -0.360843 
0.065514 0.929500 -0.362957 
0.062117 0.930062 -0.362113 
0.054906 0.932819 -0.356136 
0.045021 0.937990 -0.343728 
0.034022 0.945709 -0.323228 
0.023916 0.955867 -0.292824 
0.016017 0.967118 -0.253822 
0.010455 0.977999 -0.208349 
0.006985 0.987494 -0.157505 
0.005244 0.994892 -0.100812 
0.004748 0.999187 -0.040027 
0.004891 0.999740 0.022263 
0.004773 0.996360 0.085108 
0.003440 0.989274 0.146032 
0.000042 0.979855 0.199710 
-0.006109 0.969768 0.243950 
-0.014945 0.959835 0.280167 
-0.025523 0.950310 0.310257 
-0.036888 0.942198 0.333020 
-0.048484 0.936002 0.348641 
-0.059235 0.931969 0.357666 
-0.067378 0.930770 0.359343 
-0.072033 0.931572 0.356348 
-0.072850 0.932751 0.353085 
-0.068365 0.934102 0.350399 
-0.057999 0.936677 0.345357 
-0.044114 0.939970 0.338395 
-0.029535 0.943292 0.330648 
-0.014986 0.946067 0.323624 
-0.000769 0.948492 0.316799 
0.012168 0.951467 0.307509 
0.023216 0.955803 0.293091 
0.031511 0.960836 0.275320 
0.035758 0.966768 0.253143 
0.035539 0.973889 0.224225 
0.031285 0.981544 0.188659 
0.023622 0.989017 0.145902 
0.013708 0.995292 0.095950 
0.003059 0.999141 0.041330 
-0.007432 0.999863 -0.014783 
-0.017439 0.997422 -0.069615 
-0.025753 0.992350 -0.120738 
-0.030604 0.985837 -0.164892 
-0.031293 0.979283 -0.200065 
-0.027762 0.973008 -0.229096 
-0.019878 0.967049 -0.253814 
-0.008485 0.961455 -0.274832 
0.005044 0.955943 -0.293509 
0.020482 0.950266 -0.310764 
0.038136 0.945604 -0.323076 
0.057183 0.941362 -0.332518 
0.075459 0.935758 -0.344474 
0.090574 0.929186 -0.358342 
0.100307 0.925185 -0.366020 
0.103266 0.924130 -0.367859 
0.100273 0.924320 -0.368209 
0.092992 0.924838 -0.368818 
0.082388 0.926773 -0.366475 
0.068849 0.931420 -0.357375 
0.053564 0.938385 -0.341416 
0.038540 0.946869 -0.319302 
0.025357 0.956410 -0.290926 
0.015166 0.966576 -0.255930 
0.008596 0.977048 -0.212844 
0.005315 0.986677 -0.162604 
0.004030 0.994261 -0.106906 
0.003723 0.998853 -0.047740 
0.003391 0.999902 0.013589 
0.001550 0.997194 0.074850 
-0.002955 0.991058 0.133402 
-0.010179 0.982342 0.186816 
-0.019383 0.972403 0.232501 
-0.029594 0.962748 0.268775 
-0.039745 0.954239 0.296393 
-0.048936 0.947259 0.316711 
-0.056263 0.942197 0.330301 
-0.060545 0.939193 0.338012 
-0.060227 0.937970 0.341447 
-0.053914 0.938344 0.341474 
-0.041527 0.939457 0.340140 
-0.024428 0.939783 0.340897 
-0.004789 0.940190 0.340618 
0.015487 0.942101 0.334972 
0.034378 0.943896 0.328448 
0.049786 0.943694 0.327052 
0.060904 0.943474 0.325804 
0.067957 0.944831 0.320432 
0.070399 0.947651 0.311451 
0.066997 0.951888 0.299034 
0.057882 0.958021 0.280795 
0.045636 0.966462 0.252723 
0.033198 0.976402 0.213393 
0.021642 0.985685 0.167204 
0.010328 0.992988 0.117760 
-0.001194 0.997974 0.063621 
-0.011772 0.999916 0.005466 
-0.018885 0.998500 -0.051395 
-0.020751 0.994459 -0.103053 
-0.018119 0.988544 -0.149842 
-0.012511 0.981632 -0.190375 
-0.004400 0.974778 -0.223135 
0.005717 0.968163 -0.250255 
0.016582 0.961572 -0.274052 
0.026641 0.955328 -0.294344 
0.034799 0.949622 -0.311459 
0.041325 0.943855 -0.327766 
0.047199 0.937764 -0.344051 
0.052557 0.932334 -0.357759 
0.055989 0.928486 -0.367124 
0.055818 0.926053 -0.373243 
0.052024 0.924423 -0.377803 
0.045726 0.923776 -0.380194 
0.037579 0.924513 -0.379292 
0.027728 0.927066 -0.373872 
0.016726 0.931575 -0.363164 
0.006221 0.937419 -0.348149 
-0.002492 0.944654 -0.328058 
-0.008812 0.954357 -0.298538 
-0.011731 0.965760 -0.259172 
-0.010819 0.976903 -0.213409 
-0.007057 0.986327 -0.164652 
-0.002084 0.993766 -0.111463 
0.002615 0.998614 -0.052562 
0.005387 0.999923 0.011159 
0.004958 0.997300 0.073268 
0.001174 0.991709 0.128502 
-0.004954 0.984098 0.177555 
-0.012281 0.975024 0.221759 
-0.020132 0.965855 0.258301 
-0.027643 0.958347 0.284266 
-0.033649 0.952922 0.301343 
-0.036440 0.949484 0.311693 
-0.034667 0.947872 0.316759 
-0.028570 0.947079 0.319726 
-0.018533 0.946116 0.323296 
-0.004387 0.945322 0.326108 
0.012872 0.945133 0.326434 
0.031061 0.944048 0.328343 
0.047999 0.941152 0.334558 
0.061857 0.938226 0.340449 
0.071148 0.936850 0.342418 
0.074983 0.936755 0.341859 
0.073541 0.937982 0.338795 
0.067785 0.941326 0.330621 
0.058338 0.946807 0.316469 
0.045971 0.953874 0.296666 
0.032033 0.962473 0.269480 
0.018069 0.972026 0.234176 
0.005440 0.981366 0.192072 
-0.004364 0.989642 0.143489 
-0.009953 0.996119 0.087451 
-0.010887 0.999557 0.027697 
-0.007796 0.999548 -0.029038 
-0.002203 0.996629 -0.082010 
0.004352 0.991290 -0.131622 
0.011102 0.983880 -0.178484 
0.017646 0.975129 -0.220934 
0.023317 0.966001 -0.257484 
0.027676 0.957583 -0.286824 
0.030638 0.950051 -0.310586 
0.032554 0.943410 -0.330026 
0.034096 0.937155 -0.347243 
0.035733 0.931512 -0.361950 
0.036662 0.927397 -0.372278 
0.035143 0.925289 -0.377630 
0.030373 0.924207 -0.380682 
0.023577 0.923710 -0.382367 
0.016359 0.924560 -0.380684 
0.008834 0.926988 -0.374988 
0.000609 0.930131 -0.367226 
-0.006775 0.934509 -0.355875 
-0.011202 0.941346 -0.337257 
-0.012849 0.949522 -0.313436 
-0.012850 0.957680 -0.287549 
-0.011189 0.966410 -0.256761 
-0.007622 0.976062 -0.217360 
-0.002976 0.985227 -0.171229 
0.001279 0.992718 -0.120452 
0.003936 0.997931 -0.064173 
0.004190 0.999985 -0.003520 
0.002029 0.998393 0.056628 
-0.001922 0.993739 0.111713 
-0.007504 0.987184 0.159412 
-0.014221 0.979814 0.199407 
-0.020341 0.972412 0.232380 
-0.024023 0.965640 0.258769 
-0.024383 0.960438 0.277425 
-0.021075 0.956862 0.289776 
-0.013722 0.954505 0.297879 
-0.002008 0.952629 0.304129 
0.013487 0.950102 0.311646 
0.031093 0.946267 0.321889 
0.049100 0.942062 0.331825 
0.066354 0.938078 0.340011 
0.080980 0.934195 0.347452 
0.090587 0.930350 0.355308 
0.094422 0.927550 0.361573 
0.093460 0.926903 0.363478 
0.088445 0.928533 0.360562 
0.079030 0.932330 0.352868 
0.065409 0.938580 0.338807 
0.049723 0.947085 0.317109 
0.034686 0.957238 0.287215 
0.021583 0.968170 0.249361 
0.010649 0.978730 0.204875 
0.002485 0.987917 0.154964 
-0.001972 0.994969 0.100166 
-0.002940 0.999134 0.041504 
-0.001758 0.999828 -0.018468 
0.000012 0.997108 -0.075991 
0.000965 0.991621 -0.129179 
0.000405 0.984271 -0.176663 
-0.001677 0.975792 -0.218692 
-0.005323 0.966525 -0.256517 
-0.010935 0.957205 -0.289203 
-0.018632 0.948674 -0.315705 
-0.027716 0.940962 -0.337377 
-0.037076 0.934296 -0.354566 
-0.045987 0.929611 -0.365662 
-0.053689 0.926359 -0.372795 
-0.058748 0.923649 -0.378709 
-0.060893 0.921818 -0.382811 
-0.061041 0.921800 -0.382831 
-0.059395 0.923411 -0.379189 
-0.055577 0.925848 -0.373787 
-0.049336 0.929538 -0.365410 
-0.040624 0.935094 -0.352065 
-0.029291 0.942302 -0.333480 
-0.015714 0.950544 -0.310192 
-0.001966 0.959511 -0.281664 
0.009290 0.968832 -0.247545 
0.016817 0.977561 -0.209980 
0.020800 0.985148 -0.170443 
0.021474 0.991659 -0.127090 
0.018843 0.996765 -0.078131 
0.013250 0.999569 -0.026187 
0.005505 0.999680 0.024693 
-0.003386 0.997354 0.072622 
-0.012971 0.993105 0.116510 
-0.022792 0.988104 0.152088 
-0.031398 0.983263 0.179464 
-0.036671 0.978564 0.202653 
-0.037048 0.973518 0.225586 
-0.032406 0.967780 0.249701 
-0.023860 0.961697 0.273075 
-0.012669 0.956299 0.292115 
0.000625 0.951648 0.307189 
0.015465 0.946235 0.323109 
0.030833 0.939146 0.342132 
0.044533 0.931829 0.360154 
0.054081 0.925890 0.373902 
0.058626 0.921443 0.384066 
0.058733 0.918222 0.391686 
0.055335 0.917124 0.394743 
0.049327 0.919350 0.390337 
0.041707 0.924216 0.379586 
0.033021 0.931100 0.363267 
0.023489 0.939599 0.341470 
0.015005 0.949738 0.312685 
0.009430 0.961180 0.275761 
0.006305 0.972879 0.231228 
0.004629 0.983604 0.180282 
0.004473 0.992102 0.125352 
0.005189 0.997631 0.068589 
0.004855 0.999936 0.010190 
0.002244 0.998781 -0.049308 
-0.001959 0.994202 -0.107512 
-0.007241 0.986653 -0.162676 
-0.014475 0.976947 -0.212992 
-0.023748 0.966664 -0.254946 
-0.033705 0.957338 -0.286997 
-0.043765 0.948848 -0.312685 
-0.054314 0.940409 -0.335680 
-0.064142 0.932492 -0.355451 
-0.070683 0.926412 -0.369817 
-0.073070 0.922491 -0.379039 
-0.072481 0.920270 -0.384512 
-0.070197 0.919337 -0.387157 
-0.066225 0.920271 -0.385638 
-0.059800 0.923609 -0.378643 
-0.051148 0.927943 -0.369197 
-0.041395 0.932375 -0.359116 
-0.030977 0.937594 -0.346349 
-0.019867 0.944257 -0.328609 
-0.008535 0.951265 -0.308255 
0.001922 0.958104 -0.286416 
0.010221 0.965250 -0.261127 
0.015447 0.972962 -0.230448 
0.017306 0.980211 -0.197197 
0.016277 0.986234 -0.164554 
0.012919 0.991298 -0.131001 
0.006961 0.995262 -0.096980 
-0.001625 0.997842 -0.065638 
-0.010872 0.999222 -0.037915 
-0.019002 0.999721 -0.014049 
-0.026357 0.999646 0.003684 
-0.033003 0.999359 0.013861 
-0.037772 0.999127 0.017861 
-0.040571 0.999010 0.018246 
-0.042832 0.998932 0.017350 
-0.045724 0.998827 0.015928 
-0.049252 0.998722 0.011343 
-0.052962 0.998596 0.000945 
-0.057421 0.998281 -0.011720 
-0.064011 0.997736 -0.020618 
-0.073196 0.996996 -0.025319 
-0.083783 0.996050 -0.029417 
-0.093864 0.995029 -0.033255 
-0.102431 0.994035 -0.037462 
-0.108692 0.993196 -0.041808 
-0.110868 0.992919 -0.042653 
-0.107339 0.993438 -0.039475 
-0.098940 0.994427 -0.036413 
-0.088190 0.995507 -0.034472 
-0.077010 0.996535 -0.031415 
-0.064847 0.997575 -0.025262 
-0.049671 0.998616 -0.017267 
-0.032195 0.999444 -0.008682 
-0.015734 0.999874 0.002018 
-0.002451 0.999894 0.014348 
0.007222 0.999655 0.025252 
0.013328 0.999321 0.034361 
0.016177 0.998877 0.044532 
0.015334 0.998292 0.056383 
0.009234 0.997672 0.067565 
-0.002382 0.997105 0.076003 
-0.017516 0.996401 0.082940 
-0.034220 0.995429 0.089160 
-0.051560 0.994265 0.093698 
-0.068142 0.993108 0.095359 
-0.081953 0.992205 0.093874 
-0.091737 0.991693 0.090163 
-0.097267 0.991663 0.084526 
-0.098970 0.992195 0.075856 
-0.097388 0.993086 0.065542 
-0.093190 0.994116 0.055219 
-0.087740 0.995161 0.044240 
-0.082794 0.995999 0.033625 
-0.080218 0.996500 0.023491 
-0.081425 0.996613 0.011475 
-0.086230 0.996274 -0.001466 
-0.092995 0.995615 -0.010111 
-0.101226 0.994754 -0.014744 
-0.111554 0.993601 -0.017708 
-0.124202 0.992037 -0.020886 
-0.137690 0.990187 -0.023885 
-0.148720 0.988555 -0.025330 
-0.154800 0.987644 -0.024438 
-0.156934 0.987344 -0.022900 
-0.157053 0.987371 -0.020827 
-0.155380 0.987685 -0.018306 
-0.151063 0.988423 -0.014147 
-0.142720 0.989736 -0.007341 
-0.129711 0.991552 0.000190 
-0.114626 0.993385 0.006917 
-0.100986 0.994809 0.012495 
-0.089626 0.995791 0.019186 
-0.079846 0.996373 0.029422 
-0.072229 0.996513 0.041762 
-0.069341 0.996234 0.052064 
-0.073239 0.995532 0.059598 
-0.083518 0.994304 0.066220 
-0.098435 0.992596 0.071167 
-0.115925 0.990537 0.073477 
-0.134185 0.988068 0.075600 
-0.151183 0.985357 0.078834 
-0.164871 0.983013 0.080638 
-0.173606 0.981737 0.077807 
-0.175491 0.981931 0.070813 
-0.168695 0.983701 0.062247 
-0.154111 0.986638 0.052876 
-0.134896 0.989963 0.042140 
-0.114051 0.992913 0.033404 
-0.095151 0.995116 0.026275 
-0.081917 0.996481 0.017774 
-0.075700 0.997099 0.007879 
-0.076250 0.997089 0.000475 
-0.083732 0.996480 -0.004051 
-0.096549 0.995305 -0.006742 
-0.111198 0.993765 -0.008120 
-0.125722 0.992033 -0.008068 
-0.140228 0.990088 -0.007846 
-0.155367 0.987815 -0.009088 
-0.171780 0.985083 -0.010139 
-0.189675 0.981809 -0.008675 
-0.209388 0.977815 -0.005828 
-0.229943 0.973194 -0.004405 
-0.248523 0.968620 -0.003468 
-0.263802 0.964576 -0.000974 
-0.276520 0.961005 0.002341 
-0.285475 0.958368 0.005897 
-0.288492 0.957423 0.010652 
-0.286169 0.958025 0.017181 
-0.282247 0.959030 0.024446 
-0.279811 0.959537 0.031524 
-0.280443 0.959115 0.038093 
-0.287022 0.956916 0.043930 
-0.300658 0.952408 0.050237 
-0.318163 0.946316 0.057074 
-0.335334 0.940092 0.061471 
-0.349638 0.934819 0.062186 
-0.359601 0.931110 0.060999 
-0.363382 0.929669 0.060573 
-0.354486 0.933139 0.059926 
-0.319030 0.946004 0.057415 
-0.245636 0.968030 0.050800 
-0.144797 0.988676 0.039401 
-0.045589 0.998605 0.026645 
0.033005 0.999300 0.017609 
0.083191 0.996472 0.011130 
0.102568 0.994704 0.006677 
0.096895 0.995282 0.004923 
0.076179 0.997080 0.005356 
0.046436 0.998901 0.006352 
0.008044 0.999945 0.006734 
-0.037668 0.999273 0.005950 
-0.085545 0.996321 0.005208 
-0.132469 0.991167 0.006346 
-0.179299 0.983759 0.008385 
-0.227480 0.973741 0.009064 
-0.277332 0.960738 0.008311 
-0.327751 0.944735 0.007413 
-0.377520 0.925973 0.007234 
-0.425953 0.904719 0.006868 
-0.472790 0.881155 0.005967 
-0.518694 0.854941 0.005715 
-0.564815 0.825192 0.006529 
-0.610242 0.792179 0.007572 
-0.652430 0.757802 0.008477 
-0.691407 0.722410 0.008928 
-0.728239 0.685258 0.009419 
-0.762501 0.646884 0.011571 
-0.796161 0.604887 0.015452 
-0.833100 0.552846 0.017452 
-0.871793 0.489568 0.017297 
-0.907165 0.420346 0.019005 
-0.938357 0.344983 0.021727 
-0.964728 0.262357 0.021631 
-0.983636 0.179055 0.020002 
-0.995080 0.097186 0.019273 
-0.999782 0.008444 0.019083 
-0.995546 -0.092500 0.018197 
-0.979355 -0.201682 0.013728 
-0.949520 -0.313635 0.006630 
-0.904579 -0.426305 0.001087 
-0.843208 -0.537587 -0.001146 
-0.765625 -0.643276 -0.003743 
0.673364 0.739276 0.007224 
0.567407 0.823367 0.010751 
0.446074 0.894875 0.014698 
0.309590 0.950686 0.018741 
0.167938 0.985574 0.021011 
0.034650 0.999143 0.022659 
-0.087256 0.995875 0.024889 
-0.203373 0.978762 0.025762 
-0.315418 0.948644 0.024214 
-0.419138 0.907663 0.021697 
-0.511338 0.859143 0.020160 
-0.592878 0.805048 0.019827 
-0.666102 0.745612 0.019266 
-0.731207 0.681957 0.016456 
-0.787729 0.615917 0.011364 
-0.836144 0.548479 0.005911 
-0.877195 0.480130 0.002343 
-0.911495 0.411308 0.001568 
-0.939821 0.341662 0.001992 
-0.963008 0.269473 0.000674 
-0.981425 0.191844 -0.001303 
-0.994232 0.107232 -0.001718 
-0.999848 0.017298 -0.002069 
-0.997021 -0.077042 -0.003781 
-0.983914 -0.178570 -0.005162 
-0.957363 -0.288862 -0.003829 
-0.914537 -0.404502 -0.000303 
-0.853016 -0.521867 0.004399 
-0.995787 0.091427 0.005451 
-0.995787 0.091427 0.005451 
-0.995787 0.091427 0.005451 
-0.995787 0.091427 0.005451 
-0.995787 0.091427 0.005451 
-0.995787 0.091427 0.005451 
-0.995787 0.091427 0.005451 
-0.995787 0.091427 0.005451 
-0.995787 0.091427 0.005451 
-0.995787 0.091427 0.005451 
-0.995787 0.091427 0.005451 
-0.995787 0.091427 0.005451 
-0.995787 0.091427 0.005451 
-0.995787 0.091427 0.005451 
-0.995787 0.091427 0.005451 
-0.995787 0.091427 0.005451 
-0.995787 0.091427 0.005451 
-0.995787 0.091427 0.005451 
-0.995787 0.091427 0.005451 
-0.995787 0.091427 0.005451 
-0.995787 0.091427 0.005451 
-0.995787 0.091427 0.005451 
-0.995787 0.091427 0.005451 
-0.995787 0.091427 0.005451 
-0.995787 0.091427 0.005451 
-0.995787 0.091427 0.005451 
-0.995787 0.091427 0.005451 
-0.995787 0.091427 0.005451 
-0.995787 0.091427 0.005451 
-0.995787 0.091427 0.005451 
-0.995787 0.091427 0.005451 
-0.995787 0.091427 0.005451 
-0.995787 0.091427 0.005451 
-0.995787 0.091427 0.005451 
-0.995787 0.091427 0.005451 
-0.995787 0.091427 0.005451 
-0.995787 0.091427 0.005451 
-0.995787 0.091427 0.005451 
-0.995787 0.091427 0.005451 
-0.995787 0.091427 0.005451 
-0.995787 0.091427 0.005451 
-0.995787 0.091427 0.005451 
-0.995787 0.091427 0.005451 
-0.995787 0.091427 0.005451 
-0.995787 0.091427 0.005451 
