0.000000 0.000000 0.000000 
0.000000 0.000000 0.000000 
0.262396 0.529242 -0.001268 
0.506195 1.056856 -0.019530 
0.474652 1.046833 -0.052715 
0.452515 1.023041 -0.082659 
0.434220 0.988559 -0.108290 
0.419511 0.949552 -0.131794 
0.416744 0.912556 -0.158270 
0.426156 0.882482 -0.188705 
0.443239 0.860789 -0.206573 
0.472544 0.851048 -0.206459 
0.509855 0.849581 -0.186088 
0.548793 0.857587 -0.137731 
0.577801 0.880346 -0.064987 
0.588564 0.913514 0.010673 
0.592429 0.944283 0.058091 
0.599913 0.956636 0.074927 
0.609480 0.945799 0.065709 
0.620183 0.921179 0.043906 
0.650491 0.909453 0.060317 
0.689688 0.903658 0.090838 
0.705987 0.897009 0.090619 
0.701427 0.895760 0.080066 
0.697009 0.890002 0.067428 
0.700940 0.881757 0.054401 
0.709470 0.866055 0.043028 
0.719161 0.840502 0.037769 
0.727382 0.813921 0.041130 
0.731543 0.794344 0.050727 
0.727823 0.781554 0.062067 
0.716674 0.772958 0.074279 
0.702372 0.769547 0.086772 
0.686583 0.770823 0.095750 
0.668543 0.775352 0.099625 
0.650541 0.782385 0.099664 
0.636144 0.791214 0.097366 
0.626846 0.800845 0.091857 
0.621579 0.809730 0.082794 
0.618570 0.818073 0.071632 
0.617768 0.826759 0.059601 
0.619709 0.833874 0.047231 
0.624651 0.838274 0.035044 
0.634182 0.842505 0.023540 
0.651162 0.847036 0.012486 
0.678759 0.851933 0.001900 
0.718830 0.860440 -0.008286 
0.769629 0.874630 -0.015748 
0.398600 0.441607 -0.009065 
0.000000 0.000000 0.000000 
