0.469296 0.466484 -0.001658 
0.921703 0.923645 -0.008840 
0.894140 0.905040 -0.020728 
0.878146 0.885719 -0.032747 
0.871801 0.865430 -0.042501 
0.872850 0.844891 -0.048681 
0.878971 0.824325 -0.050411 
0.888036 0.804418 -0.047093 
0.898084 0.786589 -0.038635 
0.907203 0.772452 -0.025548 
0.913190 0.763290 -0.008825 
0.914338 0.759751 0.009960 
0.910509 0.761923 0.028986 
0.901757 0.769421 0.046656 
0.887871 0.781440 0.061310 
0.870203 0.796847 0.071727 
0.850757 0.814269 0.077525 
0.830478 0.832120 0.078536 
0.810039 0.849006 0.074759 
0.790524 0.863933 0.066663 
0.773179 0.876521 0.055166 
0.758973 0.887223 0.041089 
0.748617 0.896061 0.024627 
0.742854 0.901844 0.006007 
0.742249 0.903316 -0.013810 
0.747058 0.899680 -0.033489 
0.757673 0.890884 -0.052023 
0.774539 0.877253 -0.068253 
0.796860 0.859031 -0.079936 
0.822136 0.837750 -0.084830 
0.846992 0.816378 -0.082149 
0.868140 0.797891 -0.072640 
0.883068 0.784401 -0.058074 
0.890172 0.777199 -0.040707 
0.888213 0.777005 -0.023283 
0.877225 0.784416 -0.008544 
0.858545 0.799237 0.000514 
0.834262 0.819429 0.000726 
0.807992 0.840950 -0.009733 
0.783513 0.859740 -0.030810 
0.762721 0.873846 -0.061149 
0.744301 0.880027 -0.100384 
0.716018 0.871929 -0.153647 
0.675852 0.845251 -0.217702 
0.640319 0.807854 -0.272211 
0.617776 0.772156 -0.303467 
0.604804 0.741882 -0.315663 
0.603040 0.715747 -0.313582 
0.620218 0.690495 -0.297857 
0.659836 0.670278 -0.268087 
0.711767 0.659962 -0.226835 
0.755631 0.657474 -0.181781 
0.781631 0.661804 -0.138850 
0.790547 0.672508 -0.101616 
0.785301 0.688621 -0.072234 
0.769116 0.708366 -0.052565 
0.745547 0.728820 -0.043728 
0.718002 0.747065 -0.045882 
0.689484 0.762012 -0.058512 
0.662681 0.773333 -0.081121 
0.639632 0.778368 -0.113960 
0.621763 0.771611 -0.156705 
0.608507 0.747908 -0.209316 
0.596072 0.706343 -0.271066 
0.584895 0.657929 -0.330583 
0.565236 0.612611 -0.381503 
0.529814 0.567179 -0.427337 
0.517142 0.545341 -0.444493 
0.548894 0.557481 -0.412980 
0.588107 0.570195 -0.356713 
0.624329 0.572593 -0.299754 
0.667175 0.577303 -0.242625 
0.700861 0.590861 -0.187686 
0.716936 0.613329 -0.141209 
0.718352 0.643608 -0.106114 
0.708820 0.678408 -0.085408 
0.693708 0.712670 -0.080444 
0.678551 0.740426 -0.090212 
0.667779 0.756662 -0.111274 
0.663283 0.758856 -0.139119 
0.664714 0.747132 -0.169670 
0.670583 0.722988 -0.201200 
0.678109 0.687253 -0.233545 
0.683758 0.639052 -0.267468 
0.686389 0.580243 -0.300948 
0.670158 0.517548 -0.334161 
0.618041 0.445562 -0.378521 
0.567967 0.387559 -0.408806 
0.553435 0.378577 -0.396647 
0.567211 0.423359 -0.343427 
0.586749 0.479261 -0.279101 
0.608885 0.521358 -0.222541 
0.634993 0.566142 -0.168308 
0.648407 0.608532 -0.128080 
0.650745 0.647544 -0.102453 
0.646033 0.680571 -0.090267 
0.638256 0.705265 -0.090005 
0.630932 0.721855 -0.099514 
0.626569 0.730035 -0.116937 
0.627364 0.729021 -0.140565 
0.634194 0.718150 -0.168358 
0.646486 0.696322 -0.198399 
0.664290 0.663106 -0.229505 
0.683743 0.616320 -0.261498 
0.703705 0.552549 -0.295136 
0.726410 0.484101 -0.320955 
0.713752 0.394472 -0.364076 
0.670021 0.304317 -0.403310 
0.646718 0.270230 -0.393961 
0.640653 0.315776 -0.349812 
0.641041 0.422766 -0.280670 
0.644909 0.504341 -0.222367 
0.652074 0.550578 -0.184527 
0.662390 0.596557 -0.154276 
0.670021 0.633958 -0.138028 
0.676537 0.659478 -0.133673 
0.684743 0.671344 -0.136677 
0.695474 0.670321 -0.142675 
0.707863 0.658644 -0.148330 
0.720818 0.639768 -0.152417 
0.733294 0.616329 -0.155248 
0.743738 0.589366 -0.157682 
0.751708 0.558368 -0.161296 
0.756004 0.521103 -0.168239 
0.754737 0.472677 -0.181425 
0.752365 0.416410 -0.197175 
0.735740 0.344571 -0.227215 
0.696143 0.251816 -0.275171 
0.654711 0.192737 -0.306708 
0.625993 0.210009 -0.308207 
0.619310 0.304092 -0.274661 
0.627069 0.420950 -0.221328 
0.635827 0.495275 -0.181496 
0.645321 0.546280 -0.154081 
0.653347 0.591013 -0.136122 
0.660276 0.621127 -0.129309 
0.668724 0.638926 -0.130098 
0.680495 0.644866 -0.135274 
0.696055 0.640441 -0.141797 
0.714869 0.627241 -0.147345 
0.735677 0.606934 -0.150511 
0.756318 0.580932 -0.150669 
0.775194 0.549852 -0.148228 
0.791532 0.513033 -0.144444 
0.802654 0.468481 -0.141893 
0.809545 0.412522 -0.142640 
0.813595 0.351168 -0.144299 
0.787352 0.252003 -0.178073 
0.729157 0.152136 -0.221740 
0.683257 0.129611 -0.240746 
0.677012 0.192556 -0.255577 
0.693330 0.340291 -0.250537 
0.712556 0.455383 -0.227072 
0.736678 0.499189 -0.201747 
0.761183 0.532071 -0.178565 
0.782951 0.546677 -0.158470 
0.800221 0.548790 -0.138259 
0.811911 0.544820 -0.117098 
0.817416 0.538761 -0.095457 
0.817229 0.532896 -0.075243 
0.812730 0.527739 -0.058321 
0.805197 0.521885 -0.046135 
0.795775 0.512893 -0.039612 
0.786000 0.497113 -0.039359 
0.777227 0.470133 -0.045319 
0.770405 0.425505 -0.057754 
0.768044 0.368594 -0.072111 
0.764831 0.291840 -0.097562 
0.751837 0.184279 -0.142187 
0.735927 0.104371 -0.186125 
0.734501 0.110963 -0.209198 
0.746185 0.208990 -0.202024 
0.755262 0.332064 -0.179273 
0.762389 0.406960 -0.157425 
0.772328 0.455086 -0.137483 
0.783388 0.495247 -0.121944 
0.795329 0.518833 -0.109711 
0.807998 0.530692 -0.098001 
0.819791 0.534516 -0.084595 
0.828577 0.533623 -0.069001 
0.833560 0.530440 -0.052298 
0.834046 0.525679 -0.036082 
0.829664 0.518639 -0.022371 
0.822034 0.506841 -0.012887 
0.813152 0.485933 -0.008702 
0.805512 0.450042 -0.009936 
0.802108 0.396008 -0.015341 
0.804102 0.327340 -0.026211 
0.805153 0.233110 -0.057156 
0.800891 0.127315 -0.103798 
0.807078 0.072322 -0.137787 
0.841893 0.106012 -0.149358 
0.877145 0.216926 -0.146212 
0.892835 0.307416 -0.123161 
0.900626 0.353619 -0.082631 
0.900796 0.401242 -0.043511 
0.893302 0.438109 -0.008884 
0.879043 0.469048 0.021400 
0.860577 0.497703 0.045311 
0.839183 0.523809 0.062520 
0.817387 0.546417 0.072356 
0.796849 0.563317 0.074628 
0.778074 0.571493 0.069548 
0.762691 0.567692 0.058136 
0.752653 0.547981 0.042179 
0.749184 0.508909 0.024548 
0.753478 0.447502 0.008150 
0.765159 0.362899 -0.005220 
0.784121 0.277606 -0.021179 
0.805602 0.178041 -0.047508 
0.826850 0.090547 -0.072789 
0.853411 0.084883 -0.082272 
0.878768 0.167827 -0.082035 
0.896220 0.273450 -0.075876 
0.905573 0.344814 -0.057252 
0.907390 0.401608 -0.032223 
0.904372 0.450528 -0.008800 
0.896296 0.488747 0.012934 
0.883677 0.521245 0.031709 
0.867038 0.550264 0.046097 
0.847513 0.576021 0.054612 
0.827880 0.597006 0.056010 
0.810704 0.610013 0.049718 
0.798502 0.610518 0.036540 
0.794337 0.594129 0.019184 
0.800070 0.557289 0.002409 
0.815851 0.500134 -0.008829 
0.840164 0.423377 -0.010308 
0.872099 0.337264 -0.003986 
0.911774 0.242159 0.002892 
0.946947 0.141776 0.010562 
0.965088 0.089625 0.019614 
0.975416 0.129837 0.024485 
0.981507 0.215505 0.028002 
0.973158 0.294020 0.041676 
0.949499 0.375850 0.063936 
0.917693 0.458777 0.083190 
0.884017 0.527752 0.094229 
0.852511 0.583141 0.096229 
0.825883 0.628241 0.090334 
0.805359 0.663872 0.078162 
0.791432 0.688583 0.060710 
0.784506 0.700779 0.039469 
0.785158 0.698782 0.016688 
0.793631 0.680266 -0.004697 
0.809352 0.644809 -0.021295 
0.830908 0.594766 -0.029341 
0.855966 0.533510 -0.026425 
0.881742 0.465829 -0.012486 
0.906851 0.401235 0.009864 
0.932612 0.358620 0.032920 
0.956909 0.346854 0.049338 
0.974594 0.360810 0.059309 
0.985326 0.395797 0.067545 
0.986836 0.456952 0.075238 
0.974339 0.547219 0.077890 
0.950483 0.639739 0.073596 
0.920823 0.703636 0.068465 
0.890458 0.743577 0.064103 
0.862494 0.776372 0.056131 
0.838492 0.804017 0.043040 
0.821350 0.824641 0.025022 
0.813036 0.837279 0.004426 
0.813920 0.841721 -0.015659 
0.822907 0.837609 -0.032741 
0.838298 0.826701 -0.044658 
0.858115 0.811113 -0.049880 
0.879437 0.791895 -0.046691 
0.897780 0.771819 -0.033862 
0.909010 0.755561 -0.012942 
0.911591 0.746659 0.012337 
0.905794 0.746507 0.037836 
0.892412 0.754498 0.059960 
0.872883 0.768642 0.076486 
0.849732 0.786813 0.086629 
0.826190 0.807331 0.090397 
0.804422 0.828736 0.088208 
0.785484 0.849600 0.080750 
0.770194 0.868704 0.069032 
0.758786 0.885265 0.054041 
0.751206 0.898484 0.036513 
0.747698 0.907354 0.017415 
0.748425 0.911233 -0.002092 
0.753323 0.909905 -0.020961 
0.762160 0.903662 -0.038102 
0.774457 0.893210 -0.052510 
0.789516 0.879570 -0.063388 
0.806458 0.864281 -0.070231 
0.824527 0.848959 -0.073004 
0.843404 0.834723 -0.071723 
0.862809 0.822631 -0.066334 
0.880965 0.814153 -0.056993 
0.895729 0.810833 -0.044568 
0.907077 0.814108 -0.030562 
0.915641 0.825203 -0.016786 
0.922468 0.845176 -0.005139 
0.929224 0.874451 0.002264 
0.938513 0.912499 0.003232 
0.944276 0.933606 0.001877 
0.472138 0.466803 0.000938 
