50 
0.000000 
0.000000 
0.000000 
2.293193 
2.254779 
2.218612 
2.180550 
2.142676 
2.098670 
2.051753 
2.026918 
2.052695 
2.107235 
2.217211 
2.381468 
2.590777 
2.786124 
2.915992 
2.968764 
2.954512 
2.922592 
2.941920 
2.928803 
2.888957 
2.857744 
2.837004 
2.815974 
2.794311 
2.776121 
2.753228 
2.729561 
2.704148 
2.683805 
2.662746 
2.637219 
2.611077 
2.589887 
2.570604 
2.548926 
2.530032 
2.509881 
2.492887 
2.475971 
2.454956 
2.432513 
2.409625 
2.384437 
2.355963 
2.324452 
0.000000 
