0.466435 0.469346 0.001616 
0.923390 0.921957 0.008868 
0.904445 0.894732 0.020873 
0.884780 0.879081 0.032832 
0.864204 0.873018 0.042395 
0.843504 0.874233 0.048265 
0.822895 0.880399 0.049609 
0.803082 0.889367 0.045882 
0.785519 0.899154 0.037035 
0.771754 0.907901 0.023615 
0.763066 0.913414 0.006681 
0.760066 0.914021 -0.012156 
0.762782 0.909647 -0.031095 
0.770779 0.900395 -0.048527 
0.783207 0.886100 -0.062799 
0.798913 0.868132 -0.072743 
0.816487 0.848533 -0.078013 
0.834346 0.828244 -0.078477 
0.851120 0.807920 -0.074172 
0.865804 0.788644 -0.065592 
0.878065 0.771627 -0.053666 
0.888367 0.757824 -0.039238 
0.896728 0.747944 -0.022518 
0.901977 0.742715 -0.003735 
0.902886 0.742675 0.016105 
0.898694 0.748040 0.035647 
0.889371 0.759185 0.053901 
0.875287 0.776502 0.069692 
0.856745 0.799142 0.080790 
0.835325 0.824567 0.085015 
0.814038 0.849339 0.081680 
0.795835 0.870206 0.071604 
0.782763 0.884718 0.056634 
0.776060 0.891323 0.039080 
0.776370 0.888869 0.021680 
0.784207 0.877465 0.007201 
0.799285 0.858533 -0.001375 
0.819484 0.834245 -0.000950 
0.840703 0.808277 0.010193 
0.858882 0.784406 0.031884 
0.872110 0.764490 0.062720 
0.877167 0.747195 0.102291 
0.867538 0.720437 0.155816 
0.839017 0.682107 0.220037 
0.800072 0.648123 0.274492 
0.763468 0.626479 0.305548 
0.732836 0.613858 0.317493 
0.706777 0.612015 0.315064 
0.681978 0.628732 0.298736 
0.662625 0.667485 0.268125 
0.653503 0.718225 0.226004 
0.652309 0.760793 0.180309 
0.657866 0.785562 0.137092 
0.669630 0.793416 0.099900 
0.686576 0.787338 0.070829 
0.706866 0.770603 0.051680 
0.727561 0.746792 0.043476 
0.745740 0.719318 0.046280 
0.760313 0.691168 0.059517 
0.770983 0.665016 0.082657 
0.775082 0.642910 0.115888 
0.767108 0.626265 0.158777 
0.741910 0.614505 0.211219 
0.698590 0.603830 0.272534 
0.648482 0.594359 0.331501 
0.601711 0.576161 0.382035 
0.554987 0.542031 0.427710 
0.532663 0.529833 0.444728 
0.545687 0.560690 0.412946 
0.560021 0.598279 0.356323 
0.564055 0.632866 0.298898 
0.570397 0.674083 0.241240 
0.585530 0.706197 0.186035 
0.609322 0.720944 0.139673 
0.640600 0.721363 0.105005 
0.675986 0.711247 0.084940 
0.710374 0.696004 0.080682 
0.737841 0.681134 0.091053 
0.753473 0.670974 0.112500 
0.754866 0.667280 0.140435 
0.742279 0.669571 0.170780 
0.717242 0.676334 0.201867 
0.680580 0.684788 0.233581 
0.631431 0.691382 0.266723 
0.571694 0.694936 0.299315 
0.508053 0.679639 0.331852 
0.434796 0.628792 0.375905 
0.375945 0.579585 0.406061 
0.367316 0.564705 0.393985 
0.413594 0.576975 0.341230 
0.471318 0.594691 0.277451 
0.515021 0.615214 0.221206 
0.561343 0.639779 0.167263 
0.604873 0.652053 0.127463 
0.644609 0.653667 0.102368 
0.677978 0.648616 0.090721 
0.702677 0.640839 0.090925 
0.718991 0.633790 0.100770 
0.726672 0.629923 0.118362 
0.724988 0.631393 0.141956 
0.713329 0.639012 0.169486 
0.690653 0.652149 0.199028 
0.656563 0.670828 0.229394 
0.608871 0.691192 0.260429 
0.544155 0.712103 0.292859 
0.474996 0.735522 0.317370 
0.384155 0.724086 0.359373 
0.292877 0.681468 0.397925 
0.259045 0.657891 0.388431 
0.305853 0.650568 0.345043 
0.414806 0.649000 0.277446 
0.498029 0.651222 0.220272 
0.545340 0.657316 0.183002 
0.592175 0.666778 0.153274 
0.630034 0.673952 0.137458 
0.655675 0.680345 0.133375 
0.667454 0.688637 0.136429 
0.666261 0.699538 0.142259 
0.654424 0.712086 0.147569 
0.635440 0.725148 0.151201 
0.611929 0.737695 0.153520 
0.584902 0.748202 0.155417 
0.553806 0.756273 0.158474 
0.516352 0.760759 0.164821 
0.467560 0.759859 0.177328 
0.410854 0.757924 0.192303 
0.338169 0.742141 0.221546 
0.244062 0.703903 0.268720 
0.184102 0.663370 0.299985 
0.201323 0.634704 0.302140 
0.296323 0.627083 0.270051 
0.414666 0.633341 0.218300 
0.490117 0.640975 0.179419 
0.541897 0.649696 0.152606 
0.587138 0.657218 0.135178 
0.617443 0.663958 0.128698 
0.635218 0.672430 0.129618 
0.641013 0.684345 0.134708 
0.636408 0.700085 0.140944 
0.623056 0.719053 0.146035 
0.602668 0.739946 0.148614 
0.576670 0.760579 0.148106 
0.545668 0.779377 0.144953 
0.508972 0.795599 0.140414 
0.464502 0.806635 0.137069 
0.408534 0.813532 0.136919 
0.347147 0.817616 0.137644 
0.247035 0.792323 0.170363 
0.145928 0.735366 0.213421 
0.122852 0.690010 0.232753 
0.185364 0.684204 0.248563 
0.333218 0.700406 0.245397 
0.448959 0.718981 0.223311 
0.493486 0.742383 0.198281 
0.527028 0.766231 0.175228 
0.542205 0.787425 0.155037 
0.544896 0.804112 0.134616 
0.541534 0.815196 0.113241 
0.536095 0.820083 0.091444 
0.530807 0.819319 0.071156 
0.526134 0.814338 0.054232 
0.520627 0.806457 0.042075 
0.511821 0.796848 0.035562 
0.496049 0.787063 0.035223 
0.468902 0.778453 0.040921 
0.423927 0.771979 0.052813 
0.366618 0.770020 0.066386 
0.289151 0.767517 0.090779 
0.180348 0.755775 0.134034 
0.099217 0.741109 0.177035 
0.105146 0.740344 0.200212 
0.203337 0.751839 0.194275 
0.327027 0.760288 0.173163 
0.402539 0.766806 0.152288 
0.451227 0.776183 0.132899 
0.491826 0.786806 0.117783 
0.515760 0.798400 0.105721 
0.527953 0.810737 0.094007 
0.532158 0.822148 0.080489 
0.531713 0.830487 0.064762 
0.529010 0.834991 0.047953 
0.524714 0.835014 0.031668 
0.518067 0.830236 0.017922 
0.506540 0.822335 0.008382 
0.485752 0.813337 0.004031 
0.449830 0.805728 0.004862 
0.395652 0.802464 0.009543 
0.326692 0.804752 0.019397 
0.231599 0.806667 0.048971 
0.124480 0.803715 0.094153 
0.068523 0.810857 0.127256 
0.101900 0.846000 0.138806 
0.212899 0.881181 0.136741 
0.304026 0.896234 0.114765 
0.351377 0.902874 0.074802 
0.400106 0.901938 0.036378 
0.437949 0.893466 0.002386 
0.469741 0.878349 -0.027245 
0.499069 0.859212 -0.050469 
0.525656 0.837337 -0.066994 
0.548537 0.815265 -0.076191 
0.565492 0.794671 -0.077927 
0.573515 0.776051 -0.072463 
0.569387 0.760990 -0.060890 
0.549223 0.751400 -0.045076 
0.509652 0.748431 -0.027959 
0.447790 0.753182 -0.012505 
0.362828 0.765225 -0.000514 
0.277108 0.784621 0.013949 
0.176825 0.806826 0.038536 
0.088638 0.828772 0.062250 
0.082704 0.855600 0.071267 
0.165626 0.880960 0.071854 
0.271403 0.898252 0.066956 
0.343290 0.907090 0.049219 
0.400789 0.908205 0.024989 
0.450369 0.904532 0.002330 
0.489198 0.895845 -0.018738 
0.522225 0.882696 -0.036870 
0.551642 0.865663 -0.050594 
0.577633 0.845904 -0.058459 
0.598655 0.826228 -0.059284 
0.611476 0.809240 -0.052563 
0.611599 0.797427 -0.039210 
0.594718 0.793754 -0.022036 
0.557410 0.799951 -0.005872 
0.499952 0.816040 0.004321 
0.423174 0.840372 0.004360 
0.337256 0.872104 -0.003647 
0.242364 0.911559 -0.012449 
0.142226 0.946489 -0.022032 
0.090354 0.964357 -0.032084 
0.130706 0.974549 -0.036542 
0.216461 0.980559 -0.038906 
0.295346 0.971846 -0.051324 
0.377788 0.947569 -0.072082 
0.461243 0.915225 -0.089703 
0.530511 0.881258 -0.099275 
0.585939 0.849713 -0.100032 
0.630859 0.823259 -0.093118 
0.666133 0.803088 -0.080146 
0.690334 0.789674 -0.062148 
0.701914 0.783363 -0.040643 
0.699267 0.784661 -0.017907 
0.680147 0.793743 0.003081 
0.644220 0.809929 0.018942 
0.593958 0.831700 0.025964 
0.532810 0.856654 0.021814 
0.465553 0.882010 0.006546 
0.401619 0.906463 -0.017076 
0.359676 0.931549 -0.041097 
0.348385 0.955367 -0.058025 
0.362625 0.972774 -0.068032 
0.397846 0.983289 -0.075911 
0.459218 0.984600 -0.082765 
0.549536 0.972068 -0.083941 
0.641908 0.948359 -0.077992 
0.705641 0.918859 -0.071547 
0.745435 0.888647 -0.066185 
0.777998 0.860911 -0.057353 
0.805269 0.837279 -0.043534 
0.825376 0.820652 -0.024982 
0.837424 0.812919 -0.004086 
0.841293 0.814372 0.016047 
0.836695 0.823844 0.032937 
0.825440 0.839577 0.044483 
0.809717 0.859534 0.049202 
0.790603 0.880749 0.045434 
0.770892 0.898723 0.032064 
0.755234 0.909353 0.010763 
0.747046 0.911210 -0.014684 
0.747613 0.904685 -0.040100 
0.756234 0.890677 -0.061900 
0.770845 0.870675 -0.077941 
0.789297 0.847243 -0.087493 
0.809907 0.823612 -0.090627 
0.831247 0.801905 -0.087823 
0.851891 0.783190 -0.079803 
0.870646 0.768248 -0.067599 
0.886780 0.757260 -0.052205 
0.899493 0.750189 -0.034391 
0.907812 0.747235 -0.015124 
0.911135 0.748518 0.004422 
0.909272 0.753952 0.023179 
0.902539 0.763278 0.040101 
0.891683 0.775979 0.054182 
0.877744 0.791336 0.064642 
0.862260 0.808474 0.071025 
0.846868 0.826615 0.073322 
0.832682 0.845443 0.071572 
0.820743 0.864696 0.065728 
0.812537 0.882580 0.056015 
0.809580 0.896981 0.043346 
0.813252 0.907930 0.029227 
0.824735 0.916102 0.015498 
0.845049 0.922594 0.004034 
0.874534 0.929144 -0.003049 
0.912590 0.938420 -0.003601 
0.466828 0.472112 -0.001014 
0.000000 0.000000 0.000000 
