50
0.115121 0.6002 -0.791522
0.115121 0.6002 -0.791522
0.115121 0.6002 -0.791522
0.115121 0.6002 -0.791522
0.115121 0.6002 -0.791522
0.115121 0.6002 -0.791522
0.115121 0.6002 -0.791522
0.115121 0.6002 -0.791522
0.115121 0.6002 -0.791522
0.115121 0.6002 -0.791522
0.115121 0.6002 -0.791522
0.115121 0.6002 -0.791522
0.115121 0.6002 -0.791522
0.115121 0.6002 -0.791522
0.115121 0.6002 -0.791522
0.115121 0.6002 -0.791522
0.115121 0.6002 -0.791522
0.115121 0.6002 -0.791522
0.115121 0.6002 -0.791522
0.115121 0.6002 -0.791522
0.115121 0.6002 -0.791522
0.115121 0.6002 -0.791522
0.115121 0.6002 -0.791522
0.115121 0.6002 -0.791522
0.115121 0.6002 -0.791522
0.115121 0.6002 -0.791522
0.115121 0.6002 -0.791522
0.115121 0.6002 -0.791522
0.115121 0.6002 -0.791522
0.115121 0.6002 -0.791522
0.115121 0.6002 -0.791522
0.115121 0.6002 -0.791522
0.115121 0.6002 -0.791522
0.115121 0.6002 -0.791522
0.115121 0.6002 -0.791522
0.115121 0.6002 -0.791522
0.115121 0.6002 -0.791522
0.115121 0.6002 -0.791522
0.115121 0.6002 -0.791522
0.115121 0.6002 -0.791522
0.115121 0.6002 -0.791522
0.115121 0.6002 -0.791522
0.115121 0.6002 -0.791522
0.115121 0.6002 -0.791522
0.115121 0.6002 -0.791522
0.115121 0.6002 -0.791522
0.115121 0.6002 -0.791522
0.115121 0.6002 -0.791522
0.115121 0.6002 -0.791522
0.115121 0.6002 -0.791522
