50
-0.992276 0.12404 -0.0018605
-0.992276 0.12404 -0.0018605
-0.992276 0.12404 -0.0018605
-0.992276 0.12404 -0.0018605
-0.992276 0.12404 -0.0018605
-0.992276 0.12404 -0.0018605
-0.992276 0.12404 -0.0018605
-0.992276 0.12404 -0.0018605
-0.992276 0.12404 -0.0018605
-0.992276 0.12404 -0.0018605
-0.992276 0.12404 -0.0018605
-0.992276 0.12404 -0.0018605
-0.992276 0.12404 -0.0018605
-0.992276 0.12404 -0.0018605
-0.992276 0.12404 -0.0018605
-0.992276 0.12404 -0.0018605
-0.992276 0.12404 -0.0018605
-0.992276 0.12404 -0.0018605
-0.992276 0.12404 -0.0018605
-0.992276 0.12404 -0.0018605
-0.992276 0.12404 -0.0018605
-0.992276 0.12404 -0.0018605
-0.992276 0.12404 -0.0018605
-0.992276 0.12404 -0.0018605
-0.992276 0.12404 -0.0018605
-0.992276 0.12404 -0.0018605
-0.992276 0.12404 -0.0018605
-0.992276 0.12404 -0.0018605
-0.992276 0.12404 -0.0018605
-0.992276 0.12404 -0.0018605
-0.992276 0.12404 -0.0018605
-0.992276 0.12404 -0.0018605
-0.992276 0.12404 -0.0018605
-0.992276 0.12404 -0.0018605
-0.992276 0.12404 -0.0018605
-0.992276 0.12404 -0.0018605
-0.992276 0.12404 -0.0018605
-0.992276 0.12404 -0.0018605
-0.992276 0.12404 -0.0018605
-0.992276 0.12404 -0.0018605
-0.992276 0.12404 -0.0018605
-0.992276 0.12404 -0.0018605
-0.992276 0.12404 -0.0018605
-0.992276 0.12404 -0.0018605
-0.992276 0.12404 -0.0018605
-0.992276 0.12404 -0.0018605
-0.992276 0.12404 -0.0018605
-0.992276 0.12404 -0.0018605
-0.992276 0.12404 -0.0018605
-0.992276 0.12404 -0.0018605
