0.0156018 0.00786124
0.002182 -0.0160498

0.00763237 0.013051
-0.00763106 -0.0130291

0.00615879 0.0145161
-0.00613436 -0.0145121

0.00471889 0.0158403
-0.0046781 -0.0158445

0.0031732 0.0166429
-0.00312213 -0.0166493

0.00163285 0.0170811
-0.00157619 -0.0170892

0.000199766 0.0161692
-0.000142988 -0.0161735

-0.00107081 0.0153115
0.00112221 -0.0153084

-0.00218211 0.0148129
0.00222639 -0.0148002

-0.00312013 0.0144881
0.00316482 -0.0144639

-0.0039566 0.0139825
0.00400459 -0.0139386

-0.00460457 0.0130833
0.00465376 -0.0130219

-0.00509287 0.0120076
0.0051372 -0.0119294

-0.00529934 0.0111415
0.00533142 -0.0110461

-0.00535675 0.0106535
0.00537373 -0.0105372

-0.00516284 0.0103505
0.00516493 -0.0102135

-0.00486928 0.00956275
0.00485864 -0.00941466

-0.00453656 0.00852086
0.00450985 -0.00837044

-0.0041713 0.00756466
0.00412539 -0.00742093

-0.00367821 0.00652537
0.003617 -0.00640382

-0.00300079 0.00565157
0.00292811 -0.00555653

-0.00221003 0.00496741
0.00212511 -0.00489907

-0.0012944 0.00444252
0.00119951 -0.00440251

-0.000138537 0.00402292
5.23257e-05 -0.00401282

0.000957019 0.00397965
-0.00102358 -0.00399216

0.00191238 0.00424907
-0.00196326 -0.00428207

0.00276529 0.00471484
-0.00280415 -0.00475931

0.00351921 0.00527152
-0.00355089 -0.00532786

0.00416331 0.00595178
-0.00419109 -0.00601645

0.00466986 0.00654019
-0.00469175 -0.00660917

0.00498637 0.00715072
-0.0049996 -0.00723147

0.00517355 0.00776305
-0.00517345 -0.0078551

0.00529366 0.00840552
-0.00527516 -0.00850025

0.00536944 0.00889046
-0.00533586 -0.00897682

0.00536172 0.00948254
-0.0053153 -0.00956044

0.0052213 0.0102583
-0.00515553 -0.0103349

0.00479494 0.0112999
-0.00470578 -0.0113719

0.00407473 0.0123028
-0.00396282 -0.012362

0.00313192 0.0124316
-0.00301007 -0.0124688

0.00215567 0.012332
-0.00203531 -0.0123406

0.00114096 0.0122559
-0.00103118 -0.0122349

0.000224154 0.012198
-0.000123744 -0.0121523

-0.00062881 0.0122957
0.000722181 -0.0122337

-0.00145687 0.0124845
0.00153986 -0.0124125

-0.00227666 0.0119609
0.0023449 -0.0118826

-0.0030565 0.0115799
0.00310464 -0.011495

-0.00376244 0.0113488
0.00379346 -0.0112494

-0.00436484 0.011033
0.00438653 -0.0109118

-0.0048171 0.0104436
0.00483393 -0.0103034

-0.00510035 0.00959421
0.00510938 -0.00943982

-0.00523152 0.0084007
0.005232 -0.00824247

-0.00521306 0.0073106
0.00520688 -0.00714925

-0.00502623 0.00623831
0.00501168 -0.00607847

-0.00468911 0.00456721
0.00466323 -0.00442247

-0.00424814 0.00303946
0.00421454 -0.00290839

-0.00372244 0.00165121
0.00368289 -0.0015343

-0.00305641 0.000484567
0.00301031 -0.000378373

-0.00224098 -0.000441209
0.00219026 0.000532021

-0.00136647 -0.00110864
0.00130923 0.00117637

-0.000395734 -0.00145759
0.000328854 0.00149259

0.000530239 -0.00150348
-0.000602683 0.00150761

0.00137387 -0.00132549
-0.00143955 0.00130748

0.00215232 -0.000927035
-0.00220787 0.000888589

0.00285435 -0.000245508
-0.0029043 0.000179893

0.00347889 0.000691961
-0.00352858 -0.000793314

0.0040008 0.00175996
-0.00404729 -0.00187941

0.00440542 0.00293608
-0.00444276 -0.00306488

0.00472281 0.00412315
-0.0047465 -0.00426608

0.004967 0.00504123
-0.00497712 -0.0051909

0.00511331 0.00571089
-0.00510656 -0.00585145

0.00513249 0.0063976
-0.00510278 -0.00652208

0.0047355 0.00704069
-0.00468798 -0.0071537

0.0043158 0.00759728
-0.00424903 -0.00769873

0.00389925 0.00817585
-0.00381044 -0.00825968

0.00330896 0.00893935
-0.00319324 -0.00900643

0.00261939 0.00993234
-0.00247966 -0.00997555

0.00189938 0.0109572
-0.0017434 -0.0109629

0.00111868 0.0117002
-0.000956318 -0.0116472

0.000234919 0.0120152
-7.94068e-05 -0.0119076

-0.000638651 0.0117301
0.000773864 -0.011585

-0.00144964 0.0107467
0.00156005 -0.0105788

-0.00221287 0.00975484
0.00229761 -0.00957045

-0.00289565 0.00889471
0.00295103 -0.00870168

-0.00348275 0.00814551
0.00350958 -0.00795361

-0.0039759 0.00746073
0.00397839 -0.00727727

-0.00430309 0.00677084
0.00428608 -0.00659538

-0.00448594 0.00593958
0.00445117 -0.00576831

-0.00448761 0.00464482
0.00444114 -0.00448084

-0.00433004 0.00270233
0.00427594 -0.00256245

-0.00406551 0.000872754
0.00401098 -0.00075367

-0.00370667 -0.000825191
0.00365719 0.0009345

-0.00324568 -0.00236161
0.00319448 0.00246365

-0.00269258 -0.00369421
0.00262789 0.00378204

-0.00205688 -0.00478194
0.00197594 0.00485177

-0.00133491 -0.00567234
0.00124777 0.00573095

-0.000519563 -0.00643448
0.000432861 0.00647661

0.000277883 -0.00689107
-0.000355712 0.00689715

0.000988424 -0.00672339
-0.00105846 0.00667706

0.00164659 -0.00628655
-0.00171014 0.006209

0.0022694 -0.00565977
-0.00232414 0.00556962

0.00283756 -0.00490511
-0.00288178 0.00480599

0.00331925 -0.00401025
-0.00335703 0.0038874

0.00370911 -0.00291456
-0.00374245 0.00275865

0.00402791 -0.00161296
-0.00405296 0.00142378

0.00424898 -0.000114037
-0.00426198 -0.000106178

0.00435425 0.00153939
-0.0043479 -0.00177488

0.00436826 0.00299339
-0.00433866 -0.00321729

0.00433451 0.0043326
-0.00428508 -0.00454194

0.00417813 0.00550964
-0.004114 -0.00570063

0.0038126 0.00659852
-0.00372969 -0.00677286

0.00337317 0.00755604
-0.00326424 -0.00769241

0.00287131 0.00845977
-0.00273743 -0.0085439

0.00230421 0.00943517
-0.00216175 -0.00945453

0.00167558 0.0102317
-0.00153901 -0.0101874

0.00100134 0.0104325
-0.000871222 -0.0103087

0.000302827 0.0103586
-0.000184697 -0.0101452

-0.000404335 0.01007
0.000494949 -0.00978036

-0.00108293 0.00957112
0.00113724 -0.0092313

-0.0017058 0.00885853
0.00173233 -0.00848551

-0.00227882 0.00790247
0.00228379 -0.0075221

-0.00279919 0.00664983
0.00277628 -0.00628773

-0.00320713 0.00493668
0.00315134 -0.00461788

-0.00348812 0.00301598
0.00341128 -0.00273965

-0.00365399 0.000975483
0.00357095 -0.000744465

-0.00362963 -0.000845399
0.00355191 0.00102993

-0.00346137 -0.00252324
0.00338901 0.00265125

-0.00320915 -0.00419596
0.00313728 0.00426312

-0.00288519 -0.00598197
0.00281025 0.0060035

-0.00246924 -0.00745743
0.0023972 0.0074613

-0.0019468 -0.00886259
0.00188475 0.00887049

-0.00133013 -0.00995921
0.0012706 0.00996978

-0.000627905 -0.0104862
0.000559847 0.010488

8.95052e-05 -0.010903
-0.000165365 0.0108811

0.000734384 -0.0110617
-0.000813448 0.0110027

0.00131509 -0.0109584
-0.00138723 0.0108596

0.0018625 -0.0107678
-0.0019205 0.0106179

0.00238393 -0.0105262
-0.00242895 0.0103126

0.00284822 -0.00978664
-0.00289066 0.00952154

0.00319903 -0.00886308
-0.00324036 0.00856745

0.00351666 -0.00782651
-0.00355079 0.00751196

0.00372435 -0.00654636
-0.00374137 0.00622271

0.00382448 -0.00496065
-0.00382083 0.00465543

0.00384174 -0.00342462
-0.00382371 0.00314489

0.00377701 -0.00167755
-0.0037504 0.00142047

0.00363211 8.90547e-05
-0.00359831 -0.000321822

0.00341814 0.00148735
-0.003372 -0.00170358

0.00312359 0.00270668
-0.0030581 -0.00290148

0.00276323 0.00373569
-0.00267871 -0.00388906

0.00236412 0.00475445
-0.00226421 -0.00483657

0.00192149 0.00590406
-0.00180764 -0.00588035

0.00146298 0.00687629
-0.00133583 -0.00670953

0.000977069 0.00751
-0.000844387 -0.00716976

0.000438501 0.00764523
-0.000316004 -0.00713687

-0.000133507 0.00717431
0.000232055 -0.00655821

-0.000699824 0.00640355
0.000755892 -0.00573822

-0.00122864 0.00503031
0.00122727 -0.00436616

-0.00167801 0.00290224
0.00162682 -0.00234176

-0.0020499 0.00103402
0.00197071 -0.000587713

-0.002357 -0.000667219
0.00226342 0.000991584

-0.00257762 -0.00232229
0.00247436 0.00254996

-0.00267248 -0.00403405
0.00255747 0.00418685

-0.00264087 -0.00559535
0.00251531 0.00566935

-0.00248026 -0.00718106
0.00236367 0.0071947

-0.00221677 -0.008709
0.00212447 0.00869823

-0.00189165 -0.00999385
0.00180749 0.00997246

-0.00151195 -0.0115265
0.00141297 0.0114604

-0.00105409 -0.0134193
0.000941683 0.0133039

-0.000475098 -0.015386
0.000377491 0.0152557

0.000119665 -0.0158736
-0.000191161 0.0157371

0.000661304 -0.0161809
-0.000721694 0.0159961

0.00114757 -0.016398
-0.00121593 0.016134

0.00158087 -0.016461
-0.00165597 0.0161393

0.00196232 -0.016374
-0.00202658 0.0160242

0.00229456 -0.0161107
-0.0023382 0.0157222

0.00258683 -0.0159933
-0.0026158 0.0155409

0.00284885 -0.0153859
-0.00286964 0.0148876

0.00307497 -0.0138168
-0.00308419 0.0133205

0.00324554 -0.011943
-0.00323748 0.0114327

0.00335605 -0.01037
-0.00332749 0.00983102

0.00341649 -0.00922894
-0.00337004 0.00865967

0.00342581 -0.00802663
-0.00336505 0.00742064

0.0033615 -0.00664003
-0.00329751 0.00597371

0.0032177 -0.0054005
-0.00315774 0.00468583

0.00294154 -0.00425453
-0.00287499 0.00353228

0.00266149 -0.00291503
-0.00257546 0.00222872

0.00238409 -0.00133027
-0.00227571 0.00065783

0.00210143 0.00052111
-0.00197764 -0.00119827

0.00180223 0.00248807
-0.00167642 -0.00293182

0.00147032 0.00408088
-0.0013601 -0.00400466

0.00110552 0.00651728
-0.00103237 -0.00557537

0.000735499 0.00594914
-0.000706865 -0.00437008

0.000384696 0.00420666
-0.000392304 -0.00214308

5.37104e-05 0.00105447
-8.70368e-05 0.000736339

-0.000267033 -0.00140622
0.000208754 0.00275497

-0.000566154 -0.00311134
0.00048687 0.00384785

-0.00083887 -0.0045589
0.000746084 0.00488506

-0.00107475 -0.00548089
0.00096727 0.00560165

-0.00124703 -0.00645447
0.00112117 0.00647648

-0.00133114 -0.00787116
0.00120207 0.00778633

-0.00131944 -0.00966279
0.00121206 0.00947842

-0.00123865 -0.0102145
0.00116112 0.00998592

-0.00111205 -0.0106704
0.00105002 0.0103939

-0.000933707 -0.0113817
0.000874072 0.0110278

-0.000699066 -0.0122414
0.000640297 0.0118279

-0.000425978 -0.0129918
0.000373199 0.0125256

-0.000135182 -0.012084
9.18899e-05 0.011614

0.000160605 -0.0117998
-0.000194645 0.0113142

0.000443396 -0.0108096
-0.000467503 0.0103746

0.000706333 -0.0102661
-0.000715563 0.00986683

0.000936522 -0.00907918
-0.000936314 0.00870885

0.00109698 -0.00802427
-0.00109734 0.00764106

0.00120653 -0.00710338
-0.00120814 0.00671399

0.00128155 -0.00628701
-0.00127333 0.00592899

0.00132925 -0.00557423
-0.00130791 0.00521691

0.00134974 -0.00484046
-0.0013263 0.00445659

0.00134725 -0.00359777
-0.00133782 0.0032324

0.00134098 -0.00211447
-0.0013456 0.00172587

0.00134353 0.00043933
-0.00134707 -0.00101166

0.00133733 0.0025238
-0.00133737 -0.00313792

0.00131026 0.00463418
-0.00131658 -0.00543817

0.00124612 0.00686683
-0.00125177 -0.00791605

0.00119229 0.00648352
-0.00118205 -0.00741303

0.00113562 0.00685835
-0.00110964 -0.00772754

0.00105768 0.00746144
-0.00102629 -0.00818194

0.000952229 0.00755233
-0.000913341 -0.00806084

0.00081798 0.0080663
-0.000754018 -0.00840154

0.000649179 0.0088966
-0.000552876 -0.00906446

0.000435313 0.00994029
-0.000326181 -0.00994098

0.000172366 0.0110527
-8.0628e-05 -0.010861

-0.000140411 0.0120234
0.000203502 -0.0116235

-0.000494058 0.0128727
0.000532468 -0.0123209

-0.000871477 0.0137296
0.000887196 -0.0131042

-0.00125755 0.0138184
0.00125077 -0.0131923

-0.00163385 0.0133695
0.00159625 -0.0128026

-0.00196247 0.0122848
0.00188879 -0.0118454

-0.00223538 0.0114654
0.00213554 -0.0111252

-0.00240692 0.0107029
0.0022984 -0.0104021

-0.00248302 0.00919739
0.00237759 -0.00899115

-0.0024778 0.00770683
0.00238777 -0.00765297

-0.00238059 0.00663266
0.00231652 -0.00668955

-0.00218427 0.00586587
0.00214576 -0.0059982

-0.00189625 0.00416885
0.00187522 -0.00444242

-0.00153129 0.00101764
0.00152508 -0.00148083

-0.00111639 -0.00244453
0.00112502 0.00204531

-0.000673193 -0.00588036
0.000694424 0.00579405

-0.000204517 -0.00769273
0.00023621 0.00830901

0.000256957 -0.00595678
-0.000219622 0.00714292

0.000704887 -0.00459395
-0.000671842 0.00627774

0.00113738 -0.00322043
-0.00111761 0.00568603

0.00152034 0.000241742
-0.00152124 0.00186932

0.00183302 0.00247211
-0.00186155 -0.000950368

0.00211222 0.00418308
-0.00217493 -0.00300599

0.00235244 0.00564041
-0.00245781 -0.00489676

0.00253977 0.00655962
-0.00268377 -0.00625095

0.00267355 0.00759256
-0.00283952 -0.00758539

0.00276398 0.00874529
-0.00293551 -0.00895905

0.00280844 0.00906214
-0.00297762 -0.00943626

0.00277939 0.00942188
-0.00294258 -0.00994135

0.00264235 0.0100807
-0.00279612 -0.0107366

0.00240311 0.0111873
-0.00253325 -0.0119644

0.00210302 0.0127412
-0.0021882 -0.013622

0.00176988 0.0126213
-0.00180335 -0.0134678

0.00141318 0.0124665
-0.00140232 -0.0132329

0.00103281 0.0123191
-0.000990121 -0.0129785

0.000623019 0.0119838
-0.000559567 -0.0125661

0.000194486 0.0116575
-0.000108116 -0.0121529

-0.000220849 0.011468
0.000334592 -0.0118201

-0.000590322 0.0106498
0.000720589 -0.0108192

-0.000896196 0.0100413
0.00102069 -0.0100514

-0.00113256 0.00953545
0.00123964 -0.00934617

-0.001308 0.00873723
0.00139046 -0.00828871

-0.00143038 0.00763204
0.00147745 -0.00694233

-0.0015011 0.00653802
0.00151007 -0.00565625

-0.00152071 0.00515107
0.00149429 -0.00419989

-0.00148909 0.00286671
0.00142379 -0.00204515

-0.0014053 -0.001983
0.00130202 0.00208959

-0.00127678 -0.0057838
0.00114236 0.0049311

-0.00111168 -0.00921314
0.000951726 0.00757249

-0.000922882 -0.0110492
0.000752951 0.00894597

-0.000707571 -0.0102539
0.000558007 0.00824344

-0.000460513 -0.0101758
0.000353479 0.00824028

-0.000190641 -0.0106186
0.000124279 0.00880004

9.28943e-05 -0.0112856
-0.000135957 0.00970648

0.000402059 -0.0120982
-0.000432601 0.0108678

0.000733342 -0.0109794
-0.000746501 0.0102749

0.00107657 -0.0102498
-0.00106971 0.00995251

0.0014256 -0.00979054
-0.0013998 0.00982892

0.00175974 -0.00953546
-0.00172346 0.00981192

0.00207354 -0.00906468
-0.002036 0.00951058

0.00237676 -0.00850062
-0.00234305 0.00907753

0.00266255 -0.00706654
-0.00264206 0.00768564

0.00290307 -0.00592136
-0.00290652 0.00658754

0.00307461 -0.00497141
-0.00310734 0.00568906

0.00316777 -0.00377211
-0.00321458 0.00448271

0.00310545 -0.00214625
-0.00313974 0.00274548

0.00292355 -0.000767613
-0.00293654 0.00129549

0.00268007 0.000584936
-0.00267694 -0.000123948

0.00239959 0.00220087
-0.00237931 -0.00176684

0.0020789 0.00374572
-0.00203498 -0.00324823

0.00171251 0.00541857
-0.00165053 -0.00470125

0.00130432 0.00756713
-0.00124559 -0.00639131

0.000869226 0.00846369
-0.000830984 -0.00682161

0.000460774 0.00884503
-0.000446851 -0.00656994

7.03701e-05 0.00913388
-8.20049e-05 -0.00574788

-0.000299425 0.00778733
0.000265144 -0.00335732

-0.000641737 0.00498667
0.000577807 -0.000236379

-0.000955958 0.00101115
0.000842134 0.00200761

-0.00123465 -0.00124294
0.0010692 0.00335326

-0.00146139 -0.0030607
0.00127233 0.00453287

-0.00165216 -0.00520347
0.00145452 0.00611853

-0.00179206 -0.00763629
0.00158416 0.00801643

-0.00187239 -0.00853672
0.00166407 0.00849573

-0.00188352 -0.00945782
0.00169711 0.00917536

-0.00183232 -0.0106018
0.00167202 0.0101097

-0.00170987 -0.012106
0.00156666 0.011424

-0.00152528 -0.0133732
0.0014004 0.0125944

-0.00127941 -0.0134963
0.00118978 0.012732

-0.000983295 -0.013262
0.000941306 0.0125223

-0.000646725 -0.0135031
0.000647022 0.0127489

-0.000271819 -0.0133
0.000305699 0.0125883

0.000127948 -0.013301
-6.09032e-05 0.0126857

0.000528362 -0.0132819
-0.000428641 0.0127943

0.000912589 -0.0128586
-0.000793982 0.012472

0.00127541 -0.0122598
-0.00115753 0.0119734

0.00161048 -0.0114053
-0.00150322 0.0112822

0.00189257 -0.0105429
-0.00179961 0.0106222

0.00207217 -0.00987435
-0.00200815 0.0101298

0.00217606 -0.00926974
-0.0021649 0.00964422

0.00222568 -0.0084827
-0.0022674 0.00890992

0.00222517 -0.00761228
-0.00229264 0.00811226

0.00215138 -0.00713919
-0.00222619 0.00768113

0.0020148 -0.00490082
-0.00210507 0.0049932

0.00182329 -0.00256901
-0.00194744 0.00166288

0.00161396 0.000351504
-0.00177388 -0.0028402

0.00141266 0.00324217
-0.00158097 -0.00684267

0.00121538 0.00579815
-0.00136297 -0.010708

0.00100954 0.00622855
-0.00112698 -0.010566

0.000787752 0.00651396
-0.000872603 -0.00998492

0.000542508 0.0069551
-0.000578249 -0.00979061

0.00024501 0.00725087
-0.000216172 -0.00949451

-9.14815e-05 0.0078483
0.000177014 -0.00944452

-0.000436081 0.00936686
0.000553695 -0.0101976

-0.000763976 0.0084533
0.000892633 -0.00842288

-0.00107691 0.00716245
0.00119707 -0.00672716

-0.00140012 0.00612375
0.00148998 -0.00555993

-0.00173814 0.00513786
0.00178126 -0.00452658

-0.00205508 0.00415627
0.00205786 -0.00343556

-0.00230642 0.00314114
0.00228888 -0.00226703

-0.0024686 0.00192335
0.00243902 -0.000997726

-0.00254502 0.000495548
0.00248981 0.000238341

-0.00253843 -0.000646445
0.00244915 0.00119881

-0.00242732 -0.00159921
0.00231266 0.00204888

-0.0022306 -0.00246282
0.00210048 0.00287856

-0.0019732 -0.00324955
0.00182845 0.0036523

-0.00158553 -0.00394205
0.00144158 0.00431609

-0.0011718 -0.00457655
0.00105128 0.00488861

-0.000754456 -0.00517064
0.000671528 0.00540497

-0.000355873 -0.00564645
0.000302645 0.00581732

1.13401e-05 -0.00577305
-5.36834e-05 0.00608781

0.000342483 -0.00546334
-0.000384015 0.00632782

0.000637663 -0.00452672
-0.000681025 0.00628802

0.000902324 -0.00281366
-0.000945381 0.00532055

0.00113718 -0.000717753
-0.00117524 0.00422512

0.00134048 0.0024967
-0.00137695 0.00214038

0.00151303 0.00562651
-0.00156686 -0.000805785

0.00166074 0.00591129
-0.00174904 -0.00285135

0.00179562 0.00580706
-0.00190609 -0.00396661

0.00191675 0.00654184
-0.00203192 -0.00532906

0.00200289 0.00803047
-0.00211723 -0.007288

0.001984 0.0100221
-0.00209827 -0.00980083

0.00191753 0.0105268
-0.00203364 -0.010751

0.00180592 0.0104576
-0.00191333 -0.0109562

0.00163376 0.010544
-0.00170836 -0.0112301

0.00139749 0.0106692
-0.00142099 -0.0114415

0.00111013 0.0107134
-0.00109403 -0.011453

0.000789086 0.0109462
-0.000755773 -0.0116115

0.000442298 0.0111634
-0.000392349 -0.0117646

6.23368e-05 0.0113662
2.18247e-05 -0.0119044

-0.000350944 0.0115713
0.000471724 -0.0120156

-0.000760026 0.0117835
0.000893031 -0.012075

-0.0011402 0.0119688
0.00126495 -0.0120613

-0.00147521 0.0123363
0.00158313 -0.0121861

-0.00174479 0.0127241
0.00181779 -0.0122551

-0.00197752 0.0134785
0.00199474 -0.0125993

-0.00215302 0.0142415
0.00210674 -0.0129666

-0.00224148 0.0118911
0.00213756 -0.0106763

-0.00222888 0.00957355
0.0020729 -0.00865651

-0.00211826 0.00716753
0.00191414 -0.00666797

-0.00193284 0.00472151
0.00168893 -0.00480249

-0.00170601 0.00187095
0.00143745 -0.00317322

-0.00141877 -0.00255399
0.00115692 -0.00104564

-0.00108467 -0.00715193
0.000867971 0.00123242

-0.000725506 -0.00905303
0.00057467 0.00267646

-0.000358484 -0.0100744
0.000275093 0.00351919

-1.50076e-06 -0.00992213
-2.33468e-05 0.00367416

0.000344594 -0.00885459
-0.000324323 0.0034151

0.000682161 -0.00833997
-0.000628273 0.00350294

0.00103161 -0.00586675
-0.00094172 0.00268572

0.00139192 -0.00365102
-0.00126378 0.00175427

0.00173992 -0.00187646
-0.00158665 0.00080295

0.00205052 -0.000320259
-0.00188897 -0.000259092

0.0023083 0.00124822
-0.00214262 -0.00146397

0.00250373 0.00297082
-0.00234416 -0.00280428

0.00263277 0.0039819
-0.00250522 -0.00355882

0.0026925 0.00464564
-0.00261475 -0.00414762

0.00267646 0.0053494
-0.0026474 -0.0047816

0.00258025 0.00626409
-0.00259292 -0.00555081

0.0024124 0.00737862
-0.00245902 -0.00650083

0.00218169 0.0083163
-0.00225992 -0.00738762

0.00190243 0.00856015
-0.00199504 -0.00778861

0.00158764 0.0086362
-0.00167329 -0.0080545

0.00124378 0.00866637
-0.00131918 -0.00811695

0.000865072 0.00852923
-0.000940441 -0.00788708

0.000499205 0.00824338
-0.00057102 -0.00751137

0.000172279 0.00792169
-0.000230093 -0.00709424

-0.000111541 0.00771355
6.74932e-05 -0.00668675

-0.000367899 0.00781894
0.000325187 -0.00633277

-0.000604265 0.00829245
0.000545592 -0.00585754

-0.000813398 0.00813377
0.000732023 -0.00443805

-0.000998444 0.00801894
0.000893525 -0.00249976

-0.00116445 0.00593535
0.00103818 0.000727388

-0.00129812 0.00181432
0.00116846 0.00356382

-0.00136495 -0.00098865
0.00125053 0.0054776

-0.0013937 -0.00370793
0.00129156 0.00756136

-0.00140506 -0.00613195
0.00130958 0.00858792

-0.00139046 -0.00729634
0.00130589 0.00859542

-0.00134784 -0.00789346
0.00127372 0.00864618

-0.00126736 -0.00852845
0.00119938 0.00892642

-0.00113303 -0.00919593
0.00107191 0.00929464

-0.000944619 -0.0094005
0.000893576 0.00931742

-0.000705619 -0.00973803
0.000673368 0.00957513

-0.000412273 -0.0101227
0.000409703 0.00988969

-6.24549e-05 -0.0105453
9.85557e-05 0.0101922

0.000325115 -0.0108979
-0.000255911 0.0104238

0.000723831 -0.0110164
-0.000640285 0.0105361

0.00112421 -0.0109325
-0.00103316 0.0106142

0.00152036 -0.0109312
-0.00141802 0.0108615

0.00189361 -0.0113114
-0.0017828 0.0114372

0.00221449 -0.0110653
-0.00210902 0.0112838

0.00245682 -0.0109068
-0.00237396 0.0112151

0.00260464 -0.010976
-0.00256213 0.0114406

0.00264175 -0.00980151
-0.00266015 0.0103802

0.0025709 -0.00752243
-0.00265359 0.00801467

0.00242705 -0.00570604
-0.00255219 0.00599618

0.00224195 -0.00430828
-0.0023828 0.0043095

0.00201804 -0.00311298
-0.00216216 0.00268077

0.00175063 -0.00168535
-0.00190437 0.000664799

0.00145754 -0.000542315
-0.00162081 -0.00166443

0.00115822 0.000877747
-0.00130823 -0.00599858

0.000853168 0.00242301
-0.000963108 -0.011014

0.000538791 0.00243495
-0.000606262 -0.0109318

0.000217886 0.00233902
-0.000256204 -0.01156

-0.000106666 0.00140324
0.000103152 -0.00821624

-0.000431523 0.000503857
0.000484227 -0.0049207

-0.00074575 -0.000404266
0.000866386 -0.00255362

-0.00103755 -0.00147086
0.00121301 -0.00061101

-0.00131527 -0.00261841
0.00152792 0.00116788

-0.00155662 -0.00349857
0.00179256 0.00274971

-0.00174299 -0.00400763
0.00197721 0.00400421

-0.00188313 -0.00438102
0.00208234 0.00490449

-0.00198866 -0.00514551
0.00212832 0.00594347

-0.00203884 -0.0062958
0.00212019 0.00722928

-0.00201515 -0.00711181
0.00204198 0.00812353

-0.00191661 -0.00773068
0.00189021 0.0088256

-0.00174073 -0.00784216
0.00167256 0.00888062

-0.00145844 -0.00774328
0.00135427 0.00856506

-0.00112864 -0.00791569
0.00098918 0.00848926

-0.000787049 -0.00820263
0.000625757 0.00855513

-0.00043988 -0.00846256
0.000281865 0.00864725

-0.000105764 -0.00854184
-3.48442e-05 0.00863233

0.000200735 -0.00839815
-0.00031619 0.00845379

0.000473298 -0.00817947
-0.000556481 0.00824193

0.000713647 -0.00809141
-0.000769624 0.00819586

0.000931858 -0.00812619
-0.000967426 0.0083337

0.00112461 -0.00722954
-0.00113941 0.00772619

0.00128015 -0.00632454
-0.00126922 0.00754016

0.00140303 -0.00503413
-0.00136608 0.00774076

0.00150249 -0.00174453
-0.00145233 0.00587255

0.00156325 0.00205632
-0.00152535 0.00431716

0.00157744 0.00600872
-0.0015619 0.00191309

0.0015693 0.0106542
-0.00156415 -0.000942489

0.0015467 0.0116413
-0.00154893 -0.00408413

0.00145086 0.00974604
-0.00146947 -0.00536873

0.00133887 0.00921024
-0.00137575 -0.006337

0.00120225 0.00947145
-0.00124444 -0.00743543

0.00103182 0.00962908
-0.00106515 -0.008303

0.000828878 0.00906736
-0.000843552 -0.0083499

0.000590271 0.00883457
-0.000585567 -0.00848778

0.000308247 0.00885419
-0.000283402 -0.00874324

-1.6703e-05 0.00908487
6.85464e-05 -0.00913239

-0.000372465 0.00946181
0.000456684 -0.00955145

-0.000750072 0.00985613
0.000854991 -0.00988013

-0.00114913 0.0101204
0.00125786 -0.0100554

-0.00152795 0.0101809
0.00163362 -0.0100806

-0.00181276 0.0100397
0.00190419 -0.00989752

-0.00204956 0.00915726
0.00210126 -0.00892297

-0.00223557 0.00824832
0.00222844 -0.00796218

-0.00236074 0.00746219
0.00230272 -0.00726985

-0.00242636 0.00667498
0.0023301 -0.00668269

-0.00242717 0.0056759
0.00228232 -0.00586325

-0.00231932 0.00401734
0.00211679 -0.00435166

-0.00209261 0.0022584
0.00186225 -0.00293843

-0.00178521 0.00049013
0.00157952 -0.00193368

-0.00144091 -0.00137254
0.00128357 -0.00101493

-0.00107675 -0.00347797
0.000956595 -0.000272535

-0.000711357 -0.00679232
0.000616138 0.000571253

-0.000342751 -0.00940209
0.000281725 0.00139704

3.19554e-05 -0.0102195
-3.85554e-05 0.00171164

0.000413636 -0.00884774
-0.000350052 0.00132678

0.000792207 -0.00873466
-0.000666111 0.000775793

0.00115911 -0.00575419
-0.000990938 -0.000638333

0.00150415 -0.00221973
-0.00131163 -0.00243509

0.0018064 0.000965382
-0.00160351 -0.00407691

0.00204846 0.00342111
-0.00184068 -0.00497678

0.00222044 0.00548154
-0.00201018 -0.00605543

0.00231781 0.00760033
-0.00211049 -0.00762409

0.00232994 0.00953463
-0.00214874 -0.0091884

0.00225554 0.0108243
-0.00212611 -0.0101933

0.00210908 0.0123078
-0.00204047 -0.0114858

0.00191186 0.0125043
-0.00189653 -0.0117319

0.00168102 0.0114931
-0.00169917 -0.0109286

0.00142048 0.011048
-0.00145739 -0.0106519

0.00113308 0.0108179
-0.00118577 -0.010526

0.000823347 0.0106151
-0.000896438 -0.0103674

0.000500212 0.0104265
-0.000591835 -0.0101834

0.000171686 0.0101731
-0.000279806 -0.00993134

-0.0001427 0.00928895
3.29321e-05 -0.00910726

-0.000416228 0.00838032
0.000321819 -0.00828598

-0.000652084 0.0076459
0.000584963 -0.00758299

-0.00085352 0.00712003
0.000827785 -0.00699306

-0.00102514 0.006765
0.00103226 -0.00648015

-0.00116718 0.00670147
0.00117517 -0.00619155

-0.00126752 0.0070485
0.00126788 -0.00620042

-0.00131845 0.00665998
0.00133584 -0.00535874

-0.00133316 0.00667004
0.00137256 -0.00419102

-0.00132434 0.00597139
0.00136507 -0.00153214

-0.00128921 0.00528186
0.00133136 0.00226532

-0.00122578 0.00247567
0.00128208 0.00629714

-0.00113584 -0.00118346
0.0011972 0.00985206

-0.00101543 -0.00382907
0.00106772 0.0105719

-0.00085504 -0.00509098
0.000902313 0.0101272

-0.00068186 -0.00578712
0.000721149 0.00936075

-0.000496538 -0.00649416
0.000511938 0.00889577

-0.000272459 -0.0073754
0.00025951 0.00900163

1.06778e-05 -0.00824056
-4.09105e-05 0.00940799

0.000346252 -0.00895363
-0.000384177 0.0098416

0.000715749 -0.00869046
-0.000751381 0.00923886

0.00110386 -0.0084128
-0.00112136 0.00865925

0.00149304 -0.00886703
-0.00148549 0.0088953

0.00186275 -0.00938223
-0.00184207 0.00928194

0.00219727 -0.00814571
-0.00217624 0.00807295

0.0024578 -0.00666385
-0.00243356 0.0066975

0.00264014 -0.00551971
-0.0026068 0.00561645

0.00269496 -0.00453512
-0.00266199 0.00456881

0.00264309 -0.00347614
-0.0026379 0.00341584

0.00250581 -0.0023101
-0.00254649 0.00221519

0.0023127 -0.00096757
-0.00238658 0.000774256

0.00207537 0.000488937
-0.00216564 -0.000996326

0.00180024 0.0018666
-0.00190229 -0.0029289

0.00151006 0.00332965
-0.00160253 -0.00514325

0.00121191 0.00445976
-0.00127368 -0.00712523

0.000892973 0.00525762
-0.000929102 -0.00922396

0.000551909 0.00553699
-0.000582404 -0.0111765

0.000214626 0.00529017
-0.000241645 -0.0131454

-8.01915e-05 0.00391992
7.79465e-05 -0.0139206

-0.000315677 0.00130769
0.00036559 -0.0113781

-0.000523164 -0.0012496
0.000632104 -0.00942577

-0.000733699 -0.00307844
0.000888764 -0.00497127

-0.000954567 -0.00391116
0.00114408 -0.00129716

-0.00113273 -0.00485091
0.00134582 0.00137202

-0.00127606 -0.00611135
0.0014973 0.00387624

-0.00137687 -0.00779251
0.00159043 0.00656004

-0.00144129 -0.00966913
0.00162738 0.00935315

-0.00148268 -0.0121183
0.00161565 0.0126284

-0.00148551 -0.0125748
0.00155342 0.0135769

-0.00142716 -0.0129111
0.00144006 0.0140495

-0.00130734 -0.0120952
0.00128284 0.0130169

-0.00113663 -0.011937
0.00108016 0.0126383

-0.000917795 -0.0120712
0.000825252 0.0126231

-0.000650167 -0.0121603
0.000523759 0.0126112

-0.000338252 -0.0121786
0.000200067 0.0125397

8.50344e-07 -0.0122285
-0.00013298 0.0124554

0.000334009 -0.0122608
-0.000464477 0.0123202

0.000657125 -0.0126136
-0.000783571 0.0125696

0.000966575 -0.0129838
-0.0010678 0.0128772

0.00123717 -0.0125597
-0.00130252 0.012331

0.00145743 -0.011892
-0.00149572 0.0114697

0.00164631 -0.0101021
-0.00165781 0.00961401

0.00180822 -0.00864542
-0.00178544 0.0083047

0.00190403 -0.00749986
-0.00184133 0.00748263

0.00192362 -0.00619838
-0.00182214 0.00666365

0.00189669 -0.00491513
-0.00177153 0.00616265

0.00181414 -0.0032966
-0.00168987 0.00607987

0.00167955 -6.95601e-05
-0.00157218 0.0045321

0.00151189 0.00385531
-0.00141327 0.00246691

0.0013283 0.00888602
-0.00122059 -0.0001501

0.00112355 0.0136165
-0.00101357 -0.0032985

0.000878978 0.0124094
-0.000807851 -0.00458025

0.000601223 0.012287
-0.000599949 -0.00556163

0.00031688 0.0134947
-0.000371621 -0.00699514

3.06227e-05 0.0112544
-0.000102596 -0.00670088

-0.000271162 0.00945025
0.000218777 -0.00651782

-0.000579543 0.00855273
0.000564866 -0.00653234

-0.00090503 0.00758402
0.000904116 -0.00611397

-0.0012425 0.00588182
0.00121604 -0.00494801

-0.00154886 0.00451123
0.00150436 -0.00395349

-0.00179321 0.00336162
0.00177886 -0.00292641

-0.001995 0.00200123
0.00201809 -0.00158188

-0.00216614 0.000514707
0.00218637 -0.000248884

-0.00226849 -0.000955142
0.00225906 0.00093257

-0.00226698 -0.00219895
0.00224363 0.00194306

-0.00216673 -0.0032202
0.00215257 0.00293074

-0.00198706 -0.00426107
0.00198508 0.00401897

-0.00176552 -0.00545772
0.00175809 0.0052002

-0.00150591 -0.00679359
0.00148424 0.00634176

-0.00120131 -0.00831484
0.00117003 0.00737144

-0.000862457 -0.01022
0.000817439 0.00841712

-0.000516323 -0.0116438
0.00045267 0.00894656

-0.000177999 -0.0115692
0.000111985 0.00836258

0.000153762 -0.0118689
-0.000193076 0.00783941

0.000462409 -0.0111895
-0.000453387 0.00620047

0.000736199 -0.0107882
-0.000685005 0.0042601

0.000973036 -0.0100754
-0.000899602 0.0016522

0.00117552 -0.0100312
-0.00108876 -0.00168348

0.0013502 -0.00594903
-0.00124256 -0.00416909

0.00150067 -0.00240927
-0.00137088 -0.00685181

0.00162588 0.0017174
-0.00148237 -0.00701765

0.00167532 0.00408389
-0.00153274 -0.00708024

0.00169604 0.00584118
-0.00156219 -0.00763853

0.00168056 0.0066295
-0.00156562 -0.00754037

0.00161167 0.00657901
-0.00152852 -0.00694596

0.00148732 0.00688187
-0.00144228 -0.00700629

0.00131978 0.00715102
-0.00131181 -0.00717694

0.00112387 0.00741027
-0.00114286 -0.00736658

0.000904174 0.00785948
-0.000938315 -0.00769313

0.000657332 0.0085066
-0.000709593 -0.00822923

0.000389754 0.00922923
-0.000468406 -0.00895906

0.000116498 0.0097749
-0.000213243 -0.00961052

-0.000156061 0.0101564
6.3159e-05 -0.010117

-0.000428975 0.0107477
0.00034137 -0.010884

-0.000705318 0.0114297
0.000614275 -0.0117782

-0.000970963 0.0112102
0.000882208 -0.0116388

-0.00120987 0.0111403
0.00113954 -0.0115298

-0.00140996 0.0113513
0.00137621 -0.0117494

-0.0015219 0.0118439
0.00154753 -0.0123388

-0.00157685 0.0111172
0.00166829 -0.0116065

-0.00159236 0.00986129
0.00173084 -0.0101106

-0.00157424 0.00864109
0.00173711 -0.00838862

-0.00150464 0.00655016
0.00168951 -0.00557143

-0.0013766 0.00512832
0.00158349 -0.00315435

-0.00119384 0.00411639
0.0014082 -0.000805036

-0.000980008 0.00304211
0.00117606 0.00192653

-0.000765882 0.00197775
0.000923508 0.0056504

-0.000549199 0.000353295
0.000656157 0.00970549

-0.000310302 -0.0016177
0.000358702 0.0132109

-5.55175e-05 -0.00310816
5.13434e-05 0.0137226

0.00021664 -0.00376076
-0.000263057 0.012882

0.000500205 -0.00358738
-0.000590703 0.0107688

0.000798525 -0.00327913
-0.000939051 0.0086924

0.00110404 -0.00232248
-0.00126606 0.00556201

0.00141341 -0.00113985
-0.00155138 0.00295523

0.00169643 -0.000149126
-0.00180059 0.00122592

0.00192764 0.000833518
-0.00202742 -0.000352358

0.002121 0.0020811
-0.00222587 -0.0021736

0.00228979 0.00303646
-0.00237664 -0.00336692

0.00241716 0.00403286
-0.00246144 -0.00437935

0.00243515 0.00502535
-0.00243528 -0.00540931

0.00231026 0.00593856
-0.00228 -0.00639883

0.00214314 0.00675156
-0.0021026 -0.00723226

0.00191997 0.00749649
-0.00189551 -0.00792734

0.00163568 0.00822211
-0.00163204 -0.00859687

0.00131883 0.00900387
-0.00130965 -0.00933843

0.000948456 0.00932738
-0.000908616 -0.00966094

0.000595393 0.00907592
-0.000534273 -0.00952242

0.000260054 0.00938551
-0.000207904 -0.0101688

-3.88966e-05 0.00886399
7.43238e-05 -0.010109

-0.00029226 0.00793361
0.000324292 -0.00972816

-0.000507702 0.00707495
0.000552274 -0.00959305

-0.000683214 0.00577796
0.000747792 -0.00913

-0.000816829 0.00357962
0.00089396 -0.00773949

-0.000930636 0.00109234
0.00100468 -0.00676649

-0.00104126 -0.00214309
0.00111805 -0.00591824

-0.00114105 -0.00552383
0.00124741 -0.00330803

-0.00121845 -0.00819557
0.00136099 6.6768e-05

-0.00124995 -0.00869729
0.00139583 0.0028844

-0.00124889 -0.00882763
0.00136555 0.00473431

-0.00122309 -0.00824942
0.00129679 0.00572298

-0.00118138 -0.00745683
0.00120327 0.00621493

-0.00109695 -0.00719624
0.00107996 0.00662802

-0.000948426 -0.00784172
0.000925554 0.00742035

-0.000760619 -0.0087551
0.000737289 0.00832627

-0.000557277 -0.00941495
0.000502078 0.00908586

-0.000327783 -0.00976621
0.000222254 0.00962513

-5.6521e-05 -0.0100512
-7.43499e-05 0.0100486

0.000252376 -0.0105672
-0.000381937 0.0105738

0.000594232 -0.0115674
-0.000725452 0.0114289

0.000962345 -0.0125377
-0.00110388 0.0121834

0.00130986 -0.0123818
-0.00144349 0.0118945

0.00164266 -0.0123926
-0.00173921 0.0118538

0.00193489 -0.0121057
-0.0019691 0.0115675

0.00215218 -0.0116176
-0.00212275 0.0110936

0.00227687 -0.00988652
-0.00219987 0.00947744

0.00231682 -0.00817335
-0.00220653 0.00794548

0.00228851 -0.00672358
-0.00213707 0.00668483

0.00219566 -0.00547073
-0.00199814 0.00577404

0.00203993 -0.0033518
-0.00181866 0.00436966

0.00182397 -0.00128176
-0.00161402 0.00343042

0.00151293 0.00115307
-0.00133355 0.00242245

0.00117911 0.00395099
-0.0010356 0.00116685

0.000831915 0.00771153
-0.000743114 -5.36665e-05

0.000482196 0.0103141
-0.000462434 -0.00117691

0.000155802 0.0105593
-0.000185387 -0.00151466

-0.000138492 0.0117535
9.72182e-05 -0.00128774

-0.000426928 0.00918555
0.000378414 -0.000272666

-0.000720814 0.00568894
0.000638677 0.000673958

-0.00101094 0.00220817
0.000890887 0.00141734

-0.00127231 -2.95528e-05
0.00113989 0.00206953

-0.00149157 -0.00141606
0.00136308 0.0025977

-0.00166112 -0.00247395
0.00154605 0.00317493

-0.00178177 -0.00357753
0.00169765 0.00399954

-0.00186571 -0.00482082
0.00181693 0.00510899

-0.0019159 -0.0063219
0.00188862 0.00650267

-0.00191436 -0.00848643
0.00189981 0.00852298

-0.00184303 -0.0101127
0.00184187 0.0100471

-0.00169859 -0.0110791
0.00171411 0.0110141

-0.00149184 -0.011645
0.00152211 0.0116403

-0.00124126 -0.0118407
0.00127309 0.0119119

-0.000960391 -0.011858
0.000978124 0.0119241

-0.000654807 -0.0118402
0.000659166 0.011756

-0.00033491 -0.0115073
0.000341896 0.0112321

-2.50858e-05 -0.0107566
3.94065e-05 0.0103493

0.000244685 -0.00987969
-0.000236267 0.00934158

0.000470581 -0.00912222
-0.000478719 0.00841369

0.000669154 -0.00850033
-0.000691718 0.00757356

0.000845336 -0.00805678
-0.000873978 0.00676357

0.00099484 -0.00741313
-0.00101481 0.00548246

0.00111348 -0.00674384
-0.00111208 0.00383172

0.00120086 -0.00635561
-0.00117122 0.0020545

0.00125438 -0.00629598
-0.00120312 -2.51076e-05

0.00127207 -0.00561185
-0.00121807 -0.00331168

0.0012487 -0.00206704
-0.0012109 -0.00532473

0.00118987 0.000197604
-0.00116657 -0.00759877

0.00111482 0.00237998
-0.00109446 -0.0090605

0.00102516 0.0038204
-0.00100192 -0.00802411

0.000914366 0.00472376
-0.00088745 -0.00714729

0.000771242 0.00524875
-0.000747016 -0.00667859

0.000595274 0.00576054
-0.000586917 -0.00677577

0.00039911 0.00647378
-0.000415888 -0.00737331

0.000190448 0.0074127
-0.00022884 -0.00821923

-3.92851e-05 0.00843996
-9.21048e-06 -0.00898729

-0.000306549 0.00938665
0.000252317 -0.00966363

-0.000608542 0.00947454
0.000546411 -0.00970666

-0.000919824 0.00915646
0.000859907 -0.00952889

-0.0012213 0.00892772
0.00117593 -0.00939007

-0.00147518 0.008822
0.00144632 -0.00928758

-0.00169886 0.00858236
0.00169238 -0.00902856

-0.00187689 0.00796121
0.00189952 -0.00843062

-0.00200658 0.00715457
0.00205299 -0.00765764

-0.00208801 0.00647503
0.00215081 -0.00691832

-0.00210216 0.00592524
0.00219412 -0.0061893

-0.00202981 0.0054813
0.00216952 -0.00541215

-0.00188647 0.0051239
0.00205238 -0.00440426

-0.00170865 0.00389444
0.00185127 -0.00234613

-0.0015168 0.00277856
0.00161664 -0.000317277

-0.00129777 0.00166243
0.00137744 0.00179578

-0.00103299 0.000463603
0.00110983 0.00435758

-0.000733849 -0.000791314
0.00078836 0.00777893

-0.000431716 -0.00171301
0.000429664 0.0111111

-0.000135241 -0.0012777
6.94548e-05 0.00906653

0.000167855 -0.000823104
-0.0002743 0.00929507

0.000471495 0.000112299
-0.000590678 0.0100613

0.000760767 0.00149246
-0.00088809 0.00542523

0.00102485 0.0029046
-0.0011687 0.00169195

0.00125781 0.00399918
-0.00142783 -0.00116344

0.00146618 0.00522831
-0.00165314 -0.00349909

0.00165395 0.00648512
-0.00182473 -0.0057191

0.00180809 0.00795435
-0.00193447 -0.00779999

0.00190421 0.00996547
-0.00198571 -0.0100665

0.00192567 0.0119952
-0.0019695 -0.0122737

0.00186556 0.0128553
-0.00186744 -0.0133306

0.00172879 0.0122128
-0.00168435 -0.0126896

0.00152039 0.0111969
-0.00144253 -0.0114791

0.00124699 0.0105399
-0.0011588 -0.0106299

0.000913355 0.0101569
-0.000824387 -0.0101435

0.000559232 0.00985975
-0.000464537 -0.00983834

0.000213197 0.00951052
-0.000116638 -0.00954312

-0.000127969 0.00909968
0.000201193 -0.00918497

-0.000459341 0.00873767
0.000491277 -0.00882172

-0.000745776 0.00863747
0.000754188 -0.00865801

-0.000981516 0.00896611
0.000988623 -0.00895941

-0.00117741 0.00878895
0.00117591 -0.00891072

-0.00133374 0.00787032
0.00131199 -0.00829312

-0.00144299 0.00650857
0.00141058 -0.0073301

-0.00151544 0.00522173
0.00148015 -0.00651943

-0.00156016 0.0040977
0.00151298 -0.00607709

-0.00157443 0.0028213
0.00150727 -0.00598303

-0.0015374 0.000540499
0.00146121 -0.00552031

-0.0014586 -0.00289454
0.00138851 -0.00402268

-0.00136019 -0.00669652
0.0012993 -0.00180338

-0.00123776 -0.00940794
0.00118752 0.0010238

-0.00109273 -0.010466
0.00105358 0.00349829

-0.000929024 -0.0106088
0.000897292 0.00530791

-0.000746994 -0.0100805
0.000713792 0.00633969

-0.000543782 -0.00950638
0.000504082 0.0068629

-0.000313719 -0.00945997
0.000271796 0.00739367

-4.64138e-05 -0.00964127
1.60851e-05 0.0078914

0.00025879 -0.00982235
-0.000274767 0.00824684

0.000599192 -0.00985486
-0.000611345 0.00834714

0.000976047 -0.00965377
-0.000983503 0.00820407

0.00132552 -0.00919576
-0.00131958 0.00791014

0.00162437 -0.00832368
-0.00160444 0.00726919

0.00186805 -0.00679483
-0.00182705 0.00599643

0.00204883 -0.00539091
-0.00197715 0.00479937

0.00215553 -0.00401899
-0.00205913 0.00360273

0.00217682 -0.00264342
-0.00208117 0.0024149

0.00212146 -0.00110647
-0.00204003 0.00118676

0.00200427 0.000454584
-0.00192618 9.72718e-05

0.00182915 0.00200285
-0.00174119 -0.000941013

0.00159299 0.00373371
-0.00150549 -0.00212306

0.00130603 0.00514067
-0.00123945 -0.00315189

0.000989326 0.00660059
-0.000953589 -0.00400214

0.000665418 0.00793917
-0.000654252 -0.00442086

0.000349526 0.0094835
-0.000354234 -0.00466022

4.68008e-05 0.0120183
-6.70661e-05 -0.00522179

-0.000235397 0.0123332
0.000205088 -0.00473793

-0.000493524 0.0101288
0.000459344 -0.00293052

-0.000736102 0.0095942
0.000696847 -0.000842137

-0.000976038 0.0071471
0.000919857 0.00169316

-0.00118873 0.00365377
0.00110564 0.00328185

-0.00138633 0.000193974
0.00128047 0.00408567

-0.00155393 -0.00216066
0.00144402 0.00459373

-0.00168945 -0.00388249
0.00159276 0.00563039

-0.00179489 -0.00566905
0.00171856 0.00699339

-0.00186271 -0.00779694
0.00180841 0.00870817

-0.00187724 -0.0103275
0.00184842 0.0108572

-0.00182597 -0.0124638
0.00182198 0.0126938

-0.00170502 -0.0125694
0.0017266 0.0125595

-0.00153237 -0.0123137
0.00157434 0.0122381

-0.00132816 -0.0117576
0.00137548 0.011802

-0.00109548 -0.0112587
0.00112798 0.011439

-0.000829999 -0.0108099
0.000838109 0.0110155

-0.000529879 -0.0103885
0.000529084 0.0105489

-0.000203555 -0.0100323
0.000216349 0.0101779

0.000125459 -0.00983038
-0.000102222 0.00998195

0.000436612 -0.00972241
-0.000422469 0.00984215

0.000715798 -0.00951734
-0.000712731 0.00958947

0.000964494 -0.00927584
-0.00096202 0.00931983

0.00116863 -0.00935084
-0.00116351 0.00931524

0.00131717 -0.00983364
-0.00131822 0.00957195

0.0014049 -0.00996517
-0.00141855 0.00928125

0.00143453 -0.00896364
-0.00146484 0.00781141

0.00141827 -0.00760149
-0.00146494 0.00608007

0.0013587 -0.0062794
-0.00141566 0.00442655

0.00124699 -0.00512234
-0.00131309 0.00250947

0.00108769 -0.00444248
-0.00116468 -0.000513016

0.000899086 -0.00232573
-0.000981528 -0.00439642

0.000699706 -0.000421812
-0.000772076 -0.00914927

0.000490685 0.00188778
-0.000544792 -0.0116566

0.000259874 0.00366447
-0.000298176 -0.0119647

4.81977e-06 0.00501148
-3.22898e-05 -0.0118852

-0.00025424 0.00553614
0.000241541 -0.0107251

-0.00050359 0.00604484
0.000512491 -0.0101523

-0.000759966 0.00582173
0.000786204 -0.00881089

-0.00104688 0.005314
0.00107654 -0.00769418

-0.00135392 0.0044205
0.00137345 -0.00644031

-0.00164991 0.00360991
0.0016662 -0.00521065

-0.00191921 0.00304141
0.00194768 -0.00408198

-0.00214489 0.00209466
0.00219019 -0.00259593

-0.00230967 0.00106832
0.00236807 -0.00132498

-0.00240559 0.000101699
0.00247289 -0.000200373

-0.00242565 -0.000902458
0.00249925 0.000970549

-0.0023696 -0.00214435
0.0024499 0.00232785

-0.00225944 -0.00328088
0.00233873 0.0035189

-0.00211481 -0.00434716
0.00217585 0.00471955

-0.00193261 -0.0052666
0.0019644 0.0058932

-0.00170491 -0.00615673
0.00172053 0.00709612

-0.00144559 -0.00714942
0.00146971 0.00844283

-0.00117711 -0.00789898
0.00121746 0.0094857

-0.000908213 -0.00864583
0.000950813 0.0105924

-0.000637378 -0.00918216
0.00066205 0.0117371

-0.000364508 -0.00828722
0.000355887 0.0116025

-9.15708e-05 -0.00667731
5.02659e-05 0.0109875

0.000169365 -0.00497558
-0.000222616 0.0105897

0.000395089 -0.0032475
-0.000451163 0.0105542

0.000575918 -0.000704533
-0.000644252 0.00769242

0.000725689 0.00196742
-0.000809182 0.00545453

0.000862725 0.00505736
-0.000948747 0.00182787

0.000983261 0.00642082
-0.00106958 -0.00191834

0.0010765 0.0072778
-0.00117099 -0.00439566

0.00114091 0.00814887
-0.00123814 -0.00629683

0.00117205 0.00852851
-0.00126328 -0.00752643

0.0011583 0.00904396
-0.00124052 -0.00857271

0.00107948 0.00983414
-0.00114198 -0.00955264

0.000940153 0.010205
-0.000967683 -0.0099513

0.000742087 0.0105395
-0.000732919 -0.0103817

0.000499957 0.0107285
-0.000471003 -0.0107328

0.000234488 0.0108389
-0.000190059 -0.0109201

-4.12968e-05 0.0102009
0.000111361 -0.0102432

-0.000327317 0.0100392
0.000428196 -0.0100691

-0.000634149 0.0103458
0.000754921 -0.0104562

-0.000962808 0.0108942
0.00108564 -0.0110498

-0.00128976 0.011284
0.00140469 -0.0113144

-0.00158342 0.0112107
0.00169294 -0.011019

-0.00183386 0.0109009
0.00193106 -0.0105684

-0.00203802 0.0107024
0.00211132 -0.0102803

-0.0021925 0.0100167
0.00222508 -0.00951431

-0.00228713 0.00915728
0.00226035 -0.00868819

-0.00230772 0.00826198
0.00222076 -0.00809367

-0.00225639 0.00715143
0.00213743 -0.00755052

-0.00215656 0.00500384
0.00202658 -0.00609294

-0.00202618 0.00265116
0.00188337 -0.00461933

-0.00186881 -3.43758e-05
0.001708 -0.00320713

-0.00167782 -0.00341387
0.00150099 -0.00158531

-0.00144083 -0.00705531
0.00124884 0.000286174

-0.00115406 -0.00811446
0.000954935 0.00156689

-0.000824699 -0.00887628
0.000656281 0.00238108

-0.000470857 -0.0108728
0.000369297 0.00341046

-0.000113732 -0.0134497
7.59971e-05 0.00445185

0.000220227 -0.0116141
-0.000219681 0.00372799

0.00054709 -0.009391
-0.000513458 0.0027474

0.000883827 -0.00654788
-0.000807607 0.00151089

0.00122472 -0.0038276
-0.00109671 0.000132458

0.00154245 -0.00101056
-0.00136713 -0.00134738

0.00179969 0.00111362
-0.00160558 -0.00251786

0.00197695 0.00263175
-0.00179466 -0.00341271

0.00208208 0.00407701
-0.00191304 -0.00438284

0.0021165 0.0055016
-0.00195634 -0.00544793

0.00205983 0.00632146
-0.0019272 -0.00609222

0.00189679 0.00714516
-0.001811 -0.00682249

0.00163653 0.00824144
-0.0015945 -0.00780291

0.0012926 0.00971131
-0.00128289 -0.00911476

0.000895251 0.0111832
-0.000915708 -0.0104505

0.000527768 0.0110502
-0.000567968 -0.0102782

0.00019376 0.0111399
-0.000233554 -0.0103149

-0.000131116 0.0115797
9.27672e-05 -0.0107232

-0.000443142 0.012192
0.000392523 -0.0112479

-0.00070551 0.0114467
0.00064438 -0.0102969

-0.000904458 0.0106013
0.000847847 -0.00893556

-0.00106156 0.00983929
0.0010173 -0.00733238

-0.001199 0.00914321
0.00116322 -0.00542922

-0.00132056 0.00858988
0.00129042 -0.00338693

-0.0014269 0.00903787
0.00140196 -0.00130854

-0.00152487 0.00692712
0.00149739 0.00181972

-0.00161389 0.00422648
0.00157397 0.00559841

-0.00168358 0.000332786
0.0016303 0.00609966

-0.00172247 -0.00198779
0.00167491 0.00651962

-0.00173849 -0.00444734
0.0017081 0.00779608

-0.00174633 -0.00547291
0.00172069 0.00729219

-0.00173983 -0.0060998
0.0016974 0.00724339

-0.0016849 -0.00692746
0.00163552 0.00771047

-0.00156801 -0.0080903
0.00154296 0.00853155

-0.00140714 -0.00873146
0.0014133 0.00888562

-0.00121135 -0.00946959
0.00122775 0.00946666

-0.000949813 -0.0102276
0.000976012 0.0101318

-0.000617789 -0.0108721
0.000673452 0.0107635

-0.000225102 -0.00998544
0.000311405 0.00994691

0.000199228 -0.00945851
-9.99398e-05 0.0094922

0.000619235 -0.00919132
-0.000517181 0.00927617

0.00100884 -0.00901566
-0.000910954 0.00913847

0.00135313 -0.00894939
-0.00127303 0.00910439

0.00162458 -0.00904873
-0.00157421 0.00927035

0.00181239 -0.00919761
-0.00178708 0.0095609

0.00191827 -0.00921626
-0.00191105 0.0097764

0.00193887 -0.00872052
-0.00196546 0.00943535

0.0018359 -0.00669053
-0.00192178 0.00729111

0.00166304 -0.00512194
-0.00181164 0.00538732

0.00144792 -0.00361505
-0.00163885 0.00331135

0.0012007 -0.00220014
-0.00139957 0.00129221

0.000931458 -0.00106976
-0.00111076 -0.000523416

0.000633419 -2.22765e-05
-0.000798056 -0.00272447

0.000307073 0.000986024
-0.000471692 -0.00599588

-2.31522e-05 0.0016777
-0.000119958 -0.0100364

-0.000329094 0.00136604
0.000252629 -0.0111373

-0.000625951 0.000614887
0.000629696 -0.0118045

-0.00093035 -0.000660393
0.000995088 -0.00906284

-0.00123309 -0.00161322
0.00134721 -0.00433853

-0.00149784 -0.00239913
0.00165574 -0.00163039

-0.00175208 -0.00310648
0.00192899 0.000325956

-0.00199955 -0.00387726
0.00217144 0.0020244

-0.00222043 -0.00487751
0.00237808 0.00374141

-0.00239314 -0.0058538
0.002541 0.00533313

-0.00252147 -0.00646231
0.00265754 0.0064706

-0.00258649 -0.00754403
0.00269362 0.00793673

-0.0025661 -0.0086162
0.00262515 0.00920698

-0.00245584 -0.00940213
0.0024528 0.0100195

-0.00228428 -0.0104507
0.00221073 0.0110826

-0.00207542 -0.0114469
0.00194099 0.0120852

-0.00179461 -0.0118119
0.00162462 0.012334

-0.00144442 -0.0118283
0.00126653 0.0121016

-0.00107455 -0.0115959
0.00091408 0.0116333

-0.000704339 -0.0110432
0.0005903 0.0109572

-0.000371398 -0.0104482
0.000307326 0.0103053

-9.30433e-05 -0.0100015
5.88459e-05 0.00983351

0.000140342 -0.00957362
-0.000153638 0.00947218

0.00033596 -0.00891808
-0.000324253 0.00905581

0.00049158 -0.00796108
-0.0004548 0.00859829

0.000609814 -0.0068154
-0.000558448 0.00839696

0.000704256 -0.00538701
-0.000646428 0.00838023

0.000781072 -0.00387626
-0.000721933 0.00884221

0.000831552 -0.00145329
-0.000780634 0.00814283

0.000844901 0.00117161
-0.000813828 0.00564812

0.000827642 0.00309612
-0.000821523 0.00335711

0.000802862 0.00591015
-0.000817834 0.000937047

0.000783885 0.00682833
-0.00080837 -0.00233472

0.000755165 0.00654231
-0.000780955 -0.0038982

0.000675471 0.00624764
-0.000700997 -0.00452787

0.000567124 0.00632768
-0.000589747 -0.00515932

0.000432955 0.00686355
-0.000449563 -0.00614513

0.000260309 0.00786597
-0.000262996 -0.00749058

4.23801e-05 0.00916963
-1.9491e-05 -0.00902013

-0.000216294 0.00938398
0.000268931 -0.00936434

-0.000521988 0.0095626
0.000603955 -0.00954634

-0.000868675 0.0099279
0.000970313 -0.0098796

-0.00123837 0.0102383
0.00134259 -0.0101628

-0.00159883 0.010341
0.00170109 -0.010136

-0.00191823 0.0103763
0.00203589 -0.00986812

-0.00218307 0.010483
0.00231538 -0.00965877

-0.00241132 0.0103848
0.0025254 -0.00940144

-0.00260037 0.00984279
0.00265849 -0.00889338

-0.00271444 0.00928369
0.00270659 -0.00840207

-0.00272711 0.0077623
0.00265827 -0.00693421

-0.00265255 0.00568233
0.0025328 -0.00495557

-0.00251086 0.00390653
0.00235565 -0.00351516

-0.00231506 0.0022758
0.00214194 -0.00243724

-0.00207549 0.000690524
0.00188776 -0.0015241

-0.00181119 -0.0010776
0.00161059 -0.000579514

-0.00151571 -0.00270854
0.00131869 0.000301683

-0.00118747 -0.00450055
0.00101328 0.00113143

-0.000840404 -0.00689086
0.00070104 0.00192811

-0.000470645 -0.00986905
0.000376737 0.00226427

-9.03042e-05 -0.0107752
4.86243e-05 0.00148649

0.000287193 -0.00941399
-0.000268829 0.000190979

0.000660764 -0.00584528
-0.00056916 -0.0012006

0.00102712 -0.00228887
-0.000854291 -0.00279317

0.00135765 0.00127474
-0.00112819 -0.00466987

0.00161942 0.00401289
-0.00138289 -0.00557065

0.00180739 0.00665472
-0.00159645 -0.00710441

0.00192956 0.010006
-0.00174039 -0.00964836

0.00196832 0.0111143
-0.00180173 -0.0104162

0.0019071 0.0113254
-0.00178247 -0.0106517

0.00175503 0.0118478
-0.00169214 -0.0112652

0.00153129 0.012308
-0.00153495 -0.0117145

0.00124564 0.0122505
-0.00131032 -0.0116263

0.000903389 0.0118844
-0.00101174 -0.0113943

0.000511432 0.0117338
-0.000640485 -0.011555

8.22047e-05 0.0115548
-0.000213118 -0.0116862

-0.000304481 0.0112679
0.000180854 -0.011573

-0.000633803 0.0108982
0.000528201 -0.0112471

-0.000913255 0.0103551
0.000831056 -0.0107242

-0.00113776 0.00962999
0.00108213 -0.0100581

-0.00130758 0.00834417
0.00128143 -0.00877535

-0.00143864 0.00721376
0.00143679 -0.00753673

-0.00153706 0.00633447
0.00155269 -0.00642774

-0.00159844 0.00566525
0.00163009 -0.00538897

-0.00163014 0.00514513
0.00167243 -0.00437657

-0.00164453 0.00478923
0.00169262 -0.00336016

-0.00164532 0.00468328
0.0017047 -0.00226717

-0.00163423 0.00503639
0.00171238 -0.000847158

-0.00162115 0.00493408
0.00171151 0.00135635

-0.00159752 0.00312596
0.00168725 0.00376886

-0.00155029 0.000330068
0.00163184 0.00589096

-0.00146992 -0.00240444
0.00153168 0.00687972

-0.00136117 -0.00473642
0.00140148 0.00790281

-0.00122352 -0.00657452
0.00125228 0.00876466

-0.00104062 -0.00783229
0.00107104 0.009456

-0.000806595 -0.00787419
0.000849091 0.00903195

-0.000528634 -0.00777234
0.000585971 0.00857208

-0.000213458 -0.00789761
0.000282914 0.00844369

0.000134284 -0.00813304
-5.16336e-05 0.00854985

0.000508531 -0.00832519
-0.000413139 0.00873024

0.000898211 -0.00815867
-0.000801166 0.00863265

0.00127589 -0.00760419
-0.00119563 0.0081583

0.00160438 -0.00694201
-0.00155243 0.00752828

0.0018568 -0.00631589
-0.00182934 0.00693869

0.00202177 -0.00560044
-0.00201063 0.00628924

0.00209715 -0.00456287
-0.00210329 0.00521325

0.00207869 -0.00328699
-0.00211554 0.00380587

0.00196519 -0.00198019
-0.00204762 0.00248055

0.00176549 -0.000701121
-0.00190349 0.0011999

0.00150514 0.000559114
-0.00168041 -0.000385199

0.0012116 0.00162836
-0.00138888 -0.00221695

0.000904358 0.00234496
-0.00106917 -0.00357399

0.00059334 0.00290096
-0.000753454 -0.00456816

0.000293829 0.00357592
-0.000436799 -0.00617871

1.65814e-05 0.00420847
-9.856e-05 -0.00917732

-0.00025861 0.00346047
0.000258926 -0.0104919

-0.000547251 0.00245221
0.000616198 -0.0105651

-0.000834245 0.00147857
0.000958343 -0.00977381

-0.00110737 0.000399386
0.00128627 -0.00837701

-0.00136922 -0.000945716
0.00160837 -0.00511469

-0.0016281 -0.00169696
0.00191524 -0.000670781

-0.00188107 -0.00264539
0.00217948 0.00189227

-0.00210897 -0.0038681
0.00238223 0.00393923

-0.00228837 -0.00532824
0.00252407 0.00590619

-0.00240524 -0.00729222
0.00260045 0.00819186

-0.00246242 -0.0100072
0.0025937 0.0110355

-0.0024617 -0.0134163
0.00250314 0.0144802

-0.00238899 -0.0139375
0.00234691 0.0148835

-0.00223507 -0.0136626
0.0021309 0.0144535

-0.00201064 -0.0134735
0.00185402 0.0139713

-0.00172833 -0.0131904
0.0015284 0.0133048

-0.00137943 -0.0126218
0.00115605 0.0124143

-0.000987045 -0.012246
0.000763223 0.011802

-0.000598983 -0.0121168
0.000394232 0.0114801

-0.000223416 -0.0121885
5.74964e-05 0.0114103

0.000127236 -0.0123623
-0.000241122 0.0114983

0.000430496 -0.0121391
-0.000490842 0.011218

0.000677519 -0.0120125
-0.000685141 0.0110074

0.000862284 -0.0107418
-0.0008305 0.0098405

0.000991174 -0.00962103
-0.00093529 0.0089351

0.00108844 -0.00835362
-0.00100201 0.00792849

0.00116255 -0.00699258
-0.00103365 0.00688504

0.00119583 -0.0056964
-0.00103148 0.00599621

0.00117821 -0.00449991
-0.00100251 0.00533493

0.00112607 -0.0035145
-0.000957262 0.00510532

0.00105526 -0.00259656
-0.000898785 0.00556462

0.000964119 -0.000691057
-0.000814914 0.0058604

0.000815079 0.0027168
-0.000683447 0.00275404

0.000605748 0.00506136
-0.000503211 -0.00105471

0.00037073 0.00704767
-0.000287768 -0.00393208

0.00011669 0.00714567
-4.50688e-05 -0.00510862

-0.000168716 0.00721111
0.000216027 -0.00581319

-0.000483498 0.00739948
0.000500008 -0.00641458

-0.000820536 0.00759778
0.000816835 -0.00693361

-0.00116008 0.0077139
0.00116341 -0.00725118

-0.00149395 0.00768001
0.00152594 -0.00723856

-0.00183563 0.00746749
0.00189356 -0.00692454

-0.00217394 0.00620488
0.00223826 -0.00564689

-0.00246125 0.00511291
0.00252734 -0.004559

-0.00268329 0.00414092
0.00275988 -0.00354054

-0.00286238 0.00309827
0.00294548 -0.00243851

-0.00296757 0.00178754
0.0030333 -0.00117792

-0.00295264 0.000650237
0.00298297 -2.3776e-05

-0.00284979 -0.000386485
0.00284459 0.00118945

-0.00266829 -0.00163818
0.00263553 0.00260161

-0.00242902 -0.00277616
0.00238 0.00358315

-0.00215662 -0.00369981
0.00210021 0.00422754

-0.00187198 -0.00477158
0.00180949 0.00496391

-0.0015938 -0.00616612
0.00152658 0.0058445

-0.00132937 -0.00783124
0.00126541 0.00676653

-0.00106357 -0.00926874
0.00101956 0.00733325

-0.000783584 -0.00999559
0.000765118 0.0072208

-0.000486846 -0.0119687
0.000493435 0.00790489

-0.000173889 -0.01328
0.00021493 0.00820892

0.000161347 -0.0107524
-6.72457e-05 0.0063781

0.000516916 -0.00962348
-0.000370713 0.00525399

0.00087468 -0.00685292
-0.000692692 0.0028184

0.00116654 -0.00210914
-0.000970776 -0.000618531

0.0014075 0.0028459
-0.00122151 -0.00399417

0.00158639 0.00670619
-0.00144284 -0.00668651

0.00169563 0.00891218
-0.00160546 -0.00832406

0.00170284 0.0108366
-0.0016548 -0.0100485

0.0016394 0.0122053
-0.00162624 -0.0114975

0.00149669 0.0140278
-0.00152689 -0.0134771

0.00126726 0.0134947
-0.00134036 -0.0132149

0.000945262 0.0130725
-0.00104069 -0.0129921

0.000586259 0.0125136
-0.000687699 -0.0125983

0.000202077 0.0119133
-0.000300281 -0.0121527

-0.000193404 0.0108853
9.96133e-05 -0.0112611

-0.000573083 0.00970241
0.000491172 -0.0101577

-0.000915493 0.00870178
0.000857249 -0.00918308

-0.00122185 0.00799211
0.00119896 -0.00847517

-0.00150584 0.00752677
0.00153009 -0.00800407

-0.00176451 0.00721045
0.00183474 -0.00765309

-0.00194296 0.00695214
0.00203441 -0.00733678

-0.00206226 0.0066942
0.00215374 -0.00706376

-0.00213503 0.00650591
0.00223857 -0.00691789

-0.00216364 0.00649801
0.00229098 -0.00688562

-0.00216117 0.00593212
0.00230625 -0.00613269

-0.00213239 0.00577917
0.00228958 -0.00574708

-0.00207123 0.00514197
0.00223791 -0.0048315

-0.00195858 0.00407935
0.00213037 -0.00337517

-0.00184094 0.00340228
0.00201342 -0.00208142

-0.00170915 0.00289556
0.0018591 -0.000679999

-0.0015526 0.00224148
0.0016518 0.00147288

-0.00136873 -2.42752e-05
0.00140926 0.00464018

-0.00114966 -0.00315582
0.00115102 0.00748386

-0.000887229 -0.00565085
0.000865451 0.00922938

-0.000576181 -0.00676151
0.00053407 0.00950925

-0.000217332 -0.00764973
0.000161334 0.0098128

0.000188451 -0.00753345
-0.000244582 0.00900849

0.000642881 -0.00666059
-0.000689443 0.00766817

0.00111235 -0.00543193
-0.00114428 0.00619242

0.00153878 -0.00405646
-0.00155585 0.00469898

0.00191686 -0.00236788
-0.00193009 0.00296913

0.00221565 -0.000543498
-0.00222355 0.00117511

0.00242695 0.0013466
-0.00241113 -0.000685554

0.00255246 0.00310531
-0.00250524 -0.0025122

0.00254505 0.00443855
-0.00249579 -0.00399054

0.00239362 0.00547145
-0.00236422 -0.00515416

0.00217622 0.00637231
-0.00215299 -0.00613976

0.00190605 0.00731663
-0.00187843 -0.00710881

0.0015774 0.00815456
-0.00155868 -0.00793532

0.00121306 0.00863948
-0.00121397 -0.00845318

0.000845536 0.00910656
-0.000860354 -0.00903169

0.000474616 0.00971873
-0.000490538 -0.00987802

0.000119939 0.0107033
-0.000131569 -0.0112238

-0.000202694 0.0107706
0.000201841 -0.0117288

-0.000486602 0.0102986
0.000507398 -0.0117459

-0.000737611 0.0084532
0.000790812 -0.0101018

-0.00097759 0.00732209
0.0010601 -0.00902087

-0.00121218 0.00697558
0.00132296 -0.00871836

-0.00143584 0.00729714
0.00157628 -0.00928827

-0.00164547 0.00564729
0.00180788 -0.00744949

-0.00183689 0.00306446
0.00199979 -0.00426798

-0.0019968 -0.000861375
0.00214219 0.000804771

-0.00211369 -0.00502829
0.00223128 0.00600406

-0.00217878 -0.00766849
0.00226401 0.00888599

-0.00219041 -0.0085886
0.00223657 0.00961451

-0.00214957 -0.00852435
0.00214899 0.00924519

-0.00204897 -0.00874688
0.00200453 0.00920065

-0.00187919 -0.00944095
0.00180584 0.00970348

-0.0016422 -0.0100556
0.00155098 0.0101883

-0.00134922 -0.010872
0.00124049 0.0108622

-0.00101171 -0.0117754
0.000889986 0.0115538

-0.000631509 -0.0127404
0.000515958 0.0122992

-0.000208654 -0.0131417
0.000122553 0.0125498

0.000237135 -0.0134258
-0.000289058 0.0127038

0.000686482 -0.0138567
-0.000717544 0.0129831

0.00114083 -0.0145673
-0.0011584 0.0135542

0.00155081 -0.0141531
-0.00154975 0.0131507

0.00187787 -0.0126988
-0.00184483 0.0117963

0.00212846 -0.0116713
-0.00205801 0.0108055

0.00230548 -0.0109621
-0.00220192 0.0101121

0.00240901 -0.0104257
-0.00228052 0.00966253

0.00243442 -0.00919961
-0.00228757 0.00869549

0.00238839 -0.00783778
-0.00222611 0.00764848

0.0022756 -0.0061677
-0.00210452 0.00629692

0.00208625 -0.00470957
-0.00192106 0.00523727

0.00180842 -0.00282305
-0.00167065 0.00382294

0.00141609 -0.000630075
-0.00132119 0.00206319

0.000973343 0.00204031
-0.000917434 -0.000177251

0.000551044 0.00513161
-0.000515781 -0.00320796

0.000131685 0.00593267
-0.000103773 -0.00472014

-0.000301919 0.00665984
0.000323524 -0.00580465

-0.000744259 0.00780206
0.000759754 -0.007003

-0.00118557 0.00684786
0.00119348 -0.00603699

-0.00161215 0.00202385
0.00161353 -0.00161216

-0.00199708 -0.00192414
0.0020069 0.00196007

-0.00231413 -0.00475051
0.00234493 0.00453769

-0.00254933 -0.00571643
0.00259396 0.00544652

-0.00269904 -0.00631127
0.00275103 0.00612748

-0.00276713 -0.00641609
0.00283228 0.00642048

-0.00275936 -0.00691564
0.00283418 0.00709618

-0.00267526 -0.00773686
0.0027459 0.00799844

-0.00252276 -0.00800984
0.00259199 0.00825867

-0.0023267 -0.00843067
0.00239589 0.0087454

-0.00210208 -0.00890838
0.00215389 0.00938721

-0.00185822 -0.00896784
0.00187381 0.00955882

-0.00161099 -0.00930534
0.00158916 0.00990899

-0.00136513 -0.00989497
0.00131534 0.0104363

-0.00111487 -0.0103834
0.0010444 0.0108347

-0.000869258 -0.0104094
0.000779363 0.0107372

-0.000638674 -0.00997507
0.000534865 0.0101368

-0.000422043 -0.00896112
0.000314381 0.00887979

-0.000217935 -0.00814839
0.000121955 0.00778413

-2.87879e-05 -0.00760514
-4.07381e-05 0.00702291

0.000149715 -0.00743294
-0.000188437 0.00670104

0.0003157 -0.00767546
-0.000335452 0.00682179

0.000457732 -0.00817745
-0.000471153 0.00721951

0.000572765 -0.00750428
-0.000577802 0.00647606

0.000665274 -0.00528078
-0.000658442 0.00421039

0.00073417 -0.00310792
-0.000724871 0.0017906

0.000774139 0.00076014
-0.000771944 -0.00202029

0.000782449 0.00378494
-0.00078653 -0.00444489

0.00075814 0.00554092
-0.000766578 -0.005888

0.000698622 0.00676172
-0.000709183 -0.00709837

0.000601966 0.00730906
-0.000614133 -0.00775962

0.000475742 0.00757959
-0.000487305 -0.0080548

0.000326622 0.00783668
-0.000329974 -0.00820023

0.000150312 0.00810616
-0.000136726 -0.00835984

-6.4705e-05 0.00852536
9.20591e-05 -0.00876882

-0.000315776 0.0091143
0.000346166 -0.00942346

-0.00058241 0.00975354
0.000610501 -0.0101489

-0.000844071 0.0105258
0.000874646 -0.0109816

-0.00109057 0.0101682
0.00113413 -0.0105833

-0.00131589 0.00934296
0.00138181 -0.00970821

-0.00151164 0.00889749
0.00159339 -0.00926142

-0.00165922 0.00849646
0.00173544 -0.00884645

-0.00173564 0.00822055
0.00179988 -0.00853457

-0.00173984 0.00837118
0.0018119 -0.00866679

-0.00170089 0.00838919
0.00179222 -0.00868117

-0.00163943 0.00762162
0.00173672 -0.00782271

-0.00154922 0.00612634
0.00164088 -0.00618783

-0.00142815 0.00519306
0.00151836 -0.00515791

-0.0012858 0.00448138
0.00137506 -0.00431275

-0.00111739 0.00382947
0.00119879 -0.0032913

-0.000920847 0.00314105
0.000982999 -0.00198616

-0.000706237 0.00194774
0.000734614 -0.000273211

-0.000474106 -0.000287429
0.000462268 0.00212152

-0.000215856 -0.00321729
0.000171595 0.00501707

6.97318e-05 -0.00412589
-0.000141075 0.00519517

0.000366053 -0.00381444
-0.000467498 0.00423916

0.000678747 -0.00279018
-0.000811484 0.00271596

0.0010105 -0.00177022
-0.00116056 0.00134154

0.00136209 -0.000749806
-0.00151341 8.64457e-05

0.00173844 0.000546356
-0.00187275 -0.00136619

0.00212041 0.00191129
-0.00222843 -0.00275448

0.00246552 0.00327567
-0.00255118 -0.00415422

0.00273046 0.00495557
-0.00280307 -0.00586519

0.00288845 0.00726194
-0.00294274 -0.00816793

0.0029261 0.00878031
-0.00295296 -0.0095621

0.00285945 0.010124
-0.00286024 -0.0108503

0.00272718 0.0115001
-0.00270703 -0.0122047

0.0025483 0.0128938
-0.00250687 -0.0135677

0.00230973 0.0141264
-0.00224681 -0.0147649

0.00199037 0.0145164
-0.00191144 -0.0150861

0.00158615 0.0137581
-0.00149802 -0.0141967

0.00111832 0.0130374
-0.00101224 -0.0133581

0.000590647 0.0127862
-0.000458127 -0.0130342

2.47591e-05 0.0130412
0.000116497 -0.0132381

-0.000562397 0.0137193
0.000684914 -0.013867

-0.00113556 0.0143149
0.00124066 -0.0144217

-0.00166867 0.0129945
0.0017732 -0.0130578

-0.00211884 0.0113843
0.00222661 -0.0114092

-0.00248763 0.00978645
0.00259403 -0.00977631

-0.00279008 0.00828296
0.00289431 -0.00825349

-0.00300632 0.00691728
0.00311045 -0.00688572

-0.00308117 0.0056754
0.00318777 -0.00561849

-0.0030481 0.00450255
0.00315855 -0.00436567

-0.00294887 0.00333392
0.00305541 -0.00308867

-0.00281636 0.00210055
0.00290491 -0.00177703

-0.0026449 0.000741311
0.0027161 -0.000355879

-0.00243021 -0.000830333
0.00249103 0.00133693

-0.00218535 -0.00238585
0.00222711 0.00302342

-0.00190428 -0.0037766
0.0019092 0.00448252

-0.00156414 -0.00524486
0.00152579 0.00594669

-0.00117197 -0.00676161
0.00109588 0.0074001

-0.000752545 -0.00791326
0.000642069 0.0084206

-0.000292196 -0.00796699
0.000157366 0.00827817

0.000225974 -0.0077869
-0.000369248 0.00793841

0.000748277 -0.00734455
-0.000887418 0.007374

0.00126403 -0.00626284
-0.00140052 0.00618533

0.00176798 -0.00507265
-0.00189841 0.00489704

0.00224265 -0.00386153
-0.00235478 0.00360743

0.00266152 -0.00253143
-0.00274527 0.00224614

0.00299918 -0.0011133
-0.0030542 0.000804126

0.00324258 0.000551622
-0.00327467 -0.000937463

0.00329566 0.00238852
-0.00330903 -0.00280643

0.00321113 0.00389125
-0.00320752 -0.00426374

0.00300968 0.00524915
-0.00298962 -0.00558082

0.00271348 0.0065253
-0.00267547 -0.00684162

0.00234669 0.00773013
-0.00229168 -0.00800319

0.00192491 0.00881747
-0.00185465 -0.00902221

0.00144166 0.0097669
-0.00135805 -0.00991884

0.000882767 0.0105228
-0.000784276 -0.0106506

0.000243416 0.0109577
-0.000131545 -0.0110686

-0.000448044 0.010986
0.000560154 -0.0110722

-0.00110411 0.0105702
0.00120993 -0.0106095

-0.00170328 0.00972257
0.00180166 -0.00971024

-0.0022668 0.00842919
0.00235905 -0.00837885

-0.00281322 0.00701783
0.00290379 -0.00695053

-0.00330307 0.00558276
0.00339509 -0.00549725

-0.00367701 0.00416259
0.00377019 -0.00403985

-0.00392747 0.00273729
0.00402074 -0.00258033

-0.00407346 0.0012372
0.00416193 -0.00104225

-0.00411022 -0.000425569
0.0041847 0.000660852

-0.00403504 -0.00230265
0.00409632 0.00256926

-0.00387499 -0.0039519
0.00393227 0.00422316

-0.00365347 -0.00523915
0.00370168 0.00553554

-0.00336036 -0.00662038
0.00338352 0.00696328

-0.00296572 -0.0079462
0.00294868 0.00831848

-0.0025392 -0.00902386
0.00248008 0.00940894

-0.00204483 -0.00966838
0.00194799 0.0100524

-0.00148988 -0.0102373
0.0013592 0.0105777

-0.000890067 -0.0108159
0.000733801 0.0110696

-0.000243575 -0.0106581
6.70312e-05 0.0108008

0.000434795 -0.0101665
-0.000619907 0.0102097

0.0010766 -0.00961328
-0.0012523 0.00957272

0.00166657 -0.00868897
-0.00181934 0.00857943

0.00221784 -0.00783471
-0.00234549 0.00767518

0.00272726 -0.00701196
-0.00283139 0.00680813

0.00316117 -0.00604692
-0.00323947 0.0057969

0.0034982 -0.00486475
-0.00354072 0.00457433

0.00372875 -0.00354989
-0.00373447 0.00325674

0.00384204 -0.0022068
-0.00381552 0.00193485

0.00382537 -0.000784629
-0.00377231 0.000520669

0.00358141 0.000760871
-0.00350846 -0.00101208

0.00318327 0.0021835
-0.00309855 -0.00242172

0.00271796 0.00349581
-0.00262098 -0.00369654

0.0021113 0.00458064
-0.00199761 -0.00473012

0.00133833 0.0054288
-0.00120914 -0.00553837

0.000507094 0.00599127
-0.000370441 -0.00606317

-0.00036653 0.00609593
0.000495519 -0.00611705

-0.00122582 0.00578306
0.00133507 -0.00575446

-0.00200918 0.00533621
0.00210313 -0.0052733

-0.0027167 0.00440585
0.00280388 -0.00432583

-0.00337106 0.0032396
0.00344981 -0.00314178

-0.00394773 0.00200144
0.00401507 -0.00188507

-0.00443431 0.000645226
0.00449393 -0.000519082

-0.00483762 -0.000806059
0.00489282 0.000944917

-0.00510585 -0.00230622
0.00515813 0.00245964

-0.00519013 -0.00389316
0.00523891 0.00405924

-0.00509978 -0.00572183
0.00514156 0.00590747

-0.00485605 -0.00677703
0.00488561 0.0069773

-0.00450029 -0.00785136
0.0045118 0.00807297

-0.00408927 -0.00894618
0.00408276 0.00918331

-0.00364893 -0.00983195
0.00362297 0.0100755

-0.00317688 -0.0105905
0.00313275 0.0108345

-0.00267504 -0.0111392
0.0026111 0.0113593

-0.00213072 -0.0116275
0.00204154 0.0118107

-0.00152272 -0.0119319
0.00140135 0.0120777

-0.000852416 -0.0120705
0.000704636 0.0121784

-0.000140153 -0.0120828
-1.561e-05 0.0121469

0.000592967 -0.0119216
-0.000742388 0.011928

0.00135989 -0.011516
-0.0015047 0.0114647

0.00219814 -0.0109715
-0.00234318 0.0108737

0.00304907 -0.0104912
-0.00318467 0.0103637

0.00355549 -0.00933774
-0.00365795 0.00919774

0.0039696 -0.00803588
-0.00403813 0.00788277

0.00432492 -0.00714623
-0.00436292 0.00696345

0.00456364 -0.00645668
-0.00457181 0.00625256

0.00447801 -0.00567091
-0.00445421 0.00546323

0.00427975 -0.00469221
-0.0042294 0.0044911

0.00386589 -0.00328645
-0.00379398 0.00311368

0.0033752 -0.00213362
-0.00328265 0.00199459

0.00272531 -0.00120139
-0.00261963 0.00110265

0.00190306 -0.000440486
-0.00179101 0.000382063

0.000943506 0.000150734
-0.000830099 -0.0001756

-2.36168e-05 0.000515632
0.000137513 -0.000518669

-0.000944358 0.000586176
0.00105826 -0.000566907

-0.00180281 0.000319297
0.00191152 -0.000263463

-0.00256946 -0.000297648
0.00266536 0.000389247

-0.00325091 -0.00123902
0.00333373 0.00136179

-0.00388301 -0.00250571
0.00395598 0.0026569

-0.00448128 -0.00401452
0.0045445 0.0041909

-0.00500177 -0.00559518
0.0050533 0.00578805

-0.00538443 -0.00710196
0.00542119 0.0072905

-0.00564452 -0.00833549
0.00566432 0.0085071

-0.0058184 -0.00916839
0.00582497 0.00932764

-0.00588758 -0.0099336
0.00588451 0.0100888

-0.00582001 -0.0106683
0.00580982 0.0108182

-0.00555667 -0.0109428
0.00553544 0.0110781

-0.005207 -0.0114361
0.00517048 0.0115603

-0.00475906 -0.0119132
0.00470331 0.0120275

-0.004113 -0.0121008
0.00403717 0.0122036

-0.00339003 -0.0121605
0.00329232 0.012251

-0.00254222 -0.0123441
0.00243011 0.0124213

-0.00166979 -0.0127026
0.00155278 0.0127587

-0.00082749 -0.0131853
0.000703916 0.0132152

1.65037e-05 -0.0136249
-0.000147447 0.0136294

0.000874877 -0.0136144
-0.00100013 0.0135977

0.0017037 -0.0130079
-0.00181043 0.0129717

0.00247947 -0.0125658
-0.00256718 0.0125111

0.0031483 -0.012328
-0.00322154 0.0122529

0.00382133 -0.0120374
-0.00388819 0.0119417

0.00424945 -0.0115969
-0.00429991 0.0114815

0.00440202 -0.0111555
-0.00442804 0.0110304

0.00442822 -0.0100892
-0.00442743 0.00997114

0.00437882 -0.00896981
-0.00435399 0.00885763

0.00406552 -0.00803362
-0.00401874 0.00792752

0.00350716 -0.00721052
-0.00344453 0.00711422

0.00293469 -0.00630628
-0.00285363 0.00622204

0.00223676 -0.00565761
-0.00213175 0.00558172

0.0013082 -0.00526129
-0.00118323 0.00520464

0.000258771 -0.00481604
-0.000126392 0.00479078

-0.000887102 -0.00474059
0.00101646 0.00474113

-0.00189605 -0.00510975
0.00201443 0.00514155

-0.00278152 -0.00562523
0.00288924 0.00569067

-0.00362342 -0.00622732
0.0037139 0.00632171

-0.0043461 -0.00728238
0.00441672 0.00739627

-0.00482958 -0.00865181
0.00488148 0.00878461

-0.00526684 -0.00974946
0.00530629 0.0098979

-0.00561829 -0.0106761
0.00564634 0.0108365

-0.00571138 -0.0116589
0.00572332 0.0118191

-0.00574421 -0.012213
0.00574029 0.0123523

-0.00573361 -0.0127711
0.00571383 0.0128819

-0.00564191 -0.0136671
0.00561117 0.0137549

-0.00543115 -0.0148385
0.00539032 0.0149055

-0.00502692 -0.0157884
0.00497642 0.0158426

-0.00435113 -0.0163259
0.00429023 0.0163721

-0.0034972 -0.0167712
0.0034258 0.0168081

-0.00251697 -0.0171393
0.00243715 0.0171638

-0.00141546 -0.0175606
0.00132925 0.0175666

-0.000168553 -0.0181601
8.15926e-05 0.0181498

0.00119271 -0.0179836
-0.00127632 0.0179596

0.00270889 -0.0165423
-0.00278574 0.0165126

0.00443412 -0.0153451
-0.00449343 0.015316

0.00607285 -0.0143202
-0.00610383 0.0142966

0.0105942 -0.0109419
0.00874455 0.0146507

0.0105942 -0.0109419
0.00874455 0.0146507

0.0105942 -0.0109419
0.00874455 0.0146507

0.0105942 -0.0109419
0.00874455 0.0146507

0.0105942 -0.0109419
0.00874455 0.0146507

0.0105942 -0.0109419
0.00874455 0.0146507

0.0105942 -0.0109419
0.00874455 0.0146507

0.0105942 -0.0109419
0.00874455 0.0146507

0.0105942 -0.0109419
0.00874455 0.0146507

0.0105942 -0.0109419
0.00874455 0.0146507

0.0105942 -0.0109419
0.00874455 0.0146507

0.0105942 -0.0109419
0.00874455 0.0146507

0.0105942 -0.0109419
0.00874455 0.0146507

0.0105942 -0.0109419
0.00874455 0.0146507

0.0105942 -0.0109419
0.00874455 0.0146507

0.0105942 -0.0109419
0.00874455 0.0146507

0.0105942 -0.0109419
0.00874455 0.0146507

0.0105942 -0.0109419
0.00874455 0.0146507

0.0105942 -0.0109419
0.00874455 0.0146507

0.0105942 -0.0109419
0.00874455 0.0146507

0.0105942 -0.0109419
0.00874455 0.0146507

0.0105942 -0.0109419
0.00874455 0.0146507

0.0105942 -0.0109419
0.00874455 0.0146507

0.0105942 -0.0109419
0.00874455 0.0146507

0.0105942 -0.0109419
0.00874455 0.0146507

0.0105942 -0.0109419
0.00874455 0.0146507

0.0105942 -0.0109419
0.00874455 0.0146507

0.0105942 -0.0109419
0.00874455 0.0146507

0.0105942 -0.0109419
0.00874455 0.0146507

0.0105942 -0.0109419
0.00874455 0.0146507

0.0105942 -0.0109419
0.00874455 0.0146507

0.0105942 -0.0109419
0.00874455 0.0146507

0.0105942 -0.0109419
0.00874455 0.0146507

0.0105942 -0.0109419
0.00874455 0.0146507

0.0105942 -0.0109419
0.00874455 0.0146507

0.0105942 -0.0109419
0.00874455 0.0146507

0.0105942 -0.0109419
0.00874455 0.0146507

0.0105942 -0.0109419
0.00874455 0.0146507

0.0105942 -0.0109419
0.00874455 0.0146507

0.0105942 -0.0109419
0.00874455 0.0146507

0.0105942 -0.0109419
0.00874455 0.0146507

0.0105942 -0.0109419
0.00874455 0.0146507

0.0105942 -0.0109419
0.00874455 0.0146507

0.0105942 -0.0109419
0.00874455 0.0146507

0.0105942 -0.0109419
0.00874455 0.0146507

0.0105942 -0.0109419
0.00874455 0.0146507

0.0105942 -0.0109419
0.00874455 0.0146507

