3.8147e-06
0.00864792
0.0172997
0.0259438
0.0345955
0.0432396
0.0518913
0.0605354
0.0691872
0.0778313
0.086483
0.0951271
0.101948
0.106411
0.110882
0.115345
0.119808
0.124271
0.128735
0.133198
0.137661
0.142124
0.146587
0.151051
0.155521
0.159985
0.164448
0.168911
0.173374
0.177837
0.182301
0.186764
0.191227
0.195698
0.200108
0.203243
0.206379
0.209515
0.21265
0.215778
0.218914
0.22205
0.225185
0.228321
0.231449
0.234585
0.23772
0.240856
0.243992
0.24712
0.250256
0.253391
0.256527
0.259663
0.262791
0.265926
0.269062
0.272198
0.275333
0.278461
0.281597
0.284733
0.287868
0.291004
0.29414
0.297268
0.300335
0.302937
0.305538
0.30814
0.310749
0.313351
0.315952
0.318554
0.321156
0.323757
0.326359
0.32896
0.331562
0.334171
0.336773
0.339375
0.341976
0.344578
0.347179
0.349781
0.352383
0.354984
0.357594
0.360195
0.362797
0.365398
0.368
0.370602
0.373203
0.375805
0.378407
0.381016
0.383617
0.386219
0.388821
0.391422
0.394024
0.396626
0.399227
0.401691
0.404087
0.406483
0.408878
0.411274
0.413677
0.416073
0.418468
0.420864
0.423267
0.425663
0.428059
0.430454
0.43285
0.435253
0.437649
0.440044
0.44244
0.444843
0.447239
0.449635
0.45203
0.454426
0.456829
0.459225
0.46162
0.464016
0.466419
0.468815
0.47121
0.473606
0.476002
0.478405
0.480801
0.483196
0.485592
0.487995
0.490391
0.492786
0.495182
0.497578
0.499981
0.502377
0.504772
0.507168
0.509563
0.511967
0.514362
0.516758
0.519154
0.521557
0.523952
0.526348
0.528744
0.531139
0.533543
0.535938
0.538334
0.54073
0.543133
0.545528
0.547924
0.55032
0.552715
0.555119
0.557514
0.55991
0.562305
0.564709
0.567104
0.5695
0.571896
0.574291
0.576694
0.57909
0.581486
0.583881
0.586285
0.58868
0.591076
0.593472
0.595867
0.59827
0.600719
0.603321
0.60593
0.608532
0.611134
0.613735
0.616337
0.618938
0.62154
0.624142
0.626743
0.629353
0.631954
0.634556
0.637157
0.639759
0.642361
0.644962
0.647564
0.650166
0.652775
0.655376
0.657978
0.66058
0.663181
0.665783
0.668385
0.670986
0.673588
0.676197
0.678799
0.6814
0.684002
0.686604
0.689205
0.691807
0.694408
0.697018
0.699619
0.702671
0.705807
0.708942
0.712078
0.715206
0.718342
0.721478
0.724613
0.727749
0.730877
0.734013
0.737148
0.740284
0.74342
0.746548
0.749683
0.752819
0.755955
0.75909
0.762218
0.765354
0.76849
0.771626
0.774761
0.777889
0.781025
0.784161
0.787296
0.790432
0.79356
0.796696
0.799831
0.804226
0.808689
0.813152
0.817616
0.822079
0.826542
0.831005
0.835468
0.839939
0.844402
0.848866
0.853329
0.857792
0.862255
0.866718
0.871181
0.875645
0.880116
0.884579
0.889042
0.893505
0.897968
0.904713
0.913357
0.922009
0.930653
0.939304
0.947948
0.9566
0.965252
0.973896
0.982548
0.991192
0.999844
0.999996
1.00587
1.01451
1.02317
1.03181
1.04046
1.04911
1.05776
1.06641
1.07505
1.08371
1.09235
1.10051
1.10498
1.10945
1.11391
1.11837
1.12284
1.1273
1.13176
1.13623
1.14069
1.14515
1.14962
1.15409
1.15855
1.16301
1.16748
1.17194
1.1764
1.18087
1.18533
1.18979
1.19426
1.19873
1.20224
1.20537
1.20851
1.21164
1.21477
1.21791
1.22104
1.22418
1.22731
1.23044
1.23358
1.23671
1.23985
1.24298
1.24612
1.24925
1.25238
1.25552
1.25866
1.26179
1.26492
1.26805
1.27119
1.27433
1.27746
1.28059
1.28373
1.28686
1.29
1.29313
1.29626
1.2994
1.3021
1.30471
1.30731
1.30991
1.31251
1.31511
1.31771
1.32032
1.32293
1.32553
1.32813
1.33073
1.33333
1.33593
1.33854
1.34114
1.34374
1.34635
1.34895
1.35155
1.35415
1.35675
1.35936
1.36196
1.36456
1.36716
1.36977
1.37237
1.37497
1.37757
1.38018
1.38278
1.38538
1.38798
1.39058
1.39319
1.39579
1.3984
1.40092
1.40332
1.40571
1.40811
1.4105
1.41291
1.4153
1.4177
1.42009
1.4225
1.42489
1.42729
1.42968
1.43208
1.43448
1.43688
1.43927
1.44167
1.44407
1.44647
1.44886
1.45126
1.45366
1.45606
1.45845
1.46085
1.46325
1.46565
1.46804
1.47044
1.47284
1.47523
1.47763
1.48003
1.48243
1.48482
1.48722
1.48962
1.49202
1.49441
1.49681
1.49921
1.50161
1.504
1.5064
1.5088
1.5112
1.51359
1.51599
1.51838
1.52079
1.52318
1.52558
1.52797
1.53038
1.53277
1.53517
1.53756
1.53996
1.54236
1.54476
1.54715
1.54955
1.55195
1.55435
1.55674
1.55914
1.56153
1.56394
1.56633
1.56873
1.57113
1.57353
1.57592
1.57832
1.58072
1.58311
1.58551
1.58791
1.59031
1.5927
1.5951
1.5975
1.5999
1.60249
1.60509
1.60769
1.61029
1.6129
1.6155
1.61811
1.62071
1.62331
1.62591
1.62851
1.63111
1.63372
1.63632
1.63892
1.64153
1.64413
1.64673
1.64933
1.65194
1.65454
1.65714
1.65974
1.66234
1.66495
1.66755
1.67015
1.67276
1.67536
1.67796
1.68056
1.68316
1.68576
1.68837
1.69098
1.69358
1.69618
1.69878
1.70166
1.7048
1.70794
1.71107
1.7142
1.71733
1.72047
1.72361
1.72674
1.72987
1.73301
1.73614
1.73928
1.74241
1.74554
1.74868
1.75181
1.75495
1.75808
1.76121
1.76435
1.76748
1.77062
1.77375
1.77688
1.78002
1.78315
1.78629
1.78942
1.79255
1.79569
1.79882
1.80279
1.80725
1.81172
1.81618
1.82064
1.82511
1.82957
1.83404
1.8385
1.84297
1.84743
1.85189
1.85636
1.86082
1.86528
1.86975
1.87421
1.87868
1.88314
1.88761
1.89207
1.89653
1.90194
1.91058
1.91923
1.92788
1.93653
1.94517
1.95382
1.96247
1.97112
1.97976
1.98841
1.99707
2
2.00265
2.01006
2.01747
2.02488
2.03229
2.0397
2.04711
2.05452
2.06193
2.06934
2.07675
2.08416
2.09157
2.09898
2.10294
2.10636
2.10977
2.11318
2.1166
2.12001
2.12342
2.12683
2.13025
2.13366
2.13707
2.14048
2.14389
2.14731
2.15072
2.15414
2.15755
2.16096
2.16438
2.16779
2.1712
2.17462
2.17803
2.18144
2.18486
2.18827
2.19168
2.1951
2.19851
2.20133
2.20369
2.20605
2.20842
2.21077
2.21314
2.2155
2.21786
2.22022
2.22258
2.22495
2.22731
2.22967
2.23203
2.23439
2.23675
2.23912
2.24148
2.24384
2.2462
2.24856
2.25093
2.25328
2.25565
2.25801
2.26037
2.26274
2.26509
2.26746
2.26982
2.27218
2.27455
2.27691
2.27927
2.28163
2.28399
2.28635
2.28872
2.29108
2.29344
2.2958
2.29816
2.30043
2.30239
2.30434
2.30629
2.30825
2.31021
2.31216
2.31411
2.31607
2.31802
2.31997
2.32193
2.32389
2.32584
2.32779
2.32975
2.3317
2.33365
2.33561
2.33757
2.33952
2.34147
2.34343
2.34538
2.34733
2.34929
2.35125
2.3532
2.35515
2.35711
2.35906
2.36101
2.36296
2.36492
2.36688
2.36883
2.37078
2.37274
2.37469
2.37664
2.3786
2.38056
2.38251
2.38446
2.38642
2.38837
2.39032
2.39228
2.39424
2.39619
2.39814
2.40009
2.40189
2.40368
2.40548
2.40728
2.40908
2.41088
2.41268
2.41447
2.41627
2.41807
2.41987
2.42167
2.42347
2.42527
2.42706
2.42886
2.43066
2.43245
2.43425
2.43605
2.43785
2.43965
2.44145
2.44325
2.44504
2.44684
2.44864
2.45044
2.45224
2.45404
2.45583
2.45763
2.45943
2.46122
2.46302
2.46482
2.46663
2.46842
2.47022
2.47202
2.47381
2.47561
2.47741
2.47921
2.48101
2.48281
2.4846
2.4864
2.4882
2.49
2.49179
2.4936
2.4954
2.49719
2.49899
2.50079
2.50258
2.50438
2.50618
2.50798
2.50978
2.51158
2.51337
2.51517
2.51697
2.51877
2.52057
2.52237
2.52417
2.52596
2.52776
2.52956
2.53135
2.53315
2.53495
2.53675
2.53855
2.54035
2.54215
2.54394
2.54574
2.54754
2.54934
2.55114
2.55294
2.55473
2.55653
2.55833
2.56012
2.56192
2.56372
2.56553
2.56732
2.56912
2.57092
2.57271
2.57451
2.57631
2.57811
2.57991
2.58171
2.5835
2.5853
2.5871
2.5889
2.59069
2.59249
2.5943
2.59609
2.59789
2.59969
2.60161
2.60357
2.60553
2.60748
2.60943
2.61139
2.61334
2.61529
2.61724
2.61921
2.62116
2.62311
2.62506
2.62702
2.62897
2.63092
2.63288
2.63484
2.63679
2.63874
2.6407
2.64265
2.6446
2.64656
2.64852
2.65047
2.65242
2.65438
2.65633
2.65828
2.66024
2.66219
2.66415
2.6661
2.66806
2.67001
2.67196
2.67392
2.67587
2.67783
2.67978
2.68174
2.68369
2.68564
2.6876
2.68955
2.69151
2.69346
2.69542
2.69737
2.69932
2.70154
2.70391
2.70626
2.70863
2.71099
2.71335
2.71572
2.71807
2.72044
2.7228
2.72516
2.72752
2.72989
2.73225
2.73461
2.73697
2.73933
2.7417
2.74405
2.74642
2.74878
2.75114
2.75351
2.75586
2.75823
2.76059
2.76295
2.76532
2.76767
2.77004
2.7724
2.77476
2.77712
2.77948
2.78185
2.78421
2.78657
2.78893
2.79129
2.79365
2.79602
2.79838
2.80107
2.80449
2.8079
2.81131
2.81472
2.81813
2.82154
2.82496
2.82837
2.83178
2.8352
2.83861
2.84202
2.84544
2.84885
2.85226
2.85568
2.85909
2.8625
2.86592
2.86933
2.87274
2.87616
2.87957
2.88298
2.88639
2.8898
2.89322
2.89663
2.9001
2.90751
2.91491
2.92233
2.92974
2.93715
2.94455
2.95197
2.95938
2.96679
2.97419
2.98161
2.98902
2.99643
3
