0 0 -5
0 0.00307374 -4.99991
0 0.00612847 -4.99966
0 0.00916419 -4.99923
0 0.0121809 -4.99864
0 0.0151786 -4.99788
0 0.0181573 -4.99696
0 0.0211169 -4.99587
0 0.0240576 -4.99461
0 0.0269792 -4.9932
0 0.0298818 -4.99162
0 0.0327654 -4.98988
0 0.03563 -4.98798
0 0.0384756 -4.98593
0 0.0413022 -4.98371
0 0.0441098 -4.98134
0 0.0468983 -4.97882
0 0.0496679 -4.97614
0 0.0524184 -4.9733
0 0.0551499 -4.97032
0 0.0578624 -4.96718
0 0.0605559 -4.9639
0 0.0632303 -4.96046
0 0.0658858 -4.95688
0 0.0685223 -4.95315
0 0.0711397 -4.94927
0 0.0737381 -4.94525
0 0.0763175 -4.94109
0 0.0788779 -4.93678
0 0.0814193 -4.93233
0 0.0839417 -4.92775
0 0.086445 -4.92302
0 0.0889294 -4.91815
0 0.0913947 -4.91315
0 0.093841 -4.90801
0 0.0962683 -4.90273
0 0.0986766 -4.89732
0 0.101066 -4.89178
0 0.103436 -4.8861
0 0.105787 -4.8803
0 0.10812 -4.87436
0 0.110433 -4.8683
0 0.112727 -4.86211
0 0.115002 -4.85579
0 0.117258 -4.84934
0 0.119496 -4.84277
0 0.121714 -4.83608
0 0.123913 -4.82926
0 0.126093 -4.82232
0 0.128254 -4.81527
0 0.130396 -4.80809
0 0.132519 -4.80079
0 0.134624 -4.79338
0 0.136709 -4.78585
0 0.138775 -4.77821
0 0.140822 -4.77045
0 0.14285 -4.76258
0 0.144859 -4.75459
0 0.146849 -4.7465
0 0.14882 -4.73829
0 0.150772 -4.72998
0 0.152705 -4.72156
0 0.154619 -4.71303
0 0.156514 -4.7044
0 0.15839 -4.69566
0 0.160246 -4.68682
0 0.162084 -4.67787
0 0.163903 -4.66882
0 0.165703 -4.65968
0 0.167484 -4.65043
0 0.169246 -4.64109
0 0.170989 -4.63165
0 0.172713 -4.62211
0 0.174417 -4.61248
0 0.176103 -4.60275
0 0.17777 -4.59293
0 0.179418 -4.58302
0 0.181047 -4.57302
0 0.182656 -4.56292
0 0.184247 -4.55274
0 0.185819 -4.54247
0 0.187371 -4.53212
0 0.188905 -4.52168
0 0.19042 -4.51115
0 0.191916 -4.50054
0 0.193392 -4.48985
0 0.19485 -4.47907
0 0.196288 -4.46822
0 0.197708 -4.45729
0 0.199109 -4.44628
0 0.20049 -4.43519
0 0.201853 -4.42402
0 0.203196 -4.41278
0 0.204521 -4.40147
0 0.205827 -4.39008
0 0.207113 -4.37862
0 0.208381 -4.36709
0 0.209629 -4.35549
0 0.210859 -4.34382
0 0.212069 -4.33209
0 0.213261 -4.32029
0 0.214433 -4.30842
0 0.215587 -4.29649
0 0.216721 -4.28449
0 0.217836 -4.27243
0 0.218933 -4.26031
0 0.22001 -4.24813
0 0.221069 -4.23589
0 0.222108 -4.22359
0 0.223128 -4.21124
0 0.22413 -4.19883
0 0.225112 -4.18636
0 0.226075 -4.17384
0 0.22702 -4.16127
0 0.227945 -4.14864
0 0.228851 -4.13597
0 0.229738 -4.12324
0 0.230607 -4.11047
0 0.231456 -4.09764
0 0.232286 -4.08478
0 0.233097 -4.07186
0 0.23389 -4.0589
0 0.234663 -4.0459
0 0.235417 -4.03286
0 0.236152 -4.01977
0 0.236868 -4.00664
0 0.237565 -3.99348
0 0.238243 -3.98028
0 0.238903 -3.96704
0 0.239543 -3.95376
0 0.240164 -3.94045
0 0.240766 -3.9271
0 0.241349 -3.91372
0 0.241913 -3.90031
0 0.242458 -3.88687
0 0.242984 -3.8734
0 0.243491 -3.8599
0 0.243979 -3.84637
0 0.244448 -3.83282
0 0.244898 -3.81924
0 0.245329 -3.80564
0 0.245741 -3.79201
0 0.246134 -3.77836
0 0.246508 -3.76469
0 0.246863 -3.751
0 0.247199 -3.73729
0 0.247515 -3.72356
0 0.247813 -3.70982
0 0.248092 -3.69606
0 0.248352 -3.68228
0 0.248593 -3.66849
0 0.248815 -3.65469
0 0.249017 -3.64087
0 0.249201 -3.62705
0 0.249366 -3.61321
0 0.249512 -3.59937
0 0.249638 -3.58552
0 0.249746 -3.57166
0 0.249835 -3.5578
0 0.249905 -3.54393
0 0.249955 -3.53006
0 0.249987 -3.51619
0 0.25 -3.50231
0 0.249993 -3.48844
0 0.249968 -3.47456
0 0.249924 -3.46069
0 0.24986 -3.44682
0 0.249778 -3.43296
0 0.249677 -3.4191
0 0.249556 -3.40525
0 0.249417 -3.3914
0 0.249258 -3.37756
0 0.249081 -3.36373
0 0.248884 -3.34992
0 0.248669 -3.33611
0 0.248434 -3.32231
0 0.248181 -3.30853
0 0.247908 -3.29477
0 0.247617 -3.28102
0 0.247306 -3.26728
0 0.246977 -3.25357
0 0.246628 -3.23987
0 0.246261 -3.22619
0 0.245874 -3.21254
0 0.245468 -3.1989
0 0.245044 -3.18529
0 0.2446 -3.1717
0 0.244137 -3.15814
0 0.243656 -3.1446
0 0.243155 -3.1311
0 0.242635 -3.11762
0 0.242097 -3.10416
0 0.241539 -3.09074
0 0.240962 -3.07735
0 0.240367 -3.064
0 0.239752 -3.05067
0 0.239118 -3.03739
0 0.238465 -3.02413
0 0.237793 -3.01092
0 0.237103 -2.99774
0 0.236393 -2.9846
0 0.235664 -2.9715
0 0.234916 -2.95844
0 0.234149 -2.94543
0 0.233364 -2.93245
0 0.232559 -2.91952
0 0.231735 -2.90664
0 0.230892 -2.8938
0 0.23003 -2.88101
0 0.229149 -2.86827
0 0.228249 -2.85558
0 0.22733 -2.84294
0 0.226392 -2.83035
0 0.225435 -2.81781
0 0.224459 -2.80532
0 0.223464 -2.79289
0 0.22245 -2.78052
0 0.221417 -2.7682
0 0.220365 -2.75594
0 0.219294 -2.74374
0 0.218204 -2.7316
0 0.217095 -2.71952
0 0.215967 -2.70751
0 0.21482 -2.69555
0 0.213654 -2.68366
0 0.212468 -2.67184
0 0.211264 -2.66008
0 0.210041 -2.64839
0 0.208799 -2.63677
0 0.207538 -2.62521
0 0.206258 -2.61373
0 0.204958 -2.60232
0 0.20364 -2.59098
0 0.202303 -2.57972
0 0.200947 -2.56853
0 0.199571 -2.55741
0 0.198177 -2.54637
0 0.196764 -2.53542
0 0.195331 -2.52453
0 0.19388 -2.51373
0 0.19241 -2.50302
0 0.190921 -2.49238
0 0.189412 -2.48182
0 0.187885 -2.47135
0 0.186338 -2.46097
0 0.184773 -2.45067
0 0.183189 -2.44046
0 0.181585 -2.43034
0 0.179963 -2.42031
0 0.178321 -2.41036
0 0.176661 -2.40051
0 0.174981 -2.39076
0 0.173283 -2.38109
0 0.171565 -2.37152
0 0.169829 -2.36205
0 0.168073 -2.35267
0 0.166299 -2.34339
0 0.164505 -2.33421
0 0.162693 -2.32513
0 0.160861 -2.31615
0 0.159011 -2.30728
0 0.157141 -2.29851
0 0.155252 -2.28984
0 0.153345 -2.28127
0 0.151418 -2.27282
0 0.149473 -2.26447
0 0.147508 -2.25623
0 0.145524 -2.24809
0 0.143522 -2.24007
0 0.1415 -2.23216
0 0.139459 -2.22437
0 0.137399 -2.21669
0 0.135321 -2.20912
0 0.133223 -2.20167
0 0.131106 -2.19433
0 0.12897 -2.18711
0 0.126816 -2.18002
0 0.124642 -2.17304
0 0.122449 -2.16618
0 0.120237 -2.15945
0 0.118006 -2.15284
0 0.115756 -2.14635
0 0.113488 -2.13999
0 0.1112 -2.13375
0 0.108893 -2.12764
0 0.106567 -2.12167
0 0.104222 -2.11582
0 0.101858 -2.1101
0 0.0994751 -2.10451
0 0.0970732 -2.09906
0 0.0946522 -2.09374
0 0.0922122 -2.08855
0 0.0897532 -2.0835
0 0.0872752 -2.07859
0 0.0847782 -2.07381
0 0.0822622 -2.06918
0 0.0797271 -2.06468
0 0.0771731 -2.06033
0 0.0746 -2.05612
0 0.0720079 -2.05205
0 0.0693968 -2.04813
0 0.0667667 -2.04435
0 0.0641176 -2.04072
0 0.0614495 -2.03723
0 0.0587623 -2.0339
0 0.0560562 -2.03071
0 0.053331 -2.02767
0 0.0505868 -2.02479
0 0.0478236 -2.02206
0 0.0450414 -2.01948
0 0.0422402 -2.01706
0 0.0394199 -2.01479
0 0.0365807 -2.01268
0 0.0337224 -2.01073
0 0.0308452 -2.00894
0 0.0279489 -2.00731
0 0.0250336 -2.00584
0 0.0220992 -2.00453
0 0.0191459 -2.00339
0 0.0161736 -2.00241
0 0.0131822 -2.00159
0 0.0101719 -2.00094
0 0.00714249 -2.00046
0 0.0040941 -2.00015
0 0.00102669 -2.00001
0 -0.00205127 -1.99996
0 -0.00511234 -1.99976
0 -0.00815439 -1.99939
0 -0.0111774 -1.99886
0 -0.0141815 -1.99815
0 -0.0171665 -1.99728
0 -0.0201325 -1.99625
0 -0.0230795 -1.99505
0 -0.0260074 -1.99369
0 -0.0289164 -1.99216
0 -0.0318064 -1.99048
0 -0.0346773 -1.98863
0 -0.0375292 -1.98663
0 -0.0403621 -1.98447
0 -0.043176 -1.98215
0 -0.0459709 -1.97968
0 -0.0487468 -1.97705
0 -0.0515037 -1.97427
0 -0.0542415 -1.97133
0 -0.0569603 -1.96825
0 -0.0596602 -1.96501
0 -0.062341 -1.96162
0 -0.0650028 -1.95809
0 -0.0676455 -1.95441
0 -0.0702693 -1.95058
0 -0.0728741 -1.94661
0 -0.0754598 -1.94249
0 -0.0780266 -1.93823
0 -0.0805743 -1.93383
0 -0.083103 -1.92929
0 -0.0856127 -1.92461
0 -0.0881034 -1.91979
0 -0.090575 -1.91483
0 -0.0930277 -1.90974
0 -0.0954613 -1.90451
0 -0.097876 -1.89914
0 -0.100272 -1.89364
0 -0.102648 -1.88801
0 -0.105006 -1.88225
0 -0.107344 -1.87636
0 -0.109664 -1.87033
0 -0.111964 -1.86418
0 -0.114246 -1.85791
0 -0.116509 -1.8515
0 -0.118752 -1.84497
0 -0.120977 -1.83832
0 -0.123182 -1.83155
0 -0.125369 -1.82465
0 -0.127536 -1.81763
0 -0.129684 -1.81049
0 -0.131814 -1.80324
0 -0.133924 -1.79586
0 -0.136016 -1.78837
0 -0.138088 -1.78077
0 -0.140141 -1.77305
0 -0.142176 -1.76521
0 -0.144191 -1.75727
0 -0.146188 -1.74921
0 -0.148165 -1.74104
0 -0.150123 -1.73276
0 -0.152063 -1.72438
0 -0.153983 -1.71588
0 -0.155884 -1.70729
0 -0.157766 -1.69858
0 -0.15963 -1.68977
0 -0.161474 -1.68086
0 -0.163299 -1.67185
0 -0.165105 -1.66274
0 -0.166893 -1.65353
0 -0.168661 -1.64421
0 -0.17041 -1.6348
0 -0.17214 -1.6253
0 -0.173851 -1.6157
0 -0.175543 -1.606
0 -0.177217 -1.59621
0 -0.178871 -1.58633
0 -0.180506 -1.57636
0 -0.182122 -1.5663
0 -0.183719 -1.55615
0 -0.185297 -1.54591
0 -0.186856 -1.53558
0 -0.188396 -1.52517
0 -0.189917 -1.51467
0 -0.191419 -1.50409
0 -0.192902 -1.49342
0 -0.194366 -1.48267
0 -0.195811 -1.47185
0 -0.197237 -1.46094
0 -0.198644 -1.44995
0 -0.200032 -1.43889
0 -0.201401 -1.42775
0 -0.202751 -1.41654
0 -0.204082 -1.40525
0 -0.205394 -1.39389
0 -0.206686 -1.38245
0 -0.20796 -1.37094
0 -0.209215 -1.35937
0 -0.210451 -1.34772
0 -0.211668 -1.33601
0 -0.212866 -1.32423
0 -0.214044 -1.31238
0 -0.215204 -1.30047
0 -0.216345 -1.28849
0 -0.217467 -1.27646
0 -0.218569 -1.26436
0 -0.219653 -1.2522
0 -0.220718 -1.23998
0 -0.221764 -1.2277
0 -0.22279 -1.21536
0 -0.223798 -1.20297
0 -0.224787 -1.19052
0 -0.225756 -1.17802
0 -0.226707 -1.16546
0 -0.227639 -1.15286
0 -0.228551 -1.1402
0 -0.229445 -1.12749
0 -0.230319 -1.11473
0 -0.231175 -1.10192
0 -0.232011 -1.08907
0 -0.232829 -1.07617
0 -0.233628 -1.06323
0 -0.234407 -1.05024
0 -0.235168 -1.03721
0 -0.235909 -1.02414
0 -0.236632 -1.01102
0 -0.237335 -0.997872
0 -0.23802 -0.984681
0 -0.238685 -0.971453
0 -0.239331 -0.958188
0 -0.239959 -0.944888
0 -0.240567 -0.931554
0 -0.241157 -0.918186
0 -0.241727 -0.904786
0 -0.242278 -0.891355
0 -0.242811 -0.877894
0 -0.243324 -0.864404
0 -0.243818 -0.850887
0 -0.244294 -0.837342
0 -0.24475 -0.823771
0 -0.245187 -0.810176
0 -0.245606 -0.796556
0 -0.246005 -0.782915
0 -0.246385 -0.769251
0 -0.246746 -0.755567
0 -0.247089 -0.741863
0 -0.247412 -0.728141
0 -0.247716 -0.714402
0 -0.248001 -0.700646
0 -0.248267 -0.686875
0 -0.248515 -0.673089
0 -0.248743 -0.659291
0 -0.248952 -0.64548
0 -0.249142 -0.631658
0 -0.249313 -0.617826
0 -0.249465 -0.603985
0 -0.249598 -0.590137
0 -0.249712 -0.576281
0 -0.249807 -0.56242
0 -0.249884 -0.548554
0 -0.249941 -0.534684
0 -0.249979 -0.520811
0 -0.249998 -0.506937
0 -0.249998 -0.493063
0 -0.249979 -0.479189
0 -0.249941 -0.465316
0 -0.249884 -0.451446
0 -0.249807 -0.43758
0 -0.249712 -0.423719
0 -0.249598 -0.409863
0 -0.249465 -0.396015
0 -0.249313 -0.382174
0 -0.249142 -0.368342
0 -0.248952 -0.35452
0 -0.248743 -0.340709
0 -0.248515 -0.326911
0 -0.248267 -0.313125
0 -0.248001 -0.299354
0 -0.247716 -0.285598
0 -0.247412 -0.271859
0 -0.247089 -0.258137
0 -0.246746 -0.244433
0 -0.246385 -0.230749
0 -0.246005 -0.217085
0 -0.245606 -0.203444
0 -0.245187 -0.189824
0 -0.24475 -0.176229
0 -0.244294 -0.162658
0 -0.243818 -0.149113
0 -0.243324 -0.135595
0 -0.242811 -0.122106
0 -0.242278 -0.108645
0 -0.241727 -0.0952137
0 -0.241157 -0.081814
0 -0.240567 -0.0684464
0 -0.239959 -0.0551121
0 -0.239331 -0.0418121
0 -0.238685 -0.0285474
0 -0.23802 -0.0153191
0 -0.237335 -0.00212832
0 -0.236632 0.011024
0 -0.235909 0.0241367
0 -0.235168 0.0372088
0 -0.234407 0.0502392
0 -0.233628 0.0632269
0 -0.232829 0.0761708
0 -0.232011 0.0890699
0 -0.231175 0.101923
0 -0.230319 0.114729
0 -0.229445 0.127487
0 -0.228551 0.140197
0 -0.227639 0.152856
0 -0.226707 0.165463
0 -0.225756 0.178019
0 -0.224787 0.190521
0 -0.223798 0.202969
0 -0.22279 0.215362
0 -0.221764 0.227698
0 -0.220718 0.239977
0 -0.219653 0.252197
0 -0.218569 0.264357
0 -0.217467 0.276457
0 -0.216345 0.288495
0 -0.215204 0.30047
0 -0.214044 0.312381
0 -0.212866 0.324228
0 -0.211668 0.336008
0 -0.210451 0.347722
0 -0.209215 0.359368
0 -0.20796 0.370944
0 -0.206686 0.38245
0 -0.205394 0.393885
0 -0.204082 0.405248
0 -0.202751 0.416537
0 -0.201401 0.427752
0 -0.200032 0.438892
0 -0.198644 0.449955
0 -0.197237 0.46094
0 -0.195811 0.471847
0 -0.194366 0.482674
0 -0.192902 0.493421
0 -0.191419 0.504085
0 -0.189917 0.514667
0 -0.188396 0.525165
0 -0.186856 0.535578
0 -0.185297 0.545905
0 -0.183719 0.556145
0 -0.182122 0.566297
0 -0.180506 0.57636
0 -0.178871 0.586332
0 -0.177217 0.596214
0 -0.175543 0.606003
0 -0.173851 0.615698
0 -0.17214 0.625299
0 -0.17041 0.634805
0 -0.168661 0.644214
0 -0.166893 0.653525
0 -0.165105 0.662738
0 -0.163299 0.671851
0 -0.161474 0.680863
0 -0.15963 0.689774
0 -0.157766 0.698581
0 -0.155884 0.707285
0 -0.153983 0.715884
0 -0.152063 0.724376
0 -0.150123 0.732762
0 -0.148165 0.741039
0 -0.146188 0.749207
0 -0.144191 0.757265
0 -0.142176 0.765212
0 -0.140141 0.773046
0 -0.138088 0.780767
0 -0.136016 0.788373
0 -0.133924 0.795864
0 -0.131814 0.803238
0 -0.129684 0.810494
0 -0.127536 0.817632
0 -0.125369 0.82465
0 -0.123182 0.831547
0 -0.120977 0.838323
0 -0.118752 0.844975
0 -0.116509 0.851503
0 -0.114246 0.857907
0 -0.111964 0.864184
0 -0.109664 0.870334
0 -0.107344 0.876356
0 -0.105006 0.882249
0 -0.102648 0.888011
0 -0.100272 0.893642
0 -0.097876 0.89914
0 -0.0954613 0.904505
0 -0.0930277 0.909736
0 -0.090575 0.914831
0 -0.0881034 0.919789
0 -0.0856127 0.92461
0 -0.083103 0.929291
0 -0.0805743 0.933833
0 -0.0780266 0.938235
0 -0.0754598 0.942494
0 -0.0728741 0.94661
0 -0.0702693 0.950582
0 -0.0676455 0.954409
0 -0.0650028 0.95809
0 -0.062341 0.961624
0 -0.0596602 0.96501
0 -0.0569603 0.968246
0 -0.0542415 0.971332
0 -0.0515037 0.974266
0 -0.0487468 0.977048
0 -0.0459709 0.979677
0 -0.043176 0.98215
0 -0.0403621 0.984469
0 -0.0375292 0.98663
0 -0.0346773 0.988634
0 -0.0318064 0.990479
0 -0.0289164 0.992164
0 -0.0260074 0.993688
0 -0.0230795 0.99505
0 -0.0201325 0.99625
0 -0.0171665 0.997285
0 -0.0141815 0.998155
0 -0.0111774 0.998858
0 -0.00815439 0.999395
0 -0.00511234 0.999763
0 -0.00205127 0.999962
0 0.00102669 1.00001
0 0.0040941 1.0002
0 0.00714249 1.00062
0 0.0101719 1.00126
0 0.0131822 1.00212
0 0.0161736 1.00321
0 0.0191459 1.00452
0 0.0220992 1.00604
0 0.0250336 1.00779
0 0.0279489 1.00975
0 0.0308452 1.01192
0 0.0337224 1.01431
0 0.0365807 1.01691
0 0.0394199 1.01972
0 0.0422402 1.02275
0 0.0450414 1.02598
0 0.0478236 1.02941
0 0.0505868 1.03305
0 0.053331 1.0369
0 0.0560562 1.04094
0 0.0587623 1.04519
0 0.0614495 1.04964
0 0.0641176 1.05429
0 0.0667667 1.05913
0 0.0693968 1.06417
0 0.0720079 1.0694
0 0.0746 1.07482
0 0.0771731 1.08044
0 0.0797271 1.08625
0 0.0822622 1.09224
0 0.0847782 1.09842
0 0.0872752 1.10478
0 0.0897532 1.11133
0 0.0922122 1.11807
0 0.0946522 1.12498
0 0.0970732 1.13208
0 0.0994751 1.13935
0 0.101858 1.1468
0 0.104222 1.15442
0 0.106567 1.16222
0 0.108893 1.17019
0 0.1112 1.17834
0 0.113488 1.18665
0 0.115756 1.19513
0 0.118006 1.20378
0 0.120237 1.2126
0 0.122449 1.22157
0 0.124642 1.23072
0 0.126816 1.24002
0 0.12897 1.24948
0 0.131106 1.25911
0 0.133223 1.26889
0 0.135321 1.27882
0 0.137399 1.28891
0 0.139459 1.29916
0 0.1415 1.30955
0 0.143522 1.3201
0 0.145524 1.33079
0 0.147508 1.34163
0 0.149473 1.35262
0 0.151418 1.36376
0 0.153345 1.37503
0 0.155252 1.38645
0 0.157141 1.39801
0 0.159011 1.40971
0 0.160861 1.42154
0 0.162693 1.43351
0 0.164505 1.44562
0 0.166299 1.45786
0 0.168073 1.47023
0 0.169829 1.48273
0 0.171565 1.49536
0 0.173283 1.50812
0 0.174981 1.52101
0 0.176661 1.53402
0 0.178321 1.54715
0 0.179963 1.56041
0 0.181585 1.57378
0 0.183189 1.58728
0 0.184773 1.6009
0 0.186338 1.61463
0 0.187885 1.62847
0 0.189412 1.64243
0 0.190921 1.6565
0 0.19241 1.67069
0 0.19388 1.68498
0 0.195331 1.69938
0 0.196764 1.71389
0 0.198177 1.7285
0 0.199571 1.74322
0 0.200947 1.75803
0 0.202303 1.77295
0 0.20364 1.78797
0 0.204958 1.80309
0 0.206258 1.81831
0 0.207538 1.83362
0 0.208799 1.84902
0 0.210041 1.86452
0 0.211264 1.88011
0 0.212468 1.89578
0 0.213654 1.91155
0 0.21482 1.9274
0 0.215967 1.94334
0 0.217095 1.95936
0 0.218204 1.97547
0 0.219294 1.99166
0 0.220365 2.00792
0 0.221417 2.02427
0 0.22245 2.04069
0 0.223464 2.05719
0 0.224459 2.07376
0 0.225435 2.09041
0 0.226392 2.10713
0 0.22733 2.12391
0 0.228249 2.14077
0 0.229149 2.15769
0 0.23003 2.17468
0 0.230892 2.19174
0 0.231735 2.20885
0 0.232559 2.22603
0 0.233364 2.24327
0 0.234149 2.26057
0 0.234916 2.27792
0 0.235664 2.29534
0 0.236393 2.3128
0 0.237103 2.33032
0 0.237793 2.34789
0 0.238465 2.36551
0 0.239118 2.38318
0 0.239752 2.4009
0 0.240367 2.41866
0 0.240962 2.43647
0 0.241539 2.45432
0 0.242097 2.47222
0 0.242635 2.49015
0 0.243155 2.50813
0 0.243656 2.52614
0 0.244137 2.54419
0 0.2446 2.56227
0 0.245044 2.58039
0 0.245468 2.59854
0 0.245874 2.61671
0 0.246261 2.63492
0 0.246628 2.65316
0 0.246977 2.67142
0 0.247306 2.68971
0 0.247617 2.70802
0 0.247908 2.72636
0 0.248181 2.74471
0 0.248434 2.76309
0 0.248669 2.78148
0 0.248884 2.79989
0 0.249081 2.81831
0 0.249258 2.83675
0 0.249417 2.8552
0 0.249556 2.87366
0 0.249677 2.89213
0 0.249778 2.91061
0 0.24986 2.9291
0 0.249924 2.94759
0 0.249968 2.96609
0 0.249993 2.98458
0 0.25 3.00308
0 0.249987 3.02158
0 0.249955 3.04008
0 0.249905 3.05857
0 0.249835 3.07706
0 0.249746 3.09555
0 0.249638 3.11403
0 0.249512 3.13249
0 0.249366 3.15095
0 0.249201 3.1694
0 0.249017 3.18783
0 0.248815 3.20625
0 0.248593 3.22465
0 0.248352 3.24304
0 0.248092 3.26141
0 0.247813 3.27976
0 0.247515 3.29808
0 0.247199 3.31639
0 0.246863 3.33467
0 0.246508 3.35292
0 0.246134 3.37115
0 0.245741 3.38935
0 0.245329 3.40752
0 0.244898 3.42566
0 0.244448 3.44376
0 0.243979 3.46183
0 0.243491 3.47987
0 0.242984 3.49787
0 0.242458 3.51583
0 0.241913 3.53375
0 0.241349 3.55163
0 0.240766 3.56947
0 0.240164 3.58726
0 0.239543 3.60501
0 0.238903 3.62271
0 0.238243 3.64037
0 0.237565 3.65797
0 0.236868 3.67553
0 0.236152 3.69303
0 0.235417 3.71047
0 0.234663 3.72787
0 0.23389 3.7452
0 0.233097 3.76248
0 0.232286 3.7797
0 0.231456 3.79686
0 0.230607 3.81395
0 0.229738 3.83099
0 0.228851 3.84795
0 0.227945 3.86486
0 0.22702 3.88169
0 0.226075 3.89845
0 0.225112 3.91515
0 0.22413 3.93177
0 0.223128 3.94832
0 0.222108 3.96479
0 0.221069 3.98119
0 0.22001 3.99751
0 0.218933 4.01375
0 0.217836 4.02991
0 0.216721 4.04599
0 0.215587 4.06198
0 0.214433 4.07789
0 0.213261 4.09372
0 0.212069 4.10945
0 0.210859 4.1251
0 0.209629 4.14066
0 0.208381 4.15612
0 0.207113 4.1715
0 0.205827 4.18678
0 0.204521 4.20196
0 0.203196 4.21704
0 0.201853 4.23203
0 0.20049 4.24692
0 0.199109 4.2617
0 0.197708 4.27638
0 0.196288 4.29096
0 0.19485 4.30543
0 0.193392 4.3198
0 0.191916 4.33405
0 0.19042 4.3482
0 0.188905 4.36223
0 0.187371 4.37616
0 0.185819 4.38996
0 0.184247 4.40366
0 0.182656 4.41723
0 0.181047 4.43069
0 0.179418 4.44402
0 0.17777 4.45724
0 0.176103 4.47033
0 0.174417 4.4833
0 0.172713 4.49615
0 0.170989 4.50886
0 0.169246 4.52145
0 0.167484 4.53391
0 0.165703 4.54624
0 0.163903 4.55843
0 0.162084 4.57049
0 0.160246 4.58242
0 0.15839 4.59421
0 0.156514 4.60586
0 0.154619 4.61737
0 0.152705 4.62874
0 0.150772 4.63997
0 0.14882 4.65106
0 0.146849 4.662
0 0.144859 4.67279
0 0.14285 4.68343
0 0.140822 4.69393
0 0.138775 4.70427
0 0.136709 4.71447
0 0.134624 4.72451
0 0.132519 4.73439
0 0.130396 4.74412
0 0.128254 4.75369
0 0.126093 4.7631
0 0.123913 4.77235
0 0.121714 4.78144
0 0.119496 4.79036
0 0.117258 4.79912
0 0.115002 4.80771
0 0.112727 4.81614
0 0.110433 4.8244
0 0.10812 4.83248
0 0.105787 4.8404
0 0.103436 4.84814
0 0.101066 4.85571
0 0.0986766 4.8631
0 0.0962683 4.87031
0 0.093841 4.87734
0 0.0913947 4.8842
0 0.0889294 4.89087
0 0.086445 4.89736
0 0.0839417 4.90366
0 0.0814193 4.90978
0 0.0788779 4.91571
0 0.0763175 4.92145
0 0.0737381 4.92701
0 0.0711397 4.93237
0 0.0685223 4.93753
0 0.0658858 4.94251
0 0.0632303 4.94728
0 0.0605559 4.95186
0 0.0578624 4.95624
0 0.0551499 4.96043
0 0.0524184 4.96441
0 0.0496679 4.96818
0 0.0468983 4.97176
0 0.0441098 4.97512
0 0.0413022 4.97828
0 0.0384756 4.98124
0 0.03563 4.98398
0 0.0327654 4.98651
0 0.0298818 4.98883
0 0.0269792 4.99093
0 0.0240576 4.99282
0 0.0211169 4.99449
0 0.0181573 4.99594
0 0.0151786 4.99718
0 0.0121809 4.99819
0 0.00916419 4.99898
0 0.00612847 4.99955
0 0.00307374 4.99989
