0 1 0
0 0.998415 0.0562776
0 0.993506 0.11378
0 0.985105 0.171953
0 0.973145 0.230192
0 0.957671 0.287866
0 0.938839 0.344357
0 0.916913 0.399088
0 0.892244 0.451554
0 0.865249 0.501342
0 0.836383 0.548145
0 0.806112 0.591763
0 0.774889 0.632098
0 0.743136 0.669141
0 0.71123 0.702959
0 0.679497 0.733678
0 0.648206 0.761465
0 0.617575 0.786512
0 0.587771 0.809027
0 0.558916 0.829224
0 0.531095 0.847313
0 0.50436 0.863493
0 0.47874 0.877957
0 0.454239 0.89088
0 0.430848 0.902425
0 0.408544 0.912738
0 0.387298 0.921954
0 0.367072 0.930192
0 0.347825 0.937559
0 0.329514 0.944151
0 0.312094 0.950051
0 0.29552 0.955337
0 0.279748 0.960073
0 0.264736 0.964321
0 0.250441 0.968132
0 0.236823 0.971553
0 0.223845 0.974625
0 0.21147 0.977385
0 0.199664 0.979864
0 0.188394 0.982094
0 0.17763 0.984097
0 0.167344 0.985898
0 0.157508 0.987518
0 0.148098 0.988973
0 0.139089 0.99028
0 0.130459 0.991454
0 0.122188 0.992507
0 0.114257 0.993451
0 0.106647 0.994297
0 0.0993403 0.995054
0 0.0923222 0.995729
0 0.0855773 0.996332
0 0.0790916 0.996867
0 0.0728519 0.997343
0 0.0668461 0.997763
0 0.0610624 0.998134
0 0.0554901 0.998459
0 0.0501189 0.998743
0 0.0449393 0.99899
0 0.0399424 0.999202
0 0.0351195 0.999383
0 0.0304628 0.999536
0 0.0259648 0.999663
0 0.0216183 0.999766
0 0.0174166 0.999848
0 0.0133536 0.999911
0 0.00942321 0.999956
0 0.00561984 0.999984
0 0.00193819 0.999998
0 -0.00162677 0.999999
0 -0.00507978 0.999987
0 -0.00842535 0.999965
0 -0.0116677 0.999932
0 -0.014811 0.99989
0 -0.0178589 0.999841
0 -0.0208151 0.999783
0 -0.0236831 0.99972
0 -0.0264662 0.99965
0 -0.0291674 0.999575
0 -0.0317897 0.999495
0 -0.034336 0.99941
0 -0.0368088 0.999322
0 -0.0392108 0.999231
0 -0.0415445 0.999137
0 -0.043812 0.99904
0 -0.0460157 0.998941
0 -0.0481576 0.99884
0 -0.0502397 0.998737
0 -0.0522639 0.998633
0 -0.0542322 0.998528
0 -0.0561462 0.998423
0 -0.0580076 0.998316
0 -0.059818 0.998209
0 -0.0615789 0.998102
0 -0.0632918 0.997995
0 -0.0649581 0.997888
0 -0.0665792 0.997781
0 -0.0681562 0.997675
0 -0.0696905 0.997569
0 -0.0711832 0.997463
0 -0.0726355 0.997359
0 -0.0740484 0.997255
0 -0.0754229 0.997152
0 -0.0767602 0.99705
0 -0.078061 0.996949
0 -0.0793263 0.996849
0 -0.0805571 0.99675
0 -0.0817541 0.996653
0 -0.0829181 0.996556
0 -0.08405 0.996462
0 -0.0851505 0.996368
0 -0.0862203 0.996276
0 -0.08726 0.996186
0 -0.0882704 0.996097
0 -0.089252 0.996009
0 -0.0902056 0.995923
0 -0.0911316 0.995839
0 -0.0920306 0.995756
0 -0.0929033 0.995675
0 -0.09375 0.995596
0 -0.0945713 0.995518
0 -0.0953676 0.995442
0 -0.0961395 0.995368
0 -0.0968874 0.995295
0 -0.0976116 0.995225
0 -0.0983127 0.995156
0 -0.0989909 0.995088
0 -0.0996467 0.995023
0 -0.10028 0.994959
0 -0.100892 0.994897
0 -0.101483 0.994837
0 -0.102053 0.994779
0 -0.102601 0.994723
0 -0.103129 0.994668
0 -0.103637 0.994615
0 -0.104125 0.994564
0 -0.104594 0.994515
0 -0.105043 0.994468
0 -0.105472 0.994422
0 -0.105883 0.994379
0 -0.106275 0.994337
0 -0.106648 0.994297
0 -0.107003 0.994259
0 -0.107339 0.994223
0 -0.107658 0.994188
0 -0.107958 0.994156
0 -0.108241 0.994125
0 -0.108506 0.994096
0 -0.108753 0.994069
0 -0.108983 0.994044
0 -0.109196 0.99402
0 -0.109392 0.993999
0 -0.109571 0.993979
0 -0.109732 0.993961
0 -0.109877 0.993945
0 -0.110005 0.993931
0 -0.110116 0.993919
0 -0.11021 0.993908
0 -0.110287 0.9939
0 -0.110348 0.993893
0 -0.110393 0.993888
0 -0.11042 0.993885
0 -0.110431 0.993884
0 -0.110426 0.993884
0 -0.110404 0.993887
0 -0.110365 0.993891
0 -0.11031 0.993897
0 -0.110238 0.993905
0 -0.110149 0.993915
0 -0.110043 0.993927
0 -0.109921 0.99394
0 -0.109782 0.993956
0 -0.109626 0.993973
0 -0.109453 0.993992
0 -0.109263 0.994013
0 -0.109056 0.994036
0 -0.108832 0.99406
0 -0.10859 0.994087
0 -0.108331 0.994115
0 -0.108054 0.994145
0 -0.10776 0.994177
0 -0.107447 0.994211
0 -0.107117 0.994246
0 -0.106768 0.994284
0 -0.106401 0.994323
0 -0.106016 0.994364
0 -0.105611 0.994407
0 -0.105188 0.994452
0 -0.104746 0.994499
0 -0.104284 0.994548
0 -0.103802 0.994598
0 -0.103301 0.99465
0 -0.10278 0.994704
0 -0.102238 0.99476
0 -0.101675 0.994818
0 -0.101092 0.994877
0 -0.100487 0.994938
0 -0.0998604 0.995001
0 -0.099212 0.995066
0 -0.0985413 0.995133
0 -0.0978479 0.995201
0 -0.0971314 0.995272
0 -0.0963915 0.995344
0 -0.0956276 0.995417
0 -0.0948395 0.995493
0 -0.0940265 0.99557
0 -0.0931883 0.995649
0 -0.0923244 0.995729
0 -0.0914342 0.995811
0 -0.0905173 0.995895
0 -0.089573 0.99598
0 -0.0886008 0.996067
0 -0.0876 0.996156
0 -0.0865701 0.996246
0 -0.0855105 0.996337
0 -0.0844203 0.99643
0 -0.083299 0.996525
0 -0.0821457 0.99662
0 -0.0809598 0.996717
0 -0.0797404 0.996816
0 -0.0784867 0.996915
0 -0.0771978 0.997016
0 -0.0758728 0.997118
0 -0.0745108 0.99722
0 -0.0731108 0.997324
0 -0.0716718 0.997428
0 -0.0701926 0.997534
0 -0.0686723 0.997639
0 -0.0671097 0.997746
0 -0.0655034 0.997852
0 -0.0638524 0.997959
0 -0.0621551 0.998067
0 -0.0604104 0.998174
0 -0.0586166 0.998281
0 -0.0567724 0.998387
0 -0.0548761 0.998493
0 -0.0529262 0.998598
0 -0.0509208 0.998703
0 -0.0488581 0.998806
0 -0.0467364 0.998907
0 -0.0445536 0.999007
0 -0.0423076 0.999105
0 -0.0399962 0.9992
0 -0.0376172 0.999292
0 -0.0351683 0.999381
0 -0.0326468 0.999467
0 -0.0300501 0.999548
0 -0.0273755 0.999625
0 -0.0246201 0.999697
0 -0.0217808 0.999763
0 -0.0188543 0.999822
0 -0.0158374 0.999875
0 -0.0127263 0.999919
0 -0.00951741 0.999955
0 -0.0062067 0.999981
0 -0.00278999 0.999996
0 0.000737141 1
0 0.00437935 0.99999
0 0.00814157 0.999967
0 0.012029 0.999928
0 0.0160472 0.999871
0 0.0202019 0.999796
0 0.0244994 0.9997
0 0.0289462 0.999581
0 0.0335492 0.999437
0 0.0383158 0.999266
0 0.0432538 0.999064
0 0.0483715 0.998829
0 0.0536778 0.998558
0 0.059182 0.998247
0 0.064894 0.997892
0 0.0708246 0.997489
0 0.076985 0.997032
0 0.0833872 0.996517
0 0.0900442 0.995938
0 0.0969696 0.995287
0 0.104178 0.994559
0 0.111685 0.993744
0 0.119508 0.992833
0 0.127663 0.991818
0 0.136171 0.990685
0 0.145051 0.989424
0 0.154325 0.98802
0 0.164017 0.986458
0 0.17415 0.984719
0 0.184751 0.982785
0 0.195849 0.980634
0 0.207473 0.978241
0 0.219655 0.975578
0 0.232428 0.972614
0 0.245828 0.969313
0 0.259893 0.965637
0 0.274662 0.961541
0 0.290176 0.956973
0 0.306477 0.951878
0 0.32361 0.94619
0 0.34162 0.939838
0 0.36055 0.93274
0 0.380445 0.924804
0 0.401347 0.915926
0 0.423294 0.905993
0 0.446319 0.894874
0 0.470448 0.882427
0 0.495696 0.868496
0 0.522061 0.852908
0 0.549524 0.835478
0 0.578042 0.816007
0 0.607542 0.794288
0 0.637914 0.770108
0 0.669006 0.743257
0 0.700619 0.713536
0 0.7325 0.680767
0 0.764344 0.644809
0 0.795788 0.605575
0 0.826426 0.563046
0 0.855812 0.517287
0 0.883482 0.468465
0 0.908975 0.41685
0 0.931858 0.362823
0 0.951756 0.306857
0 0.968372 0.24951
0 0.981514 0.19139
0 0.991099 0.133126
0 0.997158 0.0753349
0 0.999827 0.0185918
0 0.999302 0.0373569
0 0.995524 0.0945092
0 0.9883 0.152524
0 0.977527 0.21081
0 0.963212 0.268743
0 0.945475 0.325695
0 0.924545 0.381073
0 0.900747 0.434344
0 0.874478 0.485065
0 0.846184 0.532891
0 0.81633 0.577586
0 0.785375 0.61902
0 0.753754 0.657156
0 0.721861 0.692038
0 0.690038 0.723774
0 0.658573 0.752517
0 0.627701 0.778454
0 0.597605 0.80179
0 0.568423 0.822737
0 0.54025 0.841505
0 0.513149 0.8583
0 0.487155 0.873315
0 0.462282 0.886733
0 0.438523 0.89872
0 0.41586 0.909429
0 0.394265 0.918997
0 0.373703 0.927548
0 0.354135 0.935194
0 0.335516 0.942034
0 0.317804 0.948156
0 0.300953 0.953639
0 0.284919 0.958552
0 0.269658 0.962956
0 0.255129 0.966907
0 0.24129 0.970453
0 0.228102 0.973637
0 0.21553 0.976497
0 0.203538 0.979067
0 0.192093 0.981377
0 0.181164 0.983453
0 0.170721 0.985319
0 0.160738 0.986997
0 0.151189 0.988505
0 0.142048 0.98986
0 0.133295 0.991076
0 0.124907 0.992168
0 0.116864 0.993148
0 0.109149 0.994025
0 0.101743 0.994811
0 0.0946305 0.995512
0 0.0877961 0.996139
0 0.0812255 0.996696
0 0.0749052 0.997191
0 0.0688228 0.997629
0 0.0629663 0.998016
0 0.0573247 0.998356
0 0.0518875 0.998653
0 0.0466451 0.998912
0 0.0415883 0.999135
0 0.0367083 0.999326
0 0.0319971 0.999488
0 0.0274469 0.999623
0 0.0230507 0.999734
0 0.0188015 0.999823
0 0.0146929 0.999892
0 0.010719 0.999942
0 0.00687385 0.999976
0 0.0031522 0.999995
0 -0.000451119 1
0 -0.00394094 0.999992
0 -0.00732183 0.999973
0 -0.0105982 0.999944
0 -0.013774 0.999905
0 -0.0168533 0.999858
0 -0.0198397 0.999803
0 -0.0227367 0.999741
0 -0.0255477 0.999674
0 -0.0282759 0.9996
0 -0.0309242 0.999522
0 -0.0334955 0.999439
0 -0.0359925 0.999352
0 -0.0384179 0.999262
0 -0.0407741 0.999168
0 -0.0430634 0.999072
0 -0.0452881 0.998974
0 -0.0474503 0.998874
0 -0.0495522 0.998772
0 -0.0515955 0.998668
0 -0.0535822 0.998563
0 -0.0555141 0.998458
0 -0.0573929 0.998352
0 -0.0592201 0.998245
0 -0.0609973 0.998138
0 -0.0627261 0.998031
0 -0.0644078 0.997924
0 -0.0660438 0.997817
0 -0.0676353 0.99771
0 -0.0691838 0.997604
0 -0.0706902 0.997498
0 -0.0721558 0.997393
0 -0.0735817 0.997289
0 -0.0749689 0.997186
0 -0.0763185 0.997083
0 -0.0776313 0.996982
0 -0.0789084 0.996882
0 -0.0801506 0.996783
0 -0.0813588 0.996685
0 -0.0825337 0.996588
0 -0.0836763 0.996493
0 -0.0847871 0.996399
0 -0.085867 0.996307
0 -0.0869167 0.996216
0 -0.0879368 0.996126
0 -0.088928 0.996038
0 -0.0898908 0.995952
0 -0.0908259 0.995867
0 -0.0917339 0.995784
0 -0.0926153 0.995702
0 -0.0934706 0.995622
0 -0.0943003 0.995544
0 -0.0951049 0.995467
0 -0.0958849 0.995392
0 -0.0966407 0.995319
0 -0.0973728 0.995248
0 -0.0980816 0.995178
0 -0.0987674 0.995111
0 -0.0994306 0.995044
0 -0.100072 0.99498
0 -0.100691 0.994918
0 -0.101289 0.994857
0 -0.101865 0.994798
0 -0.102421 0.994741
0 -0.102956 0.994686
0 -0.10347 0.994633
0 -0.103965 0.994581
0 -0.10444 0.994531
0 -0.104895 0.994483
0 -0.105331 0.994437
0 -0.105748 0.994393
0 -0.106146 0.99435
0 -0.106526 0.99431
0 -0.106886 0.994271
0 -0.107229 0.994234
0 -0.107553 0.994199
0 -0.10786 0.994166
0 -0.108148 0.994135
0 -0.108419 0.994105
0 -0.108673 0.994078
0 -0.108909 0.994052
0 -0.109127 0.994028
0 -0.109329 0.994006
0 -0.109513 0.993985
0 -0.10968 0.993967
0 -0.10983 0.99395
0 -0.109964 0.993936
0 -0.11008 0.993923
0 -0.11018 0.993912
0 -0.110263 0.993902
0 -0.11033 0.993895
0 -0.11038 0.993889
0 -0.110413 0.993886
0 -0.110429 0.993884
0 -0.110429 0.993884
0 -0.110413 0.993886
0 -0.11038 0.993889
0 -0.11033 0.993895
0 -0.110263 0.993902
0 -0.11018 0.993912
0 -0.11008 0.993923
0 -0.109964 0.993936
0 -0.10983 0.99395
0 -0.10968 0.993967
0 -0.109513 0.993985
0 -0.109329 0.994006
0 -0.109127 0.994028
0 -0.108909 0.994052
0 -0.108673 0.994078
0 -0.108419 0.994105
0 -0.108148 0.994135
0 -0.10786 0.994166
0 -0.107553 0.994199
0 -0.107229 0.994234
0 -0.106886 0.994271
0 -0.106526 0.99431
0 -0.106146 0.99435
0 -0.105748 0.994393
0 -0.105331 0.994437
0 -0.104895 0.994483
0 -0.10444 0.994531
0 -0.103965 0.994581
0 -0.10347 0.994633
0 -0.102956 0.994686
0 -0.102421 0.994741
0 -0.101865 0.994798
0 -0.101289 0.994857
0 -0.100691 0.994918
0 -0.100072 0.99498
0 -0.0994306 0.995044
0 -0.0987674 0.995111
0 -0.0980816 0.995178
0 -0.0973728 0.995248
0 -0.0966407 0.995319
0 -0.0958849 0.995392
0 -0.0951049 0.995467
0 -0.0943003 0.995544
0 -0.0934706 0.995622
0 -0.0926153 0.995702
0 -0.0917339 0.995784
0 -0.0908259 0.995867
0 -0.0898908 0.995952
0 -0.088928 0.996038
0 -0.0879368 0.996126
0 -0.0869167 0.996216
0 -0.085867 0.996307
0 -0.0847871 0.996399
0 -0.0836763 0.996493
0 -0.0825337 0.996588
0 -0.0813588 0.996685
0 -0.0801506 0.996783
0 -0.0789084 0.996882
0 -0.0776313 0.996982
0 -0.0763185 0.997083
0 -0.0749689 0.997186
0 -0.0735817 0.997289
0 -0.0721558 0.997393
0 -0.0706902 0.997498
0 -0.0691838 0.997604
0 -0.0676353 0.99771
0 -0.0660438 0.997817
0 -0.0644078 0.997924
0 -0.0627261 0.998031
0 -0.0609973 0.998138
0 -0.0592201 0.998245
0 -0.0573929 0.998352
0 -0.0555141 0.998458
0 -0.0535822 0.998563
0 -0.0515955 0.998668
0 -0.0495522 0.998772
0 -0.0474503 0.998874
0 -0.0452881 0.998974
0 -0.0430634 0.999072
0 -0.0407741 0.999168
0 -0.0384179 0.999262
0 -0.0359925 0.999352
0 -0.0334955 0.999439
0 -0.0309242 0.999522
0 -0.0282759 0.9996
0 -0.0255477 0.999674
0 -0.0227367 0.999741
0 -0.0198397 0.999803
0 -0.0168533 0.999858
0 -0.013774 0.999905
0 -0.0105982 0.999944
0 -0.00732183 0.999973
0 -0.00394094 0.999992
0 -0.000451119 1
0 0.0031522 0.999995
0 0.00687385 0.999976
0 0.010719 0.999942
0 0.0146929 0.999892
0 0.0188015 0.999823
0 0.0230507 0.999734
0 0.0274469 0.999623
0 0.0319971 0.999488
0 0.0367083 0.999326
0 0.0415883 0.999135
0 0.0466451 0.998912
0 0.0518875 0.998653
0 0.0573247 0.998356
0 0.0629663 0.998016
0 0.0688228 0.997629
0 0.0749052 0.997191
0 0.0812255 0.996696
0 0.0877961 0.996139
0 0.0946305 0.995512
0 0.101743 0.994811
0 0.109149 0.994025
0 0.116864 0.993148
0 0.124907 0.992168
0 0.133295 0.991076
0 0.142048 0.98986
0 0.151189 0.988505
0 0.160738 0.986997
0 0.170721 0.985319
0 0.181164 0.983453
0 0.192093 0.981377
0 0.203538 0.979067
0 0.21553 0.976497
0 0.228102 0.973637
0 0.24129 0.970453
0 0.255129 0.966907
0 0.269658 0.962956
0 0.284919 0.958552
0 0.300953 0.953639
0 0.317804 0.948156
0 0.335516 0.942034
0 0.354135 0.935194
0 0.373703 0.927548
0 0.394265 0.918997
0 0.41586 0.909429
0 0.438523 0.89872
0 0.462282 0.886733
0 0.487155 0.873315
0 0.513149 0.8583
0 0.54025 0.841505
0 0.568423 0.822737
0 0.597605 0.80179
0 0.627701 0.778454
0 0.658573 0.752517
0 0.690038 0.723774
0 0.721861 0.692038
0 0.753754 0.657156
0 0.785375 0.61902
0 0.81633 0.577586
0 0.846184 0.532891
0 0.874478 0.485065
0 0.900747 0.434344
0 0.924545 0.381073
0 0.945475 0.325695
0 0.963212 0.268743
0 0.977527 0.21081
0 0.9883 0.152524
0 0.995524 0.0945092
0 0.999302 0.0373569
0 0.999693 0.0247857
0 0.994965 0.100226
0 0.984338 0.17629
0 0.967824 0.251627
0 0.945746 0.324907
0 0.918708 0.394937
0 0.88753 0.460751
0 0.85315 0.521666
0 0.816539 0.577291
0 0.778615 0.627502
0 0.740194 0.672394
0 0.701952 0.712224
0 0.664425 0.747355
0 0.628008 0.778206
0 0.59298 0.805217
0 0.559515 0.82882
0 0.527711 0.849424
0 0.497602 0.867406
0 0.469179 0.883103
0 0.442402 0.896817
0 0.417209 0.908811
0 0.393525 0.919314
0 0.371269 0.928525
0 0.350354 0.936617
0 0.330696 0.943737
0 0.312212 0.950012
0 0.294821 0.955553
0 0.278446 0.960452
0 0.263017 0.964791
0 0.248466 0.96864
0 0.234732 0.97206
0 0.221755 0.975102
0 0.209482 0.977812
0 0.197865 0.980229
0 0.186858 0.982387
0 0.176418 0.984315
0 0.166508 0.98604
0 0.157091 0.987584
0 0.148135 0.988967
0 0.13961 0.990207
0 0.131488 0.991318
0 0.123743 0.992314
0 0.116352 0.993208
0 0.109292 0.99401
0 0.102545 0.994728
0 0.0960907 0.995373
0 0.0899121 0.99595
0 0.0839934 0.996466
0 0.0783198 0.996928
0 0.0728773 0.997341
0 0.0676533 0.997709
0 0.0626358 0.998036
0 0.0578137 0.998327
0 0.0531768 0.998585
0 0.0487154 0.998813
0 0.0444205 0.999013
0 0.0402838 0.999188
0 0.0362972 0.999341
0 0.0324537 0.999473
0 0.0287461 0.999587
0 0.0251681 0.999683
0 0.0217136 0.999764
0 0.018377 0.999831
0 0.0151528 0.999885
0 0.0120361 0.999928
0 0.00902205 0.999959
0 0.00610627 0.999981
0 0.00328453 0.999995
0 0.000552856 1
0 -0.00209249 0.999998
0 -0.00465506 0.999989
0 -0.0071382 0.999975
0 -0.00954506 0.999954
0 -0.0118787 0.999929
0 -0.0141418 0.9999
0 -0.0163373 0.999867
0 -0.0184675 0.999829
0 -0.020535 0.999789
0 -0.022542 0.999746
0 -0.0244908 0.9997
0 -0.0263833 0.999652
0 -0.0282217 0.999602
0 -0.0300077 0.99955
0 -0.0317431 0.999496
0 -0.0334297 0.999441
0 -0.0350691 0.999385
0 -0.0366628 0.999328
0 -0.0382123 0.99927
0 -0.039719 0.999211
0 -0.0411842 0.999152
0 -0.0426094 0.999092
0 -0.0439955 0.999032
0 -0.045344 0.998971
0 -0.0466558 0.998911
0 -0.047932 0.998851
0 -0.0491737 0.99879
0 -0.0503819 0.99873
0 -0.0515575 0.99867
0 -0.0527013 0.99861
0 -0.0538143 0.998551
0 -0.0548973 0.998492
0 -0.0559511 0.998433
0 -0.0569764 0.998375
0 -0.0579739 0.998318
0 -0.0589445 0.998261
0 -0.0598886 0.998205
0 -0.0608071 0.99815
0 -0.0617004 0.998095
0 -0.0625693 0.998041
0 -0.0634142 0.997987
0 -0.0642357 0.997935
0 -0.0650343 0.997883
0 -0.0658106 0.997832
0 -0.066565 0.997782
0 -0.067298 0.997733
0 -0.06801 0.997685
0 -0.0687014 0.997637
0 -0.0693728 0.997591
0 -0.0700244 0.997545
0 -0.0706567 0.997501
0 -0.07127 0.997457
0 -0.0718646 0.997414
0 -0.072441 0.997373
0 -0.0729994 0.997332
0 -0.0735401 0.997292
0 -0.0740635 0.997254
0 -0.0745697 0.997216
0 -0.0750592 0.997179
0 -0.0755322 0.997143
0 -0.0759888 0.997109
0 -0.0764294 0.997075
0 -0.0768542 0.997042
0 -0.0772634 0.997011
0 -0.0776573 0.99698
0 -0.0780359 0.996951
0 -0.0783996 0.996922
0 -0.0787484 0.996895
0 -0.0790826 0.996868
0 -0.0794024 0.996843
0 -0.0797079 0.996818
0 -0.0799992 0.996795
0 -0.0802766 0.996773
0 -0.08054 0.996751
0 -0.0807897 0.996731
0 -0.0810258 0.996712
0 -0.0812484 0.996694
0 -0.0814576 0.996677
0 -0.0816535 0.996661
0 -0.0818362 0.996646
0 -0.0820058 0.996632
0 -0.0821624 0.996619
0 -0.082306 0.996607
0 -0.0824367 0.996596
0 -0.0825546 0.996587
0 -0.0826597 0.996578
0 -0.0827521 0.99657
0 -0.0828318 0.996564
0 -0.0828988 0.996558
0 -0.0829533 0.996553
0 -0.0829951 0.99655
0 -0.0830244 0.996548
0 -0.0830411 0.996546
0 -0.0830453 0.996546
0 -0.0830369 0.996546
0 -0.083016 0.996548
0 -0.0829826 0.996551
0 -0.0829365 0.996555
0 -0.0828779 0.99656
0 -0.0828066 0.996566
0 -0.0827227 0.996573
0 -0.0826261 0.996581
0 -0.0825167 0.99659
0 -0.0823946 0.9966
0 -0.0822596 0.996611
0 -0.0821117 0.996623
0 -0.0819508 0.996636
0 -0.0817768 0.996651
0 -0.0815897 0.996666
0 -0.0813894 0.996682
0 -0.0811757 0.9967
0 -0.0809486 0.996718
0 -0.080708 0.996738
0 -0.0804537 0.996758
0 -0.0801857 0.99678
0 -0.0799037 0.996803
0 -0.0796077 0.996826
0 -0.0792974 0.996851
0 -0.0789729 0.996877
0 -0.0786338 0.996904
0 -0.07828 0.996931
0 -0.0779114 0.99696
0 -0.0775277 0.99699
0 -0.0771288 0.997021
0 -0.0767144 0.997053
0 -0.0762843 0.997086
0 -0.0758384 0.99712
0 -0.0753763 0.997155
0 -0.0748979 0.997191
0 -0.0744029 0.997228
0 -0.0738909 0.997266
0 -0.0733618 0.997305
0 -0.0728152 0.997345
0 -0.0722509 0.997387
0 -0.0716685 0.997428
0 -0.0710676 0.997472
0 -0.070448 0.997515
0 -0.0698094 0.99756
0 -0.0691512 0.997606
0 -0.0684732 0.997653
0 -0.0677749 0.997701
0 -0.067056 0.997749
0 -0.0663159 0.997799
0 -0.0655543 0.997849
0 -0.0647706 0.9979
0 -0.0639644 0.997952
0 -0.0631352 0.998005
0 -0.0622823 0.998059
0 -0.0614054 0.998113
0 -0.0605038 0.998168
0 -0.0595768 0.998224
0 -0.0586239 0.99828
0 -0.0576445 0.998337
0 -0.0566377 0.998395
0 -0.055603 0.998453
0 -0.0545396 0.998512
0 -0.0534467 0.998571
0 -0.0523235 0.99863
0 -0.0511692 0.99869
0 -0.0499829 0.99875
0 -0.0487636 0.99881
0 -0.0475105 0.998871
0 -0.0462225 0.998931
0 -0.0448986 0.998992
0 -0.0435377 0.999052
0 -0.0421387 0.999112
0 -0.0407003 0.999171
0 -0.0392214 0.999231
0 -0.0377006 0.999289
0 -0.0361365 0.999347
0 -0.0345278 0.999404
0 -0.0328728 0.99946
0 -0.0311701 0.999514
0 -0.029418 0.999567
0 -0.0276148 0.999619
0 -0.0257586 0.999668
0 -0.0238475 0.999716
0 -0.0218796 0.999761
0 -0.0198527 0.999803
0 -0.0177645 0.999842
0 -0.0156128 0.999878
0 -0.0133951 0.99991
0 -0.0111088 0.999938
0 -0.00875106 0.999962
0 -0.00631911 0.99998
0 -0.00380986 0.999993
0 -0.00122008 0.999999
0 0.00145364 0.999999
0 0.00421491 0.999991
0 0.00706754 0.999975
0 0.0100156 0.99995
0 0.0130633 0.999915
0 0.0162153 0.999869
0 0.0194764 0.99981
0 0.0228518 0.999739
0 0.0263468 0.999653
0 0.0299672 0.999551
0 0.0337194 0.999431
0 0.0376098 0.999292
0 0.0416456 0.999132
0 0.0458342 0.998949
0 0.0501836 0.99874
0 0.0547025 0.998503
0 0.0594 0.998234
0 0.064286 0.997932
0 0.0693711 0.997591
0 0.0746666 0.997209
0 0.0801846 0.99678
0 0.0859384 0.9963
0 0.091942 0.995764
0 0.0982106 0.995166
0 0.104761 0.994497
0 0.11161 0.993752
0 0.118777 0.992921
0 0.126284 0.991994
0 0.134152 0.990961
0 0.142405 0.989808
0 0.151071 0.988523
0 0.160177 0.987088
0 0.169755 0.985486
0 0.179837 0.983696
0 0.190462 0.981695
0 0.201668 0.979454
0 0.213498 0.976943
0 0.225999 0.974127
0 0.239223 0.970965
0 0.253223 0.967408
0 0.26806 0.963402
0 0.283796 0.958885
0 0.300501 0.953781
0 0.318248 0.948007
0 0.337115 0.941464
0 0.357182 0.934035
0 0.378534 0.925587
0 0.401257 0.915966
0 0.425435 0.904989
0 0.451148 0.892449
0 0.478468 0.878105
0 0.507449 0.861681
0 0.538125 0.842865
0 0.570489 0.821305
0 0.604489 0.796613
0 0.640004 0.768371
0 0.676827 0.736142
0 0.714643 0.699489
0 0.753011 0.658008
0 0.791349 0.611364
0 0.828932 0.55935
0 0.864905 0.501935
0 0.898326 0.439329
0 0.928225 0.37202
0 0.953691 0.300786
0 0.973969 0.226679
0 0.988542 0.150948
0 0.997188 0.0749445
