1 1 
2 1 
3 1 
4 1 
5 1 
6 1 
7 1 
8 1 
9 1 
10 1 
11 1 
12 1 
13 1 
14 1 
15 1 
17 3 
18 3 
19 3 
20 3 
21 3 
28 3 
29 3 
30 3 
31 3 
32 3 
33 3 
34 3 
35 3 
36 3 
37 3 
38 3 
44 3 
45 3 
46 3 
47 3 
48 3 
55 3 
56 3 
57 3 
58 3 
59 3 
60 3 
61 3 
62 3 
63 3 
64 3 
65 3 
71 3 
72 3 
73 3 
74 3 
75 3 
82 3 
83 3 
84 3 
85 3 
86 3 
87 3 
88 3 
89 3 
90 3 
91 3 
92 3 
98 3 
99 3 
100 3 
101 3 
102 3 
109 3 
110 3 
111 3 
112 3 
113 3 
114 3 
115 3 
116 3 
117 3 
118 3 
119 3 
125 3 
126 3 
127 3 
128 3 
129 3 
133 2 
134 2 
135 2 
136 2 
137 3 
138 3 
139 3 
140 2 
141 2 
142 2 
143 2 
144 2 
145 2 
146 2 
148 2 
156 3 
157 3 
173 3 
174 3 
175 3 
176 3 
185 3 
186 3 
187 3 
198 3 
199 3 
215 3 
216 3 
217 3 
218 3 
227 3 
228 3 
229 3 
240 3 
241 3 
257 3 
258 3 
259 3 
260 3 
269 3 
270 3 
271 3 
282 3 
283 3 
299 3 
300 3 
301 3 
302 3 
311 3 
312 3 
313 3 
324 3 
325 3 
336 1 
337 1 
341 3 
342 3 
343 1 
344 1 
345 1 
346 1 
347 1 
348 1 
349 1 
350 1 
351 1 
352 1 
353 1 
354 1 
355 1 
356 1 
357 1 
358 1 
359 1 
360 1 
361 1 
362 1 
480 2 
481 2 
482 2 
483 2 
487 2 
488 2 
489 2 
490 2 
491 2 
492 2 
493 2 
495 2 
683 1 
684 1 
690 1 
691 1 
692 1 
693 1 
694 1 
695 1 
696 1 
697 1 
698 1 
699 1 
700 1 
701 1 
702 1 
703 1 
704 1 
705 1 
706 1 
707 1 
708 1 
709 1 
827 2 
828 2 
829 2 
830 2 
834 2 
835 2 
836 2 
837 2 
838 2 
839 2 
840 2 
842 2 
1030 1 
1031 1 
1037 1 
1038 1 
1039 1 
1040 1 
1041 1 
1042 1 
1043 1 
1044 1 
1045 1 
1046 1 
1047 1 
1048 1 
1049 1 
1050 1 
1051 1 
1052 1 
1053 1 
1054 1 
1055 1 
1056 1 
1174 2 
1175 2 
1176 2 
1177 2 
1181 2 
1182 2 
1183 2 
1184 2 
1185 2 
1186 2 
1187 2 
1189 2 
1377 1 
1378 1 
1384 1 
1385 1 
1386 1 
1387 1 
1388 1 
1389 1 
1390 1 
1391 1 
1392 1 
1393 1 
1394 1 
1395 1 
1396 1 
1397 1 
1398 1 
1399 1 
1400 1 
1401 1 
1402 1 
1403 1 
1521 2 
1522 2 
1523 2 
1524 2 
1528 2 
1529 2 
1530 2 
1531 2 
1532 2 
1533 2 
1534 2 
1536 2 
1724 1 
1725 1 
1731 1 
1732 1 
1733 1 
1734 1 
1735 1 
1736 1 
1737 1 
1738 1 
1739 1 
1740 1 
1741 1 
1742 1 
1743 1 
1744 1 
1745 1 
1746 1 
1747 1 
1748 1 
1749 1 
1750 1 
1868 2 
1869 2 
1870 2 
1871 2 
1875 2 
1876 2 
1877 2 
1878 2 
1879 2 
1880 2 
1881 2 
1883 2 
2071 1 
2072 1 
2078 1 
2079 1 
2080 1 
2081 1 
2082 1 
2083 1 
2084 1 
2085 1 
2086 1 
2087 1 
2088 1 
2089 1 
2090 1 
2091 1 
2092 1 
2093 1 
2094 1 
2095 1 
2096 1 
2097 1 
2215 2 
2216 2 
2217 2 
2218 2 
2222 2 
2223 2 
2224 2 
2225 2 
2226 2 
2227 2 
2228 2 
2230 2 
2418 1 
2419 1 
2425 1 
2426 1 
2427 1 
2428 1 
2429 1 
2430 1 
2431 1 
2432 1 
2433 1 
2434 1 
2435 1 
2436 1 
2437 1 
2438 1 
2439 1 
2440 1 
2441 1 
2442 1 
2443 1 
2444 1 
2562 2 
2563 2 
2564 2 
2565 2 
2569 2 
2570 2 
2571 2 
2572 2 
2573 2 
2574 2 
2575 2 
2577 2 
2765 1 
2766 1 
2772 1 
2773 1 
2774 1 
2775 1 
2776 1 
2777 1 
2778 1 
2779 1 
2780 1 
2781 1 
2782 1 
2783 1 
2784 1 
2785 1 
2786 1 
2787 1 
2788 1 
2789 1 
2790 1 
2791 1 
2909 2 
2910 2 
2911 2 
2912 2 
2916 2 
2917 2 
2918 2 
2919 2 
2920 2 
2921 2 
2922 2 
2924 2 
2937 4 
2938 4 
2939 4 
2940 4 
2941 4 
2942 4 
2943 4 
2944 4 
2945 4 
2956 4 
2979 4 
2980 4 
2981 4 
2982 4 
2983 4 
2984 4 
2985 4 
2986 4 
2987 4 
2998 4 
3021 4 
3022 4 
3023 4 
3024 4 
3025 4 
3026 4 
3027 4 
3028 4 
3029 4 
3040 4 
3063 4 
3064 4 
3065 4 
3066 4 
3067 4 
3068 4 
3069 4 
3070 4 
3071 4 
3082 4 
3105 4 
3106 4 
3107 4 
3108 4 
3109 4 
3110 4 
3111 4 
3112 1 
3113 1 
3119 1 
3120 1 
3121 1 
3122 1 
3123 1 
3124 1 
3125 1 
3126 1 
3127 1 
3128 1 
3129 1 
3130 1 
3131 1 
3132 1 
3133 1 
3134 1 
3135 1 
3136 1 
3137 1 
3138 1 
3139 4 
3140 4 
3145 4 
3146 4 
3147 4 
3148 4 
3149 4 
3150 4 
3151 4 
3152 4 
3160 4 
3161 4 
3162 4 
3163 4 
3164 4 
3165 4 
3166 4 
3167 4 
3172 4 
3173 4 
3174 4 
3175 4 
3176 4 
3177 4 
3178 4 
3179 4 
3187 4 
3188 4 
3189 4 
3190 4 
3191 4 
3192 4 
3193 4 
3194 4 
3199 4 
3200 4 
3201 4 
3202 4 
3203 4 
3204 4 
3205 4 
3206 4 
3214 4 
3215 4 
3216 4 
3217 4 
3218 4 
3219 4 
3220 4 
3221 4 
3226 4 
3227 4 
3228 4 
3229 4 
3230 4 
3231 4 
3232 4 
3233 4 
3241 4 
3242 4 
3243 4 
3244 4 
3245 4 
3246 4 
3247 4 
3248 4 
3253 4 
3254 4 
3255 4 
3256 2 
3257 2 
3258 2 
3259 2 
3260 4 
3263 2 
3264 2 
3265 2 
3266 2 
3267 2 
3268 2 
3269 2 
3270 4 
3271 4 
3272 4 
3273 4 
3274 4 
3275 4 
3276 4 
3277 4 
3278 4 
3279 4 
3280 4 
3281 4 
3282 4 
3283 4 
3284 4 
3285 4 
3286 4 
3287 4 
3288 4 
3289 4 
3290 4 
3291 4 
3292 4 
3293 4 
3294 4 
3295 4 
3296 4 
3297 4 
3298 4 
3299 4 
3300 4 
3301 4 
3302 4 
3303 4 
3304 4 
3305 4 
3306 4 
3307 4 
3308 4 
3309 4 
3310 4 
3311 4 
3312 4 
3313 4 
3314 4 
3315 4 
3316 4 
3317 4 
3318 4 
3319 4 
3320 4 
3321 4 
3322 4 
3323 4 
3324 4 
3325 4 
3326 4 
3327 4 
3328 4 
3329 4 
3330 4 
3331 4 
3332 4 
3333 4 
3334 4 
3335 4 
3336 4 
3337 4 
3338 4 
3339 4 
3340 4 
3341 4 
3342 4 
3343 4 
3344 4 
3345 4 
3346 4 
3347 4 
3348 4 
3349 4 
3350 4 
3351 4 
3352 4 
3353 4 
3354 4 
3355 4 
3356 4 
3357 4 
3358 4 
3359 4 
3360 4 
3361 4 
3362 4 
3363 4 
3364 4 
3365 4 
3366 1 
3367 1 
3368 1 
3369 1 
3370 1 
3371 1 
3372 1 
