1

1637
-56.407170 -25.108480 -4.439775
-56.708970 -23.524230 -3.394834
-56.124770 -22.081536 -2.226675
-52.718470 -21.592746 -1.086685
-50.909970 -23.340720 -3.324705
-50.917170 -24.714840 -4.128965
-50.927470 -26.382350 -4.513755
-54.671670 -24.624960 -1.286914
-53.571570 -23.847060 -3.854255
-55.000770 -21.138656 -5.828556
-56.970070 -19.400060 -4.757905
-56.803270 -17.971540 -3.146045
-55.868970 -17.406670 -1.464755
-53.011570 -16.962720 0.088976
-49.913370 -16.828980 -0.615324
-48.566770 -17.713450 -1.405555
-47.737070 -19.219260 -2.316695
-48.513270 -21.715076 -2.538435
-47.678870 -24.937800 -1.166855
-44.448540 -24.677880 -0.949365
-43.584570 -21.816598 -2.010425
-45.103050 -17.924960 -0.964265
-42.888030 -16.108060 0.025715
-40.432570 -15.629390 1.063085
-37.314330 -15.456130 -0.840425
-37.207080 -16.400180 -3.703155
-38.141440 -17.969110 -4.506995
-39.013800 -19.400460 -4.719415
-41.005920 -21.612261 -4.100684
-42.080110 -23.766830 -1.805105
-41.364500 -24.732460 -0.127565
-39.712660 -25.166780 0.977495
-37.152150 -25.033640 1.022136
-34.172430 -24.454080 0.206256
-32.161500 -24.624955 -1.292355
-31.061570 -23.847060 -3.854255
-32.490770 -21.138656 -5.828556
-34.460070 -19.400060 -4.757905
-34.293270 -17.971540 -3.146045
-33.358970 -17.406670 -1.464755
-30.501570 -16.962720 0.088976
-27.403370 -16.828980 -0.615324
-26.056770 -17.713450 -1.405555
-25.227070 -19.219260 -2.316695
-26.003270 -21.715076 -2.538435
-25.168870 -24.937800 -1.166855
-21.938540 -24.677880 -0.949365
-21.074570 -21.816598 -2.010425
-22.593050 -17.924960 -0.964265
-20.378030 -16.108060 0.025715
-17.922570 -15.629390 1.063085
-14.804330 -15.456130 -0.840425
-14.697080 -16.400180 -3.703155
-15.631440 -17.969110 -4.506995
-16.503800 -19.400460 -4.719415
-18.495920 -21.612261 -4.100684
-19.570110 -23.766830 -1.805105
-18.854500 -24.732460 -0.127565
-17.202660 -25.166780 0.977495
-14.642150 -25.033640 1.022136
-11.662430 -24.454080 0.206256
-9.651500 -24.624955 -1.292355
-8.551570 -23.847060 -3.854255
-9.980770 -21.138656 -5.828556
-11.950070 -19.400060 -4.757905
-11.783270 -17.971540 -3.146045
-10.848970 -17.406670 -1.464755
-7.991570 -16.962720 0.088976
-4.893370 -16.828980 -0.615324
-3.546770 -17.713450 -1.405555
-2.717070 -19.219260 -2.316695
-3.493270 -21.715076 -2.538435
-2.658870 -24.937800 -1.166855
0.571460 -24.677880 -0.949365
1.435430 -21.816598 -2.010425
-0.083050 -17.924960 -0.964265
2.131970 -16.108060 0.025715
4.587430 -15.629390 1.063085
7.705670 -15.456130 -0.840425
7.812920 -16.400180 -3.703155
6.878560 -17.969110 -4.506995
6.006200 -19.400460 -4.719415
4.014080 -21.612261 -4.100684
2.939890 -23.766830 -1.805105
3.655500 -24.732460 -0.127565
5.307340 -25.166780 0.977495
7.867850 -25.033640 1.022136
10.847570 -24.454080 0.206256
12.858500 -24.624955 -1.292355
13.958430 -23.847060 -3.854255
12.529230 -21.138656 -5.828556
10.559930 -19.400060 -4.757905
10.726730 -17.971540 -3.146045
11.661030 -17.406670 -1.464755
14.518430 -16.962720 0.088976
17.616630 -16.828980 -0.615324
18.963230 -17.713450 -1.405555
19.792930 -19.219260 -2.316695
19.016730 -21.715076 -2.538435
19.851130 -24.937800 -1.166855
23.081460 -24.677880 -0.949365
23.945430 -21.816598 -2.010425
22.426950 -17.924960 -0.964265
24.641970 -16.108060 0.025715
27.097430 -15.629390 1.063085
30.215670 -15.456130 -0.840425
30.322920 -16.400180 -3.703155
29.388560 -17.969110 -4.506995
28.516200 -19.400460 -4.719415
26.524080 -21.612261 -4.100684
25.449890 -23.766830 -1.805105
26.165500 -24.732460 -0.127565
27.817340 -25.166780 0.977495
30.377850 -25.033640 1.022136
33.357570 -24.454080 0.206256
35.368500 -24.624955 -1.292355
36.468430 -23.847060 -3.854255
35.039230 -21.138656 -5.828556
33.069930 -19.400060 -4.757905
33.236730 -17.971540 -3.146045
34.171030 -17.406670 -1.464755
37.028430 -16.962720 0.088976
40.126630 -16.828980 -0.615324
41.473230 -17.713450 -1.405555
42.302930 -19.219260 -2.316695
41.526730 -21.715076 -2.538435
42.361130 -24.937800 -1.166855
45.591460 -24.677880 -0.949365
46.455430 -21.816598 -2.010425
44.936950 -17.924960 -0.964265
47.151970 -16.108060 0.025715
49.607430 -15.629390 1.063085
52.725670 -15.456130 -0.840425
52.832920 -16.400180 -3.703155
51.898560 -17.969110 -4.506995
51.026200 -19.400460 -4.719415
49.034080 -21.612261 -4.100684
47.959890 -23.766830 -1.805105
48.675500 -24.732460 -0.127565
50.327340 -25.166780 0.977495
52.887850 -25.033640 1.022136
55.867570 -24.454080 0.206256
57.878670 -24.624950 -1.297795
54.665013 -19.929790 -0.961545
52.337040 -19.349770 -0.934934
50.117210 -16.800010 -2.190075
49.845090 -13.885170 -2.217745
50.474950 -12.516723 -0.579995
49.193320 -11.850153 0.728216
45.999380 -12.124073 1.844326
43.693330 -11.787399 -0.838105
44.183930 -12.374188 -2.853515
44.860620 -13.617650 -4.134584
46.452600 -15.761450 -4.319805
48.134020 -18.170920 -2.856205
48.409530 -19.112140 0.360575
46.507960 -19.007750 3.007916
46.407530 -16.820560 5.742355
47.513360 -14.229840 5.828555
48.292830 -12.705259 5.527756
49.426000 -10.251440 4.880856
49.658350 -8.650450 4.314655
49.327690 -7.121800 3.672036
48.114370 -5.676100 3.089355
45.001220 -4.914090 2.522216
41.968630 -5.758040 2.361535
40.600830 -6.879660 3.127025
40.019130 -8.259890 3.946035
39.995930 -9.850210 4.727556
41.016230 -12.392796 5.353655
41.772630 -13.968520 5.517355
42.732030 -16.474900 5.774955
43.293330 -19.091050 3.475885
41.338630 -20.061050 1.245615
38.866630 -20.060400 -0.522195
38.484130 -18.833410 -3.755185
39.112530 -16.382350 -4.513755
39.122830 -14.714840 -4.128965
39.130030 -13.340720 -3.324705
37.321530 -11.592746 -1.086685
33.915230 -12.081536 -2.226675
33.331030 -13.524230 -3.394834
33.632830 -15.108480 -4.439775
35.989830 -17.135550 -4.583175
34.853530 -19.845560 -1.863885
32.158171 -19.904055 -0.975445
29.827040 -19.349770 -0.934934
27.607210 -16.800010 -2.190075
27.335090 -13.885170 -2.217745
27.964950 -12.516723 -0.579995
26.683320 -11.850153 0.728216
23.489380 -12.124073 1.844326
21.183330 -11.787399 -0.838105
21.673930 -12.374188 -2.853515
22.350620 -13.617650 -4.134584
23.942600 -15.761450 -4.319805
25.624020 -18.170920 -2.856205
25.899530 -19.112140 0.360575
23.997960 -19.007750 3.007916
23.897530 -16.820560 5.742355
25.003360 -14.229840 5.828555
25.782830 -12.705259 5.527756
26.916000 -10.251440 4.880856
27.148350 -8.650450 4.314655
26.817690 -7.121800 3.672036
25.604370 -5.676100 3.089355
22.491220 -4.914090 2.522216
19.458630 -5.758040 2.361535
18.090830 -6.879660 3.127025
17.509130 -8.259890 3.946035
17.485930 -9.850210 4.727556
18.506230 -12.392796 5.353655
19.262630 -13.968520 5.517355
20.222030 -16.474900 5.774955
20.783330 -19.091050 3.475885
18.828630 -20.061050 1.245615
16.356630 -20.060400 -0.522195
15.974130 -18.833410 -3.755185
16.602530 -16.382350 -4.513755
16.612830 -14.714840 -4.128965
16.620030 -13.340720 -3.324705
14.811530 -11.592746 -1.086685
11.405230 -12.081536 -2.226675
10.821030 -13.524230 -3.394834
11.122830 -15.108480 -4.439775
13.479830 -17.135550 -4.583175
12.343530 -19.845560 -1.863885
9.648171 -19.904055 -0.975445
7.317040 -19.349770 -0.934934
5.097210 -16.800010 -2.190075
4.825090 -13.885170 -2.217745
5.454950 -12.516723 -0.579995
4.173320 -11.850153 0.728216
0.979380 -12.124073 1.844326
-1.326670 -11.787399 -0.838105
-0.836070 -12.374188 -2.853515
-0.159380 -13.617650 -4.134584
1.432600 -15.761450 -4.319805
3.114020 -18.170920 -2.856205
3.389530 -19.112140 0.360575
1.487960 -19.007750 3.007916
1.387530 -16.820560 5.742355
2.493360 -14.229840 5.828555
3.272830 -12.705259 5.527756
4.406000 -10.251440 4.880856
4.638350 -8.650450 4.314655
4.307690 -7.121800 3.672036
3.094370 -5.676100 3.089355
-0.018780 -4.914090 2.522216
-3.051370 -5.758040 2.361535
-4.419170 -6.879660 3.127025
-5.000870 -8.259890 3.946035
-5.024070 -9.850210 4.727556
-4.003770 -12.392796 5.353655
-3.247370 -13.968520 5.517355
-2.287970 -16.474900 5.774955
-1.726670 -19.091050 3.475885
-3.681370 -20.061050 1.245615
-6.153370 -20.060400 -0.522195
-6.535870 -18.833410 -3.755185
-5.907470 -16.382350 -4.513755
-5.897170 -14.714840 -4.128965
-5.889970 -13.340720 -3.324705
-7.698470 -11.592746 -1.086685
-11.104770 -12.081536 -2.226675
-11.688970 -13.524230 -3.394834
-11.387170 -15.108480 -4.439775
-9.030170 -17.135550 -4.583175
-10.166470 -19.845560 -1.863885
-12.861829 -19.904055 -0.975445
-15.192960 -19.349770 -0.934934
-17.412790 -16.800010 -2.190075
-17.684910 -13.885170 -2.217745
-17.055050 -12.516723 -0.579995
-18.336680 -11.850153 0.728216
-21.530620 -12.124073 1.844326
-23.836670 -11.787399 -0.838105
-23.346070 -12.374188 -2.853515
-22.669380 -13.617650 -4.134584
-21.077400 -15.761450 -4.319805
-19.395980 -18.170920 -2.856205
-19.120470 -19.112140 0.360575
-21.022040 -19.007750 3.007916
-21.122470 -16.820560 5.742355
-20.016640 -14.229840 5.828555
-19.237170 -12.705259 5.527756
-18.104000 -10.251440 4.880856
-17.871650 -8.650450 4.314655
-18.202310 -7.121800 3.672036
-19.415630 -5.676100 3.089355
-22.528780 -4.914090 2.522216
-25.561370 -5.758040 2.361535
-26.929170 -6.879660 3.127025
-27.510870 -8.259890 3.946035
-27.534070 -9.850210 4.727556
-26.513770 -12.392796 5.353655
-25.757370 -13.968520 5.517355
-24.797970 -16.474900 5.774955
-24.236670 -19.091050 3.475885
-26.191370 -20.061050 1.245615
-28.663370 -20.060400 -0.522195
-29.045870 -18.833410 -3.755185
-28.417470 -16.382350 -4.513755
-28.407170 -14.714840 -4.128965
-28.399970 -13.340720 -3.324705
-30.208470 -11.592746 -1.086685
-33.614770 -12.081536 -2.226675
-34.198970 -13.524230 -3.394834
-33.897170 -15.108480 -4.439775
-31.540170 -17.135550 -4.583175
-32.676470 -19.845560 -1.863885
-35.371829 -19.904055 -0.975445
-37.702960 -19.349770 -0.934934
-39.922790 -16.800010 -2.190075
-40.194910 -13.885170 -2.217745
-39.565050 -12.516723 -0.579995
-40.846680 -11.850153 0.728216
-44.040620 -12.124073 1.844326
-46.346670 -11.787399 -0.838105
-45.856070 -12.374188 -2.853515
-45.179380 -13.617650 -4.134584
-43.587400 -15.761450 -4.319805
-41.905980 -18.170920 -2.856205
-41.630470 -19.112140 0.360575
-43.532040 -19.007750 3.007916
-43.632470 -16.820560 5.742355
-42.526640 -14.229840 5.828555
-41.747170 -12.705259 5.527756
-40.614000 -10.251440 4.880856
-40.381650 -8.650450 4.314655
-40.712310 -7.121800 3.672036
-41.925630 -5.676100 3.089355
-45.038780 -4.914090 2.522216
-48.071370 -5.758040 2.361535
-49.439170 -6.879660 3.127025
-50.020870 -8.259890 3.946035
-50.044070 -9.850210 4.727556
-49.023770 -12.392796 5.353655
-48.267370 -13.968520 5.517355
-47.307970 -16.474900 5.774955
-46.746670 -19.091050 3.475885
-48.701370 -20.061050 1.245615
-51.173370 -20.060400 -0.522195
-51.555870 -18.833410 -3.755185
-50.927470 -16.382350 -4.513755
-50.917170 -14.714840 -4.128965
-50.909970 -13.340720 -3.324705
-52.718470 -11.592746 -1.086685
-56.124770 -12.081536 -2.226675
-56.708970 -13.524230 -3.394834
-56.407170 -15.108480 -4.439775
-54.050170 -17.135550 -4.583175
-55.186470 -19.845560 -1.863885
-57.878670 -19.878320 -0.989345
-54.671670 -14.624960 -1.286914
-53.571570 -13.847060 -3.854255
-55.000770 -11.138656 -5.828556
-56.970070 -9.400060 -4.757905
-56.803270 -7.971540 -3.146045
-55.868970 -7.406670 -1.464755
-53.011570 -6.962720 0.088976
-49.913370 -6.828980 -0.615324
-48.566770 -7.713450 -1.405555
-47.737070 -9.219260 -2.316695
-48.513270 -11.715076 -2.538435
-47.678870 -14.937800 -1.166855
-44.448540 -14.677880 -0.949365
-43.584570 -11.816598 -2.010425
-45.103050 -7.924960 -0.964265
-42.888030 -6.108060 0.025715
-40.432570 -5.629390 1.063085
-37.314330 -5.456130 -0.840425
-37.207080 -6.400180 -3.703155
-38.141440 -7.969110 -4.506995
-39.013800 -9.400460 -4.719415
-41.005920 -11.612261 -4.100684
-42.080110 -13.766830 -1.805105
-41.364500 -14.732460 -0.127565
-39.712660 -15.166780 0.977495
-37.152150 -15.033640 1.022136
-34.172430 -14.454080 0.206256
-32.161500 -14.624955 -1.292355
-31.061570 -13.847060 -3.854255
-32.490770 -11.138656 -5.828556
-34.460070 -9.400060 -4.757905
-34.293270 -7.971540 -3.146045
-33.358970 -7.406670 -1.464755
-30.501570 -6.962720 0.088976
-27.403370 -6.828980 -0.615324
-26.056770 -7.713450 -1.405555
-25.227070 -9.219260 -2.316695
-26.003270 -11.715076 -2.538435
-25.168870 -14.937800 -1.166855
-21.938540 -14.677880 -0.949365
-21.074570 -11.816598 -2.010425
-22.593050 -7.924960 -0.964265
-20.378030 -6.108060 0.025715
-17.922570 -5.629390 1.063085
-14.804330 -5.456130 -0.840425
-14.697080 -6.400180 -3.703155
-15.631440 -7.969110 -4.506995
-16.503800 -9.400460 -4.719415
-18.495920 -11.612261 -4.100684
-19.570110 -13.766830 -1.805105
-18.854500 -14.732460 -0.127565
-17.202660 -15.166780 0.977495
-14.642150 -15.033640 1.022136
-11.662430 -14.454080 0.206256
-9.651500 -14.624955 -1.292355
-8.551570 -13.847060 -3.854255
-9.980770 -11.138656 -5.828556
-11.950070 -9.400060 -4.757905
-11.783270 -7.971540 -3.146045
-10.848970 -7.406670 -1.464755
-7.991570 -6.962720 0.088976
-4.893370 -6.828980 -0.615324
-3.546770 -7.713450 -1.405555
-2.717070 -9.219260 -2.316695
-3.493270 -11.715076 -2.538435
-2.658870 -14.937800 -1.166855
0.571460 -14.677880 -0.949365
1.435430 -11.816598 -2.010425
-0.083050 -7.924960 -0.964265
2.131970 -6.108060 0.025715
4.587430 -5.629390 1.063085
7.705670 -5.456130 -0.840425
7.812920 -6.400180 -3.703155
6.878560 -7.969110 -4.506995
6.006200 -9.400460 -4.719415
4.014080 -11.612261 -4.100684
2.939890 -13.766830 -1.805105
3.655500 -14.732460 -0.127565
5.307340 -15.166780 0.977495
7.867850 -15.033640 1.022136
10.847570 -14.454080 0.206256
12.858500 -14.624955 -1.292355
13.958430 -13.847060 -3.854255
12.529230 -11.138656 -5.828556
10.559930 -9.400060 -4.757905
10.726730 -7.971540 -3.146045
11.661030 -7.406670 -1.464755
14.518430 -6.962720 0.088976
17.616630 -6.828980 -0.615324
18.963230 -7.713450 -1.405555
19.792930 -9.219260 -2.316695
19.016730 -11.715076 -2.538435
19.851130 -14.937800 -1.166855
23.081460 -14.677880 -0.949365
23.945430 -11.816598 -2.010425
22.426950 -7.924960 -0.964265
24.641970 -6.108060 0.025715
27.097430 -5.629390 1.063085
30.215670 -5.456130 -0.840425
30.322920 -6.400180 -3.703155
29.388560 -7.969110 -4.506995
28.516200 -9.400460 -4.719415
26.524080 -11.612261 -4.100684
25.449890 -13.766830 -1.805105
26.165500 -14.732460 -0.127565
27.817340 -15.166780 0.977495
30.377850 -15.033640 1.022136
33.357570 -14.454080 0.206256
35.368500 -14.624955 -1.292355
36.468430 -13.847060 -3.854255
35.039230 -11.138656 -5.828556
33.069930 -9.400060 -4.757905
33.236730 -7.971540 -3.146045
34.171030 -7.406670 -1.464755
37.028430 -6.962720 0.088976
40.126630 -6.828980 -0.615324
41.473230 -7.713450 -1.405555
42.302930 -9.219260 -2.316695
41.526730 -11.715076 -2.538435
42.361130 -14.937800 -1.166855
45.591460 -14.677880 -0.949365
46.455430 -11.816598 -2.010425
44.936950 -7.924960 -0.964265
47.151970 -6.108060 0.025715
49.607430 -5.629390 1.063085
52.725670 -5.456130 -0.840425
52.832920 -6.400180 -3.703155
51.898560 -7.969110 -4.506995
51.026200 -9.400460 -4.719415
49.034080 -11.612261 -4.100684
47.959890 -13.766830 -1.805105
48.675500 -14.732460 -0.127565
50.327340 -15.166780 0.977495
52.887850 -15.033640 1.022136
55.867570 -14.454080 0.206256
57.878670 -14.624950 -1.297795
54.665013 -9.929790 -0.961545
52.337040 -9.349770 -0.934934
50.117210 -6.800010 -2.190075
49.845090 -3.885170 -2.217745
50.474950 -2.516723 -0.579995
49.193320 -1.850153 0.728216
45.999380 -2.124073 1.844326
43.693330 -1.787399 -0.838105
44.183930 -2.374188 -2.853515
44.860620 -3.617650 -4.134584
46.452600 -5.761450 -4.319805
48.134020 -8.170920 -2.856205
48.409530 -9.112140 0.360575
46.507960 -9.007750 3.007916
46.407530 -6.820560 5.742355
47.513360 -4.229840 5.828555
48.292830 -2.705259 5.527756
49.426000 -0.251440 4.880856
49.658350 1.349550 4.314655
49.327690 2.878200 3.672036
48.114370 4.323900 3.089355
45.001220 5.085910 2.522216
41.968630 4.241960 2.361535
40.600830 3.120340 3.127025
40.019130 1.740110 3.946035
39.995930 0.149790 4.727556
41.016230 -2.392796 5.353655
41.772630 -3.968520 5.517355
42.732030 -6.474900 5.774955
43.293330 -9.091050 3.475885
41.338630 -10.061050 1.245615
38.866630 -10.060400 -0.522195
38.484130 -8.833410 -3.755185
39.112530 -6.382350 -4.513755
39.122830 -4.714840 -4.128965
39.130030 -3.340720 -3.324705
37.321530 -1.592746 -1.086685
33.915230 -2.081536 -2.226675
33.331030 -3.524230 -3.394834
33.632830 -5.108480 -4.439775
35.989830 -7.135550 -4.583175
34.853530 -9.845560 -1.863885
32.158171 -9.904055 -0.975445
29.827040 -9.349770 -0.934934
27.607210 -6.800010 -2.190075
27.335090 -3.885170 -2.217745
27.964950 -2.516723 -0.579995
26.683320 -1.850153 0.728216
23.489380 -2.124073 1.844326
21.183330 -1.787399 -0.838105
21.673930 -2.374188 -2.853515
22.350620 -3.617650 -4.134584
23.942600 -5.761450 -4.319805
25.624020 -8.170920 -2.856205
25.899530 -9.112140 0.360575
23.997960 -9.007750 3.007916
23.897530 -6.820560 5.742355
25.003360 -4.229840 5.828555
25.782830 -2.705259 5.527756
26.916000 -0.251440 4.880856
27.148350 1.349550 4.314655
26.817690 2.878200 3.672036
25.604370 4.323900 3.089355
22.491220 5.085910 2.522216
19.458630 4.241960 2.361535
18.090830 3.120340 3.127025
17.509130 1.740110 3.946035
17.485930 0.149790 4.727556
18.506230 -2.392796 5.353655
19.262630 -3.968520 5.517355
20.222030 -6.474900 5.774955
20.783330 -9.091050 3.475885
18.828630 -10.061050 1.245615
16.356630 -10.060400 -0.522195
15.974130 -8.833410 -3.755185
16.602530 -6.382350 -4.513755
16.612830 -4.714840 -4.128965
16.620030 -3.340720 -3.324705
14.811530 -1.592746 -1.086685
11.405230 -2.081536 -2.226675
10.821030 -3.524230 -3.394834
11.122830 -5.108480 -4.439775
13.479830 -7.135550 -4.583175
12.343530 -9.845560 -1.863885
9.648171 -9.904055 -0.975445
7.317040 -9.349770 -0.934934
5.097210 -6.800010 -2.190075
4.825090 -3.885170 -2.217745
5.454950 -2.516723 -0.579995
4.173320 -1.850153 0.728216
0.979380 -2.124073 1.844326
-1.326670 -1.787399 -0.838105
-0.836070 -2.374188 -2.853515
-0.159380 -3.617650 -4.134584
1.432600 -5.761450 -4.319805
3.114020 -8.170920 -2.856205
3.389530 -9.112140 0.360575
1.487960 -9.007750 3.007916
1.387530 -6.820560 5.742355
2.493360 -4.229840 5.828555
3.272830 -2.705259 5.527756
4.406000 -0.251440 4.880856
4.638350 1.349550 4.314655
4.307690 2.878200 3.672036
3.094370 4.323900 3.089355
-0.018780 5.085910 2.522216
-3.051370 4.241960 2.361535
-4.419170 3.120340 3.127025
-5.000870 1.740110 3.946035
-5.024070 0.149790 4.727556
-4.003770 -2.392796 5.353655
-3.247370 -3.968520 5.517355
-2.287970 -6.474900 5.774955
-1.726670 -9.091050 3.475885
-3.681370 -10.061050 1.245615
-6.153370 -10.060400 -0.522195
-6.535870 -8.833410 -3.755185
-5.907470 -6.382350 -4.513755
-5.897170 -4.714840 -4.128965
-5.889970 -3.340720 -3.324705
-7.698470 -1.592746 -1.086685
-11.104770 -2.081536 -2.226675
-11.688970 -3.524230 -3.394834
-11.387170 -5.108480 -4.439775
-9.030170 -7.135550 -4.583175
-10.166470 -9.845560 -1.863885
-12.861829 -9.904055 -0.975445
-15.192960 -9.349770 -0.934934
-17.412790 -6.800010 -2.190075
-17.684910 -3.885170 -2.217745
-17.055050 -2.516723 -0.579995
-18.336680 -1.850153 0.728216
-21.530620 -2.124073 1.844326
-23.836670 -1.787399 -0.838105
-23.346070 -2.374188 -2.853515
-22.669380 -3.617650 -4.134584
-21.077400 -5.761450 -4.319805
-19.395980 -8.170920 -2.856205
-19.120470 -9.112140 0.360575
-21.022040 -9.007750 3.007916
-21.122470 -6.820560 5.742355
-20.016640 -4.229840 5.828555
-19.237170 -2.705259 5.527756
-18.104000 -0.251440 4.880856
-17.871650 1.349550 4.314655
-18.202310 2.878200 3.672036
-19.415630 4.323900 3.089355
-22.528780 5.085910 2.522216
-25.561370 4.241960 2.361535
-26.929170 3.120340 3.127025
-27.510870 1.740110 3.946035
-27.534070 0.149790 4.727556
-26.513770 -2.392796 5.353655
-25.757370 -3.968520 5.517355
-24.797970 -6.474900 5.774955
-24.236670 -9.091050 3.475885
-26.191370 -10.061050 1.245615
-28.663370 -10.060400 -0.522195
-29.045870 -8.833410 -3.755185
-28.417470 -6.382350 -4.513755
-28.407170 -4.714840 -4.128965
-28.399970 -3.340720 -3.324705
-30.208470 -1.592746 -1.086685
-33.614770 -2.081536 -2.226675
-34.198970 -3.524230 -3.394834
-33.897170 -5.108480 -4.439775
-31.540170 -7.135550 -4.583175
-32.676470 -9.845560 -1.863885
-35.371829 -9.904055 -0.975445
-37.702960 -9.349770 -0.934934
-39.922790 -6.800010 -2.190075
-40.194910 -3.885170 -2.217745
-39.565050 -2.516723 -0.579995
-40.846680 -1.850153 0.728216
-44.040620 -2.124073 1.844326
-46.346670 -1.787399 -0.838105
-45.856070 -2.374188 -2.853515
-45.179380 -3.617650 -4.134584
-43.587400 -5.761450 -4.319805
-41.905980 -8.170920 -2.856205
-41.630470 -9.112140 0.360575
-43.532040 -9.007750 3.007916
-43.632470 -6.820560 5.742355
-42.526640 -4.229840 5.828555
-41.747170 -2.705259 5.527756
-40.614000 -0.251440 4.880856
-40.381650 1.349550 4.314655
-40.712310 2.878200 3.672036
-41.925630 4.323900 3.089355
-45.038780 5.085910 2.522216
-48.071370 4.241960 2.361535
-49.439170 3.120340 3.127025
-50.020870 1.740110 3.946035
-50.044070 0.149790 4.727556
-49.023770 -2.392796 5.353655
-48.267370 -3.968520 5.517355
-47.307970 -6.474900 5.774955
-46.746670 -9.091050 3.475885
-48.701370 -10.061050 1.245615
-51.173370 -10.060400 -0.522195
-51.555870 -8.833410 -3.755185
-50.927470 -6.382350 -4.513755
-50.917170 -4.714840 -4.128965
-50.909970 -3.340720 -3.324705
-52.718470 -1.592746 -1.086685
-56.124770 -2.081536 -2.226675
-56.708970 -3.524230 -3.394834
-56.407170 -5.108480 -4.439775
-54.050170 -7.135550 -4.583175
-55.186470 -9.845560 -1.863885
-57.878670 -9.878320 -0.989345
-54.671670 -4.624960 -1.286914
-53.571570 -3.847060 -3.854255
-55.000770 -1.138656 -5.828556
-56.970070 0.599940 -4.757905
-56.803270 2.028460 -3.146045
-55.868970 2.593330 -1.464755
-53.011570 3.037280 0.088976
-49.913370 3.171020 -0.615324
-48.566770 2.286550 -1.405555
-47.737070 0.780740 -2.316695
-48.513270 -1.715076 -2.538435
-47.678870 -4.937800 -1.166855
-44.448540 -4.677880 -0.949365
-43.584570 -1.816598 -2.010425
-45.103050 2.075040 -0.964265
-42.888030 3.891940 0.025715
-40.432570 4.370610 1.063085
-37.314330 4.543870 -0.840425
-37.207080 3.599820 -3.703155
-38.141440 2.030890 -4.506995
-39.013800 0.599540 -4.719415
-41.005920 -1.612261 -4.100684
-42.080110 -3.766830 -1.805105
-41.364500 -4.732460 -0.127565
-39.712660 -5.166780 0.977495
-37.152150 -5.033640 1.022136
-34.172430 -4.454080 0.206256
-32.161500 -4.624955 -1.292355
-31.061570 -3.847060 -3.854255
-32.490770 -1.138656 -5.828556
-34.460070 0.599940 -4.757905
-34.293270 2.028460 -3.146045
-33.358970 2.593330 -1.464755
-30.501570 3.037280 0.088976
-27.403370 3.171020 -0.615324
-26.056770 2.286550 -1.405555
-25.227070 0.780740 -2.316695
-26.003270 -1.715076 -2.538435
-25.168870 -4.937800 -1.166855
-21.938540 -4.677880 -0.949365
-21.074570 -1.816598 -2.010425
-22.593050 2.075040 -0.964265
-20.378030 3.891940 0.025715
-17.922570 4.370610 1.063085
-14.804330 4.543870 -0.840425
-14.697080 3.599820 -3.703155
-15.631440 2.030890 -4.506995
-16.503800 0.599540 -4.719415
-18.495920 -1.612261 -4.100684
-19.570110 -3.766830 -1.805105
-18.854500 -4.732460 -0.127565
-17.202660 -5.166780 0.977495
-14.642150 -5.033640 1.022136
-11.662430 -4.454080 0.206256
-9.651500 -4.624955 -1.292355
-8.551570 -3.847060 -3.854255
-9.980770 -1.138656 -5.828556
-11.950070 0.599940 -4.757905
-11.783270 2.028460 -3.146045
-10.848970 2.593330 -1.464755
-7.991570 3.037280 0.088976
-4.893370 3.171020 -0.615324
-3.546770 2.286550 -1.405555
-2.717070 0.780740 -2.316695
-3.493270 -1.715076 -2.538435
-2.658870 -4.937800 -1.166855
0.571460 -4.677880 -0.949365
1.435430 -1.816598 -2.010425
-0.083050 2.075040 -0.964265
2.131970 3.891940 0.025715
4.587430 4.370610 1.063085
7.705670 4.543870 -0.840425
7.812920 3.599820 -3.703155
6.878560 2.030890 -4.506995
6.006200 0.599540 -4.719415
4.014080 -1.612261 -4.100684
2.939890 -3.766830 -1.805105
3.655500 -4.732460 -0.127565
5.307340 -5.166780 0.977495
7.867850 -5.033640 1.022136
10.847570 -4.454080 0.206256
12.858500 -4.624955 -1.292355
13.958430 -3.847060 -3.854255
12.529230 -1.138656 -5.828556
10.559930 0.599940 -4.757905
10.726730 2.028460 -3.146045
11.661030 2.593330 -1.464755
14.518430 3.037280 0.088976
17.616630 3.171020 -0.615324
18.963230 2.286550 -1.405555
19.792930 0.780740 -2.316695
19.016730 -1.715076 -2.538435
19.851130 -4.937800 -1.166855
23.081460 -4.677880 -0.949365
23.945430 -1.816598 -2.010425
22.426950 2.075040 -0.964265
24.641970 3.891940 0.025715
27.097430 4.370610 1.063085
30.215670 4.543870 -0.840425
30.322920 3.599820 -3.703155
29.388560 2.030890 -4.506995
28.516200 0.599540 -4.719415
26.524080 -1.612261 -4.100684
25.449890 -3.766830 -1.805105
26.165500 -4.732460 -0.127565
27.817340 -5.166780 0.977495
30.377850 -5.033640 1.022136
33.357570 -4.454080 0.206256
35.368500 -4.624955 -1.292355
36.468430 -3.847060 -3.854255
35.039230 -1.138656 -5.828556
33.069930 0.599940 -4.757905
33.236730 2.028460 -3.146045
34.171030 2.593330 -1.464755
37.028430 3.037280 0.088976
40.126630 3.171020 -0.615324
41.473230 2.286550 -1.405555
42.302930 0.780740 -2.316695
41.526730 -1.715076 -2.538435
42.361130 -4.937800 -1.166855
45.591460 -4.677880 -0.949365
46.455430 -1.816598 -2.010425
44.936950 2.075040 -0.964265
47.151970 3.891940 0.025715
49.607430 4.370610 1.063085
52.725670 4.543870 -0.840425
52.832920 3.599820 -3.703155
51.898560 2.030890 -4.506995
51.026200 0.599540 -4.719415
49.034080 -1.612261 -4.100684
47.959890 -3.766830 -1.805105
48.675500 -4.732460 -0.127565
50.327340 -5.166780 0.977495
52.887850 -5.033640 1.022136
55.867570 -4.454080 0.206256
57.878670 -4.624950 -1.297795
54.665013 0.070210 -0.961545
52.337040 0.650230 -0.934934
50.117210 3.199990 -2.190075
49.845090 6.114830 -2.217745
50.474950 7.483277 -0.579995
49.193320 8.149847 0.728216
45.999380 7.875927 1.844326
43.693330 8.212601 -0.838105
44.183930 7.625812 -2.853515
44.860620 6.382350 -4.134584
46.452600 4.238550 -4.319805
48.134020 1.829080 -2.856205
48.409530 0.887860 0.360575
46.507960 0.992250 3.007916
46.407530 3.179440 5.742355
47.513360 5.770160 5.828555
48.292830 7.294741 5.527756
49.426000 9.748560 4.880856
49.658350 11.349550 4.314655
49.327690 12.878200 3.672036
48.114370 14.323900 3.089355
45.001220 15.085910 2.522216
41.968630 14.241960 2.361535
40.600830 13.120340 3.127025
40.019130 11.740110 3.946035
39.995930 10.149790 4.727556
41.016230 7.607204 5.353655
41.772630 6.031480 5.517355
42.732030 3.525100 5.774955
43.293330 0.908950 3.475885
41.338630 -0.061050 1.245615
38.866630 -0.060400 -0.522195
38.484130 1.166590 -3.755185
39.112530 3.617650 -4.513755
39.122830 5.285160 -4.128965
39.130030 6.659280 -3.324705
37.321530 8.407254 -1.086685
33.915230 7.918464 -2.226675
33.331030 6.475770 -3.394834
33.632830 4.891520 -4.439775
35.989830 2.864450 -4.583175
34.853530 0.154440 -1.863885
32.158171 0.095945 -0.975445
29.827040 0.650230 -0.934934
27.607210 3.199990 -2.190075
27.335090 6.114830 -2.217745
27.964950 7.483277 -0.579995
26.683320 8.149847 0.728216
23.489380 7.875927 1.844326
21.183330 8.212601 -0.838105
21.673930 7.625812 -2.853515
22.350620 6.382350 -4.134584
23.942600 4.238550 -4.319805
25.624020 1.829080 -2.856205
25.899530 0.887860 0.360575
23.997960 0.992250 3.007916
23.897530 3.179440 5.742355
25.003360 5.770160 5.828555
25.782830 7.294741 5.527756
26.916000 9.748560 4.880856
27.148350 11.349550 4.314655
26.817690 12.878200 3.672036
25.604370 14.323900 3.089355
22.491220 15.085910 2.522216
19.458630 14.241960 2.361535
18.090830 13.120340 3.127025
17.509130 11.740110 3.946035
17.485930 10.149790 4.727556
18.506230 7.607204 5.353655
19.262630 6.031480 5.517355
20.222030 3.525100 5.774955
20.783330 0.908950 3.475885
18.828630 -0.061050 1.245615
16.356630 -0.060400 -0.522195
15.974130 1.166590 -3.755185
16.602530 3.617650 -4.513755
16.612830 5.285160 -4.128965
16.620030 6.659280 -3.324705
14.811530 8.407254 -1.086685
11.405230 7.918464 -2.226675
10.821030 6.475770 -3.394834
11.122830 4.891520 -4.439775
13.479830 2.864450 -4.583175
12.343530 0.154440 -1.863885
9.648171 0.095945 -0.975445
7.317040 0.650230 -0.934934
5.097210 3.199990 -2.190075
4.825090 6.114830 -2.217745
5.454950 7.483277 -0.579995
4.173320 8.149847 0.728216
0.979380 7.875927 1.844326
-1.326670 8.212601 -0.838105
-0.836070 7.625812 -2.853515
-0.159380 6.382350 -4.134584
1.432600 4.238550 -4.319805
3.114020 1.829080 -2.856205
3.389530 0.887860 0.360575
1.487960 0.992250 3.007916
1.387530 3.179440 5.742355
2.493360 5.770160 5.828555
3.272830 7.294741 5.527756
4.406000 9.748560 4.880856
4.638350 11.349550 4.314655
4.307690 12.878200 3.672036
3.094370 14.323900 3.089355
-0.018780 15.085910 2.522216
-3.051370 14.241960 2.361535
-4.419170 13.120340 3.127025
-5.000870 11.740110 3.946035
-5.024070 10.149790 4.727556
-4.003770 7.607204 5.353655
-3.247370 6.031480 5.517355
-2.287970 3.525100 5.774955
-1.726670 0.908950 3.475885
-3.681370 -0.061050 1.245615
-6.153370 -0.060400 -0.522195
-6.535870 1.166590 -3.755185
-5.907470 3.617650 -4.513755
-5.897170 5.285160 -4.128965
-5.889970 6.659280 -3.324705
-7.698470 8.407254 -1.086685
-11.104770 7.918464 -2.226675
-11.688970 6.475770 -3.394834
-11.387170 4.891520 -4.439775
-9.030170 2.864450 -4.583175
-10.166470 0.154440 -1.863885
-12.861829 0.095945 -0.975445
-15.192960 0.650230 -0.934934
-17.412790 3.199990 -2.190075
-17.684910 6.114830 -2.217745
-17.055050 7.483277 -0.579995
-18.336680 8.149847 0.728216
-21.530620 7.875927 1.844326
-23.836670 8.212601 -0.838105
-23.346070 7.625812 -2.853515
-22.669380 6.382350 -4.134584
-21.077400 4.238550 -4.319805
-19.395980 1.829080 -2.856205
-19.120470 0.887860 0.360575
-21.022040 0.992250 3.007916
-21.122470 3.179440 5.742355
-20.016640 5.770160 5.828555
-19.237170 7.294741 5.527756
-18.104000 9.748560 4.880856
-17.871650 11.349550 4.314655
-18.202310 12.878200 3.672036
-19.415630 14.323900 3.089355
-22.528780 15.085910 2.522216
-25.561370 14.241960 2.361535
-26.929170 13.120340 3.127025
-27.510870 11.740110 3.946035
-27.534070 10.149790 4.727556
-26.513770 7.607204 5.353655
-25.757370 6.031480 5.517355
-24.797970 3.525100 5.774955
-24.236670 0.908950 3.475885
-26.191370 -0.061050 1.245615
-28.663370 -0.060400 -0.522195
-29.045870 1.166590 -3.755185
-28.417470 3.617650 -4.513755
-28.407170 5.285160 -4.128965
-28.399970 6.659280 -3.324705
-30.208470 8.407254 -1.086685
-33.614770 7.918464 -2.226675
-34.198970 6.475770 -3.394834
-33.897170 4.891520 -4.439775
-31.540170 2.864450 -4.583175
-32.676470 0.154440 -1.863885
-35.371829 0.095945 -0.975445
-37.702960 0.650230 -0.934934
-39.922790 3.199990 -2.190075
-40.194910 6.114830 -2.217745
-39.565050 7.483277 -0.579995
-40.846680 8.149847 0.728216
-44.040620 7.875927 1.844326
-46.346670 8.212601 -0.838105
-45.856070 7.625812 -2.853515
-45.179380 6.382350 -4.134584
-43.587400 4.238550 -4.319805
-41.905980 1.829080 -2.856205
-41.630470 0.887860 0.360575
-43.532040 0.992250 3.007916
-43.632470 3.179440 5.742355
-42.526640 5.770160 5.828555
-41.747170 7.294741 5.527756
-40.614000 9.748560 4.880856
-40.381650 11.349550 4.314655
-40.712310 12.878200 3.672036
-41.925630 14.323900 3.089355
-45.038780 15.085910 2.522216
-48.071370 14.241960 2.361535
-49.439170 13.120340 3.127025
-50.020870 11.740110 3.946035
-50.044070 10.149790 4.727556
-49.023770 7.607204 5.353655
-48.267370 6.031480 5.517355
-47.307970 3.525100 5.774955
-46.746670 0.908950 3.475885
-48.701370 -0.061050 1.245615
-51.173370 -0.060400 -0.522195
-51.555870 1.166590 -3.755185
-50.927470 3.617650 -4.513755
-50.917170 5.285160 -4.128965
-50.909970 6.659280 -3.324705
-52.718470 8.407254 -1.086685
-56.124770 7.918464 -2.226675
-56.708970 6.475770 -3.394834
-56.407170 4.891520 -4.439775
-54.050170 2.864450 -4.583175
-55.186470 0.154440 -1.863885
-57.878670 0.121680 -0.989345
-54.671670 5.375040 -1.286914
-53.571570 6.152940 -3.854255
-55.000770 8.861344 -5.828556
-56.970070 10.599940 -4.757905
-56.803270 12.028460 -3.146045
-55.868970 12.593330 -1.464755
-53.011570 13.037280 0.088976
-49.913370 13.171020 -0.615324
-48.566770 12.286550 -1.405555
-47.737070 10.780740 -2.316695
-48.513270 8.284924 -2.538435
-47.678870 5.062200 -1.166855
-44.448540 5.322120 -0.949365
-43.584570 8.183402 -2.010425
-45.103050 12.075040 -0.964265
-42.888030 13.891940 0.025715
-40.432570 14.370610 1.063085
-37.314330 14.543870 -0.840425
-37.207080 13.599820 -3.703155
-38.141440 12.030890 -4.506995
-39.013800 10.599540 -4.719415
-41.005920 8.387739 -4.100684
-42.080110 6.233170 -1.805105
-41.364500 5.267540 -0.127565
-39.712660 4.833220 0.977495
-37.152150 4.966360 1.022136
-34.172430 5.545920 0.206256
-32.161500 5.375045 -1.292355
-31.061570 6.152940 -3.854255
-32.490770 8.861344 -5.828556
-34.460070 10.599940 -4.757905
-34.293270 12.028460 -3.146045
-33.358970 12.593330 -1.464755
-30.501570 13.037280 0.088976
-27.403370 13.171020 -0.615324
-26.056770 12.286550 -1.405555
-25.227070 10.780740 -2.316695
-26.003270 8.284924 -2.538435
-25.168870 5.062200 -1.166855
-21.938540 5.322120 -0.949365
-21.074570 8.183402 -2.010425
-22.593050 12.075040 -0.964265
-20.378030 13.891940 0.025715
-17.922570 14.370610 1.063085
-14.804330 14.543870 -0.840425
-14.697080 13.599820 -3.703155
-15.631440 12.030890 -4.506995
-16.503800 10.599540 -4.719415
-18.495920 8.387739 -4.100684
-19.570110 6.233170 -1.805105
-18.854500 5.267540 -0.127565
-17.202660 4.833220 0.977495
-14.642150 4.966360 1.022136
-11.662430 5.545920 0.206256
-9.651500 5.375045 -1.292355
-8.551570 6.152940 -3.854255
-9.980770 8.861344 -5.828556
-11.950070 10.599940 -4.757905
-11.783270 12.028460 -3.146045
-10.848970 12.593330 -1.464755
-7.991570 13.037280 0.088976
-4.893370 13.171020 -0.615324
-3.546770 12.286550 -1.405555
-2.717070 10.780740 -2.316695
-3.493270 8.284924 -2.538435
-2.658870 5.062200 -1.166855
0.571460 5.322120 -0.949365
1.435430 8.183402 -2.010425
-0.083050 12.075040 -0.964265
2.131970 13.891940 0.025715
4.587430 14.370610 1.063085
7.705670 14.543870 -0.840425
7.812920 13.599820 -3.703155
6.878560 12.030890 -4.506995
6.006200 10.599540 -4.719415
4.014080 8.387739 -4.100684
2.939890 6.233170 -1.805105
3.655500 5.267540 -0.127565
5.307340 4.833220 0.977495
7.867850 4.966360 1.022136
10.847570 5.545920 0.206256
12.858500 5.375045 -1.292355
13.958430 6.152940 -3.854255
12.529230 8.861344 -5.828556
10.559930 10.599940 -4.757905
10.726730 12.028460 -3.146045
11.661030 12.593330 -1.464755
14.518430 13.037280 0.088976
17.616630 13.171020 -0.615324
18.963230 12.286550 -1.405555
19.792930 10.780740 -2.316695
19.016730 8.284924 -2.538435
19.851130 5.062200 -1.166855
23.081460 5.322120 -0.949365
23.945430 8.183402 -2.010425
22.426950 12.075040 -0.964265
24.641970 13.891940 0.025715
27.097430 14.370610 1.063085
30.215670 14.543870 -0.840425
30.322920 13.599820 -3.703155
29.388560 12.030890 -4.506995
28.516200 10.599540 -4.719415
26.524080 8.387739 -4.100684
25.449890 6.233170 -1.805105
26.165500 5.267540 -0.127565
27.817340 4.833220 0.977495
30.377850 4.966360 1.022136
33.357570 5.545920 0.206256
35.368500 5.375045 -1.292355
36.468430 6.152940 -3.854255
35.039230 8.861344 -5.828556
33.069930 10.599940 -4.757905
33.236730 12.028460 -3.146045
34.171030 12.593330 -1.464755
37.028430 13.037280 0.088976
40.126630 13.171020 -0.615324
41.473230 12.286550 -1.405555
42.302930 10.780740 -2.316695
41.526730 8.284924 -2.538435
42.361130 5.062200 -1.166855
45.591460 5.322120 -0.949365
46.455430 8.183402 -2.010425
44.936950 12.075040 -0.964265
47.151970 13.891940 0.025715
49.607430 14.370610 1.063085
52.725670 14.543870 -0.840425
52.832920 13.599820 -3.703155
51.898560 12.030890 -4.506995
51.026200 10.599540 -4.719415
49.034080 8.387739 -4.100684
47.959890 6.233170 -1.805105
48.675500 5.267540 -0.127565
50.327340 4.833220 0.977495
52.887850 4.966360 1.022136
55.867570 5.545920 0.206256
57.878670 5.375050 -1.297795
54.665013 10.070210 -0.961545
52.337040 10.650230 -0.934934
50.117210 13.199990 -2.190075
49.845090 16.114830 -2.217745
50.474950 17.483277 -0.579995
49.193320 18.149847 0.728216
45.999380 17.875927 1.844326
43.693330 18.212601 -0.838105
44.183930 17.625812 -2.853515
44.860620 16.382350 -4.134584
46.452600 14.238550 -4.319805
48.134020 11.829080 -2.856205
48.409530 10.887860 0.360575
46.507960 10.992250 3.007916
46.407530 13.179440 5.742355
47.513360 15.770160 5.828555
48.292830 17.294741 5.527756
49.426000 19.748560 4.880856
49.658350 21.349550 4.314655
49.327690 22.878200 3.672036
48.114370 24.323900 3.089355
45.001220 25.085910 2.522216
41.968630 24.241960 2.361535
40.600830 23.120340 3.127025
40.019130 21.740110 3.946035
39.995930 20.149790 4.727556
41.016230 17.607204 5.353655
41.772630 16.031480 5.517355
42.732030 13.525100 5.774955
43.293330 10.908950 3.475885
41.338630 9.938950 1.245615
38.866630 9.939600 -0.522195
38.484130 11.166590 -3.755185
39.112530 13.617650 -4.513755
39.122830 15.285160 -4.128965
39.130030 16.659280 -3.324705
37.321530 18.407254 -1.086685
33.915230 17.918464 -2.226675
33.331030 16.475770 -3.394834
33.632830 14.891520 -4.439775
35.989830 12.864450 -4.583175
34.853530 10.154440 -1.863885
32.158171 10.095945 -0.975445
29.827040 10.650230 -0.934934
27.607210 13.199990 -2.190075
27.335090 16.114830 -2.217745
27.964950 17.483277 -0.579995
26.683320 18.149847 0.728216
23.489380 17.875927 1.844326
21.183330 18.212601 -0.838105
21.673930 17.625812 -2.853515
22.350620 16.382350 -4.134584
23.942600 14.238550 -4.319805
25.624020 11.829080 -2.856205
25.899530 10.887860 0.360575
23.997960 10.992250 3.007916
23.897530 13.179440 5.742355
25.003360 15.770160 5.828555
25.782830 17.294741 5.527756
26.916000 19.748560 4.880856
27.148350 21.349550 4.314655
26.817690 22.878200 3.672036
25.604370 24.323900 3.089355
22.491220 25.085910 2.522216
19.458630 24.241960 2.361535
18.090830 23.120340 3.127025
17.509130 21.740110 3.946035
17.485930 20.149790 4.727556
18.506230 17.607204 5.353655
19.262630 16.031480 5.517355
20.222030 13.525100 5.774955
20.783330 10.908950 3.475885
18.828630 9.938950 1.245615
16.356630 9.939600 -0.522195
15.974130 11.166590 -3.755185
16.602530 13.617650 -4.513755
16.612830 15.285160 -4.128965
16.620030 16.659280 -3.324705
14.811530 18.407254 -1.086685
11.405230 17.918464 -2.226675
10.821030 16.475770 -3.394834
11.122830 14.891520 -4.439775
13.479830 12.864450 -4.583175
12.343530 10.154440 -1.863885
9.648171 10.095945 -0.975445
7.317040 10.650230 -0.934934
5.097210 13.199990 -2.190075
4.825090 16.114830 -2.217745
5.454950 17.483277 -0.579995
4.173320 18.149847 0.728216
0.979380 17.875927 1.844326
-1.326670 18.212601 -0.838105
-0.836070 17.625812 -2.853515
-0.159380 16.382350 -4.134584
1.432600 14.238550 -4.319805
3.114020 11.829080 -2.856205
3.389530 10.887860 0.360575
1.487960 10.992250 3.007916
1.387530 13.179440 5.742355
2.493360 15.770160 5.828555
3.272830 17.294741 5.527756
4.406000 19.748560 4.880856
4.638350 21.349550 4.314655
4.307690 22.878200 3.672036
3.094370 24.323900 3.089355
-0.018780 25.085910 2.522216
-3.051370 24.241960 2.361535
-4.419170 23.120340 3.127025
-5.000870 21.740110 3.946035
-5.024070 20.149790 4.727556
-4.003770 17.607204 5.353655
-3.247370 16.031480 5.517355
-2.287970 13.525100 5.774955
-1.726670 10.908950 3.475885
-3.681370 9.938950 1.245615
-6.153370 9.939600 -0.522195
-6.535870 11.166590 -3.755185
-5.907470 13.617650 -4.513755
-5.897170 15.285160 -4.128965
-5.889970 16.659280 -3.324705
-7.698470 18.407254 -1.086685
-11.104770 17.918464 -2.226675
-11.688970 16.475770 -3.394834
-11.387170 14.891520 -4.439775
-9.030170 12.864450 -4.583175
-10.166470 10.154440 -1.863885
-12.861829 10.095945 -0.975445
-15.192960 10.650230 -0.934934
-17.412790 13.199990 -2.190075
-17.684910 16.114830 -2.217745
-17.055050 17.483277 -0.579995
-18.336680 18.149847 0.728216
-21.530620 17.875927 1.844326
-23.836670 18.212601 -0.838105
-23.346070 17.625812 -2.853515
-22.669380 16.382350 -4.134584
-21.077400 14.238550 -4.319805
-19.395980 11.829080 -2.856205
-19.120470 10.887860 0.360575
-21.022040 10.992250 3.007916
-21.122470 13.179440 5.742355
-20.016640 15.770160 5.828555
-19.237170 17.294741 5.527756
-18.104000 19.748560 4.880856
-17.871650 21.349550 4.314655
-18.202310 22.878200 3.672036
-19.415630 24.323900 3.089355
-22.528780 25.085910 2.522216
-25.561370 24.241960 2.361535
-26.929170 23.120340 3.127025
-27.510870 21.740110 3.946035
-27.534070 20.149790 4.727556
-26.513770 17.607204 5.353655
-25.757370 16.031480 5.517355
-24.797970 13.525100 5.774955
-24.236670 10.908950 3.475885
-26.191370 9.938950 1.245615
-28.663370 9.939600 -0.522195
-29.045870 11.166590 -3.755185
-28.417470 13.617650 -4.513755
-28.407170 15.285160 -4.128965
-28.399970 16.659280 -3.324705
-30.208470 18.407254 -1.086685
-33.614770 17.918464 -2.226675
-34.198970 16.475770 -3.394834
-33.897170 14.891520 -4.439775
-31.540170 12.864450 -4.583175
-32.676470 10.154440 -1.863885
-35.371829 10.095945 -0.975445
-37.702960 10.650230 -0.934934
-39.922790 13.199990 -2.190075
-40.194910 16.114830 -2.217745
-39.565050 17.483277 -0.579995
-40.846680 18.149847 0.728216
-44.040620 17.875927 1.844326
-46.346670 18.212601 -0.838105
-45.856070 17.625812 -2.853515
-45.179380 16.382350 -4.134584
-43.587400 14.238550 -4.319805
-41.905980 11.829080 -2.856205
-41.630470 10.887860 0.360575
-43.532040 10.992250 3.007916
-43.632470 13.179440 5.742355
-42.526640 15.770160 5.828555
-41.747170 17.294741 5.527756
-40.614000 19.748560 4.880856
-40.381650 21.349550 4.314655
-40.712310 22.878200 3.672036
-41.925630 24.323900 3.089355
-45.038780 25.085910 2.522216
-48.071370 24.241960 2.361535
-49.439170 23.120340 3.127025
-50.020870 21.740110 3.946035
-50.044070 20.149790 4.727556
-49.023770 17.607204 5.353655
-48.267370 16.031480 5.517355
-47.307970 13.525100 5.774955
-46.746670 10.908950 3.475885
-48.701370 9.938950 1.245615
-51.173370 9.939600 -0.522195
-51.555870 11.166590 -3.755185
-50.927470 13.617650 -4.513755
-50.917170 15.285160 -4.128965
-50.909970 16.659280 -3.324705
-52.718470 18.407254 -1.086685
-56.124770 17.918464 -2.226675
-56.708970 16.475770 -3.394834
-56.407170 14.891520 -4.439775
-54.050170 12.864450 -4.583175
-55.186470 10.154440 -1.863885
-57.878670 10.121680 -0.989345
-54.671670 15.375040 -1.286914
-53.571570 16.152940 -3.854255
-55.000770 18.861344 -5.828556
-56.970070 20.599940 -4.757905
-56.803270 22.028460 -3.146045
-55.868970 22.593330 -1.464755
-53.011570 23.037280 0.088976
-49.913370 23.171020 -0.615324
-48.566770 22.286550 -1.405555
-47.737070 20.780740 -2.316695
-48.513270 18.284924 -2.538435
-47.678870 15.062200 -1.166855
-44.448540 15.322120 -0.949365
-43.584570 18.183402 -2.010425
-45.103050 22.075040 -0.964265
-42.888030 23.891940 0.025715
-40.432570 24.370610 1.063085
-37.314330 24.543870 -0.840425
-37.207080 23.599820 -3.703155
-38.141440 22.030890 -4.506995
-39.013800 20.599540 -4.719415
-41.005920 18.387739 -4.100684
-42.080110 16.233170 -1.805105
-41.364500 15.267540 -0.127565
-39.712660 14.833220 0.977495
-37.152150 14.966360 1.022136
-34.172430 15.545920 0.206256
-32.161500 15.375045 -1.292355
-31.061570 16.152940 -3.854255
-32.490770 18.861344 -5.828556
-34.460070 20.599940 -4.757905
-34.293270 22.028460 -3.146045
-33.358970 22.593330 -1.464755
-30.501570 23.037280 0.088976
-27.403370 23.171020 -0.615324
-26.056770 22.286550 -1.405555
-25.227070 20.780740 -2.316695
-26.003270 18.284924 -2.538435
-25.168870 15.062200 -1.166855
-21.938540 15.322120 -0.949365
-21.074570 18.183402 -2.010425
-22.593050 22.075040 -0.964265
-20.378030 23.891940 0.025715
-17.922570 24.370610 1.063085
-14.804330 24.543870 -0.840425
-14.697080 23.599820 -3.703155
-15.631440 22.030890 -4.506995
-16.503800 20.599540 -4.719415
-18.495920 18.387739 -4.100684
-19.570110 16.233170 -1.805105
-18.854500 15.267540 -0.127565
-17.202660 14.833220 0.977495
-14.642150 14.966360 1.022136
-11.662430 15.545920 0.206256
-9.651500 15.375045 -1.292355
-8.551570 16.152940 -3.854255
-9.980770 18.861344 -5.828556
-11.950070 20.599940 -4.757905
-11.783270 22.028460 -3.146045
-10.848970 22.593330 -1.464755
-7.991570 23.037280 0.088976
-4.893370 23.171020 -0.615324
-3.546770 22.286550 -1.405555
-2.717070 20.780740 -2.316695
-3.493270 18.284924 -2.538435
-2.658870 15.062200 -1.166855
0.571460 15.322120 -0.949365
1.435430 18.183402 -2.010425
-0.083050 22.075040 -0.964265
2.131970 23.891940 0.025715
4.587430 24.370610 1.063085
7.705670 24.543870 -0.840425
7.812920 23.599820 -3.703155
6.878560 22.030890 -4.506995
6.006200 20.599540 -4.719415
4.014080 18.387739 -4.100684
2.939890 16.233170 -1.805105
3.655500 15.267540 -0.127565
5.307340 14.833220 0.977495
7.867850 14.966360 1.022136
10.847570 15.545920 0.206256
12.858500 15.375045 -1.292355
13.958430 16.152940 -3.854255
12.529230 18.861344 -5.828556
10.559930 20.599940 -4.757905
10.726730 22.028460 -3.146045
11.661030 22.593330 -1.464755
14.518430 23.037280 0.088976
17.616630 23.171020 -0.615324
18.963230 22.286550 -1.405555
19.792930 20.780740 -2.316695
19.016730 18.284924 -2.538435
19.851130 15.062200 -1.166855
23.081460 15.322120 -0.949365
23.945430 18.183402 -2.010425
22.426950 22.075040 -0.964265
24.641970 23.891940 0.025715
27.097430 24.370610 1.063085
30.215670 24.543870 -0.840425
30.322920 23.599820 -3.703155
29.388560 22.030890 -4.506995
28.516200 20.599540 -4.719415
26.524080 18.387739 -4.100684
25.449890 16.233170 -1.805105
26.165500 15.267540 -0.127565
27.817340 14.833220 0.977495
30.377850 14.966360 1.022136
33.357570 15.545920 0.206256
35.368500 15.375045 -1.292355
36.468430 16.152940 -3.854255
35.039230 18.861344 -5.828556
33.069930 20.599940 -4.757905
33.236730 22.028460 -3.146045
34.171030 22.593330 -1.464755
37.028430 23.037280 0.088976
40.126630 23.171020 -0.615324
41.473230 22.286550 -1.405555
42.302930 20.780740 -2.316695
41.526730 18.284924 -2.538435
42.361130 15.062200 -1.166855
45.591460 15.322120 -0.949365
46.455430 18.183402 -2.010425
44.936950 22.075040 -0.964265
47.151970 23.891940 0.025715
49.607430 24.370610 1.063085
52.725670 24.543870 -0.840425
52.832920 23.599820 -3.703155
51.898560 22.030890 -4.506995
51.026200 20.599540 -4.719415
49.034080 18.387739 -4.100684
47.959890 16.233170 -1.805105
48.675500 15.267540 -0.127565
50.327340 14.833220 0.977495
52.887850 14.966360 1.022136
55.867570 15.545920 0.206256
57.878670 15.375050 -1.297795
54.665013 20.070210 -0.961545
52.337040 20.650230 -0.934934
50.117210 23.199990 -2.190075
49.845090 26.114830 -2.217745
44.860620 26.382350 -4.134584
46.452600 24.238550 -4.319805
48.134020 21.829080 -2.856205
48.409530 20.887860 0.360575
46.507960 20.992250 3.007916
46.407530 23.179440 5.742355
47.513360 25.770160 5.828555
41.772630 26.031480 5.517355
42.732030 23.525100 5.774955
43.293330 20.908950 3.475885
41.338630 19.938950 1.245615
38.866630 19.939600 -0.522195
38.484130 21.166590 -3.755185
39.112530 23.617650 -4.513755
33.632830 24.891520 -4.439775
35.989830 22.864450 -4.583175
34.853530 20.154440 -1.863885
32.158171 20.095945 -0.975445
29.827040 20.650230 -0.934934
27.607210 23.199990 -2.190075
27.335090 26.114830 -2.217745
22.350620 26.382350 -4.134584
23.942600 24.238550 -4.319805
25.624020 21.829080 -2.856205
25.899530 20.887860 0.360575
23.997960 20.992250 3.007916
23.897530 23.179440 5.742355
25.003360 25.770160 5.828555
19.262630 26.031480 5.517355
20.222030 23.525100 5.774955
20.783330 20.908950 3.475885
18.828630 19.938950 1.245615
16.356630 19.939600 -0.522195
15.974130 21.166590 -3.755185
16.602530 23.617650 -4.513755
11.122830 24.891520 -4.439775
13.479830 22.864450 -4.583175
12.343530 20.154440 -1.863885
9.648171 20.095945 -0.975445
7.317040 20.650230 -0.934934
5.097210 23.199990 -2.190075
4.825090 26.114830 -2.217745
-0.159380 26.382350 -4.134584
1.432600 24.238550 -4.319805
3.114020 21.829080 -2.856205
3.389530 20.887860 0.360575
1.487960 20.992250 3.007916
1.387530 23.179440 5.742355
2.493360 25.770160 5.828555
-3.247370 26.031480 5.517355
-2.287970 23.525100 5.774955
-1.726670 20.908950 3.475885
-3.681370 19.938950 1.245615
-6.153370 19.939600 -0.522195
-6.535870 21.166590 -3.755185
-5.907470 23.617650 -4.513755
-11.387170 24.891520 -4.439775
-9.030170 22.864450 -4.583175
-10.166470 20.154440 -1.863885
-12.861829 20.095945 -0.975445
-15.192960 20.650230 -0.934934
-17.412790 23.199990 -2.190075
-17.684910 26.114830 -2.217745
-22.669380 26.382350 -4.134584
-21.077400 24.238550 -4.319805
-19.395980 21.829080 -2.856205
-19.120470 20.887860 0.360575
-21.022040 20.992250 3.007916
-21.122470 23.179440 5.742355
-20.016640 25.770160 5.828555
-25.757370 26.031480 5.517355
-24.797970 23.525100 5.774955
-24.236670 20.908950 3.475885
-26.191370 19.938950 1.245615
-28.663370 19.939600 -0.522195
-29.045870 21.166590 -3.755185
-28.417470 23.617650 -4.513755
-33.897170 24.891520 -4.439775
-31.540170 22.864450 -4.583175
-32.676470 20.154440 -1.863885
-35.371829 20.095945 -0.975445
-37.702960 20.650230 -0.934934
-39.922790 23.199990 -2.190075
-40.194910 26.114830 -2.217745
-45.179380 26.382350 -4.134584
-43.587400 24.238550 -4.319805
-41.905980 21.829080 -2.856205
-41.630470 20.887860 0.360575
-43.532040 20.992250 3.007916
-43.632470 23.179440 5.742355
-42.526640 25.770160 5.828555
-48.267370 26.031480 5.517355
-47.307970 23.525100 5.774955
-46.746670 20.908950 3.475885
-48.701370 19.938950 1.245615
-51.173370 19.939600 -0.522195
-51.555870 21.166590 -3.755185
-50.927470 23.617650 -4.513755
-56.407170 24.891520 -4.439775
-54.050170 22.864450 -4.583175
-55.186470 20.154440 -1.863885
-57.878670 20.121680 -0.989345
