1480
-0.000378571906291 -0.000517220528943 -0.185
-0.0003341712713 -0.000528660094563 -0.18475
-0.000291109146531 -0.000544413852455 -0.1845
-0.000248951935975 -0.000561657838722 -0.184249375024
-0.000204647200585 -0.000574537861069 -0.183998753882
-0.000157007393194 -0.000581018373968 -0.183748753882
-0.000108349069472 -0.000583170634703 -0.183498128906
-6.24641124807e-05 -0.000584550414988 -0.183247507764
-2.03150644484e-05 -0.000585425426754 -0.182996882764
2.20735699042e-05 -0.000579201286868 -0.182746261622
6.7673482057e-05 -0.000558479942166 -0.18249564048
0.000113542240733 -0.000523125271148 -0.182245015504
0.000153455590738 -0.00047967819307 -0.181994394362
0.000181982744584 -0.000436769639442 -0.181743765504
0.000197962413589 -0.000396239513212 -0.181493136646
0.000204418624263 -0.00034777725219 -0.181242507788
0.000203053288921 -0.000281402829484 -0.18099187893
0.000191816954805 -0.000200877406047 -0.180741246215
0.000168238033193 -0.000118287410959 -0.180489992381
0.000131829609474 -4.3921071015e-05 -0.180239359665
8.25493503395e-05 1.36813402048e-05 -0.179988105831
2.03198709769e-05 4.88839397464e-05 -0.179736851998
-5.10062053835e-05 6.5200501443e-05 -0.179484973188
-0.000122590568149 7.19267785356e-05 -0.179232473236
-0.00018638292086 7.4722016144e-05 -0.178980590545
-0.000239548109647 7.31853977996e-05 -0.178729325089
-0.000285051368869 6.15472312567e-05 -0.17847743854
-0.000327834831675 3.20807919165e-05 -0.178224934706
-0.000367059140281 -1.49245513701e-05 -0.177971805921
-0.000396045768139 -6.83945115736e-05 -0.177718673254
-0.000410680830716 -0.000117777995153 -0.177465536728
-0.000413018984718 -0.000162003995936 -0.177213025179
-0.00040714268436 -0.000205999620291 -0.176959896345
-0.000395449223642 -0.000253132214026 -0.176706775227
-0.000378695947746 -0.000302537188131 -0.176453650252
-0.000356680515049 -0.000347614114363 -0.176200532992
-0.000329219101445 -0.000379793155606 -0.175948040707
-0.000297807477251 -0.000399300308423 -0.175696169565
-0.000264880696141 -0.000413624819406 -0.175444298446
-0.000231742175176 -0.000426089512575 -0.175192427352
-0.000198189465422 -0.000435775539134 -0.174940563973
-0.000164166944651 -0.000443095649122 -0.174689321713
-0.000130026958451 -0.00044933568683 -0.174438075643
-9.41588954551e-05 -0.000451758497434 -0.174186833407
-5.14462609759e-05 -0.000441574671843 -0.173935587336
9.84131779549e-07 -0.00041225239574 -0.173684966242
5.71770258558e-05 -0.000369910368061 -0.173434345148
0.000107613125136 -0.000327697728501 -0.173183724054
0.000149304609692 -0.00028957788118 -0.17293310296
0.000185094913425 -0.000247678152867 -0.172683102984
0.000216046599946 -0.00019514397533 -0.172433106866
0.00024004659723 -0.000131544998036 -0.172183731842
0.000254464981377 -5.90078633636e-05 -0.171934352984
0.000256842579177 1.7468097151e-05 -0.17168497796
0.000245269599826 9.00667930361e-05 -0.171435602961
0.000219269520191 0.000153822037165 -0.171186224079
0.000179796345634 0.000210020348412 -0.170936845197
0.000128527189323 0.000260420553609 -0.170686845173
6.70566204849e-05 0.000301590093065 -0.170436837457
-1.87674183314e-06 0.000331519229095 -0.170186208599
-7.30805545558e-05 0.000353045598431 -0.169934950908
-0.000142824609859 0.000363923643987 -0.169683693216
-0.000210744534762 0.000357423757014 -0.169431806667
-0.000273779098438 0.000335332241191 -0.169179299
-0.000327258266998 0.000303978771458 -0.16892617019
-0.000370940265798 0.00026234730941 -0.168673041381
-0.000404778355676 0.00021005970563 -0.168419295311
-0.000425571855359 0.000155795401529 -0.168165541502
-0.00043190654612 0.000108414936133 -0.167912408811
-0.000425896267452 7.03962764967e-05 -0.167659901048
-0.00041072825658 4.03679331078e-05 -0.167407397166
-0.000389258862924 1.49198989014e-05 -0.167154901
-0.000363540903031 -9.96307714552e-06 -0.166903022094
-0.000334366098065 -3.32174363548e-05 -0.16665052981
-0.000301932172786 -4.870492179e-05 -0.166398658644
-0.000267032218153 -5.68670322503e-05 -0.166146783619
-0.000231351010645 -6.6791083647e-05 -0.165894916359
-0.000196532211457 -8.1909769257e-05 -0.165643049122
-0.000162263978769 -9.51065864966e-05 -0.165391181909
-0.000126944117611 -0.000100654514343 -0.165139318554
-9.05077161455e-05 -0.000100903354149 -0.164888072484
-5.33457282761e-05 -9.78460858997e-05 -0.164636830271
-1.46861494046e-05 -8.96223128948e-05 -0.164385588083
2.42046565667e-05 -7.82941316435e-05 -0.164134966988
6.20852887534e-05 -6.50856689646e-05 -0.1638837248
0.000101328544035 -4.08698668576e-05 -0.163633107612
0.000142273746931 2.2224549765e-06 -0.163383111518
0.000180484893554 6.07802070028e-05 -0.163133119282
0.000211243994834 0.00012760772813 -0.162883123164
0.000231413336097 0.000196310186602 -0.162633748141
0.000239593970111 0.000264511219654 -0.162384373117
0.000235570195193 0.000338405554969 -0.162134998093
0.000218817427363 0.000424007359803 -0.16188562307
0.000188895432657 0.000513572955668 -0.161636244164
0.000146595046756 0.000590590148818 -0.161386865259
9.34762343521e-05 0.000646348742452 -0.161136236401
3.15355021322e-05 0.000683056875684 -0.160886228638
-3.64419850693e-05 0.00070477216684 -0.160634970922
-0.000106789103364 0.000713940916365 -0.160383092089
-0.000174995709271 0.000713501077474 -0.160131205539
-0.000237023888672 0.000705114394779 -0.15987931899
-0.000291093538291 0.000686783831259 -0.159626803607
-0.000337030552351 0.000655416852857 -0.159373663247
-0.000374099576736 0.000611200657999 -0.159120526722
-0.000400360336207 0.000559247941999 -0.158866769079
-0.000414433725854 0.000505438952628 -0.158612394128
-0.000416779927454 0.000451914351546 -0.15835864027
-0.00040863998568 0.000398909275455 -0.158104886437
-0.000391379416592 0.000346387251623 -0.157850526941
-0.000366283270691 0.000295654675555 -0.15759679242
-0.00033498460631 0.000252276823201 -0.1573436829
-0.000299820059341 0.000221096599614 -0.157090573379
-0.000263021015516 0.000201830092534 -0.156838081119
-0.000225907196355 0.000191253673678 -0.156586834976
-0.000189159489563 0.000185394097193 -0.156334971574
-0.000153016491419 0.000183165448029 -0.156083729337
-0.000116853270195 0.000187553834665 -0.155832490958
-7.89121764159e-05 0.000202019793382 -0.155581869863
-3.7590859803e-05 0.000227401168415 -0.155331248769
6.43202465956e-06 0.000259250099139 -0.155080627698
5.04841048209e-05 0.000291419255739 -0.154830010486
9.2928021365e-05 0.000323544760885 -0.154580014392
0.000133413247388 0.00035946563854 -0.15432939718
0.000171491098909 0.000403678733596 -0.154079401062
0.0002058162984 0.000459610235869 -0.153829408826
0.000233487978399 0.000522955059751 -0.153580033826
0.000251941028948 0.000582697334784 -0.153330037708
0.000260725097744 0.000633352428488 -0.153080666543
0.000259826913161 0.000681960265636 -0.152830674259
0.000247677265093 0.000738978157459 -0.152581299235
0.000222642623703 0.000803241896515 -0.152331928045
0.000184933437187 0.000863696457166 -0.152081928021
0.000135710821937 0.000913619577385 -0.151831928022
7.6320836503e-05 0.000954109116135 -0.151581920282
9.29958996405e-06 0.000986754882313 -0.151330670283
-6.16575880812e-05 0.00100864127429 -0.151079412567
-0.000132953324481 0.00101494976435 -0.150828147136
-0.000201454656071 0.00100424877486 -0.150575643303
-0.000263901633186 0.000979120251672 -0.150323131777
-0.00031760972785 0.000941347847982 -0.150069995252
-0.00036072541483 0.000891896828806 -0.149816237609
-0.000391016520376 0.000837769069199 -0.14956310106
-0.000406833327427 0.00079065345455 -0.149309972227
-0.000409302272674 0.000757101496796 -0.14905808563
-0.000401680114311 0.000731965378308 -0.148806202866
-0.000386340143355 0.000702532669835 -0.148554320126
-0.000363427170903 0.000663288522945 -0.148301187459
-0.000333103562648 0.000620133190948 -0.148048679768
-0.000296901832193 0.000580104908291 -0.147795550982
-0.000257029780848 0.000547196006661 -0.147543054887
-0.00021588519641 0.000524647365867 -0.147291187651
-0.000175271153301 0.000514110933887 -0.14703994539
-0.000135402512093 0.000512184139939 -0.146788706987
-9.56173273718e-05 0.000511056820275 -0.146537468608
-5.62658461887e-05 0.000507808773121 -0.146286230205
-1.76288902174e-05 0.000509637114998 -0.146034987968
2.1571981113e-05 0.000523279757775 -0.145784370683
6.18567564834e-05 0.00054365792713 -0.145533749565
0.000101674627766 0.000560508388973 -0.145283128398
0.000140385682618 0.00057448723812 -0.145032511114
0.000178898135648 0.000598514773667 -0.144781889947
0.000216343626219 0.000640637342393 -0.144531889899
0.000249565337599 0.000696042185459 -0.144281268709
0.000275725690629 0.00075982920256 -0.144030647519
0.00029258151968 0.000830134582426 -0.143779401401
0.000298806369448 0.000900078345941 -0.143528780211
0.000293824649816 0.000965987205085 -0.143277534069
0.000276056434637 0.00103316965118 -0.143026287928
0.000244625645357 0.00110204894512 -0.142774416834
0.000201525483498 0.0011639278936 -0.142522541883
0.000149517387429 0.00121213366045 -0.142270045813
9.09159504236e-05 0.00124420020174 -0.142018170838
2.81364448106e-05 0.00125756901088 -0.141765670911
-3.68123903737e-05 0.00125310466364 -0.141513167102
-0.000101496394086 0.0012366185576 -0.141260042199
-0.000162234799088 0.00120955806589 -0.141007538438
-0.00021597192774 0.00116717636526 -0.140755655795
-0.000260442581735 0.0011101633104 -0.140503780892
-0.000293429797991 0.00104440547851 -0.140251906013
-0.000313628824577 0.000970565882727 -0.140000659991
-0.000320299405644 0.000888559288677 -0.139750660112
-0.000313218034 0.000804885427035 -0.139500664138
-0.000293589223668 0.000727642661143 -0.139251289282
-0.000264284176462 0.00066375348725 -0.139001918309
-0.000229217273934 0.000617807687454 -0.138753168453
-0.000190775552288 0.000584166314418 -0.138503797527
-0.000148385808082 0.000550896875824 -0.13825504772
-0.000102624119391 0.00051620761467 -0.138005672888
-5.61276646477e-05 0.00048551785992 -0.137756915293
-1.00535152769e-05 0.000458951375809 -0.137508157649
3.50445478441e-05 0.000436047315622 -0.137258778815
7.83094458456e-05 0.000419636257535 -0.137008774909
0.000120909742964 0.000407550919271 -0.136758767073
0.000164423404323 0.000392743909546 -0.136508763023
0.000208307294605 0.000375531826897 -0.136258766639
0.000251630503314 0.000363920339616 -0.136008149089
0.000294145950042 0.0003576388935 -0.135755664327
0.000335366953528 0.000346230946436 -0.135504421825
0.000374665514942 0.000327525255434 -0.135254421535
0.00041074581613 0.000313323810714 -0.135003178985
0.000440843016011 0.000314037596104 -0.13474882313
0.000462306518269 0.000327129968128 -0.134491963562
0.000474708255788 0.000341227758363 -0.134233846374
0.00047922876407 0.000346970819399 -0.133977588732
0.000475645589179 0.0003441086346 -0.133722577255
0.000459715104501 0.000342268766895 -0.133467558208
0.000426348244388 0.000349746103002 -0.133209422069
0.000377314596404 0.000359589037844 -0.132950039836
0.000319525232175 0.00035788825115 -0.132693142076
0.000257370329889 0.000339472957336 -0.132438740409
0.000193198122786 0.000304870021443 -0.132187459788
0.000129784842146 0.000254347175094 -0.131938690596
6.93451824209e-05 0.000191562278601 -0.131691800214
1.44668375684e-05 0.000121871870721 -0.131446171404
-3.12747680741e-05 4.46514727096e-05 -0.131201171476
-6.53904318164e-05 -4.11585740047e-05 -0.130957413736
-8.76519882686e-05 -0.000125392227305 -0.130713034878
-9.90554941664e-05 -0.000196485316875 -0.13046678876
-9.97834811547e-05 -0.00025924346751 -0.130219913783
-8.83112083325e-05 -0.000327229875858 -0.1299730349
-6.38842181835e-05 -0.000402445633893 -0.129724906018
-2.888633607e-05 -0.000473988829122 -0.129476152088
1.29824024041e-05 -0.000532966081389 -0.129226148181
5.93733741714e-05 -0.000578861911537 -0.128975523108
0.000108198767542 -0.000612266800816 -0.128724273036
0.000156635150166 -0.000631751501904 -0.128473647915
0.000203189313324 -0.000638601291411 -0.128222405534
0.000248232764373 -0.000637192993577 -0.127971784271
0.000292574105586 -0.00063182968966 -0.12772116689
0.000335993829871 -0.0006237909039 -0.127469928415
0.000377329779973 -0.000609663105792 -0.127219932248
0.000416709152996 -0.000586417235219 -0.12696993613
0.000455640758367 -0.000555917227141 -0.126721189988
0.00049485933891 -0.000519675015185 -0.126471818943
0.000534267178876 -0.000475890850785 -0.12622369404
0.000573173934782 -0.000424917050937 -0.125975565304
0.000610387033801 -0.000370278600415 -0.12572806152
0.000644629238431 -0.000313466821094 -0.125480557784
0.000674583063822 -0.000251633558864 -0.125233675141
0.000698256339737 -0.000179971947068 -0.124987413617
0.000713065124504 -9.63553273506e-05 -0.124741152021
0.000717086113715 -5.72011800542e-06 -0.124495511542
0.000710352892043 8.09916370143e-05 -0.124249249897
0.000694032673436 0.000155537897652 -0.124001746039
0.000667834882338 0.000219995455279 -0.123753617158
0.000630517703159 0.000279661444856 -0.123504859442
0.000582913004439 0.000331297982144 -0.123254855656
0.000527007522139 0.000368926247534 -0.123004223013
0.000464156115042 0.000394239216072 -0.122752344299
0.000396997987276 0.000410860347808 -0.122499836728
0.000329675237147 0.000416283365123 -0.122247329156
0.000265488610293 0.000404786751182 -0.121994821609
0.000206348140489 0.000372432436079 -0.121742321778
0.000153708916728 0.000318112956566 -0.121490454686
0.000109892801996 0.000245927697321 -0.121239833761
7.85663961984e-05 0.000167739770601 -0.120990462835
6.17448932528e-05 9.35200024562e-05 -0.12074234191
5.77745837644e-05 2.03770893042e-05 -0.120495482557
6.44350754711e-05 -5.81825553767e-05 -0.120249252087
8.08555124978e-05 -0.000141524148508 -0.120003638925
0.000106209371895 -0.00022302809109 -0.119759267976
0.000138598391693 -0.000292969355951 -0.119513650909
0.000175103928339 -0.000346550254453 -0.119267412699
0.000213611328038 -0.00038888020429 -0.119019924466
0.000253441779495 -0.000427745941153 -0.118772432303
0.000294417810858 -0.000467354963841 -0.118524307328
0.000336065992547 -0.000507282046375 -0.118276803423
0.000377867142828 -0.000543764533936 -0.118028674469
0.000419783965854 -0.000575685704821 -0.117779928111
0.000461307418981 -0.000607764854119 -0.117531173844
0.000501599340915 -0.000641392759783 -0.117282411813
0.000541796464803 -0.000669235618745 -0.117033028712
0.000583260276134 -0.000687090083581 -0.116783016825
0.000625130266468 -0.000698045208925 -0.116532383843
0.000667474639628 -0.000698828865711 -0.116281129768
0.000710654431561 -0.000681045710445 -0.116028633552
0.000751552706909 -0.000647023539936 -0.115775508576
0.000786036952941 -0.000606875035407 -0.115522383647
0.000812361219602 -0.000564821771985 -0.115270501003
0.000829894383398 -0.000516986259891 -0.115019243383
0.000837231890837 -0.000455661367782 -0.114768614621
0.000832097995245 -0.000379651574247 -0.114519231977
0.000813492977578 -0.000297588396192 -0.114271103094
0.000781759057468 -0.000213871807568 -0.114024220306
0.000738100249589 -0.000130041687755 -0.113778583658
0.000685430097545 -5.4930885202e-05 -0.113532325917
0.000626629610436 6.86866085023e-06 -0.113285439294
0.000564180818528 6.02113572174e-05 -0.113037298813
0.000501861419111 0.000106875117312 -0.112787900688
0.000443577237737 0.000142764791378 -0.112536619992
0.000392153957752 0.00016430264367 -0.112282839345
0.000349789087681 0.000171247616531 -0.112025312581
0.000318624553236 0.000167024983858 -0.111765289723
0.000300444179119 0.000156606287813 -0.111504024677
0.000296145877894 0.000144022407467 -0.111242134704
0.000305587520604 0.000131791676119 -0.110980877373
0.00032787750666 0.000121318630742 -0.110720268023
0.000361314475679 0.000115055982457 -0.110461556531
0.000403130205763 0.000116359097074 -0.110205341061
0.000449906336971 0.000127450924927 -0.109951613993
0.000498151651161 0.000149113260716 -0.109700375351
0.00054571619513 0.000178975911744 -0.109451007851
0.000591949502168 0.000213102159289 -0.109202898115
0.000636572208457 0.000248712907967 -0.108954800024
0.000680445006524 0.000282023545322 -0.108706690384
0.00072382641238 0.000310788953974 -0.108457955769
0.000763936283129 0.000340014313256 -0.108209213461
0.000799568526223 0.000374994189095 -0.107959842367
0.000833878209039 0.000410984030642 -0.107709842368
0.000869102851397 0.000441049997741 -0.10745922125
0.000903543045491 0.000467710968809 -0.107207971274
0.00093463171568 0.000496507012673 -0.106955479062
0.00096133489591 0.000526571900603 -0.106702354182
0.000983098514255 0.000555095057161 -0.106447987042
0.000997749872982 0.000583786460653 -0.106192377713
0.00100276964268 0.000614065509746 -0.105936155007
0.000998874221113 0.000640460056351 -0.105679315065
0.00098836387468 0.000656991992859 -0.105423084691
0.000970494412019 0.000664242949093 -0.105167463887
0.000943609922776 0.000663660267628 -0.10491245265
0.000908273104407 0.000653471720555 -0.104658683675
0.000864732166771 0.000632894031528 -0.104405539675
0.000813193753676 0.000602001589453 -0.104154255196
0.000755875150593 0.00056003170493 -0.103903599574
0.000695080528666 0.000508240250971 -0.103654201621
0.00063525593362 0.00044711242112 -0.103406682452
0.000583973607181 0.000372480511784 -0.103161042093
0.000545836982797 0.000282487099128 -0.102918522755
0.000521091028814 0.000182367871144 -0.102677257227
0.000509874897398 7.83372128612e-05 -0.102436620532
0.000512683985725 -2.49949068386e-05 -0.102195987671
0.000528104380462 -0.000120940466262 -0.101954737526
0.000553227706673 -0.000202755921113 -0.101711616263
0.000586043043995 -0.000269041625537 -0.101467241142
0.000626724896584 -0.000323926667426 -0.101222237116
0.000677489718697 -0.00037399476148 -0.100975986923
0.000740075558965 -0.000422956437142 -0.100730357776
0.000810989945555 -0.000466138087324 -0.100484099748
0.000882139617305 -0.000494417099328 -0.100237220529
0.000947123193158 -0.000503312305235 -0.0999897202167
0.00100517865673 -0.000495571902224 -0.0997422160703
0.00106018736035 -0.000478270458528 -0.0994947119958
0.00111635894779 -0.000458026825871 -0.0992478291115
0.0011744500534 -0.000437230221387 -0.0990009462756
0.00123257556322 -0.000414688677841 -0.0987540635119
0.00128951369554 -0.000389482625646 -0.0985078018907
0.00134563300768 -0.0003630652105 -0.0982615402935
0.00140041903457 -0.000334081052574 -0.0980152787687
0.0014519462822 -0.000295030419971 -0.097769638386
0.00149972023806 -0.000243088163165 -0.0975246191216
0.00154451061031 -0.000183820360306 -0.097280224857
0.00158534891366 -0.0001188018568 -0.0970358267103
0.00162019518033 -4.71165980288e-05 -0.0967920535392
0.00164835046723 2.71877720759e-05 -0.0965476630836
0.00166830084862 0.000103031220815 -0.0963026476037
0.00167529272603 0.000186475216506 -0.0960570109575
0.00166498704741 0.000280266317042 -0.0958107454532
0.00163953440698 0.000374298159359 -0.0955632338068
0.00160649821082 0.000452365085891 -0.0953132376403
0.00157018120562 0.000507771026773 -0.0950619915218
0.00152832612043 0.000545978393093 -0.0948094954513
0.00147816803257 0.000574101643912 -0.0945557494529
0.00142124851858 0.000593972176434 -0.0943007535029
0.00136280349357 0.00060201570689 -0.0940457575772
0.00130894311834 0.000590365481382 -0.0937901366518
0.0012636303175 0.000551329796981 -0.0935357579865
0.00122783423224 0.000485801284671 -0.0932826215336
0.0012018543063 0.000404748413634 -0.0930307389383
0.00118662496213 0.000320971315641 -0.0927813524129
0.00118270421927 0.000242401061961 -0.0925332236272
0.00118997134044 0.000169147310678 -0.0922869736272
0.0012086836893 9.39805152556e-05 -0.0920419697694
0.00123953732743 1.11623336709e-05 -0.0917988370058
0.00128154880406 -7.58742593454e-05 -0.0915575715501
0.00133126430875 -0.000158563350461 -0.0913163138584
0.00138501081327 -0.000232276105151 -0.0910744388828
0.00144006203176 -0.000296422580134 -0.0908319350015
0.00149241930346 -0.000347988457872 -0.0905875483812
0.00153921478254 -0.000385756843829 -0.090340665595
0.00158364596002 -0.000417547817936 -0.0900925327846
0.00163063162165 -0.000452538544276 -0.0898456459716
0.001679299859 -0.000490146888453 -0.0895981456598
0.00172542492702 -0.00052294164508 -0.0893506452994
0.0017675969811 -0.000546448574358 -0.0891012738203
0.00180760414628 -0.000562485239083 -0.0888500273887
0.00184738092873 -0.000576227393539 -0.0885993981928
0.00188696063936 -0.000589624018127 -0.0883487728307
0.00192400818321 -0.000596298072878 -0.0880969053045
0.00195527020781 -0.000587718173548 -0.087843182236
0.00197914759629 -0.000564518720894 -0.0875882169558
0.00199772023567 -0.000538304199502 -0.0873332439364
0.00201504216951 -0.000520462248219 -0.0870801189119
0.00202965161086 -0.000506572287477 -0.0868276073859
0.00203170314802 -0.00048041330152 -0.086575095884
0.00201431100329 -0.000437265386986 -0.0863213459561
0.00198026173908 -0.000387046274777 -0.08606759991
0.00193383472297 -0.000337695226228 -0.0858144826975
0.00187950161417 -0.000294489138501 -0.0855613654607
0.00182508843148 -0.000264554796485 -0.0853082520818
0.00177342109119 -0.000249024670164 -0.0850545098452
0.00172119302603 -0.000242221289437 -0.0847988965148
0.0016691317257 -0.000240462442649 -0.0845420332328
0.00162278468869 -0.000243336989913 -0.084284533401
0.00158602298502 -0.000248558987391 -0.0840257836173
0.0015606186441 -0.000252389924695 -0.0837676433062
0.00155030330963 -0.000255562979342 -0.0835094913502
0.00155924792748 -0.000261396675808 -0.0832513354886
0.00158651782154 -0.000267526437712 -0.0829931834612
0.00162764582957 -0.000268131137393 -0.0827362814336
0.00167860429717 -0.000259437906404 -0.0824818793813
0.00173516516445 -0.000239173592145 -0.0822299811625
0.00179574194809 -0.000208403428266 -0.0819812194448
0.00186111572993 -0.000169969342509 -0.0817343365129
0.0019273322446 -0.000123444253291 -0.0814887035569
0.00198931630175 -6.86198388098e-05 -0.0812455667426
0.00204932220518 -9.47912969507e-06 -0.081003062716
0.00210980273901 5.05063211774e-05 -0.0807599415495
0.00216422538292 0.000111902265341 -0.0805168204072
0.00220726592834 0.000174852446334 -0.0802736954313
0.00224325841423 0.000236221096414 -0.0800299377636
0.00227531740759 0.000293954654497 -0.0797843051201
0.00230032867127 0.000349891049291 -0.0795380474524
0.00231774120639 0.000405554892817 -0.0792911570448
0.00233126500824 0.000459493674884 -0.0790423955191
0.00234429402462 0.0005091482874 -0.0787930128272
0.00235786189832 0.000552992223764 -0.0785430012771
0.00236721243836 0.000593939873098 -0.0782923724429
0.0023615281758 0.00063869252439 -0.0780398725146
0.00233366445146 0.000689152472288 -0.0777861303744
0.00228820326324 0.000738200308384 -0.0775305210223
0.0022376638668 0.000775569819153 -0.0772755289305
0.00219214500332 0.000795465155813 -0.0770211464074
0.00215070772584 0.000799301452944 -0.0767679984286
0.00210326099871 0.000791731048951 -0.0765161004019
0.00204385463703 0.000774223155881 -0.0762648312092
0.00197724104066 0.000744291230085 -0.0760148119927
0.00191256134939 0.00069909358276 -0.0757666638458
0.00185690623214 0.000637260627333 -0.0755203906267
0.00181128669455 0.000559952098638 -0.0752766057615
0.00177325655759 0.00047061127237 -0.075034691942
0.00174431459014 0.000372143254315 -0.07479403198
0.00172657895068 0.000267873687011 -0.0745540008275
0.00171896913063 0.000163595525788 -0.0743133562968
0.00172375553466 6.21718024146e-05 -0.0740727155999
0.00174559452097 -3.71427554886e-05 -0.0738320710451
0.00178420092759 -0.000132031189295 -0.0735895669941
0.00183580673304 -0.000217827229447 -0.0733464379433
0.00189399810102 -0.000288892951606 -0.0731014416324
0.00194817023754 -0.000338457447479 -0.0728545703699
0.0019924093407 -0.000365712154176 -0.0726058318234
0.00203307320146 -0.000378520330298 -0.0723564643952
0.00207969504284 -0.00038442013375 -0.0721064719431
0.00213347689195 -0.000384285626854 -0.0718558544911
0.00218789264604 -0.00037512204295 -0.0716058581571
0.00223615854501 -0.000354934943222 -0.0713558618473
0.00227669140594 -0.00032459487466 -0.0711064905614
0.00231253937205 -0.000286741692629 -0.0708577442758
0.00234690013877 -0.000243782480512 -0.0706096191802
0.00238003304099 -0.000196597865607 -0.0703621191089
0.00241083143807 -0.000145061429981 -0.0701146191338
0.00243961266302 -8.97418093203e-05 -0.0698683614911
0.00246629401367 -3.09318049508e-05 -0.0696227288964
0.00248906785364 3.26323544423e-05 -0.0693770963018
0.00250796000211 0.000100268176657 -0.0691327059432
0.00252516094787 0.000168639897008 -0.0688883155845
0.00253856906066 0.000238491769713 -0.0686439329411
0.00254083876038 0.00031483400976 -0.0684001674853
0.00252904384752 0.000396913715605 -0.0681564057911
0.00250874057854 0.000476593407163 -0.0679126402148
0.00248526127229 0.000547577473563 -0.0676670074018
0.00245770513183 0.000609092660975 -0.0674201323042
0.00242181967364 0.000662147110023 -0.0671720110641
0.00237436549535 0.00070651930509 -0.0669226359903
0.00231458336042 0.000740846602132 -0.0666713859652
0.00224375412736 0.000763862239063 -0.0664188821305
0.00216718809601 0.000773861567467 -0.06616451106
0.00209668807682 0.000766640045735 -0.065909511156
0.0020433199683 0.000737679389949 -0.0656551362278
0.00200726990543 0.000688849040026 -0.0654007652055
0.00198111192622 0.000629632244963 -0.0651470191356
0.00196153215479 0.000568498218171 -0.0648951403017
0.00195395536818 0.000504539257776 -0.0646445152537
0.00196566422172 0.000432104537408 -0.0643957690394
0.00199604981326 0.000353130341308 -0.064149515061
0.00203834440915 0.000275623766073 -0.0639051399162
0.00209054777495 0.000201434414183 -0.0636613936292
0.00215632761954 0.00012719424576 -0.0634188935084
0.00223486167701 5.42684477685e-05 -0.0631776279316
0.00231448365256 -9.38588282907e-06 -0.0629351085451
0.00237921715829 -5.70358531409e-05 -0.0626900930887
0.00242595352909 -9.16670945143e-05 -0.0624424596299
0.00246755910332 -0.000122366310016 -0.0621936363086
0.00251471412248 -0.000154299206362 -0.0619448676512
0.00256642748335 -0.000187368602845 -0.0616960923488
0.00261595597918 -0.000220051561683 -0.0614470654384
0.00265576529054 -0.000250505556012 -0.0611972305883
0.00268161259114 -0.000276714796889 -0.0609460947494
0.00269677681993 -0.000298232724553 -0.0606936572526
0.00270716349433 -0.000316035465306 -0.0604402877739
0.00271241255197 -0.000329168974536 -0.0601858609183
0.00270970660819 -0.000336022191354 -0.0599300058945
0.00270148729114 -0.000338670119968 -0.0596735301825
0.00269041051246 -0.000339791145774 -0.0594172390021
0.00267586512557 -0.000340144988976 -0.0591614437006
0.00265868511235 -0.000340931495812 -0.0589063297483
0.00263681638591 -0.000341983949702 -0.0586519587824
0.00260351007588 -0.000342226972638 -0.0583977089227
0.00255991635998 -0.000343838479107 -0.05814401886
0.00251453362468 -0.000349808285693 -0.0578912010774
0.0024700240564 -0.000360909677407 -0.0576391313249
0.00242261392639 -0.000377497247595 -0.0573870638605
0.00236992233956 -0.000400707709271 -0.0571343150688
0.00231706831303 -0.000431194852102 -0.0568806326517
0.00227551262596 -0.000467965917238 -0.0566258846771
0.00225127773267 -0.000509321528006 -0.056370066899
0.00223933808579 -0.000553307470862 -0.0561128695254
0.00223495757377 -0.000596366570402 -0.0558546737314
0.00224184163194 -0.000634315114012 -0.0555961056477
0.00226404770502 -0.000664011482298 -0.0553379696171
0.00229947795483 -0.00068284948597 -0.055080887896
0.00234456105994 -0.000688739629583 -0.0548254256872
0.00239738966215 -0.000680654210604 -0.0545722137968
0.00245614027429 -0.000658398027119 -0.0543213177872
0.00251654598174 -0.00062227829 -0.0540729868626
0.0025724955432 -0.000573426307608 -0.0538270983618
0.00262239641819 -0.00051392469728 -0.0535833429406
0.00266993911358 -0.00044563896535 -0.0533411577782
0.00271863146971 -0.000369696856762 -0.0531002863308
0.00276935979141 -0.000287079184533 -0.0528604739543
0.00281630899696 -0.000200378752747 -0.0526210401051
0.00284862689798 -0.000114464738478 -0.0523812386483
0.00286352099497 -3.26585800447e-05 -0.0521403751424
0.00286983630384 4.56533197882e-05 -0.051898566457
0.00287725774928 0.0001217470444 -0.0516558141254
0.00288847120022 0.000194652438711 -0.0514119958312
0.00289885803662 0.000262034579733 -0.0511668638747
0.00290146837963 0.000322901443808 -0.0509204190154
0.00289635267634 0.0003781668583 -0.0506726620323
0.0028900059021 0.000428466964762 -0.0504239686825
0.00288142985603 0.000473991653889 -0.0501744026449
0.00286014038654 0.000515134296401 -0.0499239647127
0.00282114481943 0.000551081114256 -0.0496727170147
0.00276932842952 0.000579660217975 -0.0494208470486
0.00270945138841 0.000598707136331 -0.049168728657
0.00264463044122 0.00060650089468 -0.0489168602823
0.00258127183132 0.000602272493955 -0.048665553629
0.00252236736943 0.000585832892011 -0.0484151813463
0.00246319978779 0.000556013941666 -0.0481658680556
0.00239896253283 0.000511031500902 -0.0479179899165
0.00233067408637 0.000450402022848 -0.0476716113508
0.00226699947758 0.000376395107938 -0.0474269182888
0.00221834336027 0.000292691939901 -0.0471834713207
0.00218654546309 0.000201547597281 -0.0469410833443
0.0021679973178 0.000104772231527 -0.0466993222821
0.0021632444207 5.41401953161e-06 -0.0464578787302
0.00217342156567 -9.32574122278e-05 -0.0462161284748
0.00219527906726 -0.000187727352921 -0.045973690746
0.0022274983729 -0.000274652793342 -0.0457301890148
0.00227140234922 -0.000351842310334 -0.0454851865673
0.00232592936874 -0.00041748405807 -0.0452386826249
0.00239154048792 -0.000470453526501 -0.0449905502588
0.00246803815301 -0.00050972122396 -0.044740790238
0.00254593309355 -0.000533418607166 -0.0444896544843
0.00261517349379 -0.000541209813537 -0.0442377683472
0.00267612378835 -0.000534979097045 -0.0439855087318
0.00273112262791 -0.000516702068005 -0.0437331264072
0.00277461202008 -0.000488309677762 -0.0434811850234
0.00280087521982 -0.000452376249311 -0.043230060733
0.00281642704528 -0.000410555826805 -0.042979813726
0.00283155576849 -0.000363024288722 -0.0427302565314
0.00284488629765 -0.0003103132973 -0.0424817637755
0.00284910208038 -0.000253086811829 -0.0422343987439
0.00284379493943 -0.000190933164706 -0.0419882825788
0.00283542653034 -0.000123549343307 -0.0417433531567
0.00282894093231 -5.1897322419e-05 -0.041499422194
0.00282236107488 2.31200850099e-05 -0.0412564885188
0.0028115453076 0.00010135297763 -0.041014427905
0.00279766170101 0.00018163177437 -0.0407731161005
0.00278301362574 0.000262248537765 -0.0405321804194
0.00276276961046 0.000343034026348 -0.0402914954782
0.00272983970085 0.000423620761382 -0.0400508745436
0.00268622028642 0.000501075198309 -0.0398097558727
0.00264036266456 0.000571962278722 -0.0395675160159
0.00259286767772 0.000634579285986 -0.0393238413545
0.00253630959553 0.000687177653257 -0.0390782944418
0.00247297819061 0.000727157033473 -0.0388304987661
0.00241622289521 0.000753399892028 -0.038580517196
0.0023682756848 0.000765418502071 -0.0383284739597
0.00231688004209 0.000761220018431 -0.0380741194649
0.00225897740652 0.000740524969993 -0.0378178275357
0.00220784088304 0.000706803394447 -0.0375604712073
0.00217630351332 0.00066403531298 -0.0373032333017
0.00216726133147 0.000614858328993 -0.0370464911308
0.00217807165454 0.00056173504552 -0.0367906223999
0.00220267955993 0.000507854298243 -0.036536062668
0.00223229056899 0.000457007961403 -0.0362829978679
0.00226496500269 0.000411671555082 -0.0360313022233
0.00230828529409 0.000372096306393 -0.0357804765537
0.00236344633264 0.000338502155593 -0.0355299603339
0.00242149231697 0.000311321057663 -0.0352794449288
0.00248074654945 0.000290554303874 -0.0350283065007
0.00254748526836 0.00027726978858 -0.0347758563994
0.00261638648586 0.000271365905618 -0.0345216594326
0.00267027440847 0.000267842460637 -0.0342667051289
0.00270292606845 0.000261550830016 -0.0340119197377
0.00272538393744 0.00025362241227 -0.0337569984603
0.00274658719764 0.000246546650454 -0.0335013429307
0.00276242055433 0.000237212820514 -0.0332457154723
0.00276584130657 0.000220621058041 -0.0329914713782
0.00275911856072 0.000197569488177 -0.0327386538872
0.00275228907682 0.000173685492657 -0.032485846048
0.00274750093758 0.000149944330028 -0.0322330035317
0.00273346944827 0.00012172433949 -0.0319812374186
0.00270391675433 8.83173785953e-05 -0.0317304111775
0.00266770394362 5.43237765329e-05 -0.0314796464111
0.00263425502648 2.28331861497e-05 -0.0312285580871
0.00260246650944 -7.30243629323e-06 -0.0309775219268
0.00256493241213 -3.98496369103e-05 -0.0307271115837
0.00251693834956 -7.84915412107e-05 -0.0304777622187
0.00246255782204 -0.000123440749811 -0.0302293406946
0.0024094589728 -0.000172127978678 -0.0299814750765
0.0023602095189 -0.000224019010172 -0.0297338613443
0.002314974239 -0.000280192602952 -0.0294863116117
0.00227623046143 -0.000339839131019 -0.0292383251192
0.00224549626947 -0.000402999703479 -0.0289895299653
0.00222222372118 -0.000471908618909 -0.0287397386668
0.00220904295719 -0.000544144499612 -0.0284886337302
0.00221114383404 -0.000612006493168 -0.0282362711043
0.00223040719403 -0.000670652382213 -0.0279830219169
0.00226543937561 -0.000718716128969 -0.0277291392495
0.00231416998458 -0.000754886506089 -0.0274750605949
0.00237377374915 -0.000777809235309 -0.0272212215025
0.00244233151644 -0.000785009404753 -0.0269681867606
0.0025166857875 -0.000775387569544 -0.0267163953906
0.00258917674743 -0.000751733606436 -0.0264659758596
0.00265678702774 -0.000714262822571 -0.0262171191446
0.00272212791065 -0.000660320058494 -0.0259702048774
0.00278046183315 -0.000593583351207 -0.0257250475062
0.00282606746281 -0.000519954728462 -0.0254809626702
0.00286100694422 -0.000440017089857 -0.0252378250122
0.00288442043991 -0.00035728184147 -0.0249951403384
0.0028931204296 -0.000278626691976 -0.0247521605946
0.00289060969112 -0.000204403430507 -0.0245086269198
0.0028822982809 -0.00013136021289 -0.0242647827388
0.00287058278038 -5.85591884236e-05 -0.0240206318979
0.00285527715746 1.18478550392e-05 -0.0237759880421
0.00283441365338 7.53427299958e-05 -0.0235303419078
0.00280770379263 0.000130480697124 -0.0232836861455
0.00277784003415 0.000180298290187 -0.0230362726553
0.00274846710275 0.000228242690394 -0.0227882943215
0.00272306249838 0.000276108038444 -0.0225399405513
0.00270078501444 0.000321509509706 -0.0222909609639
0.00267371270314 0.000358051286367 -0.0220412911447
0.00263434466717 0.000381049225557 -0.0217909342064
0.00258429878727 0.000391432566127 -0.0215402659398
0.00253307836834 0.000394424507405 -0.0212894738404
0.00248746996674 0.00039368866268 -0.021038747718
0.00244403982896 0.000386143486522 -0.0207882800831
0.00239761460637 0.000366467774771 -0.0205384443829
0.00234808275915 0.000332095617426 -0.0202896071229
0.00229463035924 0.000279040422168 -0.0200423215345
0.00223793925502 0.000204200998848 -0.0197970872053
0.00218578077749 0.000112696936055 -0.0195537856841
0.00214642346931 1.29938211119e-05 -0.0193117962337
0.00212307869114 -8.99397143044e-05 -0.0190706215717
0.00211610263594 -0.000193444439864 -0.0188298188135
0.00212448450682 -0.000295747468531 -0.018589066984
0.00214620503335 -0.000395274350454 -0.0183481184051
0.0021797471538 -0.000489104703859 -0.0181064225579
0.00222584254724 -0.000572434535511 -0.0178633583221
0.00228528644237 -0.000641355087272 -0.0176182918487
0.0023521804353 -0.000696577254721 -0.0173714032957
0.00241586933213 -0.000740996961996 -0.0171231965014
0.00247381189512 -0.000773686856427 -0.0168736799437
0.00253457345557 -0.000789108680899 -0.016622293459
0.00260462474923 -0.000782657215227 -0.0163686578183
0.00267603290314 -0.000757257859049 -0.016113517968
0.00273215844935 -0.000722854937941 -0.0158584969139
0.00276685265106 -0.000686040452785 -0.0156044781024
0.00278879177118 -0.000644037732197 -0.0153511602407
0.00280520088894 -0.000593392875751 -0.0150984148781
0.00281347902788 -0.000537969421327 -0.0148466081415
0.00280951719024 -0.000483908044257 -0.0145961783073
0.00279309138261 -0.000434002836089 -0.0143470027093
0.00276660103083 -0.000387364809549 -0.014098892319
0.00273572501519 -0.000338712534425 -0.0138517198313
0.00270633132429 -0.000282819518852 -0.013605793112
0.00267776600677 -0.000221013010561 -0.0133611117702
0.0026450906391 -0.000157393124264 -0.0131174910015
0.00260613364904 -9.3086671041e-05 -0.012874810028
0.00256019708215 -2.84343836828e-05 -0.0126328207573
0.00250403789249 3.41144192925e-05 -0.0123912743564
0.00243738875757 9.2768246389e-05 -0.0121495500782
0.00236852544693 0.000149463061065 -0.0119077088529
0.00230470449069 0.000206118648653 -0.0116659304458
0.00224401514652 0.000260029131004 -0.0114235817892
0.00218378124714 0.000307597363847 -0.0111798500354
0.00212418973942 0.00034655987459 -0.0109342375137
0.00206399589085 0.000372755869208 -0.0106856929661
0.00200552828109 0.000384697749564 -0.0104338541578
0.00195607737989 0.000387175039966 -0.0101795980051
0.0019195559885 0.000383400132737 -0.00992365481245
0.00189590856276 0.000372736295276 -0.00966587103369
0.0018867443501 0.000357677085966 -0.00940686199088
0.00189434181762 0.000343125061226 -0.00914758135395
0.00191718492289 0.000330119500303 -0.00888823823457
0.00195076718265 0.000317660839692 -0.00862897073489
0.00199177755134 0.000308297614588 -0.00837040224641
0.00203941040404 0.000307535157775 -0.008113021562
0.00209232334384 0.000318828553733 -0.00785676314347
0.00214533757735 0.000340302271867 -0.00760113203959
0.00219142385858 0.000366939138674 -0.00734600440525
0.00222648470889 0.000395288731409 -0.00709118695374
0.00224924961293 0.000423375185377 -0.0068366125556
0.00225891604577 0.000448115186348 -0.00658240542016
0.00225613549477 0.000467183248802 -0.00632868627743
0.00224368135141 0.000481730449709 -0.00607531056071
0.00222495839138 0.000496090171249 -0.00582147903147
0.00220145889452 0.000512816416605 -0.00556669475971
0.00217172388525 0.000525878007809 -0.00531200367694
0.00213481769938 0.000526642332332 -0.00505912680465
0.00209290299688 0.000516842508828 -0.00480792409093
0.00204909725344 0.000505243568926 -0.00455675691986
0.0020048500261 0.000493769700178 -0.00430527033051
0.0019595545262 0.000475531504621 -0.00405498735212
0.0019122147293 0.000446782232737 -0.00380679241005
0.00186423589401 0.000413758773913 -0.00355943043743
0.00181839717359 0.000383554035479 -0.00331145359739
0.00177385010422 0.000353812518148 -0.00306342071326
0.00172592137501 0.000316033762981 -0.00281710754975
0.00167206843801 0.000265976779461 -0.00257322604906
0.00161546927862 0.000208571411488 -0.00233064427265
0.00156070544802 0.00015101719161 -0.00208792082574
0.00150726281812 8.89164588632e-05 -0.00184564740077
0.00145328429953 1.0618897028e-05 -0.00160512053721
0.00140333270587 -8.0375298516e-05 -0.00136513026465
0.00136326387462 -0.000170680024877 -0.00112358530671
0.00133412825362 -0.000260702162349 -0.000880260783712
0.00131630884976 -0.000356100392853 -0.000635284839719
0.00131154588729 -0.000450605787846 -0.000388087581683
0.00132058238347 -0.00053366165562 -0.000138436837848
0.00134282643627 -0.000599824536585 0.000113320069133
0.00137705850289 -0.000648868159112 0.000366653206212
0.00142137837339 -0.000683282538787 0.000621059434591
0.00147360546813 -0.000702454022887 0.000876033535508
0.00153199690913 -0.000702748658538 0.00113099397333
0.00159342024953 -0.000685416121207 0.00138543002787
0.00165265362382 -0.000655491571402 0.00163896848215
0.00170681390993 -0.000612562208659 0.00189120933474
0.00175593934911 -0.000552596694074 0.00214178203182
0.00179794830155 -0.000477438776974 0.00239056732702
0.00182836171034 -0.000395056285539 0.00263780046224
0.00184399861544 -0.000313651429618 0.00288396369743
0.00184579740089 -0.000235556738993 0.00312941530592
0.0018380603337 -0.000155497334072 0.00337412545532
0.00182299937953 -7.15538023644e-05 0.00361816886427
0.00179893487141 6.07722083909e-06 0.00386234222824
0.00176520586341 6.61013407629e-05 0.00410756265442
0.00172518722403 0.00011128642967 0.00435382648669
0.00168314180455 0.000153386385366 0.00460044576134
0.00164068349815 0.000197197949888 0.0048471495594
0.00159743550143 0.000239649850201 0.00509415108847
0.00155322628882 0.000278683887491 0.00534157698211
0.00150862251675 0.000314652614973 0.00558940024315
0.00146363184656 0.000346658925878 0.0058376318282
0.00141692693634 0.000372035883642 0.00608633022368
0.00136773272849 0.0003897480143 0.0063353962084
0.00131828327856 0.000402642086707 0.00658475544221
0.00127122601932 0.000413211904826 0.00683430219772
0.00122380041653 0.000416558468736 0.00708391069125
0.00116959994941 0.000401858579409 0.00733320398667
0.00110869622978 0.000365028634656 0.00758168285559
0.00105138181239 0.000316979511039 0.00782934999123
0.00100698474938 0.000271308123362 0.00807670267612
0.000973496548029 0.000225235383037 0.0083237991666
0.00094399052018 0.000163687682728 0.00856927146226
0.000916888309667 7.76294581229e-05 0.00881212655304
0.000896825844054 -2.80940706341e-05 0.00905248635756
0.000891021620254 -0.000137644834697 0.00929196733565
0.000903470689003 -0.000238861690973 0.00953219674656
0.000931005218105 -0.000335422573723 0.00977287135391
0.000968189449461 -0.000433180981469 0.0100133634718
0.00101428587176 -0.000525246029507 0.0102546016959
0.00107180965229 -0.000600652150649 0.0104982121279
0.00114009391474 -0.000656198965279 0.0107448899617
0.00121259758055 -0.00069617711867 0.0109938929588
0.0012796511594 -0.000727138414644 0.0112439754281
0.00133492265419 -0.000752506044151 0.0114945108483
0.00138031655928 -0.000769022301889 0.0117458718853
0.00142263264087 -0.000769050229019 0.0119992367342
0.00146478222863 -0.000748347455448 0.0122549661065
0.00150221567048 -0.000711245194312 0.0125119932993
0.00152796914422 -0.000667562364491 0.0127688901249
0.00153858918635 -0.000625827631444 0.0130244683454
0.00153596845172 -0.000588177608823 0.0132787182995
0.00152487074657 -0.000550610600129 0.0135320805446
0.00150800628064 -0.000511185305918 0.0137846854719
0.00148613741483 -0.00047173793449 0.0140363463431
0.00146090874031 -0.000431558827018 0.0142871279586
0.00143349191619 -0.000390269639441 0.014537094352
0.00140407420692 -0.000348785542357 0.0147862497788
0.00137438240325 -0.000303590582003 0.015034478129
0.00134620666857 -0.000251797313916 0.0152814707795
0.00131681948806 -0.000198425925699 0.0155277184716
0.00127970609547 -0.000152290896557 0.0157747053542
0.00123116216506 -0.000117649573512 0.0160236096472
0.00117538152549 -9.02218832288e-05 0.0162742481015
0.00112076383404 -6.15531203762e-05 0.0165248229347
0.00107128269055 -2.89448082312e-05 0.0167747153628
0.00102456812962 5.33004659745e-07 0.0170254253547
0.00097875965831 1.82981314325e-05 0.017279129131
0.000937278089322 2.47569628026e-05 0.0175358119877
0.000904934231447 2.61362291917e-05 0.0177939152901
0.000883715194738 2.43818661718e-05 0.0180527762198
0.000874630087642 1.96671250508e-05 0.0183124144758
0.000878980185044 1.68831451612e-05 0.0185714540057
0.000897035489683 2.02805650803e-05 0.0188288817336
0.000928058098651 2.83373112287e-05 0.0190851937397
0.000970877183324 3.91816969584e-05 0.0193407707747
0.00102360295087 5.4432026909e-05 0.0195954859287
0.00108342693655 7.71008138189e-05 0.0198487049859
0.00114716642939 0.000110623796369 0.0201001189451
0.00121182107662 0.00015808564388 0.0203498558904
0.00127403564279 0.000219063638163 0.0205986549789
0.00132913810282 0.000286900477298 0.0208477526598
0.00137247898607 0.000352921729546 0.0210977739163
0.00140225270802 0.000415599505402 0.0213488499043
0.00141834235634 0.000475957337925 0.0216008571669
0.00142042609514 0.000525799738387 0.0218534847951
0.00141012136312 0.000558943082676 0.0221059859329
0.00139023550996 0.000585423571057 0.022358612883
0.0013616370337 0.000615181714061 0.0226121761853
0.00132530378161 0.000640396862813 0.022865989555
0.00128458102614 0.000647488323947 0.0231181850228
0.00124230679988 0.000635309865648 0.0233683914394
0.00119814208143 0.000615559622024 0.0236177229068
0.00115061388426 0.000599779447534 0.0238677210015
0.00110085062058 0.000587082139161 0.0241181353064
0.00105177897819 0.000566771546295 0.0243674843509
0.00100400961411 0.000532318095273 0.0246147851289
0.000955866419525 0.00048763031345 0.0248604759024
0.000906616432933 0.000442770689022 0.0251060450495
0.000857526651307 0.000406352629347 0.0253526661431
0.000809477089958 0.000376741580248 0.025600022861
0.000761185231911 0.000341894266058 0.0258465030185
0.000711528667825 0.000291695838094 0.0260910599811
0.000661814610325 0.000225559863727 0.0263338194968
0.000614963023283 0.000152310562066 0.0265762622494
0.000573135040314 8.43961666405e-05 0.0268197485978
0.000537222862452 1.90564662016e-05 0.0270641018852
0.000510042498742 -6.16320863568e-05 0.0273085879365
0.000495359710357 -0.000158740401319 0.0275540813348
0.000492904448615 -0.000249853118222 0.0278018833511
0.000500462515162 -0.00032029572227 0.0280521166492
0.000518919882898 -0.000377896415256 0.0283042893304
0.000549539679793 -0.000431668651226 0.0285582783263
0.00058967795535 -0.000474367743124 0.0288137040168
0.000636120997404 -0.000497589868814 0.0290698179668
0.000687069070312 -0.000506847859773 0.0293262467243
0.000738954747431 -0.000509589762315 0.0295827360528
0.00078742712333 -0.000502318812665 0.0298384730978
0.000830481096002 -0.000477353140417 0.0300928378916
0.000867329181742 -0.000432729605783 0.0303455183174
0.000896833299971 -0.000370370924949 0.0305965089576
0.000918049797814 -0.000290687017465 0.0308456227195
0.000929696570875 -0.000195154672166 0.0310929263588
0.000929231806558 -9.3947931913e-05 0.0313386725713
0.000915077044764 -1.18286072475e-06 0.0315837274283
0.000889096597598 8.18316768915e-05 0.0318283420487
0.0008539944415 0.000162808568003 0.0320724006916
0.000811303948317 0.000240736989243 0.032316218579
0.000762753550832 0.0003112466726 0.0325602255072
0.000710408807047 0.000375444420397 0.0328044839761
0.000656260551748 0.000432057808709 0.0330492451286
0.000602191911235 0.000475766216281 0.0332949430045
0.000549051650047 0.000503632285063 0.0335417007083
0.00049622845513 0.000518496695976 0.0337893338363
0.000442878649029 0.000528326600426 0.0340373435315
0.000389054894796 0.000538409319177 0.0342854165344
0.000334250561404 0.00054539546148 0.0345336130447
0.00027720221552 0.000544483357169 0.0347821201573
0.000218608802075 0.000537122637131 0.0350308128412
0.000160821055587 0.000527050389692 0.0352794426252
0.000104766843153 0.000513356294027 0.0355280095138
4.91926665842e-05 0.000489167271123 0.0357765127307
-6.17044544531e-06 0.000448438131766 0.0360245788238
-5.78413800738e-05 0.000394742525636 0.0362719585525
-0.000101737011165 0.00033624868413 0.0365187120926
-0.00013697915912 0.000272442372045 0.0367647105885
-0.000163881708747 0.000195071611538 0.0370093310075
-0.000180708057866 0.000102920498125 0.0372521995336
-0.000184678792547 7.7502800476e-06 0.037494317281
-0.00017466912992 -7.94193037062e-05 0.0377370580371
-0.00015113223664 -0.000159122479233 0.0379808516028
-0.000114896048711 -0.000234844670481 0.0382253820539
-6.72010687614e-05 -0.000305576276372 0.0384710883975
-1.06510541492e-05 -0.000370439712398 0.0387179821618
5.01461594375e-05 -0.000430857161802 0.0389656991682
0.000110292339828 -0.000485249447626 0.0392143038888
0.00016775006708 -0.000525894860211 0.0394649776244
0.00022251447737 -0.000545379411976 0.0397192160973
0.000271621796973 -0.000546635767699 0.0399762720537
0.000309114874131 -0.000541249462132 0.0402336467498
0.000332363007148 -0.000535669048596 0.0404900906123
0.000342920705327 -0.000528126357046 0.0407459778457
0.00034184501647 -0.000520018497167 0.0410010622961
0.000330373263026 -0.00051398607137 0.0412549697114
0.000311175160072 -0.000503967577218 0.0415088725117
0.000285466173376 -0.000484372357194 0.0417632614451
0.000253299122938 -0.000460754321772 0.0420173923155
0.000215963357843 -0.000441052209051 0.0422702114916
0.000175288307014 -0.000425176338716 0.0425220935322
0.000132433506417 -0.00040829580417 0.0427733497676
8.84413147138e-05 -0.000388298952171 0.0430241661642
4.45010976814e-05 -0.00036635612816 0.0432744219729
1.28983554385e-06 -0.000344325103272 0.0435242445179
-4.14067186999e-05 -0.000323719077954 0.0437739409078
-8.40919652472e-05 -0.000303171390258 0.0440236928894
-0.000126326082556 -0.000276894638607 0.0442728238345
-0.000167240557584 -0.000241900831176 0.0445208453529
-0.000207345679391 -0.000205797281696 0.0447686925679
-0.00024726085155 -0.000178687997208 0.0450182885515
-0.000285606388878 -0.000159992922995 0.045269936468
-0.000320337614829 -0.000145176494637 0.0455227602511
-0.000349148735932 -0.000138947023498 0.0457780056616
-0.000368328291434 -0.00014745287581 0.0460372917926
-0.000375130414297 -0.000164399492878 0.0462991259694
-0.000370071400034 -0.000176776720432 0.046560281864
-0.000353497571826 -0.000181554175998 0.04681983245
-0.000322830169058 -0.000185618343141 0.0470795091371
-0.000277303785287 -0.00018991647496 0.0473394241872
-0.000220801394886 -0.000187087344083 0.0475975831078
-0.000158268278472 -0.000170948574123 0.0478526210114
-9.36622910198e-05 -0.000138879765791 0.0481041058135
-2.98499227576e-05 -9.08538798024e-05 0.0483523492258
3.09893686633e-05 -2.88605374112e-05 0.0485982829565
8.64226101615e-05 4.49939208766e-05 0.0488428437146
0.000134040689569 0.000127666017094 0.0490869693019
0.000172017712007 0.000213364245586 0.0493318421048
0.000199005753178 0.000295895553453 0.0495781476872
0.000213655687059 0.000373971991847 0.0498259516855
0.00021365466792 0.000453902455132 0.0500752564337
0.000196906479197 0.000539848764728 0.0503261861554
0.000166617849752 0.000618958879897 0.0505787400765
0.000131427033206 0.000671411722763 0.0508316755848
9.52091726357e-05 0.000697888107963 0.0510842435121
5.35544936534e-05 0.000715756650584 0.0513369338156
5.8144069518e-06 0.00072950816542 0.0515898668369
-3.98625286421e-05 0.000727749053618 0.0518418635739
-7.78712620157e-05 0.000705564712118 0.0520921169542
-0.000112153909946 0.00067253247562 0.0523413109642
-0.000148234617244 0.000638846804576 0.0525904408948
-0.000185671535902 0.000604625042454 0.0528395059269
-0.000222198765096 0.000566199834112 0.0530880708779
-0.000258038631035 0.000523832402018 0.0533361396171
-0.000293616525238 0.000478472736003 0.0535838375418
-0.000328206430007 0.000427999697553 0.0538309733253
-0.000361399181735 0.000371294290123 0.0540774211918
-0.000393206691195 0.000311001505263 0.0543235561079
-0.000422873214436 0.000248246523049 0.0545695042046
-0.000448581961351 0.000180288873286 0.054815016282
-0.000468851732394 0.000107570228097 0.055060401406
-0.000483466534937 3.55874513096e-05 0.0553060338504
-0.000491993564575 -3.29113966338e-05 0.0555522886372
-0.000492844058668 -9.90069095987e-05 0.0557991044335
-0.000485150207814 -0.00016106766317 0.0560466683227
-0.000469005386297 -0.00021539597368 0.0562952306639
-0.000442585101142 -0.000262905321733 0.0565447914547
-0.00040178139484 -0.000308877574362 0.056795352624
-0.00034534448447 -0.000354296732188 0.0570470395432
-0.000278414628806 -0.000390930348237 0.0572996631595
-0.000207965727223 -0.000409115260727 0.0575525356088
-0.00013724632356 -0.000408015696375 0.0578052186484
-6.82180451258e-05 -0.000391746391133 0.0580573368878
-4.54793096658e-06 -0.000359290837256 0.0583084531985
5.09491166608e-05 -0.000309244122914 0.0585582562186
9.70478289214e-05 -0.000248117035285 0.0588068709316
0.000132357823792 -0.000180287207158 0.0590544238875
0.000155590028797 -0.000100350367307 0.0593007291945
0.00016601680119 -6.93227168719e-06 0.0595455380648
0.000163770006784 8.96110475185e-05 0.0597897212042
0.000150322557506 0.00017789482979 0.0600341508403
0.000127822050817 0.000254711211876 0.0602792038922
9.79777104755e-05 0.000323119741511 0.0605248229207
6.23109301229e-05 0.000384986598811 0.0607709469764
2.20258247e-05 0.000441810234163 0.0610175752684
-2.26563239736e-05 0.000497856296436 0.0612643340214
-7.00984337748e-05 0.000551452951379 0.0615114748336
-0.000117230389892 0.000596578604405 0.0617593074973
-0.00016343956505 0.000635865354172 0.0620076406284
-0.000208526948231 0.00067310847561 0.0622562234483
-0.000250582742939 0.000700255264137 0.0625053669019
-0.000290251914194 0.000708855272178 0.0627560007491
-0.000330606407645 0.000705702517344 0.0630072588248
-0.000372205117243 0.000703439733583 0.0632578919011
-0.000414146809949 0.000701426083412 0.0635085249056
-0.00045687421966 0.000689450634514 0.0637597750505
-0.000500180775165 0.000663981704804 0.0640110289813
-0.000542430080283 0.000626504919108 0.0642616578161
-0.000581811612002 0.000575312046922 0.0645122826731
-0.000616060651681 0.000509824668433 0.0647616652216
-0.000642710286925 0.000433942690914 0.0650097977459
-0.000660049484377 0.000353135657488 0.0652560552701
-0.000667410518569 0.000272877412372 0.0655016839363
-0.000664539557632 0.000193400146259 0.0657466798387
-0.000650262223415 0.000108366694718 0.0659898123151
-0.000623600447966 1.68569751605e-05 0.0662316986734
-0.00058564751834 -7.23106033313e-05 0.0664735927953
-0.000538365530212 -0.000151285306038 0.0667167214139
-0.000483287536149 -0.000218337367202 0.0669617095051
-0.000422210875399 -0.000275286729413 0.0672085609506
-0.000358200267676 -0.000324403629146 0.0674572873237
-0.000295306682726 -0.000361895841759 0.0677078963404
-0.000236506409459 -0.000378179737088 0.067963493567
-0.000184331564552 -0.000373665766476 0.0682234694829
-0.000142990256907 -0.000364187909204 0.0684840936174
-0.000115426374024 -0.000358716452344 0.0687434872574
-0.00010151717927 -0.000348000287136 0.0690028810653
-0.000101237598399 -0.000329074420439 0.0692628845137
-0.000113846015584 -0.00031687237502 0.0695210169881
-0.000136238813376 -0.000318597392688 0.0697754151342
-0.000166603698382 -0.000322937117301 0.0700285596146
-0.000204824440983 -0.000321620473362 0.0702816887598
-0.000248840999411 -0.00031936872294 0.0705348102137
-0.00029526404004 -0.000321657686828 0.0707866855499
-0.000341655299103 -0.000328976329905 0.0710373147683
-0.000385952984749 -0.000341779155323 0.0712873267265
-0.000427429441284 -0.000359146268222 0.0715367175426
-0.00046891335503 -0.000373283491771 0.0717873544525
-0.000513431698675 -0.000374856954729 0.0720373663625
-0.000558964651474 -0.000366359094191 0.0722880032722
-0.000601510730958 -0.00036091488877 0.0725380229218
-0.000641263453409 -0.000362433167393 0.0727899020437
-0.000681084282697 -0.000358094503592 0.0730411600477
-0.000722006538615 -0.00033796774473 0.0732905508402
-0.000762084523922 -0.000311403760243 0.0735393243967
-0.000797207799637 -0.000296649698847 0.0737905824019
-0.00082362105622 -0.000300108247342 0.0740455747353
-0.000840654095104 -0.000312588804653 0.0743030552789
-0.00084885257804 -0.000324900557053 0.0745611645849
-0.000846440261685 -0.000336625669585 0.0748199027007
-0.000832293861228 -0.000346277166592 0.0750792656959
-0.000808800423602 -0.000347404462571 0.0753367613345
-0.000776096653622 -0.000339111933633 0.0755923896643
-0.000729248265147 -0.000327824003097 0.0758480024662
-0.000666643280267 -0.000315630178078 0.0761042170965
-0.000596122367548 -0.000294689705082 0.0763591779648
-0.000528169862148 -0.000255570873896 0.0766097717415
-0.000466409951075 -0.000197598621772 0.07685662726
-0.000409060625392 -0.00012847612634 0.0771022366843
-0.000357247936097 -5.37646588343e-05 0.0773465961568
-0.000316499604854 2.90625059875e-05 0.0775909556294
-0.000290598226045 0.00012192906243 0.0778340729142
-0.000278748104259 0.000217920183632 0.078078444009
-0.000278445386547 0.000306920596776 0.0783246862458
-0.000287674878677 0.000382878688455 0.0785721861982
-0.000305897792496 0.000446020923232 0.0788215572684
-0.000334787414593 0.000501800339633 0.0790715572446
-0.000374875635921 0.000552533994749 0.0793228033869
-0.000423199368334 0.000594782379609 0.0795746784108
-0.000478011797974 0.000628206394836 0.0798265573409
-0.000537293458809 0.000652745673231 0.0800790535314
-0.000592131831984 0.000660571752274 0.0803309247941
-0.000636695987236 0.000648944098507 0.0805821710807
-0.000677647475156 0.000629008091461 0.0808327923675
-0.000719461127883 0.000607861274588 0.0810834097483
-0.00075668713963 0.000579778614367 0.0813334021293
-0.000787713827235 0.000542033224927 0.081582152202
-0.000817593574286 0.000500814700519 0.0818309022264
-0.000847939919134 0.000458691556129 0.0820796521786
-0.000876900804553 0.00041179782371 0.0823283982487
-0.000903783615585 0.000358149285928 0.0825759059162
-0.000927872591318 0.000296947134574 0.0828234135352
-0.000947842135707 0.000227509869837 0.0830696750121
-0.00096427484316 0.000156087045848 0.0833159364409
-0.000978780839771 9.09649055987e-05 0.083562815154
-0.000989778763774 2.99557430891e-05 0.0838103189386
-0.0009918383949 -3.69076421803e-05 0.0840572016533
-0.000980424669443 -0.00011356409423 0.0843034632262
-0.000957936214719 -0.000189377204765 0.0845503497992
-0.00093144172891 -0.000249217193656 0.0847984786087
-0.000900784893151 -0.00029328447944 0.0850472363004
-0.000856281544384 -0.000335731485327 0.085297243992
-0.00079253956004 -0.000383023638737 0.0855466305658
-0.000717514335255 -0.000423709939529 0.0857978920912
-0.000644018563061 -0.000440279192128 0.0860491574746
-0.000576842705089 -0.000426496428168 0.086300426692
-0.000512872111423 -0.000391129256214 0.0865516881934
-0.000451072918694 -0.000344697138079 0.0868023208371
-0.000396032432512 -0.00028696604615 0.087051703505
-0.000352092937516 -0.000214827480693 0.0873004495992
-0.000320031292857 -0.000135976528466 0.0875473245515
-0.000299610935878 -6.01465764908e-05 0.0877941878584
-0.000291526847928 1.41591889197e-05 0.0880397972834
-0.000296295644672 9.14921054846e-05 0.0882853989687
-0.000312760971395 0.000169543954211 0.0885297546081
-0.000338016787374 0.000241687559115 0.0887753486014
-0.000369090579571 0.000304345594443 0.0890209502865
-0.000406018114643 0.000362774971233 0.0892671807811
-0.000450409382389 0.000423342468309 0.0895134267311
-0.000499582489821 0.000481724016016 0.0897596920181
-0.000547789500653 0.000529219038796 0.0900072034469
-0.000592294386254 0.00056403984225 0.0902559649236
-0.000633760896579 0.000589622337636 0.0905053514484
-0.000674343031084 0.000611109019451 0.0907559803056
-0.000715702262721 0.000633139527565 0.0910059920225
-0.000756417985493 0.000653953803948 0.0912560038118
-0.000794614885847 0.000667749360944 0.0915066367911
-0.00083114288057 0.00067458579151 0.0917578947708
-0.000867762924431 0.000680738843112 0.0920091527028
-0.000904592448657 0.00068795880925 0.0922604105869
-0.00093986532202 0.00068554113132 0.0925116645651
-0.000970926790679 0.000661212893099 0.0927635396373
-0.000995917056156 0.00061642548653 0.0930160357555
-0.00101331448491 0.000557415616931 0.0932679107314
-0.00102091905475 0.000486437106837 0.0935191568253
-0.00101827396088 0.000409831749012 0.0937691568248
-0.00100639504365 0.000334131150457 0.0940179029665
-0.000984646373232 0.00025932341872 0.0942654030381
-0.000950944195887 0.000182780169079 0.0945116492759
-0.000903196155574 0.000102740608128 0.0947572782296
-0.000843419070163 2.35063157274e-05 0.0950022821838
-0.000779066989827 -4.46993547319e-05 0.0952479110902
-0.000716463029884 -9.535699806e-05 0.0954966572085
-0.000657122709553 -0.000129733150852 0.0957478993728
-0.000601490659789 -0.000151754982832 0.0960016491805
-0.000552263942213 -0.000162982719211 0.0962585200339
-0.000512784932022 -0.000164209125633 0.0965172773646
-0.000485380241018 -0.000157813410502 0.0967772885529
-0.000472887921249 -0.000143764735976 0.0970391708348
-0.000478071779111 -0.000120911788955 0.0973029165905
-0.000499510317253 -9.63820641863e-05 0.0975666586325
-0.000531687100287 -8.20771478793e-05 0.0978272913225
-0.000570516963141 -8.20489144082e-05 0.0980841740857
-0.000614746254445 -9.34177270502e-05 0.0983379240859
-0.000663150078443 -0.000113406491792 0.0985891741586
-0.000714170607372 -0.00013998092395 0.0988391705414
-0.000765943756929 -0.000171549157212 0.0990879132103
-0.000815625443502 -0.000207511127916 0.0993360308312
-0.000860691922142 -0.000246933117085 0.0995835195467
-0.000901591822849 -0.000286929566738 0.0998316370242
-0.000939979377297 -0.00032446916846 0.100079758335
-0.000974957018712 -0.000359237185788 0.100329133456
-0.00100569697468 -0.000391845733923 0.100579133552
-0.00103380658321 -0.000421598695422 0.100830383624
-0.00106043291861 -0.000448037950474 0.10108163372
-0.00108494762424 -0.000472026210705 0.101334129935
-0.00110691712407 -0.000493975466462 0.101586626198
-0.00112710278993 -0.000512475966799 0.101839747413
-0.00114414740422 -0.000528409204297 0.10209349358
-0.0011520253243 -0.000547452125366 0.10234848196
-0.00114760811715 -0.000570580691175 0.102604716385
-0.00113830998 -0.000587993055623 0.102860950787
-0.00113223139932 -0.000592065301534 0.103115329501
-0.00112405041113 -0.000587673225315 0.103368469766
-0.0011025103775 -0.000581661527878 0.103622223408
-0.00106574904291 -0.000572313904039 0.103875980811
-0.0010170468288 -0.00055529660429 0.10412911319
-0.000957207455708 -0.000528915107853 0.104380991734
-0.000892022713471 -0.000490207356204 0.104631616469
-0.000832032627299 -0.000435253275218 0.104879124039
-0.00077869313041 -0.000365176261523 0.105124756658
-0.000725593803234 -0.000286335766214 0.105368518207
-0.000673107111796 -0.000203930815857 0.1056128893
-0.000629970601926 -0.000118682786401 0.105856639251
-0.000602851728114 -3.05202716472e-05 0.106099768085
-0.000592128062847 5.77429236852e-05 0.106343518109
-0.0005968059174 0.000142884825249 0.106587900849
-0.000617657223509 0.000223854581794 0.106833533564
-0.000653606863918 0.000298507145906 0.107080420138
-0.000700043688524 0.000362305649164 0.107327935642
-0.000753952901607 0.000413248894699 0.107577318405
-0.000815365852801 0.000452434207668 0.107827330075
-0.000880246079234 0.000478268959425 0.108077962886
-0.000940377360766 0.000487497412865 0.108327978486
-0.000993231558758 0.000481758192195 0.108578615204
-0.00104413828293 0.000466894012574 0.108828623112
-0.00109948492182 0.000448142459136 0.109078627162
-0.0011601699042 0.000427506998502 0.10932862733
-0.00121906153514 0.000403178397945 0.10957861971
-0.00126808489761 0.000372418367498 0.1098273659
-0.00130620948046 0.000334973439964 0.110076115876
-0.00133657163693 0.000291883217686 0.110324240828
-0.00136134584268 0.000243088529047 0.110571744613
-0.00138144119385 0.000187656480448 0.110819252208
-0.00139719083385 0.000124884907365 0.111066134827
-0.00141027368887 5.71923018773e-05 0.111313017469
-0.00142305545281 -1.05271664874e-05 0.111559900112
-0.00143295009526 -7.90644144195e-05 0.111806786564
-0.00143485416975 -0.000152073384357 0.112053669183
-0.00142934113844 -0.000225858878981 0.112300551826
-0.00141845507147 -0.000295592081115 0.112548059517
-0.00139967552802 -0.000361806285074 0.112796809493
-0.0013712824942 -0.000423872716353 0.113046180587
-0.00133328627511 -0.000479461065945 0.113296176705
-0.00128414992391 -0.00052790766211 0.113547415059
-0.00122673358775 -0.000565584717447 0.113799282248
-0.00117062211949 -0.000584841146447 0.11405239553
-0.00112079478687 -0.000582161062096 0.114305504955
-0.00107164785941 -0.000562558859638 0.114559243237
-0.00101812494822 -0.000532591044489 0.11481235652
-0.000965730860525 -0.000491693170396 0.115065465944
-0.000923440220099 -0.000435078330764 0.11531732925
-0.000893481736816 -0.000364116830473 0.11556731758
-0.000874604360726 -0.000285308527613 0.115816055935
-0.000869452868657 -0.000199103648654 0.116062298195
-0.000882493243475 -0.000101363227418 0.116306669314
-0.000912664598143 3.20181782738e-06 0.116547927103
-0.000952664645684 0.000100754831091 0.116789181009
-0.000995916146257 0.000182538043877 0.117031059843
-0.00104037553271 0.000249493735634 0.117274809676
-0.00108690631351 0.000306589291179 0.117519188317
-0.00113779499795 0.000359099784207 0.117764199699
-0.00119191813523 0.000407358784918 0.118009222677
-0.00124290421141 0.000446882234318 0.118256737939
-0.0012875388671 0.000476852283557 0.118504885965
-0.00132836449526 0.000500923587994 0.118754905181
-0.00136875697687 0.000522534126264 0.119004928375
-0.00141078100278 0.000543966136542 0.11925495938
-0.00145324234927 0.000565077747429 0.119505607719
-0.00149168904928 0.000582090244116 0.119756252296
-0.00152279188758 0.000590366451953 0.120008756465
-0.00154747224748 0.000588762333746 0.120261881777
-0.00156987817085 0.000581879079935 0.12051562816
-0.00159340859591 0.000575544834602 0.120768753376
-0.00161665240357 0.000568740705515 0.121021253569
-0.00163518170346 0.000555313897628 0.121274378642
-0.00164629401562 0.000532573192007 0.121527503666
-0.00164987106265 0.000502362201249 0.1217806325
-0.00164565697333 0.000466652609375 0.122033132524
-0.00162899668113 0.000422911036526 0.12228438643
-0.00159318031028 0.000368244558269 0.122535636454
-0.00154156736166 0.000309893903618 0.12278501929
-0.00148501128066 0.000258905202694 0.123034394387
-0.00142412901044 0.000216296046132 0.123282527247
-0.00135230798544 0.000178277888774 0.123531910084
-0.00127145135656 0.000146009263757 0.123781300636
-0.00119073325963 0.000123049939095 0.124031952762
-0.00111843211927 0.000111008958335 0.124285097028
-0.00105952392679 0.000109362430192 0.124540116247
-0.00101530768536 0.000115520328455 0.124797627652
-0.000984715729906 0.000125128745448 0.125055767939
-0.000967737947658 0.000134604340358 0.125315158153
-0.000968597793399 0.000144477221206 0.125575165651
-0.000991887000035 0.000156270594427 0.125837028835
-0.00103237810445 0.000164254833637 0.126098263281
-0.00107675979317 0.000158614994643 0.126356993942
-0.00111857135474 0.000136923897805 0.126611357391
-0.00116154542725 0.000103799077084 0.126863838149
-0.00120990203369 6.31254368428e-05 0.127114436168
-0.00126347690197 1.61762358095e-05 0.127365018659
-0.00131836671256 -3.67726621164e-05 0.127613733867
-0.00136769770866 -9.51409950795e-05 0.127862445168
-0.0014038102498 -0.000157308759058 0.128109293043
-0.00142259399059 -0.000220612293631 0.128355523634
-0.00142817376382 -0.000282200506395 0.128601765822
-0.00142994532308 -0.00033994620856 0.128849261844
-0.00143268544403 -0.000392921202783 0.129097386747
-0.00143376996591 -0.000441567741128 0.129346757817
-0.00142911941444 -0.000487407514462 0.129596132793
-0.00141795104389 -0.000531745154308 0.129846136675
-0.00140296522888 -0.000574287421073 0.130096761723
-0.00138653433179 -0.000613884561092 0.130348011819
-0.00136626550901 -0.000650779853843 0.130599886916
-0.00133680970561 -0.000686071107405 0.130851762037
-0.00129497279071 -0.000719221781462 0.131103637158
-0.00124095007311 -0.000747804552754 0.131356133373
-0.00117884374406 -0.000768374083666 0.131608012303
-0.00111859927362 -0.000777370388433 0.131858648925
-0.00106884307589 -0.000773380584267 0.132109281641
-0.0010243310782 -0.000757668586993 0.132358672073
-0.000971573343342 -0.000730649956695 0.13260681641
-0.000907130016218 -0.000690744393144 0.132853710771
-0.000838995506315 -0.000636638726252 0.133099355156
-0.000776938592845 -0.000568548298062 0.133343128446
-0.000728678043045 -0.000487539981708 0.133585647879
-0.0006952840714 -0.00039527138754 0.13382691736
-0.000669247669178 -0.000295238347601 0.134066933031
-0.00064610296144 -0.000192973466587 0.134307565914
-0.000633064512623 -9.23720762027e-05 0.134548198798
-0.000637541117284 4.91625610696e-06 0.134789456609
-0.000656621431855 9.58286109797e-05 0.135031343279
-0.000684969195308 0.000177032918349 0.135275101042
-0.000721493186552 0.00024736463354 0.135520733709
-0.000766063543693 0.000306627087728 0.135766991352
-0.000818456326621 0.000354856370951 0.136015745088
-0.000875332558648 0.000391449070567 0.136265748825
-0.000927651408919 0.000415442696815 0.136517006395
-0.000971224573192 0.000428181861491 0.136768896681
-0.00101204821705 0.000432411635815 0.137022036991
-0.00105178083129 0.000429576200906 0.137275185041
-0.00108231835164 0.000420732014496 0.137528946541
-0.00110151329281 0.000407541683124 0.137782708089
-0.00111784890755 0.000391170756612 0.138035844709
-0.00113672294713 0.000372577263266 0.138290223591
-0.0011549508739 0.000352855723177 0.138543973662
-0.00116812665545 0.000332641469833 0.138797098734
-0.00117631230165 0.000312053839345 0.139050833351
-0.00118251851982 0.000291454331671 0.139303943016
-0.0011874857993 0.000270858340989 0.139556431563
-0.00118606043457 0.000248559384128 0.139809545062
-0.0011698185639 0.000221876711879 0.140062037467
-0.00113711444683 0.000191313274504 0.140315154776
-0.00109756500099 0.000161545095074 0.140567643203
-0.00105836384256 0.000136064441449 0.140819510464
-0.00101335226234 0.00011490492744 0.141071370009
-0.000953886559149 9.8862839151e-05 0.141322608436
-0.00088089595505 9.09930397869e-05 0.141573846863
-0.000801624091385 9.42100879335e-05 0.14182383922
-0.000723582567835 0.000109898919226 0.142073831553
-0.000653576640058 0.000138116822332 0.142323195051
-0.000592163702826 0.000178405014025 0.142572558526
-0.000533407962245 0.000230416328919 0.142821297048
-0.000477961481161 0.000292602480891 0.143070043263
-0.000434863779549 0.000362081342712 0.143318789477
-0.000409701288808 0.000436217589073 0.143567539573
-0.000402634906276 0.000512574284887 0.143816910762
-0.000414857914379 0.000588772726724 0.144066906952
-0.000448563183451 0.000662748141204 0.144317531952
-0.000498804683296 0.000731011265054 0.144568789667
-0.000553411835576 0.00078825293036 0.144820051216
-0.000606550234457 0.000831478387849 0.145071312741
-0.000660004430855 0.000860838492665 0.145323199266
-0.000712994448744 0.000876885381273 0.145575085767
-0.000766365224684 0.000880866108346 0.145826976126
-0.00082393219457 0.000874181345953 0.146079491485
-0.000881661466876 0.000857470943919 0.146331995246
-0.000930007795464 0.000832285833767 0.146584495149
-0.000966762293188 0.000801124371148 0.146836370076
-0.000995602768371 0.000766031720101 0.147088248862
-0.00101611928014 0.000728833467195 0.147340119955
-0.00102779003232 0.000690947668501 0.147591366073
-0.00103395545049 0.000652771720446 0.147842608356
-0.00103357236115 0.000614570171819 0.148093850664
-0.00102289091084 0.00057584824728 0.14834447183
-0.00100523644559 0.000535448035267 0.148595096878
-0.000988333984719 0.000493698281602 0.148846343068
-0.000974288888368 0.000451981206225 0.14909696814
-0.000957863656435 0.000410595845036 0.149347589378
-0.000934241213721 0.000369363064872 0.149598210641
-0.000905299000909 0.000329482176623 0.149848831903
-0.000876470597285 0.000292864868107 0.150099453118
-0.000848520281338 0.000260324422176 0.150349453262
-0.000813725234768 0.000231928329479 0.150600066809
-0.00076329722643 0.000209231321957 0.150850055404
-0.000700562387537 0.00019523740678 0.151100043975
-0.000637446621953 0.000191844470491 0.15135003638
-0.000575653749118 0.000200046186469 0.151600024927
-0.000508021284318 0.000221740699132 0.151850013426
-0.000438029870027 0.000257334551318 0.152100623019
-0.000380213415702 0.000304243160553 0.152350619234
-0.000342416542722 0.000360082352924 0.15260185766
-0.000319434604082 0.000424106313601 0.152853099968
-0.000303522640709 0.000494312657844 0.15310434611
-0.00029397334165 0.000566275132257 0.15335622111
-0.000294519547434 0.000635308254704 0.153607478826
-0.000306287540678 0.000697808028289 0.153859361541
-0.000328253547651 0.000751226070648 0.154111251948
-0.000362911759601 0.000794539504761 0.154363763497
-0.000413716573196 0.00082747017273 0.154615657738
-0.00047488592905 0.000848585494535 0.154868794239
-0.000533961112098 0.000856599516856 0.155120696196
-0.000586280085889 0.000852442987388 0.155373215413
-0.000635923265997 0.000837819213371 0.15562510963
-0.000686346130113 0.000813779007547 0.155876999989
-0.000738378332269 0.000781060499339 0.156128882632
-0.000788385262635 0.00074110528342 0.156380761393
-0.00082688715168 0.000697241989725 0.156632011345
-0.000848010456414 0.000653005311219 0.156883257414
-0.000857158413572 0.000609271196257 0.157133878532
-0.000862851145392 0.000565240475897 0.157384495816
-0.00086616664219 0.000521337444832 0.157635116957
-0.000863696161977 0.000478279857922 0.157885109265
-0.00085562740435 0.000435647419606 0.158135726574
-0.000845076404089 0.000392885369422 0.158385718954
-0.000831392169139 0.000349978582237 0.158635715216
-0.000809848320027 0.000306712862337 0.158886328714
-0.000780955416221 0.000263574730921 0.159136321071
-0.00075111789276 0.000222063369681 0.15938569231
-0.000719180636347 0.000183065255066 0.159635680833
-0.000676953631526 0.000147461081936 0.159885673214
-0.000623822503498 0.000117421721316 0.1601356695
-0.000562784650379 9.52530374274e-05 0.160385661905
-0.00049064949873 8.36190349668e-05 0.160635650429
-0.000407619528197 8.51882690085e-05 0.160885642786
-0.000326594571958 9.96879441119e-05 0.161136252403
-0.000263151433275 0.000123864784814 0.161386869759
-0.000220159567301 0.000156044873588 0.161637483258
-0.00018643953751 0.00019857270653 0.161888725591
-0.000152160427642 0.00025329074476 0.162140589017
-0.000122521544376 0.000316746918646 0.162392460159
-0.000110978311185 0.00038325399344 0.162644956301
-0.000121781079762 0.000449752602975 0.162898081252
-0.000147610929482 0.000514149923359 0.163151206203
-0.000182926446707 0.000572896377632 0.163404338846
-0.000229555073577 0.000622533569185 0.163657471514
-0.000286650298662 0.000660625183115 0.163910604181
-0.000345202146983 0.00068533958731 0.164163119588
-0.000399342636069 0.000696324480004 0.164415631113
-0.000451747529799 0.000694430074277 0.164667517686
-0.000503739678156 0.000680710094442 0.164919400377
-0.000552788922189 0.000656528847948 0.165170661927
-0.000594297637947 0.000624112533547 0.165421298524
-0.000623055903669 0.000586609951938 0.165672552358
-0.000643401660136 0.000545448822665 0.165922556215
-0.000665595499991 0.000499355811893 0.166173181215
-0.000688181318858 0.000449556232117 0.166423806191
-0.000701813368061 0.00040017016571 0.166673810048
-0.000705546347639 0.000352667645947 0.166923810072
-0.000704270450628 0.000306107175266 0.167173810096
-0.000698188917563 0.000260555641249 0.167423810144
-0.000685028256393 0.000216122570766 0.167673806358
-0.000666616675785 0.000171954274867 0.167923802572
-0.000648132369655 0.000127662287535 0.168173173811
-0.000633479321296 8.38343959605e-05 0.168423170025
-0.000621150978765 4.11270440254e-05 0.168673166263
-0.000604611703193 -8.95179781077e-08 0.168923162526
-0.000577938927241 -3.90593737469e-05 0.169172533812
-0.000537993787142 -7.41203713856e-05 0.169422530051
-0.000483841971977 -0.000102685111171 0.169672522432
-0.000421617599186 -0.000122650103239 0.169922518695
-0.000362894341748 -0.00013391626755 0.170173132217
-0.000306957745776 -0.000135311196038 0.170423749574
-0.000239801318457 -0.000121413587738 0.170674370789
-0.000160753450303 -8.94273942409e-05 0.170926234216
-8.8306256328e-05 -4.44338343582e-05 0.1711781015
-3.66600601085e-05 7.46870298162e-06 0.171429968785
-5.29143876726e-06 6.48512214427e-05 0.171682464903
1.24880194604e-05 0.000128121965166 0.171934339902
2.15011476523e-05 0.000195696880913 0.172187457114
2.15554998105e-05 0.000263294800996 0.172439960948
8.25087319643e-06 0.000326056763603 0.172692468639
-2.10225545077e-05 0.000380788445809 0.172945597424
-6.28150271978e-05 0.000425682633164 0.173198108974
-0.000112949958496 0.000459234837212 0.173450616665
-0.00017158563758 0.000480203788579 0.17370251093
-0.000238088087411 0.000487856033124 0.173955022479
-0.000307797719725 0.000482179826044 0.174206909028
-0.000377450691096 0.000463668704895 0.17445879172
-0.000446650077239 0.00043281680446 0.174710662813
-0.000512285367242 0.000391098372656 0.174962537765
-0.000565911590809 0.000342608583722 0.175213783883
-0.000599980030638 0.000292947668742 0.175464408883
-0.000616061789441 0.000245100379701 0.175715033882
-0.00062194076644 0.000198604904485 0.175965033906
-0.000621082882199 0.000153427705414 0.176215030072
-0.00061415277868 0.000109999159871 0.176465026262
-0.000607048348013 6.61795651246e-05 0.176715643546
-0.000603597480478 2.11643729576e-05 0.176965643594
-0.000596546426407 -2.22646210786e-05 0.177215639784
-0.000578495813542 -6.30032640853e-05 0.177465639808
-0.000553848649816 -0.000103061282106 0.177715636023
-0.000529353994161 -0.00014328059974 0.177966257213
-0.000501906028377 -0.000182506365963 0.178216257309
-0.000464676618623 -0.000219026445481 0.178466878523
-0.000416531840704 -0.000251220369702 0.178716874786
-0.000361055469595 -0.000277538270444 0.178967496
-0.000303314742376 -0.000296948356602 0.179218734475
-0.000247718828121 -0.000308981350495 0.179469355689
-0.000194028407808 -0.000312450485114 0.179720594188
-0.000138130154353 -0.000304531340972 0.179971840379
-7.91484064023e-05 -0.000282943794948 0.180223707687
-2.36798594992e-05 -0.000248927880452 0.180475578853
1.7554547946e-05 -0.000207127865223 0.180728074971
3.77763892337e-05 -0.000161378380012 0.180979957686
4.08052554919e-05 -0.000110249093587 0.181232461496
3.66584246482e-05 -5.00231816344e-05 0.18148496533
2.89885912949e-05 1.75803549081e-05 0.181737465281
1.11897921009e-05 8.5069274549e-05 0.181989969115
-2.27976280051e-05 0.000146144431891 0.182242469066
-6.93116955384e-05 0.000198291071743 0.182494969018
-0.000122372158726 0.000239633444882 0.182746847876
-0.000182521237196 0.000267764115502 0.182998105591
-0.000248241658465 0.000281722974464 0.183248734473
-0.000310132599666 0.000282931036464 0.183499363354
-0.000363204602893 0.00027334967819 0.183749992212
-0.00041116040241 0.000253713972353 0.183999996094
-0.000454626369447 0.000225407471664 0.184249999976
-0.000487174136981 0.000192425143196 0.1845