1480
-0.000378571906291 -0.000517220528943 -0.185
-0.0003341712713 -0.000528660094563 -0.18475
-0.000292423464327 -0.00054429128203 -0.184499375
-0.000252701436544 -0.000561440637 -0.184248128882
-0.000211746729267 -0.000574416080499 -0.183997503882
-0.000168162136267 -0.000581319642932 -0.183745636621
-0.000124027397082 -0.000584346060073 -0.183494386621
-8.2879680827e-05 -0.000587160798681 -0.183242519313
-4.54542422407e-05 -0.00059012776092 -0.182991273122
-7.61345829543e-06 -0.000586715370717 -0.182739401932
3.37648510399e-05 -0.000569556434178 -0.182488155742
7.59550487411e-05 -0.000538517342546 -0.182235667315
0.000113013106342 -0.000500099480521 -0.181983792315
0.000139792503342 -0.000462852438966 -0.181731917291
0.000155289847099 -0.000428501875449 -0.181480034575
0.00016248564409 -0.000386588802038 -0.181228148001
0.000162988926678 -0.000326958919297 -0.180975636452
0.000154805443455 -0.000253156458327 -0.18072249995
0.000135626460921 -0.000176984158376 -0.180468746165
0.000105079458657 -0.000108411149671 -0.180214996237
6.31911831624e-05 -5.57100953462e-05 -0.179961242475
9.8751256413e-06 -2.43442242582e-05 -0.179707484832
-5.13514902327e-05 -1.05963412624e-05 -0.179452481094
-0.000112297678493 -4.8466909614e-06 -0.179197481191
-0.000165489491274 -1.13937336054e-06 -0.178943090808
-0.000208369009861 2.19794710578e-07 -0.178689321543
-0.000243822905926 -6.7019904177e-06 -0.17843554842
-0.000276531089068 -2.99324344056e-05 -0.178180536919
-0.000305805472881 -6.92852469228e-05 -0.1779249043
-0.00032576958591 -0.000113578832398 -0.177668638989
-0.000333087637408 -0.000152314394349 -0.177412990915
-0.000329928898147 -0.000184786311639 -0.177158592792
-0.00032001854802 -0.000216374509473 -0.1769035851
-0.00030545557089 -0.000250803737973 -0.176648581243
-0.000286978605225 -0.000287500149128 -0.176392960125
-0.000264791425243 -0.000320130221278 -0.176137971699
-0.000239274086078 -0.000340370090557 -0.175883608272
-0.000211775997664 -0.000348706563895 -0.175630487082
-0.000183970012955 -0.000352882815895 -0.175377362033
-0.000156728193009 -0.000356388872401 -0.175124865842
-0.000129783116608 -0.000358360879111 -0.174871756273
-0.00010289670636 -0.000359260187485 -0.174619267847
-7.61585402226e-05 -0.000360453804499 -0.174366775562
-4.80717926114e-05 -0.00035911814537 -0.174114283326
-1.42280045758e-05 -0.000346050947295 -0.173861791089
2.7759502813e-05 -0.000314443268725 -0.173608677758
7.27584530416e-05 -0.000270851225979 -0.17335618557
0.00011286065943 -0.000229138184119 -0.173103693358
0.00014572866029 -0.000193380652904 -0.172851201145
0.000173529829603 -0.000155305682393 -0.172599333909
0.000196718016837 -0.000107832046893 -0.172347462791
0.000213256664247 -5.05709285266e-05 -0.172095591697
0.000220846711609 1.43065393492e-05 -0.171843716745
0.000217658349006 8.18232474908e-05 -0.171591845628
0.000202716177897 0.00014426941187 -0.171339357273
0.00017609110023 0.000196904987114 -0.171087486155
0.000138450975778 0.000241326550778 -0.170834990061
9.10557045017e-05 0.000279659715933 -0.170581868992
3.57122637309e-05 0.00030885049499 -0.17032874023
-2.48576109219e-05 0.000327375952557 -0.170074365326
-8.62208873398e-05 0.000338822574417 -0.169819986565
-0.000144681095631 0.000341518408288 -0.169565600088
-0.000199156219752 0.000328834761519 -0.169310592469
-0.000247143804458 0.000302904356696 -0.169054338779
-0.000285255243619 0.000270535263797 -0.168798710018
-0.000313273325342 0.000230570451203 -0.168543081257
-0.000331221436612 0.00018241613201 -0.168286835212
-0.000337478087216 0.000134872183107 -0.168030585309
-0.000332193990507 9.66228208895e-05 -0.167775573736
-0.000317868907566 6.95191347327e-05 -0.167521808257
-0.000297340111869 5.14914683959e-05 -0.167268675421
-0.000272716559779 3.8557959203e-05 -0.167015546492
-0.000245179425619 2.62995853501e-05 -0.166761796444
-0.000215559386967 1.55091696343e-05 -0.16650867523
-0.000185013401411 1.20814084231e-05 -0.166256171276
-0.000154090716666 1.53770848094e-05 -0.166003663487
-0.000122616422306 1.6127257419e-05 -0.165750542321
-9.13976297087e-05 1.06049716739e-05 -0.165497425036
-6.12873692582e-05 5.78048258266e-06 -0.165244307751
-3.16369199112e-05 7.51348912644e-06 -0.164991815466
-1.79084039203e-06 1.347204785e-05 -0.164739319348
2.83997051844e-05 2.16092672718e-05 -0.164487448229
5.94879432978e-05 3.39004210589e-05 -0.164234955992
9.07910617555e-05 4.80936681474e-05 -0.163983084874
0.000121489964851 6.27716497719e-05 -0.163731213756
0.000152254741659 8.73897574475e-05 -0.163479342638
0.000181988890807 0.000129811500705 -0.163226850402
0.000207169741467 0.000185966902453 -0.162974979308
0.000224763642689 0.000248082151627 -0.162722487072
0.000233107089009 0.000309513183135 -0.162469998693
0.000231370402801 0.000367900299163 -0.162217502599
0.000218010869426 0.000429491430968 -0.161965002648
0.000191143918333 0.0005003039189 -0.16171187772
0.00015189037378 0.000572999426995 -0.161458135508
0.000104515201092 0.000631975074789 -0.161204389462
5.23209816125e-05 0.000669331991008 -0.160950643392
-3.47089954988e-06 0.000687815695525 -0.160696268464
-6.13548803634e-05 0.000692078417232 -0.160441889679
-0.000118634426934 0.000685362391367 -0.160186264799
-0.000171949742598 0.000671530805218 -0.15993125718
-0.000218083253006 0.000653092936213 -0.159676245703
-0.000255040371039 0.000628420825599 -0.159420609274
-0.000282033997221 0.000594445731748 -0.159165590081
-0.000298528122085 0.000551332259152 -0.158909328652
-0.000304078917226 0.000504275565942 -0.158653074915
-0.000298961404228 0.000459036333155 -0.158396824964
-0.000284175046144 0.000417286893518 -0.158141192273
-0.000260915891806 0.000378665208768 -0.157884946179
-0.000230381294789 0.000342519120351 -0.157629332801
-0.000194018310109 0.000309515899137 -0.15737373102
-0.000154776423496 0.000284311037387 -0.157118754216
-0.000116082123293 0.000270704821674 -0.156864390813
-7.98113937612e-05 0.000267672072056 -0.156611269623
-4.61265920263e-05 0.000271687148089 -0.156358773433
-1.43619929667e-05 0.000278724825371 -0.156106277243
1.57313258507e-05 0.00028766461523 -0.155854406076
4.40220580103e-05 0.000301552523231 -0.155602534909
7.13018933072e-05 0.000324250231527 -0.155350663767
9.89736615707e-05 0.000357108537679 -0.155098792649
0.000127848629047 0.000395798267767 -0.154846917696
0.000157372305208 0.000433806032625 -0.15459505046
0.000186251192511 0.000470452944718 -0.154343179366
0.000213129166824 0.000509447628956 -0.15409131213
0.000236334466186 0.000555100778813 -0.153839441012
0.000253633477256 0.000610451205925 -0.153586952657
0.000263673935236 0.000670744576129 -0.153335085397
0.000267503064919 0.000724967368157 -0.153083218137
0.000266436204382 0.000768013605621 -0.152831971995
0.000258219222749 0.000806709167234 -0.152580721971
0.000237977516775 0.000850623784075 -0.152328850853
0.000204425251512 0.000898295947254 -0.152076354735
0.00016116149584 0.000939527065313 -0.151823850926
0.000111279082909 0.000968470694594 -0.151570101022
5.54440034788e-05 0.000986715254225 -0.151316343378
-4.76582910923e-06 0.000996655393931 -0.151061339641
-6.52033478097e-05 0.000996792262521 -0.150806332021
-0.000121141255665 0.000983796248387 -0.150550699426
-0.000169407477891 0.000957299333299 -0.150295062973
-0.000208085354211 0.000920709255618 -0.15003880926
-0.000235488587373 0.000876450879436 -0.149782547831
-0.000250370858784 0.000825822523235 -0.149525669094
-0.000253275676483 0.000775883306114 -0.149269415333
-0.000246985843198 0.00073781429416 -0.149014407618
-0.000234959785478 0.000717043847572 -0.14876064983
-0.000218271356064 0.000707470540207 -0.148508138137
-0.000194308070169 0.00069634762932 -0.148255001467
-0.00016102324594 0.000678433438749 -0.148001236012
-0.000120621428953 0.000658990737283 -0.147746841747
-7.6985710378e-05 0.000643768292536 -0.147491837913
-3.34615315358e-05 0.000635478947984 -0.147238084055
6.70776905841e-06 0.000636094976299 -0.146984341771
4.14162218987e-05 0.000646388746098 -0.146731849438
7.1947312784e-05 0.000663139710021 -0.146479985963
0.000102100384047 0.000679459905689 -0.146227497536
0.000132854144465 0.000692564078317 -0.145975630227
0.00016129243732 0.000708994701622 -0.145723137942
0.000186074241253 0.000735496046785 -0.145471887894
0.000209794612432 0.000767685001555 -0.14522002061
0.000235220113976 0.000795634409515 -0.144968149467
0.000261639538924 0.000819795033457 -0.144716899443
0.000284855258428 0.000852461839164 -0.144465032159
0.000300946191792 0.000900762426909 -0.144213157135
0.000309015025155 0.000959212270124 -0.143961282135
0.000308482757554 0.00102239554169 -0.143708782159
0.000298035486205 0.0010879872005 -0.143456282207
0.000279228707265 0.00114942498461 -0.143203164971
0.000252945609962 0.00120338540395 -0.142950668853
0.00021540012643 0.00125424510525 -0.142697547759
0.000165418409562 0.00130222734646 -0.142443801713
0.00010820315 0.00134045641775 -0.142189430691
4.88004984524e-05 0.00136418413108 -0.141935063527
-9.93053416852e-06 0.00137223256283 -0.141680692506
-6.49804173631e-05 0.00136330448737 -0.14142632146
-0.000115170635537 0.00133894064928 -0.141171321605
-0.00016110650112 0.00130526330979 -0.140915696798
-0.000200360754761 0.00126494737652 -0.140660693085
-0.000228285736922 0.00121482358889 -0.140405693253
-0.000243299593227 0.00115621821011 -0.140150072328
-0.000246157170989 0.00109503955179 -0.139895076379
-0.00023601395324 0.00103211537648 -0.139640701548
-0.000212135452566 0.000967358036058 -0.139385709504
-0.000177236428267 0.000906269433116 -0.139131338579
-0.000136035984889 0.000855072350445 -0.138877592653
-9.42115782387e-05 0.000818191083034 -0.138625092798
-5.72839814191e-05 0.000797519443257 -0.138372592966
-2.45010924594e-05 0.000786770928242 -0.138120710395
1.06097852088e-05 0.000775664195488 -0.137868206658
4.86063480949e-05 0.000762194139185 -0.137615699039
8.4675516179e-05 0.000749583466581 -0.137363191372
0.000117916873125 0.000737202361957 -0.137111304775
0.000148229912228 0.000724185143182 -0.13685879313
0.00017353347563 0.000712332641373 -0.136606281389
0.000196038206524 0.000700243978431 -0.136353152315
0.00022086792429 0.000682821580821 -0.136100027051
0.000247458771481 0.000660383813392 -0.135848147855
0.000270777488352 0.000639596798491 -0.135595037996
0.000290830798196 0.000620572634129 -0.135340685973
0.000313029597171 0.000594949380469 -0.135088197376
0.00033820942011 0.000561139134699 -0.134836954898
0.000358919348906 0.00052844608595 -0.134585712396
0.000367148273358 0.000504121351968 -0.134330731685
0.000362135714731 0.000485056130887 -0.134073251167
0.000349930684787 0.000462371440207 -0.133815759148
0.000336805846183 0.000429711542985 -0.133561376625
0.000322704388373 0.000387126000754 -0.133310103672
0.000298576297653 0.000340189016042 -0.133059452005
0.000255365632338 0.000292907880854 -0.132806933198
0.000198360056036 0.00024105036796 -0.132554425918
0.000141075944102 0.00017774553263 -0.132305031943
8.98884049218e-05 0.000101560303662 -0.132058762872
4.61761817496e-05 1.43599622812e-05 -0.131815618656
1.18274205675e-05 -8.19790573824e-05 -0.131574970413
-1.37271084321e-05 -0.000183224704712 -0.131334333768
-3.17569846946e-05 -0.000283549998647 -0.131093697123
-3.91202623057e-05 -0.000381323928232 -0.130851814384
-3.32368046403e-05 -0.000475890458047 -0.130608673928
-1.99908074025e-05 -0.000558877286536 -0.130363037331
-6.92569366957e-06 -0.000621508196886 -0.130114279639
8.91014312452e-06 -0.000667850338205 -0.129864264208
3.69527202408e-05 -0.000708351579697 -0.129612373776
7.92192230132e-05 -0.000744795826879 -0.129357987227
0.000127909677239 -0.000770328093773 -0.129102354584
0.000175518595461 -0.000780325924845 -0.128846104608
0.000220375179847 -0.000776191401259 -0.128591108466
0.000261567466497 -0.000759947677957 -0.128336745039
0.000296433825677 -0.000732148608244 -0.128083631588
0.000324756019268 -0.000694816528065 -0.127832393161
0.000349311715194 -0.000651651960981 -0.12758240471
0.000373074215027 -0.000606132737129 -0.127332424047
0.000396600652521 -0.000559608607215 -0.12708306074
0.000417496116795 -0.000509671991983 -0.126834943648
0.000434770482463 -0.000453587784738 -0.126587447723
0.000450768689211 -0.000392396416586 -0.126341201798
0.000466947153071 -0.000327169726046 -0.126095577063
0.000482697113503 -0.00025627246547 -0.125850573496
0.000497700060135 -0.00018022168823 -0.12560618714
0.000512250386772 -0.000102620839725 -0.125361804619
0.00052574908445 -2.51872100195e-05 -0.125118039334
0.000536081339489 5.44639334542e-05 -0.124874277858
0.000539957658915 0.00014046083938 -0.12463113357
0.000534425151675 0.000234355167371 -0.124387989186
0.000519132806546 0.00033125569588 -0.124144844729
0.000497016628698 0.000421052214168 -0.123900458012
0.000470996305652 0.000496381245508 -0.123654200152
0.000439796977563 0.00055934349112 -0.123406071222
0.000400546309608 0.000614923754982 -0.123156071197
0.000354313746031 0.000660222252396 -0.122904821221
0.000303657976529 0.000689737134437 -0.122651071341
0.000248936604107 0.000705232703691 -0.122396688769
0.000191515076055 0.000710543783507 -0.122141677364
0.000135212173224 0.000703766426906 -0.121886048674
8.33210790967e-05 0.000679695105411 -0.121631048843
3.73894447602e-05 0.000634807473265 -0.121377923963
-1.8326627178e-06 0.000568371568804 -0.121126056823
-3.30601857239e-05 0.000484812233504 -0.120876685801
-5.38099918822e-05 0.000396165724874 -0.120629810946
-6.26477066826e-05 0.000312217351658 -0.120384193853
-6.11176447442e-05 0.000229658133158 -0.120139217289
-5.13552785072e-05 0.00014162157006 -0.119896740725
-3.42890768493e-05 4.83978160753e-05 -0.119654881517
-1.0664172636e-05 -4.37552666231e-05 -0.119413014641
1.7983210317e-05 -0.000125438544017 -0.119171140026
4.92050851708e-05 -0.000192025912113 -0.118926780892
8.10687472426e-05 -0.000248619506154 -0.118681167924
0.000112810158546 -0.000302929025851 -0.118434926003
0.000144187979069 -0.000359089583231 -0.118188676245
0.000174900391958 -0.000416620908612 -0.117942418699
0.000204888672419 -0.000471734507416 -0.117695539914
0.000234408996499 -0.000523286534747 -0.117448039771
0.000262655394968 -0.00057581813349 -0.117201156551
0.00028875990149 -0.000630527175512 -0.116954269353
0.000314863643646 -0.000680281985356 -0.116706132273
0.000343082885061 -0.00072109259441 -0.116456741432
0.000372383771695 -0.000755736721855 -0.116206108306
0.000403585667896 -0.000780853944788 -0.115954232944
0.000438759824809 -0.000788027673561 -0.115699865491
0.000474836561733 -0.000778594372678 -0.115443627087
0.000506273419489 -0.000761086552177 -0.115187373301
0.000530754976052 -0.000738671107087 -0.114932990609
0.000548604779727 -0.000706812616895 -0.114678611847
0.00056017451181 -0.000657051885439 -0.114425483084
0.000563621450318 -0.000587048075285 -0.11417422925
0.000556149894035 -0.000504499554976 -0.113924858058
0.000537055987613 -0.000413613374088 -0.11367922903
0.000507029989886 -0.000316286052363 -0.113436092262
0.000467020327317 -0.000222052086609 -0.113194205518
0.0004189074325 -0.000136288203 -0.112952310962
0.000365889469767 -5.50048878368e-05 -0.112709158715
0.000311834397615 2.26125124429e-05 -0.112465991132
0.000259891274815 9.17651648097e-05 -0.112220312169
0.000212362879189 0.000148413560996 -0.111970262161
0.000171407472945 0.000191852567517 -0.111715841036
0.000139482073512 0.00022486431057 -0.111457685463
0.000118742888685 0.000251698646828 -0.111197658941
0.000110315282583 0.000275752674657 -0.110937007491
0.000114158432508 0.000299022691829 -0.11067575033
0.000129436531985 0.000322453293829 -0.110415773793
0.000154545493806 0.000348009257426 -0.110157085593
0.000186798499239 0.000378520419217 -0.10990089344
0.000222791275545 0.000415700337308 -0.109647803115
0.000259019855095 0.000459808633405 -0.10939718969
0.000293452995263 0.000508007802644 -0.109148443548
0.000325738332589 0.000555941735587 -0.10890033017
0.000355920797358 0.000600388562215 -0.108651599557
0.000385362582032 0.000637259657566 -0.108401611227
0.000414732852017 0.000664057875881 -0.108150369016
0.000440777028663 0.000685357189798 -0.107898494041
0.000461559096807 0.000706495409784 -0.107645372899
0.000480920983054 0.000723774631839 -0.107392247827
0.000502337110113 0.000731367624422 -0.107137880543
0.000523824476525 0.00073208765233 -0.106883513258
0.000541915035498 0.000731375581905 -0.106627903761
0.000555850997519 0.000728691332027 -0.106371665406
0.000565771867188 0.000721778353034 -0.106114805981
0.000569246981614 0.000712283057548 -0.105857954369
0.00056353463456 0.000701438921525 -0.10559924719
0.000550632353109 0.000684753139668 -0.105341789989
0.000534236089474 0.000657673989315 -0.105086809591
0.000513460790952 0.000621004518532 -0.104833681047
0.000486266807982 0.000576017535212 -0.104582412048
0.000453559879273 0.00052152323173 -0.104333639095
0.000415645578901 0.000457086636488 -0.104087362236
0.00037252229395 0.000383019635496 -0.103842956471
0.000326313689792 0.00029937618864 -0.103600429491
0.00027860229432 0.000208100220456 -0.103359781321
0.000233222287286 0.000111005707334 -0.103120394676
0.000198389968711 6.39561490983e-06 -0.102882882934
0.000178841156271 -0.000106189418258 -0.102647238427
0.000173100849026 -0.000221814642316 -0.102411593873
0.00017937173402 -0.000334630676387 -0.102174695532
0.000196771059171 -0.000440158066273 -0.101935304931
0.000222095911173 -0.000532430452013 -0.101693410545
0.000250843316115 -0.000605853311425 -0.101447770065
0.000281027440486 -0.000659763864626 -0.101199633492
0.000314333403664 -0.000698324475782 -0.100949618012
0.000354996033655 -0.000727744668594 -0.100698356343
0.000405937451613 -0.000751782374451 -0.10044646191
0.000463010538081 -0.000767386646988 -0.100192700192
0.000516803820789 -0.000768056308367 -0.0999401884029
0.00056076424823 -0.00075108395499 -0.0996883016131
0.000595239105731 -0.000719442100945 -0.0994382937289
0.000625683182731 -0.000679477652663 -0.0991889147746
0.000657565116118 -0.000637136974674 -0.0989401609404
0.000692163004921 -0.000594812709681 -0.0986907938003
0.000727637679003 -0.000551717448944 -0.0984426728268
0.000762911804272 -0.000507173415935 -0.0981945557597
0.000798678160167 -0.000462659827878 -0.0979464387172
0.000834534501963 -0.000416942025039 -0.0976995601012
0.000868430076674 -0.000362713725114 -0.0974533064615
0.000900140236886 -0.000297130874431 -0.097208920058
0.000930940492596 -0.000225593230181 -0.0969651547244
0.000960162718761 -0.000149520986415 -0.0967226393425
0.000986027070587 -6.77782016118e-05 -0.0964801200541
0.00100801001666 1.5889472498e-05 -0.0962382218354
0.00102467076712 0.000100760143099 -0.0959956985443
0.00103170803465 0.000193461260113 -0.0957531790623
0.00102515549725 0.000297487417697 -0.0955106595558
0.0010065123726 0.000403230900183 -0.0952668900253
0.000981688140018 0.000494467144124 -0.0950206320687
0.000953703723205 0.000564462388076 -0.094771878066
0.000920308186885 0.000619083598152 -0.0945206357087
0.000879143699588 0.000665883024023 -0.0942675146376
0.000831531740427 0.000706542404212 -0.0940131436388
0.00078150898005 0.000736662892466 -0.0937575226886
0.000733006690717 0.000747202809496 -0.0935012728811
0.000687591297102 0.000729460632754 -0.0932437769317
0.00064555310588 0.000683497076705 -0.0929869059583
0.000608907545793 0.000619200619096 -0.0927319099369
0.000581076791709 0.000548117123939 -0.092478796583
0.000564331783109 0.000477407851756 -0.092228804323
0.000558538019015 0.000407192325005 -0.0919813120629
0.000562040538659 0.000330530389713 -0.0917363158968
0.000573877521551 0.000241731240973 -0.0914931870393
0.00059395338223 0.000144288633084 -0.0912531754896
0.000621251787183 4.72692698652e-05 -0.0910131717759
0.000653567691634 -4.39920071233e-05 -0.0907737930627
0.000688535381604 -0.000128261612577 -0.0905331604924
0.00072324531661 -0.000201601323151 -0.090290645135
0.000755409056242 -0.000262036439344 -0.090046250848
0.000786136937479 -0.000317780097465 -0.0897999892528
0.0008178013619 -0.000378739422933 -0.0895549697731
0.000849810781102 -0.000443976003736 -0.0893112001484
0.000880197736865 -0.000505154330262 -0.0890655709305
0.000908928645006 -0.000557506513393 -0.0888186916636
0.000937324905652 -0.000603033029511 -0.0885699374439
0.000965978753869 -0.000646901145266 -0.0883205542938
0.000994499324886 -0.000690672764148 -0.0880717922615
0.00102247163355 -0.00072739641626 -0.0878211746628
0.00104919979833 -0.000747768214663 -0.0875674554518
0.00107305022965 -0.000751478220458 -0.0873106306511
0.00109300538111 -0.000749554909525 -0.0870544114654
0.00111002416177 -0.000753397680936 -0.086800657535
0.00112390172261 -0.000757975512924 -0.086548134387
0.00112931622847 -0.000744704859029 -0.0862937440514
0.0011206510994 -0.000706744768963 -0.0860387440993
0.00109793880266 -0.000653775090017 -0.0857843729808
0.00106324467738 -0.00059417027656 -0.0855312556716
0.00101959185366 -0.000534029977026 -0.0852793921955
0.000973215585443 -0.00048214768406 -0.0850281575535
0.000926805297328 -0.000440500738992 -0.0847763056516
0.000877989743465 -0.000403468150778 -0.0845225865384
0.000827908059182 -0.000368088058954 -0.0842676136397
0.0007819964529 -0.00033508553888 -0.0840113869551
0.000744182824769 -0.000303013993846 -0.0837545198629
0.00071633305003 -0.000268762582544 -0.0834988679542
0.000702019372157 -0.000233484524472 -0.083243200519
0.000705321838733 -0.000200598611322 -0.082986279251
0.000725362231396 -0.000167988337089 -0.0827293618649
0.000757660917093 -0.000130425429154 -0.0824736944785
0.000798102760506 -8.47797829109e-05 -0.0822211482335
0.000842395388905 -2.94492607908e-05 -0.0819723596556
0.000889050279908 3.41043056328e-05 -0.0817267153186
0.000939137136646 0.000102926923889 -0.0814823248155
0.000988816412187 0.000176729560808 -0.0812398015724
0.0010331235186 0.000254792182145 -0.080998528353
0.00107493359617 0.000333211844507 -0.0807572629212
0.00111731317486 0.000408631068516 -0.0805147591593
0.00115392187887 0.000480212537849 -0.0802716264921
0.00117964577404 0.000546791149272 -0.0800266149912
0.00119943236134 0.000605721507569 -0.0797797284664
0.00121679523579 0.000655502446441 -0.0795309668694
0.00122840989252 0.000697588589147 -0.079280955224
0.00123345879258 0.000733806027969 -0.0790296974123
0.00123590344927 0.000764041609825 -0.0787765722923
0.00123957593253 0.000787127091878 -0.078522822196
0.00124583882909 0.000802411751221 -0.0782690760532
0.00124948116905 0.000812372612296 -0.0780147049823
0.00123862182071 0.000821868133141 -0.0777584705816
0.00120585557587 0.000831870078974 -0.0774997516851
0.00115690711369 0.000837082990492 -0.0772404116951
0.0011056668095 0.000830714584736 -0.0769823101795
0.0010627125218 0.000809589577572 -0.0767273066105
0.00102646929523 0.000775219593367 -0.0764760259163
0.000985917605678 0.000730655403115 -0.0762266201741
0.000934585879215 0.000676652980523 -0.0759784721241
0.000877113567646 0.000611814368307 -0.0757322067177
0.000822480243943 0.000534812658374 -0.0754896757113
0.000777429476061 0.000445198242107 -0.0752496484659
0.000742407460023 0.000343999716931 -0.0750127383841
0.000714233928398 0.000234022310536 -0.0747777032539
0.000693801285257 0.000117998570694 -0.0745439219571
0.000682668556075 -9.10582843593e-07 -0.0743101445176
0.00067912139089 -0.000117439650123 -0.074075128676
0.000685168570289 -0.000228904241232 -0.0738388667642
0.000705615719033 -0.000336050598997 -0.0736007260191
0.000740199568721 -0.000436975132926 -0.073360714204
0.000785194415423 -0.000527554166299 -0.0731175774618
0.000834427825711 -0.000602607659856 -0.0728713196499
0.000877686394959 -0.000655617630512 -0.0726225618862
0.000909716766899 -0.00068554085318 -0.0723725501927
0.000937402634132 -0.000699822863837 -0.0721206711914
0.00097051846301 -0.000705922260051 -0.0718681633081
0.00101052571834 -0.000704831286836 -0.0716156554005
0.00105139341393 -0.000693614654558 -0.0713625340905
0.00108684501998 -0.000670278113323 -0.0711106589223
0.00111565512883 -0.000635799665171 -0.0708600338019
0.00114096785076 -0.000593165673267 -0.0706106586818
0.00116597653646 -0.000545158597023 -0.0703619086099
0.00119106021491 -0.000492759089784 -0.0701137836343
0.00121539895412 -0.000435762391808 -0.0698675337071
0.00123943481952 -0.000374802637135 -0.0696212838763
0.00126327145146 -0.000310161097912 -0.0693769013301
0.00128557418463 -0.000240266303446 -0.0691331399021
0.00130646974365 -0.000165726758109 -0.0688900034504
0.00132762680138 -9.01348804912e-05 -0.0686481130926
0.00134733391978 -1.22379888936e-05 -0.0684062226865
0.00135974142384 7.4600094344e-05 -0.0681662032538
0.0013620669457 0.000170616354751 -0.0679274298184
0.00135782437919 0.000266970525943 -0.0676880313827
0.00135055022089 0.000356563773699 -0.0674473945199
0.00133901955958 0.000439128681219 -0.06720550768
0.00131926068247 0.00051702167885 -0.0669623746732
0.00128794586479 0.000591236441176 -0.0667167455725
0.00124374003928 0.000660977896972 -0.0664698588286
0.00118713859146 0.000724927845989 -0.0662204721334
0.00112221398736 0.000779902832564 -0.0659685893922
0.00105813182951 0.000817986575879 -0.0657142066998
0.0010030807081 0.000830836812592 -0.0654585740555
0.000957256421654 0.000819568255434 -0.0652010780811
0.000916643263744 0.000795006326662 -0.0649435743911
0.000880972946068 0.000765549189659 -0.0646873206057
0.000854724228374 0.000727608115481 -0.0644329340087
0.000842348338204 0.000672458965948 -0.0641798051032
0.000843936024738 0.000601393012585 -0.063928558913
0.000856323486132 0.000523832592286 -0.0636804376745
0.000878480664268 0.000441996261087 -0.0634348202936
0.000912719457375 0.000351416000652 -0.0631910779125
0.000958969130324 0.000253836519441 -0.0629498239573
0.00100920072911 0.000161020077987 -0.0627085634914
0.00105066465792 8.48153475676e-05 -0.0624658632662
0.00107939409887 2.35126212536e-05 -0.0622204196648
0.00110482168103 -3.52495837457e-05 -0.0619742861748
0.00113571907988 -9.91948788106e-05 -0.0617288917214
0.00117137055086 -0.00016755182504 -0.0614844226689
0.00120591954501 -0.000236670571351 -0.0612401371675
0.00123272401319 -0.000302562958485 -0.0609952925237
0.00124823500853 -0.000362079358174 -0.0607488355174
0.00125571239593 -0.000415387997703 -0.0605006416798
0.00126062752566 -0.000464449587207 -0.0602510807395
0.0012627629296 -0.000507899302329 -0.0599997795999
0.00125961756724 -0.000543223263259 -0.0597461807153
0.00125303876353 -0.000572382938749 -0.0594911505961
0.00124503235806 -0.000597870306747 -0.0592358039019
0.00123473873017 -0.000619767579462 -0.0589805773628
0.00122270067741 -0.000638827994108 -0.0587257185132
0.00120677290569 -0.000654102444156 -0.0584712241249
0.00118027432682 -0.000663258516316 -0.0582162250374
0.00114392938155 -0.000668137583434 -0.0579612243897
0.00110578634014 -0.000672037366638 -0.0577070338908
0.00106836789167 -0.00067571521528 -0.0574534046933
0.00102784823775 -0.00067941719761 -0.0571994687703
0.000981789370188 -0.000684569625611 -0.0569442936759
0.00093529651991 -0.000692380151299 -0.0566874376927
0.000899773447803 -0.000702149983821 -0.0564291998325
0.000881131365265 -0.000712293645139 -0.0561696329435
0.000874183819998 -0.000721510361803 -0.055908555699
0.000873882275875 -0.000727219085471 -0.0556466065849
0.000883439133948 -0.000725601024284 -0.0553852230523
0.000906464815086 -0.000713739126147 -0.0551255794
0.000940526244107 -0.000689852482813 -0.0548684830622
0.000981807204063 -0.000652869498636 -0.054614877321
0.00102832765905 -0.000602490143437 -0.0543650858979
0.0010783369608 -0.000539126564946 -0.0541192384009
0.00112778040396 -0.000464005637205 -0.0538770836727
0.00117093801365 -0.000379408872949 -0.0536382494566
0.0012066878454 -0.000287776389321 -0.0534018654663
0.00123908513822 -0.000190394865622 -0.0531671173356
0.00127189797338 -8.78314841224e-05 -0.0529333677291
0.00130628565513 1.90407728651e-05 -0.0527000498956
0.00133714651747 0.000126557503799 -0.0524663594369
0.00135485647903 0.000227863285141 -0.0522309287097
0.00135737185875 0.000319072962115 -0.0519928726835
0.00135324033301 0.000402294634156 -0.0517524316681
0.00135167734322 0.000480374074119 -0.0515100442653
0.00135547530825 0.000552613156185 -0.051265592007
0.00136049382425 0.000615746813365 -0.0510190150863
0.00136003261014 0.000667667790662 -0.0507702548756
0.00135391905636 0.000709644077652 -0.0505198117511
0.00134837715749 0.000743944183167 -0.0502681853317
0.00134232196181 0.000771169824701 -0.0500157495248
0.00132529812205 0.000790601111451 -0.0497621938508
0.00129233844118 0.000801305585303 -0.0495075187027
0.00124832909637 0.000802562089718 -0.0492523463345
0.00119787540557 0.000793518795849 -0.0489974861552
0.00114381862313 0.000773384777134 -0.0487435623715
0.00109208873535 0.000742505202995 -0.0484912593106
0.00104518357012 0.000701194249761 -0.0482410120859
0.000998012140431 0.000648040013544 -0.0479928214975
0.000945388926974 0.000581112474459 -0.0477469406653
0.000887772242269 0.000500107643119 -0.04750355938
0.000833140672689 0.000407614710171 -0.0472627377884
0.000791343173357 0.000307317940298 -0.0470241599253
0.000763826709781 0.000201032036331 -0.0467872656413
0.000746757795444 9.0062271747e-05 -0.0465513736547
0.000740530925262 -2.30301704277e-05 -0.0463158651503
0.000746292336682 -0.000135512991968 -0.0460798655336
0.000760942373025 -0.000244267677197 -0.0458427436586
0.000783475130543 -0.000346328122608 -0.0456038078124
0.000815557290603 -0.000439969452834 -0.045362622436
0.000856615435104 -0.000523655005189 -0.0451187496439
0.000907606128138 -0.0005965896064 -0.0448720613479
0.00096893276839 -0.000657957957744 -0.0446223087123
0.00103200451653 -0.000704883608888 -0.0443701174796
0.00108761162156 -0.000735490640109 -0.0441164247039
0.00113650659215 -0.000751273714394 -0.0438617330373
0.00118124793189 -0.000754101197546 -0.0436064799681
0.00121653806449 -0.000744335521955 -0.0433516670323
0.00123667590063 -0.000722763364066 -0.0430981703729
0.0012479658281 -0.000691648104175 -0.0428459255678
0.00126055745782 -0.000652877913275 -0.042594619017
0.00127314753607 -0.000606481489667 -0.042344627312
0.00127861775425 -0.000551440638255 -0.0420965746908
0.00127679553736 -0.000487350179695 -0.0418507694098
0.00127415828773 -0.000415609194576 -0.0416067114669
0.00127536926391 -0.000338520707357 -0.041364214498
0.0012783988915 -0.000256601087247 -0.0411232148311
0.00127934930985 -0.000169030676433 -0.0408839605255
0.00127915507384 -7.72778304766e-05 -0.040646141367
0.00127967282765 1.63830856778e-05 -0.0404093225463
0.0012762942519 0.000113081057402 -0.0401735657937
0.00126216372577 0.000214440542779 -0.0399388085873
0.00123839926041 0.000317228964151 -0.0397043024462
0.00121208327061 0.000415934455215 -0.0394688012428
0.0011832239476 0.000508824244746 -0.0392317417657
0.00114407316054 0.000596390190516 -0.0389926842728
0.00109593237772 0.000675551994927 -0.0387507530434
0.00105104836296 0.00074137057373 -0.0385055128892
0.00101118380676 0.000792573122661 -0.0382567759217
0.000963832301177 0.000830561653892 -0.038004289858
0.000905744974978 0.000855603244826 -0.0377481789155
0.000850337654912 0.000866634175676 -0.0374896274409
0.0008107645846 0.000863108868783 -0.0372296940303
0.000790433439727 0.000846089974329 -0.0369693165516
0.000787489997663 0.000818089977881 -0.0367091902256
0.000797052402825 0.000783223606473 -0.0364501286904
0.000811733657991 0.000746813848013 -0.0361931256864
0.000830317583692 0.000711163089973 -0.0359383050277
0.00086027914897 0.000674214083792 -0.0356849812393
0.000902895529695 0.000635659477207 -0.0354325328822
0.000949558694484 0.000597735260744 -0.0351808990091
0.000998624465486 0.000560906597201 -0.0349292679036
0.00105645693706 0.00052557247903 -0.0346765142017
0.0011178140053 0.000493034635497 -0.0344222628938
0.00116515347182 0.000461003037406 -0.0341678128959
0.00119189887413 0.000425302228592 -0.0339146452056
0.00120927801452 0.00038633280033 -0.0336620236945
0.00122642235396 0.000346329372095 -0.0334089221436
0.00123919337769 0.000302953906399 -0.0331564832679
0.00124056775351 0.000251967582133 -0.0329066776889
0.00123293700205 0.000194391342561 -0.032659291337
0.00122634576228 0.000136037110002 -0.0324119794612
0.00122287769711 7.83578170263e-05 -0.0321644550704
0.00121147696383 1.68518162511e-05 -0.0319183218954
0.00118594345151 -4.93414287931e-05 -0.0316735005134
0.00115476813306 -0.000114959766338 -0.0314282379583
0.00112692217601 -0.000175796360725 -0.0311817109365
0.00110124586145 -0.000232605865865 -0.0309344822375
0.00107072523834 -0.000289543458121 -0.0306873149292
0.00103112462782 -0.0003505685566 -0.0304408308935
0.000986466994999 -0.000415017704618 -0.0301945841122
0.000943786181595 -0.000478735629019 -0.0299479549581
0.000905420659582 -0.000540301768694 -0.0297005155659
0.000871653600725 -0.000600464990949 -0.029451829988
0.000844690874034 -0.000657873661868 -0.0292015853603
0.000825946722748 -0.000712418684068 -0.0289494699882
0.000815339883935 -0.000766824744306 -0.0286951046618
0.000814755308515 -0.000818667712002 -0.0284384828468
0.00082719770723 -0.000859872517017 -0.0281805346938
0.000853247320389 -0.000885996659548 -0.0279222640321
0.000891321234845 -0.000896781804281 -0.0276643706757
0.000939288690064 -0.000892170397604 -0.0274074174913
0.000994396444507 -0.000872181834016 -0.0271521455743
0.00105452878776 -0.000835442879638 -0.0268993087417
0.00111679456681 -0.000782087438029 -0.0266494706266
0.00117490894519 -0.00071691732885 -0.0264025054572
0.00122637705428 -0.000640965606282 -0.0261584167248
0.00127348216995 -0.000551086036985 -0.0259177094472
0.0013128077314 -0.000451832853133 -0.0256796359849
0.00134032609542 -0.000349991217115 -0.0254429448739
0.00135833661975 -0.000245445120865 -0.0252072001934
0.00136679812446 -0.00014153737296 -0.0249715987311
0.00136400018142 -4.53392844808e-05 -0.0247346440027
0.00135329935894 4.3697396955e-05 -0.0244961905614
0.00133921230988 0.000129877478979 -0.024256727574
0.00132375863404 0.00021459390784 -0.0240165161857
0.00130697833311 0.000295729390063 -0.0237750598563
0.00128749108093 0.000368525184691 -0.0235317185255
0.00126498504361 0.000431472595838 -0.0232862965699
0.00124138443632 0.000487847052965 -0.0230394239637
0.00121959012349 0.00054138669265 -0.0227916728156
0.0012026325597 0.000594095575533 -0.0225433598358
0.00118982260778 0.000643289405613 -0.0222942353979
0.00117377481846 0.000681592515129 -0.0220436753409
0.00114718922466 0.00070353491181 -0.0217913707328
0.0011111836114 0.000710199216796 -0.0215379470028
0.00107441089288 0.000707554805717 -0.0212844608208
0.00104306884528 0.000699828182916 -0.0210315367604
0.00101357651049 0.000684096154911 -0.0207791813825
0.000980551611981 0.000655300970683 -0.0205278938985
0.000943484491848 0.0006112877125 -0.020278230631
0.000901078930864 0.000548392591663 -0.0200309319377
0.00085337588726 0.000463746597917 -0.0197868087295
0.000807660372046 0.000362344569937 -0.019545930024
0.000772024233303 0.000252160285116 -0.0193077402654
0.000749626754057 0.00013765479328 -0.019071492957
0.000740824040433 2.10476013682e-05 -0.018836620224
0.000744670300095 -9.62483055544e-05 -0.0186024870576
0.000759301186633 -0.00021291988751 -0.0183685957824
0.000783580010201 -0.000326324285346 -0.018134089564
0.00081887850601 -0.000432140387325 -0.0178977855801
0.00086669617937 -0.000526933489244 -0.0176587344077
0.000921514019453 -0.000610991777962 -0.0174167998589
0.000972881024811 -0.000685961459078 -0.0171729220999
0.00101884576731 -0.000750524511383 -0.0169269853801
0.00106906164142 -0.000800347666487 -0.0166775564915
0.00113107881961 -0.000831836883123 -0.0164234445034
0.00119720180154 -0.000846378773426 -0.0161658268253
0.00125004624895 -0.000850381228178 -0.0159076311801
0.00128283998886 -0.000848515906024 -0.0156505550089
0.00130483891346 -0.000839001796538 -0.0153937426371
0.00132396801212 -0.000819226799502 -0.0151366925529
0.00133711020977 -0.000791810506537 -0.0148803896958
0.00133915200353 -0.000761288386138 -0.0146257715609
0.0013293400854 -0.000729763212347 -0.0143730935686
0.00131014516551 -0.00069627228776 -0.0141220432502
0.00128806175467 -0.000656300063737 -0.0138722448724
0.00126972114404 -0.000605494832996 -0.013623945371
0.00125416048708 -0.000544887302572 -0.0133775783879
0.0012357386088 -0.000477672095363 -0.0131332708426
0.00121205128989 -0.000404825493094 -0.0128908409928
0.00118229375069 -0.000326914112433 -0.0126501047871
0.00114276119539 -0.000246131988211 -0.0124104399426
0.00109280088002 -0.000164522102541 -0.0121712268745
0.00104070570724 -8.17495143541e-05 -0.0119325885957
0.000993719911374 2.78921951779e-06 -0.0116948857845
0.000949459251266 8.65042253534e-05 -0.0114572944103
0.000904766063761 0.000166009915494 -0.0112184376159
0.000859517325492 0.000238866152906 -0.0109772594935
0.000812110300296 0.000300903448156 -0.010732215351
0.000764766433303 0.000350174007699 -0.0104823897272
0.0007250215413 0.000390445320165 -0.0102294716189
0.000696898102512 0.000424290966551 -0.00997449185606
0.000680314367245 0.000450796215709 -0.00971709164857
0.000676957770513 0.000472010260517 -0.0094582535908
0.000689121477447 0.000492390970092 -0.00919937811188
0.000715316636148 0.000512661219937 -0.00894062726485
0.000751184311379 0.000531303060825 -0.00868189877736
0.000793357781957 0.000550134876117 -0.00842387811892
0.000840532925918 0.000574055385585 -0.00816742173314
0.000890858415051 0.00060589499042 -0.00791214892948
0.000939386255597 0.000642672131312 -0.00765725421925
0.000980096107054 0.000678002661895 -0.00740205821832
0.00100980388837 0.000707691404161 -0.00714654974616
0.00102792466095 0.000729752051678 -0.00689084570607
0.00103460674413 0.00074143554312 -0.0066354445214
0.00103126434438 0.000741181701636 -0.0063808384465
0.00102036204232 0.00073130669064 -0.00612695211274
0.00100398773599 0.000717320937495 -0.00587274357599
0.000982808968836 0.000702497548501 -0.00561744634862
0.000957114345608 0.000681246510683 -0.00536267268553
0.00092854581181 0.00064575636222 -0.0051110156703
0.000898583857338 0.00059872438109 -0.00486212411592
0.000867400480255 0.000549600498807 -0.00461341740595
0.00083565368017 0.000500966830542 -0.00436430274638
0.000804823374588 0.000446610866718 -0.00411687358983
0.000775063397069 0.00038305456108 -0.00387224764983
0.0007456222554 0.000316769006512 -0.00362849153836
0.000716720332174 0.000255481664084 -0.00338351882892
0.000688238568418 0.000197023144013 -0.00313805107008
0.000658555233041 0.000132221345277 -0.0028943037882
0.00062666273729 5.648058194e-05 -0.00265300234513
0.000593840506139 -2.43715252498e-05 -0.002412526226
0.000561878168428 -0.000101881380085 -0.00217109394945
0.000531745835961 -0.000180167494383 -0.00192929213859
0.000505740976073 -0.000270635862274 -0.00168817986564
0.000486875947041 -0.000368276486202 -0.00144615005815
0.000475890961372 -0.000458395162959 -0.00120126672275
0.000473957405611 -0.000541061884567 -0.000953425254242
0.000483462827562 -0.00062171420624 -0.000702540958714
0.00050392044089 -0.000694437794832 -0.000448641472846
0.000532637965945 -0.000749957864466 -0.000192688018887
0.00056763129679 -0.000784300553622 6.4151197495e-05
0.000608211856932 -0.000798481056201 0.000321107738181
0.000653933566567 -0.000796131409416 0.00057780885195
0.000703140137837 -0.000777899889134 0.000833687033974
0.000753783851369 -0.000741250030938 0.0010879043803
0.00080387626044 -0.000688469872252 0.00134016620313
0.000850329261716 -0.000625845637623 0.00159060667788
0.000890747348465 -0.000553599454792 0.00183892788932
0.00092468751172 -0.000467617296942 0.00208461777494
0.000950996174659 -0.000369833418078 0.00232785876536
0.000967262208429 -0.000268511969693 0.00256955374235
0.000972046411456 -0.000171782319678 0.00281078706822
0.000966605576818 -8.12612003817e-05 0.0030520965217
0.000954126889001 9.38574195246e-06 0.00329310636341
0.000936389209802 0.000102765030714 0.00353373564907
0.000913111682938 0.000188948511608 0.00377532049913
0.000884822124592 0.000257017409832 0.00401935004167
0.00085401217003 0.000310289634049 0.00426554023636
0.000823183943694 0.000360885742232 0.00451244983426
0.000793251129184 0.000413678333823 0.00475946183762
0.000763870653224 0.000465558083877 0.00500693472059
0.000734798245236 0.000514440585682 0.00525507637901
0.000706338108252 0.000560654361326 0.00550381232338
0.000678264636056 0.000603230284955 0.00575318327231
0.000649070110592 0.000639393175791 0.00600344368781
0.000617663825676 0.000667984062291 0.0062546178278
0.000586018317604 0.000691638652517 0.00650629811606
0.000556583545707 0.000712510228905 0.00675810462908
0.000526165730895 0.000725549521208 0.00701022403287
0.000487396117511 0.000720095630154 0.0072630262567
0.000439468478293 0.000691883990266 0.00751569955776
0.000392966303498 0.000650680570378 0.00776700012557
0.000358194083519 0.000608842264831 0.00801686509103
0.000332654745904 0.000563743071617 0.00826522697244
0.000307277341499 0.000501444894929 0.00851121197289
0.000278823187158 0.000413437657223 0.0087534520896
0.000252139306051 0.000303886452002 0.00899169386506
0.000236532164471 0.000187127251308 0.009227551061
0.000237834242475 7.41852531429e-05 0.00946302592469
0.000252328667568 -3.83069188824e-05 0.00969813002724
0.000273726057868 -0.000155385946044 0.00993204511806
0.000302614457398 -0.00027042975771 0.0101661951369
0.000343578207908 -0.00037345018081 0.0104032069138
0.000396807647039 -0.000461434076159 0.0106443446742
0.000455474151645 -0.0005374494956 0.0108887473595
0.000509330898088 -0.000605991684056 0.0111347352703
0.00055193786996 -0.000669039840609 0.0113812494342
0.000586052014153 -0.000723590980863 0.0116292875048
0.000619962080583 -0.000763373015212 0.0118809620621
0.00065753664745 -0.000784550424541 0.0121375631844
0.000693800154451 -0.00078997312079 0.0123975866978
0.000720455528129 -0.0007871519403 0.0126582383551
0.000732771529797 -0.000783049080487 0.0129173947697
0.000732355657996 -0.000779518618612 0.0131746018555
0.000724570214274 -0.000773030756971 0.0134309834023
0.000712367404918 -0.000761602569247 0.0136867978824
0.000696126229881 -0.00074656673841 0.0139417308545
0.000677503502503 -0.000726900709487 0.0141957834324
0.000657585957309 -0.000701782528316 0.0144487704023
0.000636331183248 -0.000671640801237 0.0147006296358
0.000615768454243 -0.000632852384314 0.0149510582822
0.000597878825214 -0.000582546248559 0.0151995636884
0.000579325334851 -0.000525416613645 0.0154462025744
0.000552773076309 -0.000469869383524 0.0156927677361
0.000514226383711 -0.000420255116967 0.0159411187087
0.000468121923548 -0.000373159434982 0.0161909503535
0.00042309056271 -0.000321288315992 0.0164399683914
0.000382888345939 -0.000262658333086 0.0166869352401
0.000344843948139 -0.000204494235138 0.0169342860228
0.00030706563841 -0.000155437037228 0.0171853786393
0.000272959770835 -0.000115437209964 0.017440314117
0.000247035126779 -7.88069710685e-05 0.0176967225027
0.00023108854898 -4.39892625523e-05 0.0179538900496
0.000226042485658 -1.11254479025e-05 0.0182117816796
0.000232696883575 2.41799448796e-05 0.0184685803967
0.000250779379103 6.56900948089e-05 0.0187228919741
0.000279685180965 0.000111623478772 0.0189755843842
0.0003185661827 0.000159778751225 0.0192277258513
0.000365355728266 0.00021109123369 0.0194790016057
0.000416792502101 0.000267583789347 0.0197289618453
0.000469057357865 0.00033151604541 0.0199773619979
0.000518461138725 0.000404755436824 0.0202245211127
0.000561800943187 0.000485638192229 0.0204718638913
0.000596464885191 0.000566208676054 0.0207210654138
0.00062073419817 0.000636800707162 0.0209726298976
0.000633619878412 0.000695706168363 0.0212262537086
0.000634889529036 0.000744359609219 0.0214815001664
0.000627086299919 0.000775667554813 0.021737183029
0.000613903269509 0.000785113068926 0.0219917467982
0.000594583470309 0.000783638588981 0.0222460690835
0.0005665170784 0.000781289584592 0.0225016451979
0.00053316998216 0.000771661725842 0.0227570983303
0.000502086746037 0.000743811736304 0.0230095624909
0.000476097143398 0.000697994480312 0.023258294988
0.000450838388207 0.000645159724609 0.0235057107588
0.000421004847425 0.000595695689558 0.0237542135986
0.000387843769642 0.000549373950396 0.0240036776803
0.000357405045447 0.000497382618883 0.0242516979479
0.000332185270191 0.000433925271233 0.0244967408764
0.000309222288772 0.00036213199934 0.0247399295295
0.000284572774738 0.000291196884299 0.0249833097821
0.000256717413772 0.000229643242199 0.0252284869272
0.000226943851957 0.000176297389141 0.0254749571739
0.000197565632771 0.00011948710508 0.025720613391
0.000170379138924 4.93309599613e-05 0.025963977634
0.000146631335918 -3.43841692716e-05 0.0262055482999
0.000126384889058 -0.000122503688817 0.0264469272291
0.000108044024447 -0.00020263293651 0.0266898505786
9.324172252e-05 -0.000277235556959 0.0269340182468
8.96921436824e-05 -0.000362785127328 0.0271785725802
0.00010121665448 -0.000459457385178 0.0274246331273
0.000121497641949 -0.000545937393459 0.027673501157
0.000144783571145 -0.000608640266319 0.0279250543383
0.000174311251213 -0.000654799706231 0.0281788046212
0.000213853252973 -0.000692951681926 0.0284346223735
0.000259581707143 -0.000717082107724 0.0286917460384
0.000307162234726 -0.000720215752068 0.0289489295074
0.000356677791108 -0.000708573307045 0.0292058016505
0.000406634282321 -0.000690580278716 0.029462290704
0.000452705619274 -0.0006638927401 0.0297173959323
0.000492322547921 -0.000621405897621 0.0299702527783
0.000525063256459 -0.000561282644543 0.0302205506638
0.000550653575304 -0.000485406801314 0.0304684064608
0.000568709915613 -0.0003940027241 0.030714006898
0.000578563539572 -0.000288244342567 0.0309574249013
0.000578829892373 -0.000177929111903 0.03119947333
0.000568953857089 -7.6634856507e-05 0.0314415772616
0.000550644553994 1.49649534865e-05 0.031684050298
0.00052601547616 0.000105106238849 0.0319264098119
0.000496430925514 0.000193206178261 0.0321689706494
0.000463469402856 0.000275270972845 0.0324122227969
0.000428846994211 0.000352666363262 0.0326561026064
0.000394227012364 0.000424296181251 0.0329006768167
0.000361019674902 0.000484928801601 0.033146749838
0.000329541760493 0.000531618221848 0.033394631139
0.000298842407895 0.000567128437976 0.0336441355541
0.000268170413773 0.000599255741213 0.0338943302083
0.000237723574846 0.000633033830018 0.0341445889755
0.000206504723496 0.000665006760236 0.0343951576382
0.000172495124388 0.000690376164321 0.0346468448001
0.000136227700521 0.0007102618234 0.034899339845
0.000100223064629 0.000727715646072 0.0351518973928
6.49959475821e-05 0.000741327163399 0.0354045803339
2.78653505495e-05 0.000744175163616 0.0356578855696
-1.29510232109e-05 0.000729932545395 0.0359118728802
-5.38358992316e-05 0.000700837166434 0.036165546883
-8.94808357624e-05 0.000663376530677 0.0364179118242
-0.000119373596355 0.000616360708515 0.0366686509673
-0.000145930562576 0.000551496750737 0.0369171374097
-0.000168019152443 0.00046698045501 0.0371625594688
-0.000180306236278 0.000373474563242 0.0374052956096
-0.000179052674037 0.000281417653898 0.0376467215558
-0.00016474136184 0.000190471346197 0.0378874515027
-0.000138873543927 9.75320051218e-05 0.0381276004486
-0.000102234013002 3.93698018297e-06 0.0383676710627
-5.6928936757e-05 -8.88017124344e-05 0.0386081775592
-7.50168820965e-06 -0.000180946267324 0.0388488240462
4.18891243909e-05 -0.000269841367851 0.0390899257461
9.10629197129e-05 -0.000347590589655 0.0393337862252
0.000141594125299 -0.000407007870195 0.0395828390651
0.000190127978281 -0.000450132995566 0.0398365866333
0.000228925853967 -0.000486627363116 0.0400915298555
0.00025451624878 -0.000521867934558 0.0403455449757
0.000268834824086 -0.000554120144626 0.040599568691
0.000272779141697 -0.000584560142779 0.0408531117994
0.00026724737941 -0.000615557507734 0.0411056738915
0.000255580157341 -0.000641265968386 0.041359105616
0.000239431376244 -0.000655973135515 0.0416149467062
0.000218127637051 -0.00066448389025 0.0418713353494
0.000192201888561 -0.000674086748199 0.0421264123564
0.000163422520564 -0.000684291362512 0.0423804287907
0.000133052594049 -0.000689829507613 0.0426341936267
0.000102014822141 -0.00068802918661 0.0428879503058
7.12988178247e-05 -0.000679499662887 0.0431412011547
4.14364628899e-05 -0.000665757931698 0.0433938288891
1.21211674866e-05 -0.000648237586041 0.0436458948636
-1.73418013013e-05 -0.000625727740804 0.0438975788984
-4.70893653798e-05 -0.000592860914992 0.0441479528532
-7.68064896166e-05 -0.000547168534387 0.0443960333821
-0.000106507245621 -0.000496672030267 0.0446430688822
-0.000135709034878 -0.000451681534173 0.0448917913892
-0.000163140019611 -0.000411775224884 0.0451425650072
-0.000187558728696 -0.000372658074103 0.0453942621651
-0.000205963832708 -0.000338807964276 0.0456485020928
-0.000213520432165 -0.000315673867942 0.0459077128585
-0.000208760464974 -0.000297128591945 0.0461697177645
-0.000195065927719 -0.000271575989487 0.0464298630804
-0.000173571559289 -0.000236746554445 0.046686974504
-0.000140076998975 -0.000198778063429 0.0469437124238
-9.34884245448e-05 -0.000158682540781 0.0472005598438
-3.94290401083e-05 -0.000111083099665 0.0474550875105
1.5674671637e-05 -5.20642258165e-05 0.0477057457588
6.73194083571e-05 1.92644274519e-05 0.0479522911567
0.000112834063579 0.000101723700082 0.0481957201913
0.000150892551753 0.000192473588599 0.0484375270588
0.000180024665578 0.000288440685355 0.0486791480698
0.000199171117122 0.000385640706822 0.0489220823281
0.000208891064404 0.000477806851569 0.0491675770255
0.000210424976811 0.00055862893528 0.0494161321715
0.000203147849912 0.000626544798423 0.0496675005362
0.000182512861904 0.00068688762237 0.0499216809668
0.000144910354896 0.000743386945633 0.0501788551548
9.80290800806e-05 0.000786456957168 0.0504377777635
5.69027877846e-05 0.00080215261025 0.050695029198
2.43122849014e-05 0.000793258191674 0.0509495462878
-1.05530405115e-05 0.000774658104895 0.0512034894452
-5.01888927957e-05 0.000750747977949 0.051457352385
-8.34140506904e-05 0.000714115422921 0.0517089048124
-0.00010371279384 0.000662147250215 0.0519570942967
-0.000118163663711 0.000602442430663 0.0522034763179
-0.000135314112998 0.000542820890762 0.0524500418631
-0.000154868066058 0.000483563213307 0.0526967272061
-0.000173721968678 0.000421869160617 0.0529427885438
-0.000192301887772 0.000357884373776 0.0531883547715
-0.000211406821964 0.000292349050011 0.0534336134415
-0.000229927438682 0.000223348676148 0.0536782486371
-0.000247350524748 0.000149795017026 0.0539221334346
-0.000264472612009 7.40993417218e-05 0.0541657673887
-0.000280935817186 -2.62902186351e-06 0.0544092148949
-0.000294487937928 -8.2843489417e-05 0.0546522881079
-0.000303895530377 -0.000166045479041 0.0548951722965
-0.000310102937486 -0.000247086232045 0.0551386148296
-0.000313173439421 -0.00032343221312 0.0553829290104
-0.000311277109431 -0.000396089647028 0.0556281781038
-0.000303722763091 -0.000463526059986 0.0558746753284
-0.000290973329645 -0.000522284349003 0.0561226702482
-0.000270814291318 -0.000573148065932 0.0563724139988
-0.000238221050771 -0.000620992578672 0.0566240987071
-0.000191533141153 -0.000666775339054 0.0568779762803
-0.00013612486073 -0.000702757755835 0.0571336678438
-7.88711022433e-05 -0.000719748933244 0.0573902339951
-2.21290657532e-05 -0.000717025491349 0.0576466736151
3.31740372651e-05 -0.000698810883018 0.057902235568
8.41669456976e-05 -0.000664254384622 0.0581562331232
0.000128821057393 -0.000612006611627 0.0584079795453
0.000166474152799 -0.000548508957713 0.0586577244153
0.000196074742026 -0.000477945327801 0.0589055317642
0.000217005608064 -0.000394625131539 0.0591511520326
0.000229046470591 -0.000296788962647 0.0593944606495
0.000231821123152 -0.000194308688674 0.0596365146608
0.000225803286361 -9.81503669827e-05 0.0598784987605
0.00021261226417 -1.12836700115e-05 0.0601211031224
0.000194028926022 6.94712560694e-05 0.0603643351269
0.00017155227113 0.000146035657598 0.0606081361226
0.00014634298816 0.000219927053361 0.0608525049282
0.000119039507894 0.000295475826629 0.0610968822161
9.07951730534e-05 0.000370922362954 0.0613415219496
6.3332392385e-05 0.00043994454327 0.0615870471997
3.74328914986e-05 0.000505039643461 0.0618332006081
1.37937942101e-05 0.000569858171119 0.0620793541268
-7.64580812055e-06 0.000626166389595 0.0623266921625
-2.97419437697e-05 0.000665892546111 0.0625767690461
-5.42721668852e-05 0.000696209859474 0.062828023119
-7.89111984656e-05 0.000729140219321 0.0630792695488
-0.000103098177544 0.000763590997911 0.0633305236947
-0.000130260827118 0.000789778526407 0.0635830238871
-0.0001615692058 0.000804016008209 0.0638367663162
-0.000195435493227 0.000806847802653 0.0640923720279
-0.000231113105928 0.000795588014835 0.0643479815257
-0.000267122038102 0.000768311579095 0.0646048409032
-0.000300292383968 0.00072706197249 0.0648604580203
-0.000327492374927 0.000675490520578 0.065114200113
-0.000346390098557 0.000617708013538 0.0653654499453
-0.000356785485419 0.000553278009898 0.0656148209194
-0.000359992768123 0.000475491650132 0.0658610707516
-0.000355492889883 0.00038297183765 0.0661042110874
-0.000341129205707 0.000284420429889 0.0663448553533
-0.000315873219986 0.000188065576923 0.0665854918794
-0.000280462115464 9.6263779424e-05 0.0668261167366
-0.000237067815179 8.11010170632e-06 0.067067976066
-0.000189138116779 -7.73222098626e-05 0.067310464205
-0.00013913432134 -0.000155042318366 0.0675554561056
-8.69152288918e-05 -0.000215073084937 0.0678060611202
-3.49853195603e-05 -0.000256868134679 0.0680629158457
8.42857496526e-06 -0.00029362128422 0.0683210553632
3.84132621758e-05 -0.000332476955499 0.0685773510795
5.75363398386e-05 -0.00036455007229 0.0688348853901
6.65100310868e-05 -0.000386727217464 0.0690948888614
6.2761739332e-05 -0.000412675370126 0.0693523964065
4.79398571693e-05 -0.000449437708984 0.0696043062932
2.60273754088e-05 -0.000486416484819 0.0698562008923
-1.57052818158e-06 -0.000515397701777 0.0701099358669
-3.38204231191e-05 -0.000540720348638 0.0703630381507
-6.83070011176e-05 -0.000567626872729 0.0706155231032
-0.00010275637314 -0.000596394318744 0.0708673868659
-0.00013522393089 -0.00062717193959 0.0711173949907
-0.000164944605827 -0.000658617103736 0.0713680280435
-0.000194298984438 -0.000682373521038 0.0716192860004
-0.000226087304135 -0.000688654817963 0.0718717900754
-0.000258740893895 -0.000679813934915 0.0721242980559
-0.00028870795775 -0.00066905326498 0.0723768021545
-0.000316234406604 -0.000660528495089 0.0726299274185
-0.000344538768755 -0.000642045518172 0.0728824238489
-0.0003753554214 -0.000604449329789 0.0731318147132
-0.0004066479517 -0.000557433340148 0.0733787134381
-0.000433271338388 -0.000518953407691 0.0736287215874
-0.00045088012463 -0.000495128462685 0.0738837023951
-0.000459613474419 -0.00047723693046 0.0741411790808
-0.000461042860997 -0.000456896323386 0.0743992806712
-0.000453499676183 -0.000433940637627 0.0746573976212
-0.000436077409214 -0.000407223374788 0.0749155144266
-0.00041207731193 -0.00037137590785 0.0751705254728
-0.000381745542606 -0.00032593761494 0.0754230402801
-0.00033903510001 -0.000276431749315 0.0756755395832
-0.000281768755789 -0.000224778050151 0.0759280157149
-0.000218882059809 -0.000165345927047 0.0761786054411
-0.000162343276686 -9.16217099114e-05 0.0764248358152
-0.00011568705703 -3.96862995951e-06 0.0766667029793
-7.52372699502e-05 9.05066015311e-05 0.0769073240732
-4.05377617173e-05 0.00018606519818 0.0771479451671
-1.73969660183e-05 0.000283616498009 0.0773885740253
-9.85329428714e-06 0.000383901323237 0.0776310740018
-1.52300159031e-05 0.000480361859627 0.07787545667
-2.8378051635e-05 0.00056385170681 0.0781235892899
-4.57968966544e-05 0.000629154744162 0.0783742218857
-6.71826114551e-05 0.000676955007642 0.0786267295053
-9.57650491906e-05 0.000712600037236 0.0788804832912
-0.000132892098398 0.000738855828609 0.0791361043611
-0.000175230275847 0.000753831588994 0.0793923504787
-0.000221458143596 0.000758267561379 0.0796485966207
-0.00027009570026 0.000753124788842 0.0799048349994
-0.000311445651433 0.00073300683578 0.0801585734746
-0.000339872362861 0.000696518184658 0.0804098081639
-0.000364267977689 0.000653363026501 0.0806604178054
-0.000390415057344 0.000609846182118 0.0809104023511
-0.000412340511599 0.000561234402038 0.0811591407546
-0.00042837422158 0.000504997624427 0.0814060156834
-0.00044446778 0.000446550056054 0.081652886706
-0.000462635459774 0.000388240702472 0.0819003787743
-0.000480862845786 0.000326395537453 0.0821466324158
-0.000498543894755 0.00025902493299 0.0823916438206
-0.000515164799569 0.0001852470264 0.0826366552008
-0.000529633316868 0.000104259582005 0.0828804203907
-0.000542958342948 2.20232575505e-05 0.0831235644385
-0.000556991875079 -5.34639987453e-05 0.0833679469365
-0.000570154751176 -0.000124548506475 0.0836123334605
-0.000577168028801 -0.000201416185723 0.0838567161985
-0.000573797628692 -0.00028844295574 0.0841004817009
-0.00056221131439 -0.000375388128554 0.0843442433459
-0.000548552632329 -0.000447186467256 0.0845905010855
-0.000532252577265 -0.000504222789975 0.0848386299434
-0.00050443167723 -0.0005615277658 0.0850880088493
-0.000460208728996 -0.000626385630943 0.0853380166133
-0.000405964700927 -0.000686898428365 0.0855905281628
-0.000351443486383 -0.000724147183688 0.0858449184744
-0.000299434675254 -0.000731004459301 0.0861005549038
-0.000247257163543 -0.000716130008375 0.0863568124512
-0.000194956115429 -0.000689533003799 0.0866124449986
-0.000146289715889 -0.000649591778595 0.0868674448542
-0.00010414663822 -0.000591907345503 0.0871199485919
-7.03963270964e-05 -0.000523455677099 0.0873699484719
-4.67462218266e-05 -0.000453554237757 0.0876180694463
-3.3296517433e-05 -0.000380462600913 0.0878649326332
-2.91907754946e-05 -0.000299524618796 0.0881092919865
-3.37953472936e-05 -0.00021310398203 0.0883517725539
-4.6116306735e-05 -0.000128170117236 0.0885942453575
-6.43985305707e-05 -4.88146710398e-05 0.0888367180412
-8.72816819024e-05 3.00964776063e-05 0.0890791983686
-0.000114517436054 0.000115172006991 0.0893204557246
-0.000144936894752 0.000201615334446 0.089561728583
-0.000175886554129 0.000279550572266 0.0898048802985
-0.000205563044109 0.000346472508564 0.0900492743222
-0.000233756935304 0.000405754190862 0.090295535726
-0.000261067043002 0.000462774468138 0.0905417972983
-0.000287707002252 0.000522244269961 0.0907880629442
-0.000313045555246 0.000581915496036 0.0910343287584
-0.00033740271519 0.000635621346947 0.0912818485505
-0.000361740490563 0.000683527809686 0.0915299972729
-0.000385676133345 0.00073180964711 0.0917787632323
-0.000408834337948 0.000781880671527 0.0920262868606
-0.000433510539703 0.000823061742806 0.0922756738195
-0.000461874288558 0.000842815468453 0.0925287952026
-0.00049195526918 0.000841304098043 0.0927850297719
-0.000520296147854 0.000822985750362 0.093042514197
-0.000544227494764 0.000788295457938 0.0933006197158
-0.000561122205451 0.000742012023354 0.0935574868082
-0.000569569910734 0.000689684885104 0.0938124866881
-0.000569007314644 0.000630336531916 0.0940649904736
-0.00055840687213 0.000560167779169 0.0943156077333
-0.000536350371342 0.000476388946762 0.094563725065
-0.000503097509522 0.000383638473862 0.0948093501128
-0.000462195961426 0.000294246080503 0.0950537290429
-0.000417654366479 0.000216722469751 0.0952993463511
-0.000371384303634 0.000150641841299 0.0955474673969
-0.000324931281501 9.27263232795e-05 0.0957980883705
-0.000281297361579 4.25224055453e-05 0.0960505957974
-0.00024391920412 3.91125158078e-07 0.0963062319616
-0.000215583290245 -3.50828117166e-05 0.0965643757448
-0.000199118367067 -6.30006488391e-05 0.0968256328814
-0.000197176835329 -8.15067448133e-05 0.0970893784917
-0.000209595570584 -9.7128281482e-05 0.0973549915301
-0.000232552767633 -0.000121277603132 0.0976156318867
-0.000262383184399 -0.000157743416723 0.097871268459
-0.000297471870566 -0.000203504985142 0.098122518387
-0.000336363900509 -0.000255638365156 0.0983712606239
-0.000377430570866 -0.000311907642834 0.0986187531007
-0.000418837070906 -0.000370451566725 0.0988643746033
-0.000457824156704 -0.000430307434562 0.0991099806268
-0.000491983126729 -0.000490094398326 0.0993555865311
-0.000521884928766 -0.000546481492646 0.0996018250796
-0.000549382719973 -0.000596042818342 0.0998499424376
-0.000573729194339 -0.000638016553448 0.100099934771
-0.000594188838788 -0.000672723326874 0.100350567559
-0.000612531985816 -0.000699558005203 0.100603067632
-0.000630080492677 -0.000718440244933 0.100856192752
-0.000646242140098 -0.000730685763021 0.101109942921
-0.000660676967843 -0.000737205475004 0.101364306516
-0.000674385209225 -0.00073721991477 0.10161929504
-0.000686033833677 -0.000731965289298 0.101873662398
-0.000689032272449 -0.000726691332124 0.102129271896
-0.000680171354064 -0.000722339123242 0.102386744725
-0.000668069276342 -0.000710816093301 0.10264360022
-0.000661752163884 -0.000686344365605 0.102896736651
-0.00065528423169 -0.000653283806507 0.103148005773
-0.000636514693066 -0.000616901436259 0.10339989594
-0.000603776440928 -0.000575518948248 0.103651161058
-0.00056078729931 -0.000525719402758 0.103901183868
-0.000508359922511 -0.000466212977371 0.104149949009
-0.000452388910091 -0.00039523924491 0.104395585389
-0.000403592114869 -0.000310822091076 0.104637479652
-0.000362958710662 -0.000214303056755 0.104876252894
-0.000322886090464 -0.00011075158235 0.105113768468
-0.000282636650486 -5.22908324803e-06 0.105351276327
-0.000250478074353 0.000100174283559 0.105588780328
-0.000232804882466 0.00020452268022 0.105826905472
-0.000229417379322 0.000305127601437 0.106066280616
-0.000238794593819 0.00039910224442 0.106307534594
-0.000261613284504 0.000485342631968 0.106551292406
-0.000296644830243 0.000561814843309 0.10679755017
-0.000338952229165 0.000624502926889 0.10704693291
-0.000385680300847 0.000671702925888 0.107298811767
-0.000437450140353 0.00070456418851 0.107551940649
-0.00049060260355 0.000722211663175 0.107805698412
-0.00053726480989 0.000722452158623 0.108059463867
-0.000575594032151 0.000707323980101 0.108312600513
-0.000611671399817 0.000682544621799 0.108564491041
-0.000652402491458 0.000653305229034 0.108816983398
-0.000699035318403 0.000621904346158 0.109068842967
-0.000744762684479 0.000586841710751 0.109320069748
-0.000781912819935 0.000545406501268 0.109570046433
-0.000809833518699 0.000497245643047 0.109818159692
-0.000831878104422 0.000443409835443 0.110065647878
-0.000850456932449 0.000383865506849 0.110311897637
-0.000866783888479 0.000317658732325 0.110556901302
-0.000881490489759 0.000244004198613 0.11080127999
-0.000896205335522 0.000165330224409 0.111045041442
-0.000912835053649 8.66226590216e-05 0.111288177966
-0.000929037655215 6.61454928466e-06 0.111531314489
-0.000940463174782 -7.92718499829e-05 0.111773826061
-0.000947259149327 -0.000167611041058 0.112016337705
-0.000950618782409 -0.000253608400729 0.112259470564
-0.000948163035383 -0.000338563345779 0.112503224589
-0.000938026898461 -0.00042254490339 0.112747599781
-0.000919615592976 -0.000503636392163 0.112993221115
-0.000891094680611 -0.000581905486324 0.113240092425
-0.000854061579142 -0.000653456020969 0.113489459758
-0.000815251744214 -0.000708542737072 0.113740080925
-0.000777786096769 -0.00074232808165 0.113993815398
-0.00073710487387 -0.000761052310937 0.114248803704
-0.000689859321888 -0.000772282247735 0.114505049702
-0.000640528856016 -0.000773352226979 0.114762541794
-0.000595281487187 -0.000756156092073 0.115020037767
-0.000556023130157 -0.000720477371178 0.115276283764
-0.000523441162126 -0.000672008454396 0.115531279761
-0.000499752716847 -0.000609336107014 0.115783775831
-0.00048709131314 -0.000526190023664 0.116033768042
-0.000486032289769 -0.000426686205012 0.116279393066
-0.000495213041843 -0.000326089660884 0.116522514233
-0.000512109030506 -0.000235022867636 0.116764998729
-0.000534554785175 -0.000153500672039 0.117006865821
-0.000561442600993 -7.67132313766e-05 0.117249353959
-0.000592878999211 9.77110531866e-07 0.11749060367
-0.000627810423241 7.93235286092e-05 0.117732486096
-0.000662292991927 0.000151631184931 0.117975001286
-0.00069382568055 0.000215758091074 0.118219391451
-0.000723439146909 0.000275819934647 0.11846440676
-0.000753014081776 0.000335998220582 0.118710051047
-0.000783675280887 0.000398895584264 0.118955074384
-0.000814499577414 0.000463668325011 0.119199484464
-0.000842978722113 0.000524964065032 0.119445136948
-0.000867911386533 0.000577085699469 0.119692652979
-0.000890656973968 0.000619064624937 0.119943278555
-0.000913321790544 0.000656236210143 0.120194521368
-0.000936867723529 0.000694700623434 0.120445139109
-0.000960468091247 0.000732604843554 0.12069513178
-0.000982392907869 0.0007623263294 0.120946385832
-0.00100117591736 0.00077995907624 0.121200139715
-0.0010160141547 0.000786579846127 0.12145452629
-0.00102592295668 0.000783327787665 0.121709537865
-0.00102738743368 0.000765608159629 0.121965162865
-0.00101495582547 0.000727747285598 0.122221405053
-0.000989027871986 0.00067697686718 0.122476401123
-0.000956136625133 0.000626657239529 0.122730147266
-0.000916622599273 0.000577666470928 0.122982022314
-0.00086526806016 0.000524533866679 0.123233280103
-0.000803469917402 0.000469393891237 0.123484549441
-0.000739183973352 0.000418543145325 0.12373645921
-0.000680193840311 0.000375755848396 0.12398899779
-0.000631619600153 0.000341695710024 0.124244641936
-0.00059531425493 0.000314208105616 0.124501539891
-0.00057088494676 0.000289101123118 0.124760308939
-0.000558715118518 0.000263138616669 0.125018456868
-0.000562963445313 0.000237389126613 0.125277835412
-0.000588179176645 0.000213686324833 0.125538448571
-0.000629550565489 0.000186408050053 0.125798421346
-0.00067408768216 0.00014616139884 0.126054023124
-0.000715275696651 9.10633730447e-05 0.126304000048
-0.000756791297885 2.59208339468e-05 0.126550223139
-0.000802951854497 -4.53478203017e-05 0.126795176916
-0.000853704377654 -0.000121251747309 0.127038880622
-0.000905298403793 -0.000201003584257 0.127281342044
-0.00095102679576 -0.000283155333002 0.127523803418
-0.000983532679156 -0.000364985218132 0.127765647508
-0.00099911077647 -0.00044297790071 0.128008124337
-0.00100226965217 -0.00051436982944 0.128251866598
-0.00100262476591 -0.000577847106724 0.128498112716
-0.00100510386681 -0.000632816455865 0.12874623774
-0.00100707884046 -0.000679267173598 0.12899561667
-0.00100435654601 -0.000718349426753 0.129246866766
-0.000995960917043 -0.000751603742989 0.129498741862
-0.000984606556265 -0.000779579370183 0.129751863077
-0.000972767983974 -0.000801971072917 0.130005605434
-0.000958024065014 -0.000819124195992 0.130259972767
-0.000934862872081 -0.000831757638714 0.130514965052
-0.000900126646286 -0.000839310209791 0.130769957289
-0.000854190747186 -0.00083989301147 0.131025566714
-0.000801385246149 -0.000831169063576 0.13128055883
-0.00075175302405 -0.000811481904194 0.131533687495
-0.000713799542163 -0.000780926441522 0.131784327806
-0.000681941111838 -0.000740205546418 0.132033100833
-0.000642605360633 -0.000688158223069 0.132279995073
-0.000592323882763 -0.000622958658566 0.132525018244
-0.000538906710139 -0.000544424089767 0.132767537652
-0.000491725244639 -0.000453888990626 0.133007560966
-0.000458086974665 -0.000353132166052 0.133245080544
-0.000438701408167 -0.000243678924829 0.133480717454
-0.000425625199049 -0.000127950770663 0.133715721672
-0.000413817568937 -1.07457614181e-05 0.133949468199
-0.000410044809732 0.000103608212208 0.134184456986
-0.000421584279384 0.000213038379606 0.13442069956
-0.000445371999521 0.000315018430501 0.134658199825
-0.000475992103225 0.000406875666666 0.134898200017
-0.000512499647578 0.0004876254294 0.135140079019
-0.00055502848337 0.000557087549669 0.135385075257
-0.000603663538622 0.00061524212619 0.135631950329
-0.000655371556764 0.000661545787473 0.13588194647
-0.000701432630995 0.000695367517345 0.13613320809
-0.000738104558384 0.000718050760243 0.136385731309
-0.000771803205322 0.000731880504765 0.136639504527
-0.00080450701338 0.00073822122887 0.136893906603
-0.000828413053785 0.000738519493267 0.137148929846
-0.000841630336999 0.000734509317439 0.137403320373
-0.000852803775698 0.000726930492894 0.137657707042
-0.000867437083642 0.000716486560604 0.137912718712
-0.000882514297148 0.000704351854715 0.138167097691
-0.000893760307868 0.000691279560587 0.13842146893
-0.00090129882268 0.000677322494553 0.138675211311
-0.000908214099802 0.00066267624803 0.138928949834
-0.000915276890561 0.000647263583954 0.139182684523
-0.00091733266954 0.00062945628176 0.139435801928
-0.000905907586846 0.000606728918762 0.139689544285
-0.000879330722276 0.000579494266461 0.139943286642
-0.000847212466603 0.000552030968614 0.14019765002
-0.00081667122929 0.000527515789579 0.140450767281
-0.000781404417161 0.000506056724663 0.140704509518
-0.000732605568928 0.000488600620795 0.140958251778
-0.000671071916918 0.000478097721908 0.141211990181
-0.000603824625765 0.000477194417735 0.141466349726
-0.000538081269148 0.000487032064141 0.141720088129
-0.000480325706316 0.000507484121317 0.141973822673
-0.000430836991964 0.000538181299087 0.142226939957
-0.000383426934247 0.000579168242146 0.142480057242
-0.00033844850106 0.000629079163992 0.142733795644
-0.000304582015358 0.00068488088998 0.142987537904
-0.000287123798532 0.000743954906519 0.143241283998
-0.000286034387374 0.000804152887821 0.143495658949
-0.000302381948562 0.000863331531512 0.143750033877
-0.000338324550656 0.00091962787745 0.144005037638
-0.000388902517632 0.000970135920432 0.144260045257
-0.000441932029992 0.00101052871681 0.144515056758
-0.000491713950028 0.00103838523822 0.144770064449
-0.000540312647216 0.00105390132531 0.14502382607
-0.000587256941732 0.00105776010462 0.145277583809
-0.000633715571588 0.00105120882924 0.145531341525
-0.00068382707945 0.0010354003875 0.145785095334
-0.000733886581378 0.00101115522924 0.146038841452
-0.000774722657455 0.000980457781332 0.146291962642
-0.000804499553793 0.000945767423425 0.146544458903
-0.00082716283427 0.00090874954437 0.146796955189
-0.000842533362633 0.000871073933683 0.147049451403
-0.000850238781332 0.000833989757793 0.147301318783
-0.000853700060572 0.000797551450283 0.147552565046
-0.000851917084711 0.00076190194596 0.147804432426
-0.000841108436619 0.000726571680033 0.148055678688
-0.000824512326743 0.000690077240063 0.148307553784
-0.000809803947852 0.000652204847607 0.148559425023
-0.000799069962096 0.000614079661666 0.148811296261
-0.000787060170184 0.000576069128844 0.149062546406
-0.000768883076854 0.000538026254104 0.149314413811
-0.000746409880926 0.000500892635232 0.14956628505
-0.000725030703819 0.000466190401277 0.14981815243
-0.000705441188719 0.000434556291114 0.150069398693
-0.000679818380481 0.000406214686519 0.150320648838
-0.000639323302793 0.000382901214734 0.150572520124
-0.000587194339821 0.000367377579056 0.150825012529
-0.000535139751784 0.000361053511525 0.151078129862
-0.000484632134033 0.000364851050596 0.151330626076
-0.000428320759988 0.000380948069496 0.151584368313
-0.000369398429865 0.000409718174589 0.151838114431
-0.000321990450238 0.000448235400649 0.152092485501
-0.000293613580782 0.000494061792496 0.152346860429
-0.000278896141303 0.00054690444328 0.152601239215
-0.000269938063562 0.000605350277622 0.152856243
-0.000265810185042 0.000665338199585 0.153111242928
-0.000270050847794 0.000722380733191 0.153366250571
-0.000283684088493 0.000773163365889 0.153620633238
-0.000305675114496 0.000815448026248 0.153875019788
-0.000338603430914 0.000848356157462 0.154129406337
-0.00038608502467 0.000871641816947 0.154383175626
-0.000442528151961 0.000884289401179 0.154637562199
-0.000495738479691 0.000885628454825 0.154891956464
-0.000541392858613 0.000876782697281 0.155145108468
-0.000583894250487 0.00085925063964 0.155398252805
-0.000626971567326 0.000833846286261 0.155652010545
-0.000671731360383 0.000801176306638 0.155905147142
-0.00071486992389 0.000762687503627 0.156158897118
-0.000747280747724 0.00072190570703 0.15641201826
-0.000763414098805 0.000682395110845 0.15666451445
-0.000768779130706 0.000644591157283 0.156916389546
-0.000771920517236 0.000607184871196 0.157168260761
-0.000773934448442 0.000570377982426 0.157420131999
-0.000771462289388 0.000534837204081 0.157671378261
-0.000764684990558 0.000499966336821 0.157923245642
-0.000756667846769 0.000464941963769 0.15817511307
-0.000746722001098 0.000429606668095 0.158426359381
-0.000730089698893 0.000393719678358 0.158678230643
-0.000707206422439 0.000357572526508 0.158930098
-0.00068443213134 0.000322303642491 0.159181969167
-0.000660511483817 0.000288673268659 0.1594338365
-0.000627176460562 0.000257618471336 0.159685707715
-0.000583691489999 0.000231164107767 0.159938196238
-0.000532902293606 0.000211404429695 0.160190680855
-0.000471429114393 0.000200978626907 0.160443790448
-0.000399227721017 0.000202488933907 0.160697524993
-0.000328815803581 0.000215362843214 0.160951263372
-0.000275333171736 0.000236057215791 0.161204997917
-0.00024135739699 0.000262979424576 0.161458115225
-0.00021561079653 0.000298931515707 0.161711232509
-0.000188171281938 0.000346208458035 0.161965599745
-0.000163993946893 0.000401481083301 0.162219970839
-0.000156259576613 0.000459000345727 0.162474966909
-0.000169104578607 0.000515902555537 0.16272997067
-0.000195219093628 0.000570630698287 0.162985595574
-0.000229101930393 0.000620124064837 0.163241224311
-0.000272668345083 0.00066114893954 0.16349685693
-0.000325238990572 0.000691537829621 0.163751864573
-0.00037804762355 0.000709944272998 0.164006872216
-0.000425517384418 0.000716301122886 0.164260637647
-0.00047061649347 0.000711427858493 0.164514399268
-0.000514955284049 0.000696322451062 0.164767532079
-0.000556300604996 0.000672380201659 0.165020664867
-0.00059036252335 0.000641864079826 0.165273172678
-0.000612222036792 0.0006079480144 0.165525055514
-0.000626378122291 0.000571751826434 0.165776930657
-0.000643151675702 0.000531545321144 0.166028809611
-0.000661210093826 0.000488425319602 0.166281309683
-0.000671451626787 0.000446562506621 0.166533188637
-0.00067299966531 0.000407246501274 0.166785063733
-0.0006707505859 0.000369227663899 0.167036317711
-0.000664889076704 0.000332393869756 0.167288192832
-0.000653122522023 0.000296730811235 0.167539442976
-0.000637216453457 0.000261180088036 0.167791310381
-0.000622271854021 0.000225097742974 0.168042556668
-0.000612142658369 0.000188849857215 0.168293802931
-0.000605287752649 0.000152971468231 0.168545049218
-0.000595141446149 0.000117770073358 0.168796295504
-0.000575747584842 8.39107759588e-05 0.169048166767
-0.000543894850019 5.29237433066e-05 0.16929941303
-0.000498524881995 2.72470735364e-05 0.169551901505
-0.000445566860345 8.80104516862e-06 0.169804390004
-0.000396320566588 -2.48723026323e-06 0.170056882385
-0.00034983290371 -5.45664124358e-06 0.170309378599
-0.000291909223941 5.42346637875e-06 0.17056312086
-0.00022159820122 3.29987605027e-05 0.170818109215
-0.000156969569906 7.21880393732e-05 0.17107309757
-0.000111844089684 0.000116998194596 0.171328089758
-8.54795338386e-05 0.000166267320847 0.171582460852
-7.10727853393e-05 0.000220757795859 0.171837456898
-6.37084737311e-05 0.000279251014977 0.17209244911
-6.34923844524e-05 0.000337797001801 0.172347449037
-7.47733641475e-05 0.000391796170151 0.172602448965
-0.000100186975468 0.000438304482078 0.172857456608
-0.000136397400279 0.000475833918054 0.173112464251
-0.000179402602536 0.000503167548938 0.173366854634
-0.000229571748617 0.00051921672405 0.173621869993
-0.000286526725744 0.000523363075179 0.173876268115
-0.000345921644448 0.000515731115436 0.17413127964
-0.000404833584358 0.000496861663709 0.174386279592
-0.000463205049484 0.000467184997562 0.174641271827
-0.000518294259761 0.000428115838694 0.174895642945
-0.000562068623857 0.000383748463345 0.175150010181
-0.000587353186341 0.000339624691381 0.175402510205
-0.000595917776485 0.000298462135689 0.175655006395
-0.000595582018008 0.000259419985637 0.175906881491
-0.000589823255182 0.000222201152236 0.176158131587
-0.000579301407552 0.000187044690947 0.176409381707
-0.000569843729284 0.000151542359222 0.176661249111
-0.000565244117676 0.000114670548095 0.176913116467
-0.000558288856133 7.91630754197e-05 0.177164366563
-0.000541569348823 4.60621205438e-05 0.17741561666
-0.000519402323472 1.3134683943e-05 0.177667484016
-0.000498439487108 -2.06954690904e-05 0.177919351397
-0.000475504335591 -5.43905430822e-05 0.178170601566
-0.000443686311322 -8.63341358051e-05 0.178422472805
-0.000401727000103 -0.000115059351994 0.178674961327
-0.000353027109869 -0.000139187155272 0.178927453684
-0.000302427749781 -0.000157831407786 0.179179938326
-0.00025409198213 -0.000170623732199 0.179432426849
-0.000207554949856 -0.000176411769846 0.17968491149
-0.000158494368686 -0.000172360670706 0.179938024989
-0.00010580553298 -0.000156157239254 0.180191767297
-5.58167472445e-05 -0.000128972044306 0.180446134582
-1.8991399874e-05 -9.53108261612e-05 0.180700513391
-1.93610678172e-06 -5.88077104602e-05 0.18095428268
-7.74446235304e-07 -1.77886962486e-05 0.181208669205
-5.49224600952e-06 3.17255324121e-05 0.181463676825
-1.24519296215e-05 8.8309359378e-05 0.181719301728
-2.83007755233e-05 0.000144799738169 0.181974930466
-5.92076114903e-05 0.000195227892285 0.182229938109
-0.000101697775787 0.000237381838685 0.182484941894
-0.000150039272406 0.000269645731742 0.182739324585
-0.00020505309007 0.000289798939316 0.182992461182
-0.000265531157363 0.000297006221661 0.18324559004
-0.000322401731003 0.000292756520666 0.183497476637
-0.00037098228102 0.000279001435931 0.183748734401
-0.000415237126173 0.000256407794744 0.183999367188
-0.00045603697005 0.000226259934007 0.184249996094
-0.000487174136981 0.000192425143196 0.1845