1480
-0.000378571906291 -0.000517220528943 -0.185
-0.0003341712713 -0.000528660094563 -0.18475
-0.000290421920161 -0.000544315470571 -0.1845
-0.000246995086242 -0.000561302403755 -0.18425
-0.000200974920807 -0.000573693720531 -0.184
-0.000151319273713 -0.000579386291632 -0.18375
-0.000100487147912 -0.000580417992729 -0.183500003882
-5.23988497577e-05 -0.000580340292285 -0.183250003882
-8.15464023749e-06 -0.000579410464091 -0.182999382788
3.60331015837e-05 -0.000570989249932 -0.182749382788
8.29166067738e-05 -0.000547650414492 -0.182499382812
0.000129388927232 -0.000509329657133 -0.182249382836
0.000169149284751 -0.000462736693747 -0.181999382837
0.000196763162973 -0.000416699468566 -0.181749382861
0.000211021717173 -0.000373206247612 -0.181499379003
0.000214741224819 -0.000322028153765 -0.181249371287
0.000209415388848 -0.000253304903129 -0.18099936743
0.000193038927591 -0.000171032313338 -0.18074998469
0.000163383174166 -8.75790261979e-05 -0.180499976998
0.000120228236764 -1.34807110763e-05 -0.18024997314
6.38123764716e-05 4.25168961722e-05 -0.179999969282
-5.6771165306e-06 7.46304504211e-05 -0.179749965424
-8.42527769084e-05 8.63528437056e-05 -0.179500578826
-0.000163009960609 8.70986303234e-05 -0.179250578826
-0.000233765339898 8.26788083087e-05 -0.179000574945
-0.000293482268997 7.27773396112e-05 -0.178750574945
-0.000344872724476 5.1629626218e-05 -0.17850057492
-0.000392617741208 1.14989081342e-05 -0.17825057492
-0.000435740183578 -4.72033573727e-05 -0.178001196014
-0.000467597209193 -0.000113127792652 -0.177751196014
-0.000484139046861 -0.000175454096962 -0.177501199848
-0.000487397843136 -0.000232941542995 -0.177251199824
-0.000481381539724 -0.000290403206745 -0.177001203658
-0.000468452410948 -0.000351067407311 -0.176751203634
-0.000449414843895 -0.000413894577333 -0.176501207468
-0.000424224776808 -0.000472080668703 -0.176251207443
-0.000392928990671 -0.000516866369134 -0.176001207443
-0.00035712976193 -0.000548368555717 -0.175751207419
-0.000319241800315 -0.000574027661695 -0.175500590159
-0.000280614610443 -0.000597113910734 -0.175250590159
-0.00024117572705 -0.000616631892946 -0.175000590183
-0.000200977039504 -0.000632934242922 -0.174750590183
-0.000160458380446 -0.000647266590677 -0.174500590207
-0.000118189860668 -0.00065679868239 -0.174250590207
-6.94050397089e-05 -0.00065259205071 -0.174000590231
-1.15586803923e-05 -0.000628039278299 -0.173750590231
4.93718098363e-05 -0.000589444445019 -0.173500586397
0.000104045803041 -0.00055032294772 -0.173250586397
0.000149438679634 -0.000514836673946 -0.173000586421
0.000188045993644 -0.00047514744473 -0.172750586421
0.000220607795436 -0.000424488908289 -0.172500586445
0.000244889608787 -0.000362641628377 -0.172250586445
0.000258243783063 -0.000291994086733 -0.172000586445
0.000258322210954 -0.000217828499505 -0.17175120373
0.000243465077348 -0.000148240723009 -0.17150120373
0.000213406473167 -8.84171602945e-05 -0.17125120373
0.000169151124874 -3.72230603631e-05 -0.171001824848
0.000112444107635 6.99812426922e-06 -0.170751824848
4.51533486927e-05 4.07362395587e-05 -0.170502442108
-2.97213063098e-05 6.19718318128e-05 -0.170252442108
-0.000106866572555 7.36516314703e-05 -0.170002442108
-0.00018225362481 7.36260530142e-05 -0.169753063226
-0.000255070346691 5.51831610704e-05 -0.169503063226
-0.0003220994567 2.02642949685e-05 -0.169253059368
-0.000378683335143 -2.4536265153e-05 -0.169003059368
-0.000424378439818 -8.00914987227e-05 -0.168753059344
-0.000458989316663 -0.000146614787445 -0.168503059344
-0.000479506003807 -0.000215115222128 -0.168252438226
-0.000484760961362 -0.000276469584848 -0.168002438202
-0.000476948953127 -0.000328084720193 -0.167752438202
-0.000459242977845 -0.000371284298245 -0.167501813226
-0.000434438989292 -0.000409451243475 -0.167251813202
-0.000404511396035 -0.000446561942455 -0.167001813202
-0.000370374307082 -0.000481469469459 -0.166751192084
-0.00033256293904 -0.000507939054378 -0.166501188202
-0.000291969891383 -0.000526366641296 -0.166251188202
-0.000250015454248 -0.00054584817222 -0.166000567084
-0.000208300663535 -0.000569823697884 -0.165750567084
-0.000166935039221 -0.000591093355422 -0.165500567084
-0.000124690403656 -0.000603800307411 -0.165249945966
-8.15167853712e-05 -0.000610250266517 -0.164999942108
-3.78312421924e-05 -0.000612427466836 -0.164749942108
6.92402339838e-06 -0.000608422477574 -0.164499942108
5.14604229936e-05 -0.000600359476239 -0.164249942108
9.44827873863e-05 -0.000589537848407 -0.163999942108
0.000137768522709 -0.000566744845905 -0.163749942132
0.00018109947102 -0.000524157522281 -0.163499942132
0.000220076374165 -0.000465525235801 -0.163250567108
0.000250249890877 -0.00039844503156 -0.163000567132
0.000268752939513 -0.000329663580432 -0.16275118825
0.000274279928413 -0.000261825008321 -0.16250118825
0.000266260711768 -0.00018895193078 -0.162251813226
0.000243845162576 -0.000105282361614 -0.162002438202
0.000207070924586 -1.8816046997e-05 -0.16175305932
0.000157741295141 5.37606371876e-05 -0.161503684296
9.80484662154e-05 0.000103640879547 -0.161253684296
3.00454123861e-05 0.000133003844722 -0.161004305414
-4.35080403244e-05 0.000145971510369 -0.160754309272
-0.000118870037421 0.000145148067647 -0.160503688154
-0.000191475053112 0.000133713415216 -0.160253688154
-0.000257168783084 0.000113587655769 -0.160003063178
-0.000313877515108 8.29423317376e-05 -0.15975244206
-0.000361094957603 3.8801489864e-05 -0.159501813226
-0.00039794860275 -1.8481269097e-05 -0.15925118825
-0.000422651437487 -8.3521055944e-05 -0.158999942132
-0.000434069942879 -0.000150165282087 -0.158749317156
-0.000432746076718 -0.000216095502522 -0.158498688322
-0.000419927648205 -0.000280936821751 -0.158247442204
-0.000397000094745 -0.000344596256312 -0.157996817228
-0.000365380671841 -0.000405637335958 -0.157746192252
-0.000327104958101 -0.000458399245985 -0.15749557111
-0.000284892520336 -0.000498011411627 -0.157244949992
-0.000241086512701 -0.000524765959112 -0.156994325016
-0.000196955127775 -0.000541878406651 -0.156744325016
-0.000153074788477 -0.000553304020976 -0.156494325016
-0.000109742503587 -0.000560101811194 -0.15624432504
-6.66369565489e-05 -0.000559232070587 -0.15599432504
-2.23409123856e-05 -0.000547135508768 -0.155744328922
2.45614199542e-05 -0.000522900345666 -0.15549495004
7.35360431958e-05 -0.000491055606799 -0.155245571182
0.000122168905797 -0.000457976015739 -0.1549961923
0.000168716750486 -0.000424213354117 -0.1547468173
0.000212452336882 -0.00038604966049 -0.154497442276
0.000252504524387 -0.000339127191847 -0.154248067252
0.000287180277709 -0.000280243824292 -0.15399931337
0.000313762567776 -0.000214042839966 -0.153749934488
0.00033036144992 -0.000151865929877 -0.153501180582
0.000336873166767 -9.93846259013e-05 -0.153251805558
0.000332800692712 -4.97301850554e-05 -0.153002434392
0.000315858546413 7.27305072988e-06 -0.152753684343
0.000284523864073 7.01777698665e-05 -0.152504313177
0.000239865127881 0.000127805166702 -0.152255559247
0.000183648315258 0.000173357906154 -0.152006188081
0.000117300486873 0.000207900529353 -0.151756816915
4.34333577507e-05 0.000233082936086 -0.151506820773
-3.38369650802e-05 0.0002461982691 -0.151256824606
-0.000110346841287 0.000242672978054 -0.151006824606
-0.000182643481162 0.000221306811698 -0.150756824582
-0.000247442310073 0.000184981574342 -0.150506199607
-0.000301997374121 0.000135790058014 -0.150254949631
-0.000344358017946 7.49843457729e-05 -0.150004320797
-0.000372667042414 9.91334230278e-06 -0.149753066963
-0.00038604702036 -4.74214936878e-05 -0.14950243813
-0.000386082412384 -9.03844127971e-05 -0.149251809272
-0.000375677423698 -0.000124199848883 -0.149001180438
-0.000356299126984 -0.000161622110387 -0.148750551604
-0.000327722791723 -0.000208039176526 -0.14849992277
-0.000290617048125 -0.000257417426148 -0.148249290079
-0.000247138676042 -0.00030268612933 -0.147998661245
-0.000199914953898 -0.000339877438862 -0.147748036269
-0.000151733884667 -0.000365824654265 -0.147497415151
-0.000104667572486 -0.000378939348901 -0.147247415175
-5.88043901398e-05 -0.00038258760928 -0.146997419033
-1.2992116429e-05 -0.000384484574713 -0.146747422914
3.25301186561e-05 -0.000387552950218 -0.146497426796
7.67734467735e-05 -0.000384619887608 -0.146247430654
0.0001203338878 -0.000368859327368 -0.145997434536
0.000164025066204 -0.000345309969016 -0.145748059512
0.000207043591721 -0.000324371298251 -0.145498063394
0.000248585361615 -0.000305483050138 -0.14524868837
0.000288339715136 -0.00027572838734 -0.144998692227
0.00032462359341 -0.000227227560916 -0.144749317203
0.000354587118769 -0.000165142267646 -0.144500567155
0.000375727183966 -9.47616975605e-05 -0.144251199847
0.000385886908128 -1.82997460947e-05 -0.144001828681
0.000384304971534 5.70603524322e-05 -0.143752457515
0.000370738212844 0.000127426881233 -0.143503082491
0.000343191470342 0.00019777106128 -0.143253711324
0.000300820912916 0.000268246873577 -0.143003719016
0.000246489563378 0.000330184137479 -0.142754343992
0.000183708996878 0.000377025085534 -0.14250434785
0.000115207288076 0.000406416993669 -0.14225434785
4.38458300452e-05 0.000415975721016 -0.14200434785
-2.82192376822e-05 0.000406752655395 -0.141753726709
-9.88740982297e-05 0.000384826833952 -0.141503101733
-0.000164368971576 0.000352086071567 -0.141252476757
-0.000220999231997 0.000304254847958 -0.141001851781
-0.000266388956715 0.000242441422202 -0.140751844065
-0.00029876539768 0.000172973371748 -0.140501219089
-0.00031680020882 9.69037213709e-05 -0.140250590256
-0.000319699463944 1.45281656437e-05 -0.140000586398
-0.000307887159678 -6.73504077073e-05 -0.139749961446
-0.000283406414073 -0.000140507194582 -0.139499957612
-0.000249874125023 -0.000198068136181 -0.139249957612
-0.00021173589464 -0.000235633537309 -0.138999957636
-0.00017093561367 -0.000258877375965 -0.13874995766
-0.000125890255452 -0.00027947590937 -0.138500578802
-7.71329373267e-05 -0.000299109003191 -0.138250578826
-2.79240078084e-05 -0.000312457079786 -0.138000582708
2.04312528075e-05 -0.00031935489847 -0.13775120385
6.72904670884e-05 -0.000320158571628 -0.13750120385
0.000111440713439 -0.000311951196587 -0.137251207732
0.000154111967839 -0.000296645880922 -0.137001207708
0.000197334052157 -0.000281033453265 -0.136751207707
0.000240412395298 -0.000264719523276 -0.136501207683
0.000281665781183 -0.000239719246329 -0.136251207683
0.000320800531061 -0.0002065291712 -0.136001207658
0.000358099919971 -0.000176103876416 -0.135750586492
0.000393054829987 -0.000151081774448 -0.135500586468
0.000423431696635 -0.000119963400359 -0.135249961468
0.000445671623835 -7.27072050646e-05 -0.134999961419
0.000457315006631 -1.2407184224e-05 -0.134748711444
0.000458764800934 4.89478061215e-05 -0.134498082562
0.000451892854839 0.000101479327557 -0.134247453704
0.000436551686937 0.000144515503099 -0.133996824846
0.000407936413041 0.000187235060931 -0.133745571013
0.000360527763653 0.000237403651972 -0.133494938321
0.000296725334654 0.000287634306588 -0.133243680654
0.000224544788145 0.000323761678118 -0.132993047939
0.000148922160281 0.00034042728868 -0.132743036389
7.24083170735e-05 0.000338013116769 -0.132492407556
-1.98721430584e-06 0.000316719617205 -0.132243024816
-7.20069738694e-05 0.000280178691285 -0.131993645935
-0.0001351122032 0.000233777392345 -0.131744270935
-0.000187468905124 0.000176958812269 -0.131495524769
-0.000226316165524 0.000108727394953 -0.131246774745
-0.000251786252663 3.92628032755e-05 -0.130998028603
-0.000265412616852 -1.99137941834e-05 -0.130749286294
-0.000267068364083 -7.36398187764e-05 -0.130500540152
-0.000254322516258 -0.00013533206643 -0.130251797868
-0.000226200109807 -0.000206699288654 -0.130003672844
-0.000185928622427 -0.000276598068889 -0.12975493056
-0.000138143683598 -0.000335958792438 -0.129506180584
-8.55469875227e-05 -0.000384013292786 -0.129257430584
-3.05060014273e-05 -0.000421149846767 -0.12900868056
2.36275564848e-05 -0.000445927640516 -0.128759305584
7.51434694535e-05 -0.00045954180508 -0.128509305608
0.000124657775328 -0.000466044065977 -0.128259926726
0.000173323524612 -0.000469368412407 -0.128009926726
0.000220886964004 -0.000470627495987 -0.127759922868
0.000265357700954 -0.000466475832387 -0.127509922844
0.000305996848815 -0.000453767004113 -0.127259922795
0.000344339968083 -0.000433921290446 -0.127009293913
0.000381131710672 -0.000408168462627 -0.126759290007
0.000415574731731 -0.000374699146488 -0.126508664959
0.000446773986011 -0.000333981054549 -0.12625803991
0.000474190621242 -0.000289728591946 -0.126006793744
0.000496779614802 -0.000243757979266 -0.125756168696
0.000512283611547 -0.000193783747664 -0.125505543672
0.000517180596888 -0.000135931203353 -0.125254301387
0.000508131816412 -6.91964892944e-05 -0.125003055245
0.000484687985266 8.05328479137e-07 -0.124751805293
0.000450502289441 6.34378015018e-05 -0.124500559175
0.000409716368204 0.00011112547827 -0.124249930342
0.000361673567648 0.000145584443882 -0.12399930539
0.000303607619251 0.000171198495875 -0.123748680414
0.000237826964027 0.00018520659845 -0.123498055462
0.000168898539592 0.00018290617694 -0.123247430487
9.78361396814e-05 0.000166537353574 -0.122997426605
2.59323262825e-05 0.000140709409487 -0.122747422772
-4.16523382722e-05 0.000105243355854 -0.122497418914
-9.90802585503e-05 5.69140927519e-05 -0.12224804008
-0.000142500521938 -6.33849482496e-06 -0.121998040104
-0.000169775116312 -8.41368847245e-05 -0.121748665152
-0.000180570671366 -0.00017104023383 -0.121499286343
-0.00017735763812 -0.000254276279167 -0.121249907557
-0.000163359371298 -0.00032388572181 -0.120999911511
-0.000138610389279 -0.000383134895694 -0.120750536606
-0.000101707606053 -0.000438695933649 -0.120501161678
-5.37190330525e-05 -0.00049042793109 -0.120251165656
1.11182893088e-06 -0.000533129277944 -0.120001790728
5.58592176172e-05 -0.000559662754536 -0.119751794682
0.000105292472449 -0.000567748058895 -0.11950241973
0.000150260704677 -0.000563109214453 -0.119252427493
0.000194408935224 -0.000552934276267 -0.119003052493
0.000239924374718 -0.000541111033759 -0.118753056351
0.000286197144856 -0.000527823468006 -0.118503681303
0.000330679294879 -0.000510535987716 -0.118253685137
0.000372708496934 -0.000488660465056 -0.118004310065
0.000414607849313 -0.000466689268045 -0.117754313827
0.000456556469508 -0.000446557403164 -0.117504938706
0.000495239921178 -0.000421942309009 -0.117254938611
0.000529327727223 -0.000388990801913 -0.117005563515
0.00056000429883 -0.000351100568809 -0.116756184585
0.000585447850132 -0.000305992989354 -0.116506809489
0.000601008384659 -0.00024712508722 -0.116257434417
0.000605706949531 -0.000178739318813 -0.116008055511
0.000602527893066 -0.000111892233843 -0.11575867663
0.000592818713961 -5.14814578921e-05 -0.115509301582
0.000573959975155 4.7801981501e-06 -0.115259922724
0.000540422993669 6.17728696409e-05 -0.115010543842
0.000489984984328 0.000118696791119 -0.114761161127
0.000427332282774 0.000167666074891 -0.114511778387
0.000355613825569 0.000205032180674 -0.114261774553
0.000276840262175 0.000230168383947 -0.114011770695
0.000198407855515 0.000237745141326 -0.113761763003
0.000124990642189 0.000225992498488 -0.113511134169
5.55708506918e-05 0.000200819350381 -0.113260505311
-7.9706027519e-06 0.000166269542109 -0.113009876477
-6.04465722524e-05 0.000121300405712 -0.112759247643
-9.79132369848e-05 6.45528174519e-05 -0.112508001549
-0.000118719040964 -2.82682015036e-06 -0.112256751573
-0.000123054615578 -7.64491430627e-05 -0.112005505431
-0.000112065298518 -0.000150638999798 -0.111754259313
-8.70976533383e-05 -0.000220933361469 -0.111503017053
-4.96140567504e-05 -0.000284678332782 -0.111251774768
-1.19019272161e-06 -0.000340533735489 -0.111001157436
5.5440419909e-05 -0.000386490805325 -0.110750536222
0.000116253412367 -0.000420078742103 -0.110500539984
0.000177155175146 -0.000440078657413 -0.110249926485
0.0002345809743 -0.000446574335163 -0.110000555223
0.000287363179651 -0.000442082300198 -0.109750562866
0.000336190103971 -0.0004300536086 -0.109500566676
0.000381575948459 -0.000412737710506 -0.109251191628
0.000425357855565 -0.000392997904599 -0.10900181658
0.000468225313716 -0.00037242080771 -0.10875181658
0.000505797064195 -0.000346587196716 -0.108502441556
0.000535254148567 -0.000310465394216 -0.108252441604
0.00056095916939 -0.000267751780499 -0.108002445534
0.000587022481968 -0.000224879853108 -0.1077530667
0.000611190857277 -0.000180354356753 -0.107503066748
0.000629661483618 -0.000129909558164 -0.107252445679
0.000641753012254 -7.50601605521e-05 -0.107002445751
0.000647661362997 -1.9125224473e-05 -0.106751824705
0.000644951176271 3.86318670273e-05 -0.106501199802
0.000630956238742 9.86403083119e-05 -0.106250578756
0.000607633984896 0.000155229980707 -0.105999957686
0.00057858211247 0.000202482869882 -0.10574933664
0.000543029739867 0.000240357902927 -0.105498090594
0.000499140733839 0.000269515526176 -0.105247461808
0.000447930244268 0.000287879607813 -0.104996836856
0.000389931695585 0.000294300318846 -0.10474620807
0.000325506676183 0.000288515607794 -0.104495579261
0.000257195292896 0.00026980893291 -0.104245571569
0.000187249239579 0.000239507589383 -0.103994946593
0.000120214545971 0.000198599860486 -0.103744942759
6.46397670891e-05 0.000144096835209 -0.103495563901
2.56675377004e-05 7.48476982267e-05 -0.103246185019
2.75279975439e-06 -4.01428294123e-06 -0.102997427279
-5.00761906532e-06 -8.63787108958e-05 -0.102748677231
2.07618098679e-06 -0.000167640005869 -0.102499923325
2.13072368051e-05 -0.000241528819377 -0.102251173276
4.8399705846e-05 -0.00030207963127 -0.102002423228
8.10139916045e-05 -0.000348460156901 -0.10175367318
0.000120160913724 -0.00038477766822 -0.101504302014
0.000169434265434 -0.000416921749044 -0.101255551941
0.000231274398109 -0.000447813476829 -0.101006798011
0.000300915216658 -0.000473390545162 -0.100757426821
0.000367830424147 -0.000486627652749 -0.100508672891
0.00042424669302 -0.000484763162915 -0.100259293985
0.00046981856727 -0.000470577825578 -0.100009293937
0.000510009551804 -0.000449640767234 -0.0997592938895
0.000550625062958 -0.000426856241603 -0.0995092899835
0.000592959411768 -0.000404084852548 -0.0992599110536
0.000634673378677 -0.000380651916716 -0.0990099071477
0.000674144605433 -0.00035596904668 -0.0987599032178
0.000712044625688 -0.000331158966622 -0.0985099031696
0.000747250672934 -0.000305026719345 -0.0982605203816
0.000774989970604 -0.000271254418834 -0.0980105164996
0.000793441992527 -0.000227436843577 -0.0977598914755
0.000805283272893 -0.000178431322477 -0.0975098875935
0.000810081889835 -0.000126104756496 -0.0972592625934
0.000805463177873 -7.05345545563e-05 -0.0970086376173
0.000792446281606 -1.57655712743e-05 -0.0967580126173
0.000770096519732 3.64732727441e-05 -0.0965073876654
0.000731452272197 8.93293300739e-05 -0.0962567626895
0.000671384967056 0.000142986745527 -0.0960055166196
0.000596634240008 0.000189282808804 -0.0957542705498
0.000521942171711 0.000217624251368 -0.09550302448
0.000454770023374 0.000224518826322 -0.0952524034101
0.00039085031173 0.000213896990772 -0.0950017823401
0.000324473323695 0.000190753136577 -0.0947511573885
0.000256236514125 0.000157760591458 -0.0945005401526
0.00019266944011 0.000115063879401 -0.0942505402007
0.00014337353606 5.98785071341e-05 -0.0939999229647
0.000116058013839 -1.14116771874e-05 -0.0937499230128
0.000111166289985 -9.68095578695e-05 -0.0935005480367
0.000122752591799 -0.000186416655116 -0.0932505519427
0.000144140480568 -0.000268621810827 -0.0930011769906
0.000171002377218 -0.000336166072881 -0.0927511809205
0.000202943667871 -0.000388752742496 -0.0925018059684
0.000244285196103 -0.000432118784564 -0.0922518060165
0.00029897633012 -0.000470774917386 -0.0920024310403
0.000364320721714 -0.000502766597838 -0.0917530522304
0.000432597933078 -0.000523371408602 -0.0915030561362
0.000498206272336 -0.000531209651435 -0.0912536773022
0.000558650903314 -0.000527689332191 -0.0910036773262
0.00060902412924 -0.000512901715779 -0.0907542984444
0.000646387411511 -0.000487772712023 -0.0905042984204
0.000677978210522 -0.000457408705087 -0.0902542983964
0.000713178458442 -0.00042719950779 -0.0900042983484
0.000751068831425 -0.000397550853322 -0.0897542982765
0.000784099597651 -0.000364900299282 -0.0895049193464
0.00080876102916 -0.000326588735095 -0.0892549192745
0.00082771312966 -0.000283594218357 -0.0890049192265
0.000845580156706 -0.000239716581244 -0.0887549191546
0.000863584567067 -0.000197044080646 -0.0885049191065
0.000876504886116 -0.000151717671707 -0.0882549190586
0.000877314853797 -9.84229340343e-05 -0.0880049228925
0.000865252436619 -3.89069720103e-05 -0.0877549228925
0.000848296163633 1.73649298954e-05 -0.0875049228685
0.000835781282883 6.20167531191e-05 -0.0872549228687
0.000824308855951 9.77916586412e-05 -0.0870049228926
0.000797558052437 0.000133967713762 -0.0867549228926
0.000747496948841 0.000171320825621 -0.0865043017986
0.00068139922339 0.000202118767789 -0.0862536768467
0.000606738479189 0.000220888546612 -0.0860036768467
0.000529727769262 0.00022455473378 -0.0857530557286
0.000460127073983 0.000209771167201 -0.0855024307526
0.00040049827697 0.000176788178518 -0.0852518057767
0.000345252480581 0.000130060390882 -0.0850011807767
0.000293492579754 7.37665467658e-05 -0.0847511769188
0.000250064053738 1.05161560854e-05 -0.0845005519188
0.000217792675974 -5.59391920625e-05 -0.0842499269188
0.000197239543698 -0.000121079046335 -0.0839999230369
0.000192148203926 -0.000184343856775 -0.0837493018708
0.000207280374617 -0.000247852425487 -0.0834992979409
0.000241121276898 -0.000309283905395 -0.083249297869
0.00028807945678 -0.000363393845743 -0.0829992977969
0.000343501573979 -0.000406705085677 -0.0827492977249
0.000402894575051 -0.000437148118213 -0.082499918795
0.0004649076862 -0.000455528066338 -0.0822499225808
0.000530755135388 -0.000464086742109 -0.0820005436508
0.000596469504347 -0.000462390176694 -0.0817505474368
0.000656956112211 -0.000450319337541 -0.0815011762225
0.000714872135806 -0.000431151326567 -0.0812518011744
0.000772922227866 -0.00040764900159 -0.0810024261503
0.000824455459196 -0.000379311080291 -0.0807524300323
0.00086404689684 -0.000345909845785 -0.0805030550562
0.000896177536547 -0.00030976074956 -0.0802536762223
0.000923999200614 -0.000272230940643 -0.0800043012704
0.000944211678273 -0.000231381584433 -0.0797543013664
0.000956140652638 -0.000185713349378 -0.0795049225566
0.00096354907721 -0.000136684436842 -0.0792555437947
0.000969958750878 -8.69882792849e-05 -0.0790061649849
0.000976490932098 -3.84443241283e-05 -0.078756168915
0.000978215254709 1.12310394344e-05 -0.0785067900812
0.000963959829056 6.77850200677e-05 -0.0782574112235
0.000926457332235 0.000132345364918 -0.0780080323895
0.000870712602537 0.000197563671992 -0.0777586535556
0.000809983134246 0.000253387247028 -0.0775086535797
0.000754985627063 0.000294180184745 -0.0772592708638
0.000704950233006 0.000320861392238 -0.077009267006
0.000649675818326 0.000336884098197 -0.0767592631481
0.00058334200515 0.000342746296122 -0.0765092554322
0.000511217338404 0.000335977254204 -0.0762592515742
0.000443061238713 0.000314330451271 -0.0760086265742
0.000386450254474 0.000277041164814 -0.0757580015981
0.000342580419025 0.00022529640278 -0.07550799774
0.000308875068383 0.000162155693269 -0.0752567516459
0.000286635763715 9.06951322773e-05 -0.075006122788
0.000277621092106 1.45558265285e-05 -0.0747555016459
0.000279917594922 -6.06507502608e-05 -0.0745042555519
0.000295259849196 -0.000131688679456 -0.0742536344099
0.000328301085909 -0.000198419926946 -0.0740030132678
0.000378212765376 -0.000258541211142 -0.0737523959835
0.000440180513518 -0.000308197752058 -0.0735017825571
0.000506501549019 -0.000343291874277 -0.0732511691308
0.000565008421201 -0.000359766609677 -0.0730005557285
0.000609449412832 -0.000358596796359 -0.0727505595383
0.000647614094073 -0.000346438154213 -0.0725005672299
0.000690447565216 -0.000328700931697 -0.0722505749457
0.000739260943926 -0.000306282950925 -0.0720005787795
0.000786883802474 -0.000278310713227 -0.0717505826373
0.000826069958732 -0.000244873169714 -0.0715005864712
0.000855340486098 -0.000207232364425 -0.0712505903291
0.000878176164019 -0.000166893259033 -0.0710005903293
0.00089816219434 -0.00012500635377 -0.0707505941872
0.00091563251034 -8.21146557298e-05 -0.0705005941632
0.000929363025387 -3.82317018216e-05 -0.0702505903055
0.00093969529017 6.38725213133e-06 -0.0700012114236
0.000946529860831 5.16205569945e-05 -0.0697512075659
0.000947608664396 9.823649052e-05 -0.0695012075659
0.000943095176602 0.000145736976901 -0.0692512037082
0.00093607823379 0.000191864628126 -0.0690011998504
0.000924277563102 0.000236755201966 -0.0687511959926
0.000898988486949 0.000282612971257 -0.0685011921348
0.000857708418969 0.000327700447236 -0.0682511844191
0.000808564103524 0.000366490266656 -0.0680011767033
0.000758928281017 0.000395266612116 -0.0677511689876
0.000708362739673 0.000413190954422 -0.0675011651299
0.000652667407533 0.00041976526815 -0.0672517785321
0.000589068973767 0.0004137389045 -0.0670017708403
0.000517563690778 0.000393781929373 -0.0667523842426
0.000439977705049 0.000359552655556 -0.0665030015027
0.000362022117456 0.000312072665428 -0.066253618787
0.000296287912849 0.000252967751416 -0.066004239905
0.000254786765248 0.00018345595609 -0.065755486023
0.000236876127975 0.000105891188828 -0.0655061110229
0.000231682705577 2.61083481304e-05 -0.0652573609748
0.000232401665138 -4.9245810973e-05 -0.0650086109505
0.000244180636753 -0.000118209258513 -0.0647598647843
0.000275904036903 -0.000182310205616 -0.0645104974999
0.000326020262098 -0.00023974367496 -0.0642617513336
0.000384831001695 -0.000285864822957 -0.0640123840492
0.000449665935466 -0.000319630282779 -0.063763016765
0.000525302336575 -0.000342708530347 -0.0635136456227
0.000610602276335 -0.000354637808954 -0.0632636495047
0.000691923317658 -0.000353137434109 -0.0630136533866
0.00075219820323 -0.000338254390668 -0.0627636533867
0.000789913635476 -0.000314090503744 -0.0625130284108
0.000820623293555 -0.000284998027404 -0.0622627143774
0.00085637557946 -0.000252764356892 -0.0620120889941
0.000896374697464 -0.00021821090902 -0.0617614624463
0.000933892301904 -0.000182539798365 -0.0615108355079
0.00096129464492 -0.000146657962235 -0.0612600847244
0.000974022637375 -0.000110118465146 -0.0610093339361
0.000975192445847 -7.18563263638e-05 -0.0607584600839
0.000970909672962 -3.16579001195e-05 -0.0605075237388
0.000960715372537 1.08897409581e-05 -0.0602565252868
0.0009416299685 5.62927011152e-05 -0.06000546473
0.000916689473296 0.000102551767591 -0.0597543424521
0.000889187152921 0.000147020904128 -0.0595032205672
0.000858732637353 0.000188313091657 -0.0592522233012
0.00082642703802 0.000224860495816 -0.0590012877661
0.000790193685752 0.000256001015684 -0.0587504776144
0.000743200343524 0.000281424361085 -0.0584997920721
0.000686823588134 0.000298701801914 -0.0582491697991
0.000629788336509 0.000305281762141 -0.0579988592448
0.000574669183683 0.000300137015283 -0.0577486736858
0.000517561275894 0.000282421678178 -0.0574987373432
0.000455933593295 0.000251084330561 -0.0572489877194
0.000394683648285 0.000206102177053 -0.0569993623192
0.000345048082182 0.000149001237333 -0.056749923252
0.000312882407266 8.16772152867e-05 -0.0565006076345
0.000293088373784 6.45486148494e-06 -0.0562513525833
0.00028101743554 -7.25267701767e-05 -0.0560020334913
0.000280632960136 -0.000150838490634 -0.0557527128537
0.000296271662131 -0.000225212683871 -0.0555032656778
0.000326159908834 -0.000292455706355 -0.0552537556138
0.000367033831277 -0.000349674831907 -0.0550041205521
0.000417195421818 -0.00039515161227 -0.0547543608835
0.000474924666511 -0.000427996779103 -0.0545044769888
0.000536011232437 -0.000447548197107 -0.0542545321398
0.000594283105032 -0.000453718650723 -0.0540045263386
0.000647916727239 -0.00044792702969 -0.0537545216973
0.000700334470635 -0.000432063234043 -0.0535044568803
0.000754866158238 -0.00040730087518 -0.0532544568852
0.00081221632815 -0.000374329108887 -0.0530044592096
0.000866223096826 -0.000334569331348 -0.0527544630844
0.000905438060134 -0.00029105704697 -0.0525045306213
0.000926604892034 -0.000246396301775 -0.0522546618204
0.000938595890717 -0.000200821052448 -0.0520048559053
0.000951195650973 -0.000153974339759 -0.0517551124925
0.00096696703571 -0.000106773841756 -0.0515053686964
0.000981030173538 -6.05256261228e-05 -0.0512556249026
0.000986385230836 -1.50181796289e-05 -0.0510059424442
0.000983194375259 3.06917976696e-05 -0.0507563220977
0.000977984942988 7.62229154747e-05 -0.0505067638581
0.000969779224259 0.000121519827685 -0.0502572056089
0.000948218091678 0.00016774320926 -0.0500077102311
0.000908265703529 0.000214132370575 -0.0497583398412
0.000854652251819 0.000257481393249 -0.049509094051
0.000792045337485 0.000294656266187 -0.0492597872992
0.000723624919427 0.000323177278618 -0.0490104184308
0.000655972732385 0.000341364956488 -0.0487609862907
0.000592352611153 0.000348493030832 -0.0485113670413
0.000528290800186 0.000343321543354 -0.0482616841345
0.000459259618479 0.000323907282057 -0.048011813735
0.000386654558972 0.000289382327742 -0.0477618175686
0.000319559245137 0.000241627694089 -0.0475115710237
0.00026875279161 0.000184230983696 -0.0472611983286
0.000236304350701 0.000119566253796 -0.0470105744836
0.000218764795023 4.95098572975e-05 -0.0467598248742
0.000216704521965 -2.27519878834e-05 -0.0465090108335
0.000231139627416 -9.37666121881e-05 -0.0462580706427
0.000258580427485 -0.000160069201489 -0.0460070675684
0.000297336403914 -0.000218342195487 -0.0457561875605
0.000348339800314 -0.000266279121745 -0.0455053075526
0.000410105786125 -0.000302166715551 -0.0452544900423
0.000482644603811 -0.000324900521166 -0.0450037350319
0.000565301283191 -0.000333583846474 -0.0447531054097
0.000648036516534 -0.000327744446534 -0.0445026007851
0.000720471161355 -0.000308813084727 -0.0442522840463
0.00078293341731 -0.00027911427615 -0.0440020930815
0.000837793022532 -0.000240740182222 -0.0437520278882
0.000879712796977 -0.000197026843753 -0.0435020880855
0.0009034169293 -0.000152049965546 -0.0432522740543
0.000915561632899 -0.000106771091508 -0.0430024611877
0.000926255514919 -5.9885550245e-05 -0.0427526479403
0.00093426393759 -1.25984801449e-05 -0.0425028971929
0.000932495881322 3.27167300713e-05 -0.0422530847195
0.000920424290551 7.64284632239e-05 -0.0420033968555
0.000904237851802 0.000120474824893 -0.0417536468773
0.00088890022628 0.000165338973845 -0.0415038343968
0.000872617833766 0.000210085726167 -0.0412540840234
0.000851339757757 0.000254023997553 -0.0410042715357
0.000826435182389 0.000296589690064 -0.0407544582694
0.000800510382264 0.000336943652421 -0.0405045821172
0.000768871329368 0.000374183725026 -0.0402547055767
0.000724693635427 0.000406687843824 -0.0400048911431
0.000670607305335 0.000432327115668 -0.039755078636
0.000615642928002 0.00044995706721 -0.039505205941
0.000560805367841 0.000458406020383 -0.039255334401
0.000499263667173 0.000454682591708 -0.0390055265158
0.000433855801816 0.000437157224012 -0.0387557197881
0.000377847843935 0.000408174093795 -0.0385059767152
0.000333481731799 0.000368196061161 -0.0382562336422
0.00028918750282 0.00031306774859 -0.0380066784478
0.000241926264446 0.000242420886916 -0.0377571869084
0.000203812486511 0.000163141402905 -0.0375078199784
0.00018644234476 8.23341282383e-05 -0.0372584538177
0.000192040294481 3.52558000239e-06 -0.0370092130403
0.000217467093332 -7.11273979249e-05 -0.036759908608
0.000256134561365 -0.000139335657115 -0.0365106010918
0.000298745697392 -0.000198517034729 -0.0362612283752
0.000343042541229 -0.000246118032992 -0.0360117904557
0.000396608535013 -0.00028045493608 -0.0357622244547
0.000460744860867 -0.000300913174204 -0.0355124694178
0.000526649208307 -0.000308024723247 -0.0352625882308
0.000592838949459 -0.000302271553344 -0.0350124562795
0.000665719379833 -0.000282729840053 -0.0347621360638
0.000740205125616 -0.000250346031818 -0.0345115650861
0.000799379458911 -0.000210945475257 -0.0342608675726
0.000837021113671 -0.000169910088241 -0.0340101048609
0.000864197953473 -0.000126571984197 -0.0337593398344
0.000889994995383 -7.92344496051e-05 -0.0335083904039
0.00091008727975 -3.13229479605e-05 -0.0332575081004
0.000916942440243 1.22600274264e-05 -0.0330066281163
0.000912747545318 5.17906694215e-05 -0.0327558098581
0.000908118938515 9.13274735521e-05 -0.0325049935337
0.00090527723495 0.00013096130765 -0.0322542431813
0.000892280900674 0.000167339540569 -0.032003434194
0.000862701475728 0.000200647596628 -0.0317526888665
0.000826100447861 0.000233467538942 -0.0315018818129
0.000792306860721 0.000266310076707 -0.0312510732139
0.000759905540358 0.000297647931587 -0.0310003255741
0.000720679620638 0.000325087395227 -0.0307496415894
0.000668919617363 0.000345918230928 -0.0304989591454
0.000608247358937 0.000358444582033 -0.0302483391943
0.000546501882335 0.000362402917958 -0.0299977813503
0.00048607637309 0.00035696488764 -0.0297473496589
0.000426523162996 0.000340571053318 -0.0294970433485
0.000370279917272 0.000312784548978 -0.029246862031
0.000318677279112 0.000273037624066 -0.0289967443683
0.000270403767295 0.000219782218837 -0.0287467524725
0.000228857939762 0.00015462499912 -0.0284968234552
0.000201979183684 8.29126710289e-05 -0.0282470175066
0.000193614804528 8.65240900675e-06 -0.0279973334621
0.000203227247315 -6.59655458855e-05 -0.0277477076739
0.000229642428238 -0.000138456720688 -0.0274982030205
0.000271015591211 -0.000205947828761 -0.0272488202736
0.000326745562375 -0.000264871899164 -0.0269994969404
0.000394483425017 -0.000312399498647 -0.026750234171
0.000466112825954 -0.000347368306367 -0.02650097063
0.00053877671997 -0.000368271204594 -0.0262517074724
0.000615880055721 -0.00037336844433 -0.0260025068148
0.000691500240259 -0.000363742654596 -0.0257533076979
0.000757918948146 -0.000342201208099 -0.0255040480148
0.000816704489718 -0.00030989235003 -0.0252546664251
0.000865594612133 -0.000269509828058 -0.0250052867692
0.000898917661868 -0.000225998958759 -0.0247557848211
0.000919779699515 -0.00018094288471 -0.0245060984689
0.000934500222267 -0.000133275723379 -0.0242564753906
0.000945685164364 -8.28585822108e-05 -0.0240067921342
0.000952412436381 -3.14444934691e-05 -0.023757172147
0.000951264209422 1.7632276797e-05 -0.0235074283268
0.000941572270951 6.32478009064e-05 -0.023257683735
0.000927063413037 0.000107407940013 -0.0230078766456
0.00091248891972 0.00015221496394 -0.0227581308964
0.000901832260021 0.000198339445228 -0.0225083859188
0.000893597365684 0.000244039953666 -0.0222587030505
0.000878277877997 0.000286159153235 -0.0220089580681
0.000847390325227 0.000322856992166 -0.0217591498117
0.000802910197691 0.000354363509107 -0.0215092173268
0.000755578614681 0.000382270694296 -0.0212593465632
0.000713022483013 0.000407579629234 -0.0210094136829
0.00067108598629 0.000428053112674 -0.0207594804143
0.000623304490087 0.00043976115045 -0.0205094838742
0.000568977743855 0.000439872853988 -0.0202593627198
0.000506423882399 0.000424371862183 -0.0200091161844
0.000435777724846 0.000389677454761 -0.0197586829279
0.000366247450323 0.00033839825058 -0.0195081235187
0.000308292807757 0.000276523603203 -0.0192575004547
0.000266470988483 0.000208114133554 -0.0190068129641
0.000241893205486 0.000135764780344 -0.0187561247021
0.000234043062698 6.15508463405e-05 -0.0185053735567
0.000241304956207 -1.24451047325e-05 -0.0182546845232
0.000262770871797 -8.29624100653e-05 -0.0180039318324
0.00029997551375 -0.000145341379996 -0.017753240096
0.000354194378373 -0.000195801468584 -0.0175026733548
0.00041918575629 -0.000233963340028 -0.0172521691113
0.000483611709268 -0.000261045449161 -0.0170017277536
0.000544786992621 -0.000276001629633 -0.0167514117769
0.000611683712587 -0.000274886124622 -0.0165012207979
0.000690965289412 -0.000254257114377 -0.0162511559738
0.000773919371205 -0.00021628028129 -0.0160012173094
0.000842468341654 -0.00016933973358 -0.0157513419166
0.000889510437063 -0.000119927544678 -0.015501591912
0.000923857810927 -6.67180460931e-05 -0.0152518426837
0.000952926135587 -7.45024477104e-06 -0.0150022180745
0.000973642302772 5.37989934706e-05 -0.0147525942417
0.000981334504574 0.000110799190821 -0.0145029704113
0.000975562723545 0.000160347836217 -0.0142532848597
0.000958815024189 0.000202732594446 -0.0140036606508
0.000937191076796 0.000242362594294 -0.0137539743301
0.000916987635304 0.000283678863096 -0.0135043497331
0.000897481512324 0.000325410542973 -0.0132546626359
0.000873470094345 0.000364148940987 -0.0130049755339
0.000842748553742 0.000399336458838 -0.012755288427
0.000804693769445 0.000431109338785 -0.012505600927
0.000755964423482 0.000457751925144 -0.0122559759198
0.000696218643626 0.000477974081327 -0.0120064126313
0.000634006317768 0.000493376995331 -0.0117568489521
0.000576869557435 0.00050556893664 -0.0115072231586
0.000522715978307 0.00051249165423 -0.0112575977461
0.000468523651856 0.000511321019521 -0.0110079727169
0.000414197224135 0.00050024857086 -0.0107584105686
0.000357898360713 0.000475791039452 -0.0105088480322
0.00030162625512 0.000436661906672 -0.0102593476077
0.000253310119935 0.000387010355625 -0.0100098468024
0.000217376777638 0.000329791730901 -0.00976028349938
0.000193650185833 0.000264762304546 -0.00951072097274
0.000184208569552 0.000194459202838 -0.00926109787745
0.000192369987112 0.000123539259726 -0.0090112892184
0.000216958796589 5.36384580407e-05 -0.00876141845001
0.000253416810442 -1.47269873599e-05 -0.00851148441251
0.00029940713726 -7.77820109256e-05 -0.00826148672249
0.000356087980065 -0.000129694791497 -0.00801136403729
0.000423711678756 -0.000166510943245 -0.00776105501911
0.000497216570381 -0.000187852973864 -0.00751062100577
0.000568548029313 -0.000195358052732 -0.00726006161385
0.000632741197323 -0.000190419378711 -0.00700949990721
0.00068783263221 -0.000174456302638 -0.00675887415984
0.000731678969387 -0.000150138979174 -0.00650830898112
0.000763655984268 -0.000120068486845 -0.00625774249048
0.000786605051079 -8.47673219445e-05 -0.0060071992983
0.000805469620723 -4.23528950543e-05 -0.00575659973987
0.000822713746403 8.31250842065e-06 -0.00550590716509
0.000833849855745 6.22757289102e-05 -0.00525520879955
0.000833335869942 0.000112104243152 -0.00500464186792
0.000823646689818 0.000157809225658 -0.00475418175723
0.00081189496251 0.000204942821122 -0.0045037100709
0.000800176986779 0.000253940848892 -0.00425321431058
0.000783951523841 0.000298766959219 -0.00400279404906
0.000760047476229 0.000336343540571 -0.00375252355173
0.000732913361916 0.00037079489517 -0.0035023096519
0.000708690553067 0.000406133150354 -0.00325205980126
0.00068516483405 0.000440343229922 -0.00300181801957
0.000653389349367 0.000468442647765 -0.00275171474215
0.000608633289449 0.000487929556777 -0.00250181701918
0.000556204424682 0.00050072018058 -0.00225204904226
0.000503932739484 0.000509719056811 -0.0020023306428
0.000448691384664 0.000511161928438 -0.00175271247278
0.000381998975779 0.00049616672649 -0.00150336767505
0.000309511281099 0.00046454239236 -0.00125423984963
0.000243800869512 0.000423363123202 -0.0010051561618
0.000185506665667 0.000371479903118 -0.000756117802423
0.000131753608 0.000304190800531 -0.000507188795623
8.78600439949e-05 0.000225889739224 -0.000258278865456
6.0815676583e-05 0.000145196568659 -9.24864269232e-06
5.34399372864e-05 6.74758369034e-05 0.000239972273773
6.49551232451e-05 -5.76255649833e-06 0.000489389858838
9.24150573204e-05 -7.48386645706e-05 0.00073897954821
0.000134314429139 -0.000137389996632 0.000988737406821
0.000191086441384 -0.000188789976403 0.00123872021925
0.000259214985844 -0.000227773292606 0.00148890302647
0.00033136362511 -0.00025533355496 0.0017392108701
0.000405012559911 -0.000269225835405 0.0019896496126
0.000481905072465 -0.000265651379146 0.00224025007938
0.000558943209474 -0.000244900106639 0.00249099954168
0.000628003648735 -0.000211623918072 0.00274178596799
0.000682146118614 -0.000171573109869 0.00299251005537
0.0007210195079 -0.000127402372299 0.00324315340268
0.000750765440518 -7.64879950549e-05 0.00349378433555
0.000774128931904 -1.81493213908e-05 0.00374442106268
0.00078515392873 3.90487991137e-05 0.00399496377625
0.000778636297882 8.49530601206e-05 0.00424530680618
0.000759084411416 0.00012052530392 0.0044954812467
0.000735376630378 0.000154803726912 0.00474562378236
0.000711033557417 0.000191671075236 0.00499578456291
0.000684647678491 0.000228550451138 0.00524593307088
0.000655494401887 0.000263693544773 0.00549605676648
0.000624440983699 0.00029734558382 0.00574615511079
0.000591373117523 0.000328797542976 0.00599622822053
0.000554375411149 0.000356111651771 0.00624624573634
0.000512628534302 0.000378681823859 0.0064962325377
0.000469407814136 0.0003986551631 0.00674616926142
0.00042821220079 0.000417803484312 0.0069961063709
0.000385199315699 0.000432451474568 0.00724598136858
0.000331487706779 0.000434145803311 0.00749573021613
0.000266447338428 0.00041902379314 0.0077453540709
0.000203217156283 0.000395039455752 0.00799497715888
0.000154391731553 0.000373075130106 0.00824466236109
0.000117390423767 0.000350828998723 0.00849440852014
8.20950897385e-05 0.000314957613347 0.00874409179822
4.52169834824e-05 0.000256685972259 0.00899371180958
1.25896321441e-05 0.000179595264361 0.00924333066596
-5.34802103038e-06 9.77668198523e-05 0.00949294836256
-2.35356393455e-06 2.2478344274e-05 0.00974269066853
1.76346718317e-05 -4.92744892261e-05 0.00999255874124
4.8091850459e-05 -0.000122359351237 0.0102424275879
8.93214629654e-05 -0.000189879131384 0.0104923581606
0.000145360681899 -0.000241414501432 0.0107424148882
0.000215723536526 -0.000273782820524 0.0109924739281
0.000292915697617 -0.00029047767884 0.0112425985495
0.000366054507675 -0.000296941525253 0.0114926637573
0.000428091384884 -0.00029610050968 0.0117427929985
0.000481143242833 -0.000285355524603 0.0119928620544
0.000532803131783 -0.000258392722712 0.0122428705321
0.000586328188476 -0.000211798429594 0.0124928797766
0.000636424184878 -0.000149815019922 0.0127428261304
0.000674737319746 -8.18263085558e-05 0.0129926474795
0.000696614165623 -1.63517479487e-05 0.013242405164
0.000703581898046 4.38380777847e-05 0.0134920980338
0.000700827373992 0.000101663815143 0.013741789353
0.000691274614835 0.000158229870366 0.0139913545125
0.000675348615697 0.000211158247065 0.0142409806241
0.00065475007596 0.000260451901508 0.0144904809666
0.000630646379518 0.000305845466561 0.0147400426613
0.000603024582319 0.000345972699123 0.0149895422562
0.000574207343284 0.000383713461509 0.0152390422513
0.000546561958519 0.000421636937437 0.0154885434133
0.000516611193695 0.000455659514707 0.0157380449732
0.000476350845992 0.000478836010274 0.0159876703806
0.000421351483801 0.000488241932444 0.0162374196354
0.000356693910974 0.000487805723792 0.0164872927378
0.000292682279017 0.000484608471998 0.0167372283426
0.000234081968895 0.000480923785439 0.0169871643405
0.000176999550128 0.000470832727238 0.0172371636172
0.000117382202546 0.000446856250218 0.0174874128891
5.86356363591e-05 0.000409010268748 0.0177379106129
7.29432147827e-06 0.00036255456801 0.0179885942768
-3.39999245435e-05 0.000309242647622 0.0182393415884
-6.41178160945e-05 0.000249344455674 0.0184903411979
-7.99871569448e-05 0.000187559917197 0.0187414052339
-7.96026708746e-05 0.00012820109376 0.0189924708129
-6.40003189362e-05 7.03546773101e-05 0.0192436609965
-3.47721784272e-05 1.29944932268e-05 0.0194948531018
7.2177921332e-06 -4.12551192784e-05 0.019746108469
6.09646003184e-05 -8.80704445509e-05 0.0199973013314
0.000125469509223 -0.000122574497815 0.0202483074702
0.000199891266172 -0.000140278053479 0.0204991268854
0.000281535653866 -0.000139590881998 0.0207496963054
0.000363461902232 -0.000123674754906 0.0210000138014
0.000437408387923 -9.74684146294e-05 0.0212501414898
0.000500943450278 -6.14067897926e-05 0.0215000180282
0.000554319753784 -1.48507545705e-05 0.0217497687902
0.000592580335463 3.50997758159e-05 0.0219993316689
0.000613369439776 8.1993332896e-05 0.022248893395
0.000624261305542 0.000132290300561 0.02249839109
0.000631298750658 0.000193393759248 0.0227476997586
0.000630729304165 0.000257785913427 0.0229970076629
0.000617462388251 0.000311765665091 0.0232463776934
0.000592981107605 0.000352298898184 0.0234958719572
0.000563421101207 0.000388872327642 0.0237453045045
0.000533924366191 0.000431542287159 0.0239948014832
0.000504824695048 0.000478498596479 0.0242443003932
0.000472446687376 0.000518693932864 0.0244938629559
0.000433578349014 0.000545853787626 0.0247434251303
0.000388955486625 0.000563779131772 0.0249930490211
0.000343505429719 0.000580977973411 0.0252426732881
0.00030298299165 0.000603663373465 0.0254923604265
0.00026713605106 0.000629608985936 0.0257421100528
0.000228203178988 0.000648955209735 0.0259917979434
0.000179722426514 0.000653344693241 0.026241485822
0.000122533760986 0.000641230447647 0.0264911733028
6.39135194541e-05 0.000618240404669 0.0267407365479
1.23871972247e-05 0.0005935703384 0.026990361519
-3.27819498433e-05 0.000564235666403 0.0272400482137
-7.86333739889e-05 0.000513320728881 0.0274895481895
-0.000122402945752 0.000437740171592 0.0277389868275
-0.000152564340116 0.000356804697631 0.0279883629703
-0.000163449070964 0.000284670388845 0.0282378633416
-0.000158324936613 0.000214741118118 0.0284874246673
-0.000140595125158 0.000139180200265 0.0287369238813
-0.000108945830034 6.62071881801e-05 0.0289864863693
-6.22496328704e-05 5.39990717175e-06 0.0292362359643
-4.96456999205e-06 -4.65950978602e-05 0.0294859859475
5.60448913145e-05 -9.41626110524e-05 0.0297357995882
0.000118240268487 -0.000131758677372 0.0299857397672
0.00018285259327 -0.000151208234769 0.030235867058
0.000249524347123 -0.000150055257844 0.0304862447273
0.00031592718358 -0.000129329266689 0.0307369348942
0.00038051622602 -8.88711839489e-05 0.0309878754445
0.000441036404997 -2.94814993351e-05 0.0312391277111
0.000490790678083 4.03496572044e-05 0.0314905659298
0.000522836608582 0.000107871366524 0.0317419428154
0.000538464355057 0.000170859761578 0.0319931958729
0.000542993945827 0.000235310142771 0.0322444473993
0.000537533819983 0.000299547221542 0.0324956341206
0.000522398767773 0.000358680733558 0.0327467579584
0.000500081146863 0.000412950008755 0.0329978189176
0.000472304395051 0.000460437200896 0.0332486916125
0.000439570432178 0.000495453443664 0.033499314698
0.000402245181475 0.000514944303361 0.0337496264482
0.000360919985898 0.000521884497167 0.0339996878102
0.00031719216996 0.000524318859361 0.0342496234005
0.000272647050932 0.000527531395216 0.0344995586003
0.000226178703695 0.000528570426798 0.0347494941763
0.000175718206374 0.000523213137892 0.0349992434096
0.000122545548396 0.000512910528752 0.0352488688003
6.997407286e-05 0.000501086312306 0.0354984320767
1.89723112409e-05 0.000486952011969 0.0357479949697
-3.26524559306e-05 0.000464264295999 0.0359973711366
-8.58207506177e-05 0.000427416283244 0.036246374247
-0.000136156743278 0.000379762754412 0.0364951292982
-0.000178141722768 0.000329246357349 0.0367438828088
-0.000210794656094 0.000275700896269 0.0369925718976
-0.000235338774627 0.000211285328613 0.0372410719529
-0.000250074558495 0.000134650631374 0.037489258751
-0.000250848996779 5.71052940104e-05 0.0377375076634
-0.000235415255082 -1.06151294991e-05 0.0379860061828
-0.000204438195669 -6.91454643601e-05 0.038234752766
-0.000159283813705 -0.000122067706176 0.0384836829842
-0.000101278285881 -0.000168455859647 0.0387327987662
-3.31523649483e-05 -0.000207431208489 0.0389821016575
4.00928514949e-05 -0.00024028985567 0.0392315318612
0.000113466569563 -0.000265318362179 0.0394810893747
0.00018552262148 -0.000274893476593 0.0397310230312
0.000256877718884 -0.000261922622071 0.0399813957139
0.000324082736916 -0.000229497301412 0.040232144923
0.000379685787657 -0.000189135378587 0.040482957394
0.000420135976131 -0.000147476528138 0.0407337706342
0.000447093528201 -0.0001033172978 0.0409845842505
0.00046133983185 -5.85880868069e-05 0.0412353369053
0.000463652516751 -1.64805983179e-05 0.0414859657174
0.000457509588229 2.82997803652e-05 0.0417365941365
0.000444986406337 8.06859561493e-05 0.0419872831123
0.000425240358884 0.000134646131484 0.0422379088046
0.000398119213677 0.000181638828778 0.0424883466087
0.000365352778107 0.000220995976924 0.0427387215271
0.000328954466264 0.000256791931663 0.0429889093432
0.000290343602906 0.000290395893858 0.0432390960044
0.000250384810356 0.000319922825646 0.0434891584469
0.000209305419256 0.000343116215929 0.0437391599445
0.000166587352237 0.000358598988938 0.0439891606826
0.000122193781953 0.000368174471347 0.0442391610493
7.82620466364e-05 0.000377851604894 0.0444891618258
3.67202119312e-05 0.000390811192615 0.0447391020505
-4.87367772365e-06 0.000400334485458 0.0449890449949
-5.00482091675e-05 0.000397309601707 0.0452391758228
-9.72639601659e-05 0.000382355023675 0.04548949376
-0.00014300834592 0.000359677376508 0.0457398730399
-0.000186660027298 0.000324435016473 0.0459905632742
-0.000226972329079 0.000269876933853 0.0462415652248
-0.000259098173023 0.000201511925125 0.046492878113
-0.00027841543463 0.000132436128615 0.0467443163773
-0.000283809168025 6.61004209802e-05 0.046995694842
-0.000275520008963 -4.63324833285e-06 0.047247198678
-0.000253129245297 -8.05302410104e-05 0.0474988255754
-0.000216842480345 -0.000152613694073 0.0477503884296
-0.000168153652518 -0.000212581196842 0.0480017630147
-0.000109136038866 -0.000255874876885 0.0482528251094
-4.20302365227e-05 -0.00028078562948 0.0485035122161
3.05728745574e-05 -0.000287692065945 0.0487538247207
0.000105762164023 -0.000276881765891 0.0490038239682
0.000180153873486 -0.000249400989476 0.0492535111063
0.000249433788466 -0.000208963510447 0.0495030095872
0.000309328213795 -0.000160075534892 0.0497523811319
0.000357870954063 -0.000103349149525 0.0500015636384
0.000396095232573 -3.25829379482e-05 0.0502506203805
0.000424143262921 5.64207981793e-05 0.0504993657921
0.000437961959825 0.000150480986066 0.0507480490919
0.000434632192337 0.000227495808448 0.0509969800721
0.000417773839687 0.000285414404765 0.0512462227735
0.000392378468604 0.000340901180649 0.0514954689542
0.000360105704864 0.000397666542449 0.0517447182284
0.000322356514928 0.000441231078931 0.0519941553885
0.000281697105855 0.000464076408839 0.0522437808177
0.000239459139194 0.000476135213383 0.0524935308635
0.00019574094349 0.000488724815957 0.0527432816809
0.000150965998034 0.000501426330655 0.0529929707698
0.000105420940679 0.000509620834631 0.0532427848468
5.90706482459e-05 0.000513358951591 0.0534925360332
1.20111060294e-05 0.000513410673411 0.0537423497098
-3.60188958219e-05 0.000507277966456 0.0539921633768
-8.50727121146e-05 0.000493527135389 0.0542419778106
-0.000133917951075 0.000474338925593 0.0544917926157
-0.000181310304075 0.000450222587036 0.0547416077898
-0.000226672067308 0.000417752426703 0.0549914225638
-0.000268370380897 0.000376583102108 0.0552412380948
-0.000303889876606 0.000331570123686 0.0554909918998
-0.000331716023279 0.000285015386015 0.0557407453189
-0.000350826818415 0.000235268427006 0.055990560857
-0.000359829125878 0.000183498407712 0.0562403760166
-0.00035750994457 0.000133193776526 0.0564901907904
-0.000342647710033 8.28710643544e-05 0.0567400055666
-0.000313407283006 2.6173222882e-05 0.0569898816903
-0.000269018651608 -3.80823796028e-05 0.057239757433
-0.000211671409086 -9.99676226939e-05 0.0574896324065
-0.000145135312801 -0.00014746148697 0.0577396315989
-7.26858457198e-05 -0.000178175347805 0.0579898171219
2.10414337818e-06 -0.000194990655378 0.058240126871
7.5507841756e-05 -0.000195543890542 0.0584905620059
0.000144652012061 -0.000177498728119 0.0587411838643
0.000206195624282 -0.000146752746642 0.0589919311109
0.000257356091039 -0.000107240590861 0.0592427412481
0.000297737227257 -5.34758394373e-05 0.0594936763828
0.000326522197 1.58967782662e-05 0.0597448607411
0.000341501477677 9.04506950625e-05 0.0599960466451
0.000342007804758 0.000158418624958 0.0602470469948
0.000329802082994 0.000216000931403 0.0604979235163
0.000307305469243 0.000265758921998 0.0607486133286
0.000276534923021 0.000309200765662 0.0609991777696
0.000239127821633 0.000347594366509 0.0612496172297
0.000196009182372 0.000385143093371 0.0615000559303
0.000148820764382 0.00042001189747 0.0617503688689
0.000100368262985 0.000445979500269 0.0620005548858
5.1801376256e-05 0.000465777718783 0.0622506780266
3.81547113755e-06 0.000483374973881 0.0625007371195
-4.18004563697e-05 0.000490817732584 0.0627507371915
-8.55814324208e-05 0.000479912193947 0.0630001122878
-0.000130055918818 0.000457829007883 0.06324948736
-0.000175471116545 0.000437507465644 0.0634988662901
-0.000220831050718 0.000418597703137 0.0637482413383
-0.000266208930739 0.000391193062129 0.0639976163865
-0.000310986972757 0.000352118325749 0.0642463702687
-0.000353297676488 0.000303332149403 0.0644951241748
-0.000390994436038 0.000243682592692 0.0647438780567
-0.000421544986226 0.000173264406769 0.0649920107968
-0.000442593055388 9.67152882384e-05 0.0652401397029
-0.000452801248213 2.01987239622e-05 0.0654888897029
-0.000452010463501 -5.02328885336e-05 0.065737639703
-0.00044003915013 -0.00011392724629 0.065986389703
-0.000415139858519 -0.000176992861059 0.0662351397032
-0.000376288548349 -0.00024042139357 0.0664838935612
-0.000325629977196 -0.000295809950216 0.0667332685371
-0.000266094295017 -0.000335846992959 0.0669832646311
-0.000199534591059 -0.000359323231946 0.0672332607253
-0.000127695551598 -0.000368655022359 0.0674832568194
-5.3545768217e-05 -0.000366884755454 0.0677338778895
1.84116725742e-05 -0.000351031182439 0.0679851201014
8.43216939893e-05 -0.000312097737608 0.0682357411715
0.000141699292443 -0.000251223202487 0.0684876083355
0.000187508242929 -0.000185509414728 0.0687388582633
0.000219316134802 -0.000124942205122 0.0689901081671
0.000236595685717 -6.05805395753e-05 0.069241358095
0.000239228698865 1.00967982587e-05 0.0694926041649
0.00022862517319 7.13676855999e-05 0.0697432329747
0.000208027757794 0.000115584443251 0.0699938579266
0.000178852444664 0.000153895348522 0.0702438579266
0.000141122722567 0.000194216276975 0.0704944829265
9.70029948341e-05 0.000231254084929 0.0707444829266
4.98555241505e-05 0.000258939268985 0.0709944829506
2.07665331236e-06 0.000276213750431 0.0712444791408
-4.43256523776e-05 0.000282030422196 0.0714944791647
-8.86246012887e-05 0.000276766925869 0.0717438580948
-0.000133208391482 0.000267995598371 0.0719938581668
-0.000180361952759 0.000265176692041 0.0722438582149
-0.000228046583163 0.000265962441696 0.0724932371689
-0.000273261314689 0.000257402500925 0.072743237241
-0.000316551220365 0.000236122689668 0.072993237289
-0.000359308598454 0.000215760033147 0.0732432373371
-0.000401173446635 0.000206956609737 0.0734932374091
-0.000441192228201 0.000200629249007 0.0737432413151
-0.000477840573998 0.000178336986995 0.073993241363
-0.000508521177555 0.000133428817049 0.0742438663629
-0.000531191664972 7.54023804753e-05 0.0744944913627
-0.000544788646092 1.40452686425e-05 0.0747457413145
-0.000547445875723 -5.0077871721e-05 0.0749963701722
-0.000537727073154 -0.000115217380997 0.0752470028639
-0.000516579925835 -0.000173914249234 0.0754982566496
-0.000483847995642 -0.000224761631315 0.0757488893172
-0.000436087951882 -0.000274825512003 0.0760001431029
-0.000372240316989 -0.000326089617358 0.0762507757706
-0.000298143464543 -0.000368396301672 0.0765014045804
-0.000221667877416 -0.000389376734995 0.0767520295323
-0.000146113543306 -0.000387034648702 0.0770020294843
-7.17306697069e-05 -0.000368963071444 0.0772514083423
-1.11047743827e-06 -0.000339832211844 0.0775007872003
6.10588177623e-05 -0.000295235283262 0.0777501621765
0.000111633137003 -0.000231850899288 0.0779989122008
0.000149395876323 -0.000156329414323 0.0782476583432
0.000173812776302 -7.92510459234e-05 0.0784964006277
0.000185004698306 -7.48719597937e-06 0.0787451429362
0.000183471421881 5.84401137809e-05 0.0789945102206
0.000169064439991 0.000123674983393 0.0792432563869
0.000141891750811 0.00019004364648 0.0794920064111
0.000103952230709 0.000252891222187 0.0797413736955
5.69446690793e-05 0.000310885985708 0.0799907410039
2.9563679505e-06 0.000362938720707 0.08024011217
-5.09758069024e-05 0.000398833060687 0.0804894871941
-9.94331029055e-05 0.000414252039952 0.080739487218
-0.000146178303995 0.000421316120689 0.0809894872419
-0.000193945679876 0.00042768440813 0.0812394910997
-0.000238356740564 0.000426448815299 0.0814901122417
-0.00027812445348 0.000414474038976 0.0817401161235
-0.000316941524059 0.000398630529822 0.0819907372654
-0.000355838310302 0.000381587771804 0.0822407411472
-0.000393434933131 0.000359107592668 0.0824913661471
-0.000429149114928 0.000329002957262 0.0827419872651
-0.000462176548588 0.000290267874533 0.082992612241
-0.000491074103008 0.000241994849775 0.0832432333829
-0.000515523909456 0.000190456963937 0.0834938583588
-0.000536195831025 0.000144069808461 0.0837438622407
-0.000551743166591 0.000100489277373 0.0839944872165
-0.000557503165381 4.93399813459e-05 0.0842451121924
-0.00054907781321 -1.35281417487e-05 0.0844951121924
-0.000528124484503 -7.7179449927e-05 0.0847457371923
-0.00050109185481 -0.000126006172004 0.0849957449079
-0.000468151325548 -0.000160166688 0.0852457487658
-0.000420265712007 -0.000194045068984 0.0854957526236
-0.000352265421992 -0.000234075195384 0.0857457526236
-0.00027224359263 -0.000268629765895 0.0859957564815
-0.000193570777678 -0.00028027969118 0.0862457603394
-0.000121799335949 -0.000263092989411 0.0864957603634
-5.41830582553e-05 -0.000226089446569 0.0867457642211
1.0275741738e-05 -0.000180113621561 0.0869957641971
6.66352950695e-05 -0.000125461681504 0.0872457641971
0.00011003548371 -5.94456867088e-05 0.0874957641971
0.000139957696557 1.01405544871e-05 0.0877457603393
0.000157290432745 7.35818364212e-05 0.0879957603153
0.000161203482452 0.000132290563652 0.0882457602913
0.000150742341714 0.000190719448081 0.0884957602675
0.000127309590192 0.000246641350732 0.0887463775037
9.46259835224e-05 0.000293765137769 0.0889963774797
5.62407528749e-05 0.000328930818465 0.0892463774558
1.16340738097e-05 0.000357460576063 0.08949637355
-4.15038935301e-05 0.000385571760384 0.0897463735262
-9.97731078179e-05 0.000409457374071 0.0899963696205
-0.00015600590632 0.000421517049136 0.0902463695965
-0.00020698792393 0.000420689893568 0.0904963657149
-0.000253719308023 0.000410610995265 0.090745740691
-0.000299030587093 0.000396354323304 0.0909957406912
-0.000345247243943 0.00038255092739 0.0912451156913
-0.000390590088542 0.000368033572367 0.0914951118335
-0.000432070330383 0.000347741877758 0.0917444868576
-0.000470455939143 0.000321964885472 0.0919944868576
-0.000508580782037 0.00029696411055 0.0922438618817
-0.000546873978634 0.000274828274654 0.0924938580237
-0.000581444628323 0.00024577166074 0.0927432369055
-0.000607152379245 0.000198726357266 0.0929926119295
-0.000622434483692 0.000136015941779 0.0932419869534
-0.000627078778671 6.46191088879e-05 0.0934913619774
-0.00061944650582 -1.22593375713e-05 0.0937407370013
-0.00060047361261 -8.77994304231e-05 0.0939901120255
-0.000572538906141 -0.000155323654527 0.0942394870255
-0.000535092522479 -0.000214314459485 0.0944894831676
-0.000485638613984 -0.000266788717986 0.0947394831915
-0.000421871603429 -0.000314333843684 0.0949894831915
-0.000346583768903 -0.000353594100051 0.0952394831915
-0.000268734117697 -0.00037620084008 0.0954901043097
-0.000195376438798 -0.000377050304955 0.0957407292857
-0.000127626052947 -0.000358016525538 0.0959913542856
-6.5279742418e-05 -0.00032354821984 0.0962419792856
-1.07126683414e-05 -0.000275977084949 0.0964932292615
3.29484735209e-05 -0.000216863399921 0.0967444792374
6.36626761473e-05 -0.000149247627393 0.0969951080952
7.86785274572e-05 -7.36739260008e-05 0.0972463580711
7.52935819189e-05 1.05504816426e-05 0.0974969830951
5.5211193424e-05 9.57437197449e-05 0.097747608119
2.40081440225e-05 0.00016926858248 0.0979982331668
-1.44875644593e-05 0.000226455785532 0.0982488582147
-5.92142036318e-05 0.000269763017382 0.0984988582628
-0.000109026478345 0.000301532420949 0.098748854453
-0.000162404653319 0.000323277788369 0.0989982333831
-0.000217500861481 0.00033596193104 0.0992482295972
-0.000271510603786 0.000339392663916 0.0994976046693
-0.000321923612999 0.00033368166321 0.0997469835993
-0.000368919370731 0.000321162819708 0.0999969797654
-0.000413796702952 0.000304480335797 0.100246358671
-0.000455601731674 0.000283479177117 0.100496354813
-0.000493530285187 0.000257443641304 0.100745733695
-0.000528967199787 0.000227604274042 0.100995729814
-0.000562862741398 0.000195061681047 0.10124572979
-0.000594601060435 0.000159347035166 0.101495725908
-0.000623717910678 0.000120471482435 0.10174572586
-0.000650582086726 8.04651760389e-05 0.10199572967
-0.000673895772582 3.8702551592e-05 0.102245729646
-0.000688797254967 -1.11580545364e-05 0.102495733456
-0.000692393989182 -7.03196088646e-05 0.10274635455
-0.000689800113029 -0.000127063600492 0.102996358384
-0.000687140826937 -0.000171540236366 0.103246983311
-0.000680182712697 -0.000209245258013 0.103497608263
-0.000659428794651 -0.000249110982594 0.103748233215
-0.000622653809092 -0.000289497546113 0.103998862049
-0.000572015438388 -0.000324939839378 0.104249487001
-0.000507890129288 -0.00035313475351 0.104500115811
-0.000435230540331 -0.000369292733039 0.104750740787
-0.000363384978769 -0.000366535019834 0.105001361881
-0.00029414424392 -0.000345255150242 0.105251365739
-0.000222988188049 -0.000312962631951 0.105501365714
-0.000151707036178 -0.000274316219314 0.105751365714
-8.91007739581e-05 -0.000227527668895 0.106001361833
-4.17368133464e-05 -0.00017064815607 0.106250732975
-1.07889301131e-05 -0.000106178976737 0.106499483023
3.8563656242e-06 -3.73851726771e-05 0.106748854165
1.18162878658e-06 3.4954014956e-05 0.106997600331
-1.82687915876e-05 0.000108350951754 0.107246346498
-5.10196964853e-05 0.000176906581763 0.107495096522
-9.4478345446e-05 0.000237443070327 0.107744463806
-0.000148274468546 0.000290481975026 0.107993213831
-0.000208542543934 0.000333126581703 0.108242588855
-0.000267512837759 0.000360189765648 0.108491959997
-0.000322019944761 0.000372519339251 0.108741335021
-0.000376007905085 0.000376521460894 0.108991331187
-0.000434729894952 0.000378076673473 0.109241331187
-0.00049859283154 0.00037897401276 0.109491335069
-0.000560535381866 0.000376225816098 0.109740717856
-0.000612578776505 0.000366063297668 0.109990721762
-0.000653454646413 0.000348148352218 0.110241346786
-0.000685926360803 0.000323828637426 0.110491350716
-0.000711969641942 0.000293211253909 0.110741975764
-0.000732358089053 0.000255419208816 0.110992600788
-0.000747251102464 0.000209787948535 0.111243225836
-0.000758065586859 0.000158830212077 0.11149385086
-0.000766944355204 0.000107510658946 0.11174447586
-0.000771259373785 5.50072607525e-05 0.111995100884
-0.000765852317457 -2.2626244143e-06 0.11224635086
-0.00075129138832 -6.04693509271e-05 0.112496975859
-0.000729775344613 -0.00011471330169 0.112747600859
-0.000698909926698 -0.000165322269402 0.112998225811
-0.000657164920071 -0.000211444735291 0.113248850787
-0.000604916564287 -0.000250644861712 0.113499475739
-0.000541000068155 -0.000282067898998 0.113750100691
-0.0004689498195 -0.000302297579943 0.114000104525
-0.000399552970193 -0.000304767738805 0.114250725619
-0.000338704235593 -0.000286854323029 0.114500104477
-0.000280727269151 -0.000253232278817 0.114750100595
-0.000220108442907 -0.0002100524888 0.115000096689
-0.000162725967566 -0.000157943821677 0.115250092807
-0.000118550022761 -9.41435549756e-05 0.115499463925
-8.98367689963e-05 -2.10415729336e-05 0.115748838877
-7.43540787287e-05 5.45249225231e-05 0.115998831113
-7.46965770271e-05 0.000131038374562 0.116248202208
-9.6100531824e-05 0.00021128990761 0.116497577184
-0.000136607944791 0.000290741160293 0.116747573254
-0.000186124712756 0.000357440307051 0.11699694823
-0.000236231633853 0.000404393883929 0.1172469443
-0.00028497594416 0.0004332386995 0.117496323134
-0.000334130561036 0.000448978142515 0.117746323062
-0.000387000771125 0.000456615398649 0.117996323014
-0.000442489482248 0.000457031316457 0.118246322991
-0.000493315395462 0.000447558836316 0.118495705706
-0.00053609415627 0.000428512691275 0.118745705707
-0.000574111944434 0.000403344213098 0.118995709588
-0.000611433185466 0.000375093608759 0.119245709613
-0.000650592288166 0.000345931483044 0.1194950924
-0.000690375231605 0.000316394133759 0.119745092448
-0.000725556375082 0.000284231151558 0.119995096354
-0.000751774870095 0.000246132249158 0.120245096402
-0.000769672511888 0.000201251312104 0.120494475356
-0.000784415612661 0.000153628503373 0.12074447538
-0.000800700618546 0.000108659127089 0.12099385431
-0.000816967256889 6.61187222497e-05 0.12124385431
-0.000827472471039 2.14610836696e-05 0.121493233191
-0.000829018038448 -2.68549228873e-05 0.121743233191
-0.000821994381515 -7.65160092074e-05 0.121992612073
-0.00080668477498 -0.000125063690643 0.122242608191
-0.000778085795734 -0.000173484314314 0.122492608167
-0.000729145056702 -0.000222723967596 0.122741987025
-0.000664792275345 -0.000266116954778 0.122991983167
-0.000597893101297 -0.00029497499097 0.123241362049
-0.000529125963459 -0.000308695523867 0.123491358215
-0.00045120429628 -0.000310457650995 0.123741358215
-0.00036605597349 -0.000300095553602 0.123991354381
-0.00028309287415 -0.000275893879442 0.124240729453
-0.000210507415059 -0.000237578901507 0.124491350596
-0.000152979616204 -0.0001863931201 0.124741350644
-0.000111411259614 -0.000125262035111 0.124991350692
-8.43750457052e-05 -5.87882266811e-05 0.125241975716
-7.16983072231e-05 9.12809715282e-06 0.125492596882
-7.76113383489e-05 7.88085341323e-05 0.12574322193
-0.000106645278158 0.000151776893588 0.125993846978
-0.000153706024844 0.000221832521695 0.126245093144
-0.000206040888879 0.000277835188625 0.126495718216
-0.000257611466447 0.000316315032667 0.126746343264
-0.000312039521425 0.000341816151093 0.126997585572
-0.000373286367853 0.000358301078311 0.127248210596
-0.000441108760741 0.00036664678298 0.127498831738
-0.000511630581222 0.000366192415225 0.127750077856
-0.000577970407908 0.00035601010394 0.12800069895
-0.000632321278325 0.000335906865437 0.128251320045
-0.00067018937914 0.000307204985445 0.128501941114
-0.000695113461179 0.000272945941314 0.128751941018
-0.000715891821131 0.000236722001473 0.129002558207
-0.000736943333053 0.000200443342773 0.129252558086
-0.000755641553709 0.000163401758844 0.129503179084
-0.000768206546459 0.000123545328093 0.129753178988
-0.00077402347956 7.97112375274e-05 0.130003796128
-0.000775591635403 3.30726729564e-05 0.130253796056
-0.000774884075374 -1.44136568173e-05 0.130504417078
-0.000769557683401 -6.31922503143e-05 0.130754413148
-0.000754592483651 -0.000115208406648 0.1310044131
-0.000726749453614 -0.000170362359395 0.131255034194
-0.000685649314455 -0.000225943838699 0.131504413052
-0.000634528688949 -0.000277298007784 0.131754413052
-0.000582308281837 -0.000318285333658 0.132004413076
-0.000537174120545 -0.000345189520989 0.132253788124
-0.000494407431109 -0.000360168605025 0.132503788148
-0.000441097505289 -0.000366479627652 0.132753163197
-0.000373649463548 -0.000363087953058 0.133001913293
-0.000299746092154 -0.000346690849341 0.133251288341
-0.000229162701261 -0.000315161933572 0.133500042295
-0.000169876943857 -0.000267778639053 0.133748792367
-0.000123471451485 -0.000205928231366 0.133996921346
-8.34921975055e-05 -0.000134661505194 0.134245675275
-4.68652545514e-05 -6.03704581333e-05 0.134494425371
-2.15157033342e-05 1.45587199543e-05 0.134743175444
-1.5078655981e-05 8.99334154026e-05 0.134991929397
-2.52976599488e-05 0.000162048780838 0.135240683327
-4.75339076273e-05 0.000226475684551 0.135490062233
-8.08278364845e-05 0.000281798500607 0.135739444997
-0.000124950827234 0.000327775231824 0.135988823902
-0.000179512581215 0.000364397770238 0.13623882776
-0.000241173190801 0.000390457535944 0.136488831618
-0.000301033535159 0.0004033352616 0.136739460427
-0.000354550991504 0.000403604615008 0.136989464261
-0.000406951990453 0.000395106028633 0.13724009307
-0.00045943882627 0.000379591293467 0.137490721856
-0.000503694929142 0.000356663537662 0.137741350641
-0.000537181491351 0.000327624039183 0.137991979427
-0.000567940240271 0.0002951966393 0.138242604379
-0.000601011689353 0.000261326496373 0.138493233164
-0.000632977691136 0.000226575907161 0.138744479234
-0.000659309088551 0.000190848721689 0.138995104186
-0.000679969447014 0.000154332738656 0.139245725304
-0.000697822094016 0.000117973782102 0.139496346399
-0.00071354380674 8.19781130716e-05 0.139746967541
-0.00072231031483 4.38535390973e-05 0.139997588683
-0.000716257585626 -3.8939344816e-07 0.140248209826
-0.000693655640757 -5.04304516158e-05 0.140498834826
-0.000663241502903 -9.99369078595e-05 0.140749455969
-0.000631591340384 -0.000144158911915 0.141000077087
-0.000592720629414 -0.000184004317223 0.141250694372
-0.000538053586857 -0.000220035209066 0.141500690538
-0.000468133896259 -0.000248980417817 0.141751311657
-0.000389771019703 -0.000266685035858 0.142000686705
-0.000310307640051 -0.000270507939419 0.142250682871
-0.000236624273077 -0.000259276419619 0.142500057895
-0.000169528779965 -0.000233401950264 0.142749429061
-0.000103388653252 -0.000194293949541 0.142998804085
-3.92727517519e-05 -0.000143461766726 0.143248179109
1.32729124253e-05 -8.23577324877e-05 0.143496933015
4.81767610654e-05 -1.28067637621e-05 0.143746308039
6.47808097207e-05 6.26328761208e-05 0.143995061945
6.14566052298e-05 0.000141625678357 0.144244436969
3.56842323698e-05 0.00022229536632 0.144493811992
-8.19695094898e-06 0.000300162383296 0.144743190874
-5.89648261122e-05 0.000367753058377 0.14499257359
-0.000111222121723 0.000420976855509 0.145242573589
-0.000166560074174 0.000460148168103 0.145492573565
-0.000223979468908 0.000485595136551 0.145742577375
-0.000283962836302 0.000498623587525 0.145992581232
-0.000349905401987 0.000501166435468 0.146243206184
-0.000417559374431 0.000493183851951 0.146493210018
-0.000477084100493 0.000474739001801 0.146743831111
-0.000525772079754 0.00044802446246 0.146994456087
-0.000566837957902 0.00041570211014 0.147244456063
-0.000599503085432 0.000379587928832 0.147495081014
-0.000622959683083 0.000341089442054 0.147745702132
-0.000640416293706 0.000301195663931 0.147995702156
-0.000650782870505 0.000260105980604 0.148246323274
-0.000650379269242 0.000216885131951 0.148496323274
-0.000642689454757 0.000170971666621 0.148746944416
-0.00063531637926 0.000123890462242 0.148996944441
-0.000630152055273 7.73908490834e-05 0.149247565559
-0.000621980858725 3.11158002901e-05 0.149497565583
-0.000606071069845 -1.56850977196e-05 0.149747565607
-0.000584151391363 -6.14537001803e-05 0.149997565632
-0.000561382688372 -0.000103455151281 0.15024818675
-0.000538464589194 -0.000140702753568 0.15049818675
-0.000507778013716 -0.000174100039499 0.150748182916
-0.00046047876483 -0.000203193661781 0.150998182917
-0.000399565077197 -0.000224467046057 0.151248179059
-0.000336737063852 -0.000234393749608 0.151497557965
-0.000273697325649 -0.000231744286888 0.151747554107
-0.000203249674868 -0.000215573362634 0.151996932989
-0.000128957184551 -0.000185035342851 0.152246932965
-6.57395330859e-05 -0.000140859275794 0.152496307989
-2.18325354486e-05 -8.45017483795e-05 0.152746307989
7.71478154279e-06 -1.75205815209e-05 0.152995686871
3.02365405919e-05 5.69364445323e-05 0.153245065753
4.5805758365e-05 0.000134213943648 0.153495065753
5.00861296411e-05 0.000209954687844 0.153744444635
4.15018574299e-05 0.000280543919368 0.153994444611
2.07789613381e-05 0.000343148053496 0.154244444611
-1.46220892953e-05 0.000396900769137 0.154493827351
-6.80738519015e-05 0.000441810131978 0.154743827351
-0.000133884164189 0.000475609796199 0.154993827351
-0.000199676452549 0.00049541293352 0.155243831209
-0.000260535013396 0.000501522338331 0.155493831209
-0.000320149690643 0.000496122049417 0.155743831185
-0.000381670530259 0.000480660497928 0.155993831185
-0.000445689149095 0.000455986131777 0.156243831185
-0.000508267142443 0.000423161001006 0.156493831184
-0.000559451397742 0.000384474837898 0.156744452302
-0.000592888756232 0.000342898170923 0.156994452302
-0.00061378237418 0.000300013601237 0.157244448444
-0.000630658587569 0.000256090116263 0.157494448444
-0.000644494327756 0.000211760799005 0.15774444842
-0.000651790619435 0.000167468362572 0.15799444842
-0.000652782550052 0.000122917078982 0.15824444842
-0.000650614995139 7.79820503538e-05 0.158494444538
-0.000644641019917 3.26801325967e-05 0.158744444538
-0.000630196869023 -1.35844019157e-05 0.158993823396
-0.00060776156404 -6.01720245336e-05 0.159243823396
-0.000583610484344 -0.000104848617614 0.159493823396
-0.00055655148973 -0.000146745050149 0.159743819538
-0.000518421465298 -0.000185675755377 0.159993819538
-0.000468468925107 -0.000219439635644 0.160243819538
-0.0004095754505 -0.000245369797891 0.160493819538
-0.000338448894022 -0.000261042780766 0.160743819538
-0.000255202882471 -0.000263730991849 0.160993815704
-0.000172899381411 -0.000252488719283 0.161243815704
-0.000107538276175 -0.000229152954029 0.161493815705
-6.22758403699e-05 -0.00019521607546 0.161744436847
-2.58763922174e-05 -0.000149469464066 0.161994436847
1.15141813283e-05 -9.1069440089e-05 0.162245057989
4.43059991402e-05 -2.31120448102e-05 0.162495057989
5.85148328496e-05 4.97750260483e-05 0.162745679107
4.96053118006e-05 0.000124733938971 0.162996304107
2.46974879971e-05 0.000198840557695 0.163246304107
-1.09365955528e-05 0.000267886790719 0.163496929107
-5.93254375698e-05 0.000328411051788 0.163747554083
-0.000119710223217 0.000377757074434 0.163997557965
-0.000183115349422 0.000413216011488 0.16424818294
-0.000243557545985 0.000433852487318 0.164498186822
-0.000303478131516 0.000440706950306 0.164748186822
-0.000363958926516 0.000434920142999 0.164998190704
-0.00042222134774 0.000417652733797 0.165248194562
-0.00047336100235 0.000390797228136 0.165498194562
-0.000511812668518 0.000357159452672 0.165747573444
-0.000541699012558 0.00031858392214 0.165997577302
-0.000573284590089 0.000274666746025 0.166247577278
-0.000604939519004 0.00022660173845 0.166496952302
-0.000626977760534 0.000177917074909 0.166746952278
-0.000638301446494 0.000130125019777 0.16699633116
-0.000643833790519 8.27442339178e-05 0.167246331136
-0.000643775631925 3.59583007703e-05 0.16749570616
-0.000635840629271 -1.01760575337e-05 0.16774570616
-0.000621929223632 -5.62871440965e-05 0.16799508116
-0.000607265273134 -0.000102328677404 0.16824508116
-0.000595740007838 -0.000147381706592 0.168495077302
-0.000585837304979 -0.000190803916187 0.168744452326
-0.000571030977465 -0.000232535675866 0.16899445235
-0.000545400435939 -0.000272072690233 0.169243827374
-0.000505771653466 -0.000307828750972 0.169493823516
-0.000451157681023 -0.000337167685836 0.169743202398
-0.0003876911881 -0.000357570626713 0.16999319854
-0.000327068837767 -0.000368276335663 0.170243194707
-0.000268661412268 -0.000368139732046 0.170492569731
-0.000198350797635 -0.000352458501255 0.170742565873
-0.000115506635416 -0.000318475254353 0.170992565873
-3.90626824007e-05 -0.000270401505834 0.171242562015
1.63165716601e-05 -0.000213758183977 0.171493183133
5.09549751227e-05 -0.00015016111083 0.171743183133
7.14625428699e-05 -7.96911587399e-05 0.171993183134
8.25194434479e-05 -4.33468794544e-06 0.172243804252
8.37021530014e-05 7.14588933678e-05 0.17249380811
7.0392898482e-05 0.000142857725248 0.172744433085
3.98805458578e-05 0.000206615440755 0.172994436943
-4.39410863285e-06 0.000260611581271 0.173245061919
-5.82164516689e-05 0.000303024065017 0.173495065753
-0.000121667651183 0.000332515361867 0.173745069611
-0.000193990633518 0.00034824506919 0.173995694587
-0.000270354988038 0.0003499487804 0.174245698445
-0.000347291340394 0.000337963955369 0.174495702279
-0.000424194070294 0.000312787628562 0.174745702279
-0.000497704697413 0.00027581468391 0.174996323397
-0.000559038150164 0.000230867492689 0.175246323373
-0.000600279872876 0.000183351284611 0.175496319515
-0.000622793428006 0.000136446261915 0.175746319515
-0.000634325053347 9.01232614237e-05 0.175996315657
-0.000638326156782 4.4593964156e-05 0.176246315657
-0.000635417699279 4.17118594888e-07 0.176495690681
-0.000631584026967 -4.42373902151e-05 0.176745690681
-0.00063068478365 -8.99568688917e-05 0.176995686823
-0.00062536379628 -0.000134108926836 0.177245682965
-0.000608208195217 -0.000175723298781 0.177495682965
-0.000583711654777 -0.000216571909566 0.177745679107
-0.000558685554001 -0.000257213513106 0.177995679107
-0.00053004304683 -0.000296494948729 0.178245675273
-0.000490970582599 -0.000332792343836 0.178495675273
-0.000440375238116 -0.000364417844654 0.178745671415
-0.000381914171991 -0.000389655345586 0.178995671439
-0.00032075994631 -0.000407301417592 0.179245667581
-0.000261451665217 -0.000416762552404 0.179496288723
-0.000203864781497 -0.000416849788615 0.179746284866
-0.000143971557628 -0.000404823558095 0.179996284866
-8.10034566499e-05 -0.000378442575576 0.18024690215
-2.17346705029e-05 -0.000338896274027 0.18049690215
2.28975069394e-05 -0.000290764084257 0.18074751941
4.59592430708e-05 -0.000237923824809 0.18099751941
5.12379771566e-05 -0.000179156645398 0.18124813667
4.8773844763e-05 -0.000111029909884 0.181498757788
4.21882585831e-05 -3.54719323102e-05 0.181748757812
2.48039334665e-05 3.99124111013e-05 0.18199937893
-9.45338192414e-06 0.000108695934955 0.18224999619
-5.6851660647e-05 0.00016815023097 0.182499996166
-0.000111301092303 0.000216198003954 0.182749996166
-0.000173213975393 0.00025032068372 0.183000617284
-0.000240919661985 0.000269460362313 0.183250617284
-0.000304832796299 0.000274929962492 0.183500617284
-0.000359790952674 0.00026866002972 0.183749996142
-0.000409348656571 0.000251431612027 0.184
-0.000453994765672 0.000224672789775 0.18425
-0.000487174136981 0.000192425143196 0.1845