1480
-0.000378571906291 -0.000517220528943 -0.185
-0.0003341712713 -0.000528660094563 -0.18475
-0.000291468008762 -0.000544374496291 -0.184499378882
-0.000249979244427 -0.000561577115723 -0.184249375
-0.000206598873181 -0.000574451765607 -0.183998753882
-0.000160086938782 -0.000580994771102 -0.183747507764
-0.000112697685044 -0.000583307511505 -0.183496886622
-6.81582188358e-05 -0.000584972114348 -0.183246261621
-2.73711362163e-05 -0.000586278068745 -0.182995015479
1.36814363728e-05 -0.000580645547867 -0.182744394313
5.80101952418e-05 -0.000560679566101 -0.182493148171
0.000102728183729 -0.000526244270552 -0.182242527005
0.000141682492086 -0.000483872463497 -0.181991280887
0.000169517100095 -0.000442175158581 -0.181740652005
0.000185112024617 -0.000402964153944 -0.181490023147
0.000191480362548 -0.000355890668335 -0.181238769289
0.000190299998666 -0.000290928267354 -0.180987511597
0.000179535998174 -0.000211786058706 -0.180736253882
0.000156763013114 -0.000130483442147 -0.18048499619
0.000121529044629 -5.72334089323e-05 -0.180233121238
7.38144021574e-05 -5.15148410123e-07 -0.179981863523
1.35440795948e-05 3.40742646351e-05 -0.179729359737
-5.55118413118e-05 5.00984579449e-05 -0.179476855927
-0.000124676794446 5.69368012564e-05 -0.17922434826
-0.000186042494382 6.03296259455e-05 -0.178971840568
-0.00023684219563 5.99021033513e-05 -0.178719325161
-0.000280018687614 4.98421379733e-05 -0.178467430848
-0.000320445768268 2.23408813952e-05 -0.178214294323
-0.00035732144337 -2.23373532367e-05 -0.177960540538
-0.000384175161167 -7.30793727316e-05 -0.177706157919
-0.00039710062221 -0.000119338076677 -0.177452388678
-0.000398185903794 -0.000160134136615 -0.177198627152
-0.000391424378698 -0.000200517921718 -0.176945494461
-0.000379139232016 -0.000243953055237 -0.176691744485
-0.000362086264254 -0.000289652642317 -0.17643799451
-0.000340176722697 -0.000331082026582 -0.176183631132
-0.000313383760236 -0.000359729848734 -0.175931138847
-0.000283167727097 -0.000375895952505 -0.175678642705
-0.000251764422991 -0.00038714692705 -0.175426146562
-0.000220364086642 -0.000396856448228 -0.175174279277
-0.000188746652547 -0.000404123444961 -0.174922412017
-0.00015680812396 -0.000409377891269 -0.174670548638
-0.000124830697938 -0.000413929889143 -0.174418681402
-9.12317574293e-05 -0.000415017576035 -0.174166814165
-5.10824208111e-05 -0.000403735390106 -0.173915568071
-1.63789904346e-06 -0.000373470410516 -0.173664325858
5.13617748514e-05 -0.000330472036327 -0.173413083622
9.88217718731e-05 -0.000288105490132 -0.173161837552
0.000137925823068 -0.000250376541191 -0.172910595316
0.000171340683225 -0.000209301614422 -0.172659974222
0.000199965547231 -0.000157960016066 -0.172409974222
0.000221707776623 -9.59377188047e-05 -0.172159353128
0.000234026415477 -2.53834192734e-05 -0.171909356986
0.000234633041308 4.86958291703e-05 -0.171659356986
0.000221872103827 0.000118494774391 -0.171409356986
0.000195419164324 0.000179094417558 -0.171159356987
0.00015615888782 0.000231868301343 -0.170908735845
0.000105665117056 0.000278676601107 -0.170658107011
4.55976945882e-05 0.000316185542678 -0.170406857035
-2.12962955791e-05 0.000342517616818 -0.170154978226
-9.00122318524e-05 0.000360724083566 -0.169903095534
-0.000156814651938 0.000368718241017 -0.169650587891
-0.000221144292015 0.000359791617683 -0.169398080223
-0.000280081086162 0.000335836774297 -0.169144943698
-0.000329287047475 0.000303340608983 -0.168891189913
-0.000368531137933 0.000261255936247 -0.168637436128
-0.000397793841936 0.000209158128758 -0.1683830612
-0.000414296621024 0.000155795407117 -0.168128682415
-0.000417048797594 0.000110017936628 -0.167874920842
-0.000408282702973 7.41487326873e-05 -0.167621788103
-0.000391113989627 4.66260477384e-05 -0.167369284197
-0.000368217720156 2.38744243298e-05 -0.167116780291
-0.000341428921723 1.75366505838e-06 -0.166864284102
-0.000311560055941 -1.87454914886e-05 -0.166611787935
-0.000279068821209 -3.15330497423e-05 -0.166359912863
-0.000244692777351 -3.7110552828e-05 -0.166108033981
-0.000209632276229 -4.46519179835e-05 -0.16585554172
-0.000175318738769 -5.76852539079e-05 -0.165603674435
-0.000141753539229 -6.911134788e-05 -0.165351186056
-0.000107582342372 -7.3151272518e-05 -0.165099318844
-7.25878792863e-05 -7.21602313388e-05 -0.164848072725
-3.70210776038e-05 -6.81566623293e-05 -0.164596205536
-1.65483352046e-07 -5.92455178342e-05 -0.164344959442
3.68605726574e-05 -4.75494234741e-05 -0.16409371723
7.29214158262e-05 -3.43510693765e-05 -0.163842471159
0.000109948926767 -1.04019340208e-05 -0.163591232805
0.000147904409707 3.21950423184e-05 -0.163340611735
0.000182577381784 8.98366768015e-05 -0.163089990641
0.000209678610367 0.000155139878664 -0.162839373381
0.000226453085518 0.000221610134136 -0.162588752264
0.000231652231771 0.000286860606192 -0.16233813498
0.000224717251209 0.000357127380681 -0.162088131123
0.000204770605511 0.000438453927582 -0.161837506123
0.000171796659471 0.000523166007602 -0.161586881123
0.000127521561261 0.0005949098533 -0.161335631148
7.3985701873e-05 0.00064514884312 -0.161084381172
1.30014588976e-05 0.000676248077569 -0.160833123433
-5.29605465629e-05 0.000692456727188 -0.160580619623
-0.000120462963865 0.000696460410627 -0.16032811579
-0.000185269469937 0.000691479681411 -0.160075604264
-0.00024353186918 0.000679427100133 -0.159822467763
-0.000293405438186 0.000658394828585 -0.159569327403
-0.000334557616459 0.000625297167763 -0.159316183162
-0.000366310083487 0.000580329723785 -0.159061796685
-0.000387113479503 0.000528667981551 -0.1588074179
-0.000396027832565 0.000476215625715 -0.15855303909
-0.000393673652284 0.000425010084079 -0.158298660257
-0.000381303186153 0.000375134305873 -0.158044281424
-0.000360262326513 0.000326386400061 -0.157789296928
-0.000331901449723 0.000279913089057 -0.157534941265
-0.000298223724184 0.000241077565068 -0.157281210603
-0.000261881301693 0.000214481298074 -0.1570280972
-0.000225038646492 0.000199631592617 -0.156775604916
-0.000188724682302 0.000193191106898 -0.156523112631
-0.000153275410895 0.000191127561075 -0.156271245371
-0.000118801193185 0.000192327459707 -0.156019999228
-8.48704330874e-05 0.000199809777206 -0.155768139707
-4.99597069707e-05 0.000217162093355 -0.155517514731
-1.24999528764e-05 0.000245357811404 -0.15526626866
2.72236683856e-05 0.000279931363418 -0.155015643708
6.70811418827e-05 0.000314572800173 -0.154764401496
0.000105520471253 0.000348819538384 -0.154513784284
0.000141932447826 0.000386504560753 -0.15426316319
0.000175551044811 0.000432107601918 -0.154012542096
0.000204796012461 0.000488978025494 -0.15376192486
0.000227159270678 0.000552643204015 -0.153511924885
0.000241018142572 0.000611972456694 -0.153261928743
0.000246397056782 0.000661521599095 -0.153011932601
0.000242701594709 0.000708337055877 -0.152761936435
0.000227484287279 0.000762765898261 -0.152511936435
0.000199194004203 0.000823541001913 -0.152261936411
0.000158949918673 0.000879734629437 -0.152011315269
0.000108445631831 0.000924782926492 -0.151760686412
4.88731503164e-05 0.000959938410177 -0.151509432578
-1.74479613335e-05 0.000987025940422 -0.151257549886
-8.66534936588e-05 0.00100350019145 -0.151005667171
-0.000154801630006 0.00100489663858 -0.150753155621
-0.000218711354453 0.000990052760049 -0.150499401836
-0.000275442214907 0.00096181878274 -0.150245644193
-0.000322547479492 0.000922190230326 -0.149991882692
-0.000358325572015 0.000872247754897 -0.149737500049
-0.000381262813044 0.000819109517197 -0.149482496288
-0.000390875991201 0.000774488832402 -0.149228742454
-0.000388941990042 0.000744745059399 -0.148976234691
-0.000378199311098 0.000724390603862 -0.148724348021
-0.0003597499082 0.000700523536823 -0.148471840282
-0.000333169778651 0.000667613013309 -0.148218703732
-0.000299177545241 0.000631468408192 -0.147964946065
-0.000259965668813 0.000598865847039 -0.147711192255
-0.000218093359802 0.000573511466987 -0.147458067303
-0.000176231007689 0.000558337719831 -0.147205575042
-0.000136300122214 0.0005547744913 -0.146953707782
-9.8126944001e-05 0.000559399109943 -0.146702469355
-6.02094395393e-05 0.00056450994657 -0.146451227094
-2.25514533363e-05 0.000567159767193 -0.146199363715
1.38638832233e-05 0.000574473169273 -0.145948117596
4.96422332632e-05 0.000593280683256 -0.14569749643
8.5867439366e-05 0.000618596088576 -0.145446254169
0.000122116543762 0.000640066951603 -0.145195629169
0.000157725823867 0.000658291614434 -0.144945008003
0.000192266874811 0.000686227937376 -0.144694382978
0.000224050415419 0.000731798232192 -0.144443136836
0.000250479015741 0.000789923793184 -0.144192511788
0.000269282686979 0.000855468380028 -0.143941886764
0.000278446716476 0.000926406205745 -0.143690636764
0.00027741195749 0.00099581304666 -0.143439390598
0.000266002420639 0.00106004790865 -0.143188144456
0.00024203938532 0.0011242589987 -0.142936273339
0.000204574460156 0.00118883613543 -0.142684398387
0.000156512884921 0.00124541362478 -0.142431898436
0.00010129800194 0.00128772161939 -0.142179402366
4.14455482762e-05 0.00131361470808 -0.141926281297
-2.0419239954e-05 0.00132083599518 -0.141673160251
-8.24698213338e-05 0.00131046104292 -0.141420035324
-0.000143038076732 0.00128853453605 -0.141166906563
-0.000198712521101 0.00125687142327 -0.14091378166
-0.000245966393507 0.00121107138965 -0.140660656781
-0.000282685758888 0.00115202305171 -0.140408153044
-0.000307414475582 0.00108575755133 -0.140155657046
-0.000318962718208 0.00101299774225 -0.139903786025
-0.000316598382436 0.000933672091733 -0.139651918933
-0.00030089505142 0.000854165418593 -0.139401294102
-0.000274038489419 0.000782259321039 -0.13915067701
-0.000239732584807 0.000724390960906 -0.138900677178
-0.000202430108048 0.000684542050625 -0.138651302323
-0.000163757924321 0.000656762577569 -0.138401302539
-0.00012156924324 0.000629245565652 -0.138151306614
-7.61562698242e-05 0.000600091574765 -0.137901924042
-3.08107041673e-05 0.000574273509064 -0.137651916447
1.33410995752e-05 0.000551711917983 -0.137401908827
5.58462915343e-05 0.000531828997978 -0.13715252223
9.54908724104e-05 0.000517261074721 -0.136901889442
0.00013375623225 0.000505978360546 -0.136650635465
0.000173229371094 0.00049120177478 -0.13640000639
0.000213362193347 0.000473170851339 -0.136149381101
0.000252106621765 0.000459713109522 -0.135897517409
0.000289297181431 0.0004506208628 -0.135645032622
0.000326050973446 0.000435649750946 -0.13539316512
0.000362137186828 0.00041269919652 -0.135142543688
0.000394545428371 0.000393262837865 -0.134891304972
0.000418984423993 0.000387220235885 -0.134636324141
0.000433240829963 0.00039177323987 -0.134378839596
0.000438673345013 0.000395835122641 -0.134120097457
0.000437935285937 0.000390549467576 -0.133863839838
0.000430864633217 0.000375745386352 -0.133609449528
0.000411744036741 0.000360268786839 -0.133354430552
0.000374202157122 0.000351519713284 -0.13309691558
0.00032106981988 0.000343081255359 -0.132838158395
0.000261384122952 0.000322546792858 -0.132582510635
0.000200278793228 0.000285642293249 -0.132329983944
0.000139937526594 0.000233328129741 -0.132080582157
8.29997963028e-05 0.00016637927333 -0.131834309059
3.09774722049e-05 8.87990014693e-05 -0.131589918604
-1.45451691654e-05 6.32788649212e-06 -0.131346160889
-4.99918842749e-05 -8.10068791164e-05 -0.131103032055
-7.27683633736e-05 -0.000173791766826 -0.130859903173
-8.44191468876e-05 -0.000261939110815 -0.130616149266
-8.79040322965e-05 -0.000334178442035 -0.130370520384
-8.25522664175e-05 -0.000395248809613 -0.13012301655
-6.45424979769e-05 -0.000458317133196 -0.12987488381
-3.27876968509e-05 -0.000525382852321 -0.12962550107
8.60093352447e-06 -0.000586291740564 -0.129374868305
5.46249204032e-05 -0.000633074258776 -0.129122989423
0.000103004015256 -0.000665796100665 -0.128870489375
0.000151892539798 -0.00068551108711 -0.128617993184
0.000198417064078 -0.000691379907586 -0.128365496994
0.000241414642669 -0.000684991680768 -0.128113629637
0.000281965117324 -0.000670702840909 -0.127862387304
0.000321527826642 -0.000652721994038 -0.127611773805
0.000360110208625 -0.000632421184908 -0.127361156544
0.000396193758994 -0.000606623766728 -0.127110539332
0.000429619766902 -0.000572350522577 -0.126861168286
0.000462179861095 -0.000531305974962 -0.126612426123
0.000494841660877 -0.000484935974336 -0.126364305126
0.000527390166672 -0.000431484506002 -0.126116805319
0.000559251846258 -0.00037138165067 -0.125869926607
0.000589644249602 -0.000308240436577 -0.125623047919
0.000617484710365 -0.000243642720604 -0.125376790326
0.000641254051133 -0.000174839705363 -0.125131153874
0.000658640379187 -9.7160796412e-05 -0.12488551735
0.000666977023023 -8.61105851787e-06 -0.12464112299
0.000664766640211 8.58565234442e-05 -0.124396732463
0.000652801259727 0.000175457467773 -0.124151716935
0.000632699237036 0.000252155542031 -0.123904838006
0.000603917515851 0.000318086998658 -0.123657330242
0.000564823545994 0.000378544889678 -0.123409197478
0.000516302310806 0.000430403746402 -0.123159197526
0.000460458914216 0.000467826671701 -0.122908564882
0.000398399414888 0.000492570989059 -0.122656682262
0.000332464262648 0.000508330569501 -0.122403549691
0.000266693892234 0.000512682754268 -0.122151038237
0.00020433245219 0.000499931874566 -0.12189790569
0.000147148715319 0.000466118484941 -0.121644784716
9.63950664557e-05 0.000410121142637 -0.121392909885
5.41646449817e-05 0.000336038464752 -0.121142292793
2.39468617038e-05 0.000255729468019 -0.12089354301
7.7170841641e-06 0.000179124441729 -0.120646050942
3.80551579721e-06 0.000103265305465 -0.120399816614
9.92357563254e-06 2.16030279797e-05 -0.120154836168
2.51852074065e-05 -6.52909940774e-05 -0.119910476888
4.88617721607e-05 -0.000150865818151 -0.119666734916
7.92665473609e-05 -0.000225442867602 -0.119422367897
0.000113657371304 -0.000284215866191 -0.119176754784
0.000149893773674 -0.000332246972114 -0.118930516623
0.00018716782956 -0.000377274808995 -0.118683028439
0.000225226289768 -0.000423467935454 -0.118436153512
0.000263643123182 -0.00047036474822 -0.118188649703
0.000302060489243 -0.000514171991884 -0.117941145821
0.000340529762176 -0.000553745047969 -0.117693020605
0.000378404358456 -0.000593732578659 -0.117444891291
0.000414820137573 -0.000635443956135 -0.117196754188
0.000451264176602 -0.000671592365035 -0.116947992181
0.000489345904262 -0.000698012923105 -0.116697980269
0.000528123916055 -0.000717689016541 -0.116447347216
0.00056789650211 -0.000727279762581 -0.11619547195
0.000609567198491 -0.000718357982942 -0.115942350687
0.00064997523326 -0.000692939523533 -0.115687979568
0.000684500395771 -0.000660684213234 -0.115434225757
0.000711178692284 -0.000625544388991 -0.115181093113
0.000729657422605 -0.000583440375743 -0.114928589351
0.00073902344975 -0.000526432159172 -0.114677331707
0.000737107430588 -0.000452988453876 -0.114426706778
0.000722343542463 -0.000371457001604 -0.114177952895
0.000694774043814 -0.000286133075771 -0.113931070082
0.000655452904143 -0.00019861899672 -0.113686062269
0.000606759864193 -0.000117964204776 -0.113441050621
0.000551313179598 -4.90168179151e-05 -0.113194792807
0.000491819913252 1.28194959505e-05 -0.112947902254
0.000432109988586 6.90285411727e-05 -0.112700371341
0.000375908792227 0.000115285069225 -0.112450336764
0.000325927788684 0.00014785904394 -0.112197173377
0.000284379212357 0.000166367791755 -0.111939646613
0.000253499225089 0.00017405545865 -0.111679623756
0.00023517050618 0.000175692080608 -0.111418351018
0.000230338757315 0.000175126872688 -0.111155836093
0.000238873567908 0.000174725399071 -0.110894571096
0.000259883663607 0.000175750103379 -0.110633965603
0.000291666842008 0.000180499271558 -0.110374633042
0.000331440182161 0.000192155530649 -0.11011780417
0.000375755093024 0.000212764650793 -0.109864698293
0.00042109453456 0.000242929737329 -0.109613455841
0.000465342894993 0.000280127886971 -0.109364709556
0.00050794730429 0.00032029856732 -0.109116603749
0.000548728580184 0.000360534378964 -0.108869119181
0.00058871101081 0.000396960571539 -0.108620388472
0.00062827403389 0.0004272169663 -0.10837102507
0.000664468833837 0.000456107771709 -0.108121653976
0.000695832135877 0.000488898601196 -0.107871654001
0.000725752208352 0.000521135480705 -0.107620404049
0.000756895648315 0.000546182154184 -0.107368532907
0.000787443232131 0.000566607655112 -0.107116036813
0.000814521264725 0.000587912685808 -0.106862290743
0.000837169333421 0.00060930100244 -0.106607919672
0.000855058948867 0.000628083024286 -0.106352302532
0.000865909357538 0.000645935219999 -0.10609606818
0.000867122339755 0.00066419295262 -0.105837982095
0.000859839572657 0.000677644472429 -0.105580517105
0.000846846891562 0.000680685766822 -0.105323665566
0.000827380922922 0.000673977762472 -0.105068040903
0.000799665825831 0.000658921740212 -0.104813650785
0.000764392807393 0.000633931725871 -0.104560506762
0.000721855032439 0.000598332021371 -0.104309233833
0.000672215794574 0.000552304971177 -0.104059203188
0.0006177103644 0.000495366917828 -0.103811047495
0.000560432761775 0.000429037858747 -0.103564770563
0.00050468595245 0.000354266971525 -0.103319755204
0.000458336904244 0.000267685593613 -0.103077239725
0.000426068641002 0.00016790234378 -0.102837224173
0.000407571425282 6.012976623e-05 -0.10259907969
0.000402354031128 -4.94589632397e-05 -0.102360314066
0.000410455600621 -0.000156242704234 -0.102121556156
0.000429852867866 -0.000253698988093 -0.101880927153
0.000457070565026 -0.000335361965848 -0.101638423151
0.000490050715022 -0.000399992369039 -0.101393423054
0.000529416885279 -0.000451697721938 -0.101147165194
0.000578019537343 -0.0004969578914 -0.100899661191
0.000637954545385 -0.000539515013876 -0.100651532117
0.000705447301411 -0.000575183566891 -0.100403395279
0.000771874459045 -0.000595631329459 -0.100154637275
0.000830723287698 -0.000596942733592 -0.0999052581527
0.000881581364346 -0.000581975015167 -0.0996565040784
0.000928880102296 -0.000557606368913 -0.0994083711941
0.000977273086656 -0.000530269093564 -0.0991602422639
0.00102770462263 -0.000502369975612 -0.0989121172639
0.00107829043382 -0.000472859169793 -0.0986639884785
0.00112787144774 -0.000440906867956 -0.0984171058114
0.00117691621977 -0.000407983765174 -0.0981696059326
0.00122494789676 -0.000372782250356 -0.0979227233621
0.00126997247266 -0.000327878096629 -0.0976770830279
0.00131156310617 -0.00027045487365 -0.0974320676939
0.00135068151144 -0.000206035549375 -0.0971882945958
0.00138646552236 -0.00013616554492 -0.0969445253314
0.00141695695404 -5.9887016808e-05 -0.0967007560426
0.001441531553 1.8831473302e-05 -0.0964576078235
0.00145868758387 9.90001546714e-05 -0.0962138422958
0.00146377718365 0.00018681986402 -0.0959694517436
0.00145256109607 0.000285232091157 -0.0957250572852
0.00142702811481 0.000384271046871 -0.0954794167087
0.00139431746891 0.000467720538719 -0.0952312877301
0.00135835232357 0.00052885321066 -0.0949812876335
0.00131685746702 0.000573228625938 -0.0947294203725
0.00126715377575 0.000608079797119 -0.0944762993258
0.00121071693334 0.000635191889041 -0.0942219283274
0.00115245126602 0.000650727460199 -0.0939669323774
0.00109787192717 0.000646451355855 -0.0937119325459
0.00105025937642 0.000614326114185 -0.0934569249988
0.00101042500565 0.000555001574364 -0.0932025462856
0.000979185828159 0.000479177844992 -0.0929494136904
0.000958233714785 0.000399326731102 -0.0926994059989
0.000948652051552 0.00032313353279 -0.0924506483552
0.000950336361776 0.000250649194002 -0.0922037733793
0.000962994385443 0.000174652181056 -0.0919587694976
0.000986843982234 8.93792559922e-05 -0.091715636782
0.00102117223817 -1.68063240349e-06 -0.0914743713504
0.00106318921618 -8.9729046692e-05 -0.0912337387068
0.00110963431845 -0.000169870423447 -0.0909924849452
0.00115785465153 -0.000241295172856 -0.0907506022784
0.00120414680222 -0.000300669794213 -0.0905062195883
0.00124577767821 -0.000346524398362 -0.0902599579925
0.00128536265424 -0.000386827098395 -0.0900124501824
0.00132711460339 -0.000431013555557 -0.0897655634176
0.001370240512 -0.000478370568479 -0.0895193053663
0.00141112009057 -0.000521121471976 -0.0892718050299
0.00144874575524 -0.000554644318298 -0.0890224335508
0.00148475818325 -0.00058079505566 -0.088772433189
0.00152074173919 -0.000604761328923 -0.088521182851
0.00155658448516 -0.00062837348404 -0.0882705535829
0.00159047133285 -0.00064501797572 -0.0880186898903
0.00161985037284 -0.000645859743112 -0.0877649668216
0.00164307545213 -0.000631256542744 -0.0875087592813
0.00166135079009 -0.00061272279491 -0.0872531612379
0.00167789066347 -0.000601740007644 -0.0869994112133
0.00169156079597 -0.0005936763904 -0.0867468957814
0.00169369059807 -0.000571552488836 -0.0864937592795
0.00167768912196 -0.000530045418163 -0.0862400054938
0.0016456090873 -0.000479087355642 -0.0859856382816
0.00160115123735 -0.000426767748016 -0.0857331421628
0.00154844515029 -0.000378591055859 -0.0854806537356
0.00149494388693 -0.000342144532515 -0.0852281652843
0.00144345314822 -0.000318798542335 -0.0849750518813
0.0013909310608 -0.000302889302647 -0.0847200712186
0.00133822226755 -0.000290929860397 -0.0844632156283
0.00129086831512 -0.000282808227437 -0.084205727394
0.00125277196229 -0.000276462260388 -0.0839476025862
0.00122572412562 -0.000268323703587 -0.0836894622751
0.0012134137844 -0.000259236293168 -0.0834313064374
0.00122000642941 -0.000252543655655 -0.0831731428605
0.00124458017097 -0.000245964912129 -0.0829143620236
0.00128261810094 -0.000233878363811 -0.0826574522804
0.00133004278796 -0.000212723186553 -0.0824030425606
0.0013826006325 -0.000180449706034 -0.0821517616263
0.00143869848142 -0.000138259166612 -0.0819036210988
0.00149921128797 -8.90415473159e-05 -0.0816573554992
0.00156019168905 -3.26002512413e-05 -0.0814123437336
0.00161657029509 3.09837823156e-05 -0.0811698242278
0.00167077472842 9.77467258617e-05 -0.0809279375575
0.00172542660422 0.000164247413022 -0.0806854336991
0.00177401981433 0.000230637576127 -0.0804423087472
0.00181124999627 0.000296684937728 -0.0801985549377
0.00184163267952 0.000359377195377 -0.0799541722703
0.00186840136024 0.000416770908004 -0.0797085318631
0.00188837388547 0.000470549328212 -0.0794610241714
0.00190091843219 0.000522285841884 -0.079212883716
0.0019098436527 0.000570876945424 -0.0789628721424
0.00191869851216 0.000614124530301 -0.0787122394263
0.00192862258456 0.000650725715669 -0.0784609817101
0.00193469761793 0.000683461223034 -0.0782084778997
0.00192577653974 0.000718544130706 -0.0779547318534
0.00189459692283 0.000757619199023 -0.0776991185952
0.00184612569474 0.000794037198607 -0.0774422631012
0.0017933286824 0.000818479278452 -0.0771853999396
0.00174649109149 0.000825880531815 -0.0769310135585
0.00170450141968 0.000817714602244 -0.0766778694379
0.00165697816761 0.000798254145342 -0.0764265925535
0.00159781637573 0.000768817013489 -0.0761765695031
0.00153174964369 0.000727239890521 -0.0759278002627
0.00146790026972 0.000671120608179 -0.0756815232101
0.00141325973477 0.000599349840731 -0.0754377460371
0.00136867138944 0.000513079824689 -0.0751970860516
0.00133149624773 0.000415618187563 -0.0749576760418
0.00130305824477 0.000309837127705 -0.0747201409594
0.00128533113372 0.000199020954078 -0.0744826174746
0.00127708359041 8.88362341454e-05 -0.0742450978472
0.00128051583694 -1.79121482296e-05 -0.074006957078
0.00130033218683 -0.000122001659693 -0.0737675702149
0.00133625304064 -0.000221229613971 -0.0735269372578
0.00138454717935 -0.000311053942922 -0.0732844332068
0.0014389185009 -0.000385911857962 -0.0730394330623
0.00148892964476 -0.000439006326306 -0.0727925617998
0.00152887224621 -0.000469402568247 -0.0725431944195
0.00156516080294 -0.00048490510647 -0.0722931981337
0.00160732371587 -0.000493090408195 -0.0720425729897
0.0016566136747 -0.000494813145907 -0.0717913266799
0.00170668571379 -0.00048696001193 -0.071540080394
0.00175091232521 -0.000467414664268 -0.071289459084
0.00178779821856 -0.000437048767539 -0.071039462822
0.00182039219939 -0.000398648802151 -0.0707900915603
0.00185187375925 -0.000354778487812 -0.0705413453467
0.00188249648959 -0.000306358101555 -0.0702938453235
0.00191125332926 -0.00025323382609 -0.0700469703723
0.00193848032342 -0.000196001562744 -0.0698007166116
0.00196413210695 -0.000134956609804 -0.0695550879233
0.00198653798673 -6.87267395459e-05 -0.0693107014709
0.00200573658649 2.01907034078e-06 -0.0690669399946
0.00202371967554 7.38287549383e-05 -0.0688231823761
0.00203849089682 0.000147612552413 -0.0685800458513
0.00204314078773 0.00022894583092 -0.0683381514898
0.00203474480066 0.0003173836397 -0.0680962647477
0.00201816837161 0.000404465759585 -0.0678543740994
0.00199816271252 0.000483545525478 -0.0676112412143
0.0019737149043 0.000553972575385 -0.0673662410681
0.00194059876337 0.000617165363356 -0.0671206119917
0.00189551822148 0.000673262970005 -0.0668724868456
0.00183749380486 0.000721023421872 -0.0666231117478
0.00176756787547 0.000759093219836 -0.0663718578646
0.00169072581466 0.000785219384335 -0.0661193539819
0.00161810363621 0.000793863242372 -0.0658649751715
0.00156004528772 0.000779178519747 -0.0656099752432
0.00151682344133 0.000742791414085 -0.0653543580788
0.00148208692136 0.0006947630274 -0.0650993581748
0.00145350412132 0.000643693296083 -0.064846229341
0.00143633373047 0.000587841292245 -0.0645943542932
0.00143715134794 0.000520522130082 -0.0643437331032
0.00145559666181 0.000443541508044 -0.0640956118646
0.00148596008165 0.000365495043299 -0.0638493656259
0.00152652537 0.000288347583104 -0.063604373245
0.00158059141466 0.000208314287863 -0.063360630864
0.00164756068512 0.000126913396555 -0.0631187441932
0.00171669919624 5.34058565923e-05 -0.0628756075705
0.00177280704075 -3.80999773153e-06 -0.0626305979487
0.00181245693928 -4.73708706224e-05 -0.0623829672145
0.00184760612895 -8.74766901374e-05 -0.0621344587102
0.0018884562429 -0.000130128536789 -0.0618860662126
0.0019340658247 -0.000175008013509 -0.0616379780049
0.00197788363534 -0.000219915073142 -0.0613897002989
0.00201257349977 -0.000262319757727 -0.0611408021292
0.00203405350386 -0.00029983831382 -0.0608906650705
0.00204561508429 -0.000332204106469 -0.0606391653994
0.00205305855543 -0.000360688394556 -0.0603866087678
0.00205606139483 -0.000384201445315 -0.0601328080479
0.00205186801979 -0.000400846389822 -0.0598774545481
0.00204275247438 -0.000412671483464 -0.0596212311438
0.00203119097941 -0.000422308996903 -0.0593651294
0.0020164793032 -0.000430317570279 -0.0591093981732
0.00199938313223 -0.000437771190426 -0.058854347905
0.00197780503825 -0.000444274680306 -0.0585999769515
0.00194501459232 -0.000448397271127 -0.0583457263156
0.00190203714145 -0.000452228331013 -0.0580918491317
0.00185728361201 -0.000458827016234 -0.05783896883
0.0018133723543 -0.000468917940942 -0.0575866506062
0.00176653557183 -0.000482801008874 -0.0573342725587
0.00171437986151 -0.000501685336035 -0.0570810264554
0.00166204298224 -0.000526367623531 -0.0568265975104
0.00162097989013 -0.00055590884195 -0.0565707901388
0.00159719495452 -0.000588609724891 -0.0563136610493
0.00158562513122 -0.000622693934139 -0.056054962945
0.00158143951269 -0.000654858643321 -0.0557950797016
0.00158820565538 -0.000681002894719 -0.055535072623
0.001609844678 -0.000698020210814 -0.0552756847069
0.0016441530435 -0.000703541827052 -0.0550177233852
0.00168747728174 -0.000695771728053 -0.0547620678968
0.00173787055323 -0.000673924372882 -0.0545090384887
0.00179350227584 -0.00063800421724 -0.0542590128327
0.0018501678402 -0.000588628416932 -0.054012053019
0.00190182408229 -0.000527293879027 -0.0537680360122
0.00194701439729 -0.000456229542609 -0.0535263419069
0.00198952395794 -0.000377166203261 -0.0532865309439
0.00203295775024 -0.000291104067378 -0.0530480337007
0.00207827264621 -0.000199024062758 -0.0528105326473
0.00211983735911 -0.000103864743059 -0.052573285507
0.00214710340161 -1.1101714222e-05 -0.0523353586499
0.00215747658339 7.57561332209e-05 -0.0520960564721
0.00215975699522 0.000157744487004 -0.0518553087314
0.0021635290779 0.000236586024734 -0.0516133036705
0.00217152677868 0.000311371261535 -0.0513699201277
0.0021792682542 0.000379465335169 -0.0511248486822
0.00217986015818 0.000439534764854 -0.0508780897174
0.0021732725045 0.00049258053052 -0.0506298947717
0.00216597407518 0.000539694239385 -0.0503805771142
0.00215692092919 0.000581167366212 -0.0501302625526
0.00213562822452 0.000617076699126 -0.0498789515134
0.00209709111416 0.000646575480621 -0.0496267690064
0.00204622027405 0.000667896634671 -0.0493739025221
0.0019877453125 0.000679218630255 -0.0491210368504
0.00192472042637 0.00067910062569 -0.0488684852603
0.00186343255468 0.00066708173613 -0.0486169305625
0.00180672948228 0.000643113566756 -0.0483665598352
0.00174977596752 0.000606003594953 -0.0481176840399
0.00168763552411 0.000553956530262 -0.0478705558937
0.00162117779439 0.000486563158381 -0.0476254894183
0.00155885546351 0.000406164639972 -0.0473823580512
0.00151094135747 0.000316402912958 -0.0471409094847
0.00147916927121 0.000219409186852 -0.0469007070167
0.00145986866835 0.000116883387004 -0.0466613814557
0.00145357238977 1.17413676813e-05 -0.0464223749504
0.00146142695112 -9.29005733275e-05 -0.0461830628991
0.0014802688512 -0.000193603754759 -0.0459428145388
0.00150889743719 -0.000287109837528 -0.0457012514167
0.00154877260846 -0.000371362905505 -0.0454578758595
0.00159899480479 -0.000444605630318 -0.0452125613241
0.00166018753705 -0.000505794750639 -0.0449651179937
0.00173235316929 -0.000553941909525 -0.0447155470232
0.00180625813442 -0.000586766053758 -0.044464225327
0.00187208132061 -0.000603358646412 -0.0442117782523
0.00193026262545 -0.000605479674137 -0.0439587073109
0.00198317242023 -0.000595091919195 -0.0437053886484
0.00202526514804 -0.000573609356128 -0.0434525105313
0.00205077372694 -0.000543032453034 -0.0432005748838
0.0020661262945 -0.000505275014756 -0.042949579396
0.0020815999423 -0.000461094250271 -0.042699460825
0.00209582510532 -0.000410812372344 -0.0424504074762
0.00210148994458 -0.000354471981758 -0.042202856466
0.0020982422599 -0.000291622012631 -0.0419568668296
0.00209258810202 -0.000222517173511 -0.0417122514457
0.00208938423391 -0.000148576129319 -0.0414689466355
0.00208660945045 -7.05857512789e-05 -0.04122682662
0.00208016588999 1.16185533826e-05 -0.0409858913873
0.00207112308284 9.67452723497e-05 -0.0407459549663
0.0020616479016 0.000182867763674 -0.0405065821616
0.00204690872357 0.000270225659188 -0.0402677722038
0.00201982727493 0.0003590767333 -0.0400293375806
0.00198211316575 0.000446328020678 -0.0397904680948
0.00194184438949 0.000527796246202 -0.0395505387513
0.0018994350766 0.000601713084671 -0.0393091120935
0.00184728425382 0.000667008785065 -0.0390655631963
0.00178739428422 0.000720855359022 -0.0388195143812
0.00173290900275 0.000760843376157 -0.0385707800767
0.00168593557966 0.000786203396994 -0.0383195466178
0.00163407885118 0.000795986374529 -0.0380653773056
0.00157421112348 0.000790047670744 -0.0378087076925
0.00151984182932 0.000770450580921 -0.0375505361875
0.00148407085883 0.000739782740409 -0.0372920459985
0.00147003729492 0.000700255171758 -0.0370338628869
0.00147533761157 0.000654408404998 -0.0367763672656
0.00149424916599 0.000605790787777 -0.0365202458416
0.00151835079154 0.000558750421582 -0.0362658072182
0.00154590819296 0.00051575579791 -0.0360130506192
0.00158451685704 0.000476381708793 -0.035761413988
0.00163538411384 0.000440689798298 -0.0355102133545
0.00168959112545 0.000409649711535 -0.0352592635429
0.00174546130927 0.000383400665729 -0.0350078778296
0.00180930200095 0.000362823355679 -0.034755056615
0.00187577223692 0.000348225565681 -0.0345005502705
0.00192755958066 0.0003353838895 -0.0342454104316
0.00195831672437 0.000319417239058 -0.0339908098614
0.00197916075098 0.000301257175663 -0.0337362593451
0.0019990755936 0.000283338096488 -0.0334809136124
0.00201394125139 0.000262770105091 -0.0332258490158
0.00201674577107 0.000234762723971 -0.032972604871
0.00200977535123 0.000200196865415 -0.032721035386
0.00200305552927 0.000164803295615 -0.0324695392099
0.00199871182154 0.000129723618598 -0.0322180110576
0.00198555825825 9.03362232848e-05 -0.0319676229683
0.00195732177202 4.58714418006e-05 -0.0317182993677
0.00192277480275 1.18185485628e-06 -0.0314689732154
0.00189119001513 -4.02455588857e-05 -0.0312190727581
0.00186146398787 -7.94364077077e-05 -0.0309689733144
0.00182634910587 -0.000120315141681 -0.0307193743022
0.00178128637628 -0.000166682578427 -0.0304707722272
0.00173037166686 -0.000218474159209 -0.0302229101122
0.00168108654325 -0.000272602947103 -0.0299753531315
0.00163597047846 -0.00032825714543 -0.0297277355294
0.00159523813054 -0.000386417279178 -0.0294798073104
0.00156129714898 -0.000446085985917 -0.0292310681054
0.0015356312751 -0.00050724963711 -0.0289812077462
0.00151785289667 -0.00057229830688 -0.0287299125995
0.0015103252651 -0.000638758345373 -0.0284769269026
0.00151752649568 -0.000698673633047 -0.0282226190922
0.00154086407014 -0.000747248713724 -0.0279674879991
0.00157881844887 -0.000783438520851 -0.0277120382359
0.00162922641918 -0.000806311385412 -0.0274567084457
0.00168920989653 -0.000814950357107 -0.0272019955252
0.00175670498173 -0.000807237294057 -0.0269486502076
0.00182855332676 -0.000782492020025 -0.0266971134454
0.00189748271557 -0.000744242108694 -0.0264473871677
0.0019605996129 -0.000693017254432 -0.0261997865771
0.00202039516129 -0.000625996418891 -0.0259546913104
0.00207254909953 -0.000547239727895 -0.0257116048735
0.00211190897505 -0.000463030276946 -0.0254698402025
0.00214063666461 -0.00037374732659 -0.0252290856049
0.00215816159739 -0.000282899968078 -0.024988847656
0.00216183222592 -0.00019750796009 -0.0247479415926
0.00215513446942 -0.000117622873702 -0.0245062293025
0.00214322659155 -3.96093285347e-05 -0.0242640147724
0.00212839369547 3.76329259196e-05 -0.0240214287675
0.00211057271162 0.000111948675269 -0.0237779755221
0.00208803442434 0.000178710151515 -0.0235333282447
0.00206052092003 0.00023644929717 -0.0232872924768
0.00203047259059 0.000288318337877 -0.0230403079992
0.0020012917773 0.000337908445746 -0.0227926332729
0.0019763144754 0.000387130030627 -0.0225443963652
0.00195477285407 0.000433499998663 -0.0222954718902
0.00192899090324 0.000470224863232 -0.0220456708263
0.00189160201426 0.000492278382815 -0.0217948709341
0.00184407375506 0.000500646251084 -0.0215435726188
0.0017956337343 0.000500890071448 -0.0212922122085
0.00175286441751 0.000496927125638 -0.0210409798968
0.00171233987392 0.000485683442133 -0.0207900670343
0.00166889168546 0.00046184759033 -0.0205400357184
0.00162233064606 0.000422977668312 -0.0202912528451
0.00157174139784 0.00036518376943 -0.0200443966456
0.0015176631598 0.000285454071169 -0.0198000288148
0.0014676439307 0.000188974478398 -0.0195581558917
0.00142980268218 8.4170653543e-05 -0.0193180340658
0.00140727539219 -2.40931808261e-05 -0.0190790414474
0.00140039877072 -0.00013327532764 -0.0188407347711
0.00140816796153 -0.000241710062123 -0.0186026672877
0.00142859478921 -0.000347909263837 -0.018364404598
0.00146024895661 -0.000449032233844 -0.0181253356145
0.00150402976683 -0.000540389687504 -0.0178846521147
0.00156091384755 -0.000618182038208 -0.0176415933183
0.00162513458141 -0.000683019101878 -0.0173962757331
0.00168610517398 -0.000737505494283 -0.0171493278044
0.00174144615068 -0.000780586238257 -0.0169008201194
0.00180004124217 -0.000806964803523 -0.0166497558054
0.00186867437276 -0.000812260224903 -0.0163956306287
0.00193948300354 -0.000798981840738 -0.0161393758808
0.00199559812827 -0.000776146332605 -0.0158829872214
0.00203067631451 -0.000749850472911 -0.0156277226967
0.00205358376448 -0.000717531144126 -0.0153730337287
0.00207175783097 -0.00067594475449 -0.0151186672527
0.00208242679902 -0.000628626964526 -0.0148653003427
0.00208120098028 -0.000581301508353 -0.0146134341657
0.00206769751846 -0.00053659035754 -0.0143630710531
0.00204433998619 -0.000493582117531 -0.0141138981458
0.00201705006713 -0.000447157016401 -0.0138658506411
0.0019919316424 -0.000392277064509 -0.0136191742954
0.00196824429269 -0.000330165181893 -0.013373992563
0.00194084604011 -0.000264674411043 -0.0131301835276
0.00190746675886 -0.000196896316806 -0.0128875650591
0.00186738344598 -0.000127246699065 -0.0126459519556
0.00181721588646 -5.81188208475e-05 -0.0124047840416
0.0017565910937 8.60925421522e-06 -0.0121635034604
0.00169380923309 7.44046480492e-05 -0.0119223570775
0.00163613781706 0.000140790147686 -0.0116813981223
0.00158153992509 0.00020506187515 -0.0114400533191
0.00152720202376 0.00026365337151 -0.0111973215559
0.00147322429468 0.000314223066242 -0.010952457877
0.00141826335362 0.000352579182191 -0.0107042254557
0.00136464257197 0.000377077229131 -0.0104522030319
0.00131972144185 0.000392196927216 -0.0101975182886
0.00128746064371 0.000400951403409 -0.00994108361952
0.00126779556713 0.00040260851596 -0.0096827385365
0.00126235999496 0.000399525422927 -0.00942316008291
0.00127343413449 0.000396472292063 -0.0091635546221
0.00129949106751 0.000394393869131 -0.00890419878106
0.00133606222598 0.000392139038918 -0.00864498567723
0.00137978658925 0.000392048695235 -0.00838666254222
0.00142969677025 0.000399464314022 -0.00812977834939
0.00148427678396 0.00041767588731 -0.00787420313642
0.00153838503387 0.000444474932073 -0.00761931774049
0.00158522054525 0.000474411731009 -0.00736462641244
0.00162093213152 0.0005037922224 -0.00710999682719
0.00164439912445 0.000530628236263 -0.00685535992877
0.00165508809246 0.000551894804078 -0.00660077858148
0.00165387359128 0.000565443536404 -0.00634668272703
0.00164346107829 0.000572759603402 -0.00609286618265
0.00162689268925 0.00057855200323 -0.00583850011554
0.00160543937664 0.000585609329852 -0.00558304546454
0.00157817096341 0.000587968684636 -0.00532771636113
0.00154492401602 0.000577150623899 -0.00507452706143
0.00150769407064 0.000555211292327 -0.00482330680704
0.00146876418552 0.000531236307337 -0.00457216765299
0.00142937829454 0.000507390330747 -0.00432070456572
0.00138955084536 0.000476930667042 -0.00407063312188
0.00134864459639 0.000436169069292 -0.0038229363571
0.00130742467066 0.000391508954006 -0.00357614147032
0.00126794571443 0.000350338802097 -0.00332860237102
0.00122957947177 0.000310349023156 -0.00308094049602
0.00118851019523 0.000262746280616 -0.00283504275735
0.00114264299824 0.000203144467669 -0.00259163147347
0.00109461521418 0.000136824600664 -0.00234943018499
0.00104824720863 7.14768632147e-05 -0.00210689244328
0.00100345196154 2.7505089447e-06 -0.00186461058959
0.000959616564851 -8.10666308867e-05 -0.00162383073348
0.00092089622147 -0.000175954745442 -0.00138323109725
0.000891675991273 -0.000267939640404 -0.00114071442671
0.000873060660538 -0.000357345480904 -0.000896085943724
0.000866009821529 -0.000449869643387 -0.000649417264881
0.000871577514872 -0.000539274285068 -0.000400294040683
0.000889425807261 -0.000615224173511 -0.000148808466633
0.000918457813029 -0.000672615428167 0.000104458220084
0.000957558040173 -0.000711574825384 0.000358889500294
0.00100521340014 -0.000734972602783 0.00061399783404
0.00105933598225 -0.000742576989896 0.000869231805742
0.00111805180558 -0.000731081528028 0.00112391180592
0.00117852642322 -0.000702104851719 0.00137757133073
0.00123614522859 -0.000661136974 0.00162998129405
0.00128816444706 -0.000608000155032 0.0018807736023
0.00133448000781 -0.000538649888055 0.00212949745638
0.001373317278 -0.000455014701516 0.00237613429559
0.00140080149805 -0.000365223956448 0.00262116900281
0.00141429081309 -0.000277512539987 0.00286532572874
0.00141484625106 -0.000194022013746 0.00310904935487
0.00140647302087 -0.000109159745516 0.00335216170749
0.00139128873025 -2.0812812298e-05 0.00359468419057
0.00136803473307 6.08715062912e-05 0.00383765204116
0.00133639294002 0.00012469037081 0.00408224366662
0.00129950208284 0.000173579161779 0.00432833713048
0.00126113984973 0.000219412573114 0.004574945678
0.00122273023426 0.000267011748741 0.00482165985891
0.00118390554723 0.000313293251403 0.00506876576353
0.00114447650508 0.000356190963129 0.00531640893454
0.00110492477236 0.000396049648982 0.00556455087734
0.0010651948177 0.000431948677911 0.00581320809816
0.00102388851274 0.000461191118023 0.0060624876524
0.000980124713838 0.000482703746498 0.00631235830065
0.000936069562955 0.000499265104569 0.00656253544975
0.000894314194137 0.000513265933644 0.00681290013494
0.00085195504937 0.000519769986781 0.00706338944399
0.0008022627818 0.000508014376191 0.00731387564753
0.000745041176611 0.000473830896308 0.00756367163856
0.000690730967765 0.000427725680643 0.00781240626774
0.000649032471646 0.000382880610747 0.00806045298697
0.000617804189096 0.000336550227928 0.00830780640722
0.000589431739324 0.00027399188247 0.00855322197771
0.000561831898296 0.000186309382467 0.00879545708618
0.00053974458577 7.81372259115e-05 0.00903463287733
0.000531106396116 -3.51172056891e-05 0.00927236427022
0.000540535698755 -0.000141599547612 0.00951046640269
0.000564691906678 -0.000244862369948 0.00974882507668
0.000597855639975 -0.000350478641637 0.00998662357275
0.0006397203855 -0.000451584898441 0.010224976048
0.000693488495305 -0.000537453286853 0.0104660714683
0.000758751579934 -0.000604887535703 0.0107106709994
0.000828833352293 -0.000657748956585 0.0109579722177
0.000893797352691 -0.000701912231378 0.0112067290487
0.0009472185386 -0.000740317426075 0.0114560059626
0.000991244756507 -0.000769761864024 0.0117064869629
0.00103317977386 -0.00078297384162 0.0119595990729
0.00107623809036 -0.000775807857664 0.0122159506869
0.00111564526782 -0.000752133066532 0.0124743504928
0.00114393514002 -0.000721084115462 0.012732810532
0.00115718706104 -0.000690765478506 0.012989955841
0.00115718483282 -0.000663261538911 0.01324558772
0.00114890410526 -0.000634725015021 0.0135002697952
0.00113515611178 -0.000603221256509 0.0137541957245
0.00111656542846 -0.000570459997999 0.0140071154978
0.00109480149055 -0.00053566000669 0.0142590939035
0.00107101785078 -0.000498335215076 0.0145101316964
0.00104533203888 -0.000459276917741 0.0147601081323
0.00101956949712 -0.000414956153577 0.0150090313222
0.000995589566201 -0.000362501149236 0.0152563449626
0.000970460573824 -0.000306851211221 0.0155026019064
0.000937394622038 -0.000256705532549 0.0157494101502
0.000892612547894 -0.000216348405782 0.0159982577011
0.000840394788512 -0.000181768110064 0.0162487761393
0.000789258827392 -0.000144875920176 0.0164990438494
0.000743128498611 -0.000103200039481 0.0167482557095
0.000699553255449 -6.38570728279e-05 0.0169982237958
0.000656654018527 -3.54576941589e-05 0.0172515598876
0.000617869173823 -1.77199697565e-05 0.0175081836923
0.000587943544994 -4.5898774829e-06 0.0177662865776
0.000568831629591 5.75712673412e-06 0.0180251478619
0.000561515851675 1.33965893013e-05 0.0182848512778
0.000567159869412 2.30776136531e-05 0.0185437704084
0.000585876012488 3.89165103213e-05 0.0188007027586
0.000616950689476 5.93117131315e-05 0.0190563295797
0.000659310775106 8.22860274844e-05 0.0193112819983
0.00071099800126 0.000109259666778 0.0195652456189
0.000769039942063 0.00014296570209 0.0198176479518
0.000830042513236 0.000186508046055 0.0200683046099
0.000890758305087 0.000242631039841 0.0203172827182
0.000947830540438 0.000310529487986 0.0205655710431
0.000997167814426 0.00038308136687 0.0208145317958
0.00103495339892 0.000451213736476 0.0210649786025
0.0010596035821 0.000513309146245 0.0213167937909
0.00107097583106 0.000570513598939 0.02156985584
0.00106965301388 0.000614830152418 0.0218235402076
0.00105794064648 0.000640478588539 0.0220768523501
0.0010376019685 0.000657885926836 0.0223302941579
0.00100844726066 0.000677156865081 0.0225849250017
0.000972281289048 0.000690818503033 0.0228396211254
0.000933844670693 0.000685934957974 0.0230923266861
0.000896047128627 0.000661835228674 0.0233424228442
0.000857272679334 0.000630159623811 0.0235915178862
0.00081481353563 0.000602279723801 0.0238413366282
0.000769866480486 0.000577527249678 0.0240918759333
0.000726399376474 0.00054571357114 0.0243410984085
0.00068566020485 0.000500501902737 0.0245879620197
0.000645547209887 0.000445631919727 0.0248330933005
0.000604294213353 0.000391030355862 0.0250782271617
0.000562296202403 0.000345398692002 0.0253246602543
0.000520597282172 0.0003072501874 0.025572075487
0.000479067339019 0.000264547335471 0.025818675128
0.000437530986395 0.000207166124171 0.0260631667892
0.000397307650283 0.000134662880088 0.0263059250465
0.000360424946038 5.60903519073e-05 0.0265484896166
0.000327858554845 -1.59739852891e-05 0.0267922220349
0.000300742229935 -8.42049080889e-05 0.0270370073731
0.000283507673707 -0.000166205114331 0.0272820516494
0.000279973610698 -0.000262731918557 0.0275281669446
0.000287873651871 -0.000351524340668 0.0277767783651
0.00030377249708 -0.00041820382291 0.0280276980131
0.000329293263502 -0.000470573139389 0.0282804957114
0.000366491147209 -0.000517675850514 0.0285349858888
0.000412258899633 -0.000552727755807 0.0287906631563
0.000462927555727 -0.000567798024446 0.0290466540835
0.000517263119057 -0.000568672939972 0.0293026477184
0.000572322520634 -0.000563135296869 0.029558388279
0.000623700243205 -0.00054804337451 0.0298133117389
0.000669145621598 -0.00051588270774 0.0300664875785
0.000707953065171 -0.000464729950379 0.0303177286644
0.000739262765067 -0.00039651061195 0.0305670288145
0.000762287975725 -0.000311591673685 0.0308143259242
0.00077595685279 -0.000211378603423 0.0310596886757
0.000778121475651 -0.000105959274409 0.031303680712
0.000767580610159 -9.30357561775e-06 0.031547479435
0.000746161847438 7.74765248388e-05 0.0317912730705
0.000716373885011 0.000162257928177 0.0320348251286
0.000679700599416 0.000244159264347 0.0322783875669
0.000637836473661 0.000318926989079 0.0325223901794
0.000592749907544 0.000387744108961 0.03276689393
0.00054632575928 0.000449392983052 0.033012089388
0.000500310042728 0.000498574084702 0.0332584090645
0.000455394834642 0.000532342365132 0.0335061627902
0.000410844867199 0.000553509803527 0.0337550415541
0.000365818215095 0.000569996998761 0.0340043601689
0.000320395601734 0.000587025976755 0.034253804601
0.000273917274011 0.000601209593059 0.0345034967833
0.000224886019493 0.000607736361179 0.0347536859225
0.000173942132115 0.000607959116779 0.0350041852521
0.000123488173933 0.000605425616749 0.0352546841938
7.43303860162e-05 0.000599080291339 0.0355051202427
2.47799526898e-05 0.000582009794658 0.0357554934058
-2.58872511854e-05 0.000548065925879 0.0360056153971
-7.41242714439e-05 0.000500451403315 0.0362549892957
-0.000115438282277 0.000446876230353 0.0365033631702
-0.000149035612052 0.000386598860309 0.0367505464342
-0.000175844353671 0.000311277375033 0.0369958520145
-0.000194269478503 0.000219498736363 0.0372387810996
-0.000200701833545 0.000122769846482 0.037480272692
-0.000193183697221 3.2008674421e-05 0.0377218876886
-0.000172160894698 -5.32556515936e-05 0.0379640558927
-0.00013866248779 -0.000136394603576 0.0382066446292
-9.379343119e-05 -0.000216270541938 0.0384500948364
-4.00210790696e-05 -0.000291775222321 0.0386946066856
1.80327493767e-05 -0.000363939535224 0.0389399429294
7.56636322961e-05 -0.000430801476905 0.039186106695
0.00013139693546 -0.000484510993356 0.0394347773445
0.000185715431749 -0.000517660478215 0.0396877021314
0.000235499772711 -0.000532888295123 0.0399442572682
0.00027417155714 -0.000541209568432 0.040201444802
0.000298794036967 -0.000548764526548 0.0404577651691
0.000311039774911 -0.000553794459772 0.040713655467
0.000311907192632 -0.000557636318532 0.0409688714613
0.000302518267571 -0.000562860251704 0.0412229756283
0.000285776314432 -0.000563463757649 0.0414772626874
0.000263056188317 -0.000553809560808 0.0417325941383
0.000234169722457 -0.000539262344527 0.0419877902307
0.000200149754973 -0.000527608141631 0.0422416746409
0.000162818803953 -0.000518667738802 0.0424944351922
0.000123400674589 -0.000507501287592 0.0427466320429
8.29251121085e-05 -0.000491853313787 0.0429983875019
4.25263415127e-05 -0.000472749614899 0.0432495179368
2.83949862622e-06 -0.000451957578298 0.0435000893269
-3.63725407631e-05 -0.000430980523073 0.0437503478286
-7.56443670327e-05 -0.000408521976704 0.0440005365288
-0.000114649112538 -0.000378932910038 0.0442498541997
-0.000152640084087 -0.000339383294163 0.0444976893872
-0.000190018206436 -0.000297605123942 0.0447451014406
-0.00022713488819 -0.000263779699944 0.0449943876366
-0.000262618617249 -0.000237390132363 0.0452457874723
-0.00029460495352 -0.000213980820536 0.0454984245077
-0.000320598906529 -0.000198229270166 0.0457535441299
-0.000336573024686 -0.000196134051277 0.0460132009741
-0.000340088925905 -0.000201444056598 0.0462757156397
-0.000332418656959 -0.00020149157504 0.0465371172286
-0.000314131646754 -0.000193443507147 0.0467965412213
-0.000282210338901 -0.000184031818216 0.0470559667007
-0.000235805919227 -0.000174243012296 0.0473155664952
-0.000179326426516 -0.000157224252114 0.0475732840125
-0.000118197494687 -0.00012738608188 0.0478274441941
-5.66004521001e-05 -8.25797247606e-05 0.0480777395651
2.5873460436e-06 -2.31334188004e-05 0.0483247310608
5.73714956579e-05 4.86811107298e-05 0.0485694757679
0.000105537014989 0.000130433352774 0.0488130975094
0.000145007511847 0.000218742833765 0.0490567832964
0.00017460694361 0.00030757843229 0.0493017166705
0.000193716104299 0.000390618873613 0.0495485835883
0.000201188314426 0.000466500870682 0.0497975114101
0.000194041463894 0.000541389298208 0.0500482524817
0.000169734054815 0.000619383682231 0.0503012415761
0.000132902081412 0.000688320851704 0.0505559173699
9.42901934612e-05 0.00072976124496 0.0508104770899
5.75613883691e-05 0.000745024139991 0.0510639848535
1.6352791865e-05 0.000751010872914 0.0513173623191
-3.05234392417e-05 0.00075225932884 0.051570854021
-7.38676926354e-05 0.000738441347217 0.0518229723292
-0.000107715113779 0.000705331352153 0.0520726624862
-0.000137006746217 0.000662077810431 0.0523209807706
-0.000168256697771 0.000618292187297 0.0525692345609
-0.000201060764279 0.000574170210156 0.0528174222593
-0.00023286810678 0.000526307103847 0.0530650477335
-0.000263964755929 0.000474961885913 0.0533121152434
-0.000294891991039 0.00042105618746 0.0535588119315
-0.000324790938273 0.000362550555113 0.0538048226406
-0.000353211876986 0.000298361827605 0.0540501450562
-0.000380408901093 0.000231111729861 0.0542950302883
-0.000405743528325 0.000161960966634 0.0545397908057
-0.000427239779076 8.82854331563e-05 0.0547841774083
-0.000443484104635 1.05884701958e-05 0.0550283128507
-0.000454633352087 -6.56837090352e-05 0.0552729440944
-0.000460419428603 -0.000137805751248 0.055518260214
-0.000459169212011 -0.000206802956697 0.0557643248697
-0.000450076022742 -0.000271035177465 0.0560113872469
-0.000433375221579 -0.000326848871075 0.0562596359716
-0.000407119219138 -0.000375086776698 0.0565091335317
-0.000366884691969 -0.000420865930588 0.0567598834017
-0.000311304226171 -0.000465142795524 0.0570120109529
-0.000245694199297 -0.000499910089708 0.0572652638539
-0.000177136355215 -0.000515799908263 0.0575188913594
-0.000108665426054 -0.000512149608251 0.0577722044576
-4.1933861801e-05 -0.000493200347904 0.0580247641102
1.9584495085e-05 -0.000458051346244 0.0582761339577
7.32684683031e-05 -0.000405334312257 0.0585258143767
0.000118101369621 -0.000341528151364 0.0587740561027
0.000152816596386 -0.000270945613577 0.0590210470287
0.000176260803433 -0.000188099087969 0.0592663528056
0.000187832849569 -9.15027934781e-05 0.0595099734813
0.000187590772184 8.6261139938e-06 0.0597527793758
0.000176796441365 0.000101019229533 0.0599958298092
0.000157458102803 0.000182537993503 0.0602396895839
0.000131277566698 0.00025627547318 0.0604842403041
9.97527921412e-05 0.000324114382155 0.0607294217893
6.40628208548e-05 0.000387554622216 0.0609751711324
2.45222900146e-05 0.000450878951675 0.0612211766743
-1.73645963157e-05 0.000512377692293 0.0614675044735
-5.88890898462e-05 0.000565915218185 0.061714713934
-9.94056150639e-05 0.000614072022593 0.0619625496238
-0.000138590543861 0.000660597093168 0.0622106350192
-0.000175080370424 0.000697332804601 0.0624596548931
-0.00021015225005 0.000715843883979 0.0627102936593
-0.00024654619776 0.000723050718527 0.062962168923
-0.000284010230416 0.000731484294002 0.063213426975
-0.000321728979712 0.00074037654514 0.0634646810975
-0.000361005883509 0.00073951595308 0.0637165601241
-0.000402028190118 0.000725279325142 0.0639690602209
-0.000443148222569 0.000698859413991 0.064221556364
-0.000482823457585 0.000658249342497 0.0644740523871
-0.000518959219105 0.000602483990858 0.0647253022679
-0.000548813808962 0.000534985823415 0.0649759271004
-0.000570194524784 0.000460810253897 0.0652240596727
-0.000581899660305 0.00038512265051 0.0654709383868
-0.000583653848935 0.000307940469314 0.0657165632189
-0.000574976237356 0.000222710079029 0.0659603169092
-0.000554978102049 0.000128372667251 0.0662015861034
-0.000523818989564 3.38501858486e-05 0.0664422303215
-0.00048261075622 -5.27787888381e-05 0.0666841167756
-0.000432673744496 -0.000129571217827 0.0669272377028
-0.000375941287478 -0.000198083125856 0.0671722219601
-0.000315633774613 -0.000260188855365 0.067419081145
-0.000255389344921 -0.000311680171807 0.0676684441155
-0.000197308576299 -0.000342746084168 0.0679227991299
-0.000143953202487 -0.000353492699979 0.0681821539274
-0.00010078097478 -0.000359076830737 0.0684427819195
-7.1371571614e-05 -0.000367972055489 0.0687015622289
-5.48869080299e-05 -0.000370951597719 0.0689609599423
-5.11081732372e-05 -0.000364973463602 0.0692222095803
-6.02939610717e-05 -0.000364687589393 0.0694803459841
-7.97644669974e-05 -0.000377288009952 0.0697347442018
-0.000107040875158 -0.000391605987762 0.0699878887299
-0.000141609954209 -0.000399344344273 0.0702416313492
-0.000181705280942 -0.000405138187919 0.0704953701351
-0.000224214093335 -0.000414423162661 0.0707478588975
-0.000266734264295 -0.000427633854835 0.0709991092341
-0.000307229148514 -0.000445145968646 0.0712491173345
-0.000344953897369 -0.000465917433891 0.071499750363
-0.000382592828012 -0.000481983601395 0.0717503833673
-0.000423089322949 -0.000483873344663 0.0720016374897
-0.000464545835119 -0.000474066660714 0.0722522782336
-0.000503102569568 -0.000465759114547 0.0725035362375
-0.000538967671934 -0.0004629602472 0.0727554192171
-0.000575066967739 -0.000453035599713 0.0730072945053
-0.000612614177866 -0.000426279278384 0.0732566853456
-0.000649639850729 -0.000392147917776 0.0735054589502
-0.000681750793752 -0.000368823068832 0.0737560958852
-0.000705015357662 -0.000362646506008 0.0740110844088
-0.000718961563221 -0.000364570444541 0.0742691860945
-0.000724433045229 -0.00036563511519 0.0745279165666
-0.000719672347735 -0.000365502953997 0.0747872796584
-0.000703632350112 -0.000362794731442 0.0750460215359
-0.000678987828813 -0.000351371308571 0.0753035210322
-0.000645914223825 -0.000330480125056 0.075558528172
-0.000599165155642 -0.000306328866534 0.0758135236655
-0.0005369693053 -0.000280991765225 0.0760691171296
-0.000467558440291 -0.000247269311455 0.0763222068561
-0.000401929901942 -0.000196564322055 0.0765715545146
-0.000343729508603 -0.000128532668783 0.0768171677728
-0.00029062666473 -5.07814183533e-05 0.077060906103
-0.000243303342329 3.09976732297e-05 0.0773046405754
-0.000207416926157 0.000118829413572 0.0775471366699
-0.000186857856722 0.000214272582101 0.0777902578126
-0.000180264541241 0.00031047364428 0.0780352538833
-0.000184320446743 0.000397571099248 0.0782815038358
-0.000196536505884 0.000469803771156 0.0785302537639
-0.000216418856388 0.000527637746566 0.0787808748342
-0.000246094371977 0.000576596794137 0.0790321247862
-0.000286310744498 0.000619160693909 0.0792852420224
-0.000333943134265 0.000652317616112 0.0795383670464
-0.000387328462402 0.000676038239452 0.0797921132124
-0.000444567641843 0.000690570159734 0.0800458555211
-0.000496435863551 0.000688771306684 0.0802983479021
-0.000537117435711 0.000668328975713 0.080549590307
-0.0005739810223 0.000640011654868 0.0808002038303
-0.000611915156353 0.000610698057239 0.0810501961876
-0.000645273419808 0.000574981932621 0.0813001884726
-0.000672411060468 0.000530207163306 0.0815483134975
-0.000698683572944 0.000482347430794 0.0817964345683
-0.000725816422546 0.000433917216066 0.0820445556146
-0.000751889893979 0.000381115888113 0.0822920593524
-0.000776236488376 0.000321964401678 0.0825389419477
-0.0007981895857 0.000255649534925 0.0827851995186
-0.000816498038391 0.000181469445432 0.083030214805
-0.000831900037032 0.000105596087894 0.0832758511615
-0.00084608049376 3.62376043763e-05 0.083521483708
-0.000857464421223 -2.88290636007e-05 0.0837677413264
-0.000860615568917 -9.96095563548e-05 0.084013374065
-0.000851067180089 -0.000180146125052 0.0842590106614
-0.000831181382303 -0.000259913212924 0.0845046472344
-0.000807790967928 -0.000323800977533 0.0847521549257
-0.000780607601667 -0.000372051822997 0.0850009126172
-0.000740125389157 -0.000419049229571 0.085250295333
-0.000681063965929 -0.000471484213658 0.0855003069066
-0.000610962888747 -0.000517775791544 0.085751572314
-0.000541803112205 -0.000539997101316 0.0860040876494
-0.000477834934898 -0.000531640885521 0.0862566068426
-0.000416062807608 -0.00050146391974 0.0865091221779
-0.000355765490843 -0.000459862319138 0.0867610086553
-0.000301340235774 -0.000406176909511 0.087011641275
-0.000256771243225 -0.000336889960779 0.0872603989189
-0.000223181429906 -0.000259532062626 0.0875078988473
-0.000200908524077 -0.000183778224 0.0877547621061
-0.000190506361124 -0.00010805383616 0.0880003714592
-0.000192127600955 -2.7743335451e-05 0.0882447269786
-0.000204773622118 5.48113220135e-05 0.0884884498301
-0.000226078029173 0.000132826938907 0.0887321688237
-0.000253403831802 0.000202535790299 0.0889765127212
-0.000286399042468 0.000269183542491 0.0892208681681
-0.000326163475236 0.000339245296075 0.089465242904
-0.000370428988036 0.000408198458065 0.0897102542608
-0.000414285906724 0.000466888043186 0.0899558984049
-0.000455240352718 0.000513260320581 0.0902034098093
-0.000493707725556 0.000550732348952 0.0904521674519
-0.000531410392347 0.000584539549742 0.0907015501905
-0.000569600119414 0.000619366669132 0.0909509369312
-0.000607068013532 0.000653266753084 0.091200323792
-0.000642549501859 0.000680228518914 0.0914503357011
-0.000676934524846 0.000700306519233 0.0917009764922
-0.000711375034532 0.000719801602586 0.0919522345201
-0.000745844631254 0.000740378525171 0.0922028675004
-0.000779728846398 0.00075113022721 0.0924541254089
-0.000811717629276 0.000739488809789 0.0927066255054
-0.000839871193121 0.000706531741877 0.0929609927658
-0.000862046586505 0.000658074114506 0.0932147349782
-0.000875820927122 0.00059589605673 0.0934684771422
-0.000880062174967 0.000526033952713 0.0937203520938
-0.000875065015048 0.000454879025929 0.0939703559273
-0.000860180705215 0.000382178983382 0.0942191020929
-0.000833573669101 0.000304962414105 0.0944659810222
-0.000793288352685 0.000221211026165 0.0947116061179
-0.000740873419607 0.000135456369721 0.0949559889298
-0.00068280139825 5.8677431695e-05 0.0952009966939
-0.000624853812967 -1.98346418451e-06 0.095448492836
-0.000568685672513 -4.75726224925e-05 0.095699113858
-0.000515065088643 -8.18561624534e-05 0.0959522386416
-0.000466808065218 -0.000106090029699 0.0962078672108
-0.000427316523782 -0.000120752185258 0.0964660033751
-0.00039906206286 -0.00012796395639 0.0967266394911
-0.000384906838507 -0.000127462899683 0.0969885255825
-0.000387612798488 -0.000117915521146 0.0972535174077
-0.000406074526153 -0.000106306986781 0.0975178882831
-0.000435158842009 -0.000104410323145 0.0977797670669
-0.00047084976087 -0.000116193768138 0.0980366498296
-0.000511800401408 -0.000138723259036 0.098289774806
-0.000556727858049 -0.00016916662832 0.0985410171149
-0.000604062619955 -0.000205411160552 0.0987903884739
-0.000651954802306 -0.000245764870813 0.0990391234029
-0.000697560971311 -0.000289487717422 0.0992866121661
-0.000738408092691 -0.000335482851949 0.099534093094
-0.000774995227986 -0.000380735291813 0.0997815855478
-0.000809064004063 -0.000422117923634 0.100030327929
-0.00083976056971 -0.00045919505533 0.100279699168
-0.00086628237408 -0.000492511879675 0.100530324217
-0.000890286864408 -0.000521446629724 0.100781574289
-0.000912996480158 -0.000545678690035 0.101033449409
-0.000933783356821 -0.000566183654569 0.101286570648
-0.000952232652691 -0.000583484930872 0.101540313053
-0.000969216954399 -0.000596344520394 0.101794055434
-0.000983365944317 -0.000605700429391 0.102047805484
-0.000988393440252 -0.000617001978281 0.102303415006
-0.000981139928877 -0.000631140023135 0.102560270574
-0.000969559249463 -0.000638909656843 0.102817129951
-0.000962186953001 -0.000633350656578 0.103071512524
-0.000953453430323 -0.000619106478099 0.103324027788
-0.000931692630617 -0.000602370726651 0.103577785263
-0.000895173047528 -0.000581399730453 0.103830921524
-0.000847393417996 -0.000552187167529 0.104082807761
-0.000789232736877 -0.000513184038789 0.104334065139
-0.000726600288604 -0.000461917606196 0.104582822637
-0.000670222172825 -0.000395289381999 0.104828459089
-0.000621402576496 -0.000314567481852 0.105071599495
-0.000573253633592 -0.000225655974053 0.105313486092
-0.000525718292169 -0.000133781758697 0.105554743855
-0.000487407529043 -4.03186105634e-05 0.105796618854
-0.000464916930745 5.43036635318e-05 0.106037872784
-0.000458391284736 0.000147240127605 0.106279751714
-0.000466600356726 0.000235334573103 0.10652350562
-0.000490252031201 0.000317454682584 0.106768513383
-0.000528155199604 0.000391492948845 0.107014778887
-0.000575476325751 0.000453219099528 0.107263536651
-0.000629175443087 0.000500901425425 0.107512927178
-0.000689455197764 0.000535788326287 0.107764181108
-0.000752328327697 0.000556675389884 0.10801543892
-0.000809615793278 0.000560832512503 0.108266700613
-0.000859014191268 0.000550073106848 0.108517958449
-0.000906202630006 0.000530083861422 0.108768591333
-0.000957831025049 0.000505955758021 0.109019216478
-0.00101494844204 0.000479752429234 0.109269208882
-0.00107047379778 0.000449897123487 0.109519197333
-0.00111639476394 0.000413805434799 0.109767939594
-0.00115178632075 0.000371203236471 0.110016681758
-0.0011798656248 0.000323064178211 0.110264181638
-0.00120288788372 0.00026929199068 0.110511056469
-0.00122183060385 0.000208926886297 0.11075731404
-0.00123710760141 0.000141235777848 0.111002950493
-0.00125042258405 6.86138547203e-05 0.111248583111
-0.00126409791385 -4.04164648745e-06 0.111493598493
-0.0012755911652 -7.76104798465e-05 0.111739231111
-0.00127992331075 -0.00015594409114 0.111984242611
-0.00127758743921 -0.000235417072881 0.11222987916
-0.00127043499743 -0.000311211389144 0.112476133041
-0.00125594444925 -0.000384037475242 0.112723011946
-0.00123231969554 -0.000453429804932 0.112970512018
-0.00119938500642 -0.000517143806208 0.113219262066
-0.00115548583835 -0.000574681831393 0.113469875468
-0.00110313879195 -0.000622313252402 0.113721742705
-0.0010512363459 -0.000651772728453 0.113974231035
-0.00100426534673 -0.000659132082656 0.114227969342
-0.000956813646063 -0.000649703609747 0.114482332624
-0.000904195789767 -0.000630340705952 0.114737317024
-0.000851697261242 -0.000599880319938 0.114991680306
-0.000807645832775 -0.000552550562723 0.115245418588
-0.000774246099882 -0.000489273264313 0.115497281894
-0.000750782638181 -0.000416400508154 0.115747274106
-0.000739883323892 -0.000333891208571 0.115994766342
-0.000745469984817 -0.000236972019701 0.116239141342
-0.000766954785454 -0.000130291965935 0.116481020249
-0.000798583256211 -2.83547072232e-05 0.116721653013
-0.0008348320894 5.93916431416e-05 0.116962899108
-0.000873605598006 0.000133626517551 0.117204777798
-0.000915219858592 0.000199334267089 0.117447906416
-0.000961394660094 0.000261957130043 0.117691663867
-0.00101100770981 0.000321653038336 0.117935432939
-0.00105825996459 0.000373221755395 0.118181080893
-0.00110007228482 0.000415427071755 0.118428599989
-0.00113859988617 0.000452081538241 0.11867736918
-0.00117682067066 0.000486867919324 0.118926146231
-0.00121657599842 0.000522179950673 0.119175548379
-0.00125670868164 0.000557651778495 0.119424329505
-0.00129327552758 0.000588961198896 0.119674349154
-0.00132350601764 0.000611053724973 0.119925611135
-0.00134846466908 0.000622790828674 0.120178732686
-0.00137177123845 0.000629054751816 0.120432475306
-0.00139614730551 0.000635849700608 0.120685596737
-0.0014203317125 0.000641890370125 0.120938718097
-0.00144060083312 0.000640484402458 0.121191843194
-0.00145458246277 0.000628521985233 0.121445593218
-0.00146193968165 0.00060766447787 0.121699350935
-0.00146218520509 0.000579690134807 0.121952479817
-0.00145094903721 0.000541433579899 0.122205608675
-0.00142179389327 0.000489171853278 0.122458104817
-0.00137725253422 0.000430302518749 0.122708737581
-0.00132702865036 0.000376768291397 0.122958741535
-0.00127167041643 0.000329600464517 0.123207499395
-0.00120493134937 0.000284535351026 0.123456882208
-0.00112861492502 0.000243071374383 0.1237062805
-0.00105162232681 0.000209599954048 0.123957557578
-0.000982139064478 0.000186370104582 0.1242100923
-0.000925209259632 0.000173205666604 0.124465732612
-0.000882318383321 0.000167637521787 0.124723251733
-0.000852616202468 0.000165348032621 0.124982016971
-0.000836234479284 0.000162850811273 0.125241411019
-0.000837389612733 0.000160852622595 0.125502039611
-0.000860629537549 0.000160994084148 0.125763902795
-0.00090089391309 0.000157554931122 0.126025133335
-0.000944994028248 0.000140768832881 0.126283856255
-0.000986467834758 0.000108332617724 0.126536969753
-0.00102899179593 6.49470629877e-05 0.126788192795
-0.00107678117639 1.45465812731e-05 0.127036908146
-0.00112968627843 -4.15173808125e-05 0.127285615662
-0.00118384259753 -0.000102824886516 0.127533077011
-0.00123240083694 -0.00016856761126 0.127779913313
-0.001267769135 -0.000236831879318 0.128025511212
-0.00128590844641 -0.000304717677051 0.128270491851
-0.00129105357476 -0.000369385546124 0.12851610904
-0.00129263864287 -0.000428934062386 0.128762983968
-0.00129549467772 -0.000482571633679 0.129011112753
-0.0012969835726 -0.000530703754837 0.129260487705
-0.00129298786257 -0.000574806710884 0.129510487729
-0.00128266866762 -0.000616248466635 0.129761116611
-0.00126874568685 -0.000654925663306 0.130012366683
-0.00125361109589 -0.00068987806523 0.130264245614
-0.00123486429517 -0.000721344201729 0.130516741829
-0.00120709111998 -0.000750312795602 0.130769863044
-0.00116710334872 -0.000776225239143 0.131022988093
-0.0011151482858 -0.000796758827841 0.13127610926
-0.00105540461084 -0.0008087364373 0.131529234236
-0.000997866664122 -0.000809073948694 0.131781738022
-0.000951166168752 -0.000796754516679 0.132032374547
-0.000909954749731 -0.000772897617353 0.132281768789
-0.000860713978959 -0.000737555418814 0.132529291935
-0.00079999828333 -0.000689062795151 0.132775561296
-0.00073576306976 -0.000626434618796 0.13301995568
-0.000677695565613 -0.000550181943031 0.133262478971
-0.00063342133241 -0.000461569995828 0.133503123452
-0.000603913958375 -0.000362244552701 0.133742517957
-0.000581535712009 -0.000255455200932 0.1339800337
-0.000561680412878 -0.000146574585601 0.134218162798
-0.000551436104561 -3.96239418996e-05 0.134455670778
-0.000558188879747 6.3623785407e-05 0.134694428686
-0.000578980484206 0.000160217237219 0.134934440427
-0.00060845348983 0.000246962177883 0.135176327097
-0.000645549485531 0.000322714966631 0.13542008486
-0.000690214920118 0.000387257486856 0.135665096457
-0.000742293834208 0.000440584085019 0.135912604148
-0.00079853442815 0.000482067070267 0.136161986815
-0.000849957986061 0.000510801397899 0.136413244457
-0.00089248865662 0.000528157763998 0.136665138697
-0.000932223520146 0.000536807121613 0.136918286819
-0.000970897260017 0.000538174371876 0.137171434965
-0.00100047611143 0.000533401847866 0.137425825395
-0.00101888230814 0.000524161342208 0.137679586991
-0.00103464223816 0.000511530393695 0.137933348636
-0.00105317839547 0.000496409760057 0.138187731423
-0.0010713386467 0.000479903200227 0.138441485377
-0.00108476178477 0.000462658783996 0.13869523545
-0.00109351626555 0.000444774229672 0.138948970091
-0.0011006426847 0.000426572756969 0.13920208359
-0.00110686750106 0.000408044063281 0.139455193255
-0.00110704223833 0.000387487854642 0.139708306754
-0.0010927490261 0.0003622321425 0.139961424111
-0.0010623238902 0.000332755295459 0.140214541396
-0.00102537202443 0.000303661673546 0.140467654799
-0.000989062522678 0.000278389130753 0.140720147036
-0.000947199143762 0.000256979242736 0.140972631557
-0.000891081841891 0.000240246894665 0.141224498817
-0.00082160792893 0.000231229720444 0.141476983338
-0.000745958702044 0.000232802164372 0.141728221789
-0.000671577974664 0.000246316394564 0.141979460239
-0.000605186014116 0.00027180621657 0.142230077548
-0.000547286678432 0.000308843154342 0.14248068714
-0.000491874736161 0.000357169067839 0.142730679473
-0.000439533509812 0.000415284982819 0.142981296781
-0.000399224213627 0.000480293312021 0.143231914089
-0.000376469018269 0.00054957527233 0.143482535279
-0.000371380717385 0.000620766964891 0.143733156445
-0.000385121237194 0.000691554190708 0.143985027563
-0.000419874501439 0.000759928484362 0.144236906396
-0.00047068902475 0.000822545101477 0.144489414063
-0.000525391434241 0.000874319213385 0.14474192173
-0.000578181323415 0.000912395327761 0.144994433256
-0.000630910309293 0.000936944123105 0.145246944805
-0.000682873776428 0.000948566563811 0.145499452496
-0.000734994823799 0.000948508857958 0.145751967879
-0.000791167150149 0.000938130112381 0.14600447938
-0.000847439591938 0.000918116494705 0.146256983189
-0.000894360802686 0.000890117612207 0.146509479307
-0.000929802017196 0.000856622827707 0.146761354307
-0.000957515810287 0.000819589925262 0.147013229306
-0.000977143439977 0.000780808690796 0.14726447933
-0.000988201465464 0.000741666474101 0.147515725496
-0.000994061114695 0.000702484882721 0.147766967827
-0.000993697214587 0.000663487467974 0.148017589017
-0.000983334272727 0.000624185799608 0.14826883135
-0.000966297217789 0.000583341704931 0.148519456421
-0.00095031146506 0.000541170237161 0.148770081518
-0.000937458310782 0.000498998421898 0.149021327732
-0.000922519234532 0.000457130088368 0.14927194897
-0.000900639317681 0.000415385574322 0.149522570233
-0.0008737079702 0.000374908053963 0.149773191495
-0.00084713376683 0.000337526947366 0.150023812734
-0.000821662602972 0.000304018385909 0.150274433996
-0.00078955351735 0.000274476575704 0.150525051401
-0.000741981047218 0.000250486526174 0.15077566883
-0.000682258318366 0.000235000299861 0.151026286259
-0.000622250084586 0.000229821993327 0.151276899806
-0.000563598235239 0.000235930228845 0.151528142162
-0.000499090319633 0.000255278158902 0.151778759495
-0.000432136175065 0.0002882684906 0.152030626779
-0.000377178719119 0.000332257739707 0.15228249404
-0.000341989202475 0.000384861603858 0.152534365182
-0.000321318689827 0.000445432114721 0.152786240182
-0.000307383183053 0.000512090081772 0.153039365134
-0.000299427702682 0.000580496114771 0.153291868967
-0.000301146457028 0.000646015854542 0.153544376683
-0.000313643414929 0.000705115105484 0.153796888232
-0.000335894461901 0.000755318454506 0.154050024757
-0.000370416260869 0.00079564129292 0.154302540165
-0.000420701827544 0.000825824932262 0.154555055548
-0.000481015602045 0.000844517389566 0.154808195931
-0.000538962253771 0.000850575708578 0.155061340148
-0.000589958272331 0.000844963003324 0.15531323827
-0.000638165435182 0.000829346826694 0.155565753653
-0.000687098838835 0.000804734525071 0.155817640179
-0.000737660141777 0.000771820327168 0.156070143988
-0.000786290235815 0.000732064590264 0.15632201894
-0.000823597009397 0.000688801794159 0.156573893891
-0.000843775827919 0.000645584704355 0.156825761127
-0.000852261374906 0.000603176399695 0.157076382293
-0.000857592026545 0.000560670224903 0.157327003483
-0.00086083923038 0.000518436223726 0.157578245791
-0.000858607609375 0.000477169655619 0.157828863123
-0.000851097479121 0.000436405499981 0.158079480479
-0.000841404886878 0.000395524413451 0.158330097883
-0.000828872180001 0.00035447216902 0.158580715288
-0.000808773422494 0.000313018535534 0.15883133655
-0.000781582180127 0.000271600412389 0.159081953907
-0.000753714447829 0.000231639424758 0.159331946264
-0.00072396467066 0.000193986614216 0.15958256362
-0.000684142438504 0.000159518955657 0.159833181001
-0.000633576970338 0.000130370978236 0.160083798406
-0.00057523608073 0.000108803614959 0.160334415811
-0.000505878449802 9.74700957598e-05 0.160585033168
-0.000425641601118 9.90231261791e-05 0.160836271643
-0.000347336778858 0.000113137075095 0.161087510094
-0.000286441566492 0.000136507906812 0.161338752427
-0.000245757484417 0.000167484744539 0.161590615877
-0.000214074268812 0.000208507147974 0.161842483186
-0.000181532231317 0.000261514514025 0.162094354352
-0.000153276675086 0.00032309068418 0.162347471588
-0.000142704997532 0.000387550629151 0.162599971587
-0.000154041145549 0.000451889386343 0.162853721515
-0.000179968172766 0.000514131172831 0.163107471442
-0.000214953197352 0.00057083756605 0.163361229085
-0.000260849138458 0.000618608020956 0.163614986728
-0.000316847827572 0.000655071801093 0.163868123277
-0.000373998393269 0.000678506907203 0.16412188092
-0.00042650114812 0.000688618406799 0.164374396327
-0.00047710335531 0.000686263659368 0.164626907877
-0.00052719656639 0.000672483972486 0.164878790616
-0.000574320806062 0.00064864307895 0.165130673331
-0.000613953060744 0.00061698106201 0.165381934929
-0.000640952155313 0.000580645434241 0.165633188786
-0.000659695434844 0.000540995151268 0.165883817692
-0.000680466286056 0.000496658317164 0.166135067692
-0.000701840947675 0.000448825043305 0.166385696573
-0.000714530312152 0.000401617316063 0.166636942715
-0.00071760802973 0.000356459500598 0.166887567739
-0.000715964181645 0.000312336130374 0.167137571669
-0.00070980841462 0.000269269039897 0.167388192859
-0.000696855323241 0.000227332397387 0.167638814097
-0.000678920587396 0.000185620722248 0.167888814194
-0.000661162998816 0.00014368717547 0.16813943155
-0.000647485997271 0.000102065665693 0.168389427813
-0.000636354416378 6.13792218549e-05 0.168640049051
-0.000621238244091 2.1974238613e-05 0.168890045338
-0.00059619441447 -1.54218901352e-05 0.169140045483
-0.000558061855913 -4.91831437423e-05 0.169390662863
-0.000505872554181 -7.67588102899e-05 0.16964128022
-0.000445709029765 -9.60820084983e-05 0.169891897625
-0.000389077701265 -0.000107084411015 0.17014251503
-0.000335205033127 -0.0001085961739 0.170393757387
-0.000270028800985 -9.51793705243e-05 0.170645620837
-0.000192805404247 -6.40262141629e-05 0.170897488146
-0.000121932593931 -2.02020119981e-05 0.171149980407
-7.15254227378e-05 3.023107976e-05 0.171402472691
-4.10081333404e-05 8.59079437362e-05 0.171655589927
-2.36624410309e-05 0.000147318940186 0.171908711021
-1.46430672225e-05 0.000212962724784 0.172161832139
-1.41241381725e-05 0.000278639300414 0.172414960948
-2.6497038231e-05 0.000339556046273 0.172668089758
-5.43806506318e-05 0.000392583115266 0.172921222449
-9.43542106805e-05 0.000435987550846 0.173174358974
-0.000142283752538 0.000468332103898 0.173427495499
-0.000198380795581 0.000488412332738 0.173680635906
-0.000262074627508 0.000495524412551 0.173933776289
-0.000328784278982 0.00048968703033 0.174186912814
-0.000395330020724 0.000471401561052 0.174439420505
-0.000461397121047 0.000441148068304 0.174692541574
-0.000523965137337 0.000400383383732 0.174945037668
-0.000574685799366 0.000353195776795 0.175196912644
-0.000606100489303 0.000305166805143 0.175448162643
-0.000619828914442 0.000259216733858 0.175699408761
-0.000623670000231 0.000214797630549 0.175950033785
-0.000621098714216 0.000171811159235 0.176200658809
-0.000612782264375 0.000130640148895 0.176451276141
-0.000604607718705 8.90785764377e-05 0.176701276189
-0.000600396880644 4.62666892431e-05 0.176951897379
-0.000592905980747 4.96829738929e-06 0.177202518545
-0.000574735103366 -3.37351001512e-05 0.177453139736
-0.000550269264653 -7.19077335056e-05 0.177703760926
-0.000526234328549 -0.000110448652251 0.177954382164
-0.000499508169481 -0.000148234644066 0.178204382285
-0.000463240692157 -0.00018358168392 0.178455003523
-0.000416265472838 -0.000214907318286 0.17870624588
-0.000362122665019 -0.000240701514387 0.178957488261
-0.000305822879666 -0.000259963693152 0.17920872676
-0.000251716808044 -0.000272248401366 0.179459969116
-0.000199507799875 -0.000276374165068 0.179711211497
-0.000145029444224 -0.000269512479285 0.179963074972
-8.73480387449e-05 -0.000249373966019 0.180214942305
-3.29947553668e-05 -0.000217176322 0.180468059589
7.36921680263e-06 -0.000177526509948 0.180720559589
2.70073248478e-05 -0.000134205878309 0.180973067304
2.97549322379e-05 -8.57242616451e-05 0.181225578853
2.56303144132e-05 -2.82999451786e-05 0.181478703829
1.82810262599e-05 3.64226610325e-05 0.181732453756
1.0878837325e-06 0.0001010345389 0.181986203684
-3.2037654072e-05 0.000159321079301 0.182239332493
-7.74790249379e-05 0.000208841568017 0.182492461303
-0.000129314768939 0.000247784635448 0.182744965136
-0.000188153469499 0.000273793466385 0.182996847852
-0.000252551115628 0.000285940580259 0.183248101733
-0.000313183262618 0.000285668965434 0.183498734473
-0.000365134888846 0.000274941192074 0.183749367212
-0.000412170746804 0.000254481560483 0.183999992236
-0.000454975511686 0.000225652907084 0.184249996118
-0.000487174136981 0.000192425143196 0.1845