1480
-0.000378571906291 -0.000517220528943 -0.185
-0.0003341712713 -0.000528660094563 -0.18475
-0.000290409419083 -0.000544327736293 -0.1845
-0.000246958883496 -0.000561339744687 -0.18425
-0.000200895778087 -0.000573773255599 -0.184
-0.000151169879755 -0.000579532670741 -0.183750003882
-0.000100238882876 -0.000580655710728 -0.183500003882
-5.20315124438e-05 -0.000580680178403 -0.183250003882
-7.64734833449e-06 -0.000579861523096 -0.183000003906
3.6737618129e-05 -0.000571579704707 -0.182750003906
8.39271110292e-05 -0.000548427667424 -0.182500007788
0.00013082668487 -0.000510327484665 -0.182250007788
0.000171099377589 -0.000463943567354 -0.182000003931
0.000199247479863 -0.000418058829086 -0.181750003955
0.000214045242964 -0.000374645349149 -0.181500000097
0.000218400736972 -0.000323494463386 -0.181249992381
0.000213908162048 -0.000254756284632 -0.180999988523
0.000198533914624 -0.000172404157027 -0.180749980808
0.000169924550814 -8.8778766924e-05 -0.180499973092
0.000127742381805 -1.44071918915e-05 -0.18024996921
7.21206840317e-05 4.19679872775e-05 -0.179999965352
3.17147214731e-06 7.4564506239e-05 -0.179749961494
-7.50886951169e-05 8.68292755618e-05 -0.179499953778
-0.000153652282346 8.80692056827e-05 -0.179249953778
-0.000224269064795 8.39938136938e-05 -0.179000571014
-0.000283913243991 7.42490512214e-05 -0.178750574872
-0.000335371502541 5.31033098394e-05 -0.178500574848
-0.000383427375168 1.28781176158e-05 -0.178250574824
-0.000427106256285 -4.60277063474e-05 -0.1780011998
-0.000459624240056 -0.000112351421635 -0.177751203634
-0.000476796984545 -0.000175324942245 -0.177501207492
-0.000480639850307 -0.00023368425521 -0.177251832444
-0.000475221100801 -0.000292188850048 -0.177001836301
-0.00046294530049 -0.000354037632908 -0.176751840135
-0.000444601363189 -0.000418180816436 -0.176502461253
-0.000420053777934 -0.000477816376872 -0.176252465087
-0.000389229779331 -0.00052418465399 -0.176003086205
-0.000353729981401 -0.000557381445923 -0.175753090063
-0.000316067974871 -0.000584812754745 -0.175503090063
-0.000277632942981 -0.000609727805591 -0.175253090087
-0.000238338334468 -0.000631135305625 -0.175003090111
-0.000198237451137 -0.00064937271059 -0.174753090111
-0.000157786698352 -0.000665688444861 -0.174503090135
-0.000115514659493 -0.000677278264875 -0.174253090135
-6.65277872932e-05 -0.00067525339362 -0.174003090159
-8.18644390847e-06 -0.000653037624472 -0.173753090159
5.34479232686e-05 -0.000616868692201 -0.173503090183
0.000108849599937 -0.000580110401194 -0.173253090183
0.000154939365896 -0.000546882831809 -0.173002469089
0.000194321324084 -0.000509377427067 -0.172752469089
0.000227831941844 -0.000460835601306 -0.172502465231
0.000253241329164 -0.000401000893333 -0.172251844113
0.000267870381171 -0.000332220528042 -0.172001844113
0.000269298278191 -0.000259738621534 -0.171751219161
0.000255754030009 -0.000191620669247 -0.171501219161
0.000226899087698 -0.000133043622411 -0.171250598043
0.000183753790118 -8.28807695935e-05 -0.171000598043
0.000128082852655 -3.94958456973e-05 -0.170750594185
6.17014564668e-05 -6.42452007641e-06 -0.170500594161
-1.24239921281e-05 1.4272485939e-05 -0.170250594161
-8.89437749781e-05 2.54660328635e-05 -0.170000590303
-0.000163864847452 2.49486829318e-05 -0.169750590303
-0.000236475884588 5.9963165354e-06 -0.169500590303
-0.00030353747891 -2.94982826391e-05 -0.169250590303
-0.00036030218558 -7.50126200184e-05 -0.169000590279
-0.000406341316516 -0.000131431817603 -0.168751211398
-0.000441467240912 -0.00019897678701 -0.168501211398
-0.000462536899759 -0.000268708697363 -0.168251211398
-0.000468246638603 -0.000331530490509 -0.168001832516
-0.000460746102283 -0.000384818803912 -0.167751832516
-0.00044322958339 -0.000429853345166 -0.167501828658
-0.000418543978878 -0.000469977111286 -0.167251828658
-0.000388724300725 -0.000509136108425 -0.167001828658
-0.000354666933344 -0.000546171777005 -0.166751828658
-0.000316808858015 -0.000574843328763 -0.166501828658
-0.000276047351334 -0.000595533470969 -0.166251832516
-0.000233943544312 -0.00061731575452 -0.166002453634
-0.000192152467008 -0.000643604032037 -0.165752453634
-0.000150668375371 -0.00066720437944 -0.165502453634
-0.000108169940325 -0.000682276495752 -0.165252453609
-6.46422155411e-05 -0.0006911376264 -0.165002453609
-2.05339827001e-05 -0.000695754654998 -0.164752453609
2.474403967e-05 -0.000694246021789 -0.164502453609
6.98692228929e-05 -0.000688700692326 -0.164252453585
0.000113526943157 -0.000680405009702 -0.164002453585
0.00015764987952 -0.000660177747776 -0.163751832467
0.0002021498993 -0.000620188120032 -0.163501832443
0.000242564172507 -0.000564115162379 -0.163251836301
0.000274314585318 -0.000499472667032 -0.163001836301
0.000294417057436 -0.00043295114361 -0.162751836301
0.000301519305919 -0.000367163698102 -0.162501836301
0.000295157263421 -0.000296116078105 -0.162251840159
0.000274587006543 -0.000214023655421 -0.162001840159
0.000239693827312 -0.000128878165621 -0.161751222899
0.000191957752806 -5.73888686871e-05 -0.161501222899
0.000133384475112 -8.39670490909e-06 -0.161251222899
6.60612125486e-05 2.02428937654e-05 -0.161001226757
-7.17839582201e-06 3.2597789988e-05 -0.160750605639
-8.25466892574e-05 3.1190956105e-05 -0.160500605639
-0.000155417430806 1.91008924042e-05 -0.160250605639
-0.000221599406602 -1.85027328825e-06 -0.159999984521
-0.000279067721355 -3.35438966839e-05 -0.159749984545
-0.000327394228391 -7.89732932968e-05 -0.159499980687
-0.000365701935158 -0.000137812586984 -0.159249359569
-0.00039207628272 -0.000204728834408 -0.158999355711
-0.000405232425073 -0.000273608075832 -0.158749355711
-0.000405655317083 -0.000342125227621 -0.158498730735
-0.000394580274109 -0.000409879241538 -0.158248726902
-0.000373385228707 -0.000476745910827 -0.157998723044
-0.000343449349762 -0.000541255815529 -0.157748723044
-0.000306659889127 -0.000597702559554 -0.157498723044
-0.000265604991768 -0.000641147048182 -0.157248719186
-0.000222630914429 -0.000671820427774 -0.156998719186
-0.000179085776866 -0.000692913805195 -0.156748719186
-0.00013565042207 -0.000708355206545 -0.156498715328
-9.26456563239e-05 -0.000719201631133 -0.156248715328
-4.96682608478e-05 -0.000722420276536 -0.155998715328
-5.20366903932e-06 -0.000714505025438 -0.155748715328
4.21907357571e-05 -0.000694571895345 -0.155498715328
9.18621721368e-05 -0.00066713525164 -0.155249336446
0.000141225056811 -0.000638510740575 -0.154999336446
0.000188525597897 -0.000609196417554 -0.154749336446
0.000233137775525 -0.000575457313169 -0.154499336446
0.000274312629737 -0.000532915959049 -0.154249957564
0.000310446423526 -0.000478320814216 -0.153999957564
0.000338698565352 -0.000416241916228 -0.153749957564
0.000356872370009 -0.000357962743485 -0.153499957564
0.000364708516577 -0.000309149363509 -0.153250578705
0.000361904423509 -0.000262921163286 -0.153000578705
0.000346456689748 -0.000209041126309 -0.152750582563
0.000316803646634 -0.000148915732449 -0.152500582563
0.000273705682395 -9.37505001495e-05 -0.152250586421
0.000218743253906 -5.03904533555e-05 -0.152000590279
0.000153367961201 -1.78123188794e-05 -0.151750590279
8.02323313193e-05 5.56623578713e-06 -0.151500594137
3.37840136898e-06 1.69318157981e-05 -0.151250594137
-7.31549760831e-05 1.16036732958e-05 -0.151000597995
-0.00014594731193 -1.17102278763e-05 -0.150750597995
-0.000211638805738 -5.02157116299e-05 -0.150499976877
-0.000267428177875 -0.000101890636055 -0.150249980735
-0.000311330162962 -0.000165534272022 -0.149999980735
-0.000341295835839 -0.000233847331334 -0.149750601853
-0.000356131917332 -0.000294854813524 -0.149500601829
-0.000357252378533 -0.000341881495692 -0.149250601829
-0.000347698609419 -0.000380073334318 -0.149000601805
-0.000329277712886 -0.000422142693412 -0.148750601781
-0.000301911242016 -0.000473483607945 -0.148500601781
-0.000266111563462 -0.000528042809784 -0.148250601757
-0.000223844611049 -0.000578688329758 -0.148001222851
-0.000177631101979 -0.000621376586376 -0.147751222851
-0.000130170960825 -0.000652859740334 -0.147501222827
-8.34945260231e-05 -0.000671486814571 -0.147251218969
-3.77817526434e-05 -0.000680608770838 -0.147001218969
7.90382944697e-06 -0.000687976231678 -0.146751840087
5.32375304954e-05 -0.000696480544205 -0.146501840087
9.74298063866e-05 -0.000698934542774 -0.146251840087
0.000141268140994 -0.000688508590949 -0.146001840111
0.00018542443864 -0.000670258917279 -0.145751840111
0.000228794640769 -0.000654557275634 -0.145501840135
0.000270587905581 -0.000640809739601 -0.145251840159
0.000310866431731 -0.000616083213489 -0.145001840159
0.000348179039885 -0.000572445898414 -0.144751219065
0.000379526373201 -0.000514961479396 -0.144501219089
0.00040224990201 -0.000448831594495 -0.144251215255
0.000414124148718 -0.000376194678964 -0.144000594137
0.000414171542656 -0.000304196591768 -0.143750594161
0.000402033847704 -0.000236708382504 -0.143499973043
0.00037586398601 -0.000168687106533 -0.143249973067
0.000334822459754 -9.99418482109e-05 -0.142999348091
0.0002815050011 -3.92171022866e-05 -0.142749348091
0.000219221060225 6.83026689342e-06 -0.142499348091
0.000150624853206 3.57730422478e-05 -0.142249348115
7.85028296909e-05 4.51481460231e-05 -0.141998726997
5.03746551064e-06 3.59493203099e-05 -0.14174872314
-6.74737617365e-05 1.41972096264e-05 -0.141499344258
-0.00013523051217 -1.83280376847e-05 -0.141249344258
-0.000194668691725 -6.60082462987e-05 -0.140999344258
-0.000243385711099 -0.000127805115531 -0.140749344257
-0.000279408751551 -0.000197446946195 -0.140499344257
-0.000301378837802 -0.000273922175346 -0.140249348115
-0.000308494051692 -0.00035696242852 -0.139999348115
-0.000300946488328 -0.000439755488717 -0.139749348091
-0.00028049213186 -0.000514014830542 -0.139498730831
-0.000250498720991 -0.000572751119082 -0.139248730807
-0.000215242442649 -0.000611417579132 -0.138998734665
-0.000176847455732 -0.000635621052446 -0.138748734641
-0.000134129722222 -0.000657080115095 -0.138498734641
-8.76685595104e-05 -0.000677461929586 -0.138248117357
-4.05234885476e-05 -0.000691330664676 -0.137998117357
6.01580861632e-06 -0.000698474581247 -0.137748117333
5.13033581541e-05 -0.000699230354788 -0.137497496215
9.4242993035e-05 -0.000690649015088 -0.137247500073
0.000136002400321 -0.000674684202256 -0.136997500073
0.000178362895981 -0.0006581995863 -0.136747500073
0.000220647661926 -0.000640787589202 -0.136497500072
0.000261475400624 -0.000614404634777 -0.136247500072
0.000300541520731 -0.000579544879912 -0.135997500072
0.000337719816103 -0.000547170486071 -0.135747500072
0.000372401422282 -0.000519904910162 -0.135497500072
0.000402792211977 -0.000486176379003 -0.13524750393
0.000425723168004 -0.000435817063853 -0.13499750393
0.000438626251523 -0.000371827519128 -0.134747500072
0.000441451871636 -0.000306205904798 -0.13449812119
0.000435694342783 -0.000248902160131 -0.13424812119
0.000421182909378 -0.000200587410343 -0.133998121191
0.000393468541395 -0.000151911535389 -0.133748738475
0.00034733669169 -9.49071535618e-05 -0.133498738475
0.000284903148417 -3.70558017849e-05 -0.133249355735
0.000213637375319 7.16834540187e-06 -0.132999355735
0.00013826641106 3.22092636876e-05 -0.132749972995
6.13525037071e-05 3.83371947453e-05 -0.132499969137
-1.40941450065e-05 2.56291516379e-05 -0.13224996528
-8.5686810194e-05 -2.37787360409e-06 -0.13199996528
-0.000150695820388 -4.03991475287e-05 -0.131749961422
-0.000205315043166 -8.91328981633e-05 -0.131499961422
-0.000246822257369 -0.00014968068621 -0.131249340304
-0.000274991490395 -0.000211868212702 -0.130999340304
-0.000290959104779 -0.000264134113957 -0.130749340304
-0.000294773635836 -0.000311325369667 -0.130498719186
-0.000284474665031 -0.000366947437251 -0.130248719186
-0.000259151534842 -0.000432746834711 -0.129998098068
-0.000221652689457 -0.000497480429688 -0.129748098068
-0.00017630880511 -0.000551929992373 -0.129498101926
-0.00012579646313 -0.000595242697376 -0.129247480808
-7.2498858388e-05 -0.000627734216119 -0.128997484666
-1.97182925708e-05 -0.00064785559931 -0.128747488524
3.07954742316e-05 -0.000656755496455 -0.128497488524
7.95242932538e-05 -0.000658505088598 -0.128247492382
0.000127488242982 -0.000657105510027 -0.127997492382
0.000174394259006 -0.000653658191631 -0.127747496239
0.000218366793074 -0.000644773123163 -0.127497496239
0.000258777296744 -0.000627286468576 -0.127247496239
0.000297113567585 -0.000602677776489 -0.126998121215
0.00033407861731 -0.00057221653981 -0.126748121215
0.000368936060289 -0.000534079212923 -0.126498121215
0.00040077675811 -0.000488712428415 -0.126248121215
0.000428939608923 -0.000439818558222 -0.125998125096
0.000452317983417 -0.00038918687245 -0.125748746214
0.000468730517218 -0.000334463246066 -0.125498746214
0.000474788868229 -0.000271663187946 -0.125248750072
0.000467190913328 -0.00019967205755 -0.12499937119
0.000445295688586 -0.000124091449682 -0.12474937119
0.000412383123441 -5.56830740578e-05 -0.124499371214
0.000372321360972 -2.1684747384e-06 -0.124249992332
0.000324504240926 3.81834936532e-05 -0.123999992332
0.000266309163509 6.98442429727e-05 -0.123749992332
0.000199947081599 8.99744040035e-05 -0.123499992332
0.000129813296826 9.37161772279e-05 -0.123249988474
5.70000901561e-05 8.32702547275e-05 -0.122999988474
-1.70404354359e-05 6.31934663615e-05 -0.122749988474
-8.7155539519e-05 3.31196778528e-05 -0.122500605735
-0.000147625373308 -1.03849581325e-05 -0.122250605735
-0.000194673028509 -6.95170844247e-05 -0.122000601877
-0.000226147570156 -0.000143978337598 -0.121750601877
-0.000241517448196 -0.000228343450639 -0.121499980759
-0.000242792950368 -0.000309764128457 -0.121249980759
-0.000232839427678 -0.000378177027938 -0.120999980759
-0.00021180713886 -0.000436846484543 -0.120749980759
-0.000178524534006 -0.000492488887957 -0.120499980759
-0.000134049666759 -0.000544923636033 -0.120249980759
-8.24365871422e-05 -0.000588804659448 -0.119999980759
-3.03583424896e-05 -0.000616757662101 -0.119749359641
1.70375423738e-05 -0.000626323387163 -0.119499359642
6.04031494378e-05 -0.000623247187595 -0.119249359618
0.000103136536347 -0.000614841527401 -0.118999359618
0.000147291213089 -0.000605064011833 -0.118749359618
0.000192253290554 -0.000594075491645 -0.118499359618
0.00023556631323 -0.000579254985828 -0.118249359618
0.000276590355802 -0.000559983380165 -0.117999359618
0.000317502639202 -0.000540818299449 -0.117749363452
0.000358420743247 -0.000523690848558 -0.117499363452
0.000396249413822 -0.000502160593143 -0.117249363428
0.000429793807775 -0.000472325635997 -0.116999363428
0.000460127947422 -0.00043760958494 -0.116749363427
0.000485510343728 -0.000395667397028 -0.116499363403
0.000501517383204 -0.000339793863203 -0.116249367261
0.000507035779993 -0.000274183308218 -0.115999367261
0.000504685931748 -0.000209974212646 -0.115749367261
0.00049565449271 -0.0001520927471 -0.115499367261
0.000477399261574 -9.81561370581e-05 -0.115249371119
0.000444562280163 -4.30868980083e-05 -0.114999371119
0.000394898057325 1.24040864339e-05 -0.114749374977
0.000332820466672 6.02900983876e-05 -0.114499374977
0.000261346915482 9.68252177247e-05 -0.114249375
0.000182455929583 0.000121318676906 -0.113999375
0.000103343595751 0.000128192475702 -0.113749378858
2.8605310817e-05 0.000115519856556 -0.113499378858
-4.25783352584e-05 8.92477681714e-05 -0.113249378882
-0.000108194168891 5.33576616222e-05 -0.112999378882
-0.000163108579881 6.62622765588e-06 -0.112749378906
-0.000203444271982 -5.24418005427e-05 -0.112499375048
-0.000227525008669 -0.000122753754779 -0.112249375048
-0.00023539255747 -0.000199907034795 -0.111998753954
-0.000227991014846 -0.000278175542765 -0.111748750096
-0.000206504024018 -0.000353037290872 -0.11149875012
-0.000172296587528 -0.000421763262904 -0.111248746263
-0.000126887566605 -0.00048293010567 -0.110998746263
-7.29294207034e-05 -0.000534398960887 -0.110748125169
-1.43476930696e-05 -0.000573518525844 -0.110498125169
4.48179229114e-05 -0.000598878996763 -0.110248121311
0.000101002908398 -0.000610390815772 -0.109998121311
0.000152942396908 -0.000610482251058 -0.109748121287
0.000201183033117 -0.000602588529323 -0.109498121287
0.000246143895132 -0.000588946278858 -0.109248742381
0.000289541581009 -0.000572461868707 -0.108998742381
0.000331998877252 -0.000554720593459 -0.108748742357
0.000369330006743 -0.000531083838089 -0.108498742333
0.000398939573979 -0.000496371950466 -0.108248742333
0.000425036519449 -0.000454437945007 -0.107998742309
0.000451458817953 -0.000411899247542 -0.107748742309
0.000476028459502 -0.000367206580408 -0.107498742285
0.000495135890071 -0.00031597500904 -0.107249363403
0.000508036246206 -0.00025972824796 -0.106999363403
0.000514795499131 -0.000201826816719 -0.106749363403
0.000513014344349 -0.000141467866987 -0.106499363403
0.000500043730537 -7.81393824209e-05 -0.106249363403
0.000477612418012 -1.7620153188e-05 -0.105999363403
0.000449061098298 3.40002130152e-05 -0.105749363427
0.00041362223625 7.66902129634e-05 -0.105499363427
0.000369489800735 0.000111167201806 -0.105249363427
0.00031759029236 0.000135289111886 -0.104999363451
0.000258404703347 0.00014786858892 -0.104749363451
0.000192282978822 0.000148611084743 -0.104498742357
0.000121729088937 0.000136678293079 -0.104248746215
4.90458309198e-05 0.000113285092631 -0.103998746215
-2.11836601479e-05 7.92176793594e-05 -0.103748746215
-8.05428797636e-05 3.11287859393e-05 -0.103498746239
-0.000123937579051 -3.2350938938e-05 -0.103248750097
-0.00015170032757 -0.000106074222115 -0.102998128979
-0.000164484803136 -0.000183905984024 -0.102748128979
-0.000162415255927 -0.000261239729693 -0.102498129003
-0.000147934132983 -0.000331713409915 -0.10224875012
-0.000125085730353 -0.00038920172219 -0.10199875012
-9.61735163021e-05 -0.000432787403042 -0.10174875012
-6.03466611461e-05 -0.00046662532129 -0.101498746263
-1.42447394368e-05 -0.000496752473299 -0.101248746239
4.44588597498e-05 -0.000526191186718 -0.100998746238
0.000111159498768 -0.000550703020088 -0.100749367356
0.00017560663245 -0.000562865181509 -0.100499363475
0.000230132441979 -0.000559623384444 -0.100249363475
0.000274277331995 -0.000543748372249 -0.0999993634746
0.000313283569431 -0.000521015635237 -0.0997499845688
0.000352762556525 -0.00049654868241 -0.0994999845688
0.000393933268062 -0.000472253610089 -0.0992499845688
0.000434483629423 -0.000447363798808 -0.0989999845689
0.000472812407065 -0.000421227111253 -0.0987499845689
0.000509547579385 -0.00039498808143 -0.098500605687
0.000543617970932 -0.00036740880673 -0.0982506018292
0.000570490048108 -0.000331994169965 -0.0980006018292
0.000588441179259 -0.000286270379304 -0.0977506018292
0.000599959260291 -0.000235185323019 -0.0975006056873
0.000604563420373 -0.000180588580161 -0.0972506057112
0.00059988258546 -0.00012247394137 -0.0970006057112
0.000586784591206 -6.4919372782e-05 -0.0967506057112
0.000564287860834 -9.61637671453e-06 -0.0965006057112
0.000525557747606 4.6837591949e-05 -0.0962506057112
0.000465483224102 0.000104816690268 -0.0960006018533
0.000390507283321 0.000155915376312 -0.0957506018533
0.000314975895142 0.000189000268414 -0.0954999807353
0.000246217048713 0.000200308048699 -0.0952499807353
0.000180107134378 0.000193926115049 -0.0949999807353
0.000111118101833 0.000175060328338 -0.0947499807353
3.99368120203e-05 0.000146357015319 -0.0944993596173
-2.69090950231e-05 0.000107715532165 -0.0942493596173
-7.9937074799e-05 5.59972001936e-05 -0.0939987384992
-0.000111587301371 -1.27062202934e-05 -0.0937487346413
-0.000121342065246 -9.64225400627e-05 -0.0934987346413
-0.000114760954193 -0.000185036736786 -0.0932481135233
-9.80564930399e-05 -0.000266687849225 -0.0929981135233
-7.52584143155e-05 -0.000333948448877 -0.0927481174051
-4.6742419353e-05 -0.000386503350835 -0.092498117405
-8.41589578184e-06 -0.000430256747976 -0.092248117405
4.34855560281e-05 -0.000469876840544 -0.091998117405
0.000106346168136 -0.000503305597181 -0.0917481212628
0.000172642792299 -0.000525511010546 -0.0914981212628
0.000236831141843 -0.000534885082717 -0.0912481251206
0.000296352971941 -0.000532731072181 -0.0909981251206
0.000346294034713 -0.000518934813106 -0.0907481251445
0.000383671156578 -0.000494302243952 -0.0904981251445
0.000415486321505 -0.000464239495395 -0.0902481290024
0.000450893885816 -0.000434528041004 -0.0899981290024
0.000488949407442 -0.000405540838976 -0.0897481290022
0.000522245900154 -0.000373398488808 -0.0894981289783
0.000547396004271 -0.000335294622002 -0.0892487500963
0.000567014266303 -0.000292318307498 -0.0889987539542
0.000585559414161 -0.000248465906332 -0.0887487539543
0.000604160424505 -0.000205880759101 -0.0884987539543
0.000617768068094 -0.000160489274201 -0.0882487539304
0.000619593080783 -0.000106682314469 -0.0879993750485
0.000608805373932 -4.61705312507e-05 -0.0877493750485
0.000592958930248 1.1252190758e-05 -0.0874993750485
0.00058103393771 5.68188137279e-05 -0.0872493750487
0.000569747844873 9.3419429791e-05 -0.0869993750487
0.000543201659963 0.000131037137747 -0.0867493711908
0.000493405443335 0.00017080629566 -0.0864993711909
0.000427301707307 0.000204691007115 -0.0862493711909
0.000352095771468 0.000226898934914 -0.0859993673331
0.000273865196268 0.000234084461976 -0.0857493673331
0.000202201512448 0.000222471476287 -0.0854993634992
0.000139670326398 0.000192194101872 -0.0852493596413
8.08871022104e-05 0.000147953184736 -0.0849993596413
2.51397589641e-05 9.39610085519e-05 -0.0847487346652
-2.26145217337e-05 3.25971432281e-05 -0.0844987346892
-5.93836880957e-05 -3.25296578309e-05 -0.0842487308313
-8.43997659205e-05 -9.69401716784e-05 -0.0839987308313
-9.38974290544e-05 -0.00016025732032 -0.0837481097371
-8.32134602845e-05 -0.000224824874857 -0.0834981097371
-5.37498406348e-05 -0.000288261580711 -0.0832481097371
-1.08443500793e-05 -0.000345080389428 -0.0829981097611
4.10208470014e-05 -0.000391598968415 -0.0827481097611
9.74586969967e-05 -0.000425546483053 -0.0824981136188
0.000157089662934 -0.000447667725521 -0.0822481136428
0.000221025862615 -0.000460264752023 -0.0819981136428
0.000285330049967 -0.000462727877806 -0.0817481175007
0.000344925292742 -0.000454701137362 -0.0814981175005
0.000402316950395 -0.000439574513909 -0.0812481213584
0.000460082699929 -0.000420228147425 -0.0809981213344
0.000511604535875 -0.000395858579236 -0.0807481213344
0.000551483391559 -0.000365983436481 -0.0804987462863
0.000584087462494 -0.000333117017689 -0.0802487462863
0.000612503343718 -0.00029876685321 -0.0799987462624
0.000633533733365 -0.00026084286744 -0.0797487462384
0.000646561622989 -0.000217807470355 -0.0794987462384
0.000655291337834 -0.000171283377652 -0.0792487462145
0.000663128148536 -0.000124122998615 -0.0789987461905
0.00067110016589 -7.81906935992e-05 -0.0787487461905
0.000674401138204 -3.09738093629e-05 -0.0784987461905
0.000662126359161 2.37843543716e-05 -0.0782487461667
0.000627082703779 8.75489047311e-05 -0.0779987461667
0.000573929495054 0.00015275996462 -0.0777487461667
0.000515453168135 0.000208774587793 -0.0774987461667
0.000462107045162 0.000249480634177 -0.0772487461668
0.000413148442013 0.000275836440373 -0.076998742309
0.000358546653345 0.000291763173042 -0.076748742309
0.000292504373739 0.000298033945356 -0.0764981211911
0.000220164245936 0.000291942883113 -0.0762481173332
0.000151160245021 0.000270794039632 -0.0759981173572
9.30115946239e-05 0.000233468987182 -0.0757481173573
4.69601742442e-05 0.000181099160388 -0.0754981173573
1.05653516184e-05 0.000116864263501 -0.0752481134995
-1.47358623836e-05 4.37748516977e-05 -0.0749981134995
-2.70185504221e-05 -3.4620326833e-05 -0.0747481135234
-2.79225633226e-05 -0.000112623340062 -0.0744981135234
-1.55570484517e-05 -0.000187087278328 -0.0742481135474
1.47366529137e-05 -0.000258105549539 -0.0739981135475
6.22493138993e-05 -0.000323342610606 -0.0737481135475
0.000122375996158 -0.000378701796698 -0.0734981135715
0.000187642255026 -0.000419692103311 -0.0732481174294
0.000246114414583 -0.00044162300184 -0.0729981174533
0.000291508072402 -0.000445131718032 -0.0727481174773
0.000331256958868 -0.000437256949179 -0.0724981213352
0.000376016642352 -0.000423970454915 -0.0722487424532
0.000427042679971 -0.00040623135783 -0.0719987424771
0.000477218908575 -0.000382780820376 -0.0717487424771
0.000519306695122 -0.000353317944716 -0.0714987424771
0.000551761401431 -0.00031901646223 -0.0712487463349
0.000577971449102 -0.00028156093985 -0.0709981251929
0.000601444703412 -0.00024228759403 -0.0707481251929
0.000622479362627 -0.000201749820068 -0.0704981251927
0.000639850160979 -0.000159888119387 -0.0702481251688
0.000653873527265 -0.000116970693603 -0.0699981251686
0.000664428714734 -7.31080614539e-05 -0.0697481251445
0.000669314149595 -2.7407088503e-05 -0.0694981212866
0.000668644463636 1.96358351235e-05 -0.0692481212625
0.00066538543189 6.56054816448e-05 -0.0689981212625
0.000657250832742 0.000110766652753 -0.0687475001445
0.000635659576367 0.000157797318893 -0.0684975001206
0.000598018822904 0.000205108270884 -0.0682475001206
0.000552152822037 0.000246753480667 -0.0679974962627
0.000505227922341 0.000278635423765 -0.0677474962627
0.000456761145415 0.000299942629898 -0.0674974962627
0.000402529565994 0.000310403247883 -0.0672474962628
0.000339701977979 0.000308914197048 -0.0669974962628
0.000268200956324 0.000294148844664 -0.0667474924051
0.000189829785864 0.0002656732339 -0.0664974924051
0.000110337490013 0.000224221461426 -0.0662474924051
4.23798781057e-05 0.000170787616659 -0.0659981096654
-1.98901750548e-06 0.00010599163736 -0.0657481096894
-2.32973849424e-05 3.22092089237e-05 -0.0654981096894
-3.21261507268e-05 -4.42052785276e-05 -0.0652481096895
-3.49521698307e-05 -0.00011629218239 -0.0649987308075
-2.65412831183e-05 -0.000182357108679 -0.0647487308075
1.90649823695e-06 -0.000244377869988 -0.0644987308075
4.89323604526e-05 -0.000300497141749 -0.0642487308075
0.000105080990752 -0.000345620344249 -0.0639987308075
0.000167744445341 -0.00037858707491 -0.0637487308075
0.000241618774625 -0.000401314635599 -0.0634987308075
0.000325598558047 -0.000413301002841 -0.0632487308075
0.000406181872098 -0.000411601579381 -0.0629981096895
0.000466337805883 -0.000395412319823 -0.0627481096894
0.000504367211681 -0.000368755791789 -0.0624980471918
0.000535590579741 -0.000336773500247 -0.0622479229586
0.000571958834332 -0.000301870252304 -0.0619977362373
0.000612655107813 -0.000264828060113 -0.0617476116279
0.000650898191327 -0.000226500353366 -0.0614974249066
0.000679027920102 -0.000187392218596 -0.0612473006854
0.000692523495063 -0.000146816910848 -0.0609971764665
0.000694563705205 -0.000103873993019 -0.0607471143595
0.00069125813786 -5.86825483508e-05 -0.0604969901406
0.000682175126025 -1.08197698094e-05 -0.0602469276478
0.000664382827866 4.03673517175e-05 -0.0599968655408
0.000640797034157 9.2706506426e-05 -0.059746803048
0.000614586209802 0.000143357056869 -0.059496740941
0.000585277431923 0.000190932426976 -0.0592466784459
0.00055388232082 0.000233786727516 -0.0589966784484
0.000518303014334 0.000271354259076 -0.0587466163391
0.000471700679521 0.000303689227685 -0.0584966784534
0.000415317784972 0.000328269631331 -0.0582466788392
0.000357718066099 0.000342033841481 -0.0579967413369
0.000301424076158 0.000343788360736 -0.0577468038321
0.000242481070162 0.000332888961568 -0.057496928825
0.000178306884743 0.000308415278847 -0.0572470538178
0.000113790758676 0.00027006115817 -0.0569971791988
6.02358665091e-05 0.000218698559275 -0.0567472424656
2.35955495254e-05 0.000155874641888 -0.0564973678442
-1.0813196667e-06 8.42025341759e-05 -0.0562474939919
-1.81898466185e-05 8.08294502349e-06 -0.0559976193705
-2.35106620703e-05 -6.82970367098e-05 -0.055747744749
-1.25200754455e-05 -0.000141927066137 -0.0554978697418
1.32043570099e-05 -0.00020950886108 -0.0552479330061
5.05819380483e-05 -0.00026796329106 -0.0549980576131
9.80228867266e-05 -0.000315470189476 -0.0547481822177
0.000153864697194 -0.000351038671013 -0.0544982443271
0.000213942059881 -0.000373758471955 -0.0542483681624
0.000272097932104 -0.000383183347165 -0.0539984295002
0.000326428640581 -0.000380623965302 -0.0537484908404
0.000380244055862 -0.000368161169929 -0.0534985514114
0.000436799725804 -0.000347148163544 -0.0532486123682
0.000496765435601 -0.000318313273044 -0.0529987358226
0.000553912900875 -0.000282725406591 -0.0527487967841
0.000596628026264 -0.000242764071956 -0.0524988577433
0.000621520705818 -0.000200833781665 -0.0522488565931
0.000637413306768 -0.000157659041935 -0.0519988562144
0.000654103190275 -0.000113427889282 -0.05174885545
0.000674080770943 -6.91932162606e-05 -0.0514988554571
0.000692409761474 -2.59730625935e-05 -0.0512488550761
0.000702089462971 1.68492435533e-05 -0.0509988546927
0.000703331226408 6.02197429826e-05 -0.0507487925833
0.000702632674515 0.000103403225097 -0.0504987308573
0.000699000059148 0.000146411357199 -0.0502486687455
0.00068216195892 0.000190996634876 -0.0499985449053
0.00064703211809 0.000236694576237 -0.0497483585651
0.000598141449699 0.000280050529501 -0.0494981108872
0.000539968974373 0.000317684952839 -0.0492478007092
0.000475538105305 0.000346951297165 -0.0489974909194
0.000411324409914 0.000365810969942 -0.0487471811272
0.000350529756745 0.000373361606839 -0.048496871335
0.000288606255073 0.000368626249012 -0.0482466236546
0.000220912057403 0.000349929770338 -0.0479963138648
0.000148778665812 0.000316336408364 -0.047746065801
8.13692566168e-05 0.000269209821361 -0.047495818123
2.96404252385e-05 0.00021151788348 -0.0472456938946
-4.21585755852e-06 0.000145513431612 -0.0469956317805
-2.35456980952e-05 7.32676354582e-05 -0.0467456313923
-2.76079164217e-05 -2.0716562323e-06 -0.0464956931159
-1.51952353571e-05 -7.71172463294e-05 -0.046245878294
1.04055392822e-05 -0.000148207431329 -0.0459960013578
4.77024177838e-05 -0.000211933869432 -0.0457461857643
9.7761833308e-05 -0.000266040381079 -0.0454963701707
0.000159205576963 -0.000308724138725 -0.045246554963
0.000232116479893 -0.000338874775388 -0.0449967393719
0.000315897562034 -0.000355548303038 -0.0447468616689
0.000400562206435 -0.000357663340446 -0.04449692224
0.000475664711716 -0.000346015124949 -0.044246983585
0.000541390367124 -0.000322932338656 -0.0439969207065
0.000599987864655 -0.00029063538381 -0.0437468582161
0.000645924641947 -0.000252122855506 -0.043496796109
0.000673693001862 -0.000211142236752 -0.0432466726642
0.000689877173232 -0.000169045945724 -0.042996549217
0.000704638300155 -0.000125128704944 -0.0427464261579
0.000716677351417 -8.05122445151e-05 -0.0424963030941
0.000718774794079 -3.71364552716e-05 -0.0422461800302
0.000710410120024 5.40348539111e-06 -0.0419961190758
0.000697886538853 4.86791803908e-05 -0.0417459963905
0.000686179730471 9.28841008176e-05 -0.0414959354337
0.000673438513296 0.000137194947826 -0.0412458748602
0.000655582111783 0.000181163619469 -0.0409958138985
0.000633938151769 0.000224149435733 -0.0407457533203
0.000611057736621 0.000265163872668 -0.0404956923562
0.000582207172524 0.000303583430252 -0.0402456935016
0.000540482074031 0.00033819548263 -0.0399957567587
0.000488369557273 0.000366730725752 -0.0397458204017
0.000434832311596 0.00038753038599 -0.0394958844328
0.000380801390282 0.00039937300815 -0.0392460109663
0.00031928619149 0.000399679105674 -0.0389961374998
0.000253021205307 0.000386667336536 -0.0387463261427
0.000195384148067 0.000361917661148 -0.0384964522905
0.000148637260667 0.000325768049836 -0.0382465780548
0.000100985576612 0.000274746592189 -0.0379967659334
4.93717012151e-05 0.000208667992649 -0.0377468909286
6.28367204588e-06 0.00013371068432 -0.037497015538
-1.62887852285e-05 5.62939020877e-05 -0.037247015538
-1.59152830068e-05 -2.0194967723e-05 -0.0369969526547
4.40227194211e-06 -9.34254290803e-05 -0.0367467651644
3.82304139018e-05 -0.000160733661598 -0.0364965144025
7.64486071724e-05 -0.000219002364253 -0.0362462632548
0.000116965201837 -0.000265555809802 -0.0359959488427
0.000167460377077 -0.000299164975673 -0.0357456344283
0.000229279086126 -0.000319305017786 -0.0354953200162
0.00029361171845 -0.000326001345783 -0.0352450056018
0.000358959920873 -0.000319666051403 -0.0349946915731
0.000431780006602 -0.000299782613078 -0.0347443162043
0.000506941564772 -0.000267013398555 -0.0344940650566
0.000567217513148 -0.00022618003008 -0.0342438142947
0.000606067597333 -0.00018229453916 -0.033993750254
0.000634590532021 -0.000135383029738 -0.0337437483227
0.000661942143243 -8.43264882955e-05 -0.033493747163
0.000683607322323 -3.22977105751e-05 -0.03324380927
0.000691752007948 1.62618291848e-05 -0.0329938713794
0.00068857459513 6.14740205984e-05 -0.032743995984
0.000684917481423 0.000106702904056 -0.032494120591
0.000683001850571 0.000151878545528 -0.0322443076955
0.000670683044519 0.000194396609528 -0.0319944326882
0.000641567115142 0.000234840314007 -0.0317446826809
0.000605345133508 0.000275153229056 -0.0314949322877
0.000571852246571 0.000315186989126 -0.0312451197852
0.000539580381745 0.000353487864031 -0.030995369011
0.000500167834244 0.000388189270013 -0.0307455565133
0.000447734394343 0.000416942298462 -0.0304958061273
0.000385782235424 0.000437794692532 -0.0302460561271
0.000322114500264 0.000449938138484 -0.0299963057388
0.000259065592612 0.000452359040567 -0.0297464936268
0.000196088210248 0.000443498597764 -0.0294966194007
0.000135591508363 0.000422723074489 -0.0292467451771
7.88721934956e-05 0.000389354663518 -0.0289968713392
2.45317873346e-05 0.000341934707191 -0.0287469353895
-2.39193764932e-05 0.000281847560377 -0.0284969994375
-5.8190512295e-05 0.000213917514906 -0.0282470017571
-7.41633423475e-05 0.000141907745853 -0.0279970036933
-7.22151821348e-05 6.80620706016e-05 -0.0277470044674
-5.3343074025e-05 -5.03657264302e-06 -0.0274970052439
-1.91885886438e-05 -7.43756228235e-05 -0.0272470052464
2.98891834615e-05 -0.00013632768411 -0.0269970665891
9.17371474959e-05 -0.00018788966994 -0.0267470654318
0.00015833602265 -0.000227362840774 -0.0264971263815
0.000226930800276 -0.000253038482591 -0.0262471248313
0.000301022712014 -0.000263360398822 -0.0259971850023
0.00037462703582 -0.00025903012538 -0.0257472451709
0.000439861755906 -0.0002423766988 -0.0254973053347
0.000498223031262 -0.000214633810345 -0.025247303389
0.000547292983489 -0.000178362605162 -0.0249973010576
0.000581119700243 -0.000138182123429 -0.0247472987238
0.000602717401424 -9.58570119558e-05 -0.024497234664
0.000618440879549 -5.06820866905e-05 -0.0242471706042
0.000630906422085 -2.66847295126e-06 -0.0239971073183
0.000639082304535 4.64784054024e-05 -0.0237470432657
0.00063937838415 9.36084850736e-05 -0.0234969799894
0.000631051326785 0.000137628784326 -0.0232468553776
0.000617921764104 0.000180347250136 -0.0229967311564
0.000604840631719 0.000223618589005 -0.0227466073257
0.000595811945614 0.000267921694069 -0.0224964827258
0.000589250175282 0.000311599908584 -0.0222464202449
0.000575507474185 0.000351971185545 -0.0219962956546
0.00054602202731 0.000387602704943 -0.0217461710666
0.000502764995029 0.000418624114535 -0.0214959851312
0.000456554303625 0.000446119980832 -0.02124579881
0.000415054103749 0.000470749791144 -0.0209956749865
0.000374001219415 0.00049047799085 -0.0207455515487
0.000326776432146 0.000501674095863 -0.0204953659967
0.000272556116604 0.000501537655409 -0.0202452429423
0.000209496248707 0.000486129486687 -0.0199951194974
0.000137588870703 0.000451864194009 -0.0197449960477
6.61544194693e-05 0.000400955905481 -0.0194949347098
5.90392220972e-06 0.000338953846027 -0.0192448729838
-3.84358431107e-05 0.000269735239354 -0.0189948737529
-6.56423688117e-05 0.00019586011285 -0.0187448745221
-7.61415282023e-05 0.000119437346506 -0.0184949370125
-7.14612964494e-05 4.26282680701e-05 -0.0182449373936
-5.23750767958e-05 -3.12579172872e-05 -0.0179949998864
-1.71602855598e-05 -9.76133352482e-05 -0.0177450623792
3.56091034079e-05 -0.000152695206356 -0.0174951869815
9.9704956168e-05 -0.000195854268338 -0.0172452490885
0.000163740323485 -0.000227836165421 -0.0169953115766
0.000225061860571 -0.000247479506016 -0.016745311567
0.000292777709171 -0.000251189824115 -0.0164953740551
0.000373663184202 -0.000235777822416 -0.0162454982668
0.000458921965104 -0.000203056205419 -0.0159955607549
0.000530138506913 -0.000160712417164 -0.0157456228547
0.00057997876231 -0.000114982529985 -0.0154956853356
0.000617287601534 -6.48821531576e-05 -0.0152458095449
0.00064954578871 -8.43180454123e-06 -0.0149958720282
0.000673535889706 5.04003035011e-05 -0.0147459345139
0.000684384468329 0.000105545098679 -0.0144959966186
0.000681535685164 0.000153808584736 -0.0142460591114
0.000667489419487 0.000195386232979 -0.0139961216091
0.000648513959839 0.000234475209943 -0.0137461841091
0.000631042891788 0.000275310974127 -0.0134962466116
0.000614321469873 0.000316652647931 -0.0132462470022
0.000593043388571 0.000355261012987 -0.0129963091236
0.000565002038113 0.000390648082024 -0.0127463716284
0.000529584301795 0.000422967991373 -0.0124963720238
0.000483405078843 0.000450605144165 -0.0122463724168
0.000426104665562 0.000472278515386 -0.0119963728145
0.00036627559066 0.000489349695685 -0.0117463114839
0.000311519112717 0.0005032267049 -0.011496249765
0.000259688513876 0.000511913563584 -0.0112462501579
0.000207699045379 0.000512665355623 -0.0109961259391
0.000155415683126 0.000503674240559 -0.0107460017226
0.000100922526822 0.000481496796522 -0.010495877118
4.61972152104e-05 0.000444793657167 -0.0102456903992
-7.27707067735e-07 0.000397523674164 -0.00999544195433
-3.53550362101e-05 0.000342545893123 -0.00974519311891
-5.78653274832e-05 0.000279630755684 -0.00949500562372
-6.61265857091e-05 0.000211275746682 -0.00924475563092
-5.67263394074e-05 0.000142077646384 -0.00899456736415
-3.08130189784e-05 7.37025806846e-05 -0.00874444120919
7.05746938894e-06 6.76340405304e-06 -0.00849431505422
5.46121022399e-05 -5.49181474948e-05 -0.00824425178265
0.000113106325793 -0.000105529847348 -0.00799425100626
0.000182849585426 -0.000141119043299 -0.00774437483927
0.000258771800875 -0.000161212227801 -0.00749449867228
0.000332779063107 -0.000167305130376 -0.00724474750046
0.00039987037669 -0.000160710555884 -0.00699493460264
0.000458050298311 -0.000142825882487 -0.0067451845882
0.000505120266475 -0.000116298528981 -0.00649543496193
0.000540419532513 -8.37333759233e-05 -0.0062456294729
0.000566765588002 -4.57138485959e-05 -0.00599581198683
0.000589137893097 -4.48621996017e-07 -0.00574600067456
0.00061000597244 5.31518515933e-05 -0.00549620163107
0.000624801230165 0.000110191984354 -0.00524638376186
0.000627855380558 0.000163308993982 -0.0049965096834
0.000621649367748 0.000212460361929 -0.00474659795207
0.000613363183987 0.000263081946464 -0.00449667356644
0.000605090061103 0.000315567470666 -0.00424675523673
0.000592212794642 0.000363931754156 -0.00399680561869
0.000571511433222 0.00040512405067 -0.00374681236665
0.000547490969658 0.000443198167858 -0.0034968127865
0.000526343314848 0.000482084266914 -0.00324681297418
0.000505820963425 0.000519784864342 -0.00299681269772
0.000476934998672 0.000551409508208 -0.00274678094101
0.000434929528346 0.00057449450315 -0.0024967117248
0.000385131819058 0.000590885862395 -0.00224661785797
0.000335405607197 0.000603401711986 -0.00199653024282
0.000282591177535 0.000608299588004 -0.00174643622527
0.000218137361156 0.000596759557085 -0.00149632357416
0.000147709572596 0.000568526747263 -0.00124620482712
8.39448887447e-05 0.000530569135868 -0.000996110770468
2.74823768005e-05 0.000481728933386 -0.000746040904117
-2.4574449987e-05 0.000417323458757 -0.00049599712983
-6.6869504602e-05 0.000341723662837 -0.000245982575627
-9.23619033411e-05 0.000263530279993 4.00239623262e-06
-9.82064699919e-05 0.000188116460128 0.000253966944764
-8.51787991548e-05 0.000117017365051 0.000503924293815
-5.62295777247e-05 4.99436555842e-05 0.000753882506703
-1.2863713159e-05 -1.07221203839e-05 0.00100385310736
4.53589104717e-05 -6.03424609217e-05 0.00125385449313
0.000114914107237 -9.76300386738e-05 0.00150389295189
0.000188452522066 -0.000123553311661 0.00175396856103
0.000263448256496 -0.000135856511606 0.00200408135986
0.000341641261178 -0.000130745652649 0.00225425002122
0.000419918471997 -0.000108502534883 0.00250447442768
0.000490137124202 -7.37722572748e-05 0.00275472981192
0.000545357227581 -3.23053165956e-05 0.00300498504209
0.000585208602865 1.32360375349e-05 0.00325522156155
0.000615833888167 6.54729108947e-05 0.00350546413716
0.000639974732849 0.000125084858205 0.00375572523081
0.000651691996233 0.000183496369453 0.00400594878901
0.00064580442874 0.000230537315377 0.00425609141159
0.000626833284693 0.000267172119 0.00450615298259
0.000603643007743 0.000302460953793 0.00475620194048
0.000579734245984 0.000340300054608 0.00500625074619
0.000553720121855 0.000378107356313 0.00525629947712
0.000524884676638 0.000414132106736 0.00550632953854
0.000494091173392 0.000448617662173 0.00575634085235
0.000461236958066 0.000480850156947 0.00600633970519
0.000424416210495 0.000508871036126 0.00625630765475
0.000382818011649 0.000532057116033 0.00650624439505
0.000339703636076 0.000552563351026 0.00675611902594
0.000298559575102 0.000572178212276 0.00700605576628
0.000255570684764 0.000587183635864 0.00725593039481
0.000201935400119 0.000589038156482 0.00750568040918
0.000137071265789 0.00057385764503 0.00775536792599
7.40496907469e-05 0.000549711800774 0.00800499332861
2.53650236181e-05 0.000527614583003 0.00825468122406
-1.15331424789e-05 0.000505250104011 0.00850443084553
-4.66024497014e-05 0.000469172862224 0.00875418046704
-8.30104658563e-05 0.00041057709589 0.00900374413893
-0.00011494551318 0.000333120522476 0.00925330819664
-0.000132135997304 0.000251032201372 0.00950293474952
-0.000128493270139 0.000175698229712 0.00975268591179
-0.00010791562624 0.000104086546569 0.0100024999574
-7.68493349752e-05 3.125582061e-05 0.0102523768841
-3.50926240254e-05 -3.58758778923e-05 0.0105023163107
2.12115332702e-05 -8.68031788174e-05 0.0107523803467
9.1501290653e-05 -0.000118333049095 0.0110025689896
0.000168327065763 -0.000134079067708 0.0112528818562
0.000240898481711 -0.000139688167574 0.0115031326086
0.000302219025006 -0.000138240389552 0.0117534450894
0.000354343347225 -0.000127113100071 0.0120036333441
0.000404711979713 -9.98510316219e-05 0.0122539454391
0.00045648572074 -5.29890882321e-05 0.0125042571483
0.000504449741841 9.08686522775e-06 0.0127545059741
0.000540469856446 7.67633220971e-05 0.0130047548022
0.000560097053833 0.000141373504143 0.0132549407494
0.000564934574731 0.000200150747886 0.013505064199
0.000560106877252 0.000256122865639 0.0137550634274
0.000548494132263 0.00031044853377 0.01400512477
0.000530601769718 0.000360744804562 0.0142550615031
0.000508140505969 0.000407046167833 0.0145049982411
0.00048229517302 0.000449110011096 0.0147549353649
0.000453108830774 0.000485562071624 0.0150048724911
0.000422831939821 0.000519350140301 0.0152547475079
0.00039376634416 0.000553133422682 0.0155046850222
0.000362565794345 0.000582751405984 0.0157545608106
0.000321449058618 0.000601044715603 0.0160044362108
0.000266093826176 0.00060497850278 0.0162543116086
0.000201476231425 0.000598655510779 0.0165041248947
0.000137691513805 0.00058949522811 0.0167539385617
7.94405714814e-05 0.000579941600041 0.017003751843
2.30215239642e-05 0.000563982774817 0.0172536276218
-3.53842842234e-05 0.000534042616211 0.0175035034007
-9.23755344714e-05 0.000490261593639 0.0177534412889
-0.000141586438273 0.00043811822883 0.0180033791747
-0.000180430494043 0.000379461584368 0.0182533791724
-0.000207790046174 0.000314610701026 0.0185034420533
-0.000220747830646 0.000248368001595 0.0187535670461
-0.00021744271234 0.000185114064549 0.0190036920389
-0.000198891316322 0.000123908563205 0.0192538174174
-0.000166662045328 6.3681774159e-05 0.0195040049078
-0.000121705169841 7.03483586597e-06 0.0197541923957
-6.51644373634e-05 -4.17356770092e-05 0.0200043798861
1.81587990766e-06 -7.7776420049e-05 0.0202545677599
7.82609317386e-05 -9.66175234163e-05 0.0205046310242
0.000161427331893 -9.67377432108e-05 0.0207546942886
0.000244465851003 -8.14897701524e-05 0.0210046950553
0.00031926349926 -5.60403622005e-05 0.0212546333269
0.000383398017097 -2.08846014949e-05 0.0215045715961
0.000437098584124 2.46326616672e-05 0.0217543852559
0.000475617086817 7.32768328383e-05 0.0220041985323
0.000496782293697 0.000118535898909 0.0222540121945
0.000507967008668 0.000167099569223 0.0225038250851
0.000514973803673 0.000226557262499 0.0227535762521
0.000514277710493 0.000289286522447 0.0230032649215
0.000501207569505 0.0003414397198 0.0232530153193
0.000477333183391 0.000380024551991 0.0235028282147
0.000448491689204 0.000414711153608 0.0237527032243
0.000419505530812 0.000455707320505 0.0240025165055
0.000390758520464 0.000501210101224 0.0242523297867
0.000358927117861 0.000540053750894 0.0245021434561
0.000321002153908 0.000565851767577 0.0247520192349
0.000277596557241 0.00058241841658 0.0250019567397
0.000233349810807 0.000598415421207 0.0252518946302
0.000193804887388 0.000620244390567 0.0255017704066
0.000158784449719 0.000645669829225 0.0257516461854
0.000120875918316 0.000664550481444 0.0260015844594
7.39204574111e-05 0.000668319658771 0.0262515844594
1.88211609853e-05 0.000655424482123 0.0265016469594
-3.73428525063e-05 0.000631762984528 0.0267517094571
-8.63855335555e-05 0.000606828357731 0.0270018344523
-0.000128931561856 0.000577616643154 0.0272519594499
-0.000171366919436 0.000526955631883 0.0275021465569
-0.000210800723897 0.000451867002449 0.0277523957757
-0.000236466611032 0.000372101927796 0.0280027067181
-0.000243258439256 0.000302033826882 0.0282528938252
-0.000234177389662 0.000234947154767 0.028503143044
-0.00021231134302 0.000162875451165 0.028753391877
-0.000176686748273 9.40891452068e-05 0.0290035782124
-0.000126566774364 3.82071813095e-05 0.0292537645454
-6.62672187162e-05 -8.30053462483e-06 0.0295038883832
-2.46994627026e-06 -5.00920439359e-05 0.0297540735589
6.20589454294e-05 -8.17276973919e-05 0.0300041966251
0.000128215914883 -9.49857215689e-05 0.0302543193032
0.000195540770241 -8.7425084717e-05 0.0305043798694
0.000261740349682 -6.01678539023e-05 0.0307545021617
0.000325260583445 -1.3116799947e-05 0.0310045619564
0.000383875818696 5.2835866126e-05 0.0312546842486
0.000431237592577 0.00012893069076 0.0315047448173
0.000460926328357 0.000202136264905 0.0317547432717
0.000474324058884 0.00027027038109 0.0320048042238
0.000476510524614 0.000339531981973 0.032254803838
0.000468664334848 0.000408284595917 0.0325047413404
0.000451302924014 0.000471645175092 0.0327546796144
0.000426910550842 0.000529949966538 0.0330046178883
0.000397296927333 0.000581346190704 0.0332544940505
0.000363210633185 0.000620165020006 0.0335043709867
0.000325157360851 0.000643360461755 0.0337543096488
0.000283609350504 0.000653934899951 0.0340041244732
0.000239821061902 0.00065997599767 0.0342540014094
0.000195147484076 0.000666836848787 0.0345038783455
0.000148614540137 0.000671514985384 0.0347536931699
9.8347714977e-05 0.000669687059696 0.0350035704918
4.55640542984e-05 0.000662855611199 0.0352533853162
-6.5754152465e-06 0.000654585832146 0.0355032001405
-5.70648351977e-05 0.000644129438274 0.0357530149648
-0.000107803951431 0.000625126591398 0.0360028919009
-0.000159446949799 0.000591935002293 0.036252707111
-0.000207770955085 0.000548098391567 0.0365025840471
-0.00024762553976 0.000501804329705 0.0367524613714
-0.000278017367637 0.00045293354906 0.0370024008075
-0.000299790540709 0.000393591597975 0.037252402353
-0.000311175059378 0.000322513540569 0.0375024042842
-0.0003085724159 0.000251199165372 0.0377524679439
-0.000290269498586 0.000190485962561 0.0380025929438
-0.000256902335099 0.000139711614067 0.0382527179414
-0.00020965635238 9.5234094955e-05 0.0385029046649
-0.000149908038792 5.79104486354e-05 0.0387531535003
-8.04358376068e-05 2.84729848568e-05 0.0390033390689
-6.17426312191e-06 5.35492354368e-06 0.0392535863612
6.78020381449e-05 -1.00097103035e-05 0.0395037711558
0.000139639981091 -1.01048806289e-05 0.0397539555647
0.000209567056292 1.21618058615e-05 0.0400040153666
0.000274298025212 5.34900591761e-05 0.0402540747779
0.000327019270303 0.0001019431236 0.0405040724656
0.000364550991967 0.00015066778237 0.0407540701509
0.000388486180062 0.000200926741635 0.0410040057244
0.000399713140782 0.000250808541466 0.0412539416813
0.000399186424927 0.000297141946462 0.0415038780264
0.000390097415958 0.000345374374875 0.0417538147549
0.000374256959593 0.000400513088284 0.0420036893692
0.00035115324525 0.000456453104454 0.0422535647551
0.000321094474272 0.000504620261037 0.0425035026386
0.000285841655873 0.00054439922112 0.0427533784079
0.000247186651145 0.000579919533742 0.043003316289
0.000206477641761 0.000612576273365 0.0432532545558
0.00016468518145 0.00064049292065 0.0435032549345
0.000122157817025 0.000661418150829 0.0437531935871
7.84462790406e-05 0.00067398307019 0.0440031939657
3.34217221803e-05 0.000680036411797 0.0442531943444
-1.10869582555e-05 0.000685736738009 0.0445031951063
-5.33130416674e-05 0.00069439024362 0.0447531954849
-9.53474070134e-05 0.000699199377931 0.0450031962469
-0.000140251615377 0.000690909665549 0.0452532591231
-0.00018652738431 0.000670244494861 0.0455032595041
-0.000230885411302 0.000641621402911 0.0457533223826
-0.00027246738789 0.000600250163833 0.0460033852612
-0.00030970024093 0.000539485681168 0.0462534477564
-0.00033802528926 0.000465091976685 0.0465035106373
-0.000353471587022 0.000390401832668 0.0467535731326
-0.000355092661546 0.000318943890353 0.0470035735183
-0.000342790083903 0.000243600240689 0.0472535742875
-0.000316116894933 0.000163650488458 0.0475035746733
-0.000275709374671 8.80773862378e-05 0.0477534512213
-0.00022344990463 2.51317112577e-05 0.0480033894977
-0.000161618475485 -2.0702658305e-05 0.0482532656599
-9.25289572066e-05 -4.78004294163e-05 0.0485032043197
-1.87449910549e-05 -5.66404701258e-05 0.0487531425937
5.68459048398e-05 -4.76282877325e-05 0.0490030812534
0.000130920032532 -2.19480621813e-05 0.0492530199132
0.00019934209436 1.65047235851e-05 0.049503082799
0.000258049024549 6.30462884346e-05 0.0497531456871
0.000305110455797 0.000116985385729 0.0500032706871
0.000341287794349 0.000184571932595 0.0502534574131
0.000366543051583 0.000270015954768 0.0505037679793
0.000377413387752 0.000359979028039 0.050754078543
0.000371960314215 0.000432258600627 0.0510044508353
0.000353895762882 0.00048497275699 0.0512546981371
0.000327467922644 0.000535000437459 0.0515050079365
0.000294170633065 0.00058613221286 0.0517553177359
0.000256044070191 0.000623974859703 0.0520055650377
0.000215988707079 0.000641138249412 0.0522557502277
0.000174887560121 0.000647619707805 0.0525059354178
0.000132324862456 0.000654743258411 0.052756058496
8.87395490028e-05 0.000662110869792 0.0530061815694
4.46264861927e-05 0.000665133667888 0.0532563042547
-5.36376684987e-08 0.0006638755641 0.0535064273234
-4.52428312709e-05 0.000659107106539 0.0537565503897
-9.10864031202e-05 0.000648325859557 0.0540066113442
-0.000137571258962 0.000630105639217 0.0542566101844
-0.000183571446642 0.000606680699426 0.0545066094081
-0.000227869703952 0.000578618052358 0.0547566082436
-0.000269734343612 0.000542523906018 0.0550064832365
-0.000307517852777 0.000498132035446 0.0552563578436
-0.000338936812158 0.000450409951767 0.0555061707246
-0.00036258981678 0.000401728210902 0.0557559832222
-0.000377382041749 0.000350486678273 0.0560057339938
-0.000381978533148 0.000297919084576 0.0562554847678
-0.000375333677593 0.000247564983856 0.0565052359276
-0.000356158488527 0.000197997849755 0.0567549249779
-0.000322324595641 0.000142952075879 0.0570045522998
-0.000273011329193 8.12838873356e-05 0.0572541179006
-0.000210862744112 2.28087751153e-05 0.0575037463822
-0.000140192014841 -2.06402141952e-05 0.0577533127521
-6.43753995705e-05 -4.68322837416e-05 0.0580030033456
1.31483141192e-05 -5.88080881013e-05 0.0582527568225
8.8554340854e-05 -5.43771516145e-05 0.0585025724112
0.000158872522118 -3.13346921228e-05 0.0587524504999
0.000221033100608 4.27714756506e-06 0.0590023907004
0.000272435030896 4.84030575322e-05 0.0592523309009
0.000312447327066 0.000106501546906 0.0595023953274
0.000340201486906 0.000179887412134 0.0597525214775
0.000353948374738 0.000258043964841 0.0600027101276
0.000353528363066 0.000329178588924 0.0602528362802
0.000340866306093 0.00038956515785 0.0605030237754
0.000318269110136 0.000441860511497 0.0607532112706
0.000287688002216 0.000487652465434 0.0610033358848
0.000250699770627 0.000528273233802 0.061253522225
0.000208049672398 0.000567955843401 0.0615036464535
0.000161454991108 0.000604933299847 0.0617538320245
0.000113976958032 0.000633099404455 0.062003955098
6.66432472972e-05 0.000655227290086 0.0622540781715
1.99779727635e-05 0.000675301383162 0.0625043864279
-2.39015104224e-05 0.000685445896389 0.0627543864279
-6.51930810719e-05 0.000677435082281 0.0630043864281
-0.000106725315052 0.000658319260146 0.0632543825941
-0.000149282253777 0.000641024674856 0.0635043825941
-0.000191853455192 0.000625233708887 0.0637543825941
-0.000234107709975 0.000601033152564 0.0640049998544
-0.000275300499355 0.00056527220879 0.0642549998784
-0.000313651643572 0.000519976845021 0.0645049998784
-0.000346971276268 0.000464079425585 0.0647549960205
-0.000372736769152 0.000397770896894 0.0650049960205
-0.000388787286736 0.000325777977749 0.0652549921628
-0.000394039429071 0.000254306909019 0.0655049921388
-0.000388578557248 0.000189404891891 0.065754988281
-0.000372251162548 0.000131723869461 0.066004988281
-0.000343069554485 7.52177826972e-05 0.0662549844231
-0.000299973885378 1.89269467862e-05 0.0665049844231
-0.000245448773733 -2.88499177125e-05 0.0667549844231
-0.000182718192 -6.09358370194e-05 0.0670049844231
-0.000113686299663 -7.62153948461e-05 0.0672549844231
-4.00046973105e-05 -7.7195431038e-05 0.0675049843991
3.54797652895e-05 -6.7060343035e-05 0.0677549843991
0.00010814657091 -4.30399192639e-05 0.0680049843991
0.000173783650983 3.67382502769e-06 0.068254984399
0.000229963918914 7.18146332516e-05 0.0685049882568
0.000274350251225 0.000144145707188 0.0687549921147
0.000304918682768 0.000210570892045 0.0690049959486
0.000320793768771 0.000279988586881 0.0692543786885
0.000321765186921 0.000354896140524 0.0695043786883
0.000309856493404 0.000419621419516 0.0697543825462
0.000288590522058 0.000466634851791 0.0700043864041
0.000258949987158 0.000507116596324 0.070254390262
0.000220660923752 0.000548960326007 0.0705043902618
0.000176077149296 0.000586936826132 0.0707537691438
0.000128773307893 0.000615083581728 0.0710037730017
8.11723128656e-05 0.000632404302439 0.0712537730017
3.53077972259e-05 0.000637911542743 0.0715037730255
-8.11662688422e-06 0.000631969611024 0.0717537730255
-5.17524960138e-05 0.000622053665281 0.0720037730255
-9.82055780844e-05 0.000617551360336 0.0722537730495
-0.000145361170197 0.000616209708358 0.0725037730493
-0.000189803773932 0.0006052076308 0.0727537691916
-0.000231981085846 0.000581174864694 0.0730031480736
-0.000273717245966 0.000557716490889 0.0732531480736
-0.000314975003406 0.00054549991554 0.0735031480736
-0.000354515347535 0.000535493718684 0.0737531480737
-0.000390265038229 0.000509324717979 0.0740031480737
-0.000419443532224 0.00046043362822 0.074253144216
-0.000440295337742 0.000398382884028 0.074503144216
-0.000452039063411 0.000332999359554 0.0747525230981
-0.000452823451045 0.000264914972799 0.0750025192403
-0.000441259408595 0.000195930867328 0.0752525192404
-0.000418495110016 0.000133493119789 0.0755025153586
-0.000384403261738 7.90296735588e-05 0.0757518903827
-0.000335346334503 2.55816667047e-05 0.0760018903827
-0.000270207722949 -2.87895946391e-05 0.0762518865248
-0.000195085511664 -7.40610861725e-05 0.0765018865248
-0.000118161113267 -9.80465491641e-05 0.076751886525
-4.27745270351e-05 -9.8809978947e-05 0.077001886501
3.10279403855e-05 -8.39257608903e-05 0.077251882643
0.000100778778193 -5.81110155076e-05 0.077501882643
0.000161682141289 -1.70643657581e-05 0.077751882643
0.000210511802083 4.24656618029e-05 0.078002503761
0.000246220298711 0.000113810781164 0.078252503761
0.000268534903758 0.000186390055383 0.078502503761
0.000277746515235 0.000253347517901 0.078753124879
0.00027436675585 0.000314187418947 0.079003124879
0.000258120485782 0.000374062400501 0.079253124879
0.000229070696975 0.000434814533108 0.079503745997
0.000189322432642 0.000491849823759 0.079753745997
0.0001406038703 0.000543887929201 0.0800043671149
8.50242786682e-05 0.000589900358057 0.0802543709967
2.98504972149e-05 0.000619844200041 0.0805043709967
-1.94063889513e-05 0.000629534144519 0.0807543709967
-6.67882607085e-05 0.000631013882573 0.0810043709967
-0.000115199532879 0.000631879092906 0.0812543748546
-0.000160109389806 0.000625341210279 0.0815043748546
-0.000200159330502 0.000608294549399 0.0817543748546
-0.000239187713535 0.000587542389553 0.0820043787125
-0.000278276359035 0.000565735329241 0.0822543787125
-0.00031594972241 0.000538671490812 0.0825043787125
-0.000351574350661 0.00050417814829 0.0827543787123
-0.000384318206383 0.000461271397695 0.0830043825702
-0.000412715165124 0.000409078060814 0.0832543825702
-0.000436571448971 0.000353880312347 0.0835037614281
-0.000456719954552 0.000304082958074 0.0837537652859
-0.000471760990808 0.000257369002059 0.0840037652858
-0.000476826445151 0.000203460111735 0.0842537652858
-0.000467438257555 0.000138293417367 0.0845031480257
-0.000445462392054 7.27711785654e-05 0.0847531480255
-0.000417635571455 2.23775802991e-05 0.0850031480255
-0.000384123747117 -1.30539957592e-05 0.0852531480255
-0.000335627830344 -4.77440415083e-05 0.0855025307654
-0.000266865602328 -8.80370555917e-05 0.0857525307654
-0.000186132667865 -0.000122453118004 0.0860019096474
-0.000107095689655 -0.000133800343394 0.0862519096475
-3.53981131738e-05 -0.00011624418296 0.0865019096475
3.18601088854e-05 -7.87597782747e-05 0.0867519057896
9.58555747322e-05 -3.21782256393e-05 0.0870012846716
0.0001516537374 2.31168455206e-05 0.0872512846718
0.000194357992047 8.97304964968e-05 0.0875012808139
0.000223578009335 0.000159858978201 0.0877512808379
0.000240353063007 0.000223797696735 0.0880012769801
0.000243832523171 0.000282943773931 0.0882512769801
0.000232997398533 0.000341736542638 0.0885018942642
0.000209284155324 0.000397973011535 0.0887518904065
0.000176507570136 0.000445419083097 0.0890018904065
0.000138261083288 0.000480969257392 0.0892518865486
9.39475724677e-05 0.000509940024121 0.0895018827149
4.11737671845e-05 0.00053852041367 0.0897518827149
-1.66078817504e-05 0.00056295298133 0.090001882739
-7.21312602981e-05 0.000575734456379 0.0902518788812
-0.000122174771393 0.000575841272829 0.0905018788812
-0.000167791494539 0.000566889977729 0.0907518788814
-0.000211880198485 0.000553914171326 0.0910018788814
-0.000256824691405 0.000541513584173 0.0912518788814
-0.000300833634101 0.000528533931786 0.0915018750235
-0.000340860521161 0.000509941045085 0.0917518749995
-0.000377679378653 0.000486000827849 0.0920024999754
-0.000414191038795 0.000462931086641 0.0922524999515
-0.000450843733519 0.000442804232713 0.0925024999515
-0.000483649467154 0.000415861670487 0.0927524999274
-0.000507370027147 0.000371069256407 0.0930024999274
-0.000520471107078 0.000310753118705 0.0932524999033
-0.000522805232001 0.000241881961302 0.0935024999033
-0.00051276464536 0.000167667453699 0.093752503737
-0.000491341761965 9.49158862354e-05 0.094002503737
-0.000460965352489 3.02844290485e-05 0.0942525075947
-0.000421092112736 -2.57105031784e-05 0.0945025114526
-0.0003692173585 -7.50755913713e-05 0.0947525114287
-0.000303029116147 -0.000119392275489 0.0950025152865
-0.000225337876412 -0.000155322896725 0.0952525191444
-0.00014514354018 -0.000174546086102 0.0955025191444
-6.95200654202e-05 -0.000171994513387 0.0957525230023
4.27989804767e-07 -0.000149555517758 0.0960025230024
6.49231013378e-05 -0.000111685826335 0.0962525230024
0.000121601042068 -6.07340827459e-05 0.0965019018844
0.000167344163398 1.71981751864e-06 0.0967519018844
0.000200122318251 7.26217360313e-05 0.0970019018844
0.000217190926278 0.000151414203526 0.0972519018844
0.000215853720973 0.000238778354216 0.0975012769326
0.000197817674545 0.000327024296262 0.0977512769326
0.000168652390848 0.00040350282378 0.0980012730748
0.000132173666311 0.000463527944917 0.0982512730987
8.94386957451e-05 0.000509543521454 0.0985012692409
4.15872158691e-05 0.000543871431315 0.0987506481468
-9.86291004409e-06 0.000568003587455 0.0990006481468
-6.30633069486e-05 0.0005828833895 0.0992506443129
-0.000115212745818 0.000588293203523 0.0995006443129
-0.00016380458346 0.000584316436913 0.099750644337
-0.000209010574789 0.000573268102924 0.100000644337
-0.000252121685061 0.000557778682032 0.100250644337
-0.000292186249485 0.000537672488979 0.100501265455
-0.000328409566957 0.000512222452937 0.100751265479
-0.000362169830055 0.000482679610062 0.101001265479
-0.000394414742998 0.000450172985625 0.101251265479
-0.000424534673966 0.000414248912461 0.101501265479
-0.00045206880327 0.000374931022706 0.101751265479
-0.000477371694774 0.000334264758066 0.102001265479
-0.000499156216075 0.000291623820331 0.102251265479
-0.000512620503975 0.00024062769758 0.102501265455
-0.000514885631874 0.000180049477455 0.102751265455
-0.000510966717482 0.000121661112184 0.103001886573
-0.000506891494615 7.53787127617e-05 0.103251886573
-0.000498472115559 3.56644484627e-05 0.103501886573
-0.000476316297421 -6.51258880415e-06 0.103751890431
-0.000438184696951 -4.95389728698e-05 0.104001890431
-0.000386174362715 -8.79280200774e-05 0.104251890431
-0.000320640912533 -0.000119376674158 0.104501894289
-0.000246490894319 -0.000139038212062 0.104751894265
-0.000172994766242 -0.000139919777589 0.105001898123
-0.000101949684452 -0.000122380343586 0.105251898122
-2.89266416105e-05 -9.39754899873e-05 0.10550190198
4.42227555814e-05 -5.93386819007e-05 0.105751905838
0.000108718104364 -1.65660541102e-05 0.106001288554
0.000158015790915 3.63848464445e-05 0.106251288554
0.000190912876733 9.70432205815e-05 0.106501292412
0.000207484111919 0.000162156760715 0.106751292412
0.000206708450712 0.000230971857295 0.107001292388
0.000189104160489 0.000301005783684 0.107251292388
0.000158076062288 0.00036632400106 0.107501292364
0.000116179067157 0.000423722657405 0.107750667388
6.37948637959e-05 0.000473723768927 0.108000667364
4.74892725067e-06 0.000513384402912 0.108250663506
-5.32580339663e-05 0.000537415907619 0.108500659648
-0.000107047002597 0.000546631327127 0.108750655766
-0.000160471433333 0.000547498282724 0.109000651909
-0.000218698570442 0.000545983434851 0.109250648051
-0.000282104306474 0.000543889765478 0.109500644193
-0.00034366760844 0.000538135236796 0.109750644193
-0.000395461996688 0.000524834802515 0.110000644193
-0.000436221473656 0.000503627392575 0.110250640359
-0.000468694550007 0.00047590491998 0.110500640359
-0.000494842600322 0.000441805869661 0.110750636526
-0.000515459534012 0.000400474232819 0.111000636526
-0.000530710422323 0.000351250195589 0.11125063655
-0.000541972547727 0.000296673800059 0.111500015432
-0.000551305995814 0.000241750505393 0.111750011598
-0.000556100452405 0.000185624522869 0.112000011598
-0.000551245191759 0.000124636669072 0.112250011622
-0.000537242415054 6.26330824394e-05 0.112500007764
-0.000516225593696 4.55714539075e-06 0.112750007764
-0.000485791405828 -4.99522563963e-05 0.113000007788
-0.000444402098346 -0.000100064456105 0.11324938667
-0.00039239691132 -0.000143326440509 0.11349938667
-0.000328584492936 -0.00017889065655 0.11374938667
-0.000256444491215 -0.000203273916271 0.11399938667
-0.000186647575828 -0.000209720712875 0.11424938667
-0.000125043282015 -0.000195501304627 0.114499390528
-6.60390698158e-05 -0.000165382061022 0.114749390528
-4.23243719927e-06 -0.00012560781979 0.114999394386
5.44841529736e-05 -7.67103740342e-05 0.115250015503
0.000100187701828 -1.5755038015e-05 0.115500019361
0.000130577018161 5.49076743644e-05 0.115750019337
0.000147762099534 0.000128397854325 0.116000023195
0.000149121605397 0.000203238847779 0.116250027053
0.00012946644055 0.000282310073985 0.116500027029
9.06728691138e-05 0.000361036543825 0.116750030887
4.26218912021e-05 0.000427288675036 0.117000030863
-6.38900988863e-06 0.000473928340647 0.11725003472
-5.4378387345e-05 0.000502559413673 0.117500034696
-0.000103032942983 0.000518217330339 0.117750034696
-0.000155568261236 0.000525963142838 0.118000034672
-0.000210869364087 0.000526662910138 0.118250034672
-0.000261699669674 0.000517527844408 0.11850003853
-0.000304665936656 0.000498811783594 0.118750034672
-0.000342990062307 0.000474024490523 0.118999413554
-0.000380676448913 0.000446278206129 0.119249413554
-0.000420214323926 0.000417792186482 0.119499413578
-0.000460378642575 0.000389084932195 0.119749413578
-0.000495978151487 0.000357809241373 0.11999879246
-0.000522723508754 0.000320570501807 0.120248792484
-0.000541275239233 0.000276524429011 0.120498788626
-0.000556721418635 0.000229799464313 0.12074878865
-0.000573682922088 0.000185872636934 0.12099878865
-0.000590595019577 0.000144483116218 0.121248167532
-0.000601820412839 0.000100971487028 0.121498167532
-0.000604198575586 5.37238963832e-05 0.121748163675
-0.000598082330245 5.04603104108e-06 0.121998163675
-0.000583719178664 -4.2611377652e-05 0.122248159817
-0.00055613633984 -9.03448014804e-05 0.122498159817
-0.000508304592841 -0.000139248244218 0.122748155935
-0.000445033860206 -0.000182567310574 0.122998152077
-0.000379004828269 -0.000211358494952 0.123248152077
-0.000310886766786 -0.000225010133185 0.123498148196
-0.000233457805423 -0.000226854465575 0.123748148196
-0.000148640323684 -0.000216688547842 0.123998144338
-6.58052956985e-05 -0.000192600631263 0.12424814048
6.86959087405e-06 -0.00015414383995 0.124498140456
6.46884534384e-05 -0.000102455716098 0.124748140456
0.000106694138224 -4.04386844805e-05 0.124998140456
0.000134215562105 2.72743623818e-05 0.125248140456
0.000147336720312 9.67777036738e-05 0.125498140432
0.000141842338275 0.000168496513066 0.12574814429
0.000113245569109 0.00024407586684 0.12599814429
6.64780575091e-05 0.00031718435091 0.12624814429
1.3982103784e-05 0.000376327431479 0.126498769266
-3.83147140713e-05 0.000417850229564 0.126748769266
-9.39147025381e-05 0.000446378456674 0.126998773124
-0.0001566698644 0.00046597672849 0.127248773123
-0.000226318926382 0.000477501965565 0.127499394265
-0.000299016483635 0.000480157791511 0.127749398123
-0.000367921119377 0.000472787269498 0.127999398123
-0.000425242683483 0.000454939957413 0.128250019265
-0.00046644526693 0.000427786880505 0.128500019265
-0.000494978298575 0.000394476654945 0.128750019265
-0.000519500477904 0.000358879651502 0.129000019289
-0.000544376129937 0.000323045496929 0.129250019289
-0.00056699298476 0.000286177547599 0.129500019289
-0.000583622171636 0.000246103248681 0.129750019289
-0.000593692388991 0.000201638570178 0.130000019289
-0.000599654469678 0.000154046889011 0.130250019289
-0.000603405032387 0.000105355169982 0.130500019289
-0.000602607250206 5.50469131127e-05 0.130750640407
-0.000592312002537 1.01077965474e-06 0.131000019289
-0.000569266611159 -5.67573481524e-05 0.131250019265
-0.000533001737288 -0.00011554968754 0.131500019265
-0.000486588165318 -0.000170590746703 0.131750019241
-0.000438731076576 -0.000215433283637 0.132000019241
-0.00039749542058 -0.000246080339852 0.132250019241
-0.000358234967941 -0.000264833990245 0.132500019217
-0.000308154602892 -0.000275367354045 0.132750019217
-0.000243627622425 -0.000276752021293 0.133000023075
-0.0001722287541 -0.00026542507409 0.133250023051
-0.000103666802883 -0.0002389365086 0.133500023051
-4.58997642801e-05 -0.000196307828308 0.133749401933
-5.61110591301e-07 -0.000138879054418 0.133999401933
3.86390749132e-05 -7.19009348805e-05 0.134249401933
7.45793314386e-05 -1.85694951507e-06 0.134499401909
9.9266997519e-05 6.91007053904e-05 0.134749401909
0.000105062615396 0.00014099304271 0.134999401909
9.41186541951e-05 0.000210047856209 0.135248780791
7.09566766349e-05 0.000271708349414 0.135498780791
3.6505637933e-05 0.00032453100502 0.135748776933
-9.00427415946e-06 0.000368268280624 0.135998155839
-6.51767356168e-05 0.000402900923054 0.136248151981
-0.000128696367145 0.000427138375107 0.136498151981
-0.000190727907086 0.000438139016875 0.136747527005
-0.000246707053148 0.000436369057159 0.136997527029
-0.000301757700175 0.000425805542004 0.137247527029
-0.000357035535652 0.000408231893576 0.137496902077
-0.000404233327718 0.000383053029737 0.137746902077
-0.000440781152801 0.000351511789826 0.137996902101
-0.000474652994892 0.000316527120406 0.138246902101
-0.000510840888175 0.000280164091892 0.138496902101
-0.000545917386527 0.00024290289555 0.138746902101
-0.000575356181318 0.000204542903719 0.138996902101
-0.000599120288929 0.000165270607525 0.139246902102
-0.000620051211923 0.000126099634932 0.139496905959
-0.000638819599498 8.72519534465e-05 0.139746905959
-0.00065067203918 4.61200110452e-05 0.139996905935
-0.000647829560832 -1.47088283867e-06 0.140246905935
-0.000628568332731 -5.52393769458e-05 0.140497527054
-0.000601465683452 -0.000108641925238 0.140747530911
-0.000572992882631 -0.000156765574653 0.140997530911
-0.00053718130836 -0.000200655117978 0.141248155887
-0.000485477488198 -0.000241073533962 0.141498155863
-0.000418345445961 -0.000274733733743 0.141748780839
-0.000342492645011 -0.000297311159163 0.141998780839
-0.000265195188354 -0.000305979381886 0.142249405815
-0.000193302888931 -0.000299392231687 0.142499405815
-0.000127634553546 -0.000277939220589 0.142749409673
-6.25955750725e-05 -0.000243173007544 0.143000030791
7.08034614498e-07 -0.00019657756504 0.143250034649
5.26972928203e-05 -0.000139361454058 0.143500034649
8.72575852283e-05 -7.31919352935e-05 0.143750038506
0.000103666498529 -6.1018330887e-07 0.144000038506
0.000100238904673 7.60887832546e-05 0.144250042364
7.44097830706e-05 0.000155090884311 0.144499421246
3.04024969876e-05 0.000231797935355 0.144749421246
-2.07554950662e-05 0.000298440684065 0.144999421246
-7.37689830867e-05 0.000350785000863 0.145248800128
-0.000130214063803 0.000389183532756 0.145498800128
-0.000189073923498 0.000413935116617 0.145748800128
-0.000250790149032 0.000426352851664 0.14599817901
-0.000318698258215 0.000428454016071 0.146248175152
-0.000388547158973 0.000420092729708 0.146498175152
-0.000450486107593 0.000401093122197 0.146747550176
-0.000501747929321 0.00037358283476 0.146997550176
-0.000545476450078 0.00034030339375 0.147247546319
-0.000580847399417 0.000303059620855 0.147497546343
-0.000607015461137 0.000263245138415 0.147747542485
-0.000627164305091 0.000221925043588 0.147996921367
-0.000640193453218 0.000179278603964 0.148246917509
-0.00064244582458 0.000134297000704 0.148496917509
-0.000637411750251 8.64966751343e-05 0.148746913651
-0.000632656727274 3.75693195146e-05 0.148996913651
-0.000630029141021 -1.0696218568e-05 0.149246909817
-0.000624337591055 -5.87595464885e-05 0.149496909817
-0.000610849778121 -0.000107461744474 0.149746905959
-0.000591266579584 -0.000155205706678 0.149996905959
-0.000570693698193 -0.000199152430203 0.150246902101
-0.000549812586497 -0.000238299004891 0.150496902101
-0.00052102457858 -0.000273686997747 0.150746902101
-0.000475477366665 -0.000305017753217 0.150996902101
-0.00041610824197 -0.000328713900439 0.151246902101
-0.000354556370259 -0.000341036990069 0.151496902102
-0.000292509365785 -0.000340726046802 0.151746902102
-0.000222760912371 -0.000326954912214 0.151996902102
-0.000148867303426 -0.000298817366892 0.152246902102
-8.57667979206e-05 -0.000256799524456 0.15249690596
-4.17240737067e-05 -0.000202232531904 0.15274690596
-1.18217210041e-05 -0.00013676164644 0.152996909817
1.12208432187e-05 -6.36479479492e-05 0.153246909817
2.74044243417e-05 1.24495688111e-05 0.153496913675
3.23288786268e-05 8.72325062898e-05 0.153746913675
2.43679567649e-05 0.000157100717382 0.153996917533
4.21074074189e-06 0.000219201229139 0.154246917533
-3.06920118447e-05 0.000272691175383 0.154496917533
-8.37103346091e-05 0.000317610779703 0.154746917533
-0.000149176496748 0.000351615544776 0.154996917509
-0.000214744538794 0.000371667751799 0.155246917509
-0.000275490099178 0.00037801264235 0.155496921367
-0.000335073805592 0.00037287595606 0.155746921367
-0.00039662704714 0.000357740219459 0.155996921343
-0.000460726587225 0.000333460129785 0.156246921343
-0.000523422053149 0.000301057781302 0.156496921343
-0.000574734135211 0.00026272966828 0.156746921319
-0.00060828044496 0.000221393525642 0.156997542437
-0.000629249112375 0.000178686005681 0.157247542437
-0.000646168958306 0.000134954014186 0.157497542437
-0.00066001024498 9.08419469657e-05 0.157747542437
-0.000667274394004 4.67667498387e-05 0.157997546271
-0.000668190163134 2.43660934553e-06 0.158247542413
-0.000665921366984 -4.22449683527e-05 0.158497542413
-0.0006598150224 -8.72651140808e-05 0.158747542413
-0.000645219577747 -0.000133249061948 0.158997542437
-0.000622604198361 -0.000179551082845 0.159247542437
-0.000598243055028 -0.000223890019697 0.159497542437
-0.000570938562639 -0.000265403364303 0.159747542437
-0.00053253385131 -0.000303957896567 0.159997542461
-0.000482267422998 -0.000337353972873 0.160247542461
-0.000423009589611 -0.000362903235565 0.160496921343
-0.000351456293281 -0.000378201775631 0.160746917509
-0.000267711015457 -0.000380519132616 0.160996917509
-0.000184835093856 -0.000368822378318 0.161246917509
-0.000118843503617 -0.000344841114425 0.161496913675
-7.29106970255e-05 -0.000310045325129 0.161746913675
-3.57946585633e-05 -0.000263305580532 0.161996909817
2.36725616575e-06 -0.000203850784364 0.162246909817
3.59650488609e-05 -0.000134739987633 0.162496905983
5.09815543553e-05 -6.0507019892e-05 0.162746284865
4.28602808292e-05 1.60177914489e-05 0.162996281008
1.86995667096e-05 9.18544941081e-05 0.163246281008
-1.6257918379e-05 0.0001627514099 0.163496281008
-6.40644071373e-05 0.000225256971476 0.163746281008
-0.000123977877334 0.000276704488836 0.16399628489
-0.000187040136654 0.000314312500564 0.164246906008
-0.000247267659213 0.000337099156937 0.164496909865
-0.000307090493803 0.000346114156986 0.164746913699
-0.000367576263562 0.00034250073814 0.164996917557
-0.000425932913759 0.000327397038543 0.165246921415
-0.00047723851406 0.000302657979151 0.165496925249
-0.000515904414379 0.000271050723987 0.165746929107
-0.000546039492574 0.000234446600854 0.165996929107
-0.000577907991643 0.000192509478406 0.166246932941
-0.00060987005414 0.000146420211004 0.166496932941
-0.000632214412723 9.96469048568e-05 0.166746936799
-0.000643837379005 5.37000373415e-05 0.166996936799
-0.000649662864817 8.12682608763e-06 0.167247557917
-0.000649885305918 -3.6885588566e-05 0.167497561775
-0.000642230323094 -8.12902645589e-05 0.167747561775
-0.00062858834571 -0.000125703498051 0.16799755794
-0.000614194332396 -0.00017005054089 0.16824755794
-0.00060293310492 -0.000213395420934 0.16849755794
-0.000593288424275 -0.000255101927387 0.168747554107
-0.000578733251496 -0.000295137614197 0.168997554107
-0.000553346882727 -0.000333018953388 0.169247554107
-0.000513951135884 -0.000367164954816 0.169497550273
-0.000459552945531 -0.000394937244989 0.169747546415
-0.00039628101006 -0.000413788740369 0.169997546415
-0.000335834692864 -0.000422919004378 0.170246921439
-0.000277587534596 -0.000421186880745 0.170496917581
-0.000207416926255 -0.000403922744781 0.170746913723
-0.000124697014314 -0.000368363621321 0.170996909865
-4.83787505202e-05 -0.000318685710399 0.171246284866
6.8577655282e-06 -0.00026039428261 0.171496281008
4.13318920026e-05 -0.000195116284848 0.17174627715
6.16532717306e-05 -0.000122949120492 0.171995656032
7.25026183841e-05 -4.58907878586e-05 0.172245656008
7.34558514027e-05 3.16002144097e-05 0.172495656008
5.99002667056e-05 0.000104682958201 0.172745038748
2.91281804621e-05 0.000170102741401 0.172995038724
-1.54134658861e-05 0.00022573217277 0.173245042582
-6.95047424361e-05 0.000269744500829 0.17349504644
-0.00013322237434 0.000300797272329 0.173745050274
-0.000205803460411 0.000318047787055 0.173995054132
-0.000282414532147 0.000321228457375 0.174245057965
-0.000359581677588 0.000310673800838 0.174495061823
-0.000436695668797 0.000286879869756 0.174745065681
-0.000510397627875 0.000251237648204 0.174995686799
-0.000571896137077 0.000207567502826 0.175245690657
-0.000613273292191 0.000161270092591 0.175495690657
-0.000635887725528 0.000115526375685 0.175746311775
-0.00064749371134 7.03165595334e-05 0.175996311775
-0.000651518824262 2.58536193892e-05 0.176246311775
-0.000648609453529 -1.7301099798e-05 0.176496311775
-0.000644737562819 -6.09701834711e-05 0.176746929059
-0.00064376314436 -0.000105734802451 0.176996929059
-0.000638336121499 -0.000148972981982 0.177246929059
-0.000621032911345 -0.000189723958383 0.177496925225
-0.000596353965846 -0.000229753512908 0.177746925225
-0.00057111198337 -0.000269606746807 0.177997546343
-0.000542218274394 -0.00030813611149 0.178247542509
-0.000502856861787 -0.000343732585111 0.178497542509
-0.000451931168405 -0.000374713174777 0.178747538651
-0.000393095250563 -0.000399353055947 0.178997538675
-0.000331519150874 -0.000416435775863 0.179247538675
-0.000271741942226 -0.000425355538769 0.179497534817
-0.000213637780748 -0.000424924617394 0.179747534818
-0.000153171482996 -0.000412419592968 0.179997534842
-8.95676912025e-05 -0.000385604149424 0.180247530984
-2.96084803701e-05 -0.000345638488336 0.180497530984
1.57442279832e-05 -0.000297054167891 0.180748148244
3.95346753547e-05 -0.000243696750944 0.180998144386
4.55534017382e-05 -0.000184368076812 0.181248144386
4.38537809998e-05 -0.000115687814144 0.181498761646
3.8043925416e-05 -3.96039003863e-05 0.181748761646
2.14069896305e-05 3.63069358657e-05 0.181999378906
-1.2163076089e-05 0.000105639286925 0.182249378906
-5.89468402328e-05 0.000165641014123 0.182500000024
-0.000112861525218 0.000214205448786 0.182750000024
-0.000174329054951 0.000248813491109 0.182999996166
-0.000241676611507 0.000268397300606 0.183249996166
-0.000305311319669 0.000274236882964 0.183499996166
-0.000360061491185 0.000268248004227 0.18375
-0.000409476188939 0.000251228035768 0.184
-0.000454035629163 0.0002246082265 0.18425
-0.000487174136981 0.000192425143196 0.1845