1480
-0.000378571906291 -0.000517220528943 -0.185
-0.0003341712713 -0.000528660094563 -0.18475
-0.000290414974543 -0.000544332666563 -0.1845
-0.000246975542187 -0.000561354612681 -0.18425
-0.000200929728087 -0.000573803030165 -0.184
-0.000151227303258 -0.000579583485711 -0.183750003882
-0.000100325350831 -0.000580732535 -0.183500003882
-5.21519800726e-05 -0.00058079174621 -0.183250003882
-7.80603523624e-06 -0.000580014589627 -0.183000003906
3.65332118592e-05 -0.000571780519473 -0.182750003906
8.36649469403e-05 -0.00054867933557 -0.18249938667
0.00013049451915 -0.000510634974675 -0.18224938667
0.000170687866223 -0.00046431553606 -0.181999382812
0.000198754103419 -0.000418507077659 -0.181750003955
0.000213468724484 -0.000375184201761 -0.181500000097
0.000217732345364 -0.000324134482517 -0.181249992381
0.00021313110388 -0.000255508063697 -0.180999988523
0.000197632021106 -0.000173278910751 -0.180749980808
0.00016889534507 -8.97901984574e-05 -0.180499973092
0.000126593340374 -1.55697459159e-05 -0.180249969234
7.08704596234e-05 4.06399825873e-05 -0.179999965376
1.84290325752e-06 7.30577206185e-05 -0.179749961494
-7.64736114163e-05 8.51353438087e-05 -0.179499957636
-0.000155079333697 8.61899813121e-05 -0.179249953778
-0.000225731323149 8.19392298199e-05 -0.178999949896
-0.00028540131108 7.20321568672e-05 -0.178749953754
-0.000336871687388 5.07363078281e-05 -0.17849995373
-0.000384919192646 1.0368693899e-05 -0.178250574848
-0.00042856793283 -4.86701695128e-05 -0.178000578682
-0.000461045737751 -0.000115110888287 -0.177751203658
-0.000478176363209 -0.000178183062901 -0.177501207492
-0.000481977179728 -0.000236622303932 -0.177251832468
-0.00047651154739 -0.000295193694819 -0.177001836301
-0.000464182090144 -0.000357096141829 -0.176751836301
-0.000445779581189 -0.000421280552049 -0.176502461253
-0.000421172938187 -0.000480944840066 -0.176252465111
-0.00039029682969 -0.000527328801837 -0.176002465087
-0.000354751780953 -0.000560528856522 -0.175753086229
-0.000317044550353 -0.000587953490625 -0.175503090087
-0.000278564388453 -0.00061285200645 -0.175253090087
-0.000239223524907 -0.000634231170551 -0.175003090111
-0.000199077048174 -0.000652437172612 -0.174753090111
-0.000158580066261 -0.000668709081474 -0.174503090135
-0.000116263673301 -0.000680242653486 -0.174253090135
-6.72412118315e-05 -0.000678149188676 -0.174003090159
-8.87752391887e-06 -0.000655858575799 -0.173753090159
5.27698287916e-05 -0.000619604900275 -0.173503090183
0.000108183652671 -0.000582761244865 -0.173253090183
0.000154286540672 -0.000549450174329 -0.173002469089
0.000193678407315 -0.000511862587545 -0.172752465231
0.000227191367996 -0.000463239821691 -0.172502465231
0.000252594954454 -0.000403328617756 -0.172251844113
0.000267212577151 -0.000334476169913 -0.172001840255
0.000268625298962 -0.00026193096519 -0.171751219161
0.00025506653903 -0.000193758491286 -0.171501219161
0.000226199607898 -0.000135136949356 -0.171251215303
0.00018304416947 -8.49396589047e-05 -0.171000594185
0.000127363685273 -4.15311156311e-05 -0.170750594185
6.09751725014e-05 -8.44505570517e-06 -0.170500594185
-1.31536587091e-05 1.22591854611e-05 -0.170250590327
-8.96751788377e-05 2.34551703598e-05 -0.170000590303
-0.000164593101698 2.29377155829e-05 -0.169750590303
-0.000237195909438 3.98302032251e-06 -0.169500590303
-0.000304242323266 -3.1514198746e-05 -0.169250590303
-0.000360989286868 -7.70296541948e-05 -0.169001211421
-0.000407006928087 -0.000133446476301 -0.168751211422
-0.000442106945664 -0.000200987118625 -0.168501211398
-0.000463151801261 -0.000270709613692 -0.168251832516
-0.000468839140644 -0.000333516293638 -0.168001832516
-0.000461322485956 -0.000386785042235 -0.167751832516
-0.00044379306249 -0.000431798078771 -0.167501832516
-0.000419097103066 -0.00047189714288 -0.167251832516
-0.000389268373578 -0.00051103020823 -0.167002453634
-0.000355202652965 -0.000548039247369 -0.166752453634
-0.000317340587293 -0.000576682928093 -0.166502453634
-0.000276578805427 -0.000597343259434 -0.166252453634
-0.000234475418258 -0.000619096431043 -0.166002453634
-0.000192683612517 -0.000645359362455 -0.165752453634
-0.000151201313815 -0.000668928774044 -0.165502453634
-0.000108709010978 -0.000683976204449 -0.165252453633
-6.51917693943e-05 -0.000692806476569 -0.165002453633
-2.10973303463e-05 -0.000697405107324 -0.164752453609
2.41627058238e-05 -0.000695878075858 -0.164502453609
6.92665141304e-05 -0.000690314347842 -0.164252453609
0.000112899409662 -0.000682012688974 -0.164002453609
0.000156990500869 -0.00066177952799 -0.163752453585
0.0002014486489 -0.000621789552435 -0.163502453585
0.00024181241667 -0.000565723699891 -0.163251832443
0.000273505602666 -0.000501098285672 -0.163001832443
0.000293547117546 -0.000434603807991 -0.162751836301
0.000300583948896 -0.000368854657677 -0.162501836301
0.000294151389157 -0.000297856624882 -0.162251836301
0.000273500657842 -0.000215826933163 -0.162001840159
0.000238522756732 -0.00013075479506 -0.161751219041
0.00019070519711 -5.93519318134e-05 -0.161501219041
0.000132059851259 -1.04565778888e-05 -0.161251222899
6.46720163011e-05 1.80769338958e-05 -0.161001222899
-8.62402438991e-06 3.03182786246e-05 -0.160750601781
-8.40436730825e-05 2.87931999035e-05 -0.160500605639
-0.000156961896577 1.65839093936e-05 -0.160250605639
-0.000223188075504 -4.48396735367e-06 -0.160000605639
-0.000280696671829 -3.62893424148e-05 -0.159749980663
-0.000329056449638 -8.18241323534e-05 -0.159499980687
-0.000367390543862 -0.000140761571871 -0.159249976829
-0.00039378882561 -0.000207767153739 -0.158999355711
-0.000406970106252 -0.000276725016383 -0.158749351853
-0.000407423607404 -0.000345309431875 -0.158499347995
-0.000396382927377 -0.000413120648464 -0.158249347995
-0.000375226777925 -0.000480035697821 -0.157998723044
-0.000345335520087 -0.000544586483214 -0.157748723044
-0.000308600622326 -0.000601067237384 -0.157498719186
-0.000267614531096 -0.000644543718868 -0.157248719186
-0.000224723524512 -0.000675247772233 -0.156998719186
-0.000181272012842 -0.000696359362726 -0.156748715328
-0.000137936535343 -0.000711825149949 -0.156498715328
-9.50379269687e-05 -0.000722695999227 -0.156248715328
-5.21734080621e-05 -0.000725939030834 -0.155998715328
-7.83279548558e-06 -0.00071804191605 -0.155748715328
3.94265236318e-05 -0.000698120633686 -0.15549871147
8.89561666596e-05 -0.000670695837464 -0.155249332588
0.000138177573065 -0.000642077000899 -0.154999332588
0.000185335956865 -0.000612767032442 -0.154749332588
0.000229804719725 -0.00057903100143 -0.154499336446
0.000270828744805 -0.00053649089572 -0.154249957564
0.000306803685341 -0.000481897496659 -0.153999957588
0.000334893285306 -0.000419822199465 -0.153749957588
0.000352910735423 -0.000361550955505 -0.153499957587
0.000360603505303 -0.000312749246239 -0.153249957587
0.000357663400403 -0.000266536481899 -0.153000578705
0.000342078994851 -0.000212677513119 -0.152750582563
0.000312289919785 -0.000152579417687 -0.152500582563
0.000269068334075 -9.74458815058e-05 -0.152250586421
0.000213998413733 -5.41198211043e-05 -0.152000590279
0.00014853181263 -2.15765732102e-05 -0.151750590279
7.53210730927e-05 1.76909746715e-06 -0.151500594137
-1.59175352906e-06 1.31067104549e-05 -0.151250594137
-7.81642227661e-05 7.75769259544e-06 -0.151000597995
-0.000150976339327 -1.55689349408e-05 -0.150750597995
-0.000216670825986 -5.40783577322e-05 -0.150500601853
-0.00027244765874 -0.000105747701643 -0.150249980735
-0.000316324694926 -0.000169376487004 -0.149999980735
-0.000346254882003 -0.000237665370984 -0.149750601853
-0.000361051153508 -0.000298640595494 -0.149500601829
-0.000362128703571 -0.000345626945393 -0.149250601829
-0.000352527062543 -0.00038377411173 -0.149000601805
-0.000334052094605 -0.000425793841329 -0.148750601781
-0.000306623481611 -0.00047708141921 -0.148500601781
-0.000270756068651 -0.000531583542422 -0.148250601757
-0.000228417007525 -0.000582170834254 -0.148001218993
-0.000182127619075 -0.000624798922349 -0.147751218993
-0.000134589067165 -0.000656221907899 -0.147501218969
-8.78316982563e-05 -0.00067478632937 -0.147251218969
-4.20345318125e-05 -0.000683851844067 -0.147001218945
3.73844204636e-06 -0.00069115047951 -0.146751840063
4.91626182643e-05 -0.000699604522894 -0.146501840087
9.34477469537e-05 -0.000701995945478 -0.146251840087
0.000137381457852 -0.000691513589921 -0.146001840087
0.000181635662877 -0.000673207550651 -0.145751840111
0.000225104432381 -0.00065745575404 -0.145501840135
0.000266998791444 -0.000643651851192 -0.145251840159
0.000307380340827 -0.000618872101815 -0.145001840183
0.000344798534172 -0.000575184691787 -0.144751840183
0.000376253400925 -0.000517652677228 -0.144501219089
0.000399087016365 -0.000451476461505 -0.144251215255
0.000411073281786 -0.00037879387054 -0.144001215279
0.000411233361806 -0.000306751384704 -0.143750594161
0.000399206547501 -0.000239218194051 -0.143500594185
0.000373148256469 -0.000171152577152 -0.143249973067
0.00033221712737 -0.000102361758333 -0.142999973067
0.000279007631226 -4.1592538672e-05 -0.142749348091
0.000216826101742 4.49918453695e-06 -0.142499348115
0.000148326762638 3.34855080014e-05 -0.142249348115
7.62935632977e-05 4.29028024257e-05 -0.141999348115
2.91062071423e-06 3.37447633934e-05 -0.141749344258
-6.95245383146e-05 1.20315928706e-05 -0.141499344282
-0.000137211029018 -2.04567620382e-05 -0.141249344282
-0.000196587025285 -6.81017047307e-05 -0.140999344282
-0.000245246833823 -0.000129865254726 -0.140749344281
-0.000281219494879 -0.000199473851028 -0.140499344281
-0.000303146668255 -0.000275916571571 -0.140249344281
-0.000310225193316 -0.000358924431872 -0.139999344257
-0.000302648384306 -0.000441684579269 -0.139749348115
-0.000282172200957 -0.000515910476792 -0.139498726973
-0.000252165588286 -0.000574613387738 -0.139248730831
-0.000216902885939 -0.000613247779162 -0.138998730807
-0.000178510151524 -0.000637415493085 -0.138748734641
-0.000135799003105 -0.000658850714687 -0.138498113523
-8.93493496537e-05 -0.000679196228431 -0.138248117357
-4.22213273114e-05 -0.000693034875076 -0.137998117357
4.29662227495e-06 -0.000700148742615 -0.137748117333
4.95588473038e-05 -0.000700880756109 -0.137497500073
9.24697367634e-05 -0.000692263195877 -0.137247500073
0.000134197173722 -0.000676268335278 -0.136997500072
0.000176522571198 -0.000659759882583 -0.136747500072
0.000218769076433 -0.000642311664764 -0.13649750393
0.000259557285725 -0.000615897419525 -0.13624750393
0.000298582618823 -0.000581003267638 -0.13599750393
0.000335716994826 -0.000548591937777 -0.13574750393
0.000370351530175 -0.000521286331416 -0.13549750393
0.000400694566574 -0.000487514648393 -0.13524750393
0.00042358025385 -0.000437107177266 -0.13499750393
0.000436441212578 -0.00037306259752 -0.13474750393
0.000439223970767 -0.000307379065676 -0.134498125048
0.000433418572328 -0.000250005289961 -0.134248125048
0.000418854920796 -0.00020161363464 -0.133998125048
0.000391086936967 -0.00015285022933 -0.133748742309
0.000344903334084 -9.57451967558e-05 -0.133498738475
0.000282416725914 -3.77806444193e-05 -0.133249359593
0.00021109034178 6.56633914455e-06 -0.132999976853
0.00013564873168 3.17381547104e-05 -0.132749972995
5.86519701239e-05 3.80036083627e-05 -0.132499969137
-1.6888983933e-05 2.54377243463e-05 -0.13224996528
-8.85865364606e-05 -2.4244429181e-06 -0.13199996528
-0.00015371000361 -4.03002929064e-05 -0.131749961422
-0.000208451202031 -8.88911266719e-05 -0.131499961422
-0.000250090389204 -0.000149300549849 -0.131249961422
-0.00027839538014 -0.000211356482042 -0.130999340304
-0.000294496327077 -0.000263496946883 -0.130749340304
-0.000298443624535 -0.00031057077934 -0.130499340304
-0.000288283679675 -0.000366084042807 -0.130248719186
-0.000263105836434 -0.00043178575534 -0.129998719186
-0.000225752956169 -0.000496430913509 -0.129748098068
-0.000180547643716 -0.000550800678082 -0.129498101926
-0.00013016586285 -0.00059403975081 -0.129247480808
-7.69907980978e-05 -0.000626462529971 -0.128997484666
-2.43225148372e-05 -0.000646521385694 -0.128747484666
2.60891685584e-05 -0.000655358678977 -0.128497488524
7.47234323498e-05 -0.000657058051635 -0.128247488524
0.000122598813891 -0.000655602042653 -0.127997492382
0.000169421189592 -0.000652116850148 -0.127747492382
0.000213318124542 -0.000643187657471 -0.127497496239
0.000253663554278 -0.000625663127767 -0.127247496239
0.000291946522294 -0.000601022041703 -0.126997496239
0.000328867590934 -0.000570532136807 -0.126747500121
0.000363693406552 -0.000532372332523 -0.126498121239
0.000395514239688 -0.0004869861518 -0.126248121239
0.000423666542243 -0.000438076595507 -0.125998125096
0.000447043025666 -0.00038743044559 -0.125748125096
0.000463463606212 -0.00033269297135 -0.125498746214
0.000469546151985 -0.000269874084192 -0.125248750096
0.000461989121974 -0.000197857280174 -0.124998750096
0.000440146622489 -0.000122241654915 -0.124749371214
0.000407286199571 -5.37930170206e-05 -0.124499371214
0.000367268465534 -2.36001844677e-07 -0.124249371214
0.000319486677602 4.01616372938e-05 -0.123999992332
0.000261325030299 7.18752794103e-05 -0.123749992332
0.000194988335032 9.20628879489e-05 -0.123499992332
0.000124864999563 9.5860901467e-05 -0.123249992332
5.20493153757e-05 8.54687575645e-05 -0.122999992332
-2.20003612578e-05 6.54407703688e-05 -0.122749988474
-9.21322337362e-05 3.54041307028e-05 -0.122499988474
-0.000152631472527 -8.08378803714e-06 -0.122249984617
-0.000199725951684 -6.72261696552e-05 -0.121999984617
-0.000231264088768 -0.000141728304285 -0.121749984617
-0.000246705599856 -0.000226166650689 -0.121499984617
-0.000248039625142 -0.000307689195499 -0.121249980759
-0.000238114137103 -0.000376227028925 -0.120999980759
-0.000217083754719 -0.000435044509696 -0.120749980759
-0.000183791815648 -0.000490859863987 -0.120499980759
-0.000139294468754 -0.000543490595629 -0.120249980759
-8.76370739875e-05 -0.000587581924219 -0.119999980759
-3.54791570702e-05 -0.000615747767769 -0.119749980759
1.20369007389e-05 -0.000625516470228 -0.119499980759
5.55517567159e-05 -0.000622638260787 -0.11924998076
9.8448799092e-05 -0.000614426903217 -0.11899998076
0.000142772974116 -0.000604845592605 -0.11874998076
0.000187910800004 -0.00059405329297 -0.118499363476
0.000231409540513 -0.000579423436688 -0.118249363476
0.00027262989249 -0.000560335057497 -0.117999363476
0.000313740389181 -0.000541350089297 -0.117749363452
0.000354854222848 -0.000524400265635 -0.117499363452
0.000392888598974 -0.000503038940681 -0.117249363428
0.000426656748967 -0.000473359880928 -0.116999363427
0.000457225204063 -0.000438791061264 -0.116749367261
0.000482856822671 -0.000396981844873 -0.116499367261
0.00049914231457 -0.000341217713743 -0.116249367261
0.000504959077014 -0.000275691094792 -0.115999367261
0.000502902624865 -0.000211545441508 -0.115749371119
0.000494150955269 -0.00015370941669 -0.115499371119
0.000476164933739 -9.97940544158e-05 -0.115249371119
0.000443596501359 -4.47120993349e-05 -0.114999371119
0.000394199001543 1.08313619374e-05 -0.114749374976
0.000332369460514 5.88000997054e-05 -0.114499374976
0.000261116614001 9.54420265043e-05 -0.114249375
0.000182418332792 0.000120061381399 -0.113999378858
0.000103458292344 0.000127066002666 -0.113749378858
2.88290934579e-05 0.000114519815731 -0.113499378882
-4.22766199696e-05 8.83703945145e-05 -0.113249378882
-0.000107837715251 5.25936621426e-05 -0.112999378906
-0.000162724192268 5.95742193715e-06 -0.112749378906
-0.000203059924478 -5.3041649832e-05 -0.112499378906
-0.000227168675785 -0.000123314128017 -0.112249375072
-0.000235084126724 -0.000200456719372 -0.111998753954
-0.000227739192838 -0.000278742523927 -0.111748753978
-0.000206310067934 -0.000353645819533 -0.11149875012
-0.000172155540162 -0.000422435715242 -0.111248750144
-0.00012679320621 -0.000483686354541 -0.110998750144
-7.28705683761e-05 -0.000535253281824 -0.110748125168
-1.43070196657e-05 -0.000574477748527 -0.110498125168
4.48604576264e-05 -0.000599941879906 -0.110248125168
0.000101068229891 -0.000611548043421 -0.109998125168
0.0001530454601 -0.000611722620754 -0.109748121311
0.000201333762569 -0.000603902709214 -0.109498121287
0.000246347859882 -0.000590324929205 -0.109248742405
0.000289797532452 -0.00057389876673 -0.108998742381
0.000332303703406 -0.000556210754257 -0.108748742357
0.0003696898441 -0.000532613580568 -0.108498742357
0.000399370612737 -0.000497922007038 -0.108248742333
0.000425549280812 -0.000455998360966 -0.107998742309
0.000452048953268 -0.000413466896649 -0.107748742309
0.000476694687679 -0.000368775855746 -0.107498742309
0.000495887528927 -0.000317531619636 -0.107249363403
0.000508878887069 -0.00026125727398 -0.106999363403
0.000515728482473 -0.000203313338594 -0.106749363403
0.000514038911477 -0.000142892606141 -0.106499363427
0.000501162326942 -7.94774701882e-05 -0.106249363427
0.000478815766043 -1.88497075811e-05 -0.105999363427
0.000450326799117 3.28927909588e-05 -0.105749363427
0.000414927928661 7.57201816697e-05 -0.105499363451
0.00037081619098 0.000110353984126 -0.105249363451
0.000318911953249 0.000134649471972 -0.104999363451
0.000259694965075 0.000147418664497 -0.104749363475
0.000193514507655 0.000148365758541 -0.104499367333
0.000122872726648 0.000136645623967 -0.104249367333
5.00756026539e-05 0.000113468818663 -0.103998746215
-2.02918039504e-05 7.96085105378e-05 -0.103748750097
-7.98203759392e-05 3.16974481762e-05 -0.103498750097
-0.000123419529038 -3.16470048975e-05 -0.103248750096
-0.000151409670803 -0.000105277312615 -0.102998750096
-0.000164429565417 -0.000183057641643 -0.10274875012
-0.000162592913841 -0.000260380865632 -0.10249875012
-0.000148328506185 -0.000330877472704 -0.10224875012
-0.000125664510193 -0.00038841411683 -0.10199875012
-9.69031780787e-05 -0.000432066104447 -0.10174875012
-6.12048641608e-05 -0.000465990171748 -0.10149875012
-1.52231103394e-05 -0.000496231370475 -0.101249371214
4.33601347452e-05 -0.000525818235675 -0.100999367356
0.000109950396704 -0.000550499305573 -0.100749367356
0.000174314890703 -0.000562826958893 -0.100499367332
0.000228793438346 -0.000559728927023 -0.10024998845
0.000272920222066 -0.000543974108773 -0.0999999845926
0.000311922621443 -0.000521351658764 -0.0997499845926
0.000351399635463 -0.000496998113917 -0.0994999845686
0.000392565230854 -0.00047282206657 -0.0992499845688
0.000433109893918 -0.000448051928153 -0.0989999845688
0.000471434176776 -0.000422030596036 -0.098750605687
0.000508163611948 -0.000395905076857 -0.098500605687
0.000542230789387 -0.000368432487293 -0.098250605687
0.000569117587568 -0.00033310777231 -0.0980006056871
0.000587109564822 -0.000287452190423 -0.0977506057111
0.000598680836631 -0.000236418610553 -0.0975006057112
0.000603346844062 -0.000181857850107 -0.0972506057112
0.000598736590254 -0.000123754978918 -0.0970006057112
0.000585708516609 -6.61910577607e-05 -0.0967506057112
0.000563276115553 -1.08548138339e-05 -0.0965006057112
0.00052461467855 4.56733474765e-05 -0.0962506057112
0.00046461251891 0.000103779663552 -0.0960006057114
0.000389693413072 0.000155043385647 -0.0957506057112
0.000314175426609 0.000188295782612 -0.0955006057112
0.000245377822775 0.000199755527755 -0.0952499845932
0.00017918755569 0.000193519282431 -0.0949999845932
0.000110089009269 0.000174805341457 -0.0947499807353
3.87776856581e-05 0.000146260093564 -0.0944993596173
-2.82195830658e-05 0.000107765526058 -0.0942493596173
-8.14267863673e-05 5.61606237711e-05 -0.0939993596172
-0.000113291381008 -1.24805007138e-05 -0.0937487384992
-0.000123291565641 -9.61858757887e-05 -0.0934987384992
-0.000116962712125 -0.000184828270157 -0.0932487384992
-0.000100491899005 -0.000266531758135 -0.0929987385231
-7.78933306404e-05 -0.0003338614732 -0.092748117405
-4.95429903846e-05 -0.00038650099947 -0.0924981212628
-1.13613050533e-05 -0.000430363858067 -0.0922481212628
4.04063685429e-05 -0.000470125089701 -0.0919981212628
0.00010314805818 -0.00050372105841 -0.0917481212627
0.000169352351344 -0.000526104857669 -0.0914981251206
0.000233476891835 -0.000535656066624 -0.0912481251206
0.000292960951143 -0.000533672989629 -0.0909981290024
0.000342890910389 -0.000520032761025 -0.0907481290022
0.000380281118993 -0.000495534483146 -0.0904981290022
0.000412123615054 -0.000465599193426 -0.0902481290022
0.000447560999881 -0.000436024510366 -0.0899981290022
0.000485649332897 -0.000407181543823 -0.0897487501203
0.000518987993199 -0.000375177838049 -0.0894987539781
0.000544196337513 -0.000337199559336 -0.0892487539781
0.000563884641522 -0.000294340749293 -0.0889987539542
0.000582506043128 -0.000250605839494 -0.0887487539542
0.000601184511187 -0.000208140045515 -0.0884987539542
0.000614878890151 -0.000162860467056 -0.0882487539543
0.00061680927092 -0.000109145540179 -0.0879993750723
0.00060614304257 -4.87050471716e-05 -0.0877493750725
0.000590416214329 8.65454131239e-06 -0.0874993750485
0.000578594687349 5.41509911803e-05 -0.0872493750485
0.000567400878235 9.06801696611e-05 -0.0869993750487
0.000540953187316 0.000128251929012 -0.0867493750487
0.00049126225858 0.000168014284663 -0.0864993711908
0.000425258802814 0.000201918296722 -0.0862493712148
0.000350138278038 0.000224162313874 -0.0859993712149
0.000271973160115 0.000231390163905 -0.085749367357
0.000200349459737 0.00021981021529 -0.085499367357
0.000137833381285 0.000189554111203 -0.085249363499
7.90472171942e-05 0.000145331362673 -0.084998742381
2.32871049271e-05 9.1356093647e-05 -0.0847487385471
-2.44868467466e-05 3.00003548789e-05 -0.0844987385471
-6.12767984023e-05 -3.51307805658e-05 -0.0842481135712
-8.63086196131e-05 -9.95591717943e-05 -0.083998113571
-9.58160410734e-05 -0.000162913020091 -0.083748113595
-8.51393119882e-05 -0.00022754339525 -0.083498113595
-5.56771599682e-05 -0.000291065945985 -0.083248113595
-1.27591581498e-05 -0.000347984931974 -0.082998113619
3.91380688242e-05 -0.000394612426609 -0.0827481136188
9.56306504543e-05 -0.000428670107224 -0.0824981174767
0.000155337376435 -0.00045090150076 -0.0822481174767
0.000219366808529 -0.000463609940759 -0.0819981174767
0.000283782321704 -0.000466178945051 -0.0817481213584
0.00034350759781 -0.000458245680503 -0.0814981213344
0.000401041183843 -0.000443203798519 -0.0812481213344
0.000458957014496 -0.000423938408021 -0.0809987463103
0.000510637666497 -0.000399634878089 -0.0807487463103
0.000550684732786 -0.000369803987975 -0.0804987462863
0.000583461983875 -0.00033696562991 -0.0802487462863
0.000612053607234 -0.000302632349426 -0.0799987501203
0.000633262223678 -0.000264709730735 -0.0797487500963
0.000646476453531 -0.0002216595239 -0.0794987500963
0.000655404969707 -0.00017511002897 -0.0792487500723
0.000663428236104 -0.000127918052349 -0.0789993711664
0.00067159291936 -8.19510783808e-05 -0.0787493711664
0.000675080422845 -3.46883589554e-05 -0.0784993711664
0.000663010847086 2.01432731717e-05 -0.0782493711664
0.000628172472405 8.40204113712e-05 -0.0779993711426
0.000575225165317 0.000149374187487 -0.0777493711426
0.000516938667415 0.000205543971676 -0.0774987500246
0.000463755082353 0.000246400889122 -0.0772487461667
0.000414932347485 0.000272903878252 -0.0769987461668
0.000360446551215 0.000288990208258 -0.0767487461668
0.000294500364877 0.000295441028264 -0.076498742309
0.000222232766351 0.000289541783975 -0.0762481212151
0.00015327210229 0.000268582868126 -0.0759981212151
9.51388308149e-05 0.000231434067129 -0.0757481173572
4.90732592475e-05 0.00017922496749 -0.0754981173572
1.26417891743e-05 0.000115139598106 -0.0752481173573
-1.27144846176e-05 4.21852106379e-05 -0.0749981134995
-2.50650974963e-05 -3.60912205542e-05 -0.0747481135234
-2.6041802468e-05 -0.000113989796603 -0.0744981135234
-1.37493253071e-05 -0.000188364714216 -0.0742481135474
1.64710122117e-05 -0.000259318269586 -0.0739981135474
6.39129831509e-05 -0.000324511209261 -0.0737481135475
0.000123977620091 -0.000379843148696 -0.0734981174294
0.000189195521239 -0.000420812497394 -0.0732481174294
0.000247639291365 -0.000442713773647 -0.0729981213112
0.000293023278117 -0.000446176105838 -0.0727481213112
0.000332772512609 -0.000438249348029 -0.072498125193
0.000377535086913 -0.000424918318497 -0.072248125193
0.000428564729484 -0.000407143999274 -0.071998125217
0.000478748328728 -0.000383660080123 -0.071748125217
0.000520846009486 -0.000354155084696 -0.0714981290749
0.000553313133528 -0.00031980274035 -0.0712481290747
0.000579536841391 -0.000282291962063 -0.0709981290508
0.000603021892643 -0.000242963344869 -0.0707481290506
0.000624066485576 -0.000202370880661 -0.0704981290506
0.000641446558229 -0.000160453790585 -0.0702481290267
0.000655477297043 -0.00011748029052 -0.0699981290265
0.000666039818334 -7.35621713137e-05 -0.0697481290024
0.000670932586662 -2.78019515513e-05 -0.0694981290024
0.00067026402256 1.93026294479e-05 -0.0692481251204
0.000667006112337 6.5332963006e-05 -0.0689981251204
0.000658872557137 0.000110555931559 -0.0687475040024
0.000637282421256 0.000157662750124 -0.0684975039784
0.000599637081896 0.000205064896107 -0.0682475039784
0.000553760322177 0.000246807607388 -0.0679975001206
0.000506810921718 0.000278783309842 -0.0677475001206
0.000458303456105 0.000300181794494 -0.0674975001206
0.000404016242284 0.000310736892578 -0.0672475001207
0.00034111488376 0.000309349265738 -0.0669974962628
0.000269522001971 0.000294692250532 -0.066747496263
0.000191038374082 0.000266328757529 -0.066497496263
0.000111415507984 0.000224986035593 -0.0662481135231
4.33095427828e-05 0.000171641365425 -0.0659981135472
-1.22376311762e-06 0.000106896032124 -0.0657481135472
-2.27088547311e-05 3.31283374433e-05 -0.0654981135474
-3.17171023354e-05 -4.32922161061e-05 -0.0652487308075
-3.47151340316e-05 -0.000115396728315 -0.0649987308075
-2.64661786143e-05 -0.000181497944222 -0.0647487308075
1.82744072608e-06 -0.000243586672381 -0.0644987308075
4.87099581643e-05 -0.000299802492546 -0.0642487308075
0.000104732837487 -0.000345038400337 -0.0639987308075
0.000167290168882 -0.000378130856825 -0.0637487308075
0.000241074539353 -0.000401002105891 -0.0634987308075
0.00032498115734 -0.000413149491322 -0.0632487308075
0.000405511170275 -0.000411609774592 -0.0629987308075
0.000465634921096 -0.000395556519163 -0.0627481096894
0.00050364833172 -0.000369009823549 -0.0624981729585
0.00053486311963 -0.000337131114765 -0.0622479866159
0.000571227763249 -0.000302340743249 -0.061997862004
0.000611923531486 -0.000265420076988 -0.061747675671
0.000650171040262 -0.000227211960304 -0.0614974893355
0.000678307019294 -0.000188212788988 -0.0612473651143
0.000691802594931 -0.000147728967556 -0.060997240893
0.000693855189597 -0.000104863798409 -0.0607471166741
0.000690562006725 -5.97452514854e-05 -0.0604969928387
0.000681491340781 -1.19487747181e-05 -0.0602469307316
0.000663717599748 3.91823831877e-05 -0.0599968065128
0.000640156574367 9.14726278075e-05 -0.0597467444059
0.000613963608763 0.000142076480738 -0.0594966822965
0.000584668341621 0.000189608864532 -0.0592466201872
0.000553281772295 0.00023242203832 -0.0589966201897
0.00051770351562 0.00026995348173 -0.0587465580803
0.000471095398399 0.000302266142765 -0.0584965584686
0.00041469860824 0.000326834867287 -0.0582466213521
0.000357071834408 0.000340589296221 -0.0579966838497
0.000300735813145 0.000342330982563 -0.0577467467308
0.000241737007001 0.000331421871437 -0.0574968717236
0.000177490756608 0.00030694338403 -0.0572469971046
0.000112886277717 0.000268585045188 -0.0569971220974
5.92284183237e-05 0.000217203336822 -0.0567473095878
2.24721813011e-05 0.000154339199669 -0.0564974353522
-2.33010560997e-06 8.26112246321e-05 -0.0562476232284
-1.95676733692e-05 6.42597049642e-06 -0.0559977486069
-2.50155568309e-05 -7.00352064881e-05 -0.0557478739855
-1.41460870523e-05 -0.000143767370137 -0.0554979989758
1.14679659462e-05 -0.00021147132527 -0.0552481239686
4.87502097685e-05 -0.000270062345873 -0.0549982485732
9.61140536951e-05 -0.00031772033934 -0.0547483727944
0.00015189833528 -0.000353451308318 -0.0544984970155
0.00021193949494 -0.000376338072121 -0.0542485583533
0.000270081134858 -0.00038592692452 -0.053998681803
0.000324418354923 -0.000383525478575 -0.0537487427597
0.000378258525946 -0.000371218798099 -0.0534988037141
0.000434854024634 -0.000350364194135 -0.0532488646709
0.000494873964862 -0.000321691818431 -0.0529989256301
0.000552089479715 -0.000286260243898 -0.0527489865892
0.000594880883693 -0.000246432898271 -0.0524990475508
0.000619856674295 -0.000204609109249 -0.0522490467863
0.000635837355299 -0.000161525057545 -0.0519990460219
0.000652620754686 -0.000117383185639 -0.0517490456432
0.000672698062479 -7.32402259612e-05 -0.0514990452622
0.000691120530328 -3.01066610619e-05 -0.0512490448812
0.000700899842984 1.26443281662e-05 -0.0509989827741
0.000702247274238 5.59585765643e-05 -0.0507489206647
0.000701654389892 9.90918052092e-05 -0.0504988589387
0.00069813365277 0.000142058231941 -0.0502487968269
0.000681407468677 0.000186623581874 -0.0499986729867
0.000646402042931 0.000232330263265 -0.049748424923
0.000597634469737 0.000275718111499 -0.0494981768592
0.000539578839379 0.00031340017353 -0.049247867067
0.000475256693982 0.000342726721217 -0.0489974951654
0.000411140484015 0.000361650296918 -0.0487471857614
0.000350431480239 0.00036926470201 -0.0484968759693
0.00028857989769 0.000364598586831 -0.0482465661771
0.000220941963628 0.000345982530455 -0.0479963181133
0.000148848493545 0.000312478332322 -0.0477460083235
8.14639290932e-05 0.000265439597536 -0.0474957606455
2.9748421799e-05 0.000207821619792 -0.0472455743053
-4.10311856066e-06 0.000141875345336 -0.0469955121911
-2.34349537451e-05 6.96763840881e-05 -0.0467455118029
-2.75035894765e-05 -5.62667631821e-06 -0.046495573529
-1.50992231171e-05 -8.06468371791e-05 -0.0462456965928
1.04936602669e-05 -0.00015172048348 -0.0459958813827
4.77856008575e-05 -0.000215434406114 -0.0457460661749
9.78439556284e-05 -0.00026953483153 -0.0454962505814
0.000159291749589 -0.000312218250832 -0.0452464349903
0.000232211965448 -0.000342372476667 -0.0449965576707
0.000316007646096 -0.000359054099581 -0.0447467420796
0.000400692795603 -0.000361174771095 -0.0444968026506
0.000475820439534 -0.000349523390313 -0.0442468018839
0.000541575226775 -0.000326428570021 -0.0439968011171
0.000600203928221 -0.000294112552507 -0.0437467386243
0.000646173229349 -0.000255571355522 -0.0434966769031
0.00067396735842 -0.000214548621542 -0.0432465530724
0.000690177260768 -0.000172401274801 -0.0429964921228
0.000704970484534 -0.000128431703298 -0.0427463686756
0.000717029249156 -8.37597041218e-05 -0.0424962459975
0.000719146289705 -4.03213043579e-05 -0.042246185043
0.000710794848249 2.28836864679e-06 -0.0419960623626
0.000698284499789 4.56363792268e-05 -0.0417460014033
0.000686584674409 8.99125042009e-05 -0.0414959408299
0.000673856612895 0.000134294947488 -0.0412458802564
0.000656007078782 0.000178337742528 -0.0409958196805
0.000634370024826 0.000221398839688 -0.0407457587165
0.000611492789064 0.0002624877822 -0.0404957598642
0.000582642414633 0.000300984225831 -0.0402457613954
0.000540913080908 0.000335680139411 -0.0399957625383
0.000488791749707 0.000364304675644 -0.0397458886788
0.000435239937536 0.000385192243989 -0.0394959527124
0.000381188026523 0.000397120563718 -0.0392460792435
0.000319642872409 0.000397513782448 -0.038996205777
0.000253340747761 0.000384588783556 -0.0387463944223
0.00019565940311 0.000359917711417 -0.0384965830676
0.000148861095577 0.000323837232343 -0.038246708832
0.000101151375141 0.000272880435808 -0.0379968345964
4.9472338636e-05 0.000206863187453 -0.0377469599773
6.31589731801e-06 0.000131958199177 -0.0374970845868
-1.63254902238e-05 5.45802184051e-05 -0.037247084201
-1.60198613562e-05 -2.18830772973e-05 -0.0369970217058
4.23164223322e-06 -9.50997154895e-05 -0.0367468338273
3.79965289336e-05 -0.000162404846149 -0.0364965830654
7.61550209819e-05 -0.000220677935997 -0.0362462698083
0.000116615758945 -0.000267241907403 -0.0359960178915
0.000167059236654 -0.000300868267145 -0.0357457030936
0.000228829777789 -0.000321032562461 -0.0354953261816
0.00029311895635 -0.00032775679299 -0.0352450117672
0.000358425969412 -0.000321454223245 -0.0349946977385
0.000431208395491 -0.000301607100969 -0.0347443223696
0.00050633577743 -0.000268878991802 -0.0344940091126
0.000566581032923 -0.000228087225892 -0.0342438204625
0.000605402071247 -0.000184246412939 -0.0339936939242
0.000633898752858 -0.000137381911042 -0.0337436919929
0.000661227177722 -8.63750523463e-05 -0.0334936904474
0.000682868900103 -3.43974552945e-05 -0.0332436900593
0.000690996224235 1.41085767473e-05 -0.0329937525545
0.000687801488318 5.92645275943e-05 -0.0327438767733
0.00068413314684 0.000104435764782 -0.0324940009944
0.000682205979516 0.000149552333716 -0.0322441259896
0.000669881578074 0.000192009654753 -0.0319943134823
0.000640759937569 0.000232388353402 -0.0317445009774
0.000604537213736 0.000272635043665 -0.0314947505866
0.000571048700129 0.000312601822867 -0.0312450001959
0.000538785672206 0.000350835605134 -0.0309951873099
0.000499386872664 0.000385468197885 -0.0307453744287
0.000446972678199 0.000414150731141 -0.0304956244286
0.000385046616264 0.000434930751236 -0.0302458119284
0.000321411181592 0.000447001205975 -0.0299960615401
0.000258400642881 0.000449349788162 -0.0297462490423
0.000195468284348 0.000440417800834 -0.0294963748162
0.000135022655467 0.000419570694515 -0.0292465009783
7.8361570131e-05 0.000386132019878 -0.0289965646428
2.4083604619e-05 0.000338642552154 -0.0287466286908
-2.43000878857e-05 0.000278487784307 -0.0284966935104
-5.84998021898e-05 0.000210491232709 -0.0282467579417
-7.43974451208e-05 0.000138415810126 -0.0279967598756
-7.23709946637e-05 6.45057621485e-05 -0.0277468231496
-5.34158098951e-05 -8.65675351023e-06 -0.0274968239237
-1.91750262854e-05 -7.8058501037e-05 -0.0272468864238
2.9993189408e-05 -0.000140072628144 -0.0269968860405
9.19355276792e-05 -0.000191695191465 -0.0267469473784
0.000158634398528 -0.00023122602353 -0.0264970704399
0.000227332582452 -0.000256955689734 -0.0262471313873
0.000301532684465 -0.000267328001248 -0.0259971919441
0.00037525000555 -0.000263043169889 -0.0257473142221
0.000440600574002 -0.000246430698705 -0.0254973743858
0.000499079923767 -0.000218723646388 -0.0252473720544
0.000548270272937 -0.000182482677081 -0.0249974318348
0.000582217174475 -0.000142328008219 -0.0247474295035
0.000603936418458 -0.000100023382254 -0.0244973650578
0.000619781416281 -5.48647958555e-05 -0.0242473013838
0.000632363679352 -6.863894009e-06 -0.0239972373264
0.000640665869255 4.22733842117e-05 -0.0237471732737
0.000641075602627 8.93969264871e-05 -0.0234971099998
0.000632867947435 0.000133413064739 -0.0232469850023
0.000619853014954 0.00017612952184 -0.022996860781
0.000606884541672 0.000219400768931 -0.0227467365646
0.000597965548256 0.000263706763869 -0.0224966119647
0.000591511171648 0.000307390132154 -0.0222465494838
0.000577873333914 0.000347766492955 -0.0219964245076
0.000548490594402 0.000383400140936 -0.0217462378055
0.000505333561766 0.000414421472472 -0.0214960514843
0.000459219051226 0.000441916755326 -0.0212458651631
0.000417812366863 0.00046654815408 -0.0209957413371
0.000376848885963 0.000486279064678 -0.0207455557852
0.000329711253378 0.000497475122035 -0.0204954327308
0.00027557789604 0.00049733564412 -0.0202452475646
0.00021260681523 0.000481918616717 -0.0199951241173
0.000140791812142 0.000447638134997 -0.0197449385558
6.94518873628e-05 0.000396714634431 -0.0194948772155
9.2957026322e-06 0.000334702254732 -0.0192447541492
-3.49524481975e-05 0.000265483103654 -0.0189947549208
-6.20718196124e-05 0.00019161826586 -0.0187447556876
-7.24888604091e-05 0.000115217053334 -0.0184947564544
-6.7733506417e-05 3.84408827017e-05 -0.0182448189472
-4.85836261832e-05 -3.54007392224e-05 -0.01799488144
-1.3319152226e-05 -0.000101697558451 -0.0177449439329
3.94826870088e-05 -0.00015670483417 -0.0174950064257
0.000103593551131 -0.000199778011869 -0.0172450689186
0.00016762697497 -0.000231674309652 -0.0169951314066
0.000228929366594 -0.000251233891602 -0.0167451313995
0.000296604677806 -0.000254852912023 -0.0164951935018
0.000377424781727 -0.000239334132601 -0.016245255604
0.00046259657153 -0.000206500231127 -0.0159953177039
0.000533713078114 -0.00016405770962 -0.0157453798038
0.000583446060096 -0.00011825093328 -0.0154954422871
0.0006206400019 -6.80859210384e-05 -0.0152455043846
0.000652773260266 -1.15735339588e-05 -0.0149956285963
0.000676634315256 4.73123418897e-05 -0.0147456910819
0.000687354001465 0.000102496698155 -0.01449575357
0.000684388400388 0.000150785937291 -0.0142458160629
0.000670231114681 0.00019237538376 -0.0139958785605
0.000651138145643 0.000231472628284 -0.0137459410582
0.000633549274906 0.000272319271216 -0.0134960035582
0.000616711057307 0.000313674377015 -0.0132460660607
0.000595315532513 0.00035229056018 -0.0129961285655
0.000567159346944 0.000387677268388 -0.0127461910726
0.000531629391683 0.000419987372776 -0.0124961914656
0.000485343636825 0.000447599689674 -0.0122462539704
0.000427943636344 0.000469232557424 -0.0119962543682
0.000368020040141 0.000486259357038 -0.0117461926517
0.00031317076966 0.00050010138012 -0.0114961934305
0.000261254392189 0.000508759228785 -0.0112461317116
0.00020918915266 0.000509483715654 -0.010996069607
0.000156842573554 0.000500466147629 -0.0107459457763
0.000102306372752 0.000478259843394 -0.0104958211716
4.75611755628e-05 0.000441528778025 -0.010245634841
6.33366586973e-07 0.000394246555831 -0.00999538639617
-3.39853283608e-05 0.000339279286316 -0.00974519967496
-5.64759222819e-05 0.000276398931145 -0.00949495045374
-6.47112525372e-05 0.000208107226065 -0.00924470084673
-5.52868793608e-05 0.000139006193529 -0.00899445085395
-2.93534847574e-05 7.07610526657e-05 -0.00874426258958
8.53228075339e-06 3.9755614175e-06 -0.0084941368204
5.60902918085e-05 -5.75325776207e-05 -0.00824401182281
0.000114564694855 -0.000107948280956 -0.00799401104643
0.000184257599811 -0.000143318134262 -0.00774407238185
0.000260098069724 -0.000163177796101 -0.00749419621725
0.000333994521956 -0.0001690367033 -0.00724438293364
0.000400950643261 -0.000162218304644 -0.00699457003581
0.000458972035808 -0.000144122216573 -0.00674475752378
0.00050586546564 -0.000117400518941 -0.00649500789512
0.000540975835805 -8.46599350226e-05 -0.00624518982965
0.000567120606941 -4.64778068301e-05 -0.00599537839973
0.000589278278641 -1.05464186868e-06 -0.00574557946981
0.000609913834968 5.27035674248e-05 -0.00549579277032
0.000624468533022 0.000109892433032 -0.00524599349464
0.000627292508428 0.000163138074502 -0.00499614422112
0.000620860401782 0.0002124018051 -0.00474625733332
0.000612346110228 0.000263132344703 -0.00449637021381
0.000603841608166 0.000315727050202 -0.00424647672786
0.000590740809711 0.000364191327971 -0.00399655816524
0.000569830021098 0.000405468780304 -0.00374659596886
0.000545607399132 0.000443621258967 -0.00349662748343
0.000524255970334 0.000482588824484 -0.00324665868866
0.000503533665274 0.000520369838525 -0.00299668321906
0.000474459668752 0.000552058514939 -0.00274668244181
0.000432282837523 0.000575181649299 -0.00249664424388
0.000382328327843 0.000591594456226 -0.00224658756769
0.000332454717404 0.000604128726982 -0.00199652472058
0.000279508193839 0.000609036600217 -0.00174646164343
0.00021495331655 0.00059748113959 -0.00149637372179
0.000144456278302 0.000569217838433 -0.00124627974256
8.06412994103e-05 0.000531236024329 -0.00099620416562
2.41500847881e-05 0.000482377441933 -0.000746146490167
-2.7906499622e-05 0.000417954888763 -0.000496104301523
-7.017810119e-05 0.000342346313061 -0.000246088215632
-9.56373450971e-05 0.000264165816354 3.90380446382e-06
-0.000101447830787 0.000188790992998 0.000253880953221
-8.83895358847e-05 0.000117758378371 0.000503855246322
-5.9414563512e-05 5.07740175611e-05 0.000753834133873
-1.60307233129e-05 -9.78100070967e-06 0.00100382969522
4.21925042283e-05 -5.92676832509e-05 0.00125385604193
0.000111727514664 -9.64050224406e-05 0.00150392547991
0.000185225645468 -0.000122173791239 0.00175402585709
0.000260156692443 -0.00013432577005 0.00200416334705
0.000338250768832 -0.000129059963298 0.00225435662212
0.000416396008171 -0.000106666028778 0.00250461189231
0.00048645891978 -7.18062908499e-05 0.00275489181336
0.000541512703622 -3.02467129138e-05 0.00300516540749
0.000581192916872 1.53490466354e-05 0.00325542013685
0.000611637181926 6.76158128038e-05 0.00350568088378
0.000635586758404 0.000127240281629 0.00375595393732
0.000647115071234 0.000185632752346 0.00400619574351
0.000641069226607 0.000232612485906 0.00425634419173
0.000621965386402 0.00026915435273 0.00450641178101
0.000598651799005 0.000304336403897 0.00475646058435
0.00057461762409 0.000342065244085 0.00500651548503
0.00054848317956 0.000379754313378 0.00525657031092
0.00051953670438 0.000415651015362 0.0055066064285
0.000488640408598 0.000450001766016 0.00575662387561
0.000455694211273 0.000482091458394 0.00600662890011
0.000418795814718 0.000509959014705 0.00625660896436
0.000377136850247 0.000532977990623 0.00650654570227
0.000333974051832 0.000553311569067 0.00675642033318
0.00029278896488 0.000572755636669 0.0070063570711
0.000249775669442 0.000587584171383 0.00725623169964
0.000196150836685 0.000589237267542 0.00750604382582
0.00013133819618 0.000573829554215 0.00775566961661
6.83953026654e-05 0.000549459071057 0.00800529501685
1.97915280126e-05 0.00052716508861 0.0082550450265
-1.70182232823e-05 0.000504626903859 0.00850479503376
-5.19640111075e-05 0.000468378984916 0.00875448292925
-8.81956318188e-05 0.000409607379872 0.00900404698456
-0.000119908359638 0.000331983386136 0.00925361142804
-0.00013686109685 0.000249755757796 0.00950317664072
-0.000132986965598 0.000174320973455 0.00975286646275
-0.000112178326786 0.000102639441183 0.0100026187824
-8.08738377154e-05 2.97568788815e-05 0.0102524960972
-3.88854361833e-05 -3.74077311545e-05 0.0105023741812
1.76241406241e-05 -8.83426291708e-05 0.0107524386029
8.80882219751e-05 -0.000119855923793 0.0110025659081
0.000165064384891 -0.00013557581673 0.0112528166629
0.000237772204933 -0.000141167106142 0.011503067801
0.000299220650896 -0.000139720224606 0.011753256444
0.00035145951225 -0.000128609314015 0.0120035064247
0.000401918193453 -0.000101365944002 0.0122537560221
0.000453753418764 -5.45193124818e-05 0.0125040673455
0.000501756254432 7.53693040747e-06 0.0127543161737
0.000537806876614 7.51774301319e-05 0.0130046259563
0.000557468392298 0.000139729712766 0.0132547494059
0.000562347101786 0.000198430634661 0.0135048724697
0.000557561977332 0.000254314655227 0.0137549330383
0.000545992900342 0.000308545223192 0.0140049936093
0.000528147550067 0.000358739336948 0.0142549920709
0.000505734772307 0.000404935629293 0.0145049905324
0.00047994144442 0.00044689141008 0.0147549268846
0.000450810796481 0.00048323354286 0.015004863625
0.000420588574717 0.000516913430006 0.0152548007536
0.000391572587742 0.000550593460886 0.015504738268
0.000360422697128 0.00058010865973 0.0157546136706
0.000319367948546 0.000598288587831 0.0160044890708
0.000264090410727 0.00060209284502 0.0162543644686
0.000199558572731 0.000595631628215 0.0165041773665
0.000135858264016 0.000586338750388 0.0167540527619
7.76859713117e-05 0.000576666192259 0.017003928155
2.13465553572e-05 0.000560596627304 0.0172538039338
-3.69669075978e-05 0.000530546932741 0.0175036797103
-9.3853510765e-05 0.000486665460067 0.0177536175985
-0.000142955886994 0.000434438107625 0.018003555101
-0.000181689880476 0.000375718324494 0.0182535554844
-0.000208940824499 0.000310826323787 0.0185036179772
-0.000221796107641 0.000244568019146 0.0187536808582
-0.000218400223421 0.000181325103755 0.0190038062367
-0.000199769083202 0.000120155928041 0.0192539937271
-0.00016746947037 5.99878115347e-05 0.019504181215
-0.000122454621465 3.42064227515e-06 0.0197543687054
-6.58709536663e-05 -4.52505635148e-05 0.0200045565791
1.13029955247e-06 -8.11741801657e-05 0.0202547440671
7.75709370206e-05 -9.98814365101e-05 0.020504869829
0.000160706732893 -9.98546304424e-05 0.0207549327076
0.000243694001358 -8.44555265261e-05 0.0210049334743
0.000318425364827 -5.88570063966e-05 0.0212548721293
0.000382480719516 -2.35564553016e-05 0.0215047479009
0.000436087631844 2.21014431163e-05 0.0217546236725
0.000474505171054 7.08772177872e-05 0.0220044373323
0.00049556967542 0.000116257538269 0.0222541888827
0.000506648209091 0.00016493795201 0.0225040025449
0.000513537900584 0.000224511585056 0.0227536915977
0.000512720698348 0.000287352949252 0.0230033806553
0.000499536260119 0.000339610048339 0.0232531322104
0.000475557622009 0.000378293017543 0.0235029454917
0.000446614171292 0.000413074340517 0.0237527591586
0.000417518927459 0.000454166041371 0.024002511102
0.000388658623603 0.000499766102222 0.0242522626596
0.000356717759745 0.000538704507304 0.0245020767123
0.000318693416764 0.000564594133576 0.0247519524935
0.000275194996734 0.000581249246921 0.0250018286581
0.000230858010763 0.000597333357561 0.0252517669369
0.000191217571887 0.000619252928505 0.0255016427156
0.000156099744908 0.000644769552293 0.0257515188802
0.000118098946675 0.000663748844449 0.0260013950424
7.10625426418e-05 0.000667598106388 0.0262513954306
1.58947527797e-05 0.000654783091724 0.0265013958164
-4.03299158447e-05 0.000631201833792 0.0267515204282
-8.94319835334e-05 0.000606354512086 0.0270016454234
-0.000132033989217 0.000577231269595 0.027251707921
-0.000174510514038 0.000526656675192 0.0275019567564
-0.000213968226082 0.000451656095323 0.0277522055895
-0.000239652184554 0.000371986219837 0.0280025165319
-0.000246465912087 0.000302022824544 0.0282528274767
-0.000237407945933 0.000235048276841 0.0285030755382
-0.000215559091826 0.000163095452817 0.0287533235996
-0.000179949757299 9.44349131987e-05 0.0290035716587
-0.000129850051612 3.86861847032e-05 0.0292537572225
-6.95729518914e-05 -7.68310153819e-06 0.0295039423982
-5.79631340212e-06 -4.93358480564e-05 0.0297541271904
5.87087578279e-05 -8.08341924189e-05 0.0300043119803
0.000124831472696 -9.39554222144e-05 0.0302544342726
0.000192106987131 -8.62573921505e-05 0.0305045565649
0.000258242642016 -5.8865668309e-05 0.0307546167453
0.000321684349531 -1.16825964712e-05 0.0310046769258
0.000380204608288 5.43969977022e-05 0.0312547996039
0.000427464592452 0.00013060767349 0.0315048601701
0.000457056198049 0.000203909826992 0.0317548590104
0.000470366329398 0.00027212393374 0.0320048582364
0.000472465271159 0.000341453260758 0.0322547961222
0.000464534511482 0.000410262427232 0.0325047961222
0.000447096296289 0.000473668272924 0.0327546722844
0.000422634942111 0.000532008815713 0.0330046109441
0.000392963000179 0.000583434266235 0.0332544878779
0.000358834108705 0.00062227377907 0.0335043648141
0.000320759019084 0.000645486252707 0.0337542417502
0.000279206075107 0.00065606161061 0.0340041186864
0.000235420461203 0.000662109684404 0.0342539956249
0.000190750678106 0.000668971377493 0.0345038104493
0.00014422777609 0.000673637933126 0.0347536873854
9.39809204353e-05 0.000671792330815 0.0350035022098
4.12269024721e-05 0.000664943206606 0.0352533795317
-1.08785741593e-05 0.00065664336961 0.035503194356
-6.13285834826e-05 0.000646156957493 0.0357530091803
-0.000112014418694 0.000627126033462 0.0360028861165
-0.000163581960515 0.000593892780248 0.0362527013289
-0.000211813140688 0.000550016369759 0.036502578265
-0.00025156839635 0.000503690584109 0.0367525177011
-0.000281855891882 0.000454794836062 0.0370024571348
-0.000303506756321 0.000395434519601 0.0372524586827
-0.000314750927933 0.000324347742394 0.0375024602282
-0.000312003709333 0.000253039149321 0.0377525238878
-0.000293569646091 0.00019234812046 0.0380026488878
-0.000260083910596 0.000141611524379 0.0382527738853
-0.000212727382334 9.71858477932e-05 0.0385029606113
-0.00015287818052 5.99246866936e-05 0.0387531473348
-8.33160624759e-05 3.055660216e-05 0.0390033332868
-8.97189292927e-06 7.50690438371e-06 0.0392535805815
6.50762504773e-05 -7.79808954293e-06 0.0395037036501
0.000136963991615 -7.84522269206e-06 0.0397538880614
0.000206905264468 1.44583828567e-05 0.0400039478609
0.000271620959895 5.58072501979e-05 0.0402540076604
0.000324316231757 0.000104253764279 0.0405040670741
0.000361820327416 0.00015293846495 0.0407540030334
0.000385726341017 0.000203127647851 0.0410040007187
0.000396923960529 0.000252912394744 0.0412539370638
0.000396374500462 0.000299120859918 0.0415038730207
0.000387258456939 0.0003472085133 0.0417538097492
0.000371376385597 0.000402184403121 0.0420037464777
0.0003482288518 0.000457944013925 0.0422536839754
0.000318139647789 0.000505912631183 0.0425036214707
0.000282871057626 0.000545478412571 0.0427535589684
0.000244208762713 0.000580775876075 0.0430035589613
0.000203495671783 0.000613201068947 0.0432534972281
0.000161707467413 0.000640883919077 0.0435034976044
0.000119196719327 0.000661562620362 0.043753497983
7.55187102584e-05 0.000673887183127 0.044003498745
3.0541157112e-05 0.000679687784212 0.0442534987379
-1.39206007622e-05 0.00068513517698 0.0445034991141
-5.61074260925e-05 0.000693547863349 0.0447535619878
-9.80957191753e-05 0.000698103718735 0.045003562364
-0.000142925708478 0.00068956701808 0.0452536252402
-0.000189101214621 0.000668648727624 0.0455036260046
-0.000233341402317 0.000639772633202 0.0457536884973
-0.000274777565575 0.000598159495436 0.0460037513759
-0.000311822515956 0.000537165421787 0.0462538138711
-0.000339929945417 0.000462563727721 0.0465038146379
-0.000355157618246 0.000387697572869 0.0467538150237
-0.00035656857508 0.000316097920575 0.0470038157929
-0.000344048022003 0.000240646182728 0.0472537540669
-0.000317146102755 0.00016062573323 0.0475036306149
-0.000276518737481 8.5018136242e-05 0.0477535067771
-0.000224069406058 2.20694680519e-05 0.0480033829416
-0.000162086875995 -2.37401387513e-05 0.0482532594896
-9.2889924529e-05 -5.07906744241e-05 0.0485031356518
-1.90425659063e-05 -5.95666834655e-05 0.048753074314
5.65686372626e-05 -5.04801803755e-05 0.0490030129738
0.000130621752691 -2.47231982956e-05 0.0492529516336
0.000198991157414 1.37987163942e-05 0.0495030145193
0.000257625031055 6.03916571262e-05 0.0497530774075
0.000304594255748 0.000114358830809 0.0500032024099
0.000340644515902 0.000181952657415 0.0502534512501
0.000365725180691 0.000267381644128 0.0505037618162
0.000376408123316 0.000357299342406 0.0507541344918
0.000370814496902 0.000429496395292 0.0510044446746
0.000352659584513 0.000482101974923 0.051254754474
0.00032614620317 0.000532004063799 0.0515050642758
0.000292756292902 0.000582999257907 0.0517553740776
0.000254570770093 0.000620697400526 0.0520056834913
0.000214508257517 0.000637717680161 0.0522558690671
0.000173425168557 0.000644064139674 0.0525059921477
0.000130876715278 0.000651040383113 0.0527561773353
8.73023680742e-05 0.00065827306953 0.0530063004088
4.32099784844e-05 0.000661167075572 0.0532564855917
-1.44035752882e-06 0.000659773968428 0.0535065465485
-4.6592183597e-05 0.000654870508626 0.053756669229
-9.23847697081e-05 0.000643966490937 0.0540067305669
-0.000138801383923 0.000625618806921 0.054256791519
-0.000184721788429 0.000602069977098 0.0545067907426
-0.000228929746208 0.000573890311617 0.054756727464
-0.000270685013547 0.000537686601336 0.0550066645686
-0.000308339103472 0.000493196893073 0.0552564770639
-0.000339622186601 0.000445395531016 0.0555063520567
-0.000363138252855 0.000396654236069 0.055756164552
-0.000377788801098 0.000345376584278 0.0560059153236
-0.000382242568586 0.000292798010684 0.0562556660975
-0.00037546304154 0.000242461193419 0.0565053547597
-0.000356157668724 0.000192940647512 0.0567551059218
-0.000322185422857 0.000137977232513 0.0570047328604
-0.000272720441567 7.64264868492e-05 0.0572542984587
-0.000210432302197 1.80970205129e-05 0.0575038644428
-0.000139662973033 -2.51886031564e-05 0.0577534925411
-6.37930419128e-05 -5.1208482891e-05 0.0580031831345
1.37480147204e-05 -6.30120306071e-05 0.0582529362257
8.91310934061e-05 -5.84179902495e-05 0.0585026897026
0.000159381842509 -3.52283583291e-05 0.0587525674055
0.000221445796106 5.08295192863e-07 0.0590025697178
0.000272731571873 4.47312743557e-05 0.0592525724182
0.000312595751183 0.000102898689604 0.0595026368447
0.00034016745942 0.000176322977482 0.059752763383
0.000353719901839 0.00025448519015 0.0600028899214
0.000353122479742 0.000325591465867 0.0602530781881
0.000340305895945 0.00038592118293 0.0605032660667
0.000317571733999 0.000438136010726 0.0607533914525
0.000286866761295 0.000483827294709 0.0610035785643
0.000249765416809 0.00052433286997 0.0612537652903
0.000207003043419 0.000563886307027 0.0615038895188
0.000160299709569 0.000600723952248 0.0617540750898
0.000112730198554 0.000628748653931 0.0620041985491
6.53183023176e-05 0.000650734942193 0.0622543216226
1.85784436997e-05 0.000670667514152 0.0625043825939
-2.53547568956e-05 0.000680670235724 0.062754382594
-6.66603658277e-05 0.000672523609718 0.0630043787361
-0.000108181844697 0.000653284475835 0.0632543787602
-0.000150733453753 0.000635854235106 0.0635049998782
-0.000193304447869 0.000619925675799 0.0637549960204
-0.000235540069701 0.000595593624317 0.0640049960205
-0.000276689299289 0.000559703787851 0.0642549960205
-0.000314976325115 0.000514288267999 0.0645049921626
-0.000348208592959 0.000458284255196 0.0647549921626
-0.000373864877578 0.000391888771265 0.0650049921626
-0.000389794678471 0.000319833545957 0.0652549883049
-0.000394929974914 0.000248327910415 0.0655049883049
-0.000389369245204 0.000183420188182 0.065754984447
-0.000372961277975 0.000125761677491 0.0660049805892
-0.000343701210716 6.93127655535e-05 0.0662549805892
-0.000300527110117 1.31170744077e-05 0.0665049805892
-0.000245940643834 -3.45319965082e-05 0.0667556017072
-0.000183182295143 -6.6464927268e-05 0.0670055978253
-0.000114158780051 -8.15707970664e-05 0.0672555978253
-4.05141267608e-05 -8.23600478027e-05 0.0675055978253
3.4912354993e-05 -7.20221408559e-05 0.0677549767073
0.000107494467599 -4.77975457179e-05 0.0680049805652
0.00017300121421 -8.86084305242e-07 0.0682549805411
0.000229009096902 6.74400438407e-05 0.068504984399
0.000273218847218 0.000139939361663 0.068754984399
0.000303629136709 0.000206511549659 0.0690049882568
0.000319344221443 0.000276051159627 0.0692549921147
0.00032015050304 0.000351055562654 0.0695043748305
0.000308102658809 0.000415857674886 0.0697543786883
0.000286739034765 0.000462934771725 0.0700043825462
0.000257019789009 0.000503468099894 0.0702543825462
0.000218654662819 0.000545350564423 0.070504386404
0.000174008789206 0.000583357294402 0.0707537652859
0.000126665638307 0.00061153140367 0.0710037653099
7.90505930747e-05 0.00062888269758 0.0712537691676
3.31979147973e-05 0.000634416277587 0.0715037691676
-1.01893042635e-05 0.000628513068303 0.0717537691676
-5.3776230589e-05 0.000618636233862 0.0720037691914
-0.000100184520301 0.000614164228457 0.0722537691914
-0.00014729620641 0.000612849500724 0.0725037653575
-0.000191675088911 0.000601876755691 0.0727537653575
-0.000233764354479 0.000577874021667 0.0730031442395
-0.000275408624677 0.000554443833494 0.0732531442397
-0.0003165888461 0.00054225473156 0.0735031442397
-0.000356052428251 0.000532275299785 0.0737531442397
-0.000391700045152 0.00050613551562 0.0740031442398
-0.00042074249793 0.000457281055207 0.0742531403819
-0.000441438657777 0.000395274908389 0.0745031403821
-0.000453021456867 0.00032994572349 0.0747531403822
-0.000453641616133 0.00026192651781 0.0750025153824
-0.000441911753527 0.000193020872633 0.0752525153825
-0.000418990486922 0.000130673618341 0.0755025115247
-0.000384752154869 7.63108040936e-05 0.0757525076668
-0.000335549814222 2.29803775488e-05 0.0760025076428
-0.000270265315197 -3.12554475667e-05 0.0762518826669
-0.0001950097081 -7.63804478942e-05 0.0765018826669
-0.00011797814714 -0.000100218592908 0.0767518826671
-4.25147112804e-05 -0.000100836828094 0.0770018788092
3.13435315183e-05 -8.58095316392e-05 0.0772518788091
0.000101134520059 -5.98570483231e-05 0.0775018788091
0.000162056620788 -1.8682726759e-05 0.0777518788091
0.00021087959257 4.09608205298e-05 0.0780024999031
0.000246563491737 0.000112403548576 0.0782524999031
0.000268850226774 0.000185062779553 0.0785024960452
0.000278037622224 0.00025208314632 0.0787531171632
0.000274638192085 0.000312968173609 0.0790031171632
0.000258370638866 0.000372870024926 0.0792531171632
0.000229295700674 0.000433630327 0.0795037383052
0.000189524701679 0.000490658874965 0.0797537421631
0.000140787555091 0.000542676440467 0.0800037421629
8.51951054225e-05 0.000588657325298 0.080254363281
3.00283779741e-05 0.000618567488338 0.080504363281
-1.91955645853e-05 0.000628229616502 0.0807543671628
-6.65344348974e-05 0.000629680140633 0.0810043671628
-0.00011490274913 0.000630516020631 0.0812543671628
-0.000159759840206 0.000623943722721 0.0815043710207
-0.000199742809169 0.000606873761407 0.0817543710207
-0.00023869943163 0.000586094289702 0.0820043710207
-0.000277713954623 0.000564258499075 0.0822543710207
-0.000315305598847 0.000537164917171 0.0825043748785
-0.00035083712287 0.000502643298725 0.0827543748784
-0.000383474903124 0.000459710028935 0.0830043748544
-0.000411752960992 0.00040749369647 0.0832543787123
-0.000435484266609 0.000352277193713 0.0835043787122
-0.000455514121572 0.000302463482379 0.0837537575941
-0.0004704390709 0.00025573870663 0.0840037614519
-0.000475376638367 0.000201831419849 0.0842537614519
-0.000465843831833 0.000136683609368 0.0845037614517
-0.000443721093391 7.1195960587e-05 0.0847531441916
-0.000415765721032 2.0842659771e-05 0.0850031441676
-0.000382143242921 -1.45431001505e-05 0.0852531441676
-0.000333535698063 -4.91690750716e-05 0.0855025230496
-0.000264652931677 -8.9373562338e-05 0.0857525269075
-0.000183805539192 -0.000123688164695 0.0860019057895
-0.000104681072739 -0.000134938676758 0.0862519057895
-3.29323660999e-05 -0.000117297062738 0.0865019057895
3.43536199493e-05 -7.97346383546e-05 0.0867512808137
9.83657273659e-05 -3.30806600899e-05 0.0870012808377
0.000154169720055 2.22758817631e-05 0.0872512808377
0.000196865914373 8.89347219572e-05 0.08750127698
0.000226071243245 0.000159090798008 0.08775127698
0.000242836716799 0.000223042018445 0.0880012731221
0.000246310455211 0.000282184417155 0.0882512692644
0.000235467240567 0.000340955544362 0.0885012692883
0.000211746595736 0.00039715492032 0.0887512654305
0.000178969367514 0.000444552725669 0.0890018826907
0.000140731898313 0.000480046399967 0.0892518827147
9.64324825923e-05 0.000508951522311 0.089501878857
4.36685301603e-05 0.000537454326283 0.089751878857
-1.41022051859e-05 0.000561800854876 0.0900018749993
-6.96042204141e-05 0.000574497339457 0.0902518750234
-0.000119614464302 0.00057452366714 0.0905018750235
-0.000165189906242 0.000565495764224 0.0907518750235
-0.000209234912454 0.000552444117948 0.0910018711658
-0.000254138885037 0.000539965137447 0.0912518711658
-0.000298108691055 0.000526907354692 0.0915018711658
-0.000338092952778 0.000508238217224 0.0917518711418
-0.000374863740742 0.000484224481661 0.0920018711418
-0.000411330398622 0.000461080698694 0.0922524922359
-0.00044794422584 0.000440878164674 0.0925024960936
-0.000480704919771 0.00041386369274 0.0927524960696
-0.000504356371032 0.000369009821055 0.0930024960695
-0.000517369358681 0.000308645138912 0.0932524960455
-0.000519604405654 0.000239738974896 0.0935024960454
-0.000509459344884 0.000165504749913 0.0937524999033
-0.000487935479035 9.27478592996e-05 0.0940024998791
-0.000457471362477 2.81215996378e-05 0.094252503737
-0.000417524625053 -2.78560317438e-05 0.0945025075949
-0.000365586342637 -7.71873969702e-05 0.0947525114528
-0.000299342728015 -0.000121450199081 0.0950025114528
-0.000221610158862 -0.000157310536794 0.0952525153106
-0.000141399724164 -0.000176461567969 0.0955025153106
-6.57937768893e-05 -0.000173845988753 0.0957525191685
4.10691217428e-06 -0.000151350737346 0.0960025191685
6.85306057727e-05 -0.000113433196465 0.0962525230264
0.000125117791371 -6.24464879573e-05 0.0965019019084
0.000170751473491 2.69569256855e-08 0.0967518980507
0.000203406948593 7.09283568038e-05 0.0970018980507
0.000220340045023 0.000149697020706 0.0972518980507
0.000218852507784 0.000237010632434 0.0975012730748
0.000200663773159 0.000325180244773 0.0977512692409
0.000171361909707 0.000401566524024 0.098001265383
0.000134769648912 0.000461487876434 0.0982512654069
9.19402552758e-05 0.000507389764999 0.0985012615491
4.40120807633e-05 0.000541595652918 0.0987512615491
-7.4996947765e-06 0.000565600708502 0.0990006365971
-6.07476388533e-05 0.0005803497355 0.0992506365971
-0.000112930026225 0.000585630910492 0.0995006365973
-0.000161539865881 0.000581529894379 0.0997506366213
-0.000206751697924 0.000570362124924 0.100000636621
-0.000249858806363 0.000554758271839 0.100251257739
-0.000289910699139 0.000534542820055 0.100501257739
-0.000326109518947 0.000508991226153 0.100751257763
-0.000359836571375 0.000479353145462 0.101001257763
-0.000392040135886 0.000446755493188 0.101251257763
-0.000422108740934 0.000410744382383 0.101501257763
-0.000449582342791 0.000371345150455 0.101751257763
-0.000474818727227 0.000330602513866 0.102001257763
-0.000496530102698 0.000287892917199 0.102251257763
-0.0005099031941 0.000236843105127 0.102501257763
-0.000512058530469 0.000176231724458 0.102751257763
-0.00050803009475 0.000117820974541 0.103001882715
-0.00050386363359 7.15175260947e-05 0.103251882715
-0.000495360470364 3.17906229489e-05 0.103501882715
-0.000473117064643 -1.03756822892e-05 0.103751882715
-0.000434895431591 -5.33649416756e-05 0.104001886573
-0.000382803140306 -9.16951622043e-05 0.104251886573
-0.000317199897295 -0.000123062068514 0.104501890431
-0.000243000583036 -0.000142628715387 0.104751890431
-0.00016948815555 -0.000143417886162 0.105001894289
-9.84586483479e-05 -0.000125791694247 0.105251898147
-2.54719321896e-05 -9.72996583836e-05 0.105501898123
4.76280562863e-05 -6.25777165829e-05 0.105751280862
0.000112058472239 -1.97339980011e-05 0.10600128472
0.000161271183885 3.32643924015e-05 0.106251288578
0.00019406816464 9.39456634415e-05 0.106501288554
0.000210530225018 0.000159057252933 0.106751288554
0.000209635516176 0.000227846668753 0.107001288554
0.000191907756711 0.00029783247251 0.10725128853
0.000160759082577 0.000363086336595 0.107500667412
0.000118752228885 0.000420409123241 0.107750667388
6.62650536778e-05 0.000470325823103 0.10800066353
7.13050805602e-06 0.000509899394561 0.108250659648
-5.09443370321e-05 0.000533853716228 0.10850065579
-0.000104782101731 0.000543005828815 0.108750651932
-0.000158243771566 0.000543818608305 0.109000648051
-0.000216505612643 0.000542251011155 0.109250644193
-0.000279946005405 0.000540104947215 0.109500640335
-0.000341540660582 0.000534306885617 0.109750640335
-0.000393357859644 0.000520982142466 0.110000636477
-0.000434131450893 0.00049977084379 0.110250636501
-0.000466613089382 0.000472060095768 0.110500636501
-0.000492763490402 0.000437988105728 0.11075001155
-0.000513376679247 0.000396694995468 0.11100001155
-0.000528618232664 0.000347522467345 0.111250007716
-0.000539867956587 0.000293008291036 0.111500007716
-0.000549190866831 0.000238155317739 0.11175000774
-0.000553978006763 0.000182110073581 0.112000003882
-0.000549113720375 0.000121217614742 0.112250003906
-0.000535104595969 5.93239410835e-05 0.112500000072
-0.000514088491535 1.36944607842e-06 0.112750000072
-0.000483661737733 -5.30050954185e-05 0.113000000072
-0.000442285184788 -0.000102967528204 0.113250000072
-0.000390301293953 -0.000146066223061 0.113499378954
-0.000326518790296 -0.000181455062688 0.113749378954
-0.00025441778868 -0.000205653914473 0.113999378954
-0.000184676709245 -0.000211913907647 0.114249378954
-0.000123143767863 -0.00019751071693 0.114500000096
-6.42242584436e-05 -0.000167208154286 0.11475000393
-2.51046610249e-06 -0.000127248514624 0.115000007788
5.61062528987e-05 -7.81665425661e-05 0.115250007788
0.000101701653508 -1.70330005153e-05 0.115500011646
0.000131976265282 5.37987648283e-05 0.115750015503
0.000149043879594 0.000127450612049 0.116000019337
0.000150284201473 0.000202444067884 0.116250019337
0.000130507314017 0.000281657227991 0.116500023195
9.15912523511e-05 0.000360516549907 0.116750027029
4.34217142769e-05 0.000426895634065 0.117000027029
-5.70161002981e-06 0.000473659007499 0.117250030862
-5.37983695506e-05 0.000502410716739 0.117500030862
-0.000102556533378 0.000518185075364 0.117750034696
-0.000155194365872 0.000526043359434 0.118000034696
-0.000210596609153 0.000526850115679 0.118249413554
-0.00026152546229 0.000517819168137 0.118499413554
-0.000304588193111 0.000499205612534 0.118749413554
-0.000343008350036 0.000474518478861 0.118999413554
-0.000380789756653 0.000446869043682 0.119249413554
-0.000420422107384 0.000418477469699 0.119498788602
-0.000460680978627 0.000389861019208 0.119748788602
-0.00049637383618 0.000358674018095 0.119998788626
-0.000523211222473 0.000321520175944 0.120248788626
-0.000541853079944 0.000277558240541 0.12049816365
-0.00055738938636 0.0002309153106 0.120748163674
-0.000574438999179 0.000187067909984 0.120998163674
-0.000591438546337 0.000145755400812 0.121248159817
-0.000602750339954 0.00010231836296 0.121498159817
-0.000605213309733 5.51416933212e-05 0.121748159817
-0.00059918078347 6.53209787213e-06 0.121997534841
-0.000584900768415 -4.10598935319e-05 0.122247530983
-0.000557397883336 -8.87313105547e-05 0.122497530959
-0.000509645314513 -0.000137575990573 0.122747527101
-0.000446451742224 -0.000180840229006 0.122997527102
-0.000380495175509 -0.000209580517113 0.12324752322
-0.000312446732096 -0.0002231857224 0.123497519362
-0.000235082558649 -0.000224986423151 0.12374814048
-0.000150324942061 -0.000214782509905 0.123998136622
-6.75447677533e-05 -0.000190661323784 0.124248136598
5.08237293516e-06 -0.000152171972966 0.12449813274
6.28597633142e-05 -0.000100453411564 0.12474813274
0.000104830339194 -3.84065018219e-05 0.12499813274
0.00013232081694 2.93351816195e-05 0.12524813274
0.000145415700947 9.88659177681e-05 0.125498136574
0.000139899620245 0.00017061143966 0.125748136574
0.000111283667968 0.000246215042951 0.125998140432
6.45004610409e-05 0.00031934488332 0.126248140432
1.19939735108e-05 0.000378507268036 0.12649814429
-4.03089544206e-05 0.000420049007772 0.126748765408
-9.59106053381e-05 0.000448594984662 0.12699876929
-0.000158664029101 0.000468207835258 0.12724876929
-0.000228308888135 0.000479744017161 0.127499390408
-0.000300998407928 0.000482409056037 0.127749390408
-0.000369890978824 0.000475048314443 0.127999394289
-0.0004271964662 0.000457214737419 0.128249394289
-0.000468379439412 0.000430080198839 0.128500015407
-0.000496889871301 0.000396791003895 0.128750015431
-0.00052138820891 0.000361215725347 0.129000015431
-0.000546238700263 0.000325403048294 0.129250015431
-0.000568830433379 0.000288557162273 0.129500015431
-0.000585432596576 0.000248506218557 0.129750015455
-0.000595473228331 0.000204068085173 0.130000015455
-0.000601405063453 0.000156504149849 0.130250015431
-0.000605124176792 0.00010784109065 0.130500015431
-0.000604294983699 5.75625028195e-05 0.130750015431
-0.00059396704394 3.56083968293e-06 0.131000015431
-0.000570886436854 -5.4166376395e-05 0.131250015407
-0.000534587044931 -0.000112911600146 0.131500015407
-0.00048814027368 -0.000167901157477 0.131750015384
-0.000440256817241 -0.000212693168714 0.132000015384
-0.000399002168993 -0.000243293475615 0.13225001536
-0.000359729478742 -0.0002620012411 0.13250001536
-0.000309640332599 -0.000272483129686 0.132750019217
-0.000245110465657 -0.00027380939731 0.133000019194
-0.000173713910941 -0.000262420450748 0.133250019193
-0.000105161247848 -0.000235870498894 0.133500019193
-4.74093347214e-05 -0.000193184748988 0.133749398051
-2.0918779897e-06 -0.000135703214781 0.133999398051
3.70843960432e-05 -6.86748425447e-05 0.134249398051
7.30011379915e-05 1.41699759359e-06 0.134499398051
9.76654792527e-05 7.24193217071e-05 0.134749398051
0.000103438405051 0.000144352945369 0.134998776933
9.24741672819e-05 0.000213445050884 0.135248776933
6.92923994865e-05 0.000275139729551 0.135498773075
3.48239132928e-05 0.0003279938051 0.135748151957
-1.07030316226e-05 0.000371759615698 0.135998148099
-6.68918673595e-05 0.000406418417222 0.136248148123
-0.000130428549645 0.000430679081388 0.136497527005
-0.000192476990004 0.00044169894698 0.136747523171
-0.000248473515052 0.000439945407256 0.136997523171
-0.000303542621868 0.000429394022612 0.137246898219
-0.000358839951905 0.000411827994954 0.137496898219
-0.00040605756736 0.00038665136229 0.137746898243
-0.000442625992317 0.000355106288566 0.137996898243
-0.000476519832028 0.000320111345815 0.138246898243
-0.000512729839631 0.000283733001102 0.138496898267
-0.000547828414073 0.000246450666798 0.138746898268
-0.000577290449909 0.000208062275898 0.138996898268
-0.000601077023185 0.000168755530771 0.139246898244
-0.000622029713927 0.000129543608711 0.139496902102
-0.000640824255795 9.06487199319e-05 0.139746902102
-0.000652690465711 4.94625739386e-05 0.139996902102
-0.00064986804542 1.81112583196e-06 0.140246902078
-0.000630633124129 -5.20251412879e-05 0.140496902078
-0.00060354998665 -0.000105502420218 0.140746905935
-0.000575096114063 -0.000153708362722 0.140997527029
-0.000539301642703 -0.00019768804958 0.141247530887
-0.000487613567459 -0.000238203576638 0.141498152005
-0.000420495368213 -0.000271968260037 0.141748155863
-0.000344655017471 -0.000294656858583 0.141998776981
-0.000267367993215 -0.000303443148003 0.142248780839
-0.000195483390866 -0.000296982381633 0.142498780839
-0.00012982059993 -0.000275662729026 0.142749405815
-6.47838910314e-05 -0.000241036497993 0.142999409673
-1.47989022971e-06 -0.000194586881682 0.143249409673
5.0513156724e-05 -0.000137522572458 0.143500034648
8.50807552156e-05 -7.15097626252e-05 0.143750034648
0.000101500221921 9.10171139338e-07 0.144000038506
9.80864367994e-05 7.74430171019e-05 0.144250038506
7.22748769233e-05 0.000156275458738 0.144499417388
2.82898934592e-05 0.000232810176076 0.144749421246
-2.28418984586e-05 0.000299279630679 0.144999421246
-7.58249225261e-05 0.000351449499687 0.145249421246
-0.000132235535587 0.00038967358525 0.145498800128
-0.000191058093284 0.000414250862463 0.14574879627
-0.000252734209964 0.000426495158714 0.14599879627
-0.000320600641721 0.000428424161336 0.146248175152
-0.000390406176165 0.000419891644304 0.146498171295
-0.000452301330942 0.000400720518875 0.146748171295
-0.000503518893125 0.000373039934333 0.146997546319
-0.000547202727668 0.00033959146608 0.147247542461
-0.00058252899271 0.000302178445682 0.147497542461
-0.000608652294795 0.000262195648669 0.147747538603
-0.000628753895911 0.000220708881381 0.147997538603
-0.000641740693781 0.000177896937373 0.148247534745
-0.000643950792557 0.000132749880575 0.148496913651
-0.000638868234881 8.47861017054e-05 0.148746909793
-0.000634070939915 3.5699996022e-05 0.148996909793
-0.00063140721563 -1.27175799973e-05 0.149246905935
-0.000625673821735 -6.0928818456e-05 0.149496905935
-0.000612147231601 -0.000109777222327 0.149746902101
-0.000592527080083 -0.000157664342744 0.149996902101
-0.000571915964273 -0.000201747989675 0.150246902101
-0.000550995958053 -0.000241024165377 0.150496898243
-0.000522167774584 -0.000276539672135 0.150746898267
-0.000476580232466 -0.000308003338555 0.150996898268
-0.000417167555789 -0.000331834425491 0.151246898268
-0.000355565144954 -0.000344285706716 0.151496898268
-0.000293459210045 -0.000344094463166 0.151746898268
-0.000223642848463 -0.000330440076327 0.151996898268
-0.000149670459495 -0.000302412434234 0.152246902126
-8.64808999639e-05 -0.000260483353486 0.152496902126
-4.23407779084e-05 -0.000205975320508 0.152746902126
-1.23339831738e-05 -0.00014053718414 0.152996905983
1.08165861668e-05 -6.74380377495e-05 0.153246905983
2.71067818846e-05 8.66251048059e-06 0.153496909817
3.21321982997e-05 8.34710942493e-05 0.153746288699
2.42629336139e-05 0.000153388504446 0.153996292557
4.18481536234e-06 0.000215560294627 0.154246292557
-3.06521063685e-05 0.000269145992813 0.154496292557
-8.36179334999e-05 0.000314188861808 0.154746292533
-0.000149047165136 0.000348337620158 0.154996296391
-0.000214595937888 0.000368538422881 0.155246296391
-0.000275342359444 0.000375031361289 0.155496296391
-0.000334941432617 0.000370043814946 0.155746296367
-0.000396523910058 0.000355062642635 0.155996921343
-0.000460665263093 0.000330940692926 0.156246921319
-0.000523413217165 0.000298696271485 0.156496921319
-0.000574787181585 0.000260514053635 0.156746921319
-0.000608399721756 0.000219304332434 0.156996921319
-0.00062944207339 0.000176708115848 0.157246921295
-0.000646430013861 0.000133083603087 0.157496921295
-0.000660345606349 8.9074635229e-05 0.157746921295
-0.00066768394532 4.50950649196e-05 0.157996921295
-0.000668680038397 8.52840168987e-07 0.158246921295
-0.000666491566288 -4.37451909705e-05 0.158496921295
-0.000660465545585 -8.86869325688e-05 0.158747542413
-0.000645950424166 -0.000134602930253 0.158997542437
-0.000623419016822 -0.000180847752791 0.159247542437
-0.000599137535708 -0.000225132728065 0.159497542437
-0.000571909055653 -0.00026659765905 0.159746921319
-0.000533575464751 -0.00030511731934 0.159996917485
-0.000483371460975 -0.000338493365252 0.160246917485
-0.000424164871715 -0.000364035058392 0.160496917485
-0.000352649104452 -0.000379340457215 0.160746917509
-0.00026892259856 -0.000381679791803 0.160996917509
-0.000186045441829 -0.000370006384676 0.161246913651
-0.000120034549981 -0.000346034093676 0.161496909793
-7.40643753713e-05 -0.000311230403067 0.161746909817
-3.68916919776e-05 -0.000264476546047 0.161996284841
1.34610768817e-06 -0.000205011341088 0.162246284841
3.50363538167e-05 -0.000135888781499 0.162496281007
5.01577906661e-05 -6.16297737437e-05 0.162746281007
4.21508886233e-05 1.4938355447e-05 0.162996281007
1.81110563923e-05 9.08293569664e-05 0.16324627715
-1.67229921229e-05 0.000161787693958 0.16349627715
-6.4406540818e-05 0.000224361643649 0.163746281008
-0.000124200362107 0.000275885769473 0.163996281031
-0.000187146849684 0.000313571163929 0.164246284889
-0.000247266192801 0.000336429696293 0.164496288723
-0.00030698531537 0.000345515935768 0.164746292581
-0.000367373086791 0.00034197188523 0.164996917557
-0.000425634994602 0.00032693512729 0.165246921415
-0.000476850327653 0.000302256806041 0.165496925249
-0.000515427912761 0.000270699656619 0.165746925249
-0.00054547533537 0.000234140595415 0.165996929107
-0.000577259361481 0.000192247307369 0.166246932941
-0.000609138270292 0.000146202517208 0.166496932941
-0.000631405103784 9.94674501411e-05 0.166746936798
-0.000642935055561 5.35510775681e-05 0.166997557917
-0.000648679949191 8.00512021698e-06 0.167247557917
-0.000648821798096 -3.69835920774e-05 0.167497561774
-0.000641079934843 -8.13692234464e-05 0.167747557917
-0.000627357288462 -0.000125767394678 0.16799755794
-0.000612885673476 -0.000170100628992 0.16824755794
-0.00060154626208 -0.000213429802314 0.168497557964
-0.000591823436361 -0.00025511933647 0.168747554107
-0.00057719136101 -0.000295141800765 0.168997554107
-0.000551729332126 -0.000333017421036 0.169247550273
-0.00051225856201 -0.000367167031935 0.169497550273
-0.000457784742846 -0.000394952229111 0.169747546415
-0.000394434069266 -0.000413824104176 0.169997546415
-0.000333906502609 -0.000422974825008 0.170246921439
-0.00027557555264 -0.00042126257571 0.170496917581
-0.000205314258557 -0.000404027083131 0.170746913723
-0.000122496153571 -0.000368507173639 0.170996909866
-4.60751863467e-05 -0.000318865965238 0.171246284866
9.26524050234e-06 -0.000260598169468 0.171496281008
4.38430630411e-05 -0.000195330108271 0.171745656032
6.42673483547e-05 -0.000123164763514 0.171995656032
7.52172372197e-05 -4.61029131116e-05 0.172245656008
7.62662875246e-05 3.13973092738e-05 0.17249503489
6.27968985256e-05 0.000104498811032 0.172745038748
3.20993964304e-05 0.000169949231017 0.172995038724
-1.23805477497e-05 0.000225618018452 0.173245042582
-6.64247884738e-05 0.000269674731202 0.17349504644
-0.000130110131429 0.000300778166935 0.173745050274
-0.000202675166326 0.000318084958015 0.173995054132
-0.000279285159256 0.000321323096816 0.174245057965
-0.000356466178944 0.000310825175835 0.174495061823
-0.000433608384078 0.000287086037891 0.174745065681
-0.000507351693075 0.000251496721526 0.174995065681
-0.000568900899782 0.000207870743678 0.175245690657
-0.00061033562318 0.000161603759267 0.175495690657
-0.000633012632252 0.000115879237184 0.175745690657
-0.00064468123233 7.0681112359e-05 0.175996311775
-0.000648775132022 2.62256441837e-05 0.176246311775
-0.000645940682034 -1.69257757027e-05 0.176496307917
-0.000642143750538 -6.05923246529e-05 0.176746307941
-0.000641250502359 -0.000105353174403 0.176996929059
-0.00063590464967 -0.000148589747042 0.177246925201
-0.000618690024435 -0.000189344104781 0.177496925225
-0.000594099034935 -0.000229380169404 0.177746925225
-0.000568947465879 -0.00026923931936 0.177996921367
-0.000540146627767 -0.000307775869338 0.178246921391
-0.00050087994552 -0.000343381410922 0.178497538651
-0.000450050228547 -0.000374373549188 0.178747538651
-0.000391310291 -0.000399026205835 0.178997538675
-0.000329832038846 -0.000416120447488 0.179247534817
-0.000270153283396 -0.000425050493803 0.179497534817
-0.000212148786538 -0.000424627992532 0.179747534817
-0.0001517827244 -0.000412129019547 0.179997530984
-8.82816063736e-05 -0.000385317065935 0.180247530984
-2.84270534366e-05 -0.000345355010565 0.180497527126
1.68199638849e-05 -0.000296775491903 0.180748148244
4.05047387438e-05 -0.000243427868878 0.180998144386
4.64176386861e-05 -0.000184113274887 0.181248144386
4.461101717e-05 -0.000115448245885 0.181498761646
3.86942391246e-05 -3.93800515777e-05 0.181748761646
2.19536415565e-05 3.65126423802e-05 0.181999378906
-1.17139226014e-05 0.000105821749765 0.182249378906
-5.85876046949e-05 0.000165797930762 0.182500000024
-0.000112583462501 0.00021433499569 0.182749996166
-0.00017412168561 0.000248915082636 0.182999996166
-0.000241529417575 0.000268471590749 0.183249996166
-0.000305214401761 0.000274286390484 0.183499996166
-0.000360004321155 0.000268278947953 0.18375
-0.000409447598137 0.000251243512297 0.184
-0.000454026304649 0.000224613179605 0.18425
-0.000487174136981 0.000192425143196 0.1845