1480
-0.000378571906291 -0.000517220528943 -0.185
-0.0003341712713 -0.000528660094563 -0.18475
-0.000290378351901 -0.000544345478535 -0.1845
-0.00024686753385 -0.000561383072056 -0.18425
-0.000200716168324 -0.000573843877124 -0.184
-0.000150872154935 -0.000579627288143 -0.183750003882
-9.97944088675e-05 -0.000580764270303 -0.183500003882
-5.14156643064e-05 -0.000580787695531 -0.183250003882
-6.83730670574e-06 -0.000579949869208 -0.183000003906
3.77721667735e-05 -0.000571635177115 -0.182750003906
8.52277039289e-05 -0.000548443396644 -0.182500007788
0.000132438415211 -0.000510292913091 -0.182250007788
0.000173054177011 -0.000463838121461 -0.182000003931
0.000201559950187 -0.000417850249222 -0.181750003931
0.00021672374059 -0.000374298116186 -0.181500621215
0.000221475940695 -0.000322978668101 -0.181250617357
0.00021743370931 -0.000254046905705 -0.181000609617
0.000202553372804 -0.00017146932488 -0.180750605759
0.00017445023406 -8.75835173902e-05 -0.180500598044
0.000132758495566 -1.29164593922e-05 -0.180250594186
7.75872490468e-05 4.37887864737e-05 -0.180000590328
9.03009790724e-06 7.67476335015e-05 -0.17975058647
-6.88885655651e-05 8.93940072779e-05 -0.179500582588
-0.000147140290671 9.10112237327e-05 -0.17925057873
-0.000217467123929 8.72894633705e-05 -0.17900057873
-0.000276842550726 7.78659275708e-05 -0.178750578706
-0.000328065300579 5.70113145074e-05 -0.178500578706
-0.000375931765744 1.70510308056e-05 -0.178250578682
-0.00041946445082 -4.16207390392e-05 -0.178001203634
-0.000451864330834 -0.000107751898687 -0.177751207492
-0.000468930150843 -0.000170580906492 -0.177501211326
-0.000472674559154 -0.000228838605301 -0.177251215184
-0.00046717102738 -0.000287281938195 -0.177001840135
-0.000454827044332 -0.000349107241785 -0.176751843969
-0.000436429051236 -0.000413264620458 -0.176502468945
-0.000411836738771 -0.000472951949673 -0.176252468945
-0.00038096751241 -0.000519409997214 -0.176002472779
-0.000345425554842 -0.000552733319124 -0.175753093897
-0.000307731945197 -0.000580325433286 -0.175503093921
-0.000269280421838 -0.000605434712173 -0.175253097779
-0.00022998305794 -0.000627064157576 -0.175003097803
-0.000189895460008 -0.000645564501412 -0.174753097803
-0.00014947434995 -0.000662167981352 -0.174503097827
-0.000107246277013 -0.000674064142998 -0.174253097851
-5.8308947983e-05 -0.000672376632283 -0.174003097851
-1.83603476127e-08 -0.000650529320071 -0.173753097875
6.15586507897e-05 -0.00061473758005 -0.173503094017
0.000116886466671 -0.000578369486474 -0.173252472899
0.000162883034601 -0.000545537006974 -0.173002472923
0.000202159291249 -0.000508430343142 -0.172751851805
0.000235554235341 -0.00046028951279 -0.172501851805
0.00026083953467 -0.000400856094208 -0.172251226853
0.000275334131912 -0.000332471629039 -0.172001226853
0.000276615765132 -0.00026038016797 -0.171750605735
0.000262910011448 -0.000192642870567 -0.171499980759
0.000233878318101 -0.000134436641549 -0.171249980759
0.000190542003728 -8.4632107412e-05 -0.170999359641
0.000134667125984 -4.15918197337e-05 -0.170749359641
6.80696286818e-05 -8.85129630385e-06 -0.170499355783
-6.28657535498e-06 1.15278098961e-05 -0.170249355783
-8.30499187212e-05 2.2414547049e-05 -0.169999355783
-0.00015822795889 2.16000778535e-05 -0.169749355783
-0.000231114135566 2.36024556467e-06 -0.169499976901
-0.000298469109665 -3.341399713e-05 -0.169249976877
-0.000355540195265 -7.920384292e-05 -0.169000597995
-0.000401899607826 -0.000135896112047 -0.168750594137
-0.000437359985861 -0.000203711012209 -0.168501215255
-0.000458772510378 -0.000273712913986 -0.168251215255
-0.000464821964329 -0.000336806668952 -0.168001836373
-0.000457657633271 -0.000390366954674 -0.167751836373
-0.000440471021984 -0.000435670869676 -0.16750183635
-0.000416112486358 -0.000476058246338 -0.16725183635
-0.000386619426441 -0.000515473756303 -0.167001832492
-0.000352886898797 -0.000552758636323 -0.16675245361
-0.000315345520054 -0.00058167093316 -0.16650245361
-0.000274893248723 -0.000602593315285 -0.16625245361
-0.000233098141444 -0.000624598442513 -0.16600245361
-0.000191620018256 -0.000651099315377 -0.16575245361
-0.000150444821867 -0.000674898361062 -0.165501832468
-0.000108246558067 -0.000690156675909 -0.165251832468
-6.50120394153e-05 -0.00069918517909 -0.165001832468
-2.119090525e-05 -0.000703963254569 -0.164751832468
2.38081237784e-05 -0.000702590863943 -0.164501832444
6.86611608012e-05 -0.00069717552874 -0.164251832444
0.00011205454204 -0.000688984957501 -0.164001832444
0.000155931423709 -0.000668844058025 -0.163751836302
0.000200214209932 -0.000628933340566 -0.163501836302
0.00024043888475 -0.000572911927458 -0.163251215159
0.000272020822738 -0.000508298695637 -0.163001219017
0.000291972390873 -0.000441777699847 -0.162751219017
0.000298938546523 -0.000375960459753 -0.162501219017
0.000292467744498 -0.000304851202688 -0.162251222899
0.00027182830635 -0.000222662877649 -0.162001226757
0.000236890887266 -0.00013738505207 -0.161751226757
0.000189098548243 -6.57300751244e-05 -0.161501226757
0.000130430026758 -1.65423706092e-05 -0.161250609497
6.29729037889e-05 1.23192276136e-05 -0.161000609497
-1.04307031709e-05 2.49157813809e-05 -0.160750609497
-8.59900411377e-05 2.37596640087e-05 -0.160500609521
-0.000159072101004 1.1914129446e-05 -0.160250609521
-0.000225480716535 -8.81557601213e-06 -0.159999988403
-0.000283201159384 -4.03220654948e-05 -0.159749988403
-0.00033181940531 -8.56026467064e-05 -0.159499984545
-0.000370459388071 -0.00014433690872 -0.159249363427
-0.000397184111366 -0.0002111994504 -0.158999359593
-0.000410684474451 -0.000280083391032 -0.158749359593
-0.000411436671161 -0.000348661347339 -0.158499355735
-0.00040067496864 -0.000416527683427 -0.158248730759
-0.000379775972757 -0.000483550194946 -0.157998730759
-0.000350114249583 -0.000548254365776 -0.157748730783
-0.000313548973497 -0.000604923476065 -0.157498730783
-0.000272645625285 -0.000648604727921 -0.157248726926
-0.000229752206563 -0.000679526706298 -0.156998726926
-0.000186232201678 -0.000700850550274 -0.156748726926
-0.000142787209283 -0.000716522495138 -0.156498726902
-9.97446410042e-05 -0.000727593020421 -0.156248726902
-5.66844733389e-05 -0.000731023344468 -0.155998726902
-1.20758026577e-05 -0.000723320313223 -0.15574934802
3.55291044363e-05 -0.000703599674521 -0.15549934802
8.5453040083e-05 -0.000676387946033 -0.15524934802
0.000135076295603 -0.000647975659646 -0.15499934802
0.00018263976959 -0.000618847943501 -0.154749969138
0.000227538775764 -0.000585272659326 -0.154499969138
0.000269046782579 -0.000542864884583 -0.154249969138
0.000305579644174 -0.000488366242491 -0.154000586398
0.0003342690951 -0.00042632929928 -0.153750586398
0.000352854977013 -0.000368025484883 -0.153500586398
0.000361044989882 -0.000319120518581 -0.153251207516
0.000358574053755 -0.000272730955208 -0.153001207516
0.000343495306138 -0.000218610454039 -0.152751207516
0.000314237106648 -0.000158156942275 -0.152501207516
0.000271497954695 -0.000102580597875 -0.152251211374
0.000216818701692 -5.87377122825e-05 -0.152001211374
0.000151656434107 -2.56161593471e-05 -0.151751211374
7.86706504521e-05 -1.64997752744e-06 -0.151501211374
1.88754299845e-06 1.03252649455e-05 -0.151251211374
-7.46772364604e-05 5.60818276127e-06 -0.151001215231
-0.000147610607261 -1.71093813059e-05 -0.150751215231
-0.000213539450098 -5.50478836716e-05 -0.150501215231
-0.000269653011053 -0.000106197641566 -0.150251215208
-0.000313961151347 -0.000169365072948 -0.150001219065
-0.000344381561748 -0.000237259371928 -0.149751219065
-0.000359671017574 -0.000297907412241 -0.149500597947
-0.000361213024104 -0.000344624685406 -0.149251219041
-0.000352070926805 -0.000382542283098 -0.149001219041
-0.000334104281091 -0.000424362727585 -0.148751219017
-0.000307255283976 -0.000475477017555 -0.148501222875
-0.000272010536217 -0.000529826765637 -0.148251222875
-0.000230303694014 -0.00058027038119 -0.148001222851
-0.000184635919439 -0.000622752114966 -0.147751222851
-0.000137691700526 -0.000654007241644 -0.147501222851
-9.14909353729e-05 -0.000672382184058 -0.147251222851
-4.62265945677e-05 -0.000681220527796 -0.147001218993
-9.94468641036e-07 -0.000688273088437 -0.146751218993
4.38701619079e-05 -0.000696437578746 -0.146501218993
8.76103365025e-05 -0.000698502065719 -0.146251219017
0.000131045563491 -0.000687661487845 -0.146001219017
0.000174825464591 -0.000668965901336 -0.145750597923
0.000217803564274 -0.000652774830866 -0.145500597923
0.000259194001761 -0.000638494311827 -0.145250597947
0.00029911451365 -0.000613191171172 -0.145000597971
0.000336151341143 -0.000568924802098 -0.144750597971
0.000367284002435 -0.000510750221106 -0.144500594137
0.000389835822513 -0.000443861609333 -0.144250594137
0.00040157480396 -0.000370393150268 -0.144000594161
0.000401497703832 -0.000297490790933 -0.143750594161
0.000389232813965 -0.000229028589642 -0.143500594161
0.00036295881721 -0.000159959652 -0.143250590304
0.000321839935408 -9.00923864077e-05 -0.143000590304
0.000268437475363 -2.81870907435e-05 -0.142750590304
0.000206030952311 1.90819454955e-05 -0.142500590304
0.0001372653234 4.92715198451e-05 -0.142250590304
6.4912182722e-05 5.9902259787e-05 -0.142000590304
-8.83938277972e-06 5.19534317659e-05 -0.141750590304
-8.16613448311e-05 3.14297204569e-05 -0.141500590327
-0.000149741743671 8.51710063346e-08 -0.141250590327
-0.000209543566694 -4.64875338347e-05 -0.141000590304
-0.000258658543691 -0.000107268546092 -0.140750590304
-0.000295076528295 -0.000176002445128 -0.140500590304
-0.000317433577212 -0.000251688471221 -0.140250590304
-0.000324928381694 -0.000334065109212 -0.139999969162
-0.00031770885251 -0.000416320106664 -0.139749973019
-0.000297476230697 -0.00049015572169 -0.139499351877
-0.000267550974092 -0.000548558341301 -0.139249351877
-0.000232178239287 -0.000586952626757 -0.138999351853
-0.00019352700252 -0.000610926801328 -0.138748730735
-0.000150499565923 -0.000632214401593 -0.138498730712
-0.000103691932622 -0.000652469974999 -0.138248734569
-5.61255340636e-05 -0.000666243482384 -0.137998734569
-9.09227390437e-06 -0.000673310840158 -0.137748734545
3.67570594774e-05 -0.000674008724373 -0.137498734545
8.03446903426e-05 -0.000665375665964 -0.137248734545
0.000122819822289 -0.000649371517275 -0.136998734545
0.00016591282513 -0.000632884832391 -0.136748734545
0.000208946846109 -0.000615493863696 -0.136498738403
0.000250595926293 -0.000589153639159 -0.136248738427
0.000290548685774 -0.000554354045447 -0.135998738427
0.000328596305598 -0.000522058474448 -0.135749359545
0.000364108791003 -0.000494887959984 -0.135499359569
0.000395373304324 -0.000461259548755 -0.135249359569
0.000419293083211 -0.000410984251634 -0.134999359569
0.000433275866086 -0.000347045204745 -0.134749980711
0.000437182543969 -0.000281443059847 -0.134499980711
0.000432429714224 -0.000224139595872 -0.134249980711
0.000418841109602 -0.00017580779713 -0.134000601829
0.000392035985802 -0.000127065785087 -0.133750597995
0.000346855772066 -6.99100996717e-05 -0.133500597995
0.000285360929026 -1.18424559536e-05 -0.133250597995
0.000214910249913 3.26047623175e-05 -0.133001215255
0.000140190332017 5.78384823824e-05 -0.132751211397
6.37658144633e-05 6.41095093845e-05 -0.132501211397
-1.13484897533e-05 5.14746544663e-05 -0.132250586422
-8.27363862721e-05 2.3458235296e-05 -0.132000586422
-0.000147628147551 -1.46707996494e-05 -0.131750582564
-0.000202218518625 -6.36320689893e-05 -0.131500582564
-0.000243792038109 -0.000124539916407 -0.131250582564
-0.000272052483449 -0.000187215139629 -0.13100058254
-0.000288061633349 -0.000240082745595 -0.13075058254
-0.000291897830161 -0.000287985388366 -0.130499961422
-0.000281687013251 -0.000344435388805 -0.130249961422
-0.000256525930397 -0.000411180471995 -0.129999961422
-0.000219195250401 -0.000476955060387 -0.12974996528
-0.000173970343636 -0.0005325098219 -0.129499965256
-0.000123523442566 -0.000576972568397 -0.129249969114
-7.02396158333e-05 -0.000610639747525 -0.128999969114
-1.74137469866e-05 -0.000631944941729 -0.128749972948
3.31977501389e-05 -0.000642021272754 -0.128499972948
8.20537887667e-05 -0.000644947337027 -0.128250597924
0.000130154505441 -0.000644705674615 -0.128000597924
0.000177201061898 -0.000642422523275 -0.127750597924
0.000221335293359 -0.00063467052919 -0.127500601781
0.000261942305731 -0.000618299054915 -0.127250601781
0.000300503662404 -0.000594785666555 -0.127000601781
0.000337716213362 -0.000565401099378 -0.126750601781
0.000372850394268 -0.000528318625313 -0.126500601781
0.000404995228454 -0.00048397865838 -0.126250605639
0.000433473434969 -0.000436079862963 -0.126000605663
0.000457171589788 -0.000386404641729 -0.125750605663
0.000473918305264 -0.000332591975251 -0.125500605663
0.000480339527495 -0.000270642469434 -0.125250605663
0.000473136745442 -0.000199432254451 -0.125000609545
0.000451648458087 -0.000124561775471 -0.124750609545
0.000419122334394 -5.68046668626e-05 -0.124500609545
0.000379408544113 -3.89489881436e-06 -0.124250609545
0.000331908611632 3.59006373932e-05 -0.124000605687
0.000274015541048 6.70601376036e-05 -0.123750605687
0.000207935215102 8.67368519993e-05 -0.123500605687
0.000138054845081 9.00622843049e-05 -0.123250601829
6.54719796563e-05 7.92353587671e-05 -0.123000601853
-8.35143646991e-06 5.88090491615e-05 -0.122750597995
-7.82642029767e-05 2.84084930578e-05 -0.122500597995
-0.000138552543179 -1.54101371283e-05 -0.122250594137
-0.000185444867483 -7.48500216574e-05 -0.122000594138
-0.000216789166819 -0.000149614150549 -0.12175059028
-0.000232046764678 -0.000234278620684 -0.12150059028
-0.000233211977569 -0.000315990167329 -0.121250586422
-0.000223138220352 -0.000384681480715 -0.121000586422
-0.000201980588503 -0.000443616726029 -0.120750586422
-0.000168577064233 -0.000499514356398 -0.120500586422
-0.000123985424828 -0.000552191635777 -0.120250586422
-7.22566726431e-05 -0.000596298285786 -0.120000586446
-2.00566251803e-05 -0.000624453706767 -0.119750586422
2.74687687366e-05 -0.000634193067382 -0.119500586422
7.09646387276e-05 -0.000631266072549 -0.119250586422
0.00011382086989 -0.000622987331996 -0.11900059028
0.000158087218218 -0.000613317051707 -0.11875059028
0.00020315021051 -0.000602417213419 -0.11850059028
0.000246552931537 -0.000587666034679 -0.11825059028
0.000287656113471 -0.000568445119328 -0.118000594114
0.000328633134208 -0.000549316162543 -0.117749972996
0.000369600291552 -0.000532211631478 -0.117499972996
0.000407466061205 -0.000510690949626 -0.117249972972
0.000441036259557 -0.000480853354076 -0.11699997683
0.000471382384057 -0.000446124755736 -0.116749976806
0.000496764963968 -0.000404162437928 -0.116499976806
0.000512760816336 -0.000348259497795 -0.116249976806
0.000518255220252 -0.000282613696913 -0.115999980663
0.000515863564788 -0.000218367354354 -0.115749980663
0.000506770910941 -0.000160449548619 -0.115499984521
0.000488435443614 -0.000106477953369 -0.115249984521
0.00045550145773 -5.13763802659e-05 -0.115000609497
0.000405723385646 4.14322333985e-06 -0.114750609497
0.000343512925099 5.20503217904e-05 -0.114500609497
0.000271886540211 8.8596763486e-05 -0.114250613355
0.000192822384868 0.000113090994035 -0.114000613355
0.000113514158885 0.000119950167358 -0.113750613379
3.85571988637e-05 0.00010724692434 -0.113501234497
-3.28652933025e-05 8.09264004874e-05 -0.113251234497
-9.87376734268e-05 4.49696382059e-05 -0.113001230663
-0.000153926513388 -1.84915548329e-06 -0.112751230663
-0.000194555143305 -6.10272765144e-05 -0.112501226805
-0.000218944420974 -0.000131470808681 -0.112251226829
-0.000227133314713 -0.000208775528069 -0.112000601853
-0.000220059907901 -0.000287212063629 -0.111750601853
-0.000198906049733 -0.000362253226874 -0.111500598019
-0.000165034052666 -0.000431170298364 -0.111250594162
-0.000119963405238 -0.00049253505927 -0.111000594162
-6.63454246983e-05 -0.000544206378439 -0.110750594186
-8.10328377262e-06 -0.000583530569147 -0.110499973068
5.07222248212e-05 -0.000609095451824 -0.11024996921
0.000106566702369 -0.00062081023805 -0.10999996921
0.000158164737637 -0.00062110345866 -0.109749969186
0.000206062883345 -0.000613412798514 -0.109499969186
0.000250682347001 -0.000599973728955 -0.109249969162
0.000293740202372 -0.000583691103049 -0.108999969162
0.000335861392507 -0.000566148506992 -0.108749972996
0.00037285936321 -0.000542710046465 -0.108499972972
0.000402136971197 -0.000508196139187 -0.108249972972
0.00042790564426 -0.00046645824881 -0.107999972948
0.000454007861756 -0.000424111251221 -0.107749972924
0.00047826472182 -0.000379607400267 -0.107499972924
0.000497067173924 -0.000328563864017 -0.107249972924
0.000509670315672 -0.000272503076233 -0.106999972924
0.000516145243222 -0.000214787797486 -0.106749972924
0.000514092264024 -0.000154615425679 -0.106499972924
0.000500865041958 -9.14762513583e-05 -0.106249972924
0.000478197034864 -3.1148411172e-05 -0.105999972948
0.000449436585191 2.02789116443e-05 -0.105749976806
0.000413816159044 6.2772627992e-05 -0.10549997683
0.000369531275586 9.70461135448e-05 -0.10524997683
0.0003175106452 0.000120957021984 -0.10499997683
0.000258238559096 0.000133314846059 -0.104749976854
0.00019206549521 0.000133825936685 -0.104499976854
0.000121498200988 0.000121654695054 -0.10424935576
4.88396470618e-05 9.8021031014e-05 -0.10399935576
-2.13277612413e-05 6.37208119857e-05 -0.103749359617
-8.05791649094e-05 1.54238309566e-05 -0.103499359641
-0.000123816444116 -4.82244943722e-05 -0.103249359641
-0.000151380253436 -0.000122073859931 -0.102999359641
-0.000163936822477 -0.000199988546176 -0.102749359665
-0.000161619180983 -0.000277358757054 -0.102499359665
-0.00014688669794 -0.000347826146729 -0.102249359665
-0.000123800875089 -0.000405276448506 -0.101999359665
-9.46693993083e-05 -0.000448796692571 -0.101749359665
-5.86312777077e-05 -0.000482538545628 -0.101499980783
-1.23099957059e-05 -0.000512528576077 -0.101249980783
4.66298345188e-05 -0.000541780334789 -0.100999980783
0.000113570167921 -0.00056606688846 -0.100749976901
0.000178234438876 -0.000577999367772 -0.100500598019
0.000232943586072 -0.00057454887139 -0.100250597995
0.000277246172994 -0.000558488990219 -0.100000594137
0.000316402725721 -0.000535580794084 -0.0997512152555
0.000356040957715 -0.000510928298267 -0.0995012152315
0.000397386287015 -0.000486435153116 -0.0992512152316
0.000438124776414 -0.000461344796513 -0.0990012152316
0.000476649679886 -0.000435010588792 -0.0987518363497
0.000513593362238 -0.000408576184539 -0.0985018363498
0.000547877194486 -0.000380806543919 -0.0982518363498
0.000574942023066 -0.000345225742663 -0.0980018324919
0.000593054580355 -0.000299365837323 -0.0977524536101
0.000604718679993 -0.000248165696357 -0.0975024536101
0.000609459041074 -0.000193479670855 -0.0972524536101
0.000604903111973 -0.000135309053606 -0.0970024536101
0.000591933168694 -7.77303925568e-05 -0.0967524536101
0.000569573224894 -2.24382080077e-05 -0.0965024536101
0.000530975397132 3.39444898605e-05 -0.0962524536099
0.000471027415382 9.17724576482e-05 -0.0960018325159
0.000396202977933 0.000142666259211 -0.0957518325159
0.000320891367436 0.000175547263286 -0.0955018363738
0.000252432346491 0.000186678824485 -0.0952512152558
0.000186687347501 0.000180134389932 -0.0950012152556
0.000118108609779 0.000161099462671 -0.0947505941376
4.73729311465e-05 0.000132224632076 -0.0945005941376
-1.89951922604e-05 9.34313606255e-05 -0.0942499730196
-7.15056757297e-05 4.1610951025e-05 -0.0939999691616
-0.000102590989909 -2.71212238303e-05 -0.0937493480435
-0.000111743766251 -0.000110793593255 -0.0934993480435
-0.000104556581257 -0.000199309439032 -0.0932487269255
-8.72763175457e-05 -0.000280826888865 -0.0929987269255
-6.39536138843e-05 -0.000347930866526 -0.0927487269255
-3.49643219103e-05 -0.000400306025458 -0.0924987269255
3.80069929931e-06 -0.000443847577695 -0.0922487269255
5.61175780052e-05 -0.000483214367064 -0.0919987269255
0.000119365267937 -0.000516354151599 -0.0917487269495
0.000186007974548 -0.000538254054996 -0.0914987269495
0.000250497966506 -0.00054731893854 -0.0912487269495
0.000310279971947 -0.000544858612554 -0.0909987269495
0.000360438581415 -0.000530771538432 -0.0907487269495
0.00039799280155 -0.000505869753953 -0.0904993480675
0.000429957390146 -0.000475543707645 -0.0902493480675
0.000465499778027 -0.000445554747039 -0.0899993480675
0.000503675021635 -0.000416277269835 -0.0897493519254
0.000537068758779 -0.000383850606061 -0.0894999730434
0.000562287573277 -0.000345477079314 -0.0892499730434
0.00058194783668 -0.000302241727354 -0.0889999730434
0.000600517011197 -0.000258132207939 -0.0887499730194
0.000619129004409 -0.000215290580806 -0.0885005941374
0.000632723408491 -0.000169654678865 -0.0882505979955
0.000634509910705 -0.000115630141347 -0.0880005979955
0.000623650076295 -5.49308638607e-05 -0.0877505979955
0.000607723704097 2.66207697727e-06 -0.0875012191136
0.000595726242223 4.83964440734e-05 -0.0872512191136
0.000584371024765 8.51546930927e-05 -0.0870012191136
0.000557740926285 0.000122889319374 -0.0867512191136
0.000507845032586 0.000162719505847 -0.0865012191136
0.000441640450925 0.000196619267713 -0.0862512191138
0.00036634500228 0.000218809302081 -0.0860012191138
0.000288043318408 0.000225953717048 -0.0857512191138
0.000216335817325 0.000214291564652 -0.0855012191138
0.000153788923218 0.000183958380895 -0.0852512191136
9.50088107324e-05 0.000139644680174 -0.0850012152797
3.92755261622e-05 8.55592198165e-05 -0.0847505941617
-8.45741684085e-06 2.40904107192e-05 -0.0845005941617
-4.52043653296e-05 -4.1147044242e-05 -0.0842505903038
-7.02048385075e-05 -0.000105672551917 -0.0840005903278
-7.96924799028e-05 -0.000169100812879 -0.0837505903276
-6.89984378088e-05 -0.000233767284442 -0.0834999692096
-3.95304872871e-05 -0.000297292837031 -0.0832499692096
3.36331613788e-06 -0.000354197536438 -0.0829999692336
5.51933195587e-05 -0.000400808548271 -0.0827499692334
0.000111567876793 -0.000434859196716 -0.0824999692334
0.00017110776707 -0.000457097915347 -0.0822499692334
0.000234930006205 -0.000469821435537 -0.0819999692334
0.000299096275615 -0.000472424751837 -0.0817499692333
0.00035852890455 -0.000464560275773 -0.0814999692333
0.000415738385868 -0.000449614570362 -0.0812499730912
0.000473307558812 -0.000430462301334 -0.0809999730912
0.000524616902697 -0.000406310163552 -0.080749973091
0.000564266417414 -0.000376685649221 -0.0804999730671
0.000596629499043 -0.000344094269221 -0.0802499730671
0.000624793908236 -0.000310037308056 -0.0799999730431
0.000645559314968 -0.00027242950891 -0.0797499730431
0.000658306962868 -0.000229734963837 -0.0794999730191
0.000666737956069 -0.000183570167645 -0.0792499729952
0.00067427604577 -0.000136780219011 -0.0789999729952
0.000681936883002 -9.1227147586e-05 -0.0787499729712
0.000684920503907 -4.44071015881e-05 -0.0784999691133
0.000672309701041 9.91811889852e-06 -0.0782499691135
0.000636905291904 7.32003147637e-05 -0.0779999691135
0.000583377082557 0.000137884952417 -0.0777499690897
0.000524539498197 0.000193353405124 -0.0774993479717
0.000470854749125 0.000233511595613 -0.0772493479717
0.000421581118631 0.0002593176435 -0.0769993479958
0.000366681370059 0.000274676400988 -0.0767493441379
0.000300355162221 0.000280348682354 -0.0764993441379
0.000227753956547 0.00027363977443 -0.076249344138
0.000158517483702 0.00025187752508 -0.075999344138
0.000100170156176 0.000213960670559 -0.0757493402802
5.39511897684e-05 0.000161024318673 -0.0754993403041
1.74146880212e-05 9.62445051364e-05 -0.0752493403041
-8.00879246238e-06 2.26352603138e-05 -0.0749993403043
-2.04021424459e-05 -5.62484148422e-05 -0.0747499614223
-2.14180209647e-05 -0.000134712128029 -0.0744999614462
-9.17285925547e-06 -0.000209603001835 -0.0742499614462
2.09915741101e-05 -0.000281004493349 -0.0740005864461
6.83598547322e-05 -0.000346579439081 -0.0737505864461
0.000128317139023 -0.000402240425823 -0.0735005864701
0.000193376925837 -0.000443513690093 -0.0732505903279
0.000251595516787 -0.00046573428453 -0.0730005903519
0.000296688463393 -0.000469553079574 -0.0727505942098
0.00033610633883 -0.000461990984244 -0.0725005942337
0.000380519737085 -0.000448991642851 -0.0722505942337
0.000431185623388 -0.000431510389593 -0.0720005980915
0.000480986048376 -0.000408303621822 -0.0717505981154
0.000522679554736 -0.000379085059876 -0.0715005981154
0.000554727325806 -0.000345032366545 -0.0712499769974
0.000580521082332 -0.000307820525551 -0.0709999808312
0.000603571757097 -0.000268776633347 -0.0707499808312
0.000624181039494 -0.00022845136734 -0.070499980831
0.000641119546947 -0.000186788961822 -0.070249980831
0.000654713646317 -0.000144055507809 -0.0699999808069
0.000664839875777 -0.000100361550209 -0.0697493596889
0.000669296585221 -5.4819223201e-05 -0.0694993596649
0.000668192079508 -7.9257544175e-06 -0.0692493558069
0.000664504401377 3.79124796238e-05 -0.068999355783
0.000655947290888 8.29543236783e-05 -0.068749355783
0.000633939736107 0.000129853163776 -0.0684993557828
0.000595879541751 0.000177009772138 -0.0682487346408
0.000549621078962 0.000218501931278 -0.067998730783
0.000502341914503 0.000250253847557 -0.067748730783
0.000453562291622 0.000271452651142 -0.067498730783
0.000399063282037 0.000281814894504 -0.0672487269252
0.000336017841845 0.000280228943709 -0.0669993480432
0.000264355497625 0.000265369565861 -0.0667493441854
0.000185881482344 0.000236809520743 -0.0664993403276
0.000106347300266 0.000195300666796 -0.0662493403276
3.84057692212e-05 0.00014187575697 -0.0659993364698
-5.88925604938e-06 7.71870191728e-05 -0.0657499575879
-2.707198944e-05 3.61055670803e-06 -0.0654999575879
-3.574088235e-05 -7.25313339609e-05 -0.0652499575879
-3.83920265575e-05 -0.00014429885655 -0.0649999575881
-2.97955856785e-05 -0.000209981340904 -0.0647499575881
-1.14688858246e-06 -0.000271532653508 -0.0644999575881
4.6088614965e-05 -0.000327098691719 -0.064249961446
0.000102439909315 -0.000371608084112 -0.063999961446
0.000165295152655 -0.000403912564783 -0.0637499653038
0.000239353373415 -0.000425917186704 -0.063499965304
0.000323505999087 -0.000437125794326 -0.0632493480199
0.000404242518342 -0.000434633877699 -0.0629993480199
0.000464526079153 -0.000417688377121 -0.0627493480199
0.000502668906648 -0.000390320332182 -0.0624993487915
0.000534003874764 -0.00035763031603 -0.0622493488033
0.000570488701484 -0.000321991794374 -0.0619993491939
0.000611308768354 -0.000284191836931 -0.0617492870845
0.00064968302086 -0.000245105879932 -0.0614992867058
0.000677957192744 -0.000205266982677 -0.0612492863248
0.000691603806886 -0.000164005429893 -0.0609992859485
0.000693795441456 -0.000120413127122 -0.0607492851865
0.000690647393724 -7.45934559445e-05 -0.0604992848078
0.000681727726476 -2.61268787562e-05 -0.060249346541
0.000664092406722 2.56271816014e-05 -0.0599993461623
0.000640682301538 7.85025308631e-05 -0.0597494075097
0.000614652095953 0.000129666723446 -0.0594994071287
0.000585543658407 0.000177729799035 -0.0592494688595
0.000554371016256 0.000221047060137 -0.0589994684738
0.000519034053859 0.000259045711914 -0.0587495298164
0.000472694054181 0.000291754564021 -0.0584995294331
0.000416601094061 0.000316655276297 -0.0582495286639
0.000359328264469 0.000330714564516 -0.0579995282782
0.000303402890815 0.000332747353061 -0.0577495278901
0.000244872176304 0.000322094310611 -0.0574995275019
0.000181156426332 0.0002978270817 -0.057249465002
0.000117147668844 0.000259655425226 -0.0569994649996
6.41462142873e-05 0.000208493618222 -0.0567494032713
2.81001047058e-05 0.000145913175676 -0.0564994036547
4.04744336165e-06 7.4509691493e-05 -0.0562493423097
-1.24260231218e-05 -1.3332470336e-06 -0.0559993426931
-1.71199948052e-05 -7.7410075599e-05 -0.0557493434623
-5.52548243068e-06 -0.000150687682261 -0.0554994059575
2.07627341286e-05 -0.000217873718571 -0.0552494684527
5.86466431559e-05 -0.000275898425827 -0.0549995305597
0.000106524425512 -0.000322945423079 -0.0547495926692
0.000162725324606 -0.00035802943641 -0.0544997168904
0.000223075455717 -0.000380260161885 -0.0542498403424
0.000281412051285 -0.00038922247947 -0.053999963792
0.00033583495912 -0.000386237196996 -0.0537500251322
0.000389664152914 -0.000373364986342 -0.0535001482008
0.000446160176215 -0.000351941103595 -0.053250209541
0.000505995086618 -0.000322687270615 -0.0530003329954
0.000562945182955 -0.000286706699646 -0.0527503943379
0.00060540801687 -0.000246444836211 -0.0525004556829
0.000630004539382 -0.000204328339303 -0.0522504552995
0.000645572290915 -0.000161026742213 -0.0520004553018
0.000661894852263 -0.000116670022988 -0.0517504553065
0.000681474246343 -7.22940853271e-05 -0.0515004553065
0.000699368090839 -2.89459007442e-05 -0.0512504556946
0.000708594475265 1.39493907809e-05 -0.0510004560804
0.000709346194344 5.73375601389e-05 -0.0507503943544
0.000708120600993 0.000100522096305 -0.0505003330117
0.000703935946061 0.000143509191345 -0.0502502716715
0.000686502059698 0.000187984280769 -0.0500001482171
0.000650739051514 0.000233449523596 -0.0497500251485
0.000601207103693 0.000276479556724 -0.0494998399681
0.000542406119774 0.000313723094382 -0.049249593064
0.000477382023634 0.000342556473296 -0.0489994086552
0.000412628305458 0.000360983933419 -0.0487492242487
0.000351356678357 0.000368128123021 -0.0484990394565
0.000289031215219 0.000362983960394 -0.0482488546619
0.000221023644911 0.000343848193791 -0.0479987315956
0.000148677112473 0.00030979527247 -0.0477485464176
8.11490067816e-05 0.000262253680515 -0.0474984233514
2.93772734757e-05 0.000204265636774 -0.0472483616253
-4.45737886663e-06 0.000138101513402 -0.0469983612395
-2.37116235419e-05 6.58114285458e-05 -0.046748360468
-2.76596308099e-05 -9.44922235335e-06 -0.0464984214224
-1.51104945723e-05 -8.42859936778e-05 -0.0462484816053
1.06296609536e-05 -0.000155057725711 -0.0459986035141
4.80498764711e-05 -0.000218363776909 -0.045748662542
9.82039863383e-05 -0.000271944830876 -0.0454987836794
0.000159703842595 -0.000314008965159 -0.0452489048191
0.000232622363658 -0.000343449317947 -0.044998963847
0.000316356771129 -0.000359328347842 -0.0447490228749
0.000400910621869 -0.000360627614436 -0.0444990822862
0.000475840294091 -0.000348204018282 -0.0442490803596
0.000541340004085 -0.000324388539982 -0.0439990167071
0.000599669874174 -0.000291391733399 -0.0437490159379
0.000645305913762 -0.000252248803689 -0.0434989538261
0.000672767361347 -0.00021073891058 -0.0432488921025
0.000688638291885 -0.000168181872878 -0.0429988307623
0.000703079348245 -0.000123819019143 -0.0427487698079
0.000714785751092 -7.8782407222e-05 -0.0424987092392
0.000716563661236 -3.50555823415e-05 -0.0422486486682
0.000707880148626 7.76078336209e-06 -0.0419986502089
0.00069503163366 5.12738252645e-05 -0.0417485896355
0.000682993912574 9.57051964729e-05 -0.0414985911739
0.000669922362242 0.000140221692785 -0.0412485306004
0.00065174218681 0.000184352861744 -0.0409985321387
0.000629780626628 0.000227466086762 -0.0407485336771
0.000606592940051 0.000268588109776 -0.040498535213
0.000577453700564 0.000307069736998 -0.040248598475
0.000535465158381 0.000341659100564 -0.0399986617369
0.000483128206364 0.000370102032162 -0.0397487257704
0.000429416308879 0.000390788175629 -0.0394988519182
0.000375265364377 0.000402502668529 -0.0392489784541
0.000313699395744 0.00040263089724 -0.0389991674876
0.000247462036119 0.000389406669417 -0.0387492940235
0.000189921476753 0.000364477459131 -0.0384994826737
0.000143337412263 0.00032819245161 -0.038249608438
9.59315540083e-05 0.000277021736791 -0.0379997342072
4.46448758926e-05 0.000210769228476 -0.0377498595882
1.93816407759e-06 0.000135665572305 -0.0374999220858
-2.02269016646e-05 5.81770410342e-05 -0.0372499220882
-1.94348005653e-05 -1.83038168462e-05 -0.036999859593
1.30161194647e-06 -9.14602260046e-05 -0.0367496724885
3.55381326534e-05 -0.000158653168681 -0.0364994846099
7.41421817681e-05 -0.000216798070376 -0.0362492342362
0.000115011735006 -0.000263227264017 -0.0359989830933
0.000165821939176 -0.000296687334184 -0.0357487315622
0.0002279159336 -0.000316650234469 -0.0354984179217
0.000292484351048 -0.000323172608631 -0.0352481667764
0.000358027488115 -0.000316670644008 -0.0349979156311
0.000431000300086 -0.000296604718071 -0.0347476027598
0.000506272592203 -0.000263656032637 -0.0344974144955
0.000566634658124 -0.000222701219996 -0.0342472262312
0.00060555980777 -0.000178776075737 -0.033997162188
0.000634152303471 -0.000131867508361 -0.0337471602567
0.000661554376078 -8.0824851583e-05 -0.033497159097
0.000683271406004 -2.88359698313e-05 -0.0332471583206
0.000691481252798 1.96314750621e-05 -0.0329972821536
0.000688381231211 6.47089799004e-05 -0.0327474059866
0.0006847958768 0.000109797889536 -0.0324974677078
0.000682953664647 0.000154835976406 -0.0322475923147
0.000670721973267 0.000197177629495 -0.0319977169217
0.00064168756527 0.000237384126977 -0.0317479036428
0.000605545917543 0.000277434774637 -0.0314980907521
0.000572130919428 0.00031721484754 -0.0312482774756
0.000539938383115 0.000355265530574 -0.0309984638181
0.000500611758079 0.000389690580612 -0.0307485884346
0.00044828022858 0.000418121063482 -0.0304987755487
0.000386451106575 0.000438616134129 -0.030248962277
0.000322931978993 0.000450396721234 -0.0299991490029
0.000260059078028 0.000452457349581 -0.0297492740052
0.000197293349606 0.000443237489562 -0.0294993993934
0.000137044458155 0.00042211504879 -0.0292494622839
8.06140636246e-05 0.000388419442136 -0.0289995255603
2.66094855783e-05 0.000340688458753 -0.0287495892224
-2.14624954863e-05 0.00028032308865 -0.0284996536538
-5.53319867286e-05 0.0002121876028 -0.0282497176994
-7.0898094819e-05 0.000140067289694 -0.0279997200189
-6.85493397046e-05 6.62049172469e-05 -0.0277497215645
-4.92944056209e-05 -6.82145508788e-06 -0.0274997227244
-1.47895930604e-05 -7.60067165626e-05 -0.0272497238842
3.45884952138e-05 -0.000137725252871 -0.0269997246582
9.66710801283e-05 -0.000188983163854 -0.0267497867701
0.000163431548885 -0.000228127172576 -0.0264997867654
0.000232104077136 -0.000253463876045 -0.0262498484867
0.000306183769987 -0.000263419653438 -0.0259998480913
0.000379690862911 -0.000258728667918 -0.0257499090339
0.000444756086439 -0.000241762181746 -0.0254999078622
0.000502883681738 -0.000213745807886 -0.0252499066905
0.000551669068506 -0.000177250740577 -0.0249999051355
0.000585182902973 -0.00013692420508 -0.0247498410804
0.000606448575207 -9.45151486042e-05 -0.0244997774111
0.000621818289153 -4.92871403535e-05 -0.0242497137419
0.000633906303028 -1.23706930701e-06 -0.0239996504584
0.000641693171989 4.79264062204e-05 -0.0237495246845
0.000641594567062 9.50380532061e-05 -0.0234994614106
0.000632880772365 0.000139004211031 -0.0232493364155
0.000619363338075 0.000181647155342 -0.022999274306
0.000605885842811 0.000224844766913 -0.0227491497014
0.00059645211349 0.000269089619016 -0.0224990254874
0.000589483231942 0.000312720992588 -0.0222489005065
0.000575344591877 0.000353018481807 -0.0219988380256
0.000545481445783 0.000388519186735 -0.0217487134305
0.000501865347475 0.000419360721473 -0.0214985892212
0.000455311233351 0.000446666972071 -0.021248465007
0.000413482968627 0.00047112246736 -0.0209983407929
0.000372125459549 0.000490677293697 -0.0207482169646
0.000324631929316 0.000501680157609 -0.020498155248
0.000270188015441 0.00050132869853 -0.0202480935291
0.000206959731777 0.000485680118514 -0.019997969696
0.000134948761888 0.000451150692255 -0.0197479700817
6.34693258371e-05 0.00039998104013 -0.0194979083556
3.21813930697e-06 0.000337746470354 -0.0192479087389
-4.10889844612e-05 0.000268335081889 -0.0189979712341
-6.82364556045e-05 0.00019430870744 -0.0187480337269
-7.86565139786e-05 0.000117773079047 -0.0184980958339
-7.38827688918e-05 4.08829570542e-05 -0.0182481583243
-5.4695437566e-05 -3.30554003244e-05 -0.0179982204314
-1.93791111467e-05 -9.94335129224e-05 -0.0177483450336
3.34850590972e-05 -0.000154509943474 -0.0174984071382
9.76677686885e-05 -0.000197645793815 -0.0172485313547
0.000161782195916 -0.000229603542819 -0.0169985934594
0.000223175895725 -0.000249228942593 -0.016748655945
0.00029095156246 -0.000252912194131 -0.0164987180473
0.000371879352279 -0.00023745366622 -0.0162488422614
0.00045716632062 -0.000204679622895 -0.0159989043637
0.000528406659894 -0.000162302339881 -0.0157490285778
0.000578276218432 -0.000116567184594 -0.0154990910634
0.000615617980066 -6.64794267508e-05 -0.0152491531633
0.00064791363093 -1.00451603631e-05 -0.0149992156514
0.000671947337793 4.87627418657e-05 -0.0147493398679
0.000682845502166 0.000103870154765 -0.0144994023632
0.000680072075318 0.000152084094074 -0.0142494648608
0.000666120868041 0.00019360366687 -0.0139994652491
0.000647247615035 0.000232636362904 -0.0137495277539
0.000629885851357 0.000273424642375 -0.0134995281469
0.000613281232329 0.000314727782005 -0.0132495906541
0.000592128123342 0.000353303079757 -0.0129995906637
0.000564218868926 0.000388661521421 -0.0127496531709
0.000528939075279 0.000420958543144 -0.0124996535662
0.000482905609189 0.00044857919709 -0.0122495918498
0.000425756834143 0.00047024196099 -0.0119995301333
0.000366084106055 0.000487316394401 -0.0117494684192
0.000311488058794 0.000501211874011 -0.0114994067003
0.000259822163751 0.000509932193358 -0.0112492828672
0.000208001992328 0.000510730535596 -0.0109991586507
0.000155889819884 0.000501798281023 -0.0107490344318
0.000101568662345 0.000479690799445 -0.0104988477154
4.70119286221e-05 0.000443069533855 -0.0102485992729
2.51148276739e-07 0.000395892556417 -0.00999828832812
-3.4216922139e-05 0.000341015382659 -0.00974803949511
-5.65706461034e-05 0.000278205086303 -0.00949772816212
-6.46762906877e-05 0.000209959527328 -0.00924747855512
-5.51210897668e-05 0.000140872663255 -0.00899729028837
-2.90535021454e-05 7.26131549673e-05 -0.00874710202163
8.97002699015e-06 5.79242865289e-06 -0.00849697625248
5.6677062181e-05 -5.57667729882e-05 -0.00824691298092
0.000115323597026 -0.000106252351103 -0.00799697392817
0.000185220523365 -0.000141712992771 -0.00774709737542
0.000261296284139 -0.000161677204508 -0.00749728332025
0.000335454636157 -0.000167643100632 -0.00724753137447
0.000402695033693 -0.000160923894304 -0.00699778058848
0.000461020054628 -0.00014291690752 -0.00674809229766
0.000508230555124 -0.0001162696443 -0.00649834228322
0.000543666280535 -8.35882780859e-05 -0.00624858019124
0.000570141126944 -4.54526591449e-05 -0.00599879993082
0.000592634724202 -7.17984717e-08 -0.00574901978661
0.000613612750552 5.36452428646e-05 -0.00549925206573
0.000628504943524 0.000110802499459 -0.00524946559653
0.000631650308865 0.000164035596812 -0.00499961682312
0.000625520682044 0.000213302120199 -0.0047497242633
0.000617303249699 0.000264041416345 -0.00449982529988
0.000609082551453 0.000316648057782 -0.00424992614382
0.000596250232538 0.00036513329952 -0.00399999573922
0.000575585569711 0.000406445985628 -0.00375002791297
0.000551594226632 0.000444640686716 -0.00350003504864
0.000530465363074 0.000483652301471 -0.00325005429805
0.000509953062778 0.000521481872401 -0.00300007304546
0.000481075164122 0.000553228738006 -0.00275006023546
0.000439076160777 0.000576424930961 -0.00249999758193
0.000389283767373 0.000592921934317 -0.00224991035422
0.000339558410723 0.000605545793207 -0.00199982937697
0.000286746576185 0.000610550707135 -0.00174973578542
0.000222308505475 0.000599104087732 -0.00149961109939
0.000151909880483 0.00057096003015 -0.00124948035671
8.81818398025e-05 0.000533103593126 -0.000999361804902
3.17656589503e-05 0.000484377181914 -0.000749254866002
-2.02285790527e-05 0.000420095395721 -0.000499167027983
-6.24521059635e-05 0.00034463569902 -0.000249097075379
-8.78754205974e-05 0.000266607989342 9.46724438637e-07
-9.36587449699e-05 0.000191385223378 0.000250970903437
-8.05760044645e-05 0.000120498569767 0.000500985198097
-5.15788382393e-05 5.36523074622e-05 0.000750999276532
-8.17179536067e-06 -6.77622185694e-06 0.00100102647175
5.00843255292e-05 -5.6152036319e-05 0.0012510658576
0.000119669251488 -9.3191112256e-05 0.00150113598976
0.000193236264761 -0.000118863869542 0.00175122463924
0.000268263689796 -0.000130915700789 0.00200133801795
0.000346492577247 -0.000125551026837 0.00225148843227
0.000424810602196 -0.000103052000258 0.00250168205456
0.000495076307921 -6.80626975862e-05 0.00275188786725
0.000550347644062 -2.63335676201e-05 0.00300208719895
0.000590253606058 1.94731510447e-05 0.00325226762753
0.000620937527255 7.1975815185e-05 0.00350244778631
0.000645141635814 0.000131853380293 0.00375264021336
0.000656922515621 0.000190528138633 0.00400280135447
0.000651099205886 0.000237830023501 0.00425289398138
0.000632193122937 0.00027472237738 0.00450292434409
0.000609068799204 0.000310264948917 0.00475294209296
0.000585225790425 0.000348354848916 0.00500296597727
0.000559275412807 0.000386409596112 0.00525297740207
0.000530503207734 0.000422677219549 0.00550298254018
0.000499770547858 0.00045740293419 0.0057529690457
0.000466975272908 0.000489872290229 0.00600294926285
0.000430212191343 0.00051812564448 0.00625289842408
0.000388670294918 0.000541539116265 0.006502835162
0.000345610491522 0.000562271425641 0.00675271017389
0.000304517386224 0.000582112207859 0.00700258480002
0.000261580310562 0.000597341457414 0.00725245942616
0.000208004497423 0.000599410451858 0.00750227193811
0.000143211883362 0.000584433313763 0.0077519594525
8.02682514314e-05 0.000560493093909 0.0080016473503
3.16557565271e-05 0.00053861691116 0.00825139697413
-5.17214063838e-06 0.000516487598063 0.00850114698377
-4.01585302518e-05 0.000480648550442 0.00875089660525
-7.64597851574e-05 0.000422290511037 0.00900058450073
-0.000108265650858 0.000345078145107 0.00925020989861
-0.000125319043061 0.000263252544393 0.0094999602893
-0.000121542779997 0.000188206318191 0.00974977279417
-0.000100831302188 0.000116901279841 0.00999964818003
-6.9621493752e-05 4.43853844673e-05 0.0102495860635
-2.77238620511e-05 -2.24247842722e-05 0.0104996485563
2.87004415684e-05 -7.30207852403e-05 0.0107497114349
9.90790074183e-05 -0.000104211262021 0.0109999610347
0.000175964428106 -0.000119623674689 0.0112502106321
0.000248573588394 -0.00012492505088 0.0115005231129
0.000309914474955 -0.000123211226348 0.0117507730937
0.000362035378795 -0.000111857269244 0.0120010234603
0.000412358119074 -8.43894560738e-05 0.0122512738292
0.000464035948162 -3.73349842254e-05 0.0125015238124
0.000511861973339 2.49067541731e-05 0.0127518362931
0.000547726756347 9.27004435765e-05 0.0130020858929
0.000567204719096 0.000157368072359 0.0132522733809
0.000571909379214 0.000216145548166 0.0135023366452
0.000566953856459 0.000272077110139 0.0137523991428
0.000555217854996 0.000326329805921 0.0140023995286
0.000537212105294 0.000376522709299 0.0142523999167
0.000514647928712 0.000422695398912 0.0145024003073
0.000488711788261 0.000464609842238 0.0147523382027
0.000459451052642 0.00050089193112 0.0150022764862
0.000429107328647 0.000534497063375 0.0152521518912
0.000399975832642 0.000568091935373 0.0155020897914
0.000368721468284 0.000597505979778 0.0157520276916
0.000327584939572 0.000615556840363 0.0160019030942
0.000272253211665 0.00061919662473 0.0162517167684
0.000207690243402 0.00061254360378 0.0165015304403
0.000143970265303 0.000603047623437 0.0167514062215
8.57867993221e-05 0.000593167536381 0.0170012198886
2.94556016258e-05 0.000576881630747 0.0172510956698
-2.88179314421e-05 0.000546600688167 0.0175009714486
-8.56333816283e-05 0.000502477908482 0.0177509093369
-0.000134641157534 0.000450011881626 0.0180007851133
-0.000173260569305 0.000391061415153 0.0182507847275
-0.000200374061163 0.000325951321656 0.0185007847227
-0.000213080249324 0.000259494144017 0.0187508468321
-0.000209534780429 0.000196079939722 0.0190009089415
-0.000190751257859 0.000134767829883 0.0192510331627
-0.000158294751144 7.44843867413e-05 0.0195011573814
-0.000113126236266 1.78303517143e-05 0.019751343712
-5.64081426593e-05 -3.08999767442e-05 0.0200014679308
1.06909494238e-05 -6.68568894609e-05 0.0202515925353
8.71725025285e-05 -8.55732439201e-05 0.0205017167517
0.000170283270954 -8.5538326871e-05 0.0207517788587
0.000253186851196 -7.01379756871e-05 0.0210018413491
0.000327791972806 -4.45776460801e-05 0.0212518409561
0.000391678538231 -9.36622378401e-06 0.0215017788395
0.000445072967082 3.61515299376e-05 0.0217516546087
0.000483263402888 8.47166268008e-05 0.0220015299897
0.000504112678531 0.000129805459971 0.0222514053731
0.000514958983919 0.000178147724243 0.0225012807565
0.000521563746865 0.000237362042526 0.0227510936471
0.000520442885523 0.000299809747131 0.0230009065377
0.000506997610399 0.000351616512216 0.0232507194307
0.000482813745239 0.000389802508088 0.0235005323237
0.00045367590499 0.000424067181995 0.0237504069475
0.000424350697817 0.000464645188272 0.0240002823429
0.000395232652528 0.000509738039064 0.0242500956265
0.000363057944221 0.000548160229711 0.0244999089149
0.000324852166806 0.000573510972506 0.0247497847009
0.000281208191451 0.000589607560439 0.0249997222129
0.00023671851034 0.00060513601662 0.0252496597249
0.000196890461088 0.000626529703428 0.0254995351275
0.000161560057989 0.000651552465095 0.0257494109111
0.000123371085806 0.000670030515687 0.0259993491923
7.62119501661e-05 0.000673347516511 0.0262492870877
2.09950431307e-05 0.000659969261637 0.0264992870926
-3.52331961804e-05 0.00063582468538 0.026749349595
-8.43390378635e-05 0.000610467303657 0.0269994128689
-0.000126929794818 0.0005808751839 0.0272494761381
-0.000169295637769 0.000529845293781 0.0274996019049
-0.000208529508256 0.00045441813098 0.0277497897835
-0.000233974728249 0.000374403785701 0.0280000393857
-0.000240604301675 0.000304203145387 0.0282502268761
-0.000231382266261 0.000237083521536 0.0285004155239
-0.000209353912006 0.000165060506992 0.0287506662834
-0.00017359023813 9.6406852864e-05 0.0290008541572
-0.000123402752895 4.07426099598e-05 0.0292511041451
-6.30848879037e-05 -5.48657445526e-06 0.0295012916355
7.0513151356e-07 -4.69747109957e-05 0.0297514783519
6.51794997549e-05 -7.8298224396e-05 0.0300016646825
0.000131205559943 -9.12364120784e-05 0.0302518502415
0.000198319908351 -8.33527603049e-05 0.030501973303
0.000264240772662 -5.57822188333e-05 0.0307520955905
0.000327420336264 -8.43597223342e-06 0.0310022174945
0.000385644184808 5.778280032e-05 0.0312523393986
0.000432599606246 0.000134089666043 0.0315023991909
0.000461912670936 0.000207430172122 0.0317524589831
0.000474972341595 0.000275628713843 0.0320024562802
0.000476835601194 0.000344901675606 0.0322524543464
0.000468686887176 0.000413618921462 0.0325024531866
0.000451055549973 0.000476900687257 0.0327523903009
0.000426424552065 0.000535092548134 0.0330023274151
0.000396605754487 0.000586348787851 0.0332522028033
0.000362363159804 0.000625003723222 0.0335020785796
0.00032420733549 0.000648015787185 0.0337520168536
0.000282599539899 0.000658380141329 0.034001830904
0.000238771200598 0.000664211116706 0.0342517074519
0.000194061401494 0.000670843057442 0.0345015839999
0.000147502105878 0.000675279668789 0.034751398436
9.72275388574e-05 0.000673197641134 0.0350012128746
4.44501069991e-05 0.000666093262627 0.0352510894225
-7.67902241359e-06 0.000657550358394 0.0355009038587
-5.81533908622e-05 0.000646808183672 0.0357507182972
-0.000108862220203 0.000627527513634 0.0360005331215
-0.000160453043127 0.000594041060174 0.03625034756
-0.000208711224637 0.000549911292419 0.036500162001
-0.000248500903355 0.000503331914456 0.0367500389371
-0.000278830301311 0.000454183269091 0.0369999158756
-0.000300534735654 0.000394569662579 0.0372498553117
-0.000311844291599 0.000323227717999 0.0374997947478
-0.000309176542225 0.000251661510952 0.0377497962957
-0.000290831234534 0.000190707934092 0.0379998595696
-0.000257442685604 0.00013970364622 0.0382499224554
-0.000210192100648 9.50038437297e-05 0.0385001095672
-0.000150456845035 5.74636720708e-05 0.038750296679
-8.10166679152e-05 2.78143336956e-05 0.0390004830168
-6.80388696314e-06 4.48677245748e-06 0.0392506689712
6.71060885655e-05 -1.10863556003e-05 0.0395009170374
0.000138856354436 -1.13873655226e-05 0.0397511026037
0.000208670751752 1.06800734754e-05 0.0400012256748
0.000273269730077 5.18178424703e-05 0.04025134836
0.000325847751292 0.000100089819399 0.0405014093169
0.000363229113666 0.000148645611845 0.0407514702762
0.000387006660301 0.00019874910338 0.0410014691212
0.000398068530742 0.000248489355862 0.0412514058545
0.000397368726955 0.000294695092196 0.0415013429712
0.000388099709292 0.000342814390097 0.0417512804737
0.000372074072217 0.000397855251232 0.0420012179737
0.000348778223011 0.000453711516755 0.042251093362
0.000318514694546 0.000501811077248 0.0425009691361
0.000283042604081 0.000541535529438 0.0427509066337
0.000244158120929 0.000577015857563 0.043000782403
0.000203209905212 0.000609643134905 0.0432507202841
0.000161169235128 0.000637541343012 0.0435005964391
0.000118381118433 0.000658461135864 0.0437505343177
7.43924914707e-05 0.000671026790913 0.0440004721963
2.90784982089e-05 0.000677093213824 0.0442504100749
-1.57218010295e-05 0.000682807007455 0.0445003479535
-5.82339060897e-05 0.000691480538897 0.0447503479415
-0.000100559921264 0.000696316063996 0.0450002858201
-0.000145777460482 0.000688058836624 0.0452502858129
-0.000192388132635 0.00066743834041 0.0455002236939
-0.000237094943164 0.000638847461282 0.0457502236891
-0.000279047392402 0.000597514646022 0.0460002857961
-0.000316688254615 0.000536776978381 0.0462502854079
-0.000345444030209 0.000462389923311 0.0465002854055
-0.000361313724314 0.000387675310847 0.0467502850173
-0.000363339954332 0.000316155856742 0.0470002850173
-0.000351440197241 0.000240710689071 0.0472502850173
-0.00032516695363 0.000160614339603 0.0475002229055
-0.000285132064081 8.48463975046e-05 0.0477501611795
-0.00023318998311 2.16589402324e-05 0.0480000994535
-0.000171602557728 -2.44602614644e-05 0.0482499756156
-0.000102673210709 -5.18802662627e-05 0.0484999142778
-2.8963055145e-05 -6.10711522346e-05 0.0487498533234
4.6644085544e-05 -5.24281112059e-05 0.0489997923689
0.000120824167237 -2.71207569127e-05 0.0492497939097
0.000189427798555 1.09732215366e-05 0.0494997954552
0.000248374179067 5.71896116995e-05 0.0497499208386
0.00029573105753 0.000110848392365 0.0500000462243
0.000332288775166 0.000178198519825 0.0502502333361
0.000358030877876 0.000263452151822 0.050500544669
0.000369430662782 0.000353289397504 0.0507509173446
0.000364439071526 0.000425518800122 0.0510012279108
0.000346757547475 0.000478240015016 0.0512515377054
0.000320721845242 0.000528311316475 0.0515018478906
0.000287843378931 0.000579516841249 0.0517522194136
0.000250088954522 0.000617451564873 0.052002529213
0.000210318402378 0.000634716196123 0.0522527765148
0.000169466077313 0.000641292648284 0.0525029620882
0.000127169280977 0.000648511040186 0.0527531472759
8.38652548358e-05 0.000655986032786 0.0530033324635
4.0023564584e-05 0.000659116483516 0.0532535176464
-4.39679606673e-06 0.000657959782918 0.0535036411008
-4.93356332084e-05 0.000653298977281 0.0537538262813
-9.49504642994e-05 0.000642638458343 0.0540039493476
-0.000141236393287 0.000624537212466 0.0542540106855
-0.000187056911846 0.000601233417811 0.0545040099092
-0.00023119521791 0.000573288848149 0.0547540091329
-0.000272936112497 0.00053730664398 0.0550040083518
-0.00031063339631 0.000493013318811 0.0552538837304
-0.000341982062656 0.000445370248901 0.0555036966115
-0.000365571210554 0.000396740459576 0.0557535716067
-0.000380314602403 0.000345521054713 0.0560033227665
-0.000384871154909 0.000292942810883 0.0562530739264
-0.000378180225558 0.000242541590862 0.0565027633625
-0.000358956188001 0.000192888792944 0.0567524527963
-0.000325097815102 0.000137713436788 0.0570020805065
-0.000275786801928 7.58706520305e-05 0.057251646493
-0.000213629320407 1.71886970639e-05 0.0575011511369
-0.000142894045775 -2.64789811314e-05 0.0577507175092
-6.6953999464e-05 -5.28865123545e-05 0.0580003463767
1.07381470704e-05 -6.50595186772e-05 0.0582499752442
8.63617710197e-05 -6.07935997176e-05 0.0584997287211
0.000156949528617 -3.78740575138e-05 0.0587495439264
0.00021940871314 -2.33572735695e-06 0.0589994216294
0.00027112649175 4.17707002126e-05 0.0592493610607
0.000311484346886 9.9902285574e-05 0.0594993626014
0.000339613553557 0.000173373063115 0.0597494262563
0.000353737675097 0.000251668693931 0.0599994895255
0.000353671994024 0.000322992807751 0.0602496149089
0.000341334049965 0.000383614536975 0.0604997399064
0.000319037121271 0.000436183604275 0.0607498645182
0.000288737009968 0.000482283759041 0.0609999887442
0.000252012073836 0.000523242975656 0.0612501125893
0.000209616214881 0.000563291291258 0.0615002985437
0.000163262452496 0.00060065821261 0.0617504220029
0.000116001076428 0.000629234975324 0.062000545074
6.88649542943e-05 0.000651783145662 0.0622507306426
2.23839411021e-05 0.00067229611899 0.0625006673783
-2.13396620174e-05 0.00068287985985 0.062750667388
-6.25201047732e-05 0.000675315024255 0.0630012846481
-0.000103972045336 0.000656663658792 0.0632512846481
-0.000146454154286 0.000639839430587 0.0635012846481
-0.000188955754902 0.000624531472059 0.0637512846481
-0.000231165397426 0.000600819081401 0.0640012807902
-0.000272347876529 0.000565549756856 0.0642519019084
-0.000310718601604 0.000520744612528 0.0645019019084
-0.000344088063635 0.000465330156561 0.0647518980505
-0.000369932655816 0.000399491429966 0.0650018980504
-0.000386083337379 0.000327948219401 0.0652525191684
-0.000391441463458 0.000256902440939 0.0655025153105
-0.000386078672225 0.000192401585635 0.0657525153105
-0.000369841684897 0.000135095135885 0.0660025114287
-0.000340754420201 7.89303201266e-05 0.0662531325467
-0.00029776176201 2.29434617474e-05 0.0665031325467
-0.000243327872676 -2.45611523513e-05 0.0667531286888
-0.000180661024215 -5.63985951818e-05 0.0670031286886
-0.000111663329328 -7.14483141609e-05 0.0672531286886
-3.79909623921e-05 -7.22129502843e-05 0.0675031286886
3.75023063131e-05 -6.18740432709e-05 0.0677531286886
0.000110200981388 -3.76553640767e-05 0.0680031286886
0.000175908087719 9.25749244979e-06 0.0682531286886
0.000232189042972 7.76000634634e-05 0.0685025075706
0.000276682594905 0.000150137472173 0.0687525114285
0.000307353702542 0.000216776668256 0.0690025152862
0.000323335877619 0.0002864132133 0.0692518941682
0.000324420365625 0.000361541926319 0.0695018980261
0.00031262315535 0.000426487406804 0.069751901884
0.000291467076626 0.000473715735412 0.0700019057419
0.000261940840468 0.000514407368543 0.0702519057419
0.000223768271954 0.000556453838431 0.0705012884817
0.000179306006141 0.000594625845714 0.0707512884817
0.000132131537554 0.000622962175522 0.0710012884817
8.4672131484e-05 0.000640470923568 0.0712512923636
3.89637627577e-05 0.00064616235229 0.0715012923636
-4.28748409121e-06 0.000640410938817 0.0717512923636
-4.77443015344e-05 0.000630688384082 0.0720012923636
-9.40306152766e-05 0.000626378071513 0.0722512923875
-0.00014102957074 0.000625223130919 0.0725012923875
-0.000185296805152 0.00061441797192 0.0727512923877
-0.000227268541846 0.000590587712965 0.0730012923877
-0.000268804355318 0.000567332307299 0.0732512923877
-0.000309900805464 0.000555317687184 0.0735012924116
-0.000349292023359 0.00054551488233 0.0737512924118
-0.000384841440044 0.000519558656973 0.0740012924118
-0.000413741049302 0.000470899694422 0.0742506674359
-0.000434268201355 0.000409106756735 0.0745006674359
-0.000445678580312 0.000344011247828 0.074750667436
-0.000446124033476 0.000276253419051 0.0750006674121
-0.000434223734776 0.000207641956708 0.0752506635542
-0.000411160947959 0.000145619234684 0.0755006635542
-0.000376818509973 9.16120042765e-05 0.0757506596963
-0.000327527088459 3.86802715028e-05 0.0760006558384
-0.000262161832057 -1.51097537767e-05 0.0762506558145
-0.000186873814623 -5.97685861624e-05 0.0765006558145
-0.000109908902399 -8.31541731746e-05 0.0767506519566
-3.46194517389e-05 -8.33499591256e-05 0.0770006519566
3.89884528412e-05 -6.79317608869e-05 0.0772506519566
0.000108472076941 -4.16328097963e-05 0.0775006519326
0.000169012070756 -1.7684709888e-07 0.0777506480748
0.000217368170347 5.96704856311e-05 0.0780012691928
0.000252528792347 0.000131237028343 0.0782512691928
0.000274282628915 0.000203942308631 0.0785012691928
0.00028295766256 0.000270934446906 0.0787518902868
0.000279069944738 0.000331722269083 0.0790018902868
0.000262317519146 0.000391457545312 0.0792525114048
0.000232754845267 0.000451984456789 0.0795025114048
0.000192510438942 0.000508721942511 0.0797525114048
0.000143320181258 0.000560399844161 0.0800031325468
8.72989026757e-05 0.000606002717614 0.0802531364047
3.17681301726e-05 0.000635528268305 0.0805031364047
-1.77385849027e-05 0.000644824879989 0.0807531364047
-6.53270501765e-05 0.000645910935519 0.0810031364285
-0.000113944470791 0.000646370350347 0.0812531364285
-0.000159020549708 0.000639439287153 0.0815031402864
-0.000199181983275 0.000622026978014 0.0817531402864
-0.000238302950541 0.000600907192251 0.0820031403103
-0.00027747963785 0.000578730994397 0.0822531403103
-0.000315214027785 0.000551303191969 0.0825031441682
-0.000350859685476 0.000516456656761 0.0827525230261
-0.000383578525709 0.000473213680792 0.0830025230261
-0.000411898557589 0.000420711197672 0.0832525230261
-0.000435661525534 0.000365231813928 0.083502526884
-0.000455750023247 0.000315176558435 0.083751905742
-0.000470750808002 0.000268238952418 0.084001905742
-0.000475733228697 0.000214169748634 0.084251905742
-0.000466194889702 0.00014893608022 0.0845012884819
-0.000444068335384 8.34308513356e-05 0.0847512884819
-0.000416188500022 3.30955597832e-05 0.0850012884579
-0.000382723230387 -2.23494287226e-06 0.0852506711978
-0.000334281329997 -3.67186374573e-05 0.0855006711978
-0.000265538676381 -7.6661186961e-05 0.0857506711978
-0.000184868994968 -0.000110635746497 0.0860006711978
-0.000106059235406 -0.000121546428322 0.0862500500798
-3.47995365105e-05 -0.000103598978901 0.0865000500798
3.18743674253e-05 -6.57507036268e-05 0.0867500500798
9.52185352579e-05 -1.88264711722e-05 0.0870000500798
0.000150302537872 3.67514075204e-05 0.0872500500798
0.000192208112159 0.00010354794475 0.0875000501037
0.000220606138248 0.000173754810914 0.0877506673639
0.000236616144031 0.0002376747813 0.088000667364
0.000239378211502 0.000296697251469 0.0882506635301
0.000227835496556 0.000355250208805 0.0885006635301
0.000203445685758 0.000411143651599 0.0887506596962
0.000170074757238 0.00045817465806 0.0890006558383
0.000131343868528 0.000493266613029 0.0892506558623
8.66110150068e-05 0.000521730339326 0.0895006520044
3.342858251e-05 0.000549734478196 0.0897506520283
-2.47187466978e-05 0.000573549878153 0.0900006481705
-8.05003911787e-05 0.000585736274958 0.0902506481705
-0.00013068770524 0.000585298094582 0.0905006481706
-0.000176363593476 0.000575842373435 0.0907506443367
-0.000220470296012 0.000562378082311 0.0910006443367
-0.000265432591599 0.000549481692171 0.0912506443127
-0.000309447227331 0.000536018176637 0.0915006443127
-0.000349425283893 0.000516975587499 0.0917506443127
-0.000386141530702 0.00049261563838 0.0920006442888
-0.000422551899569 0.000469129739763 0.0922512654068
-0.000459122128116 0.000448585052189 0.0925012653828
-0.000491780100809 0.000421257523625 0.0927512653827
-0.000515188538881 0.000376160547427 0.0930012653587
-0.000527834174787 0.000315631455543 0.0932512653587
-0.000529628577303 0.00024664146021 0.0935012653348
-0.000518993766195 0.000172413014041 0.0937512691925
-0.000496980427276 9.9745494138e-05 0.0940012691925
-0.000466075133494 3.52728543571e-05 0.0942512730504
-0.000425740358718 -2.04843534782e-05 0.0945012768843
-0.000373453090172 -6.95110163898e-05 0.0947512768843
-0.000306886371181 -0.000113367965159 0.0950012807421
-0.000228880560512 -0.000148743010882 0.0952512807421
-0.000148511948229 -0.000167398761418 0.0955012846
-7.29016310852e-05 -0.000164333554667 0.0957512846
-3.13488516389e-06 -0.000141445435884 0.0960006673399
6.1049666293e-05 -0.000103187965117 0.0962506673399
0.000117311172192 -5.19314482737e-05 0.0965006673399
0.000162545428278 1.07151860521e-05 0.0967506711979
0.00019475239443 8.16782545342e-05 0.09700066734
0.000211193493656 0.000160374320595 0.09725066734
0.000209167719223 0.000247458432354 0.097500046222
0.000190457164792 0.000335256901311 0.097750046246
0.000160754094327 0.000411175917397 0.0980000423881
0.000123921178119 0.00047056717221 0.0982500423883
8.09898807141e-05 0.000515884295185 0.0985000424122
3.30773860838e-05 0.000549460364356 0.0987500385543
-1.8314349518e-05 0.00057280379846 0.0990000385543
-7.13467480249e-05 0.000586874852408 0.0992500346965
-0.000123218271485 0.000591484766994 0.0995006558384
-0.00017142313131 0.000586741172156 0.0997506558386
-0.000216157776664 0.000574957460418 0.100000655839
-0.000258740150457 0.000558751156795 0.100250655839
-0.000298219332743 0.000537953163987 0.100500655863
-0.000333793247386 0.000511845626383 0.100750652005
-0.000366854354018 0.0004816655326 0.101000652005
-0.000398363426364 0.000448529913234 0.101250652005
-0.000427707652085 0.000411991659193 0.101500652005
-0.000454427957884 0.000372082145069 0.101751273123
-0.000478902276707 0.000330843869112 0.102001273123
-0.000499837186484 0.000287666246536 0.102251273123
-0.00051235982052 0.000236220187358 0.102501273123
-0.000513579413459 0.000175312990957 0.102751273123
-0.000508633716651 0.000116663340748 0.103001273123
-0.000503657217555 7.01241639254e-05 0.103251273123
-0.000494400342464 3.02033707559e-05 0.103501273123
-0.000471374689748 -1.20255904495e-05 0.103751273123
-0.000432354386891 -5.49236128924e-05 0.104001273123
-0.00037949742883 -9.30258552464e-05 0.104250655863
-0.000313181714369 -0.000124030334304 0.104500655862
-0.000238365071246 -0.000143144889442 0.104750655862
-0.00016439562374 -0.000143477099381 0.105000659696
-9.30634524214e-05 -0.00012540599042 0.105250038578
-1.98600546659e-05 -9.64347293534e-05 0.105500042436
5.34140588077e-05 -6.12151325574e-05 0.105750042436
0.000117955085431 -1.79402906771e-05 0.106000046294
0.000167194328517 3.53586414171e-05 0.106249425176
0.000199953537247 9.61965619771e-05 0.10649942901
0.000216344339777 0.000161320096047 0.10674942901
0.000215351567162 0.000229963523962 0.10699942901
0.000197519809047 0.000299647768759 0.10724942901
0.000166319920944 0.000364474918331 0.107499428986
0.00012434387606 0.000421271397268 0.107749428986
7.19654849527e-05 0.000470563781819 0.107999428962
1.30472347403e-05 0.00050945271376 0.108249425104
-4.46473201765e-05 0.000532743144984 0.108499425104
-9.79481391018e-05 0.00054128788289 0.108750042364
-0.000150785629882 0.000541507370939 0.109000038482
-0.000208402401748 0.000539302345987 0.109250038482
-0.000271198737278 0.000536471028924 0.109500034624
-0.00033211592012 0.000530018700755 0.109750034648
-0.000383179447636 0.000516162641337 0.110000034648
-0.000423118661797 0.000494559958763 0.110250651908
-0.000454701404896 0.000466566251703 0.110500651932
-0.000479889595102 0.00043229630999 0.110750651932
-0.000499468407502 0.000390881358939 0.111000651956
-0.00051359359649 0.000341661060032 0.111250648099
-0.00052367679853 0.000287155174593 0.111500648123
-0.000531847471588 0.000232341439123 0.111750648123
-0.000535484121992 0.000176397940733 0.112000648147
-0.000529428043443 0.000115737129162 0.112250644289
-0.000514234736754 5.41963868835e-05 0.112500023195
-0.000492106694459 -3.31024629818e-06 0.112750023195
-0.000460636710198 -5.7111325157e-05 0.113000023195
-0.000418299295213 -0.000106355050023 0.113250023195
-0.00036546886205 -0.000148594446851 0.113500023195
-0.000300968734516 -0.000182967111678 0.113750023195
-0.000228326811168 -0.000206042138244 0.114000023195
-0.000158311913785 -0.000211218527674 0.114250023195
-9.68128585564e-05 -0.000195853224935 0.114500023195
-3.81733826283e-05 -0.000164636919586 0.114750023195
2.30962823707e-05 -0.000123737549839 0.115000027053
8.11114697883e-05 -7.37717591302e-05 0.115250027029
0.000125909982836 -1.19480418084e-05 0.115500030887
0.000155227388458 5.93494602636e-05 0.115750030887
0.000171278177009 0.00013327342953 0.116000034721
0.000171464398233 0.000208310977967 0.116250034721
0.000150558871764 0.000287264304096 0.116500038554
0.0001105076506 0.000365587190777 0.116750038554
6.13728867878e-05 0.000431300196621 0.117000042388
1.15604036902e-05 0.000477390992378 0.117250042388
-3.69722544256e-05 0.000505491736987 0.117500042364
-8.59866309475e-05 0.000520612786616 0.117750046222
-0.00013877462978 0.000527764994724 0.118000046198
-0.000194233063012 0.000527829300015 0.11824942508
-0.000245083058895 0.000518126069317 0.11849942508
-0.000287936618775 0.000498957560732 0.11874942508
-0.000326066259045 0.00047378583832 0.118999421222
-0.000363521206424 0.00044566228507 0.119248800104
-0.000402820501883 0.00041677024029 0.119498800128
-0.000442746164266 0.000387643902391 0.119748800128
-0.000478073009979 0.000356014484856 0.119998796294
-0.000504460105598 0.000318547211314 0.120248175176
-0.000522556718955 0.000274390363266 0.1204981752
-0.00053751066937 0.000227595386549 0.120748175224
-0.000554019889537 0.000183572584592 0.120998171366
-0.000570517126593 0.000142083857289 0.121248171366
-0.000581299248039 9.8549587061e-05 0.12149817139
-0.000583184378181 5.14017263606e-05 0.121747546414
-0.000576558566584 2.93918846358e-06 0.121997546414
-0.000561706851445 -4.4392021341e-05 0.122247542556
-0.000533640496194 -9.16190977975e-05 0.122497542556
-0.000485317353666 -0.000139736655914 0.122747538699
-0.00042164392857 -0.00018206051098 0.122997538675
-0.000355425866404 -0.000209829156317 0.123248155935
-0.00028734145966 -0.000222440444163 0.123498155935
-0.000210121791507 -0.000223123633364 0.123748155935
-0.000125692038921 -0.000211704034725 0.123998152077
-4.34475141131e-05 -0.000186399840185 0.124248152053
2.84295924193e-05 -0.000146876468225 0.124498152053
8.52610015978e-05 -9.43335613361e-05 0.124748152053
0.000126132776407 -3.16829247266e-05 0.124998152053
0.000152438510158 3.64652516911e-05 0.125248152053
0.000164316552403 0.000106211709812 0.125498773147
0.000157548179513 0.000177932765646 0.125748777005
0.000127627195966 0.00025322458391 0.125998777005
7.95655209918e-05 0.000325825858352 0.126248780863
2.59426592858e-05 0.000384400502458 0.126498780863
-2.72744156696e-05 0.000425366902453 0.126748780863
-8.36454732039e-05 0.000453312233393 0.126998784721
-0.000147072603584 0.00047225908353 0.127248784721
-0.000217306505109 0.000483070658144 0.127498784721
-0.000290494084524 0.00048499515407 0.127748784721
-0.000359786294174 0.000476949566352 0.127998784745
-0.00041739072653 0.000458562771291 0.128248784745
-0.000458785923859 0.000431049111136 0.128498784745
-0.000487456445221 0.00039751750517 0.128749405863
-0.000512101088949 0.000361748699425 0.128999405887
-0.000537103433917 0.000325746112974 0.129249405887
-0.000559845076662 0.000288737315002 0.129499405887
-0.000576576030866 0.000248581809018 0.129749405887
-0.00058671443786 0.000204100438467 0.129999405887
-0.000592723514092 0.00015652836252 0.130249405887
-0.000596517966939 0.000107877223579 0.130499405863
-0.000595755692045 5.76468910019e-05 0.130749405863
-0.000585470333032 3.76540901328e-06 0.130999405863
-0.000562408784719 -5.37477221134e-05 0.131249405863
-0.00052612511816 -0.000112183903648 0.131499405839
-0.000479725290027 -0.000166796346661 0.131749409697
-0.000431965062865 -0.000211209716662 0.131999409697
-0.000390937529569 -0.00024149134719 0.132249409697
-0.000351975611256 -0.000259907932324 0.132499409697
-0.000302255734573 -0.00027003770065 0.132749409673
-0.000238156697793 -0.000270927683911 0.132999409673
-0.000167277013462 -0.000259074508256 0.133249409673
-9.93423615016e-05 -0.000232100690954 0.133500030791
-4.23166561091e-05 -0.000189085529316 0.133750030791
2.17706668415e-06 -0.000131380265769 0.134000030791
4.04682536e-05 -6.41870350824e-05 0.134250030791
7.54847029726e-05 6.03358174232e-06 0.134500030791
9.92508683395e-05 7.70688405531e-05 0.134749405815
0.000104128768541 0.000148880866526 0.134999405815
9.23009041758e-05 0.000217715805086 0.135249405815
6.83250819945e-05 0.000279053309548 0.135499401957
3.314089459e-05 0.000331460646898 0.135748780839
-1.30197452885e-05 0.000374693745845 0.135998776981
-6.97612693412e-05 0.000408738659081 0.136248155863
-0.000133758564959 0.000432332000825 0.136498155863
-0.000196156968807 0.00044270299956 0.136748155887
-0.000252397147038 0.000440355273497 0.136997530911
-0.000307635958303 0.0004292262732 0.137247530911
-0.000363043559538 0.000411091363828 0.137497530911
-0.000410311788585 0.000385418949805 0.137746909817
-0.000446881018085 0.00035346945222 0.137996913675
-0.000480747745998 0.00031809956459 0.138246913675
-0.000516920272394 0.000281338540183 0.138496913675
-0.000551975810969 0.000243691243029 0.138746913675
-0.000581387820214 0.00020498681236 0.138996917533
-0.000605118150514 0.000165411222238 0.139246296415
-0.000626016805626 0.000125957103967 0.139496296415
-0.000644757310055 8.6840743383e-05 0.139746296415
-0.000656558654336 4.54838511887e-05 0.139996300273
-0.000653627661296 -2.23919047935e-06 0.140246921391
-0.000634246866999 -5.6039033941e-05 0.140496921367
-0.000607017165917 -0.000109428046004 0.140746921367
-0.000578450199037 -0.000157534708207 0.140996921367
-0.000542566936913 -0.000201369423104 0.141247546343
-0.000490809090529 -0.000241648063006 0.141497546343
-0.000423658190309 -0.000275089163627 0.141748167461
-0.000347844141527 -0.00029740928932 0.141998171318
-0.000270658062618 -0.000305824947649 0.142248792436
-0.000198953766835 -0.000299026718701 0.142498792436
-0.000133548285807 -0.00027740877038 0.142749413554
-6.88344980394e-05 -0.000242492983965 0.142999417412
-5.91075121162e-06 -0.0001957687369 0.143250038506
4.56517847575e-05 -0.000138492677489 0.143500038506
7.97476544738e-05 -7.23601931926e-05 0.143750038506
9.56667524625e-05 8.78484283785e-08 0.144000038506
9.17344687627e-05 7.65500999438e-05 0.144250038506
6.53966451276e-05 0.000155204292756 0.144500038506
2.08969260211e-05 0.000231476096305 0.144750038506
-3.07017818495e-05 0.00029765002525 0.144999417388
-8.40855311638e-05 0.000349518523626 0.145249417388
-0.000140832157501 0.000387429433795 0.145498796294
-0.000199926618558 0.000411687479139 0.145748796294
-0.000261815397007 0.000423604826017 0.145998796294
-0.000329843983941 0.000425183146603 0.146248175176
-0.000399758285545 0.000416297900451 0.146498171318
-0.000461709001815 0.000396819751391 0.146748171318
-0.000512936938502 0.000368889274357 0.146997546367
-0.000556598418695 0.000335234251479 0.147247546367
-0.000591876893859 0.000297661955203 0.147497542509
-0.000617934655667 0.000257572486489 0.147747542509
-0.00063795855873 0.000216013268408 0.147996921415
-0.000650849253883 0.000173170039237 0.148246917557
-0.000652944653718 0.000128051024305 0.148496917557
-0.000647722435762 8.01575184495e-05 0.148746917557
-0.000642773174249 3.11391314348e-05 0.148996913699
-0.000639939160209 -1.72230368012e-05 0.149246913699
-0.000634029730159 -6.53611689349e-05 0.149496909841
-0.000620308742982 -0.000114091348732 0.149746909841
-0.000600485619046 -0.000161825593415 0.149996909841
-0.00057968030845 -0.000205752280459 0.150246905983
-0.000558578648472 -0.000244870577645 0.150496905959
-0.000529577157562 -0.000280180960636 0.15074690596
-0.000483823566906 -0.000311336871665 0.15099690596
-0.000424276440673 -0.000334776558638 0.15124690596
-0.000362594199067 -0.000346827049185 0.15149690596
-0.000300470898585 -0.000346236364977 0.151746909817
-0.000230704146079 -0.000332137481399 0.151996909817
-0.00015685515768 -0.000303644544448 0.152246909817
-9.38566862128e-05 -0.000261328215373 0.152496292557
-4.99657412743e-05 -0.000206567345893 0.152746296415
-2.02541763745e-05 -0.000140977800106 0.152996296415
2.5775204012e-06 -6.77797316113e-05 0.153246300273
1.85561570383e-05 8.36856388099e-06 0.153496304131
2.3305151823e-05 8.31445776213e-05 0.153746304131
1.52171274425e-05 0.000152940392894 0.153996307989
-5.00532893694e-06 0.000214908253836 0.154246307989
-3.99087051256e-05 0.000268195675694 0.154496307989
-9.28651958012e-05 0.000312826985136 0.154746929107
-0.000158196649327 0.000346490461527 0.154996929107
-0.000223542835453 0.00036621233564 0.155246929107
-0.000283985028536 0.000372264522242 0.155496929107
-0.000343197031584 0.000366854167449 0.155746929107
-0.000404319001675 0.000351448953558 0.155997546367
-0.000467933930836 0.000326900407061 0.156247546367
-0.00053009785018 0.000294249472741 0.156497546367
-0.000580844687516 0.000255739257083 0.156747546367
-0.000613806417557 0.00021431603502 0.156998167461
-0.000634184405816 0.000171589735301 0.15724816746
-0.000650496875586 0.000127865322922 0.15749816746
-0.000663724495683 8.37820407012e-05 0.15774816746
-0.000670375247788 3.97710593832e-05 0.157998163603
-0.000670677966226 -4.46176062413e-06 0.158248163603
-0.000667783695382 -4.90285902435e-05 0.158498163603
-0.000661051760699 -9.3914288004e-05 0.158748163603
-0.000645837094761 -0.000139725535107 0.158998163603
-0.000622596325956 -0.000185817627661 0.159248163603
-0.000597628507287 -0.000229938785891 0.159498163603
-0.000569738266221 -0.000271222668404 0.159748163603
-0.000530771876012 -0.000309501506295 0.159998163603
-0.000479979096667 -0.000342574207042 0.160248163603
-0.000420241498148 -0.000367766431309 0.160497542485
-0.000348267660674 -0.000382660926648 0.160747542485
-0.00026416993835 -0.000384528837056 0.160997538651
-0.000181014019928 -0.000372387864016 0.161246917533
-0.000114808468419 -0.000348025973824 0.161496917533
-6.87215364529e-05 -0.000312924369373 0.161746913675
-3.15136214715e-05 -0.000265911076659 0.161996913675
6.67248282057e-06 -0.000206179688634 0.162246292557
4.02372641057e-05 -0.000136810594051 0.162496288699
5.51793863598e-05 -6.23909376055e-05 0.162746288699
4.69527906384e-05 1.42332079518e-05 0.162996288699
2.26665675096e-05 9.01076754397e-05 0.163246288723
-1.24219168249e-05 0.00016100053022 0.163496288723
-6.03527609832e-05 0.000223452039176 0.163746288723
-0.000120376877951 0.000274797965858 0.163996292581
-0.000183525559856 0.000312289771664 0.164246292581
-0.000243816188716 0.00033496506791 0.164496296439
-0.000303681340233 0.000343865083081 0.164746300273
-0.000364194824954 0.000340130551968 0.164996300273
-0.000422568896941 0.000324906936164 0.165246304131
-0.000473887871928 0.000300066632584 0.165496307989
-0.000512572578821 0.000268393783356 0.165746307965
-0.000542738072033 0.00023174725968 0.165996311823
-0.000574646692632 0.000189759072088 0.166246932941
-0.000606662348746 0.00014361688515 0.166496936799
-0.00062908184776 9.6817486865e-05 0.166746936799
-0.000640805382415 5.08738044996e-05 0.166996936798
-0.000646756166279 5.3188794274e-06 0.167246936798
-0.000647116290011 -3.96608817538e-05 0.167496936798
-0.000639623835626 -8.40117251944e-05 0.167746936822
-0.000626156887608 -0.000128356593354 0.167996936822
-0.00061195083294 -0.000172635193976 0.168246936846
-0.000600891696997 -0.000215920964086 0.168496932988
-0.000591461998506 -0.00025757331779 0.168746932988
-0.000577133494914 -0.000297542965715 0.168996933012
-0.00055198490004 -0.000335328938958 0.169246929154
-0.000512840485432 -0.000369342234849 0.169496929154
-0.0004587127253 -0.00039694079915 0.169747546439
-0.000395733461963 -0.000415594275589 0.169997542581
-0.0003356039723 -0.000424534456451 0.170247542581
-0.000277697191253 -0.00042261645576 0.170497538723
-0.000207901693635 -0.000405132819001 0.170746913747
-0.000125597184637 -0.000369317476248 0.170996906031
-4.97197485302e-05 -0.000319400698945 0.171246902174
5.06799255717e-06 -0.000260930001688 0.171496898292
3.90919616016e-05 -0.000195529839734 0.171746898292
5.89642644423e-05 -0.000123276506219 0.171996273316
6.93729772531e-05 -4.61538996748e-05 0.172246273316
6.99083598763e-05 3.13799786305e-05 0.172495656032
5.59689364684e-05 0.000104472019071 0.172745656032
2.48550829505e-05 0.000169860050313 0.17299565989
-1.99827256574e-05 0.000225427896442 0.173245663724
-7.43221254234e-05 0.000269359956985 0.173495046464
-0.000138239150556 0.000300314995965 0.173745050298
-0.000210971710633 0.000317452195112 0.173995054156
-0.000287688204533 0.00032051521624 0.174245061847
-0.000364916602458 0.000309844838542 0.174495061847
-0.00044205139908 0.000285937114277 0.174745686823
-0.000515739267818 0.00025018982223 0.174995690657
-0.000577198165421 0.000206441990067 0.175245690657
-0.000618521383087 0.000160107981909 0.175496311775
-0.000641073181796 0.000114363784876 0.175746315633
-0.000652609078036 6.91722072979e-05 0.175996315633
-0.000656564138552 2.4738378925e-05 0.176246932893
-0.000653572330507 -1.83792862694e-05 0.176496932893
-0.000649611867685 -6.20148798262e-05 0.176746932893
-0.00064853641574 -0.000106756637583 0.176996929059
-0.000643002148048 -0.000149971761968 0.177246929059
-0.000625589868117 -0.000190691534702 0.177497550177
-0.000600795093419 -0.000230689182066 0.177747546319
-0.000575428624173 -0.00027051912601 0.177997546343
-0.000546403634493 -0.000309030709331 0.178247546343
-0.000506905389527 -0.000344609968795 0.178497542485
-0.000455837909928 -0.000375575809557 0.178747542509
-0.000396854626934 -0.000400208399123 0.178997538651
-0.000335125606237 -0.000417294398131 0.179247538651
-0.000275188686113 -0.000426229816258 0.179497538675
-0.00021691683444 -0.000425828176065 0.179747534817
-0.000156271765969 -0.00041336671853 0.179997534817
-9.24750557315e-05 -0.000386609011944 0.18024753096
-3.23079291579e-05 -0.000346706754973 0.180497530984
1.32644406634e-05 -0.000298173369934 0.180747527126
3.72812804331e-05 -0.000244840272829 0.180998144386
4.35350347826e-05 -0.000185510062979 0.181248144386
4.20840661978e-05 -0.000116814931608 0.181498140528
3.6532424756e-05 -4.07052852042e-05 0.181748761646
2.01496278947e-05 3.52541078304e-05 0.181998757788
-1.31816077212e-05 0.000104668057055 0.182249378906
-5.97467431401e-05 0.000164777964174 0.182499378906
-0.000113467241119 0.000213465266559 0.182749996166
-0.000174767673796 0.000248209698313 0.182999996166
-0.000241977843067 0.000267937234194 0.183249996166
-0.00030550422592 0.000273911751825 0.183499996142
-0.000360172094077 0.000268039213732 0.18375
-0.000409528728183 0.000251116518797 0.184
-0.000454052535273 0.000224569404934 0.18425
-0.000487174136981 0.000192425143196 0.1845