1480
-0.000378571906291 -0.000517220528943 -0.185
-0.0003341712713 -0.000528660094563 -0.18475
-0.000290380362807 -0.000544404528196 -0.1845
-0.000246874762436 -0.000561544187658 -0.18425
-0.000200730568227 -0.000574134662778 -0.184
-0.000150897527314 -0.000580064129352 -0.18375
-9.98326895678e-05 -0.000581354389921 -0.183500003882
-5.14709666336e-05 -0.000581529581847 -0.183250003882
-6.91348762511e-06 -0.000580837118843 -0.183000003882
3.76717379549e-05 -0.000572658941311 -0.182750003906
8.50997787758e-05 -0.000549592304128 -0.182500003906
0.000132278581245 -0.000511555010061 -0.182250003906
0.000172856176994 -0.000465198463756 -0.182000003906
0.00020131754979 -0.000419291330596 -0.181750003906
0.00021642883104 -0.000375802546417 -0.181500000049
0.000221120421895 -0.000324528362882 -0.181250617309
0.000217008848241 -0.000255621975168 -0.181000613451
0.000202050401335 -0.000173051757586 -0.180750609593
0.000173860333641 -8.91559342791e-05 -0.180500605735
0.000132075914607 -1.44629213589e-05 -0.180250601853
7.68112127912e-05 4.22815009302e-05 -0.180000597996
8.16566613367e-06 7.52915147939e-05 -0.179750594138
-6.98344192371e-05 8.80012842115e-05 -0.17950059028
-0.000148164539621 8.97004811491e-05 -0.179250590256
-0.00021857013565 8.6083601099e-05 -0.179000586398
-0.000278024034918 7.6790933044e-05 -0.178750590232
-0.000329315513309 5.60877919009e-05 -0.178500590208
-0.000377227192485 1.62916792911e-05 -0.178250590208
-0.000420780411824 -4.22039382696e-05 -0.17800121516
-0.000453189976839 -0.000108137115548 -0.177751219017
-0.000470273204377 -0.000170738954224 -0.177501222851
-0.000474045466361 -0.000228743747889 -0.177251226709
-0.000468571963171 -0.00028691524475 -0.177001230543
-0.000456254786526 -0.000348454090592 -0.176751851661
-0.000437882866152 -0.000412313475935 -0.176501855519
-0.000413328091777 -0.000471690504444 -0.176251855519
-0.000382527787455 -0.000517827186041 -0.176002480495
-0.000347083867542 -0.000550822463247 -0.175752480495
-0.000309501906491 -0.000578087191739 -0.175502480518
-0.000271167965024 -0.000602874635731 -0.175252480518
-0.000231994047025 -0.000624189077992 -0.175002480542
-0.000192035353846 -0.000642379310331 -0.174752480566
-0.000151743175547 -0.000658678346218 -0.17450248059
-0.000109648937823 -0.000670276275213 -0.174252480614
-6.08719174228e-05 -0.000668284359562 -0.174002480614
-2.78270602305e-06 -0.000646114047802 -0.173752480614
5.8566361946e-05 -0.000610004354291 -0.17350185952
0.000113672924782 -0.000573341909264 -0.17325185952
0.000159466855993 -0.000540249316648 -0.173001234544
0.000198539650311 -0.000502911072457 -0.172751234544
0.000231711695377 -0.000454565952265 -0.17250061345
0.000256753911352 -0.000394962266138 -0.17225061345
0.000270993248739 -0.000326451474008 -0.171999988475
0.000272021647184 -0.000254286283779 -0.171749988475
0.000258090574245 -0.000186535308458 -0.171499367333
0.000228877641759 -0.000128378527468 -0.171249367333
0.00018540188824 -7.86852401436e-05 -0.170998742357
0.000129428194623 -3.58133090559e-05 -0.170748742357
6.27816672473e-05 -3.29280469029e-06 -0.170498742357
-1.156484333e-05 1.68238337234e-05 -0.170248742357
-8.8268670045e-05 2.7423048363e-05 -0.169998738499
-0.000163331128281 2.6309674664e-05 -0.169748738499
-0.000236025639566 6.76336162127e-06 -0.169498738475
-0.000303120373831 -2.93135017815e-05 -0.169249359593
-0.000359884854946 -7.53856781687e-05 -0.168999359593
-0.000405889842865 -0.000132335887827 -0.168749980711
-0.000440948764196 -0.000200381899677 -0.168499976853
-0.00046194230499 -0.000270576336877 -0.168250597971
-0.000467583576325 -0.000333816616656 -0.168000597947
-0.000460029313104 -0.000387482948798 -0.167750597947
-0.000442470222047 -0.000432858546105 -0.167501219065
-0.000417746324661 -0.000473289397649 -0.167251219065
-0.00038788628665 -0.000512726324716 -0.167001219065
-0.000353788208142 -0.000550009831323 -0.166751219065
-0.000315904765275 -0.000578899789052 -0.166501219065
-0.000275132733835 -0.000599779525961 -0.166251840183
-0.00023301683632 -0.000621725779736 -0.166001840159
-0.000191206841883 -0.000648151435405 -0.165751840159
-0.000149713186493 -0.000671865208822 -0.165501840159
-0.000107229969907 -0.000687025712167 -0.165251840159
-6.37383607259e-05 -0.000695943864834 -0.165001840159
-1.96851567471e-05 -0.000700592839903 -0.164751840159
2.55134345872e-05 -0.00069907884896 -0.164501844017
7.05379478225e-05 -0.000693503240878 -0.164251844017
0.000114076531686 -0.000685158491557 -0.164001844017
0.000158044998428 -0.000664857125001 -0.163751222899
0.000202337937297 -0.000624768977032 -0.163501226757
0.000242502273892 -0.000568584380565 -0.163251226757
0.000273974257989 -0.000503830279379 -0.163001230615
0.000293786718358 -0.000437202351904 -0.162751230615
0.00030059277166 -0.000371316812667 -0.162501230615
0.000293922937346 -0.000300179547889 -0.162251234473
0.000273029403266 -0.000218006037327 -0.162001238354
0.000237805061408 -0.000132787318382 -0.161750617236
0.000189729996798 -6.12321214914e-05 -0.161500621094
0.000130804963855 -1.21784816419e-05 -0.161250621094
6.31121224965e-05 1.65206471972e-05 -0.161000621094
-1.0515920388e-05 2.89336023805e-05 -0.160750621094
-8.62938098051e-05 2.75815126734e-05 -0.160500621118
-0.000159594455398 1.55365892454e-05 -0.160250621118
-0.000226226908368 -5.38936643492e-06 -0.160000621118
-0.000284174716238 -3.70869439792e-05 -0.15975061726
-0.000333021256399 -8.25525617815e-05 -0.159500613403
-0.000371890400313 -0.000141463554388 -0.159249992285
-0.000398850233593 -0.00020849332515 -0.158999988427
-0.000412598267764 -0.000277530826868 -0.158749984593
-0.000413611707536 -0.000346250682117 -0.158499984593
-0.000403120935584 -0.000414246463923 -0.158249980735
-0.000382501589661 -0.00048138749939 -0.157999359617
-0.00035312722498 -0.000546199106513 -0.157749355735
-0.000316861529709 -0.00060296536404 -0.157499355735
-0.000276273939004 -0.000646734793376 -0.157249355735
-0.000233709246029 -0.000677738386938 -0.156999355735
-0.000190527080468 -0.000699137712196 -0.156749355735
-0.000147421916668 -0.000714878734309 -0.156499355735
-0.000104717893509 -0.000726005567381 -0.156249355711
-6.1997628502e-05 -0.000729485872683 -0.155999355711
-1.77316540438e-05 -0.000721814267095 -0.155749355711
2.95285399275e-05 -0.000702125286517 -0.155499355711
7.91130673675e-05 -0.000674920140977 -0.155249355711
0.000128412294726 -0.000646501707804 -0.154999976829
0.000175669073836 -0.000617360315748 -0.154749976829
0.000220276530885 -0.00058375885745 -0.154499976829
0.000261503955818 -0.000541315801111 -0.154249976829
0.000297764483335 -0.000486772704656 -0.154000597947
0.000326197503001 -0.000424686416794 -0.153750597947
0.000344556964878 -0.000366330072588 -0.153500601805
0.000352559742337 -0.00031736849979 -0.153250601805
0.000349929775691 -0.000270917963779 -0.153001222923
0.000334706704146 -0.00021673213552 -0.152751222923
0.000305318837434 -0.000156210936684 -0.152501222923
0.00026248171499 -0.000100562427179 -0.152251222923
0.000207746866701 -5.66370034711e-05 -0.152001222923
0.000142570067476 -2.34196019277e-05 -0.151751222923
6.96072320035e-05 6.5933794799e-07 -0.151501226781
-7.11105997396e-06 1.27703422438e-05 -0.151251226781
-8.35599901492e-05 8.21841138863e-06 -0.151001226781
-0.000156325945747 -1.42999162796e-05 -0.150751226781
-0.000222044056788 -5.20001570576e-05 -0.150501226781
-0.000277908424775 -0.000102867197079 -0.150250605663
-0.000321934547998 -0.00016570332401 -0.150000609521
-0.000352055077292 -0.000233213609105 -0.149750609521
-0.000367049423658 -0.000293422484346 -0.149499988403
-0.000368315324082 -0.000339651698722 -0.149249988379
-0.000358902104491 -0.000377041737863 -0.148999988379
-0.000340639290628 -0.000418300860557 -0.148749992236
-0.000313456255879 -0.000468822685113 -0.148499992236
-0.000277850354829 -0.000522553032977 -0.148249992213
-0.00023577107415 -0.00057235467678 -0.147999992213
-0.00018972715968 -0.000614177592336 -0.147749992213
-0.000142411907877 -0.000644772350668 -0.147499992213
-9.5850984846e-05 -0.000662473457519 -0.147249992213
-5.02298831457e-05 -0.000670643753021 -0.146999992213
-4.63090782248e-06 -0.000677028072984 -0.146749992237
4.06151158952e-05 -0.000684524593112 -0.146499992237
8.4734930552e-05 -0.000685939898237 -0.146249992237
0.000128533205054 -0.000674450023312 -0.145999988403
0.00017267009659 -0.000655117446987 -0.145749988403
0.000216017416086 -0.000638301964083 -0.145499988427
0.000257786849349 -0.000623411473482 -0.145249988427
0.000298070547452 -0.00059752002406 -0.145000609545
0.000335437703306 -0.000552689998657 -0.144750609569
0.000366878406 -0.000493985055563 -0.144500605711
0.000389725031917 -0.000426608700518 -0.144250605711
0.000401749279496 -0.000352700903674 -0.144000605711
0.000401959856751 -0.000279413398509 -0.143750601853
0.000389992261881 -0.000210621867528 -0.143500601853
0.000364015896315 -0.000141285110249 -0.143250601853
0.000323194908913 -7.12151081978e-05 -0.143001222971
0.000270103043672 -9.16893802439e-06 -0.142751219113
0.000208029432741 3.81860448266e-05 -0.142501219113
0.000139617883687 6.84124137483e-05 -0.142251219113
6.76419469769e-05 7.9036889117e-05 -0.142001219113
-5.71686029453e-06 7.1042531316e-05 -0.141750597995
-7.8140167758e-05 5.04379673822e-05 -0.141500597995
-0.000145821530733 1.89815811378e-05 -0.141250597995
-0.0002052232568 -2.77299608428e-05 -0.141000597995
-0.000253939343512 -8.86750055248e-05 -0.140750597995
-0.000289966935351 -0.000157595534542 -0.140500601829
-0.000311945861441 -0.000233493038468 -0.140249980711
-0.000319075991561 -0.000316102981186 -0.139999980711
-0.000311509906806 -0.000398612412157 -0.139749984569
-0.0002909546253 -0.000472721524283 -0.139499363427
-0.000260732130732 -0.000531416473122 -0.139249363427
-0.000225090776493 -0.000570120014073 -0.138999363427
-0.000186197477488 -0.000594419926542 -0.138749363427
-0.000142948351182 -0.000616047196899 -0.138499367261
-9.59408297229e-05 -0.000636654706006 -0.138249367261
-4.81995780541e-05 -0.000650784807283 -0.137999367261
-1.01739817209e-06 -0.000658221179526 -0.137749367261
4.49538022695e-05 -0.000659294442294 -0.137499367261
8.86349307504e-05 -0.000651036491165 -0.137249367261
0.000131175490713 -0.000635413197191 -0.136999367261
0.000174305877628 -0.00061929995165 -0.136749367261
0.000217348405388 -0.000602281218374 -0.136499367261
0.000258974862562 -0.000576308765637 -0.136249367285
0.000298874132008 -0.000541872287539 -0.135999367285
0.000336837309803 -0.000509934103372 -0.135749367285
0.000372234817522 -0.000483113580294 -0.135499367285
0.000403351437267 -0.000449828972517 -0.135249367309
0.000427088848431 -0.000399889211531 -0.134999367309
0.000440856302118 -0.000336276615604 -0.134749988427
0.000444515156227 -0.000270991867291 -0.134499988426
0.000439483446908 -0.00021399629778 -0.13424998845
0.000425584132129 -0.000165962231636 -0.133999984592
0.00039843615568 -0.000117506833564 -0.13375060571
0.000352882265577 -6.06269476353e-05 -0.133500605711
0.000290980819094 -2.82273871636e-06 -0.133250605711
0.000220092882017 4.1374498117e-05 -0.133000601853
0.000144907227672 6.63719256645e-05 -0.132751222971
6.79893467346e-05 7.24208114032e-05 -0.132501219113
-7.64410764866e-06 5.95757859549e-05 -0.132251219113
-7.95764125106e-05 3.13593716861e-05 -0.132001219113
-0.000145036150935 -6.96097133407e-06 -0.131751219113
-0.000200215726333 -5.61051253042e-05 -0.131501215255
-0.000242396950435 -0.000117184770873 -0.131251215255
-0.000271287766965 -0.00018001933815 -0.131001219089
-0.000287955385099 -0.000233033221052 -0.130751219089
-0.000292473776121 -0.000281069193377 -0.130501219089
-0.000282953430505 -0.000337636604921 -0.130251219089
-0.000258487199157 -0.000404481236432 -0.130001222947
-0.000221860422728 -0.000470338544228 -0.129751222923
-0.00017735392142 -0.00052596211654 -0.129501222923
-0.000127639189298 -0.000570480270578 -0.129251226781
-7.50963361912e-05 -0.000604190395339 -0.129001226781
-2.30217781225e-05 -0.000625529333224 -0.128750605639
2.68322402282e-05 -0.000635631837933 -0.128500609497
7.49309981991e-05 -0.000638573790111 -0.128250609497
0.000122280883896 -0.000638347745104 -0.128000609497
0.000168585797309 -0.00063606180896 -0.127750609497
0.000211986423964 -0.000628306991649 -0.127500609497
0.000251865038516 -0.000611922914846 -0.127249988379
0.000289708223521 -0.000588387793102 -0.126999988379
0.000326213870376 -0.00055897268186 -0.126749988379
0.000360653506692 -0.000521849842407 -0.126499988379
0.000392118108538 -0.000477461475006 -0.126249988379
0.000419938558468 -0.00042950673016 -0.125999988379
0.000443005741374 -0.000379770548857 -0.125749988403
0.000459146834536 -0.000325895117581 -0.125499988403
0.000464982970292 -0.000263887804802 -0.125249988403
0.000457215715031 -0.000192630126168 -0.124999988427
0.000435198084467 -0.000117724193348 -0.124749988427
0.000402199991823 -4.99391420301e-05 -0.124499988427
0.000362090124743 2.99913168719e-06 -0.124249988427
0.00031426791273 4.28212886656e-05 -0.123999988427
0.000256120032578 7.39991698308e-05 -0.12374998845
0.000189858107198 9.3690001856e-05 -0.12349998845
0.000119879339746 9.7031965693e-05 -0.123249984593
4.72740320139e-05 8.62245071153e-05 -0.122999984593
-2.65089172351e-05 6.58219607569e-05 -0.122749984593
-9.63218471316e-05 3.54589872971e-05 -0.122499980759
-0.000156446272278 -8.29852463446e-06 -0.122249980759
-0.000203109768787 -6.76482263342e-05 -0.121999980759
-0.000234163301493 -0.000142289792371 -0.121749976901
-0.000249081567545 -0.000226800183701 -0.121499976901
-0.000249887929209 -0.000308330525609 -0.121249976901
-0.000239460179908 -0.000376821224194 -0.120999976901
-0.000217946718543 -0.000435536632939 -0.120749976901
-0.000184172280512 -0.000491192535198 -0.120499973043
-0.0001391955776 -0.000543607741749 -0.120249973043
-8.70800029824e-05 -0.000587440557871 -0.119999973043
-3.45089125931e-05 -0.000615326023776 -0.119749973044
1.33634689772e-05 -0.000624810422582 -0.119499976877
5.71949108835e-05 -0.000621641622993 -0.119249976877
0.000100392265906 -0.00061312592892 -0.118999976877
0.000145012899119 -0.000603218500503 -0.118749976853
0.000190442189234 -0.000592084514148 -0.118499976853
0.000234216897804 -0.000577106014651 -0.118249976853
0.000275695241149 -0.000557668900003 -0.117999980687
0.000317059979463 -0.000538328476813 -0.117749980687
0.000358431778625 -0.000521018408428 -0.117499980687
0.000396702306411 -0.000499307524023 -0.117249980687
0.000430666820231 -0.000469298841528 -0.117000605663
0.000461404930176 -0.000434417126038 -0.116750605663
0.000487169557994 -0.000392324691618 -0.116500605663
0.000503520866744 -0.000336328863195 -0.116250605663
0.00050935352947 -0.000270630388456 -0.116000609521
0.00050731084677 -0.000206367211466 -0.115750609521
0.000498589642306 -0.000148466628648 -0.115500613378
0.000480642318023 -9.45556955534e-05 -0.115250613402
0.000448098960381 -3.95727395859e-05 -0.115000613402
0.00039871535974 1.57633965986e-05 -0.11475061726
0.000336925342598 6.34325091211e-05 -0.11450061726
0.000265753528393 9.96947294245e-05 -0.114250617284
0.000187179803028 0.000123863049522 -0.114000617284
0.000108409694681 0.000130377015303 -0.113749996166
3.40414670867e-05 0.000117319228683 -0.113499996166
-3.67602921762e-05 9.06354455645e-05 -0.113249996167
-0.000101994349002 5.43139176664e-05 -0.112999992333
-0.000156526250597 7.14320381003e-06 -0.112749992333
-0.000196478139142 -5.23630121491e-05 -0.112499988475
-0.000220174552825 -0.00012310642011 -0.112249988475
-0.000227665582292 -0.000200680824058 -0.111999984641
-0.000219904179147 -0.000279358561915 -0.111749984641
-0.000198084607231 -0.000354614976194 -0.111499980783
-0.000163574672614 -0.000423721902966 -0.111249980783
-0.00011789748262 -0.000485253465287 -0.110999976925
-6.37092964652e-05 -0.000537074693148 -0.110749976925
-4.9409141796e-06 -0.000576540094016 -0.110499976925
5.43639878975e-05 -0.000602246928611 -0.110249976925
0.000110640455972 -0.000614113729176 -0.109999976925
0.00016262858284 -0.00061457006048 -0.109749976901
0.000210885440925 -0.000607050825889 -0.109499976901
0.000255836500745 -0.000593790223788 -0.109249976877
0.00029920558329 -0.000577688377545 -0.108999980735
0.000341622492551 -0.000560327754534 -0.108749980711
0.000378887688893 -0.000537081109704 -0.108499980711
0.00040839218918 -0.000502775044876 -0.108249980687
0.000434356737519 -0.000461249936185 -0.107999980687
0.000460640544469 -0.00041911074866 -0.107749984521
0.000485061679829 -0.000374814006776 -0.107499984521
0.000503999913189 -0.00032398488372 -0.107249984521
0.000516715349683 -0.000268146461346 -0.106999984521
0.000523285879001 -0.000210660323601 -0.106749984521
0.000521311769703 -0.00015072894934 -0.106499984521
0.000508144046985 -8.78489019606e-05 -0.106249988379
0.000485531268682 -2.77929910933e-05 -0.105999988403
0.000456834276546 2.33578845968e-05 -0.105749988403
0.000421287361246 6.5569873956e-05 -0.105499988403
0.000377083480375 9.95520647386e-05 -0.105249988427
0.000325155615142 0.000123164361898 -0.104999988427
0.000265991123649 0.000135218739332 -0.104749367309
0.000199941139491 0.00013542101558 -0.104499367333
0.000129516025062 0.000122940480009 -0.104249367333
5.70142558198e-05 9.90005726636e-05 -0.103999367333
-1.29819338879e-05 6.44051306168e-05 -0.103748746239
-7.20395213772e-05 1.5842655423e-05 -0.103498742381
-0.000115056935905 -4.80309961899e-05 -0.103248742405
-0.000142386043635 -0.000122066121684 -0.102998742405
-0.000154707952147 -0.000200128075234 -0.102748742405
-0.000152166849247 -0.000277606170329 -0.102498742429
-0.000137238835911 -0.000348148889821 -0.102249363547
-0.000114000841118 -0.000405652389788 -0.101999363547
-8.4762898106e-05 -0.000449209128532 -0.101749363571
-4.86528378144e-05 -0.000482968303735 -0.101499363571
-2.27528180175e-06 -0.000512946075283 -0.101249363571
5.67143830278e-05 -0.000542147321623 -0.100999984689
0.000123685442835 -0.000566359287084 -0.100749984689
0.000188338015908 -0.000578222182972 -0.100499984665
0.000242982307374 -0.000574733634536 -0.100250605783
0.00028717676486 -0.000558668983932 -0.100000609641
0.000326199903762 -0.000535773190269 -0.0997506096166
0.000365697307133 -0.000511135423433 -0.0995006096166
0.000406900565367 -0.000486655602947 -0.0992512307106
0.000447493256388 -0.000461585183087 -0.0990012307108
0.000485867353053 -0.000435285633063 -0.0987512306868
0.000522658908182 -0.000408898824881 -0.0985012306868
0.000556784362497 -0.000381194143442 -0.0982518518048
0.000583663444351 -0.000345710590664 -0.098001851805
0.000601554850073 -0.000299988205093 -0.097751851781
0.000612977959814 -0.000248958282261 -0.097501851781
0.000617464984812 -0.000194477109943 -0.097251851781
0.000612642015446 -0.000136555504255 -0.0970018517812
0.000599405459068 -7.92669732305e-05 -0.0967518517812
0.000576787480847 -2.43097152132e-05 -0.0965018517812
0.000537928473506 3.16728249282e-05 -0.0962512306871
0.000477717293807 8.90208308278e-05 -0.0960012306871
0.000402656793836 0.000139375623805 -0.0957512268292
0.000327172736267 0.000171705088691 -0.0955006057112
0.000258616639053 0.000182297440709 -0.0952506057112
0.000192838777933 0.000175214723093 -0.094999984617
0.000124277642939 0.000155628098697 -0.094749984617
5.36055447704e-05 0.000126188906059 -0.094499363499
-1.26514870363e-05 8.68389574851e-05 -0.094249363499
-6.499395421e-05 3.4495504899e-05 -0.0939993596411
-9.58426315016e-05 -3.47069842414e-05 -0.0937487385231
-0.000104698267982 -0.000118797444874 -0.0934987385469
-9.71801057207e-05 -0.000207693910463 -0.0932487385469
-7.9565381054e-05 -0.000289569676804 -0.0929987385469
-5.59225093613e-05 -0.000357018136557 -0.0927487385469
-2.66287911757e-05 -0.000409725011728 -0.092498734713
1.24373073132e-05 -0.000453574824145 -0.092248734713
6.50615696181e-05 -0.000493217120104 -0.0919987347129
0.000128616897256 -0.000526605398064 -0.0917493558309
0.000195556324988 -0.000548741723163 -0.0914993558548
0.000260327051414 -0.00055804073643 -0.0912493597127
0.000320375081483 -0.000555815639193 -0.0909993597127
0.000370784353829 -0.000541972693533 -0.0907499808307
0.000408573165165 -0.000517328323578 -0.0904999808307
0.000440766037616 -0.000487260208363 -0.0902499808068
0.00047653853437 -0.000457510116882 -0.0899999808066
0.000514946915543 -0.00042845631263 -0.0897506019246
0.000548566182882 -0.000396250301191 -0.0895006019246
0.000573997330278 -0.000358100196926 -0.0892506057585
0.00059385738914 -0.000315087210593 -0.0890006057587
0.000612620577037 -0.000271190504992 -0.0887506057347
0.000631422082468 -0.000228551125176 -0.0885012268527
0.00064520095413 -0.000183116960978 -0.0882512268527
0.000647141918929 -0.00012930735505 -0.0880012268527
0.000636415353117 -6.88373538953e-05 -0.0877512268288
0.000620623492765 -1.1475255554e-05 -0.0875012268288
0.00060877308234 3.40443090219e-05 -0.0872518518048
0.000597573031395 7.05965143955e-05 -0.0870018518048
0.000571084903122 0.000108103294411 -0.0867518518048
0.000521314677062 0.000147666115009 -0.0865018518048
0.000455236659054 0.0001812732812 -0.0862518518048
0.000380078064407 0.000203158545622 -0.0860012306868
0.000301931495153 0.000209997898883 -0.0857512306868
0.00023040536627 0.000198049137981 -0.0855012307108
0.000168064203815 0.000167454589021 -0.0852512307108
0.000109506729014 0.000122890812457 -0.0850012307108
5.40063959466e-05 6.85675297139e-05 -0.0847506095928
6.51385350965e-06 6.8830943127e-06 -0.0845006095928
-2.99906944957e-05 -5.85395717396e-05 -0.0842506057349
-5.47549988387e-05 -0.000123216528165 -0.0840006057588
-6.4014229939e-05 -0.00018675278917 -0.0837506057588
-5.30952397595e-05 -0.000251472316666 -0.0835006057588
-2.34107969862e-05 -0.000314997134616 -0.083250601901
1.9678880546e-05 -0.000371860477991 -0.0829999808069
7.16772733786e-05 -0.000418395646487 -0.0827499808069
0.000128187585516 -0.000452346152814 -0.0824999808069
0.000187834438358 -0.000474460843217 -0.0822506019249
0.000251737973515 -0.000487034948067 -0.0820006019249
0.000315960427839 -0.000489470020231 -0.0817505980671
0.00037542293811 -0.000481428683309 -0.0815005980671
0.000432642103939 -0.000466290066453 -0.0812505980671
0.000490206944928 -0.000446926304594 -0.0810006019248
0.000541496543976 -0.000422554809679 -0.0807506019248
0.000581108300779 -0.000392711549711 -0.0805006019248
0.000613420426011 -0.00035989585918 -0.0802506019248
0.000641525803611 -0.000325604574574 -0.0800006019008
0.000662209663521 -0.000287757469836 -0.0797506019008
0.000674868815935 -0.000244818826945 -0.0795006019008
0.000683198736295 -0.000198400172023 -0.0792506019008
0.000690617118935 -0.000151342707648 -0.0790006019008
0.000698164459448 -0.000105506791657 -0.0787506019008
0.000701009660987 -5.83967655394e-05 -0.0785006019008
0.000688254226968 -3.78827924529e-06 -0.0782506057587
0.000652674053134 5.97601576921e-05 -0.0780006057587
0.000598971282163 0.000124701224554 -0.0777506057587
0.000539960960259 0.000180433406251 -0.0775006057587
0.000486120088868 0.00022087778292 -0.0772506057587
0.000436706253177 0.000246991050853 -0.0770006057587
0.000381677054789 0.000262663328298 -0.0767506057587
0.000315232800546 0.000268647043244 -0.0765006057588
0.000242528628594 0.000262255564123 -0.0762506057588
0.000173209176849 0.000240828096536 -0.0760006057588
0.000114801882486 0.000203273407105 -0.0757506057588
6.85458180363e-05 0.000150726622826 -0.0755006057588
3.19924707481e-05 8.63575372438e-05 -0.0752506057588
6.57012732949e-06 1.31793589528e-05 -0.0750006057588
-5.8074123087e-06 -6.52534253685e-05 -0.0747506057588
-6.79968255304e-06 -0.000143250322654 -0.0745006057588
5.47213296991e-06 -0.00021766083543 -0.0742506057588
3.56653624159e-05 -0.000288565809491 -0.074000605783
8.30611735504e-05 -0.000353633203882 -0.073750605783
0.000143039235143 -0.000408784332753 -0.073500605783
0.000208109085935 -0.000449552099053 -0.073250605783
0.000266322116459 -0.000471283078878 -0.073000605783
0.000311395757189 -0.000474632880175 -0.072750605783
0.000350787386448 -0.000466616112119 -0.072500605783
0.000395171263155 -0.000453169656286 -0.072250605783
0.000445806177283 -0.000435247627915 -0.072000605783
0.000495574086876 -0.000411610644902 -0.071750605783
0.000537234726605 -0.000381977269463 -0.071500605783
0.000569247960408 -0.000347525720001 -0.0712506057828
0.000595009664067 -0.000309929221073 -0.0710006057828
0.000618030886199 -0.000270513173666 -0.0707499846648
0.000638616888559 -0.000229829356824 -0.0704999846648
0.000655534446098 -0.000187821761969 -0.0702499846646
0.000669106820157 -0.000144757203172 -0.0699999846646
0.000679217497313 -0.00010074832512 -0.0697499846646
0.000683658616482 -5.49070006843e-05 -0.0694999846645
0.00068253855978 -7.7313066563e-06 -0.0692499846645
0.000678835447043 3.83722886806e-05 -0.0689999846645
0.000670269152375 8.36614859487e-05 -0.0687499846645
0.000648246318599 0.000130787995316 -0.0684999846404
0.000610165371523 0.000178152434705 -0.0682499846404
0.000563886739034 0.000219832871982 -0.0679999807825
0.000516584222617 0.000251752741897 -0.0677499807825
0.000467778104009 0.000273099865237 -0.0674999807825
0.000413246854597 0.000283588981168 -0.0672499807827
0.000350163168223 0.000282111765876 -0.0669999807827
0.000278455352365 0.000267342026062 -0.0667499769248
0.000199927976457 0.000238852305402 -0.0664999769248
0.000120331923507 0.000197392444636 -0.0662505980428
5.23218623222e-05 0.000143991111272 -0.0660005980429
7.9521011121e-06 7.92977827386e-05 -0.065750598019
-1.33103281882e-05 5.68665547145e-06 -0.065500598019
-2.20609271118e-05 -7.05146660355e-05 -0.065250598019
-2.47924385262e-05 -0.000142362807459 -0.0650005980191
-1.62741225357e-05 -0.000208153221713 -0.0647505980191
1.22979596815e-05 -0.000269844885495 -0.064500601877
5.94591501274e-05 -0.000325582053688 -0.064250601877
0.000115740470807 -0.000370290762452 -0.0640006057349
0.000178528907242 -0.000402816045197 -0.0637506057349
0.000252521748726 -0.000425065644243 -0.0635006095928
0.0003366110517 -0.000436538897908 -0.0632506095928
0.000417283118564 -0.000434322430587 -0.0630006095928
0.000477500923737 -0.000417655999184 -0.0627506095928
0.00051557411162 -0.000390566414809 -0.0624999892463
0.000546832412123 -0.000358161665012 -0.0622502373126
0.000583231718417 -0.000322818440609 -0.0620001748198
0.000623956520546 -0.000285322229654 -0.0617500502152
0.00066222510413 -0.000246545241783 -0.061499987339
0.00069038304872 -0.000207016803082 -0.0612499244604
0.000703888514249 -0.000166062740938 -0.0609998611984
0.000705938884382 -0.000122777545661 -0.0607497983222
0.000702631092382 -7.72662486482e-05 -0.0604997971721
0.000693533278279 -2.91068785007e-05 -0.0602497342935
0.000675719888515 2.23424260847e-05 -0.0599997331409
0.000652106906693 7.49165631694e-05 -0.0597497323741
0.000625858993804 0.000125782247932 -0.0594997316049
0.0005965180181 0.000173551186291 -0.05924973045
0.000565095599975 0.000216579965793 -0.0589997296784
0.000529492673612 0.000254297964181 -0.058749728521
0.000482868114585 0.000286736672258 -0.0584997898636
0.000426473125809 0.000311378173504 -0.058249850818
0.00036887831369 0.000325185954184 -0.0579999117701
0.000312610876443 0.000326974402373 -0.0577499727245
0.000253717373114 0.000316087794046 -0.0575000340623
0.000189619359234 0.000291596936965 -0.0572500957859
0.000125206922384 0.000253212307816 -0.0570002196213
7.1781775285e-05 0.000201846493727 -0.0567503438425
3.52946618331e-05 0.000139070357425 -0.05650040634
1.0785264899e-05 6.74810438237e-05 -0.0562504688352
-6.15806425441e-06 -8.53767824618e-06 -0.0560005313304
-1.13326486417e-05 -8.47797699397e-05 -0.0557506563255
-2.28317587667e-07 -0.000158212495283 -0.0555006570947
2.55603925314e-05 -0.000225540752266 -0.055250719978
6.29348331284e-05 -0.000283692910919 -0.0550007207472
0.000110292604622 -0.000330854016735 -0.0547507836306
0.000165963458018 -0.000366036938852 -0.0545007840139
0.000225772262272 -0.000388351797933 -0.0542507222879
0.000283556894858 -0.000397382829719 -0.0540007226737
0.000337417249665 -0.000394452199767 -0.0537507226737
0.000390674458141 -0.000381617832604 -0.0535006605619
0.000446589511441 -0.000360213248137 -0.0532506605619
0.000505834289702 -0.000330960750874 -0.0530005984525
0.000562186526833 -0.000294964633275 -0.0527505359549
0.000604043114845 -0.000254675440174 -0.052500535955
0.000628026598101 -0.000212519459131 -0.0522504738456
0.000642978012313 -0.000169165409695 -0.0520004121196
0.000658671698811 -0.000124742260653 -0.0517504121196
0.000677628314134 -8.02848696386e-05 -0.0515003500079
0.000694893092084 -3.68419975451e-05 -0.0512503503937
0.000703484044832 6.15708729509e-06 -0.0510002886677
0.00070360635082 4.9657511903e-05 -0.0507502886653
0.000701751267391 9.29637001199e-05 -0.0505002269369
0.00069693712208 0.000136079322314 -0.0502502273203
0.000678873783188 0.000180686692336 -0.0500001655943
0.000642499878176 0.000226284323476 -0.0497501663635
0.000592354548646 0.000269448808771 -0.0495001046375
0.000532958117784 0.000306830775434 -0.0492500432948
0.000467354549619 0.000335807069015 -0.0489999823404
0.000402042396315 0.000354384781198 -0.0487499831119
0.000340235863595 0.000361687656889 -0.0484999217717
0.000277400856619 0.000356710636979 -0.0482498604315
0.000208912117 0.000337750619039 -0.0479998608173
0.00013611518169 0.000303883977398 -0.0477497990937
6.81687361097e-05 0.00025654151203 -0.0474997373677
1.60120179896e-05 0.000198770210303 -0.0472497373701
-1.81766844488e-05 0.000132841033985 -0.0469996748725
-3.77544932435e-05 6.08063282235e-05 -0.0467496741033
-4.19958781318e-05 -1.41777936855e-05 -0.0464996108342
-2.97092522599e-05 -8.87159265225e-05 -0.0462496096792
-4.19978424749e-06 -0.000159165686756 -0.0459996077527
3.30224379033e-05 -0.000222125990611 -0.0457495437143
8.30127278773e-05 -0.000275337383101 -0.045499541402
0.000144384787673 -0.000317007861752 -0.0452495394755
0.00021721182718 -0.000346032453298 -0.0449995371656
0.000300889848525 -0.000361477289069 -0.044749535239
0.000385421147439 -0.000362322524651 -0.0444995958101
0.000460360176832 -0.000349423047613 -0.0442495942693
0.000525899228022 -0.000325114117532 -0.0439996556119
0.000584294681606 -0.000291608749031 -0.0437497173403
0.00063001987003 -0.000251941432738 -0.0434997173427
0.000657590266609 -0.000209891853758 -0.0432497798403
0.000673588703695 -0.000166783097996 -0.0429998427237
0.000688175901094 -0.000121863528097 -0.0427499056046
0.000700040713832 -7.62663830199e-05 -0.0424999067595
0.000701989302469 -3.19735312113e-05 -0.0422499700239
0.000693488659455 1.14137850422e-05 -0.0420000332882
0.000680835320272 5.54979225813e-05 -0.0417500965525
0.000669005041889 0.000100496380258 -0.0415001598144
0.000656153239664 0.000145574521382 -0.0412502230787
0.000638192695457 0.000190263043266 -0.0410002867264
0.000616462489079 0.000233926142203 -0.0407503499907
0.000593518538516 0.000275588040737 -0.0405004753645
0.000564627381538 0.000314598959333 -0.040250538243
0.000522892356068 0.000349709710998 -0.040000601505
0.000470813733234 0.000378663227788 -0.039750727267
0.000417363040585 0.000399842338139 -0.0395008530314
0.000363476235172 0.00041202957602 -0.039250917458
0.000302173575627 0.000412612768697 -0.0390010436106
0.000236198656674 0.000399821958975 -0.0387511080372
0.000178920329414 0.000375293943939 -0.0385011716922
0.000132597073508 0.000339372306645 -0.0382511736236
8.54480731527e-05 0.000288536458941 -0.0380011747811
3.44131810652e-05 0.00022259090526 -0.0377511755552
-8.04279396413e-06 0.00014775319347 -0.037501113834
-2.99529498083e-05 7.04753691607e-05 -0.0372510513389
-2.89002528478e-05 -5.85361726758e-06 -0.0370009267343
-7.89709448593e-06 -7.8916592904e-05 -0.036750739244
2.66126177448e-05 -0.000146067555727 -0.0365005513702
6.54980905286e-05 -0.000204209804896 -0.0362503627225
0.000106659118267 -0.00025067253068 -0.0360001736914
0.000157771572091 -0.000284213465391 -0.0357499846627
0.000220179827941 -0.000304305047973 -0.0354997956316
0.000285071378548 -0.000310985720509 -0.0352496066005
0.000350947172554 -0.000304668508363 -0.0349994179527
0.000424260961851 -0.000284820027668 -0.0347492296907
0.000499881919642 -0.000252110264278 -0.0344990418145
0.000560589175303 -0.000211387937162 -0.0342489160477
0.000599848639372 -0.000167674028121 -0.0339989148903
0.000628760739415 -0.000120970863913 -0.0337489137305
0.000656481683227 -7.01392807563e-05 -0.0334988512305
0.000678492357379 -1.83575141577e-05 -0.0332489133398
0.00068697690909 2.99199251022e-05 -0.0329989133349
0.000684126749467 7.48225863889e-05 -0.0327490379418
0.00068077864243 0.0001197389879 -0.0324991004345
0.000679148292974 0.000164604320643 -0.0322491629297
0.000667109406204 0.000206792761509 -0.0319992879224
0.00063824893656 0.000246876034108 -0.0317494133009
0.00060226562342 0.000286822164974 -0.0314995382961
0.000568991076148 0.000326503786905 -0.0312497254054
0.000536919819202 0.000364466469351 -0.030999850403
0.000497694426014 0.00039882736272 -0.0307499754005
0.000445439701621 0.000427225649544 -0.0305001625099
0.000383663120458 0.000447719013095 -0.0302502878957
0.000320170372364 0.000459519618603 -0.0300004750051
0.000257299349136 0.000461620334057 -0.0297506003885
0.000194508446854 0.000452463115304 -0.0295007257743
0.000134211103048 0.000431421949435 -0.0292508511577
7.77087387223e-05 0.000397825084822 -0.029000914815
2.3610687186e-05 0.000350211784481 -0.0287509784748
-2.45745589339e-05 0.000289980916947 -0.0285009800204
-5.85725783349e-05 0.000221990259763 -0.0282509819518
-7.42791983624e-05 0.000150022199702 -0.0280009831092
-7.20810906702e-05 7.6321029179e-05 -0.0277509217713
-5.29841076643e-05 3.46685951167e-06 -0.0275008604311
-1.86429828027e-05 -6.55342189371e-05 -0.0272507983218
3.05685759745e-05 -0.000127053661127 -0.0270007358242
9.24831703677e-05 -0.000178097640513 -0.0267506729408
0.000159072662322 -0.000217008847515 -0.0265006721693
0.000227573034225 -0.000242094331729 -0.0262506092835
0.000301479658077 -0.000251784846498 -0.0260005460096
0.000374815894945 -0.000246814409937 -0.0257505448474
0.000439711095136 -0.000229551510771 -0.0255005436853
0.000497670738849 -0.000201224851207 -0.0252505425231
0.000546292302074 -0.000164405863615 -0.025000541361
0.000579643848842 -0.00012374040681 -0.0247505401989
0.000600748831187 -8.09781169155e-05 -0.0245005390367
0.0006159603903 -3.53879112458e-05 -0.0242504761462
0.000627893227363 1.3030630854e-05 -0.0240004757556
0.000635529189116 6.25684183399e-05 -0.0237504749793
0.000635279370396 0.000110062273558 -0.0235004120911
0.000626413321509 0.000154417870569 -0.0232504120888
0.00061274845164 0.000197454539435 -0.0230003499746
0.000599126443984 0.000241042853779 -0.0227503499746
0.000589554743432 0.000285673143265 -0.0225002878628
0.000582453952939 0.000329680774308 -0.0222502878627
0.00056818769424 0.000370357410203 -0.0220002257533
0.000538198166972 0.000406245088232 -0.0217502253699
0.000494459544072 0.00043748214112 -0.0215001636462
0.000447788946259 0.000465178004632 -0.0212501015392
0.000405853109701 0.000490008239914 -0.0210000394297
0.000364393372502 0.000509927084746 -0.020749977706
0.000316800442833 0.00052128868146 -0.0204999159848
0.00026225608946 0.00052129230336 -0.0202498542611
0.000198922975365 0.000505995229977 -0.0199997921516
0.000126798814339 0.000471812026548 -0.0197497304279
5.51994681448e-05 0.000420970415716 -0.0194996683161
-5.16858966647e-06 0.000359027718454 -0.0192496062042
-4.95827278467e-05 0.00028986119638 -0.0189996058208
-7.68241867796e-05 0.000216027291522 -0.0187496058208
-8.73215390214e-05 0.000139629421717 -0.0184996675444
-8.26062083267e-05 6.28220543717e-05 -0.0182496671586
-6.34539118519e-05 -1.10880998559e-05 -0.0179997909964
-2.8144420229e-05 -7.74979198646e-05 -0.0177498527201
2.47483079817e-05 -0.000132667876039 -0.0174999765579
8.89945267221e-05 -0.000175949422178 -0.0172501003933
0.000153205732645 -0.000208087128465 -0.0170002242312
0.000214727824113 -0.000227918600577 -0.0167503484524
0.000282669451891 -0.000231849422411 -0.0165004726713
0.000363805109235 -0.000216690194822 -0.0162505972783
0.000449337145494 -0.000184251113205 -0.0160007218854
0.000520845780923 -0.000142217324233 -0.0157508468758
0.000570995422524 -9.68209135886e-05 -0.0155009097544
0.000608629413292 -4.70783260117e-05 -0.0152509726331
0.000641225334509 8.99375787719e-06 -0.0150010355141
0.000665574778669 6.74270375194e-05 -0.014751036281
0.000676782781099 0.000122155115479 -0.0145010370502
0.000674306155106 0.000169986901356 -0.0142510378218
0.000660644906408 0.000211117487987 -0.0140009760959
0.00064204859205 0.000249748495522 -0.0137509143723
0.000624969405804 0.000290113579301 -0.013500852263
0.00060863511986 0.000330975021916 -0.0132507905418
0.00058774296462 0.000369096158653 -0.0130007284348
0.000560082474965 0.000403994665386 -0.0127506667111
0.000525036775977 0.000435826567347 -0.0125006046041
0.000479220165295 0.000462982452687 -0.012250480771
0.000422267931736 0.000484184453818 -0.0120002948261
0.000362771994597 0.00050078792755 -0.0117501709954
0.000308333752518 0.000514195787734 -0.0115000471599
0.000256803587457 0.000522414893592 -0.0112498608292
0.000205089983768 0.00052270468252 -0.0109997366079
0.000153052250239 0.000513258711149 -0.010749612389
9.87669034499e-05 0.000490635570895 -0.0104994256726
4.42053428428e-05 0.000453495501631 -0.0102493010655
-2.59522929884e-06 0.000405783727769 -0.00999911434672
-3.71347428022e-05 0.000350351219369 -0.00974898973732
-5.95941374201e-05 0.000286966878686 -0.00949886512791
-6.78370562031e-05 0.000218125232361 -0.00924873974693
-5.84437525688e-05 0.000148415810341 -0.00899867608959
-3.25580040599e-05 7.95111521715e-05 -0.00874867493222
5.26629724947e-06 1.20333664776e-05 -0.00849873588669
5.276344705e-05 -5.01889328885e-05 -0.00824879684114
0.000111198605408 -0.000101341569351 -0.00799885817659
0.000180888184694 -0.000137471356567 -0.00774904373806
0.000256762498487 -0.000158097041343 -0.00749922968531
0.000330726707534 -0.000164705619242 -0.00724947774436
0.000397777713251 -0.000158601736599 -0.00699966407498
0.000455917735569 -0.000141179827303 -0.00674985040562
0.000502944082616 -0.000115082567278 -0.00650003712205
0.000538192870375 -8.29142390765e-05 -0.00625016222819
0.000564479792991 -4.52594928173e-05 -0.00600029354527
0.000586786435784 -3.32629005429e-07 -0.00575041255598
0.000607580640429 5.29544832574e-05 -0.00550053777835
0.000622290161527 0.000109709061278 -0.00525065065599
0.000625248734948 0.000162569883287 -0.00500071997846
0.000618928676773 0.000211491412 -0.00475076434095
0.000610519844669 0.000261906528007 -0.0045008024544
0.00060211361257 0.000314208436664 -0.00425084674116
0.000589094695942 0.000362410094245 -0.0040008722796
0.000568244338201 0.00040346024575 -0.00375087293522
0.000544069424641 0.000441413343109 -0.0035008673025
0.000522762577792 0.000480198887673 -0.00325086151594
0.000502079496725 0.000517819279042 -0.0030008617479
0.000473036202536 0.000549378468399 -0.00275084319249
0.000430879697213 0.000572407824446 -0.00250079358093
0.000380938927381 0.000588756540195 -0.00225073166323
0.000331077747903 0.000601249569036 -0.00200066978386
0.000278142792569 0.000606141926072 -0.00175059540521
0.000213594622417 0.000594602625117 -0.00150050864301
0.000143102308104 0.000566384913751 -0.00125040324751
7.9296281085e-05 0.00052847473728 -0.00100031644721
2.28196908448e-05 0.000479715462499 -0.000750235549446
-2.92170064072e-05 0.000415423243265 -0.000500153806639
-7.14621797695e-05 0.000339975398764 -0.000250083734073
-9.68830713383e-05 0.000261978931644 -2.92485735488e-08
-0.000102638631074 0.000186808186078 0.000250011628666
-8.95043532373e-05 0.000115992057463 0.00050004336152
-6.04320855258e-05 4.92329855921e-05 0.00075007222031
-1.69258774306e-05 -1.10917905287e-05 0.00100010427714
4.1457363791e-05 -6.03501279237e-05 0.0012501363723
0.000111198803353 -9.72587835505e-05 0.00150018088981
0.000184950245414 -0.000122783450028 0.00175023161827
0.00026019174109 -0.000134670674227 0.00200028851957
0.000338667680488 -0.000129124545332 0.00225036397726
0.000417266262367 -0.000106425538919 0.00250044553015
0.000487841012184 -7.1210590705e-05 0.0027505332173
0.000543441461394 -2.92224857965e-05 0.00300061453943
0.000583695044215 1.68740836988e-05 0.00325068961229
0.000614744996875 6.96904899939e-05 0.0035007646468
0.000639332753117 0.000129899209864 0.00375083343227
0.000651500897462 0.000188930207826 0.00400089585297
0.000646058112303 0.000236615793455 0.00425092085346
0.000627525594151 0.000273912861495 0.00450092085563
0.000604777700999 0.00030986908788 0.00475091449302
0.000581310845914 0.000348376908685 0.00500090805372
0.000555735790288 0.000386854797779 0.00525089540371
0.000527334022539 0.000423548910546 0.00550088275441
0.000496966166163 0.000458703216957 0.005750857567
0.000464528359435 0.000491602562983 0.0060008199184
0.000428113017875 0.000520288392068 0.00625076996245
0.000386908606808 0.000544138109085 0.0065007074672
0.000344177580364 0.000565305466936 0.00675064497435
0.000303405805755 0.000585578233338 0.00700052036731
0.000260779348127 0.000601239114597 0.00725045787207
0.000207496566895 0.000603745246378 0.00750027115323
0.000142975630484 0.000589212029494 0.00775008404622
8.02898698423e-05 0.000565710907488 0.00799983482743
3.19311495848e-05 0.000544260189602 0.00824964772043
-4.64993989132e-06 0.000522544576064 0.00849952272526
-3.94054266723e-05 0.000487114257885 0.00874939773008
-7.54968351545e-05 0.000429159162962 0.00899914812553
-0.000107109623636 0.000352341821854 0.00924896101617
-0.000123975359508 0.000270893259801 0.00949883602102
-0.000120009118954 0.000196202672153 0.00974871102346
-9.91054873511e-05 0.000125233036056 0.00999871063769
-6.77039116533e-05 5.30363300383e-05 0.0102487102495
-2.56121333002e-05 -1.34698692349e-05 0.0104987723613
3.10117308514e-05 -6.37763189293e-05 0.0107488969683
0.00010159563464 -9.46892156079e-05 0.0109991454156
0.00017868850802 -0.000109833195327 0.0112493325202
0.000251506317423 -0.000114875081652 0.0114995817366
0.000313053164362 -0.000112911712996 0.0117497688411
0.000365377474361 -0.000101321088924 0.0119999559457
0.00041589929952 -7.36293100761e-05 0.0122501430503
0.000467769550978 -2.63633985951e-05 0.0125003922667
0.000515779639195 3.6076696507e-05 0.0127505793713
0.00055181964049 0.000104053835145 0.0130007039782
0.000571466622681 0.000168886668279 0.0132508285852
0.000576331239215 0.000227813927636 0.0135008910828
0.000571527998394 0.000283877719275 0.0137509531922
0.00055993463382 0.00033824792888 0.0140009531922
0.000542063989341 0.000388541554506 0.014250891078
0.000519626137306 0.00043479870502 0.0145008910779
0.000493808431837 0.000476781157942 0.0147508289661
0.000464659377366 0.000513113876621 0.0150007664685
0.000434417490666 0.000546752760725 0.0152507043591
0.000405379115014 0.000580364539413 0.0155006422497
0.000374210623642 0.000609778020056 0.0157505797546
0.000333158263934 0.000627802886145 0.0160004555334
0.000277911538404 0.000631397456001 0.0162503313122
0.000213431599397 0.000624668818842 0.0165001449768
0.000149790036956 0.000615080638717 0.0167500207557
9.16790187615e-05 0.000605092353504 0.0169998961487
3.54171884893e-05 0.000588679148782 0.0172497719275
-2.27843758305e-05 0.000558249865225 0.0174995855946
-7.95237212346e-05 0.000513959876018 0.0177495234828
-0.00012845474561 0.00046131180822 0.0179993992616
-0.000166997434058 0.000402169009829 0.0182493371498
-0.000194036376987 0.000336855489395 0.0184992750404
-0.000206673371474 0.000270189676546 0.0187492754262
-0.000203066753583 0.000206561344325 0.018999337538
-0.000184229981765 0.000145031964944 0.0192494000356
-0.000151727317817 8.45273178759e-05 0.0194994621498
-0.000106523218176 2.76502181768e-05 0.0197495246473
-4.9783510589e-05 -2.13025198265e-05 0.0199996492567
1.73154672262e-05 -5.74788497039e-05 0.0202497738637
9.37674890136e-05 -7.64093938302e-05 0.020499898473
0.000176815852413 -7.6584680995e-05 0.0207499605848
0.000259629097201 -6.13997974524e-05 0.0210000226966
0.000334122850006 -3.60752143509e-05 0.0212500848084
0.000397880172511 -1.12499875322e-06 0.0215000848084
0.00045112370051 4.41064794287e-05 0.0217500848084
0.00048915787256 9.23496192032e-05 0.0220000844226
0.000509861250698 0.000137074247104 0.0222500223083
0.000520558028079 0.000185026603202 0.0224999598107
0.000526991928624 0.000243838944497 0.0227498348179
0.000525695828423 0.000305862161557 0.0229997723203
0.000512104413571 0.00035721319754 0.0232496473251
0.000487812447485 0.000394912738077 0.0234995848275
0.000458578477412 0.000428678024961 0.0237495219441
0.000429142161884 0.000468756999103 0.0239993973371
0.000399900766346 0.000513352067937 0.0242492731135
0.000367623926318 0.000551271362641 0.0244992110018
0.000329356597144 0.000576105438307 0.02474914889
0.000285682126879 0.000591676009837 0.0249990863924
0.000241170152042 0.0006066831502 0.0252490242806
0.000201309148872 0.000627575630218 0.0254989621713
0.000165941278898 0.000652127926814 0.0257489000595
0.00012774111092 0.000670129447495 0.0259988379478
8.06250313237e-05 0.000672957528821 0.0262487762218
2.55121798875e-05 0.000659084219322 0.0264987762218
-3.05694589928e-05 0.000634457162378 0.0267488387218
-7.95155892604e-05 0.000608658593133 0.0269989012194
-0.000121922049208 0.000578666736234 0.0272489023768
-0.000164024359198 0.000527259000488 0.027499027372
-0.000202902410333 0.000451486764528 0.0277491523672
-0.000227961533225 0.000371194907728 0.0279993394742
-0.000234219025014 0.000300802092536 0.0282495265812
-0.000224620671763 0.000233565171364 0.0284996523479
-0.000202185058853 0.000161493429432 0.0287498398382
-0.000166005879102 9.28605606919e-05 0.0290000277168
-0.000115423432129 3.72888979057e-05 0.0292501527119
-5.47226294035e-05 -8.78988219347e-06 0.0295002777047
9.45068869392e-06 -5.00903478869e-05 0.0297504648116
7.4295201867e-05 -8.12001086492e-05 0.030000526921
0.000140657062591 -9.38991187801e-05 0.0302506511446
0.00020806677413 -8.57552491496e-05 0.0305007128682
0.000274248938327 -5.79108598155e-05 0.0307507120942
0.000337655687856 -1.02820548956e-05 0.0310007730438
0.000396074457554 5.62216723282e-05 0.0312507093864
0.000443211160804 0.0001328015517 0.0315007078433
0.000472718544553 0.000206389016058 0.0317506441859
0.000485989122075 0.000274810666178 0.0320005805285
0.000488064029068 0.000344292740888 0.032250517257
0.000480128489448 0.000413206686935 0.0325004539854
0.000462722123596 0.000476673105707 0.0327503289878
0.000438325517855 0.000535040461245 0.0330002661044
0.000408754357084 0.000586465909583 0.0332501414926
0.000374782145257 0.000625284702159 0.033500078995
0.000336925230239 0.000648452712838 0.033749954388
0.000295638290672 0.000658968480698 0.033999892662
0.0002521348622 0.000664944351552 0.0342498305526
0.000207743545802 0.000671721187247 0.0344997067172
0.000161502214657 0.00067629027299 0.0347495828818
0.000111553082537 0.000674334470059 0.0349995211582
5.91044972217e-05 0.000667350099615 0.0352493973228
7.30098922196e-06 0.000658914734493 0.0354992731016
-4.28505242068e-05 0.00064828630393 0.0357492113756
-9.32270414669e-05 0.000629100702358 0.0359990875402
-0.000144463915434 0.000595701938026 0.0362489637047
-0.000192355126223 0.000551656632678 0.0364989019811
-0.000231782809709 0.000505168542347 0.0367488402551
-0.000261756336386 0.000456119565387 0.0369987789173
-0.00028309377291 0.000396610088865 0.0372487796913
-0.000294025694239 0.00032538142072 0.0374987804629
-0.000290991092477 0.000253943164337 0.0377487816202
-0.000272312608403 0.000193137194661 0.037998844506
-0.00023862533709 0.000142296703511 0.0382489695012
-0.000191101992539 9.77720000011e-05 0.0384990944988
-0.000131123859952 6.04126258367e-05 0.0387492194939
-6.14719398427e-05 3.09439082255e-05 0.0389994069867
1.29254082835e-05 7.78623485854e-06 0.0392495319819
8.69889647958e-05 -7.63839652543e-06 0.0394997187031
0.000158843879149 -7.81605301611e-06 0.0397499054243
0.000228697917079 1.43505033468e-05 0.0400000300337
0.000293278189392 5.55552178431e-05 0.0402501542573
0.000345804269799 0.000103846547403 0.0405002163691
0.000383114204086 0.00015236692026 0.0407502784809
0.000406799797177 0.000202387736219 0.0410002784809
0.000417750690715 0.000252001266088 0.0412502780951
0.000416929451719 0.000298040606326 0.0415002780952
0.00040751424102 0.000345961819624 0.0417502155976
0.000391307681015 0.000400777079837 0.0420001531024
0.000367808528447 0.000456383129456 0.0422500906048
0.000337334353328 0.000504206468506 0.0425000277214
0.000301648050983 0.000543636033671 0.0427499031144
0.000262537171614 0.00057880630471 0.042999840231
0.00022134798708 0.000611111693321 0.0432497773477
0.000179055968042 0.000638679249227 0.0434996527382
0.000136009138024 0.000659259041877 0.0437495898549
9.1760221245e-05 0.000671478371669 0.0439994652455
4.61812171181e-05 0.000677192297918 0.0442494023596
1.10163827067e-06 0.000682546921438 0.0444992777478
-4.17088805053e-05 0.000690873279686 0.044749214862
-8.43408632325e-05 0.000695348935216 0.044999152362
-0.000129858866731 0.000686738157431 0.045249027362
-0.000176763781883 0.000665758006671 0.0454989644762
-0.000221763813535 0.000636813717937 0.0457488394787
-0.000264003757739 0.000595134245872 0.0459987765929
-0.000301916112454 0.000534060866912 0.0462486515953
-0.000330937216908 0.000459353906596 0.0464985265978
-0.000347083074589 0.000384341210617 0.046748463712
-0.000349400964194 0.000312548956356 0.0469983387145
-0.000337800550078 0.000236854296933 0.0472482758311
-0.000311833051672 0.00015653436432 0.0474982137169
-0.000272120480098 8.05682042585e-05 0.0477480891076
-0.000220525342402 1.72055425799e-05 0.0479980894934
-0.000159312714302 -2.90681047286e-05 0.048248027765
-9.07846796182e-05 -5.66221692079e-05 0.0484980289224
-1.749837117e-05 -6.59258319631e-05 0.0487480921915
5.76644173663e-05 -5.73712371785e-05 0.0489982179559
0.000131383352839 -3.21271287259e-05 0.0492483441085
0.000199512922782 5.93114006616e-06 0.0494984702586
0.000257975900515 5.21422836151e-05 0.049748658523
0.000304839388918 0.000105829199934 0.0499989089015
0.000340897121603 0.000173243143044 0.0502491588919
0.000366136006775 0.000258596380061 0.050499470994
0.000377024894142 0.000348570937684 0.0507498448246
0.000371498579061 0.000420976639372 0.0510000940458
0.000353254855141 0.00047390987639 0.0512503428811
0.000326645288771 0.00052422289107 0.0515005292213
0.000293186145625 0.000575697114348 0.0517507776733
0.000254829848428 0.000613923757139 0.052000963242
0.000214430228277 0.000631495336936 0.0522510867012
0.000172931738159 0.000638400559477 0.0525011480462
0.000129989317731 0.000645960303294 0.0527512093912
8.60394627618e-05 0.000653782825002 0.0530012703504
4.15480299834e-05 0.000657273076284 0.053251331693
-3.5247332638e-06 0.000656488715271 0.0535013309239
-4.91157451533e-05 0.00065220645822 0.0537513918807
-9.53852406558e-05 0.000641924174575 0.0540013911091
-0.000142327919163 0.000624211332478 0.0542513903399
-0.000188803600422 0.0006012976864 0.0545013274542
-0.000233592101338 0.000573742060132 0.0547512645708
-0.000275980876304 0.000538145807008 0.0550011395708
-0.000314322818522 0.000494233420204 0.0552510145732
-0.000346304127232 0.000446959403169 0.0555008270781
-0.000370509272137 0.000398685558297 0.0557507020781
-0.00038585270929 0.000347805133179 0.0560005149687
-0.00039099205734 0.000295545079402 0.0562502653593
-0.000384863281449 0.000245438776925 0.0565000786357
-0.000366184698226 0.000196053662676 0.0567498915264
-0.000332864873864 0.000141112695155 0.0569995805792
-0.000284090175289 7.9468453867e-05 0.0572492700178
-0.000222452391431 2.09518545777e-05 0.0574989594564
-0.000152204799949 -2.25772162769e-05 0.0577487113925
-7.67176639009e-05 -4.88672953627e-05 0.0579984637145
5.53437343733e-07 -6.0939741942e-05 0.0582482781459
7.57911702935e-05 -5.65849358204e-05 0.0584981546915
0.000146031041034 -3.35849105229e-05 0.058748031237
0.000208173701245 2.03013296517e-06 0.0589979702802
0.000259599108442 4.62125252956e-05 0.0592479714352
0.000299693694369 0.000104420138499 0.0594979725902
0.000327588875088 0.000177968648613 0.0597480354711
0.000341496411806 0.000256343897674 0.0599980987403
0.000341218937074 0.000327750756456 0.0602482237331
0.000328668558534 0.00038845573096 0.0604982866189
0.000306160545578 0.000441107700226 0.0607484116141
0.000275649311406 0.000487287111478 0.0609984741141
0.000238715881708 0.000528321275403 0.0612485987283
0.000196116666499 0.000568441356151 0.0614987229543
0.000149561768145 0.00060587387498 0.0617487850709
0.000102093877014 0.000634503470015 0.0619989093017
5.47485294298e-05 0.000657099390938 0.0622489714183
8.06094206236e-06 0.000677647848503 0.0624990331491
-3.58782690424e-05 0.000688248325194 0.0627494058152
-7.72954774593e-05 0.000680693744012 0.0629994058392
-0.000118997215129 0.000662040440705 0.0632494058392
-0.00016172125473 0.000645208291702 0.0634994058392
-0.000204459363214 0.000629873696156 0.0637494058392
-0.00024691817194 0.000606133381809 0.0639994058392
-0.000288368348727 0.000570822035985 0.0642494058392
-0.000327022245354 0.00052596074159 0.064499405839
-0.000360695188454 0.000470470204663 0.0647500230992
-0.000386865020499 0.000404529696579 0.0650000230992
-0.000403351887852 0.000332853480158 0.0652500230992
-0.000409045791881 0.000261640971422 0.0655000230752
-0.000404004138406 0.000196938898189 0.0657500230751
-0.000388072333231 0.000139394865244 0.0660006441931
-0.000359289230525 8.29520200085e-05 0.0662506403352
-0.000316601427582 2.66423326725e-05 0.0665006403352
-0.000262451642014 -2.12239179316e-05 0.0667506403352
-0.000200028059851 -5.34527883648e-05 0.0670006403351
-0.000131229178101 -6.89168132337e-05 0.0672506403351
-5.7716738581e-05 -7.01115426946e-05 0.0675006364772
1.76483770544e-05 -6.02066859882e-05 0.0677506364772
9.02586795452e-05 -3.64074575508e-05 0.0680006364772
0.000155940897316 1.01153238005e-05 0.0682506364772
0.000212256754422 7.81063052729e-05 0.0685006364772
0.000256797153972 0.00015033764194 0.0687506364772
0.000287501207201 0.000216720496179 0.0690006364772
0.000303526757118 0.000286153382762 0.069250019217
0.00030467042352 0.000361130536803 0.069500019241
0.000292910372836 0.000425969830312 0.069750019241
0.000271752658998 0.000473129281782 0.0700000230989
0.000242212440746 0.000513784190074 0.0702500230989
0.000204031986801 0.000555827117998 0.070500023099
0.00015955630175 0.000594022539958 0.0707494058389
0.000112350608875 0.000622399912554 0.0709994058389
6.48396879366e-05 0.0006399660886 0.0712494058389
1.90588938702e-05 0.000645720539095 0.0714994058389
-2.42845788157e-05 0.000640038284162 0.0717494058389
-6.78390900619e-05 0.000630396965233 0.0719994096968
-0.000114212768989 0.000626179964623 0.0722494096969
-0.000161292075243 0.000625139105701 0.0724994096969
-0.000205655405331 0.000614453345444 0.072749409673
-0.000247741860677 0.000590751759473 0.072999409673
-0.000289390495379 0.000567638625106 0.073249409673
-0.000330583217649 0.000555781564351 0.0734994096731
-0.00037006731809 0.000546150318344 0.0737487885551
-0.000405731655631 0.000520377258743 0.0739987885551
-0.000434773354554 0.000471911799325 0.0742487885551
-0.000455457963409 0.000410321977854 0.0744987885551
-0.000467028861812 0.000345440314324 0.0747487846972
-0.000467637314245 0.00027790686029 0.0749987846972
-0.000455900512846 0.000209528998894 0.0752487846972
-0.000432994034202 0.000147752202587 0.0754987846972
-0.000398798696826 9.40044277097e-05 0.0757487808393
-0.000349653619187 4.13427223548e-05 0.0759987808393
-0.000284434879166 -1.21685876352e-05 0.0762494019574
-0.000209283533774 -5.653431671e-05 0.0764994019813
-0.00013242941221 -7.96038420255e-05 0.0767494019813
-5.72220817124e-05 -7.94589224124e-05 0.0769994019813
1.63243860914e-05 -6.36781597469e-05 0.0772494019813
8.57624520365e-05 -3.69915753205e-05 0.0774994019813
0.000146279814551 4.88123784678e-06 0.0777494019813
0.000194642980753 6.51792340906e-05 0.0779994019813
0.000229833588473 0.000137229515296 0.0782500230993
0.000251625159591 0.000210450696167 0.0785000230993
0.000260335865387 0.000277989357647 0.0787500230993
0.000256480824412 0.000339351749091 0.0790000230993
0.000239767472018 0.000399690404699 0.0792500231231
0.000210251128262 0.000460847207124 0.0795000231231
0.000170053556451 0.000518237446745 0.0797500231231
0.000120906189336 0.000570585876794 0.0800006442412
6.49223435255e-05 0.000616873029424 0.0802506403833
9.40515730487e-06 0.000647078752138 0.0805006403833
-4.01207366326e-05 0.000657047041886 0.0807506403833
-8.77397105238e-05 0.000658792164201 0.0810006403833
-0.000136384824591 0.000659910378633 0.0812506403833
-0.000181499830137 0.000653625578382 0.0815006403831
-0.000221715694054 0.00063683761907 0.081750644217
-0.000260897363631 0.000616337459128 0.082000644217
-0.000300135376225 0.000594766976218 0.082250644217
-0.000337939475246 0.000567930186107 0.082500023099
-0.000373668144494 0.000533659331592 0.082750023099
-0.000406484172506 0.000490971381358 0.0830000230752
-0.000434919513511 0.000439001294047 0.0832500230752
-0.000458804591149 0.000384031178227 0.0835000230752
-0.000479009605045 0.000334462093349 0.0837500230752
-0.00049412616113 0.000287984483012 0.0840000269331
-0.000499239682631 0.000234343592086 0.0842500269331
-0.000489852166268 0.00016949648877 0.0844994057911
-0.000467880317846 0.000104341910394 0.0847494057911
-0.00044013542687 5.43309722881e-05 0.084999409649
-0.000406783630833 1.92991831518e-05 0.085249409649
-0.000358453376068 -1.49225986141e-05 0.085499409649
-0.000289824422137 -5.46458325694e-05 0.085748788531
-0.000209257524423 -8.84333662554e-05 0.0859987924128
-0.000130521365296 -9.91718410045e-05 0.0862487924128
-5.93001046785e-05 -8.10627727366e-05 0.0864987924128
7.36213803299e-06 -4.30680677512e-05 0.0867487924128
7.07144145833e-05 3.98652519483e-06 0.0869987924128
0.000125826201472 5.96812530994e-05 0.0872487885549
0.000167781906971 0.000126583551024 0.0874987885549
0.00019624723124 0.000196882923856 0.0877487885549
0.000212336656404 0.000260881063224 0.0879987847209
0.000215189625958 0.000319968106503 0.0882487847209
0.000203752375997 0.000378571494171 0.0884987847209
0.000179480052669 0.000434501205182 0.088748780887
0.000146235407 0.000481551116211 0.0889993981471
0.000107638192293 0.000516645060789 0.0892493981471
6.3046839787e-05 0.000545094228689 0.0894993942892
1.00136111347e-05 0.000573066365543 0.0897493943132
-4.79783896433e-05 0.00059683280535 0.0899993943132
-0.000103601008552 0.000608950914361 0.0902493943132
-0.000153625314355 0.000608426591157 0.0904993943132
-0.000199135646319 0.000598866870491 0.0907493943132
-0.000243073011477 0.000585282538818 0.0909993943372
-0.0002878609656 0.00057225181755 0.0912493943133
-0.00033169876255 0.000558637642354 0.0914993943133
-0.000371498207493 0.000539429811498 0.0917493943133
-0.000408033982983 0.000514889547613 0.0919993943133
-0.000444260735487 0.000491209722389 0.0922493943133
-0.000480645986382 0.000470458186616 0.0924993943133
-0.000513117116693 0.000442910792148 0.0927500154075
-0.000536339992234 0.000397580234426 0.0930000192654
-0.000548800215345 0.000336803842543 0.0932493981474
-0.000550409896607 0.000267553443335 0.0934993981474
-0.000539588612461 0.000193052693985 0.0937493981234
-0.000517388915117 0.000120100250125 0.0939994019813
-0.000486298075299 5.53307574127e-05 0.0942494019813
-0.000445778410646 -7.34231833319e-07 0.0944994058392
-0.00039330795815 -5.00796391455e-05 0.0947494096971
-0.000326560480441 -9.42651964101e-05 0.094999409673
-0.000248378289055 -0.000129979541341 0.0952487885549
-0.000167837688352 -0.000148984122507 0.0954987924128
-9.20603256066e-05 -0.000146278964619 0.0957487924128
-2.21319758845e-05 -0.000123758884611 0.0959987962707
4.22130116715e-05 -8.58774530935e-05 0.0962487962707
9.86345574947e-05 -3.50039768735e-05 0.0964987962707
0.000144030951357 2.72530783477e-05 0.0967481751287
0.000176403096897 9.78202064692e-05 0.0969981751287
0.000193011731257 0.000176114523794 0.0972481712708
0.000191156447686 0.000262792080903 0.0974987923889
0.000172620583423 0.000350179923512 0.0977487923889
0.000143099467574 0.000425686074688 0.097998788531
0.0001064562397 0.000484665157587 0.098248788531
6.37223069361e-05 0.000529571333217 0.0984987846971
1.60148447899e-05 0.000562739648254 0.0987487846971
-3.51640025229e-05 0.000585679804934 0.0989994019572
-8.79765546774e-05 0.000599352548457 0.0992494019572
-0.000139619439579 0.000603571455087 0.0994994019812
-0.000187588428578 0.000598445356664 0.0997494019812
-0.000232080506363 0.000586287162776 0.0999993981473
-0.000274415420396 0.000569713788013 0.100250019265
-0.000313640974078 0.000548558668153 0.100500019289
-0.000348956917536 0.000522102097923 0.100750019289
-0.00038175698051 0.00049158039752 0.101000019313
-0.000413002494698 0.000458111785251 0.101250019313
-0.00044208134024 0.000421249109154 0.101500019313
-0.00046853560729 0.000381022470408 0.101750015455
-0.000492745128377 0.000339474348126 0.102000015455
-0.000513416518384 0.000295994829226 0.102250019313
-0.000525677416933 0.000244257381882 0.102500019313
-0.000526636516123 0.000183068672925 0.102750019313
-0.000521437079515 0.000124146074425 0.103000019313
-0.00051621611587 7.73418748444e-05 0.103250019313
-0.000506724672434 3.7164524023e-05 0.103500019313
-0.000483473649788 -5.31111721002e-06 0.103750019289
-0.000444239697056 -4.84459614237e-05 0.103999398171
-0.000391183875656 -8.67769540286e-05 0.104249398171
-0.000324685950314 -0.000118003052675 0.104499402005
-0.000249704953763 -0.000137336199356 0.104748780887
-0.000175589603548 -0.000137888327711 0.104998780887
-0.000104130627931 -0.000120037893076 0.105248784721
-3.08161819898e-05 -9.1289300872e-05 0.105498163603
4.25547614481e-05 -5.62924002957e-05 0.105748167461
0.000107177817954 -1.32413433437e-05 0.105998167437
0.00015648408375 3.98322042464e-05 0.106248171295
0.000189295480963 0.000100444490141 0.106498171295
0.00020572362361 0.000165343181991 0.106748175129
0.000204752728096 0.000233763535751 0.106998175129
0.000186927376474 0.000303227705869 0.107248175129
0.000155720914523 0.00036784149552 0.107498175105
0.000113726571944 0.000424432594798 0.107748175105
6.13194198383e-05 0.000473529458713 0.107998175105
2.3645411322e-06 0.000512237030259 0.108248175105
-5.53711990198e-05 0.000535363972436 0.108498171247
-0.0001087178019 0.000543764389484 0.108748792365
-0.000161608434921 0.000543856916055 0.108998792365
-0.000219288134346 0.000541541115523 0.109248788531
-0.000282157779066 0.000538614084343 0.109498788531
-0.000343159340666 0.000532083027265 0.109748784697
-0.000394318975784 0.000518167630961 0.109998784721
-0.000434365365882 0.000496522996879 0.110248784721
-0.000466067710004 0.000468503449999 0.110498780887
-0.000491390370434 0.000434222622309 0.110748780887
-0.000511117279278 0.000392811792702 0.110998780911
-0.000525405976699 0.000343608056959 0.111248780911
-0.000535669455575 0.000289131717013 0.111498777077
-0.000544038416473 0.000234358707978 0.111748777077
-0.000547891873836 0.000178466545452 0.111998777077
-0.000542069994339 0.0001178671085 0.112248773219
-0.000527126917422 5.63978121788e-05 0.112498773219
-0.000505260864289 -1.02861672008e-06 0.112748773219
-0.000474061601488 -5.47412462291e-05 0.112998773219
-0.000431998166474 -0.000103889836937 0.113248769361
-0.000379441245812 -0.000146026998412 0.113498769361
-0.000315209118367 -0.000180293226898 0.113748769338
-0.000242826654323 -0.000203258244966 0.113998769338
-0.000173057930079 -0.00020832144291 0.114248769338
-0.000111788675595 -0.00019284172164 0.114498769338
-5.33603487364e-05 -0.000161509461364 0.114749390432
7.71981653145e-06 -0.000120493870014 0.11499939429
6.55696689895e-05 -7.04126057237e-05 0.11524939429
0.000110227221239 -8.47580391329e-06 0.115499394265
0.000139428730974 6.29324180852e-05 0.115749398123
0.000155387550282 0.000136965357109 0.115999401981
0.000155507692472 0.000212108929408 0.116249401957
0.000134559611748 0.000291165564299 0.116499405815
9.44900430662e-05 0.000369588319311 0.116749405815
4.53662238531e-05 0.000435402047226 0.116999409649
-4.40401084431e-06 0.000481597791397 0.117249409649
-5.28635934606e-05 0.000509809825461 0.117498788531
-0.000101777346172 0.000525048432113 0.117748792389
-0.000154439856922 0.000532324919498 0.117998792365
-0.000209751459509 0.000532522247421 0.118248792365
-0.00026043448979 0.000522965462067 0.118498792389
-0.000303102909271 0.000503963016729 0.118748792389
-0.000341034253848 0.000478972889145 0.118998788531
-0.000378281554078 0.000451044976497 0.119248167413
-0.00041737006158 0.000422360387999 0.119498167437
-0.000457084317989 0.000393453803934 0.119748167437
-0.000492201080318 0.000362056109401 0.119998167437
-0.000518382597736 0.000324833006293 0.120248163603
-0.000536281126954 0.00028092983263 0.120498163603
-0.000551048949757 0.000234393848769 0.120748163603
-0.000567390170866 0.000190631504332 0.120998163603
-0.000583738740774 0.000149405081365 0.121247542509
-0.000594390789751 0.000106136189586 0.121497538651
-0.00059616545283 5.92569792622e-05 0.121747538651
-0.000589450176867 1.10642039233e-05 0.121997538651
-0.000574532678073 -3.59978590172e-05 0.122247534793
-0.000546424879014 -8.29561522439e-05 0.122497534793
-0.000498085329685 -0.000130807155772 0.122748155911
-0.000434422436635 -0.000172868532578 0.122998152029
-0.000368245144706 -0.000200383128142 0.12324815203
-0.000300233027707 -0.000212751364299 0.12349815203
-0.000223114780538 -0.000213201030057 0.123748148172
-0.000138815703408 -0.000201559488135 0.123998148172
-5.67294853032e-05 -0.000176047133823 0.12424876929
1.49649937669e-05 -0.000136328004572 0.12449876929
7.159179878e-05 -8.36004658828e-05 0.12474876929
0.000112237683646 -2.0769783711e-05 0.12499876929
0.000138298465408 4.75569681575e-05 0.12524876929
0.000149912057456 0.00011748306154 0.12549876929
0.000142861132806 0.000189390801701 0.125748773147
0.000112644727601 0.00026488266496 0.125998773147
6.42720296941e-05 0.000337697303172 0.126248777005
1.03134932532e-05 0.00039649026195 0.126498777005
-4.32678796608e-05 0.00043767310677 0.126748155887
-0.000100026968007 0.000465839501589 0.126998159745
-0.000163860940997 0.000485017408655 0.127248159745
-0.000234518567509 0.000496072529263 0.127498159745
-0.000308149473895 0.000498246791239 0.127748159745
-0.000377904172678 0.000490444755666 0.127998159745
-0.000435992254753 0.000472280615722 0.128248159745
-0.000477890476118 0.000444956823648 0.128498159745
-0.00050707683361 0.000411588521431 0.128748159745
-0.000532241506987 0.000375970663689 0.128998159745
-0.000557763842989 0.00034011553118 0.129248159745
-0.000581024157387 0.000303243552194 0.129498159745
-0.000598276889147 0.000263202907377 0.129748159745
-0.000608940685284 0.000218811292387 0.129998159745
-0.000615472743979 0.000171309640932 0.130248159745
-0.000619782028093 0.000122711264354 0.130498159745
-0.00061952449274 7.25101151943e-05 0.130748155887
-0.000609737624223 1.86163651466e-05 0.130998155888
-0.000587165289171 -3.89620402379e-05 0.131248155888
-0.000551351389354 -9.75192853743e-05 0.131498155888
-0.000505385227005 -0.000152300599255 0.131748155888
-0.000457999583446 -0.000196905424174 0.131998777005
-0.000417271633999 -0.000227377977796 0.132248777005
-0.000378539191137 -0.000245999547992 0.132498777005
-0.000328987102748 -0.000256391236078 0.132748777005
-0.000264989294584 -0.000257614521345 0.132998777029
-0.000194128901887 -0.000246143681947 0.133248777029
-0.000126121146019 -0.000219571047544 0.133498777029
-6.89251579355e-05 -0.000176949245791 0.133748777029
-2.41679747139e-05 -0.00011962517869 0.133998777029
1.44630545542e-05 -5.28179768499e-05 0.134248777029
4.98764509479e-05 1.70024435402e-05 0.134498777029
7.40897005814e-05 8.76487388933e-05 0.134748777029
7.94657676676e-05 0.000159109561259 0.134998777029
6.81734757441e-05 0.000227624343117 0.135248777029
4.47539859502e-05 0.000288662797081 0.135498777029
1.0140191783e-05 0.000340789573417 0.135748777029
-3.54397641466e-05 0.000383762710801 0.135998777029
-9.15927981321e-05 0.000417567209218 0.136248777029
-0.000155001844615 0.000440932183285 0.136498777029
-0.000216820516734 0.000451061688387 0.136748159769
-0.000272493824414 0.000448447653259 0.136998159769
-0.000327169339794 0.000437043519964 0.137248159769
-0.0003820160734 0.000418630024688 0.137498159769
-0.000428730430652 0.000392653678922 0.137748155911
-0.000464752348087 0.000360367582041 0.137998155911
-0.000498074052628 0.000324652223563 0.138248155911
-0.00053369957406 0.000287552781822 0.138497534793
-0.000568208183547 0.000249565088727 0.138747534793
-0.000597074193072 0.000210506230257 0.138997534793
-0.000620260112356 0.000170562257141 0.139247534769
-0.000640612723218 0.000130736084076 0.139497534769
-0.000658806561328 9.12442139132e-05 0.139747534769
-0.000670063723688 4.94956858682e-05 0.13999753477
-0.000666613316849 1.33920844421e-06 0.14024753477
-0.000646725571314 -5.29407974238e-05 0.14049753477
-0.000618988300313 -0.000106827400803 0.14074753477
-0.00058989703394 -0.000155426313672 0.14099753477
-0.000553474060939 -0.000199769019948 0.14124753477
-0.000501162993418 -0.00024059914862 0.141497534794
-0.000433433772632 -0.000274635636503 0.141748155911
-0.000357002527624 -0.000297571503955 0.141998155911
-0.000279150624446 -0.000306595563616 0.142248155911
-0.000206728284531 -0.000300373805553 0.142498155911
-0.000140553245208 -0.000279294375379 0.142748155911
-7.50251055716e-05 -0.000244898987912 0.142998780887
-1.12448040161e-05 -0.00019867235644 0.143248780887
4.12097379372e-05 -0.000141832978374 0.143498780887
7.62249504681e-05 -7.60516968476e-05 0.143748780887
9.30803525285e-05 -3.86767193804e-06 0.143998780887
9.00920736128e-05 7.24265535157e-05 0.144248780887
6.46968777399e-05 0.000151018521736 0.144498780887
2.1122615192e-05 0.000227319069406 0.144748780887
-2.95964029077e-05 0.000293575748231 0.144998780887
-8.21623636551e-05 0.000345563378803 0.145248780887
-0.000138151197127 0.000383633674573 0.145498780911
-0.000196546315174 0.00040808482511 0.145748155935
-0.000257787925669 0.000420229963431 0.145998155935
-0.000325215335751 0.000422079893046 0.146248155935
-0.000394573345882 0.000413495256766 0.146498152077
-0.000456010924222 0.000394313728261 0.146748152077
-0.000506762020204 0.000366667172495 0.146998152077
-0.000549974260128 0.000333290094666 0.147248152101
-0.000584824493749 0.000295989029091 0.147498152101
-0.000610470896373 0.000256159305225 0.147748148243
-0.000630100983112 0.000214856167093 0.147998148243
-0.000642604730993 0.00017226005277 0.148248152101
-0.000644331661386 0.000127369556361 0.148498152101
-0.000638753356424 7.96925818675e-05 0.148748148219
-0.000633454102361 3.08934439654e-05 0.148997527101
-0.000630288960232 -1.72445559899e-05 0.149247527101
-0.000624047934742 -6.5164956664e-05 0.149497527101
-0.000610010297234 -0.000113691566342 0.149747527101
-0.000589879257692 -0.000161235924155 0.149997527101
-0.000568772166071 -0.000204979027999 0.150247527077
-0.000547374974624 -0.000243920951677 0.150497527077
-0.000518086724383 -0.000279072150577 0.150747530935
-0.000472056543254 -0.000310095330264 0.150997530935
-0.000412240472545 -0.000333426255139 0.151247530935
-0.00035029576354 -0.000345382262439 0.151497530935
-0.000287917344272 -0.000344711752113 0.151747534793
-0.000217904769746 -0.000330553413198 0.151997534793
-0.000143819217331 -0.000302020581406 0.152247534793
-8.05953685748e-05 -0.000259676525623 0.152496917533
-3.64889045281e-05 -0.000204897546685 0.152746917533
-6.57165626955e-06 -0.000139302961615 0.152996917533
1.64553162172e-05 -6.61189659168e-05 0.153246921391
3.26167138898e-05 9.99751517154e-06 0.153496921391
3.75330146452e-05 8.47268103703e-05 0.153746921391
2.95941293942e-05 0.000154463116261 0.153996921391
9.50044914261e-06 0.000216361590527 0.154246921391
-2.52957811499e-05 0.000269573696471 0.154496921391
-7.81665104028e-05 0.000314128907938 0.154747542509
-0.000143436789711 0.000347713523278 0.154997538651
-0.000208749094166 0.00036734443398 0.155247538675
-0.000269185350531 0.00037329215431 0.155497538675
-0.000328417606699 0.000367768736513 0.155747538675
-0.000389584846699 0.00035224625729 0.155998159793
-0.00045327133485 0.000327578081535 0.156248155959
-0.000515532083797 0.000294803464693 0.156498155959
-0.00056639795492 0.000256158733536 0.156748155959
-0.000599499252755 0.000214583919921 0.156998155959
-0.000620032527862 0.000171695157885 0.157248155959
-0.000636523923883 0.000127804587903 0.157498155959
-0.000649942969072 8.35537726457e-05 0.157748155959
-0.000656804088532 3.93715123494e-05 0.157998777077
-0.000657323732578 -5.03475542971e-06 0.158248777077
-0.000654671386018 -4.97741277108e-05 0.158498777077
-0.000648200048456 -9.48312030142e-05 0.158748777053
-0.000633246097635 -0.000140814972449 0.158998155935
-0.00061029116156 -0.000187079877072 0.159248155935
-0.00058561542783 -0.000231368080108 0.159498155935
-0.000558025968753 -0.000272812451993 0.159748155935
-0.000519367155269 -0.000311252892449 0.159998155935
-0.000468886378989 -0.000344488128571 0.160248155911
-0.000409461541522 -0.000369839208409 0.160498155911
-0.000337798877387 -0.000384892969415 0.160748155911
-0.000254008483508 -0.000386919085529 0.160997534793
-0.000171154192724 -0.000374925589742 0.161247530935
-0.000105244992146 -0.000350690451948 0.161497530935
-5.94473485704e-05 -0.000315693659755 0.161747530935
-2.25229469292e-05 -0.000268772891945 0.161997530935
1.53862541554e-05 -0.00020912678005 0.162247530935
4.86765914466e-05 -0.000139836553813 0.162497527078
6.33421444586e-05 -6.54817297987e-05 0.162747527078
5.48349046239e-05 1.10897210242e-05 0.162997527078
3.02613250322e-05 8.69192960646e-05 0.163247527078
-5.1227599846e-06 0.000157772253795 0.163497530935
-5.33586700953e-05 0.000220188399933 0.163746909817
-0.000113697752894 0.000271504098902 0.163996909817
-0.000177172925444 0.000308969575855 0.164246913675
-0.000237798417497 0.000331622686063 0.164496913675
-0.000298008108479 0.000340508680053 0.164746917533
-0.00035887517548 0.000336767672425 0.164996917533
-0.000417609939521 0.000321548069378 0.165246921391
-0.00046929805109 0.000296722391162 0.165496921391
-0.000508359204977 0.000265076912934 0.165746925249
-0.000538906036633 0.000228470451515 0.165996925249
-0.000571202052242 0.00018653417461 0.166246925249
-0.000603608054387 0.000140455099413 0.166496925249
-0.000626426595106 9.37320212594e-05 0.166746925249
-0.0006385373704 4.78753451147e-05 0.166996925249
-0.000644881606275 2.41818342683e-06 0.167246925249
-0.000645641432093 -4.24543150346e-05 0.167496925249
-0.00063853027848 -8.66891043243e-05 0.167746925273
-0.000625450415443 -0.000130908277269 0.167996925273
-0.000611621470783 -0.000175055488676 0.168247542533
-0.0006009319543 -0.000218204283303 0.168497542557
-0.000591863686368 -0.000259715911396 0.168747542557
-0.000577888540291 -0.000299537225803 0.168997538699
-0.000553083987801 -0.000337167188635 0.169247538723
-0.000514274211692 -0.000371016276532 0.169497534865
-0.000460470443722 -0.000398441250554 0.169748155983
-0.000397807678 -0.000416915403646 0.169998152125
-0.000337984151375 -0.000425674142902 0.170248152125
-0.000280374719864 -0.000423574423201 0.170498148268
-0.000210868575713 -0.000405901927128 0.17074814441
-0.000128846627169 -0.000369892644315 0.170998140552
-5.32424746735e-05 -0.000319788697173 0.171248136694
1.28572638443e-06 -0.000261147542165 0.171498136694
3.50649715492e-05 -0.000195593010006 0.171747511718
5.47080148487e-05 -0.000123196444123 0.171997511718
6.49052119196e-05 -4.5939467746e-05 0.172246890576
6.52490982368e-05 3.17206790366e-05 0.172496890576
5.11420161588e-05 0.000104926705539 0.172746890576
1.98837758954e-05 0.000170414728043 0.172996273292
-2.50751037112e-05 0.000226068995645 0.17324627715
-7.95125722288e-05 0.000270075092218 0.173496281008
-0.000143505698985 0.000301091143795 0.173746284842
-0.000216292490965 0.000318273903608 0.173996288676
-0.000293043275241 0.000321364033175 0.174246292534
-0.000370286681688 0.000310701771872 0.174496296367
-0.000447419673781 0.000286782491791 0.174746300225
-0.000521088886286 0.000251006356365 0.174996300201
-0.000582513548885 0.000207215520962 0.175246925177
-0.000623790729589 0.000160829979619 0.175496925177
-0.00064628593154 0.000115025676705 0.175746925177
-0.000657754709783 6.97635474564e-05 0.175997546295
-0.000661624056646 2.52470524869e-05 0.176247546295
-0.000658546611511 -1.79641596962e-05 0.176497546295
-0.000654488166041 -6.17055506759e-05 0.176747546295
-0.000653302309039 -0.000106565220188 0.176997542461
-0.000647651463881 -0.000149909027457 0.177248163579
-0.000630110222891 -0.000190766184961 0.177498163579
-0.000605178451073 -0.000230908664475 0.177748163603
-0.000579665725732 -0.000270891516808 0.177998159745
-0.000550485819123 -0.000309562226387 0.178248159769
-0.000510825219483 -0.00034530499444 0.178498159769
-0.000459586662624 -0.000376436920711 0.178748155935
-0.000400424196827 -0.00040123696907 0.178998155935
-0.000338507274263 -0.00041848994104 0.179247534841
-0.000278374384995 -0.000427588081012 0.179497534841
-0.000219897898763 -0.000427342369183 0.179747530983
-0.000159039572659 -0.000415031327562 0.179997530984
-9.50191066644e-05 -0.000388416738506 0.180247530984
-3.46187037744e-05 -0.000348639703121 0.180497527126
1.11902708919e-05 -0.00030019872139 0.180747523268
3.54419133014e-05 -0.000246912316411 0.180998144386
4.19294176715e-05 -0.000187584453174 0.181248140528
4.07143997426e-05 -0.000118857943501 0.181498140528
3.53963226723e-05 -4.26837996803e-05 0.181748757788
1.92338795225e-05 3.33816449697e-05 0.181998757788
-1.38980091835e-05 0.000102947893019 0.182249378906
-6.02876584054e-05 0.000163247988054 0.182499378906
-0.000113858103225 0.000212151937415 0.182750000024
-0.000175036630092 0.0002471308735 0.182999996166
-0.00024215256515 0.000267102772382 0.183249996166
-0.000305608651811 0.00027331172374 0.1835
-0.000360227125891 0.000267650802774 0.18375
-0.000409552860844 0.000250907173399 0.184
-0.00045405996999 0.000224494886797 0.18425
-0.000487174136981 0.000192425143196 0.1845