1480
-0.000378571906291 -0.000517220528943 -0.185
-0.0003341712713 -0.000528660094563 -0.18475
-0.000290433594019 -0.000544328124811 -0.1845
-0.000247030150375 -0.000561340949015 -0.18425
-0.000201040765528 -0.000573773218387 -0.184
-0.000151421441216 -0.000579524365409 -0.183750003858
-0.000100629292698 -0.000580632111247 -0.183500003882
-5.25837789562e-05 -0.000580645516809 -0.183249382764
-8.38380339792e-06 -0.000579823021028 -0.182999382788
3.57648316479e-05 -0.000571526103128 -0.182749382788
8.26228093209e-05 -0.000548330858604 -0.18249938667
0.000129085933318 -0.000510172404294 -0.18224938667
0.000168849824881 -0.000463751215985 -0.181999382837
0.000196473200938 -0.000417889415895 -0.181749382837
0.000210747761206 -0.00037457282449 -0.181499378979
0.000214501504105 -0.000323574328152 -0.181249375145
0.000209242356181 -0.000255034750219 -0.180999367429
0.000192963608349 -0.000172944923469 -0.180749359714
0.000163420791139 -8.96716336665e-05 -0.180499355856
0.000120378916707 -1.57484068887e-05 -0.180249351998
6.40624803759e-05 4.00798398254e-05 -0.17999934814
-5.35144634033e-06 7.20298652304e-05 -0.179749340424
-8.38708014263e-05 8.35894569342e-05 -0.179499957684
-0.000162577190257 8.41563501941e-05 -0.179249953826
-0.00023327721426 7.95265211526e-05 -0.178999953802
-0.00029293654301 6.93770525842e-05 -0.178749953802
-0.000344278441454 4.79491878359e-05 -0.178499953778
-0.000392001053373 7.51492804629e-06 -0.178249953778
-0.000435127524441 -5.15165554059e-05 -0.178000574872
-0.000466991942083 -0.000117810158577 -0.17775057873
-0.000483525091301 -0.000180553922348 -0.177500582564
-0.000486755499776 -0.000238503652312 -0.177250586422
-0.000480701131959 -0.000296464260955 -0.177001207516
-0.000467731692445 -0.000357658986338 -0.17675121135
-0.00044864972837 -0.000421046277983 -0.176501215183
-0.000423396248712 -0.000479822457657 -0.176251215183
-0.000391999552016 -0.000525227475948 -0.176001215159
-0.000356062597698 -0.000557375065949 -0.175751219017
-0.000318016926142 -0.00058369933417 -0.175501219017
-0.000279220734269 -0.000607465342386 -0.175251840135
-0.00023959762238 -0.000627676245934 -0.175001840135
-0.00019920141114 -0.000644691084473 -0.174751840159
-0.00015847680281 -0.000659746947389 -0.174501840159
-0.000115987439727 -0.00067002095735 -0.174251840183
-6.69458749111e-05 -0.000666587147025 -0.174001840183
-8.79288904774e-06 -0.000642825676987 -0.173751840207
5.24805105326e-05 -0.000605056852601 -0.173501840207
0.000107502697765 -0.000566753251459 -0.173251219113
0.000153240320328 -0.000532074705189 -0.173001219113
0.000192208903535 -0.000493187965861 -0.172751219113
0.00022516224378 -0.000443327731132 -0.172501219113
0.000249867195358 -0.000382268179345 -0.172251219137
0.000263671539436 -0.000312390789714 -0.172001219137
0.000264213774635 -0.000238972717021 -0.171751219137
0.000249815395143 -0.000170103024156 -0.171501219137
0.000220199944474 -0.000110968044676 -0.171251219137
0.000176372249207 -6.04339108418e-05 -0.171001215279
0.000120081940503 -1.68471239681e-05 -0.170751215279
5.31870809911e-05 1.62778457597e-05 -0.170501215279
-2.13184926679e-05 3.6915221746e-05 -0.170251215279
-9.81168386292e-05 4.79998653098e-05 -0.170001215279
-0.000173184834618 4.73732265673e-05 -0.169751215279
-0.000245726741059 2.83213034788e-05 -0.169501836398
-0.000312521654604 -7.22202418501e-06 -0.169251832516
-0.000368898983329 -5.26737101389e-05 -0.169001832516
-0.000414416978219 -0.000108909292392 -0.168751832516
-0.000448882555839 -0.00017614309598 -0.168501832516
-0.000469266132957 -0.0002453934228 -0.168251828658
-0.000474378981717 -0.000307540827209 -0.168001828658
-0.000466408431185 -0.000359987578565 -0.1677518248
-0.000448531265928 -0.000404050887739 -0.167501824776
-0.000423549695302 -0.00044310864719 -0.167251824776
-0.000393449161447 -0.000481131317956 -0.167001820918
-0.000359139247263 -0.000516970532202 -0.166751820918
-0.000321141833602 -0.000544391014454 -0.166501820918
-0.000280349695235 -0.000563785487136 -0.1662511998
-0.000238203781988 -0.000584247373016 -0.1660011998
-0.000196312222056 -0.000609211951055 -0.165751195942
-0.000154766718503 -0.000631482696368 -0.165501195942
-0.000112327362169 -0.000645204207644 -0.165251195942
-6.89489496711e-05 -0.000652683907528 -0.165001195942
-2.50523045382e-05 -0.000655907350857 -0.164751195918
1.99238497603e-05 -0.000652967901007 -0.164501195918
6.46865087179e-05 -0.000645991675341 -0.164251195918
0.000107939037475 -0.000636265288068 -0.1640005748
0.000151482694806 -0.000614588995506 -0.163750578658
0.0001951162681 -0.00057313620345 -0.163500578658
0.000234427594361 -0.000515645450583 -0.163251203633
0.000264948477074 -0.00044970137901 -0.163001203633
0.000283795218662 -0.000382040172531 -0.162751203634
0.000289656631159 -0.0003153005467 -0.162501207491
0.000281975896789 -0.00024350060256 -0.162251211349
0.000259918725219 -0.000160872987506 -0.162001836325
0.000223493999553 -7.54156830358e-05 -0.161751836325
0.00017445689036 -3.81831834443e-06 -0.161501840183
0.000114968920404 4.51089834921e-05 -0.161251844041
4.70881393511e-05 7.35425725505e-05 -0.161001844041
-2.64145626705e-05 8.55968301282e-05 -0.160751847899
-0.000101791960161 8.38611381019e-05 -0.160501847899
-0.000174470878551 7.15013450922e-05 -0.160251847923
-0.000240291024925 5.04200186944e-05 -0.160001226805
-0.000297186723687 1.87803334461e-05 -0.159751226805
-0.00034466426775 -2.63972098922e-05 -0.159500601829
-0.000381849074654 -8.47642722843e-05 -0.159249976853
-0.00040693101711 -0.000150944037324 -0.158999351877
-0.00041875335827 -0.000218792459583 -0.158748726901
-0.000417850306119 -0.000285989050995 -0.158498101901
-0.000405465391358 -0.000352156216767 -0.158248098044
-0.000382979053252 -0.000417194356297 -0.157997473068
-0.000351803947644 -0.000479661648773 -0.15774685195
-0.000313952622096 -0.000533891650534 -0.157496226974
-0.000272126898931 -0.000575002868997 -0.15724622695
-0.000228669559614 -0.000603278311392 -0.156995601974
-0.000184858863334 -0.000621929851147 -0.156745601974
-0.000141288787814 -0.000634911674668 -0.156495601974
-9.82563339048e-05 -0.000643276313871 -0.156245601974
-5.54298377995e-05 -0.000643988639014 -0.155995601974
-1.13792344511e-05 -0.000633504376814 -0.155745601974
3.53153052126e-05 -0.000610904217492 -0.155496219234
8.41045141139e-05 -0.000580722668412 -0.155246219258
0.000132552022447 -0.00054932149193 -0.154996840376
0.000178913523702 -0.000517249365398 -0.154746844234
0.000222476154464 -0.000480782751285 -0.154497465376
0.000262383272474 -0.000435563163621 -0.154248090352
0.000296955266178 -0.00037837991916 -0.153998090376
0.000323457884535 -0.000313868513718 -0.153748711494
0.000339963635854 -0.00025336187643 -0.153499332612
0.000346349382929 -0.000202530444377 -0.153249957611
0.000342146831076 -0.000154503566465 -0.153000582587
0.000325107141655 -9.90957514995e-05 -0.152750586445
0.000293700347681 -3.77496725748e-05 -0.152501211421
0.00024895469919 1.83524736228e-05 -0.152251836421
0.000192613078667 6.24090200338e-05 -0.152002461397
0.000126104971388 9.54781174507e-05 -0.151752465255
5.20440305872e-05 0.000119202555676 -0.151503090231
-2.54634435872e-05 0.000130861874071 -0.151253090231
-0.000102273266181 0.000125866907325 -0.151003094065
-0.000174938996488 0.000103000729097 -0.150753094065
-0.000240166961581 6.51286521461e-05 -0.150503094065
-0.000295201476251 1.43312642865e-05 -0.150252472946
-0.000338085177352 -4.81485820317e-05 -0.150001847971
-0.000366929905462 -0.000114970489658 -0.149751226829
-0.000380807057094 -0.000174135731321 -0.149501222947
-0.000381276026755 -0.000219003146074 -0.149250597971
-0.000371262116025 -0.000254784313824 -0.149000597947
-0.000352292084491 -0.000294228542846 -0.148749972947
-0.000324164652671 -0.000342725821677 -0.148499969065
-0.000287522867641 -0.000394235566475 -0.148249344065
-0.000244489269596 -0.000441671145613 -0.147999344041
-0.000197671974933 -0.00048104711984 -0.147748719065
-0.000149844620621 -0.000509177696114 -0.147498719041
-0.000103074496603 -0.000524458751021 -0.147248719041
-5.74659897932e-05 -0.000530251920337 -0.146998719041
-1.19066808678e-05 -0.000534274756153 -0.146748722899
3.33472724582e-05 -0.000539445131268 -0.146498722899
7.73410728908e-05 -0.000538580442692 -0.146248722899
0.000120703807807 -0.000524849200942 -0.145998722923
0.00016422435749 -0.000503290211132 -0.145748722947
0.000207044162046 -0.000484294496119 -0.145498722971
0.000248362377898 -0.000467292375095 -0.145248726853
0.000287933167983 -0.000439358156159 -0.144999347995
0.000324115710142 -0.00039259824247 -0.144749348019
0.000354032307014 -0.000332152870226 -0.144499351901
0.000375150501308 -0.000263292003084 -0.144249976901
0.000385299844108 -0.000188214472791 -0.144000598019
0.000383679133553 -0.000114095448796 -0.143750601901
0.000370027356889 -4.48193701216e-05 -0.143500601901
0.000342378396443 2.46021237475e-05 -0.143251226901
0.000299889214533 9.43320356406e-05 -0.143001226901
0.000245377063032 0.000155684515103 -0.142751848019
0.000182319971091 0.000202082723545 -0.142501851877
0.000113438417505 0.000231162803147 -0.142251851877
4.15883493089e-05 0.000240530208024 -0.142001851877
-3.10672613503e-05 0.000231230102802 -0.141751230783
-0.000102384554506 0.000209338065061 -0.141501226925
-0.000168607321472 0.000176731758154 -0.141250605807
-0.000226049896239 0.00012912797112 -0.141000605807
-0.000272333220307 6.76316236539e-05 -0.140749980831
-0.000305660013537 -1.4291558102e-06 -0.140499359713
-0.000324702834543 -7.70023838885e-05 -0.140248734713
-0.000328669849429 -0.000158791097413 -0.139998113595
-0.000317958315517 -0.000239991338601 -0.139747488595
-0.000294577556333 -0.000312368698155 -0.139497488595
-0.000262111171901 -0.000369036377592 -0.139246867453
-0.000224981712168 -0.000405580064909 -0.138996867453
-0.000185153795993 -0.00042766879944 -0.138746871287
-0.000141094241946 -0.000446987830108 -0.138496871287
-9.33382640467e-05 -0.000465214334072 -0.138246250169
-4.51126278375e-05 -0.000477015595546 -0.137996254027
2.28083870638e-06 -0.000482224165498 -0.137746254003
4.82037758816e-05 -0.000481199429265 -0.137496254003
9.14685309037e-05 -0.00047101866423 -0.137246254003
0.000133299584559 -0.000453606847812 -0.136996257885
0.000175684734921 -0.000435775635995 -0.136746257885
0.000217932866998 -0.000417135014639 -0.136496257885
0.000258418460741 -0.000389698127949 -0.136246257885
0.000296851599734 -0.000353967109342 -0.135996257884
0.000333439850784 -0.000320907898011 -0.13574625786
0.000367655783706 -0.000293163141174 -0.135496261718
0.000397355179586 -0.00025922139528 -0.135246261718
0.000419066024781 -0.000209015591532 -0.134996257836
0.000430314420871 -0.000145623978629 -0.134746257836
0.000431414126488 -8.10421408629e-05 -0.134496253978
0.000424157778699 -2.51703641081e-05 -0.134246250096
0.000408394839292 2.13143362716e-05 -0.133996246239
0.000379399416334 6.76276188767e-05 -0.133746242357
0.000331719079562 0.000121577757695 -0.133496238499
0.000267691972537 0.000175752571056 -0.133246230783
0.000195213860292 0.000215912362091 -0.132996223068
0.00011917123193 0.000236651730977 -0.13274621921
4.21130291374e-05 0.000238323616859 -0.132496211494
-3.29566937604e-05 0.000221099009487 -0.132246211494
-0.000103757211078 0.000188587235788 -0.131996832612
-0.000167714270659 0.00014615201093 -0.131746832613
-0.000221002199787 9.3204649442e-05 -0.131497457612
-0.000260872352953 2.87218610063e-05 -0.131248082589
-0.000287381464092 -3.71182214427e-05 -0.130998086471
-0.000301978338268 -9.27874212648e-05 -0.13074871147
-0.000304574336794 -0.000143131611931 -0.130499340328
-0.000292842859471 -0.000201595551333 -0.13024996921
-0.000265825503833 -0.000269899903366 -0.129999973092
-0.000226661444988 -0.000336880032503 -0.12975060195
-0.000179911801493 -0.000393428890031 -0.129501226974
-0.000128268573129 -0.000438759088583 -0.129251851974
-7.40994053678e-05 -0.000473240275143 -0.129001855856
-2.07420220984e-05 -0.000495407806284 -0.128752480855
3.008655004e-05 -0.000506442177243 -0.128502480879
7.89729916562e-05 -0.000510400933519 -0.12825248088
0.000127039909263 -0.000511234575532 -0.12800248088
0.0001740226075 -0.000510059905148 -0.127752480879
0.000217962520724 -0.000503518883545 -0.127502476998
0.000258153910964 -0.000488458195486 -0.127252476973
0.000296123497203 -0.000466315614191 -0.127002476925
0.000332607680082 -0.000438335690755 -0.126751851901
0.00036682611515 -0.000402709167769 -0.126501851853
0.000397883121267 -0.000359897953259 -0.126251226805
0.000425210765287 -0.000313613141862 -0.126001222899
0.000447748731648 -0.00026566542764 -0.125750601733
0.000463259515343 -0.000213749692521 -0.125499976685
0.000468261404589 -0.000153958183261 -0.125249355543
0.000459428639222 -8.52520182235e-05 -0.124998730543
0.000436258697009 -1.32383459062e-05 -0.124748109401
0.000402290709886 5.14095085259e-05 -0.124497484425
0.000361576701005 0.000101070379352 -0.124246859449
0.000313469197185 0.000137464484328 -0.123996238331
0.000255243504764 0.000165005922915 -0.123746234497
0.00018917325133 0.000180910232718 -0.123495613379
0.000119763558328 0.000180424201211 -0.123245609521
4.80490457229e-05 0.000165774040739 -0.122995609521
-2.46248258122e-05 0.000141548002949 -0.122745609521
-9.31034334622e-05 0.000107496245219 -0.122495609522
-0.000151595621485 6.03099290123e-05 -0.122246234522
-0.000196283223839 -2.12980252327e-06 -0.121996234546
-0.000225024883471 -7.94820474119e-05 -0.12174685957
-0.0002374125213 -0.00016631696148 -0.121497484617
-0.000235735588001 -0.000249836127455 -0.121248105807
-0.000223073419379 -0.000320043574492 -0.120998730855
-0.000199510821585 -0.00038020938406 -0.120749355927
-0.00016373832194 -0.000437028012118 -0.120499355999
-0.000116820907182 -0.000490342618802 -0.120249981071
-6.29253440169e-05 -0.000534895380195 -0.120000602261
-8.87408446144e-06 -0.000563453012217 -0.119751227309
4.01353152284e-05 -0.000573659837815 -0.119501227381
8.48696677791e-05 -0.000571251937688 -0.119251227429
0.00012886964817 -0.000563468749972 -0.119001848571
0.000174265143847 -0.000554229960955 -0.118751848571
0.000220441888165 -0.000543708442059 -0.118501848571
0.000264890739128 -0.000529333937574 -0.118251848571
0.000306957623481 -0.000510501993244 -0.118001848523
0.000348905049352 -0.000491728886822 -0.117752469569
0.000390886423936 -0.000474947412178 -0.117502469497
0.000429682249072 -0.000453781116239 -0.117252469425
0.000464021245845 -0.000424353072104 -0.117002469377
0.000495042160866 -0.000390071274595 -0.116752469305
0.000520958544159 -0.000348624879758 -0.116502469233
0.000537220177885 -0.000293396874145 -0.116252469186
0.000542792352195 -0.000228603300532 -0.116001848043
0.000540500324357 -0.00016533585227 -0.115751848019
0.000531619598147 -0.000108501299485 -0.115501847995
0.000513562234656 -5.57665433184e-05 -0.115251226853
0.000480876099807 -2.15909740144e-06 -0.115001226853
0.000431325948426 5.15662207652e-05 -0.114750605735
0.000369474255237 9.74636144e-05 -0.114500605759
0.000298406648872 0.000131843426699 -0.114249984641
0.000220116701639 0.000154054136727 -0.113999984641
0.000141906373661 0.000158656231252 -0.113749363523
6.84094330341e-05 0.000143811878372 -0.113499359665
-1.30455922083e-06 0.000115451426426 -0.113248738571
-6.52973442806e-05 7.75926119775e-05 -0.112998738571
-0.000118408637862 2.91117211402e-05 -0.112748738571
-0.000156730127492 -3.14127752286e-05 -0.112498738571
-0.000178603553648 -0.000102856528095 -0.112248738571
-0.000184154164893 -0.000180819433646 -0.111998738547
-0.000174435931713 -0.000259598531561 -0.111748738547
-0.000150720913138 -0.00033469596207 -0.111498738547
-0.000114424404158 -0.000403415255849 -0.111249359641
-6.709453421e-05 -0.000464365692743 -0.110999359617
-1.14236299791e-05 -0.000515464329511 -0.110749359594
4.86133308249e-05 -0.000554141515036 -0.110499980664
0.000108949353468 -0.000579069647277 -0.11024998064
0.000166019694906 -0.000590231213901 -0.109999980592
0.000218606484122 -0.000590082780512 -0.109749984426
0.000267323017981 -0.000582051080888 -0.10950060552
0.000312632643507 -0.000568365636231 -0.109250605496
0.000356307024907 -0.000551898831151 -0.109000605496
0.000399000667776 -0.000534222625021 -0.108750605496
0.000436439467371 -0.000510778705684 -0.108500605496
0.000465928028632 -0.000476435481608 -0.10825060552
0.000491750745832 -0.00043496046523 -0.108000605544
0.000517871788289 -0.00039289137899 -0.107750605568
0.000542083532019 -0.000348715356311 -0.107500605592
0.000560696853579 -0.00029811161575 -0.107250605616
0.000572997171214 -0.000242611256395 -0.107000605664
0.000579113102404 -0.00018556898945 -0.106750605712
0.000576631395106 -0.000126221037761 -0.106499984617
0.000562894806612 -6.40988757416e-05 -0.106249984641
0.000539738822267 -4.94310350557e-06 -0.105999984689
0.000510614466296 4.52213115376e-05 -0.105749363595
0.000474754743506 8.63517370162e-05 -0.105499363619
0.000430339254237 0.000119133286872 -0.105249363643
0.000378329859302 0.000141443383819 -0.104998742549
0.000319226722943 0.000152102573995 -0.104748738691
0.000253380491005 0.000150823171197 -0.104498738715
0.000183304575354 0.000136808643066 -0.104248117597
0.000111277553907 0.000111314214712 -0.103998117597
4.18630617414e-05 7.52013026494e-05 -0.103748113739
-1.64693622049e-05 2.52623413225e-05 -0.103498113739
-5.86061574891e-05 -3.97893506135e-05 -0.103248113739
-8.49692084038e-05 -0.000114818316903 -0.102998734857
-9.63161748608e-05 -0.000193705658775 -0.102748734833
-9.28482750709e-05 -0.000271852022276 -0.102498734833
-7.7115319964e-05 -0.000342939342315 -0.102249355927
-5.32624267663e-05 -0.000400914239235 -0.101999359785
-2.3608486471e-05 -0.000444898179153 -0.101749980879
1.27656076508e-05 -0.000479033890499 -0.101499980855
5.93204349773e-05 -0.000509301929022 -0.101249980831
0.000118432502009 -0.000538684662276 -0.101000601925
0.000185428933493 -0.000563020011447 -0.100750601901
0.000249935635212 -0.00057505689062 -0.100501226853
0.000304237798827 -0.00057186849971 -0.100251226829
0.00034792399069 -0.000556231306516 -0.100001226805
0.000386331720329 -0.000533834647087 -0.0997512268056
0.00042515770209 -0.000509706779519 -0.0995012267816
0.000465653632627 -0.000485732890305 -0.0992512228999
0.000505495905957 -0.000461187828183 -0.0990012229001
0.000543072340006 -0.000435445890064 -0.0987506017582
0.000579031409887 -0.000409641410071 -0.0985006017582
0.000612282102741 -0.00038255364968 -0.0982506017582
0.000638183744374 -0.000347765613979 -0.0980006017343
0.000654966541252 -0.000302833699052 -0.0977506017343
0.000665215677768 -0.000252662851013 -0.0975006017343
0.000668467867395 -0.000199113165234 -0.0972499767584
0.00066235268825 -0.000142214890802 -0.0969999767584
0.000647819883778 -8.60298849938e-05 -0.0967499767582
0.000623911403897 -3.22649071997e-05 -0.0964993556402
0.000583741206726 2.23703967523e-05 -0.0962493556402
0.000522195158434 7.81651146795e-05 -0.0959987306882
0.000445862559571 0.000126827844216 -0.0957487306882
0.000369280384567 0.000157475500853 -0.0954987307121
0.000299842482677 0.000166473221183 -0.0952487307121
0.000233361097259 0.000157838635909 -0.0949987307361
0.000164225514449 0.000136683782285 -0.09474873076
9.30834810559e-05 0.000105669099799 -0.09449873076
2.64653907714e-05 6.4807675795e-05 -0.094248730784
-2.6089519008e-05 1.11286586642e-05 -0.0939987346419
-5.69518442962e-05 -5.91404540459e-05 -0.093748734666
-6.56381462933e-05 -0.000144014830874 -0.09349873469
-5.78856389379e-05 -0.000233477655654 -0.0932493596898
-4.0122009168e-05 -0.000315779840979 -0.0929993597138
-1.65135774614e-05 -0.000383569642725 -0.0927493635956
1.25560789907e-05 -0.000436537026727 -0.0924993636435
5.12870616679e-05 -0.000480510170469 -0.0922493675255
0.000103529453121 -0.00052008386827 -0.0919993675495
0.000166629247287 -0.000553247383628 -0.0917493675734
0.000232971270698 -0.00057510999167 -0.0914993714553
0.000296980842719 -0.000584166758899 -0.0912493714792
0.000356124900033 -0.000581767567804 -0.0909993715032
0.000405488233289 -0.000567891058086 -0.0907493715032
0.00044210279635 -0.000543398084657 -0.0904993715032
0.000473073174031 -0.000513558564138 -0.0902493715032
0.000507660909811 -0.000483976543326 -0.0899993714792
0.000544929134551 -0.000455041257787 -0.0897493714553
0.000577398422985 -0.000423016712891 -0.0894993714312
0.000601627066141 -0.000385162938669 -0.0892493675493
0.000620249563687 -0.000342519419254 -0.0889993675252
0.000637802827115 -0.000298993325747 -0.0887487463832
0.000655453062599 -0.000256703971625 -0.0884987463353
0.000668074724574 -0.000211677412501 -0.0882487463112
0.000668771950092 -0.000158439577437 -0.0879987462872
0.000656745937549 -9.87180705614e-05 -0.0877487462633
0.000639740540453 -4.21550782669e-05 -0.0874987462633
0.000626918022282 2.66432400418e-06 -0.0872487462393
0.000614928016537 3.85636975729e-05 -0.0869987423816
0.000587680797146 7.52026349303e-05 -0.0867487423816
0.000537162887654 0.000113551284046 -0.0864987423576
0.000470480696624 0.000145716342047 -0.0862487384999
0.000394959229428 0.000166056418708 -0.0859987384999
0.000316746637607 0.000171352172361 -0.0857487346422
0.000245511377111 0.000158028531646 -0.0854987346422
0.000183815751818 0.000126272876925 -0.0852481096664
0.000126177155894 8.067135141e-05 -0.0849981096664
7.17948928391e-05 2.54204469349e-05 -0.0847481058086
2.55743392342e-05 -3.69967820137e-05 -0.0844974846666
-9.56908039748e-06 -0.000102908719928 -0.0842474846666
-3.29630738408e-05 -0.000167822471993 -0.0839974846666
-4.08520507804e-05 -0.000231282673306 -0.0837474846426
-2.8525120608e-05 -0.000295538761325 -0.0834968635246
2.56482841423e-06 -0.000358241833669 -0.0832468673585
4.69652913054e-05 -0.000414021470808 -0.0829968673346
0.000100118223582 -0.000459292092809 -0.0827468711924
0.000157589682099 -0.000491876090377 -0.0824968711685
0.00021801656503 -0.000512550601497 -0.0822474961442
0.00028255860312 -0.000523594247619 -0.0819974961442
0.000347266501942 -0.000524477203534 -0.0817474999781
0.000407058110915 -0.00051495004821 -0.081497499978
0.000464505521025 -0.000498352361165 -0.0812475038359
0.000522245374343 -0.000477512992599 -0.0809981249539
0.000573643633694 -0.000451761088133 -0.0807481288116
0.000613291291436 -0.000420724860793 -0.0804981288356
0.000645609257116 -0.000386829570458 -0.0802487499774
0.000673708238123 -0.000351520799611 -0.0799987499774
0.000694346253461 -0.000312772755666 -0.0797487500013
0.000706879348822 -0.00026906021046 -0.0794987500253
0.000715046172037 -0.000221934455954 -0.0792493711673
0.00072230131209 -0.000174178305958 -0.0789993711914
0.000729710198698 -0.000127637056395 -0.0787493711914
0.00073241063631 -7.98936944619e-05 -0.0784993712155
0.000719386099162 -2.4904953147e-05 -0.0782493712157
0.000683406303151 3.86552652146e-05 -0.0779993712157
0.000629283341518 0.000103319323638 -0.0777493712158
0.000570000712668 0.00015869695532 -0.0774993673581
0.000516131219621 0.000198879133695 -0.0772493673582
0.000466911858983 0.000224810826237 -0.0769993635004
0.000412237388085 0.000240222433666 -0.0767493635005
0.000346294560731 0.000245776944551 -0.0764993596426
0.000274277119908 0.000238870273848 -0.0762487385248
0.000205865371138 0.000216993112186 -0.0759987346429
0.000148599509997 0.000179173097391 -0.0757487346429
0.000103695922017 0.000126563297093 -0.075498109667
6.86565061441e-05 6.22964535605e-05 -0.0752481096669
4.48613150676e-05 -1.05907468535e-05 -0.074998105809
3.41675522934e-05 -8.85127756501e-05 -0.074747484667
3.48262609764e-05 -0.000165806383684 -0.074497480809
4.8666460006e-05 -0.000239291616608 -0.074247480809
8.03469831146e-05 -0.00030897520565 -0.073996859667
0.000129112713342 -0.000372536310298 -0.0737468596669
0.000190276902375 -0.000425974409583 -0.0734968635248
0.000256274849965 -0.000464952395817 -0.0732468635008
0.000315081903511 -0.00048502240395 -0.0729968673585
0.000360426584902 -0.000486950364904 -0.0727468712164
0.00039988192197 -0.000477628900218 -0.0724968711923
0.000444219906363 -0.000462819419626 -0.0722468750502
0.000494714990902 -0.000443460399417 -0.0719968789079
0.000544229670872 -0.000418437207505 -0.0717468789079
0.00058551959925 -0.0003875919671 -0.0714968827896
0.000617066881074 -0.000352130557276 -0.0712468827896
0.000642293135101 -0.000313670437526 -0.0709968827894
0.000664730687669 -0.000273477843715 -0.0707468866713
0.000684695160254 -0.000232103365272 -0.0704968866713
0.000700954560934 -0.000189510717063 -0.0702468866713
0.000713832114296 -0.000145963159435 -0.0699968866952
0.000723217142809 -0.000101573497568 -0.0697468866954
0.000726889180559 -5.54913680897e-05 -0.0694968866954
0.000724968840861 -8.21175154823e-06 -0.0692468867195
0.000720465065192 3.79042085372e-05 -0.0689968867196
0.000711097693368 8.30784269044e-05 -0.0687468867196
0.000688236150348 0.000129833571645 -0.0684968867198
0.000649308869939 0.00017653305104 -0.0682468867199
0.00060225545895 0.000217373245539 -0.0679968828621
0.000554304640406 0.000248381735436 -0.0677468828622
0.000504986096546 0.000268741134969 -0.0674968828622
0.000450082685749 0.000278108967485 -0.0672468790043
0.00038677918972 0.00027533748626 -0.0669975001224
0.000315019012388 0.000259103261226 -0.0667474962405
0.000236607610903 0.000229005351637 -0.0664974923826
0.000157277894979 0.000185873271995 -0.0662481096428
8.96602314979e-05 0.000130898878886 -0.0659987307608
4.5791637337e-05 6.48876487196e-05 -0.0657487269029
2.5102076943e-05 -9.79112060609e-06 -0.0654993441391
1.6914404343e-05 -8.69397958401e-05 -0.0652493441391
1.46484540095e-05 -0.000159692635189 -0.0649999652569
2.35129496098e-05 -0.000226277556502 -0.0647499613991
5.2336208964e-05 -0.000288543423275 -0.0645005824931
9.96341421685e-05 -0.000344652575487 -0.0642505824931
0.000155881501284 -0.000389640882523 -0.0640005824931
0.000218457299191 -0.000422383069685 -0.063750586327
0.000292086459113 -0.000444725539179 -0.063499965209
0.00037565721827 -0.000456179523055 -0.063249965209
0.000455632627487 -0.00045398222541 -0.0629993479248
0.000514973937642 -0.000437561360514 -0.0627493479248
0.000552040532653 -0.000410951873836 -0.0624989767947
0.000582220330184 -0.000379080666463 -0.0622487295001
0.000617495426958 -0.000344188398778 -0.0619984204794
0.000657064756405 -0.000307070244096 -0.0617480493493
0.000694149165842 -0.000268667938275 -0.0614977399477
0.000721111385477 -0.000229589724232 -0.0612474926578
0.000733409494042 -0.000189205404649 -0.0609972453727
0.000734222181238 -0.000146571735123 -0.0607471219278
0.000729657814822 -0.000101729086696 -0.0604969984806
0.000719277858242 -5.42570806011e-05 -0.0602468750357
0.00070013861899 -3.53731353659e-06 -0.0599968140908
0.000675199988685 4.82959345874e-05 -0.0597467527625
0.000647650053735 9.8443882531e-05 -0.0594967539294
0.00061703422321 0.000145518055204 -0.0592467547082
0.00058438459974 0.000187887458527 -0.0589968179845
0.000547606756208 0.000224965157878 -0.0587468808775
0.000499863491487 0.000256727194528 -0.0584970683823
0.000442427333737 0.000280672065387 -0.0582472554988
0.000383897580617 0.000293845201121 -0.0579975051106
0.00032681060395 0.000295081149081 -0.0577477543342
0.000267219920743 0.000283691186766 -0.0574980031672
0.000202553189771 0.000258724594292 -0.0572483141144
0.00013770081941 0.000219930006479 -0.0569986250616
8.39557537983e-05 0.000168298227117 -0.0567488110137
4.7253762922e-05 0.000105433775411 -0.0564989348515
2.26157944439e-05 3.38887109483e-05 -0.0562490583036
5.59950721639e-06 -4.19893681788e-05 -0.0559990571438
3.81916915801e-07 -0.000117977107175 -0.0557490559864
1.14589414161e-05 -0.000191030265113 -0.0554989923291
3.7224462713e-05 -0.000257875959129 -0.0552489286718
7.45726982236e-05 -0.000315471830746 -0.054998803286
0.000121900519258 -0.000362020414819 -0.0547486775121
0.000177542181649 -0.000396550733732 -0.0544986138523
0.000237327139255 -0.0004181934377 -0.0542485501902
0.000295099385968 -0.000426555205772 -0.0539984869114
0.000348969213641 -0.000422961587458 -0.0537484857469
0.000402264749655 -0.000409466405445 -0.0534984845847
0.000458255088336 -0.000387396763551 -0.0532485455367
0.000517617409287 -0.00035747697575 -0.0529986072627
0.000574131002563 -0.000320821672689 -0.0527486689911
0.000616198934178 -0.000279900852147 -0.0524987928338
0.000640455044079 -0.000237145193261 -0.0522488545694
0.000655720139862 -0.000193212282621 -0.0519989166908
0.000671796319686 -0.000148216093024 -0.0517490413145
0.00069119166396 -0.000103190214922 -0.0514991034431
0.000708951451244 -5.91947224757e-05 -0.0512492280694
0.000718100028019 -1.56692235064e-05 -0.0509992905838
0.000718824018281 2.83307733709e-05 -0.0507493530982
0.000717626912229 7.21172081779e-05 -0.0504994156126
0.000713514318771 0.000115691515121 -0.050249478508
0.000696189789016 0.000160723998052 -0.0499994789034
0.000660585851053 0.000206707919718 -0.0497493554538
0.000611252974366 0.000250222036627 -0.0494992323877
0.000552694828976 0.000287919896325 -0.049249047593
0.000487956789962 0.000317178705397 -0.0489988006818
0.000423531715946 0.00033601188021 -0.0487485541563
0.000362631235052 0.000343543630291 -0.048498307245
0.000300718277138 0.000338765096112 -0.0482479978362
0.000233169147728 0.000319967116316 -0.0479976888107
0.000161325971852 0.000286228354568 -0.0477473801685
9.43454379596e-05 0.000238989419342 -0.0474970090312
4.31596399962e-05 0.000181310988504 -0.0472467625032
9.9454533343e-06 0.000115468473836 -0.0469965773155
-8.65763348242e-06 4.35114054517e-05 -0.046746454623
-1.19313326488e-05 -3.1401645894e-05 -0.0464963940423
1.30643607501e-06 -0.000105869074731 -0.0462463955734
2.77399775052e-05 -0.000176251673331 -0.0459964588329
6.58494911094e-05 -0.000239150304014 -0.04574652209
0.000116682669913 -0.000292300266082 -0.0454967087991
0.000178846532782 -0.000333911632047 -0.0452468955083
0.000252411825181 -0.000362874378038 -0.0449970814483
0.000336773245112 -0.000378256010528 -0.0447473287285
0.000421934415286 -0.000379065020709 -0.0444975756277
0.000497456746293 -0.000366186422414 -0.0442477604151
0.00056354516197 -0.000341951262048 -0.0439979448215
0.000622467182536 -0.000308561367577 -0.0437481292303
0.000668712704829 -0.000269061973851 -0.0434981894203
0.000696804188985 -0.000227239749003 -0.0432483121103
0.000713330060908 -0.000184397533547 -0.0429983105792
0.000728463272713 -0.000139757810134 -0.0427483711622
0.0007408928356 -9.44545394345e-05 -0.0424983692477
0.00074341893335 -5.04778524573e-05 -0.0422483681072
0.000735520946725 -7.42736873553e-06 -0.0419983669619
0.000723489091768 3.63095140556e-05 -0.0417483037049
0.000712292883531 8.09560853654e-05 -0.0414983025596
0.000700100238164 0.00012567608661 -0.0412482396836
0.000682830071053 0.000169998230628 -0.0409982389171
0.00066179712665 0.000213288074164 -0.0407481756481
0.000639577238878 0.000254571146746 -0.0404981123791
0.000611424443766 0.00029319949179 -0.0402480487195
0.000570447204487 0.000327922514529 -0.0399979854433
0.000519143275175 0.000356484262633 -0.0397478604386
0.000466482379066 0.00037726699055 -0.0394977362079
0.000413399138325 0.000389052748463 -0.0392476748581
0.000352913825909 0.000389226278508 -0.038997552168
0.00028776940105 0.000376015791595 -0.0387474298661
0.000231334676455 0.00035106438957 -0.0384973700594
0.000185868716708 0.000314718117756 -0.0382473110266
0.000139594416339 0.000263444004085 -0.0379971902677
8.94536464417e-05 0.000197041581129 -0.0377471320089
4.79031207868e-05 0.000121748286568 -0.0374970741335
2.68962415131e-05 4.40453715657e-05 -0.0372470787581
2.88417694078e-05 -3.26676439407e-05 -0.0369970833826
5.07194729758e-05 -0.000106076669257 -0.036747087619
8.60750978811e-05 -0.000173554272388 -0.0364970910863
0.000125766347144 -0.000232032246204 -0.0362470930104
0.000167680266109 -0.000278847786508 -0.0359970937771
0.000219486368943 -0.00031273187862 -0.0357470933889
0.000282522773664 -0.00033315266729 -0.0354970922267
0.000347978181135 -0.000340179154687 -0.0352470281836
0.000414354068603 -0.000334226267972 -0.0349969637546
0.000488105964235 -0.000314737595785 -0.0347468985565
0.000564109194327 -0.000282397450172 -0.0344967708608
0.000625162765296 -0.000242097970942 -0.0342467045054
0.00066474913416 -0.000198873643406 -0.0339966377641
0.000693978180787 -0.000152690871072 -0.0337465085253
0.000721994231981 -0.000102386063813 -0.0334964421722
0.000744306397092 -5.11446903728e-05 -0.0332463769741
0.000753092577968 -3.43475405273e-06 -0.03299631255
0.000750549903189 4.08834709767e-05 -0.0327463102376
0.000747509319599 8.52257988543e-05 -0.0324963086968
0.000746187115281 0.000129536079241 -0.0322462458182
0.000734456805281 0.000171167294492 -0.0319962454371
0.000705911331322 0.000210683977995 -0.03174624583
0.000670232266113 0.000250076751479 -0.0314962462229
0.000637263891753 0.000289240468701 -0.0312463087276
0.000605487240127 0.00032672192316 -0.0309963087347
0.000566556532891 0.000360628280407 -0.0307463716276
0.000514595452035 0.000388599935015 -0.0304964345204
0.000453110531054 0.000408705109734 -0.0302464977967
0.000389904428355 0.000420170417686 -0.0299965610706
0.0003273117638 0.000421993214336 -0.0297466243445
0.000264786722975 0.000412617535832 -0.0294966880066
0.000204735207976 0.000391417830649 -0.0292467516664
0.00014845108774 0.000357720357191 -0.0289967532143
9.45320152623e-05 0.000310062822342 -0.0287468161049
4.64801573666e-05 0.000249834555165 -0.0284968161074
1.25724708073e-05 0.000181865336336 -0.0282468153407
-3.08170160187e-06 0.000109914165847 -0.0279967509166
-8.65049830343e-07 3.62122682536e-05 -0.027746747447
1.82254312179e-05 -3.66685853016e-05 -0.0274966810916
5.25496003001e-05 -0.000105725546807 -0.0272466139671
0.00010175356346 -0.000167338847969 -0.0269966081804
0.000163689600886 -0.000218511073665 -0.0267465402818
0.000230345124269 -0.000257541083552 -0.0264965344903
0.000298971380864 -0.000282720974743 -0.0262465290846
0.00037307803146 -0.000292505197821 -0.0259965869456
0.000446685910409 -0.000287588500887 -0.0257466455782
0.000511912943166 -0.00027028490887 -0.0254967057516
0.000570257157108 -0.000241830070105 -0.0252467670823
0.000619296950648 -0.00020477440194 -0.0249968916822
0.000653072084924 -0.000163719972412 -0.0247470170561
0.000674592411377 -0.000120438210836 -0.0244971439707
0.000690224791354 -7.4242072419e-05 -0.0242472708877
0.000702578586672 -2.51500040123e-05 -0.0239973989621
0.000710626844639 2.51352334235e-05 -0.023747527427
0.000710765163407 7.34727617252e-05 -0.0234976562778
0.00070225842932 0.000118770952351 -0.0232477843593
0.000688928447127 0.00016282332643 -0.0229979116716
0.000675630501192 0.000207466719085 -0.0227481010981
0.000666376487988 0.000253162467049 -0.0224982287986
0.000659571855507 0.000298257496731 -0.0222483565015
0.000645557766981 0.000340107443752 -0.0219985459303
0.000615773882591 0.000377314036673 -0.0217486111332
0.000572185406988 0.00040999925794 -0.0214987376762
0.000525615004551 0.000439198951578 -0.0212488024908
0.00048373299542 0.000465531452963 -0.0209989294172
0.000442266109397 0.000486978161661 -0.0207489934603
0.000394578371597 0.00049993634717 -0.0204990575008
0.000339830749623 0.000501608814548 -0.020248996932
0.000276157845089 0.000488062571232 -0.019998935975
0.000203534251328 0.000455710104932 -0.0197487504086
0.000131291988927 0.00040671465847 -0.0194985015731
7.01721180131e-05 0.000346567770335 -0.0192482523493
2.49192105493e-05 0.000279122261304 -0.0189978777471
-3.233406009e-06 0.000206929680094 -0.0187475023708
-1.47051506572e-05 0.000132097847617 -0.0184971269971
-1.10154775648e-05 5.67928162069e-05 -0.0182466891233
7.07494456453e-06 -1.56767686835e-05 -0.0179962512496
4.13067330138e-05 -8.07128509818e-05 -0.0177458747161
9.31186053891e-05 -0.000134581738439 -0.0174954985684
0.000156284466301 -0.000176613892766 -0.0172451228089
0.000219416815707 -0.000207516202527 -0.0169948095446
0.000279870006538 -0.000226122303293 -0.0167445591637
0.00034676963381 -0.000228874009941 -0.0164943708946
0.000426904385934 -0.00021261011822 -0.0162442458972
0.000511477631834 -0.000179113396876 -0.0159942458949
0.000582046439792 -0.000135996833365 -0.0157442466641
0.000631253927957 -8.94636804143e-05 -0.0154943720451
0.000667958695666 -3.85648131406e-05 -0.0152444974262
0.000699644262095 1.86498147362e-05 -0.0149946849215
0.000723084831412 7.82266391081e-05 -0.0147448728025
0.000733365155863 0.00013411999866 -0.014495122412
0.000729930517794 0.000183139164703 -0.0142453099098
0.000715268476582 0.000225468861387 -0.0139954974075
0.000695665788099 0.000265278676571 -0.0137457470194
0.000677580807087 0.000306771311055 -0.0134959341314
0.000660247382324 0.000348708504823 -0.0132461208576
0.000638340073515 0.000387876702678 -0.0129963079695
0.000609646946183 0.000423798042716 -0.012746495079
0.000573553611741 0.000456631059126 -0.0124966818027
0.000526665729251 0.00048477631163 -0.0122468685239
0.000468614220389 0.000506955363684 -0.011997054857
0.000407994151511 0.000524483787035 -0.0117472411899
0.00035241278086 0.000538727649498 -0.0114974275229
0.00029971086564 0.000547704127055 -0.0112475521274
0.000246785807713 0.000548688127014 -0.0109976771177
0.000193489955576 0.00053987770629 -0.0107477403795
0.000137886575864 0.000517844900715 -0.0104978657531
8.19435435394e-05 0.000481243363345 -0.010247867289
3.37162702354e-05 0.000433984936624 -0.00999793016753
-2.28050222908e-06 0.00037889866224 -0.00974786920822
-2.62262860287e-05 0.000315755140227 -0.00949787151807
-3.59710230152e-05 0.000247036490307 -0.00924775037826
-2.80701626479e-05 0.000177313140187 -0.00899769250526
-3.65670473553e-06 0.000108259517576 -0.0087475721347
3.27219028313e-05 4.05204085013e-05 -0.00849745138076
7.88267019654e-05 -2.20656309833e-05 -0.00824732946709
0.000135963678621 -7.36968686081e-05 -0.00799726966762
0.000204480356126 -0.000110423211673 -0.00774714698478
0.000279315267952 -0.000131731656699 -0.00749708679954
0.000352365660577 -0.000139050184149 -0.00724708718294
0.000418621810839 -0.000133647428172 -0.00699702468538
0.000476077856376 -0.00011690155351 -0.00674702314226
0.000522513030276 -9.14376524183e-05 -0.00649702082757
0.000557245498448 -5.98518622292e-05 -0.00624703032157
0.000583086617662 -2.27480738008e-05 -0.0059970204107
0.000605033333285 2.16225727227e-05 -0.00574701026905
0.000625566414065 7.43293585423e-05 -0.00549699391668
0.000640078785792 0.000130519320803 -0.00524696529646
0.000642840691604 0.000182883593173 -0.00499693085129
0.000636326873022 0.000231359148174 -0.00474689069645
0.000627780699001 0.000281319156185 -0.00449684467688
0.000619299754528 0.000333138118416 -0.00424678658115
0.000606209691222 0.00038087559863 -0.00399672883116
0.000585262617232 0.000421516299916 -0.0037466713886
0.000561006393295 0.000459070590433 -0.0034966080428
0.000539673249027 0.000497408394983 -0.00324654519709
0.000518998872935 0.000534554669833 -0.00299647069941
0.000489945866469 0.000565714705526 -0.00274640310662
0.000447731766554 0.000588477029462 -0.00249634199439
0.000397704480199 0.000604636069141 -0.00224628678478
0.000347759360025 0.000616925564757 -0.00199623157549
0.000294696168429 0.000621641013665 -0.00174618292488
0.000229863831693 0.000610061218384 -0.00149617157949
0.000158920398823 0.000581871628808 -0.00124619117359
9.4585287085e-05 0.000543893178831 -0.000996242131563
3.74818242424e-05 0.000494960221326 -0.000746337610183
-1.53429711398e-05 0.000430427940242 -0.000496486702271
-5.8481693361e-05 0.000354601161446 -0.000246684164359
-8.47877077109e-05 0.000275995184733 3.08854331287e-06
-9.1348246026e-05 0.000199945845684 0.000252844174814
-7.89187803725e-05 0.00012799823479 0.00050258970883
-5.04517121053e-05 5.98999101757e-05 0.000752325887419
-7.42174444058e-06 -1.94737384919e-06 0.0010020699206
5.06689203826e-05 -5.29101759797e-05 0.00125183332038
0.000120312209959 -9.16560487978e-05 0.00150162249058
0.000194144553323 -0.000119061026635 0.0017514495837
0.000269667102576 -0.000132839365147 0.00200132686729
0.000348662817982 -0.000129215593488 0.00225127301395
0.000428014298227 -0.000108433448987 0.00250128161915
0.000499521038638 -7.50372651754e-05 0.00275135877811
0.000556170595382 -3.46912300933e-05 0.00300147366663
0.000597555773878 9.94844643806e-06 0.0032516265157
0.000629846584206 6.14282844531e-05 0.00350182349815
0.000655798559638 0.000120394406095 0.00375205165104
0.00066934960866 0.000178347812264 0.00400229164713
0.000665190205115 0.000225189669938 0.00425250594906
0.000647841352482 0.000261827177425 0.00450268823062
0.000626281001699 0.000297204833556 0.00475286950865
0.000604063658568 0.000335172638416 0.00500305661232
0.00057975771688 0.000373166928097 0.00525325008197
0.000552623933104 0.000409446905066 0.00550343112949
0.000523522882775 0.000444244103838 0.00575360527165
0.000492340218267 0.000476845864223 0.00600376645158
0.000457138024216 0.000505322063071 0.0062538965756
0.000417093086696 0.000529061778324 0.00650402118501
0.000375494848365 0.000550174160037 0.00675414540622
0.00033584968989 0.000570396143549 0.00700426962744
0.000294286945566 0.000586067090805 0.00725433173924
0.000241875463817 0.000588775130397 0.0075043926913
0.000177968666089 0.000574646867323 0.00775432787661
0.000115754543622 0.000551556346491 0.00800426345011
6.78865570936e-05 0.000530326535262 0.00825419863544
3.17780984273e-05 0.000508677129393 0.0085041330516
-2.73565252249e-06 0.000473313359067 0.00875400458198
-3.8960944879e-05 0.000415476912179 0.00900381284561
-7.10328453586e-05 0.000338734466587 0.00925362033768
-8.84618876353e-05 0.000257149423199 0.00950336494634
-8.49794071596e-05 0.00018200596488 0.00975310955499
-6.45298526379e-05 0.000110328875037 0.0100029795446
-3.36366328477e-05 3.72737626699e-05 0.0102527874224
8.01177290149e-06 -3.02496776386e-05 0.0105026574144
6.44448917635e-05 -8.18068663696e-05 0.0107525899016
0.000135158222853 -0.000114201877091 0.0110025247035
0.000212647621017 -0.000130929533331 0.0112525239343
0.000286033192859 -0.000137455447716 0.0115025872083
0.000348267233791 -0.000136738455766 0.0117525895254
0.000401450247462 -0.00012619137131 0.0120026558856
0.000453138016057 -9.94875004801e-05 0.0122527234032
0.000506554667927 -5.32168348392e-05 0.0125027913042
0.000556407112466 8.33223297335e-06 0.0127528595933
0.000594388213265 7.56998723146e-05 0.0130029274943
0.000615888666093 0.000140307346714 0.0132529325142
0.000622457967132 0.000199363174428 0.0135029359886
0.000619274384687 0.000255800807456 0.0137528761914
0.000609241852844 0.0003107255087 0.0140028156226
0.000592819404684 0.000361743633075 0.0142527542822
0.000571716500971 0.000408858206366 0.0145026921703
0.000547114362584 0.000451801476435 0.0147525671726
0.000519027420564 0.000489195783371 0.0150025038986
0.000489761719522 0.000523945083881 0.0152523785128
0.000461669478726 0.000558660482904 0.0155022535128
0.000431325872339 0.000589244728887 0.0157521289009
0.000390810709185 0.000608687479553 0.016002003901
0.000335743417 0.000614035122092 0.0162518789034
0.000271176335328 0.000609290386895 0.0165017539035
0.000207347181489 0.000601670256062 0.0167516289085
0.000149001931613 0.000593523523217 0.017001503911
9.2321713941e-05 0.000578906766186 0.0172513796851
3.33420589487e-05 0.000550313580516 0.0175013183426
-2.4533407487e-05 0.000507813906296 0.0177512566143
-7.48337666009e-05 0.000456756593886 0.0180011952742
-0.000114936639531 0.000398936221398 0.0182511964293
-0.000143719965061 0.000334645437697 0.0185012612417
-0.000158172104805 0.000268624335699 0.0187513275948
-0.000156344008942 0.000205214307538 0.0190013943337
-0.000139270643513 0.000143493960624 0.0192515235702
-0.000108538148308 8.2424213517e-05 0.01950171569
-6.50465898231e-05 2.46272262633e-05 0.019751908198
-9.85206884615e-06 -2.55795417766e-05 0.0200021007036
5.59944937974e-05 -6.3321675275e-05 0.0202522924377
0.000131605985733 -8.41118078558e-05 0.0205025466693
0.000214271166067 -8.63737292201e-05 0.0207527380151
0.000297078945581 -7.33252148904e-05 0.0210029274344
0.000371813897939 -4.9969698217e-05 0.0212531153106
0.000436050156168 -1.67530530239e-05 0.0215032399176
0.000490034858726 2.69765018772e-05 0.0217533012554
0.00052887988644 7.40840568274e-05 0.0220033625981
0.000550287663818 0.000118105730847 0.0222534227833
0.000561771057924 0.000165582434057 0.0225034200876
0.000569290890913 0.000223984196718 0.0227533541228
0.000569170765375 0.000285765765999 0.0230033495006
0.000556453285694 0.000337183780493 0.0232532827689
0.000532648450451 0.000375218358802 0.0235031535421
0.000503796160615 0.000409419463975 0.0237530871987
0.000474936998984 0.000449894290321 0.0240029595151
0.000446420662158 0.000494836703673 0.0242528950982
0.000414684483337 0.000533159685444 0.0245028314506
0.000376581722722 0.000558548251437 0.0247527056887
0.000332809200959 0.000574807315857 0.0250025795386
0.000288198161901 0.000590497049548 0.025252515886
0.000248433704535 0.000611897096318 0.0255023901193
0.000213292684955 0.000636780387397 0.0257523272335
0.000175135767353 0.000655174302162 0.0260022643476
0.000127609242623 0.000658661333518 0.0262521393476
7.15783653873e-05 0.000645676058208 0.0265019522381
1.42570499775e-05 0.000621949041192 0.026751827238
-3.59480014968e-05 0.000596788543897 0.0270016405119
-7.97313358407e-05 0.000567201727426 0.0272515158976
-0.000123889038361 0.000516175263495 0.0275013295596
-0.000165603861248 0.00044066782552 0.0277511424501
-0.000193635719211 0.000360164649006 0.0280008936146
-0.000202527792601 0.000288911385577 0.0282507068909
-0.000195444356886 0.000220269273209 0.028500582279
-0.000175669666841 0.000146349880991 0.0287504576671
-0.000142031019451 7.5395520858e-05 0.0290003334435
-9.35590151167e-05 1.70033211959e-05 0.0292502713293
-3.46575496524e-05 -3.22508452462e-05 0.0295002092175
2.78778910211e-05 -7.68644273202e-05 0.0297502096033
9.14131888745e-05 -0.000111336387085 0.0300002107583
0.000157042720714 -0.000127473001126 0.030250336525
0.000224362515688 -0.000122825747364 0.0305004626776
0.000291055186987 -9.84647272673e-05 0.030750713823
0.000355569064927 -5.42588440341e-05 0.0310010903518
0.000415659199036 8.94921996663e-06 0.0312515289899
0.000464773070648 8.2551693825e-05 0.0315020301257
0.000496179591265 0.000153673537606 0.0317524695378
0.000511207715052 0.000220103470849 0.0320028472216
0.000515078329919 0.000287919247104 0.0322531620196
0.000508930237109 0.000355458526326 0.0325035381579
0.000493159313602 0.000417829874441 0.0327538514127
0.000470254346971 0.000475310822301 0.0330041025533
0.000441976423736 0.000526007857027 0.0332542908106
0.000408932801681 0.000564236251725 0.0335044165727
0.000371550590494 0.000586942380044 0.0337544173372
0.000330371659502 0.000597106545648 0.0340043552231
0.000286841938897 0.000602800712697 0.034254292335
0.000242442964296 0.000609332959475 0.0345042294493
0.000196126028397 0.000613725146972 0.0347541044542
0.000145909025022 0.00061170800868 0.035003917352
9.30440790634e-05 0.000604752370478 0.0352537302499
4.07757898545e-05 0.000596343364709 0.0355035431477
-9.91021111523e-06 0.000585706679648 0.0357533560478
-6.10683479101e-05 0.000566544107655 0.0360030443386
-0.000113491350282 0.000533219597039 0.0362527326341
-0.0001628718253 0.000489176249806 0.0365023588178
-0.000203862530245 0.000442474879989 0.0367519842299
-0.000235472908301 0.000392968095266 0.037001670213
-0.000258738035582 0.000332784004403 0.0372512925364
-0.000271920639436 0.000260612594626 0.0375009129333
-0.000271138627037 0.000187857840428 0.0377505950538
-0.000254411206874 0.000125310079077 0.0380003404459
-0.000222386942195 7.23194447431e-05 0.0382502092876
-0.000176339748871 2.52708703159e-05 0.0385002004216
-0.000117621709488 -1.49459766164e-05 0.0387501907841
-4.89918553535e-05 -4.75301406724e-05 0.0390002440299
2.45793877023e-05 -7.39224492608e-05 0.0392502988189
9.80549338919e-05 -9.25589774635e-05 0.0395004176486
0.000169776604616 -9.58780228433e-05 0.0397506009025
0.00024015568263 -7.67924335534e-05 0.0400008493545
0.000305824680709 -3.85146541753e-05 0.0402511622306
0.000359664381542 7.20069311996e-06 0.0405014145333
0.000398317538536 5.35869258469e-05 0.0407516672218
0.000423409845206 0.000101866677491 0.0410019206794
0.000435777945338 0.000150107338616 0.0412521127944
0.00043629411256 0.000195114053863 0.0415023060645
0.000428287528112 0.00024225229367 0.0417524368369
0.000413696848348 0.000296481315864 0.0420026289448
0.000391856016602 0.000351710809596 0.0422527577811
0.000362859191215 0.000399363454795 0.0425028862292
0.000328454460806 0.000438780252814 0.0427530139082
0.000290541255252 0.000474049033707 0.0430030787014
0.000250501497228 0.000506530666894 0.0432531423397
0.000209259504636 0.000534330700719 0.0435032052064
0.000167105269778 0.00055519415131 0.0437532676896
0.000123551969255 0.000567766041871 0.0440032680611
7.85129729633e-05 0.000573896309579 0.0442532688232
3.3967106609e-05 0.000579695498092 0.0445032692018
-8.2396107442e-06 0.000588435341307 0.0447532695829
-5.03681997466e-05 0.000593365985814 0.0450032711237
-9.57098915757e-05 0.000585320197489 0.0452532105527
-0.000142748512064 0.000564984672857 0.0455031507557
-0.000188088297134 0.000536686744313 0.0457530909611
-0.000230987521086 0.000495630134439 0.0460029690547
-0.000270038801538 0.00043512406619 0.046252847534
-0.000300540436645 0.000360819294139 0.0465026642874
-0.000318187075585 0.0002859444867 0.0467524818123
-0.000321942055895 0.000214001695302 0.0470023618347
-0.000311881532906 0.000137869694134 0.0472521805169
-0.000287573690328 5.68179866424e-05 0.0475020609228
-0.000249426289485 -2.01593559735e-05 0.0477518784476
-0.000199112397873 -8.47682861181e-05 0.0480018190363
-0.000138797959993 -0.000132470336379 0.0482516967416
-7.07545020383e-05 -0.00016158490961 0.0485016978989
2.44046806211e-06 -0.000172526412209 0.0487516978988
7.78861071548e-05 -0.000165628723615 0.0490017584651
0.000152225726203 -0.000141994657328 0.0492518803691
0.000221223154018 -0.000105419110518 0.0495020011206
0.000280698643403 -6.04891489771e-05 0.0497521828313
0.00032870008562 -7.85205197901e-06 0.0500024251107
0.000366130042531 5.87202106906e-05 0.0502526666209
0.000393043188127 0.000143434452836 0.0505030319689
0.000405660381857 0.000233034224374 0.0507534594312
0.00040151953666 0.000305364000276 0.051003824403
0.000384285772209 0.000358452197026 0.05125406593
0.000358599621912 0.000409071491568 0.0515043093932
0.000326040425365 0.000460974135416 0.05175455479
0.000288310647922 0.00049971963372 0.0520047392349
0.000248135888351 0.000517851245373 0.0522548627253
0.000206632936527 0.000525333876599 0.052504924878
0.000163650983647 0.000533490957991 0.052754924914
0.000119621313596 0.000541919181047 0.0530049878262
7.49323444394e-05 0.000546012745217 0.053254988617
2.95462166337e-05 0.000545824034516 0.0535049894007
-1.64599759494e-05 0.000542124724384 0.0537549276819
-6.32884833288e-05 0.000532414361652 0.0540048659535
-0.000110958837102 0.000515256635421 0.0542547432658
-0.000158290794151 0.000492857603505 0.0545045588426
-0.000204055018882 0.000465751673486 0.0547543744073
-0.000247595906619 0.000430523871178 0.0550041282317
-0.000287271471711 0.000386867417491 0.0552538207109
-0.000320682624448 0.000339692675515 0.0555035135735
-0.000346370421164 0.000291333427538 0.0557531443291
-0.000363277439637 0.000240162049493 0.0560028379729
-0.00037003817329 0.000187380368523 0.0562524691262
-0.000365524646854 0.000136501228568 0.0565020998938
-0.000348478624773 8.60666569885e-05 0.056751792778
-0.000316914750351 2.97644488847e-05 0.057001485667
-0.000270036781986 -3.35696989509e-05 0.057251116449
-0.000210262244007 -9.40633211402e-05 0.0575008085713
-0.000141630413394 -0.00013978833937 0.0577505616456
-6.74650928955e-05 -0.000168435228878 0.0580004998956
8.72970107833e-06 -0.000182965744681 0.0582504991025
8.3183706456e-05 -0.000181101897566 0.0585006221496
0.000152978809502 -0.000160571350757 0.0587508686559
0.000214908842064 -0.00012734485233 0.059001176893
0.000266280423352 -8.54157785873e-05 0.0592515476349
0.000306586770078 -2.93139870935e-05 0.0595019804934
0.000334986824321 4.22942551935e-05 0.0597526000707
0.000349489797997 0.000118933074672 0.0600031579268
0.00034966877282 0.000188816281863 0.0602536544475
0.000337365585464 0.000248174590415 0.0605040888637
0.000314948836766 0.000299613085743 0.0607544615586
0.00028440629363 0.000344675337458 0.0610047729181
0.000247345343005 0.000384658804423 0.0612550217896
0.000204606939569 0.000423779627036 0.0615052089399
0.000157871341996 0.000460235001854 0.061755458202
0.000110069847981 0.000487860041181 0.0620055828499
6.22934414757e-05 0.000509402020305 0.0622557075001
1.51544605839e-05 0.00052883695693 0.0625056442647
-2.93948059174e-05 0.000538245887567 0.0627556442888
-7.17213044493e-05 0.000529421738306 0.0630056443127
-0.000114499133906 0.000509476085302 0.0632556443367
-0.000158238805871 0.000491340190755 0.0635050232187
-0.000201933983389 0.000474684414864 0.0637550232426
-0.000245453515977 0.00044959624666 0.0640050232187
-0.000288115245905 0.000412910208718 0.0642544021005
-0.000328094298802 0.000366621849477 0.0645043982425
-0.000363215594293 0.00030962293276 0.0647537771004
-0.000390950502326 0.000242058968864 0.0650031559581
-0.000409044070036 0.000168616387922 0.0652525309821
-0.000416291039157 9.54828089914e-05 0.065502530958
-0.000412659407217 2.87125256731e-05 0.0657519059581
-0.000397988011026 -3.10439410352e-05 0.066001284816
-0.000370406627091 -8.98656704384e-05 0.0662512809341
-0.00032887814157 -0.000148729215481 0.0665006597922
-0.000275722941899 -0.000199281562115 0.0667506559341
-0.000214024390555 -0.000234277132347 0.0670006559102
-0.000145664997828 -0.000252554991315 0.0672506520285
-7.23426858952e-05 -0.000256581387187 0.0675006520285
3.03496433711e-06 -0.00024947920944 0.0677506481467
7.59017564465e-05 -0.000228382389931 0.0680006481227
0.000142219069891 -0.00018439778026 0.0682512692167
0.000199531880444 -0.000118739333651 0.0685012692169
0.000245164465142 -4.85921739416e-05 0.0687518941688
0.000276896230317 1.59921399433e-05 0.0690018941449
0.000294025279211 8.39286250985e-05 0.0692518980027
0.000296389597254 0.000157720548831 0.0695025229547
0.000285704073838 0.00022166077759 0.0697525267887
0.000265344321855 0.000268153900739 0.0700025267887
0.000236510357941 0.000308361374126 0.0702525306226
0.000199077248353 0.000350184898819 0.0705025344805
0.000155297012048 0.00038835422387 0.0707525344805
0.000108625709167 0.000416841119635 0.0710025383384
6.14676206387e-05 0.000434611319346 0.0712525383385
1.58389912242e-05 0.000440627781288 0.0715025422204
-2.75469666557e-05 0.000435259177665 0.0717525422204
-7.119531476e-05 0.000426022933692 0.0720025422443
-0.000117530461232 0.000422355240583 0.0722525461262
-0.0001644775408 0.000421964443836 0.0725025461741
-0.000208864615331 0.000411964903977 0.0727525461981
-0.000251198445489 0.000388993722902 0.073002546222
-0.000293044176772 0.000366686909998 0.0732525501278
-0.000334162008092 0.00035570697933 0.0735025501519
-0.000373485533912 0.000346996362 0.0737525501759
-0.000409290660983 0.000322143300746 0.0740025501999
-0.000438918498427 0.000274534441971 0.0742525540817
-0.000460432111004 0.000213696194756 0.0745025541058
-0.000472861868988 0.00014943870469 0.0747525541298
-0.000474345916749 8.23566912315e-05 0.0750031791057
-0.000463463563631 1.42266080532e-05 0.0752531791298
-0.000441222183547 -4.74867260894e-05 0.0755031829876
-0.000407471463219 -0.000101358959232 0.0757531829876
-0.00035870830011 -0.000154417184306 0.0760031868216
-0.000293857200682 -0.000208621704945 0.0762531868216
-0.000218831822964 -0.000253838712612 0.0765031867976
-0.000141591161374 -0.000277736767254 0.0767531867976
-6.54452664182e-05 -0.0002783230522 0.0770025656556
9.41162374929e-06 -0.000263178216218 0.0772525656556
8.04200571713e-05 -0.000236981861674 0.0775019406556
0.000142857597677 -0.00019535304786 0.0777519406317
0.000193550727282 -0.000134989517576 0.0780013117979
0.000231325892076 -6.25462344872e-05 0.0782513079161
0.000255719739045 1.13937084585e-05 0.0785006790583
0.000266900268705 7.99653052746e-05 0.0787506751763
0.000265372955858 0.000142654911262 0.0790000463186
0.000250950871781 0.000204611163102 0.0792500424368
0.000223726188916 0.000267665511229 0.0795000385788
0.000185725713623 0.000327179809872 0.0797500346969
0.000138655328169 0.000381838293301 0.0800000308151
8.46101524117e-05 0.000430570254071 0.0802500269571
3.06944318268e-05 0.000463209913169 0.0805000269571
-1.76473520346e-05 0.000475478843108 0.0807500269331
-6.42619056387e-05 0.000479473993322 0.0810000269329
-0.000111935053374 0.000482842657342 0.0812506480749
-0.000156243103198 0.000478708657558 0.0815006519328
-0.00019587560955 0.00046395199585 0.0817506557907
-0.000234567733077 0.000445426334982 0.0820012769326
-0.000273364628607 0.000425797766374 0.0822512808145
-0.000310854221079 0.000400841222311 0.0825012808145
-0.000346437840133 0.000368375257825 0.0827519058143
-0.000379295107854 0.000327406204714 0.0830019096724
-0.000407972832625 0.000277041059158 0.0832519096963
-0.000432189068249 0.000223558207022 0.0835025346963
-0.000452663016581 0.000175372989567 0.0837525385782
-0.000468029183867 0.000130150383299 0.084002542436
-0.000473557385322 7.75499019857e-05 0.0842525424601
-0.000464819254163 1.34521614276e-05 0.084502546318
-0.000443538211233 -5.12122539839e-05 0.0847525501999
-0.000416251636387 -0.000100871936479 0.0850025540577
-0.000383130755091 -0.000135689931324 0.0852525579156
-0.000335058672829 -0.000170002152343 0.0855025617735
-0.000266829453016 -0.000210214313408 0.0857525656314
-0.000186597613714 -0.000244742151144 0.0860025656314
-0.00010782135321 -0.000256228486547 0.0862525656314
-3.60788926351e-05 -0.00023877322746 0.0865019445134
3.14211707234e-05 -0.000201387641353 0.0867519445134
9.57236575705e-05 -0.000154914554749 0.0870019406315
0.000151888856563 -9.96787600815e-05 0.0872519367736
0.000195050105976 -3.30152303353e-05 0.0875019329158
0.000224723432433 3.72768326509e-05 0.0877513079159
0.000241834486214 0.000101480366976 0.0880013040341
0.000245550019227 0.000161000790926 0.0882513001522
0.000234903827228 0.000220285606642 0.0885012924125
0.000211309420141 0.00027711195882 0.0887512885546
0.000178510853551 0.000325199248002 0.0890012846728
0.000140070618909 0.000361399856261 0.0892512807908
9.54568994777e-05 0.000391034159246 0.0895012807908
4.23454999251e-05 0.000420316258905 0.089750655791
-1.58487022676e-05 0.000445448980995 0.090000655791
-7.19357344759e-05 0.00045885202743 0.090250655767
-0.000122699963627 0.000459468826002 0.090500655767
-0.000169152229382 0.000450927652306 0.090750655767
-0.000214138505317 0.000438293240339 0.091000655767
-0.000259997891373 0.000426186528536 0.091250034673
-0.000304946496608 0.000413440907413 0.091500034673
-0.000345981898391 0.000394996819726 0.091750034673
-0.000383871297689 0.000371131928546 0.0920000346969
-0.000421461614208 0.000348089402906 0.0922500346969
-0.000459184924928 0.000327947242669 0.0924994135789
-0.00049312645337 0.000300919580727 0.0927494135789
-0.000518120153192 0.000255940650681 0.0929994135551
-0.000532609271823 0.000195330390243 0.093249417413
-0.000536392330671 0.000126064986359 0.093499417413
-0.00052783859755 5.13494983179e-05 0.093749417413
-0.000507897714348 -2.19951451799e-05 0.093999421247
-0.000478960562195 -8.72943413076e-05 0.094249421247
-0.000440485151898 -0.000144030128409 0.0944994251049
-0.000389979268705 -0.000194219118347 0.0947494251049
-0.000325140252079 -0.000239448181154 0.0949994289628
-0.000248765577844 -0.000276363190864 0.0952500500808
-0.000169822884859 -0.000296603034064 0.0955000539387
-9.53724641644e-05 -0.000295073613383 0.0957506750568
-2.65297666715e-05 -0.000273655374586 0.0960006750568
3.69094608982e-05 -0.000236804403946 0.0962513000327
9.25723479898e-05 -0.000186860200114 0.0965013000567
0.000137334289045 -0.00012539356662 0.0967519211747
0.000169157586956 -5.54534981998e-05 0.0970019211987
0.000185296999495 2.24082802827e-05 0.0972519173647
0.000183058088573 0.000108875705748 0.0975019173887
0.000164137929524 0.000196255438765 0.0977525346728
0.000134096157679 0.000271892351337 0.0980025308629
9.67527958806e-05 0.000331099656531 0.0982525309108
5.31748314987e-05 0.000376323618455 0.0985019059588
4.51172550889e-06 0.000409889319249 0.0987519021251
-4.77118179432e-05 0.000433293070582 0.099001902149
-0.000101641341992 0.000447478727881 0.0992518983391
-0.000154470745141 0.000452231716567 0.0995018945052
-0.000203688171173 0.000447636537164 0.0997512734111
-0.000249464081424 0.000436008391199 0.100001273435
-0.000293088116319 0.000419976566085 0.100251273435
-0.000333609178116 0.000399362346328 0.100501273435
-0.000370231899844 0.000373437420967 0.100751269554
-0.000404338174322 0.000343449048353 0.10100126953
-0.000436878126571 0.000310521809265 0.101251269506
-0.000467242751102 0.000274201955301 0.101501265624
-0.000494973051117 0.000234513670145 0.101751265576
-0.000520428633853 0.000193501111203 0.102001265552
-0.000542323568768 0.000150541182924 0.102251265528
-0.000555839651509 9.92647005379e-05 0.102501269362
-0.000558096830437 3.84548722309e-05 0.102751269338
-0.000554138793852 -2.01285492486e-05 0.103001269314
-0.000550021223764 -6.65835237603e-05 0.103251269313
-0.000541543695557 -0.000106436237034 0.103501273147
-0.000519289664488 -0.000148688212341 0.103751273147
-0.000481023550751 -0.000191716282898 0.104001277005
-0.000428860375888 -0.00023003886737 0.104251280863
-0.000363163175636 -0.000261349203242 0.104501284721
-0.00028885403923 -0.000280817655896 0.104751288578
-0.000215231385356 -0.000281482440384 0.105001288578
-0.000144093013754 -0.000263711171237 0.105251292436
-7.09859185463e-05 -0.000235040108678 0.105500675176
2.25338043048e-06 -0.000200108400497 0.105750679034
6.6832955937e-05 -0.000157045683925 0.106000682892
0.00011619599333 -0.000103837936328 0.106250682892
0.00014914546757 -4.29623577086e-05 0.106500061774
0.00016576548616 2.23238006746e-05 0.106750061774
0.000165033819494 9.12606215227e-05 0.107000061774
0.000147476227152 0.000161364884093 0.107250061774
0.000116518676094 0.000226714794483 0.107500057892
7.47304190359e-05 0.000284117781514 0.107750057892
2.24871374475e-05 0.000334098388267 0.108000054035
-3.63696473085e-05 0.000373732276468 0.108250050153
-9.41162070562e-05 0.000397766845987 0.108500046295
-0.000147575203852 0.000407031919703 0.108750042437
-0.000200629318396 0.000407977724586 0.109000038579
-0.000258474770941 0.000406546025071 0.109250034698
-0.000321496175839 0.000404537234899 0.109500034698
-0.00038266009067 0.000398902164198 0.109750030864
-0.000434023148919 0.000385794969956 0.110000030864
-0.000474318186594 0.000364863420029 0.110250030888
-0.000506303029465 0.000337486433541 0.110500027078
-0.000531939632452 0.000303794964502 0.110750027102
-0.000552021398723 0.000262928597946 0.111000648244
-0.000566710798905 0.000214228862558 0.111250648292
-0.000577400796284 0.000160230932146 0.111500644458
-0.000586178030663 0.000105929031929 0.111750644482
-0.000590430520154 5.04820896391e-05 0.112000644506
-0.000585031972103 -9.74310331865e-06 0.11225064453
-0.000570505158496 -7.09020603631e-05 0.112500644554
-0.000549007229753 -0.000128061776459 0.112750644578
-0.000518132732095 -0.00018157067174 0.113001261838
-0.000476346436096 -0.000230590258968 0.113251261838
-0.000423998724235 -0.000272670029726 0.113501261838
-0.000359902165628 -0.000306960584872 0.113751261814
-0.000287551782247 -0.000329997956674 0.114001261814
-0.000217647224024 -0.00033507704139 0.114251261814
-0.000156048037691 -0.000319495920409 0.11450126179
-9.71392762592e-05 -0.000287998351966 0.114751265647
-3.54903797389e-05 -0.000246807373052 0.115000644505
2.30107547039e-05 -0.000196474791929 0.115250644481
6.84327348565e-05 -0.000134099383416 0.115500644457
9.84859053873e-05 -6.20373315315e-05 0.115750644409
0.000115306219284 1.28435616704e-05 0.116000027125
0.000116278411889 8.90622681113e-05 0.116250027077
9.62077159207e-05 0.00016948562924 0.116499405911
5.69890160046e-05 0.000249548446139 0.116748784745
8.54094455338e-06 0.000317151479138 0.116998788579
-4.08163111316e-05 0.000365180085387 0.117248167413
-8.91040091538e-05 0.000395241201914 0.117498167341
-0.00013802045425 0.00041236650326 0.117747550033
-0.00019079437844 0.000421606400647 0.117997549985
-0.000246313677932 0.00042382884644 0.118247549961
-0.000297331779352 0.000416265703395 0.118496932653
-0.000340455472965 0.000399183855421 0.118746932653
-0.00037891600109 0.000376084166863 0.118996932629
-0.000416724590894 0.000350068178925 0.119246932653
-0.000456374234228 0.000323347831858 0.119497557629
-0.000496640507046 0.000296443186888 0.119747557677
-0.000532322878415 0.000267024643413 0.119997557701
-0.000559118418736 0.000231708686897 0.120247557749
-0.000577682565227 0.000189650715988 0.120497557797
-0.000593116549152 0.000144958972239 0.120748178963
-0.000610059217586 0.000103091141354 0.120998179011
-0.000626946499356 6.37909951259e-05 0.121248179059
-0.000638124131775 2.24166490771e-05 0.121498800201
-0.000640422194676 -2.26354866095e-05 0.121748800225
-0.000634206672708 -6.90633163264e-05 0.121999421367
-0.00061973326053 -0.000114419920947 0.122249417509
-0.000592029214023 -0.000159784272888 0.122500038651
-0.000544061620422 -0.000206226000843 0.122750659793
-0.000480667846895 -0.000247013615167 0.123000659793
-0.000414565344423 -0.00027325889156 0.123251277053
-0.000346432060826 -0.000284358283281 0.123501277053
-0.000269034478003 -0.000283617784976 0.123751277053
-0.000184299985976 -0.000270849072469 0.124001273195
-0.000101609593953 -0.000244182232896 0.124250652077
-2.91456028576e-05 -0.00020321018903 0.12450064822
2.8397299982e-05 -0.000149092565071 0.124750027101
7.00717363314e-05 -8.47374033679e-05 0.124999405983
9.72243518073e-05 -1.47725267146e-05 0.125249402149
0.00010995707884 5.68978477998e-05 0.125498781031
0.000104050403629 0.000130676780207 0.125748159913
7.50083414686e-05 0.000208183158144 0.125997538819
2.77966199571e-05 0.000283111684851 0.126246917701
-2.50754988045e-05 0.000344038510315 0.126496913843
-7.76560359955e-05 0.000387346350415 0.126746292749
-0.000133470280256 0.000417645531933 0.126996292749
-0.00019639310863 0.000438978807983 0.127246292749
-0.000266166928692 0.000452210286343 0.127496292749
-0.000338937114717 0.000456574011002 0.127746292749
-0.000407851729235 0.000450962384213 0.127996913843
-0.00046511451573 0.000434978121206 0.128246913843
-0.000506193963514 0.000409821797901 0.128497538795
-0.000534557590691 0.000378617671371 0.128747538771
-0.000558888397593 0.000345177691413 0.128998159841
-0.000583560686528 0.000311520110703 0.129248780935
-0.000605956635753 0.000276864183494 0.129498780911
-0.000622330601812 0.000239058373545 0.129749405839
-0.000632097578056 0.000196922952875 0.130000026933
-0.000637724585146 0.000151699105614 0.130250026909
-0.000641120043944 0.000105399910039 0.130500651861
-0.000639934589177 5.75211661373e-05 0.130751272955
-0.000629204269022 5.98404054606e-06 0.13100189405
-0.000605688903319 -4.91957773156e-05 0.131252515168
-0.000568930217263 -0.000105311350152 0.131502519026
-0.000522038009953 -0.000157614853749 0.131753140144
-0.000473766723167 -0.000199728530172 0.13200376512
-0.000432209954818 -0.000227715593995 0.13225376512
-0.000392706724703 -0.000243849175698 0.13250376512
-0.000342435326799 -0.000251714741096 0.132753769002
-0.00027777564732 -0.000250362927681 0.133003769002
-0.000206324228878 -0.000236288691047 0.133253769026
-0.00013780179261 -0.000207106935193 0.133503147908
-8.01698626307e-05 -0.000161887013697 0.133752526814
-3.50505137653e-05 -0.000101971476063 0.134001905695
3.8778509373e-06 -3.2567371202e-05 0.134251284601
3.95301077981e-05 3.98601054444e-05 0.134500663507
6.39245870564e-05 0.000113122004712 0.134750038531
6.942439979e-05 0.000187209348913 0.134998792461
5.8198302018e-05 0.000258363935068 0.135248171367
3.47809302738e-05 0.000322050762345 0.135497546415
1.03366906777e-07 0.000376834292664 0.135746921439
-4.56070082474e-05 0.000422470321591 0.135996296487
-0.000101956378932 0.000458943522094 0.136245675392
-0.000165628885135 0.000484970697452 0.136495050441
-0.000227786112304 0.000497729726799 0.13674505044
-0.00028386808678 0.000497695005699 0.13699505044
-0.000339010536815 0.000488830450432 0.137244429346
-0.000394373548833 0.000472917452155 0.137494429346
-0.000441652039953 0.000449377003449 0.137744429346
-0.000478278744964 0.000419457713878 0.13799505044
-0.000512233975143 0.000386063097247 0.13824505044
-0.000548513023541 0.000351252969996 0.138495050416
-0.000583689837713 0.000315515352572 0.13874505425
-0.000613234144928 0.000278657574958 0.138995675368
-0.000637107720064 0.000240866870234 0.139245675344
-0.000658145778682 0.00020315338497 0.139495679202
-0.000677021804633 0.000165737866586 0.139746300296
-0.000688954938697 0.000126021896095 0.139996300272
-0.000686186667885 7.98441715224e-05 0.140246925249
-0.000666968468092 2.74913276638e-05 0.140497546343
-0.000639888225292 -2.45082252162e-05 0.140747546343
-0.000611430253887 -7.12556711404e-05 0.140998171295
-0.000575616733671 -0.000113787084299 0.141248792413
-0.000523893843192 -0.000152848569272 0.141499417389
-0.000456730070291 -0.000185156312947 0.141749417389
-0.00038084357574 -0.000206404555356 0.142000042365
-0.000303519979481 -0.000213785388253 0.142250663483
-0.000231613246008 -0.000205975453048 0.142500663483
-0.000165944898767 -0.000183366553872 0.142750667317
-0.000100914621312 -0.000147494822341 0.143000667317
-3.76254358924e-05 -9.98450873786e-05 0.143250667317
1.43455227639e-05 -4.16625413819e-05 0.143500667317
4.88872487304e-05 2.53610882011e-05 0.143750667317
6.52864951687e-05 9.86797370561e-05 0.144000046199
6.18666973844e-05 0.000175988921883 0.144250046199
3.60700717085e-05 0.000255462809915 0.144499425081
-7.85937228373e-06 0.000332524273072 0.14474942508
-5.88581988042e-05 0.000399459600286 0.144998803962
-0.000111611837267 0.000452063803135 0.145248803962
-0.000167700012433 0.000490683158603 0.145498803962
-0.000226111328753 0.000515623806692 0.145748182868
-0.000287295961435 0.000528198185317 0.145998182868
-0.000354603862971 0.000530410533971 0.14624817901
-0.00042378617552 0.000522137312532 0.14649817901
-0.000484998681706 0.00050324287268 0.146748179034
-0.000535485427433 0.000475864532562 0.146998175176
-0.000578405225212 0.000442731208678 0.1472481752
-0.000612943003637 0.000405648836013 0.1474981752
-0.000638262604802 0.000366012713762 0.147748171366
-0.000657549015603 0.000324875615091 0.147998171366
-0.000669709637133 0.000282418630076 0.148248171366
-0.000671087194519 0.000237636698349 0.148498167508
-0.000665165653137 0.000190037793957 0.148748167508
-0.000659529451329 0.000141296570072 0.14899816365
-0.00065602720502 9.31999058799e-05 0.14924816365
-0.000649468212036 4.52956234708e-05 0.14949816365
-0.000635114466788 -3.25371780441e-06 0.149748159792
-0.000614678492144 -5.08552734475e-05 0.149998159792
-0.000593267078541 -9.46752875072e-05 0.150248159769
-0.000571563076485 -0.000133710454558 0.150498159769
-0.000541968013834 -0.000169001975563 0.150748155911
-0.000495631484356 -0.000200256128143 0.150998155911
-0.000435489069779 -0.000223900180744 0.151247534793
-0.000373177490081 -0.000236191670781 0.151497534793
-0.000310380895539 -0.000235868033242 0.151747534793
-0.00023989000344 -0.00022211445553 0.151996913675
-0.000165257322988 -0.000194022133664 0.152246917533
-0.000101419303886 -0.000152049297809 0.152496917533
-5.66401893328e-05 -9.7505870256e-05 0.152746917533
-2.60048101252e-05 -3.20445164565e-05 0.152996300273
-2.24020278562e-06 4.10523794149e-05 0.153246300273
1.46407889421e-05 0.000117125833897 0.153496304131
2.02247625958e-05 0.000191891234086 0.153746304131
1.28747273368e-05 0.000261754798276 0.153996304131
-6.72855026553e-06 0.000323865498241 0.154246307989
-4.11359795999e-05 0.000377393143653 0.154496307989
-9.3715603332e-05 0.000422394309441 0.154746307989
-0.000158809173406 0.000456503178793 0.154996929107
-0.000224080860047 0.000476627917426 0.155246929107
-0.00028460690774 0.000482993293415 0.155496929131
-0.000344036238829 0.000477840795957 0.155746929131
-0.00040549287451 0.00046266857155 0.155996929107
-0.000469548610768 0.000438331252288 0.156246929107
-0.000532247716525 0.000405833227727 0.156496929107
-0.00058360241693 0.000367316416747 0.156746929107
-0.000617214367102 0.000325662474904 0.156996929107
-0.000638267504263 0.000282534744815 0.157246929083
-0.000655273879019 0.000238327473644 0.157496929083
-0.000669207906811 0.000193690380475 0.157746929059
-0.000676577643415 0.000149020392358 0.157996929058
-0.00067760575166 0.000104026159293 0.158246925177
-0.000675455622375 5.86302296294e-05 0.158496925176
-0.000669467828231 1.28410715631e-05 0.158746925152
-0.000654997373871 -3.39965952353e-05 0.158996304034
-0.000632508999026 -8.12331378782e-05 0.159246304034
-0.000608260649268 -0.000126547479615 0.159496304034
-0.000581043911872 -0.000169086247357 0.159745682916
-0.000542698152476 -0.000208771219859 0.159995682916
-0.00049244649899 -0.000243408026067 0.160245682916
-0.000433139541584 -0.000270288643185 0.160495057964
-0.000361457266378 -0.000287031089841 0.160745057964
-0.000277482970908 -0.000290902047094 0.160995057988
-0.00019427053592 -0.000280782074621 0.16124443687
-0.000127846433297 -0.000258301036924 0.161494433013
-8.13919669539e-05 -0.000224910959864 0.161744433037
-4.36604686524e-05 -0.000179553378935 0.161994433037
-4.79312003013e-06 -0.000121515714055 0.162245050321
2.95765710918e-05 -5.38248048994e-05 0.162495050321
4.54019426987e-05 1.90680465096e-05 0.162745671463
3.81074674996e-05 9.43580376747e-05 0.162995671463
1.47716174029e-05 0.000169023347125 0.163246292581
-1.93893637795e-05 0.00023878335789 0.163496913723
-6.64476173975e-05 0.000300197650732 0.163746917581
-0.000125675272978 0.000350593183199 0.163997542581
-0.000188126954946 0.000387144956887 0.164247546439
-0.000247825394889 0.000408844395231 0.164498171415
-0.000307192694127 0.000416760012465 0.164748175297
-0.000367292050626 0.000412042488001 0.164998179155
-0.000425324376275 0.000395819505676 0.165248183013
-0.000476359858903 0.000369927707653 0.16549818687
-0.000514797942847 0.000337112159582 0.165748186846
-0.000544737737564 0.000299263928931 0.165998190704
-0.000576445001849 0.000256093305381 0.16624819068
-0.000608273744259 0.00020877607657 0.16649819068
-0.000630499457493 0.0001607392202 0.166747573396
-0.000642005097402 0.000113487552998 0.166997573396
-0.00064773181264 6.65918574137e-05 0.167247569514
-0.000647855714129 2.02391963118e-05 0.167497569514
-0.000640109136226 -2.55326735656e-05 0.167746948396
-0.000626388797655 -7.133225471e-05 0.167996944538
-0.000611921548122 -0.000117062474047 0.16824632342
-0.000600588058101 -0.000161770348758 0.168496319562
-0.000590867894897 -0.000204827040108 0.168746319562
-0.000576234212486 -0.000246228758822 0.168995694586
-0.000550763394482 -0.000285519017711 0.169245690728
-0.000511268902594 -0.000321133415854 0.169495690752
-0.000456743940726 -0.000350439539746 0.169745065776
-0.000393303800936 -0.000370863215457 0.169995061918
-0.000332643954001 -0.000381550601907 0.170245058061
-0.000274130845892 -0.0003813603506 0.170494433085
-0.000203616556038 -0.000365695781709 0.170744429227
-0.000120457646449 -0.000331799556041 0.170994425369
-4.36240535556e-05 -0.000283751553757 0.171244421512
1.217795044e-05 -0.000226978919653 0.171494417654
4.72579899022e-05 -0.000163104920524 0.171744417654
6.82239309619e-05 -9.22620045977e-05 0.171994417654
7.97425461191e-05 -1.64734018099e-05 0.172244417654
8.13645913833e-05 5.98084563014e-05 0.17249504263
6.84455613338e-05 0.000131771556396 0.172745046488
3.82577915419e-05 0.000196178491105 0.172995050346
-5.76449666141e-06 0.000250883328591 0.173245054179
-5.94123373023e-05 0.000294033521318 0.173495679155
-0.000122769139071 0.000324287807297 0.173745683013
-0.000195077031001 0.000340799639507 0.173995690729
-0.000271502127576 0.000343276780396 0.174245694563
-0.000348568251973 0.000332036275287 0.174496315681
-0.000425661083789 0.000307573250603 0.174746319539
-0.000499411525516 0.000271263267499 0.174996319515
-0.00056101035912 0.000226888969174 0.175246319515
-0.000602513886512 0.000179820231451 0.175496319515
-0.00062526824046 0.000133248400689 0.175746315657
-0.000637024666712 8.71884079465e-05 0.175996315657
-0.000641216599993 4.18697920008e-05 0.176246311799
-0.000638480530229 -2.14074095405e-06 0.176496311799
-0.000634807016061 -4.66440862553e-05 0.176746307941
-0.000634043203086 -9.22085327688e-05 0.176996307941
-0.000628839130566 -0.000136232458944 0.177246304083
-0.000611768264466 -0.000177772151564 0.177496304083
-0.000587336770246 -0.000218578392222 0.177746300225
-0.000562358492168 -0.000259178882981 0.177996300249
-0.000533741589036 -0.000298431017378 0.178246296391
-0.000494669385683 -0.00033473268727 0.178496292533
-0.000444043943167 -0.000366397948387 0.178746292557
-0.000385518685165 -0.000391694572977 0.178996288699
-0.000324265567746 -0.000409397964495 0.179246288699
-0.000264825577299 -0.000418899773255 0.179496288723
-0.000207074829681 -0.000419011419227 0.179746905984
-0.000146981270144 -0.000407005328922 0.179996905984
-8.37744904695e-05 -0.000380644411107 0.18024690215
-2.4237967101e-05 -0.000341098376926 0.180497523268
2.06731326016e-05 -0.000292919223499 0.18074751941
4.40109955212e-05 -0.00023997120906 0.180998140528
4.95644334667e-05 -0.000181051119085 0.18124813667
4.73796913364e-05 -0.000112756790293 0.181498757812
4.10713416614e-05 -3.70295960433e-05 0.181748757812
2.39438726618e-05 3.85374344649e-05 0.18199937893
-1.00898525438e-05 0.000107523745781 0.18224999619
-5.73011068002e-05 0.000167186772085 0.182499996166
-0.000111600103774 0.00021543454492 0.182749996166
-0.000173400680874 0.000249746048599 0.183000617284
-0.000241027433068 0.000269058418219 0.183250617284
-0.000304888163137 0.000274670299787 0.183499996166
-0.000359814890199 0.000268507314118 0.183749996142
-0.000409355978641 0.000251356788659 0.184
-0.000453996590443 0.000224649291498 0.18425
-0.000487174136981 0.000192425143196 0.1845