1480
-0.000378571906291 -0.000517220528943 -0.185
-0.0003341712713 -0.000528660094563 -0.18475
-0.00029053676022 -0.000544438490166 -0.1845
-0.000247322153148 -0.000561674606974 -0.18425
-0.000201577990208 -0.000574453111556 -0.184
-0.000152221566057 -0.000580684072967 -0.183749378882
-0.000101681702795 -0.000582402376738 -0.183499378882
-5.38676156589e-05 -0.000583132898089 -0.183249378906
-9.85344522142e-06 -0.000583118895088 -0.182999378906
3.42327303007e-05 -0.000575744751956 -0.182749378906
8.1258586537e-05 -0.000553607178 -0.182498757812
0.000128172869605 -0.000516599208574 -0.182248753955
0.000168642807675 -0.000471325005967 -0.181998753979
0.000197145784979 -0.000426495240641 -0.181748750121
0.000212453596039 -0.000384029277914 -0.181498125145
0.000217556319009 -0.000333694955763 -0.181248117454
0.000214147525797 -0.000265608769608 -0.180998113596
0.000200178843973 -0.000183670192264 -0.18074810588
0.00017318664372 -0.000100130657241 -0.180497477046
0.000132707650143 -2.54442306336e-05 -0.180247473189
7.87391500705e-05 3.17080686859e-05 -0.17999746933
1.12642443553e-05 6.55956302231e-05 -0.179746840497
-6.57238058963e-05 7.96545643765e-05 -0.179496836639
-0.000143156561478 8.30890588277e-05 -0.179246828923
-0.000212756893765 8.14835241413e-05 -0.178996203923
-0.000271547427721 7.44159948398e-05 -0.178746200041
-0.000322454433315 5.61790405024e-05 -0.178496196183
-0.000370443798198 1.91559437257e-05 -0.178245571183
-0.000414589633232 -3.62970397833e-05 -0.177994946183
-0.000447937301998 -9.90932730909e-05 -0.177744317325
-0.000466101686807 -0.000158615943322 -0.177493692325
-0.000471073175435 -0.000213620982535 -0.177243688443
-0.000467027095081 -0.000268832205694 -0.176993059561
-0.0004564453376 -0.000327439394565 -0.176742434561
-0.000440091873085 -0.000388421540852 -0.176491809537
-0.00041764219355 -0.000445033013219 -0.176240563395
-0.000388752699135 -0.000488567516185 -0.175990563371
-0.000354983412136 -0.000519115375021 -0.175739938371
-0.00031903227338 -0.000544032283009 -0.175489313371
-0.000282365182333 -0.000566545301737 -0.175238692253
-0.000244837076558 -0.000585682746971 -0.174988688395
-0.000206486312951 -0.000601807274086 -0.174738067277
-0.000167784532499 -0.000616152016784 -0.174488063419
-0.000127129744589 -0.000625980358155 -0.174237442325
-7.92512777651e-05 -0.000622629612133 -0.173987442325
-2.11902322322e-05 -0.000599644225461 -0.173736817373
4.08065512655e-05 -0.000563014177535 -0.173486817373
9.67024498308e-05 -0.000525674968841 -0.173236813539
0.000143264291518 -0.000491573856945 -0.172986813563
0.000183474334418 -0.000452996935145 -0.172737434706
0.000218519884918 -0.000403203707229 -0.172487434706
0.00024622955377 -0.000341795921768 -0.172237430872
0.000263849342707 -0.000270939312811 -0.17198805199
0.000268717828376 -0.000195691650323 -0.171738673132
0.000258651715957 -0.000123952295895 -0.17148929425
0.000233015535092 -6.08100076015e-05 -0.171239915369
0.00019285817522 -5.13635613818e-06 -0.17098991925
0.000140000705786 4.46552489569e-05 -0.170740540368
7.60123359699e-05 8.49795105391e-05 -0.170491157629
3.68249956297e-06 0.000113645689461 -0.170241157629
-7.15348418745e-05 0.00013322709057 -0.169991157628
-0.000145845828316 0.000141290298179 -0.169741153771
-0.000219025059721 0.000131081631664 -0.169491149889
-0.000287790406002 0.000104277610516 -0.169240524913
-0.000347048163363 6.70578367742e-05 -0.168989899913
-0.000396482626434 1.84750524806e-05 -0.168739271055
-0.000435967942018 -4.17456476735e-05 -0.168488024961
-0.000461802541474 -0.000104948810926 -0.168236774985
-0.000472075019824 -0.000162208532418 -0.167986146103
-0.000468744322902 -0.000210817275481 -0.16773489227
-0.000455069140551 -0.000251876297368 -0.167484267246
-0.000434110216568 -0.000288554063518 -0.16723301727
-0.000408172174306 -0.000324672049241 -0.166982388388
-0.000378046368198 -0.000359038291577 -0.166731763388
-0.000343668675097 -0.000385424764822 -0.166481138388
-0.000305928444731 -0.000404166336566 -0.16623050953
-0.000267074528421 -0.000424205413282 -0.165979263411
-0.000229019698975 -0.000448823719541 -0.165728638435
-0.00019115122 -0.000470862002403 -0.165478017317
-0.00015163553722 -0.000484628879593 -0.165227392341
-0.000110618429175 -0.000492436211313 -0.164976767365
-6.8684593331e-05 -0.000496224261474 -0.164726767389
-2.50487394101e-05 -0.00049415937831 -0.164476142437
1.88183502252e-05 -0.000488221826558 -0.164226142461
6.15177816689e-05 -0.000479564630047 -0.163976142485
0.000105846076028 -0.000459216246759 -0.163726142509
0.00015249865808 -0.000419373800184 -0.163476146391
0.000196756606026 -0.00036325916946 -0.163226771391
0.000233399470718 -0.000297885992305 -0.162977392533
0.00025884477923 -0.000229581185702 -0.162728638628
0.000271502120715 -0.000160762680978 -0.162479263604
0.000271510917764 -8.5366835518e-05 -0.162230509698
0.000258724307729 2.4939814464e-06 -0.16198175965
0.000232247479858 9.49449974812e-05 -0.161733005744
0.000191858001484 0.000175277976617 -0.161484251838
0.000138614887612 0.000234549143622 -0.161235497932
7.47549919747e-05 0.000274722197214 -0.160985501766
3.46030984063e-06 0.000299585146859 -0.160736122884
-7.1294381843e-05 0.000311280117615 -0.160485497884
-0.000144641767255 0.000312400718223 -0.160235494002
-0.000212274199301 0.000304316767679 -0.159984869002
-0.000272423211969 0.000284926555874 -0.159734236311
-0.000325025230142 0.000251183209896 -0.159482978619
-0.000369228060099 0.000203286269414 -0.159231099809
-0.000402607424689 0.000146293363575 -0.158979224834
-0.00042325676449 8.60923718664e-05 -0.158727346024
-0.00043141989252 2.49908477737e-05 -0.158475467166
-0.000428292557078 -3.65375520489e-05 -0.158223588357
-0.000415236011267 -9.827545512e-05 -0.157971092263
-0.000393449919834 -0.000158667988024 -0.157719225027
-0.00036414379116 -0.000211883224909 -0.157467357791
-0.000329293366547 -0.000252769460272 -0.157216111672
-0.00029121523134 -0.000281323082335 -0.156964865578
-0.000251574064009 -0.000300573267642 -0.156714240602
-0.000211471359021 -0.000314371210315 -0.156463619508
-0.000171320398542 -0.000323735997534 -0.156212998413
-0.000130321745452 -0.000325717799191 -0.155963002295
-8.65039768484e-05 -0.000317012332658 -0.155713002343
-3.82825290692e-05 -0.000296936290199 -0.15546300239
1.3177144726e-05 -0.000269890642096 -0.155213627414
6.455691143e-05 -0.000241803075971 -0.154964248556
0.00011407891036 -0.00021293933931 -0.15471425632
0.000161632156606 -0.000179494450874 -0.154465506296
0.000207075278996 -0.000137009733832 -0.154216131296
0.000249286854006 -8.20292849369e-05 -0.153967377438
0.000284892555828 -1.86742948267e-05 -0.15371862739
0.000310242403138 4.22087532751e-05 -0.153469873484
0.00032431812481 9.50900072766e-05 -0.153221123436
0.000327740732539 0.000146876052369 -0.152972377246
0.000319934246081 0.000208028558858 -0.152723631056
0.000299178341304 0.000277426639426 -0.152475502102
0.000264666585103 0.000343932374166 -0.152226755888
0.000216973429062 0.000400606506913 -0.151978005816
0.000157643755211 0.000448313820203 -0.151728630792
8.94836956493e-05 0.000488285737996 -0.151479251862
1.60296580602e-05 0.000517187201798 -0.151229872957
-5.9471261778e-05 0.000529816972205 -0.150979865193
-0.000133897905258 0.000524403856178 -0.150729236312
-0.000203585223108 0.000503203533947 -0.15047797862
-0.000265529315928 0.000467769293245 -0.150226720905
-0.000317653999048 0.000418947056841 -0.149974838213
-0.000356872843662 0.000363583228498 -0.149722955522
-0.000380188993771 0.000313263496946 -0.149471072831
-0.000387955779913 0.000274736470682 -0.149219815115
-0.000383958276052 0.000243339817397 -0.148968561258
-0.000371971387825 0.000206764618025 -0.148717307424
-0.000352776744663 0.000159635716604 -0.148466049733
-0.000325919845814 0.000107961919936 -0.148214170947
-0.000292189733527 5.90408268897e-05 -0.147962921019
-0.000253393794637 1.72192506984e-05 -0.147711674949
-0.000211628973019 -1.39022822014e-05 -0.147461053878
-0.000168579905836 -3.23933312839e-05 -0.147210440524
-0.000124934247942 -4.15572501946e-05 -0.146959827193
-8.10232911732e-05 -4.91955679963e-05 -0.146709834956
-3.7626948981e-05 -5.813524935e-05 -0.146459221625
5.72536872026e-06 -6.11567367658e-05 -0.146209229388
5.10102308369e-05 -5.16945172504e-05 -0.145959233293
9.80647372813e-05 -3.48531465842e-05 -0.145709862151
0.00014404451823 -2.06556923703e-05 -0.14545986989
0.000188294113105 -8.38308945064e-06 -0.145210498723
0.000233167397234 1.468060889e-05 -0.144961127557
0.000278682604075 5.66007424694e-05 -0.144711760224
0.000321045300124 0.000112930781658 -0.14446301401
0.000356760478587 0.00017904537715 -0.144214267772
0.000383300535071 0.000253274813975 -0.143965521557
0.000398445578372 0.000328806806077 -0.143716775319
0.000401143304845 0.000401945166864 -0.143467404105
0.000390496426957 0.000478031350815 -0.143218654034
0.000365718023048 0.000557458280392 -0.142969278962
0.000327737434256 0.000631207214333 -0.142719903914
0.000278529100183 0.000692175509994 -0.142469900033
0.000220184419918 0.000737514553181 -0.142219275009
0.00015490118936 0.000764308698573 -0.141968642294
8.49318089932e-05 0.000773124212937 -0.141717388437
1.36095329778e-05 0.000769414132721 -0.141466130746
-5.50577810117e-05 0.000754163392438 -0.141214869197
-0.000118493112224 0.000722332909612 -0.140963607648
-0.000174206511509 0.0006744004781 -0.140711725005
-0.000219088734149 0.000616051353709 -0.14046046348
-0.000251651967993 0.000547921246441 -0.140209205837
-0.000271090421008 0.000470020203778 -0.139957952052
-0.000276262381658 0.000388964609791 -0.139707323291
-0.000267244940396 0.000313132435364 -0.139457319505
-0.000245933333794 0.000249965156091 -0.139207319601
-0.000215586059063 0.000204707046153 -0.138957323556
-0.000179387284399 0.000172234085895 -0.13870795251
-0.000138519730391 0.000140761678076 -0.138458581464
-9.38826284055e-05 0.000108719789855 -0.138209210418
-4.73681107484e-05 8.19897215169e-05 -0.137959843205
-1.73068676245e-07 6.09853274503e-05 -0.137710472135
4.70206337046e-05 4.5448629671e-05 -0.137461101017
9.37509081564e-05 3.8432904757e-05 -0.137211729874
0.000140783496174 3.77147966113e-05 -0.136961737566
0.000188493139443 3.61377053002e-05 -0.136712362493
0.000236320176882 3.42115375641e-05 -0.136462370112
0.000284577155968 4.01356196656e-05 -0.13621237773
0.000332897899253 5.35912620445e-05 -0.135961760349
0.000378945332214 6.39977261842e-05 -0.13571176411
0.000421610792369 6.90327726212e-05 -0.135461146705
0.000461532943898 8.04871172038e-05 -0.1352105293
0.000497725278931 0.000109049361769 -0.134958665801
0.000527082173332 0.00015241696355 -0.134706173469
0.000547102201211 0.000198992845349 -0.134453052327
0.000557196724301 0.000238880775749 -0.13419993121
0.000557052565993 0.000271585203255 -0.133946806235
0.000544254975344 0.000307281032877 -0.133693677474
0.000515367696048 0.000354959457778 -0.133439298809
0.000470888011167 0.000407018621425 -0.133184908548
0.00041503925924 0.000447911541105 -0.13293051831
0.000351212976546 0.000471354881297 -0.132677370308
0.000281902608822 0.000477188743594 -0.132425472282
0.000209991901518 0.000464937946611 -0.132174206948
0.000138499532708 0.000437606810735 -0.13192419159
7.11689629739e-05 0.000399792262032 -0.131674805089
1.14916487878e-05 0.000349988625569 -0.131425430186
-3.81952786285e-05 0.000286509213509 -0.131177922518
-7.54736702141e-05 0.000219183311686 -0.130929797566
-9.88898308125e-05 0.000159478010776 -0.130681680354
-0.00010958621628 0.000102625455127 -0.13043418426
-0.0001087450235 3.49808611837e-05 -0.130186692023
-9.59279430778e-05 -4.54247803182e-05 -0.129939207454
-7.13358385894e-05 -0.000127067381435 -0.129692340146
-3.70142248675e-05 -0.000200053401708 -0.129445476695
4.67346072248e-06 -0.000262997435242 -0.129197363244
5.1386161232e-05 -0.00031570260604 -0.128949867029
0.000100346929397 -0.00035592509624 -0.128701128554
0.000149643087768 -0.00038439348862 -0.128452386197
0.000198795657958 -0.000405216777708 -0.12820301884
0.000247856560231 -0.000422535538938 -0.127954264861
0.000296306245898 -0.000437383572435 -0.127704893597
0.000343226546352 -0.000446028390777 -0.127455526192
0.000388865081909 -0.000445285375234 -0.127205526071
0.000434345049179 -0.000436996900243 -0.126956147069
0.000480081958023 -0.000422592011494 -0.126706143114
0.000525913242998 -0.000400139169434 -0.126456142994
0.000570913461284 -0.000369848980977 -0.126205521804
0.000613516291863 -0.000335126390119 -0.125955517874
0.000652227411693 -0.000297399071104 -0.125705517803
0.000685647181919 -0.000253797665404 -0.125454896661
0.000711690823823 -0.00019953841198 -0.12520427552
0.000727548636904 -0.000132604060236 -0.124953654403
0.000731112620658 -5.81490369179e-05 -0.124702408334
0.000722508149057 1.26198803551e-05 -0.124451154572
0.000703228084808 7.12436329991e-05 -0.124199896954
0.000673141034822 0.000119602163627 -0.123948643193
0.000630999940098 0.000162777401491 -0.123697385598
0.000578023729841 0.000197427498594 -0.123445506861
0.000516906508508 0.000217614351615 -0.123194245384
0.000449246918466 0.000225106902387 -0.122942980026
0.000377705163186 0.00022379560686 -0.122691093573
0.000306995656453 0.000211729757329 -0.12243983212
0.000241424128649 0.000183826303212 -0.122189199501
0.000183797058365 0.000136741012611 -0.121938574621
0.000136134113913 6.99817543722e-05 -0.121688574718
0.000100508209772 -1.1584159315e-05 -0.121439820956
7.89487116857e-05 -9.52507211755e-05 -0.121191067195
7.18915836586e-05 -0.000170634497775 -0.120942942267
7.81902236616e-05 -0.000240773670697 -0.120695446173
9.68251509846e-05 -0.00031236879637 -0.120447332819
0.00012685765208 -0.000384867219677 -0.120200461677
0.000166200523925 -0.00045184514343 -0.119952965535
0.000210993134924 -0.000504090320295 -0.119705469369
0.000257246147698 -0.000537512008982 -0.119457352061
0.000303752413171 -0.00055766640506 -0.119208609729
0.000351351738288 -0.00057248017563 -0.118959242373
0.000400694214915 -0.000586272026628 -0.118710496135
0.000451168918822 -0.000598885119862 -0.118461745991
0.000501363995683 -0.000606916788225 -0.11821237087
0.00055090967798 -0.000609462362661 -0.117962999584
0.000600337155451 -0.000611446491285 -0.117713628249
0.000649122555794 -0.000614619959037 -0.11746487034
0.000696566195477 -0.000611755561755 -0.117215495195
0.000742897956036 -0.000598665652186 -0.116966116241
0.000787983203598 -0.000578835144447 -0.116716116192
0.000831021976921 -0.000549355850838 -0.116466737285
0.000870169412682 -0.000502295054958 -0.116217362261
0.000902964565844 -0.000441101105753 -0.115968604545
0.000928025374954 -0.000377037127407 -0.11571985071
0.000944787366326 -0.000315043913791 -0.1154710969
0.000951687358279 -0.00025191515925 -0.115222968066
0.000945428934489 -0.000180955738721 -0.114974839257
0.000923626867475 -0.000101987663876 -0.114726710399
0.000887708040361 -2.39958643313e-05 -0.114479202659
0.000839264766638 4.85360727811e-05 -0.114231694895
0.000779928702015 0.00011426253928 -0.113983566036
0.000714664513078 0.000165357653901 -0.113734808344
0.000647234152082 0.000198279576758 -0.113484800652
0.000578853269075 0.000218706447283 -0.11323292189
0.000512744838281 0.000229552519467 -0.112981039269
0.000453445556022 0.000227852730742 -0.112727277864
0.000404243247082 0.000210824833154 -0.112472270364
0.000367149431531 0.00017885117154 -0.112216012817
0.000343534670163 0.000135988154061 -0.111959130293
0.000334261849471 8.78263950324e-05 -0.111701005534
0.000339552213407 3.88874425764e-05 -0.111444123035
0.000358878511773 -7.96559197531e-06 -0.111187248227
0.000391155762544 -5.10772187985e-05 -0.110931630967
0.000434404125025 -8.77955923552e-05 -0.110676646327
0.000485548186173 -0.000114632979332 -0.110423536543
0.000541028448795 -0.000129276989245 -0.110171669043
0.000597363105699 -0.000130836625029 -0.109921051518
0.000652600040754 -0.000121488530966 -0.109672301254
0.000706287006306 -0.00010487709249 -0.109423562611
0.000758213523955 -8.34541563516e-05 -0.109175449016
0.000809246208559 -6.06516585167e-05 -0.10892795654
0.000859566101248 -3.83467992854e-05 -0.108679842993
0.000906313097081 -1.117808198e-05 -0.108431725661
0.000948256038393 2.6346508277e-05 -0.108183604519
0.000988498002183 6.93481638218e-05 -0.107936100662
0.00102911408667 0.000110548821829 -0.107687975662
0.00106840138596 0.000152176261594 -0.107439229545
0.00110399523489 0.000199550090559 -0.107190479593
0.00113482539661 0.000251543123101 -0.106941104714
0.00116016095675 0.000305042119178 -0.106691108716
0.00117792278497 0.00036157731458 -0.106441112718
0.0011856942363 0.000422447376668 -0.106190495578
0.00118379318266 0.000481776847152 -0.105938632392
0.00117402541942 0.000533004253238 -0.1056873903
0.00115567935051 0.000576441012303 -0.105435519375
0.00112720478821 0.000613372048555 -0.105183644591
0.00108900872201 0.000641639663262 -0.104931769807
0.0010412816169 0.000660112179878 -0.104679266166
0.000984286680922 0.000668550921923 -0.104426762524
0.000920213691613 0.000665650022715 -0.104174876143
0.000851574357055 0.000652122352188 -0.103922989762
0.000782958226954 0.000627697114337 -0.103671107239
0.000721627794139 0.000587091441734 -0.103419849691
0.000672085319068 0.000527729411603 -0.103169842096
0.000635255762326 0.000454685080338 -0.102921080594
0.000612022848566 0.000374054094816 -0.10267294795
0.000603427333949 0.000290305906445 -0.10242481914
0.000608746063257 0.000210196702056 -0.102177322997
0.000625689365294 0.000140676083993 -0.101929826855
0.000652296700774 8.3219692602e-05 -0.101682951806
0.000688292079767 3.3586552212e-05 -0.101435455591
0.000735288594639 -1.49561222603e-05 -0.101188584305
0.00079470879699 -6.59761915546e-05 -0.10094233797
0.000863283424359 -0.000114184457651 -0.100696712705
0.000933223147665 -0.000149661086333 -0.100450466275
0.000998057023085 -0.000167370614217 -0.100203594844
0.00105661597302 -0.000169853038919 -0.0999560984374
0.00111233567989 -0.000164136426495 -0.0997085981729
0.0011691429 -0.000156742703791 -0.0994610940505
0.00122768025923 -0.00014987712663 -0.099213589952
0.00128593720881 -0.000142173905843 -0.0989660781378
0.00134257905275 -0.000132574484766 -0.0987179452298
0.00139787438716 -0.000122383975747 -0.0984704334637
0.00145115941199 -0.000110129305008 -0.0982229178878
0.00150002990294 -8.82848808275e-05 -0.097974781194
0.00154359845412 -5.39909683495e-05 -0.0977260195723
0.0015827811421 -1.27335730543e-05 -0.0974772579985
0.0016165593747 3.38530612503e-05 -0.0972278675909
0.00164267931216 8.64908570075e-05 -0.0969778599233
0.00166071754045 0.00014102608915 -0.0967272311856
0.0016692083983 0.000196149083956 -0.0964766024239
0.00166268058272 0.000257224603126 -0.0962247275924
0.00163638789425 0.000326223768533 -0.0959709855488
0.00159377779456 0.000393165479198 -0.0957172357655
0.00154486078624 0.000442954388532 -0.0954628687462
0.0014952770716 0.000469664376243 -0.0952097477967
0.00144234076856 0.000478436856636 -0.0949566230134
0.00138242271145 0.000475920932736 -0.0947028771122
0.00131696139578 0.000464334795332 -0.094449756163
0.00125204394822 0.000441386084653 -0.0941972640475
0.00119555705933 0.000400925980506 -0.0939453969318
0.0011533088873 0.000336689774026 -0.0936960181461
0.00112639279741 0.000250262121442 -0.0934478854784
0.00111283328591 0.000152901661882 -0.0932010066204
0.00111061247225 5.77369852288e-05 -0.0929547566201
0.00111833007412 -2.7000116635e-05 -0.0927091354537
0.00113572014833 -0.00010097940058 -0.0924635181452
0.0011647432182 -0.000171096476251 -0.0922185219309
0.00120746712522 -0.000242827244061 -0.0919735218588
0.00126212171215 -0.000313190156082 -0.0917291390709
0.00132321846635 -0.000374821353695 -0.0914847601407
0.00138603300764 -0.000424243239534 -0.0912391350928
0.00144773192628 -0.000461694675247 -0.0909922600451
0.0015036688174 -0.000485351631211 -0.0907447522338
0.00155075964672 -0.000494890345959 -0.0904953733288
0.00159396144788 -0.000497452901397 -0.0902453693755
0.00164021754248 -0.000501175873542 -0.0899953654219
0.00168854939063 -0.00050595115597 -0.0897453652781
0.00173311591703 -0.000505690875183 -0.0894953651338
0.00177155148904 -0.000496573089898 -0.0892441188714
0.00180603858475 -0.000480288205091 -0.0889928687507
0.00183966000853 -0.000461835240917 -0.0887409975118
0.00187289673848 -0.00044345426048 -0.0884897473909
0.00190213273234 -0.000419656921884 -0.088238497318
0.00192246430257 -0.000383010222999 -0.0879860127489
0.00193257644756 -0.000334814580602 -0.0877335243221
0.0019369595488 -0.00028648662479 -0.0874810359194
0.00194187812781 -0.000248837389046 -0.0872297820612
0.00194504383736 -0.000218085260083 -0.0869785282272
0.00193385172929 -0.000180256324718 -0.0867278955352
0.00190086754621 -0.000132113894307 -0.0864766417013
0.00185069489826 -8.32226889313e-05 -0.0862253917492
0.00178887751569 -4.10012107728e-05 -0.0859741417972
0.00172058429781 -1.02027221462e-05 -0.085722891821
0.00165434429045 3.10848740707e-06 -0.0854710168687
0.00159283893455 -1.66618013071e-06 -0.0852191380347
0.00153203451537 -1.88526713154e-05 -0.0849660131067
0.00147229425557 -4.43443886456e-05 -0.084712259321
0.0014190394115 -7.70436484561e-05 -0.0844578844411
0.00137602087822 -0.000114178396662 -0.0842028807034
0.00134491618197 -0.000151637183235 -0.0839478769177
0.00132949090125 -0.000189879195376 -0.0836928653926
0.00133386714038 -0.000232139429892 -0.0834378576774
0.00135710665226 -0.000275857072284 -0.0831834749381
0.00139489668161 -0.000314747367594 -0.0829290960568
0.00144340068341 -0.000344503511225 -0.0826753421754
0.00149857470219 -0.000362259335592 -0.0824234671033
0.00155883223794 -0.000368655897252 -0.0821728420072
0.00162478227247 -0.000366293266005 -0.0819228495789
0.00169254561996 -0.00035409372871 -0.0816741071023
0.00175707762401 -0.00033106813523 -0.0814266146017
0.0018202535574 -0.000301110233522 -0.0811791298888
0.00188411570345 -0.000267611941904 -0.0809322663901
0.00194219875604 -0.000228942699204 -0.0806860279157
0.00198920857037 -0.000183992540902 -0.0804391606557
0.00202906189378 -0.00013605255053 -0.0801929145378
0.00206456791003 -8.72156352854e-05 -0.0799460434921
0.00209285391142 -3.50925102746e-05 -0.0796997897066
0.00211350555931 2.1838165637e-05 -0.0794529109931
0.00212997849965 8.14208567425e-05 -0.0792060284217
0.00214523791704 0.000140368172866 -0.0789591458262
0.00216008103897 0.000196715386848 -0.0787116420407
0.00217011831994 0.000253643231136 -0.0784635132312
0.00216543321862 0.000318866856533 -0.0782160094214
0.00213912323509 0.000394842355881 -0.0779685017534
0.0020948136967 0.000473483884386 -0.0777203691092
0.00204378195003 0.000542576572557 -0.0774716152991
0.00199557412416 0.000594727019166 -0.0772228537252
0.00194959275708 0.000631075825096 -0.0769734671752
0.0018964674305 0.000656968843331 -0.0767240806251
0.00183055317994 0.000674059344632 -0.0764740729329
0.00175657848958 0.00067905811475 -0.0762246863585
0.00168369793553 0.000668041745789 -0.0759746748084
0.0016191832015 0.000638925277408 -0.0757252844004
0.001564406631 0.000592730919718 -0.0754752728504
0.00151739545582 0.00053301559209 -0.0752258785606
0.00147999784118 0.000462614323781 -0.074977105365
0.00145464394625 0.000384818757806 -0.0747277149092
0.00144054020719 0.000305563714726 -0.0744783244295
0.00144003833588 0.000227746964812 -0.0742289378316
0.00145775132239 0.000150648765178 -0.0739795550676
0.00149334402443 7.67444965394e-05 -0.0737301761617
0.00154288623878 1.08328431248e-05 -0.0734807972556
0.00159966463129 -4.14633130953e-05 -0.0732308048993
0.00165258773249 -7.36685334804e-05 -0.072980812543
0.00169536068464 -8.54125629853e-05 -0.0727301990209
0.00173433335297 -8.46691088816e-05 -0.0724802066169
0.00177918711637 -7.88179014149e-05 -0.0722295930709
0.00183103610091 -6.8904216884e-05 -0.0719796006668
0.00188303000901 -5.25585912664e-05 -0.0717296082629
0.00192805494865 -2.83813395511e-05 -0.071479615859
0.00196440330218 2.68416643697e-06 -0.0712296196453
0.00199519811181 3.8421365543e-05 -0.0709796273134
0.00202371201722 7.69057177365e-05 -0.0707302522417
0.002050167655 0.000117446105573 -0.0704802599337
0.00207335336524 0.000160180713767 -0.0702308849101
0.00209353678432 0.000204699240091 -0.0699815060524
0.00211059115425 0.00025080689821 -0.0697321272425
0.00212245303 0.000299605511021 -0.0694827522667
0.00212915842155 0.00035049231079 -0.0692339945508
0.0021333078744 0.000400553158503 -0.0689846157408
0.00213266428141 0.000450277060555 -0.0687352369067
0.00211910769361 0.000503454468669 -0.0684858542147
0.00208983132574 0.000558797938897 -0.0682358503806
0.00205172636651 0.0006091986731 -0.0679864638065
0.00201127176853 0.00064945997631 -0.0677364561146
0.00196784760599 0.000678749973546 -0.0674858311622
0.00191719847903 0.000697333278311 -0.0672358234701
0.00185635020622 0.000704460708967 -0.0669851908021
0.00178499221011 0.000698720774045 -0.0667351831102
0.00170484001918 0.00067932085921 -0.0664845543004
0.00162166801153 0.000646010642474 -0.0662345504904
0.00154813274677 0.000597739135227 -0.0659851716565
0.00149625110944 0.000533179135859 -0.0657370427745
0.00146587953227 0.00045471259106 -0.0654895427263
0.00144756549871 0.000370208166083 -0.0652426676781
0.00143599119244 0.000287495989755 -0.0649964176297
0.0014365940918 0.000207418371339 -0.0647501753209
0.00145778189651 0.000126676174859 -0.0645051791301
0.00149838349361 4.73216114231e-05 -0.0642601868212
0.00154975609762 -2.42322051379e-05 -0.0640151906305
0.00160943636351 -8.64548392302e-05 -0.0637701905821
0.0016817490463 -0.000141791670871 -0.0635245656057
0.00176560238499 -0.000189376658785 -0.0632789290316
0.001847901569 -0.000224274382759 -0.0630320425056
0.00191172162698 -0.000243344154957 -0.0627826599099
0.00195472920165 -0.00025025801445 -0.0625320304007
0.00199142844761 -0.000251822798967 -0.0622805864244
0.00203335775484 -0.00025161506492 -0.0620288873822
0.00207956522405 -0.000250103219615 -0.0617769359868
0.00212319210574 -0.000247216910423 -0.0615247357199
0.00215654482704 -0.000242535623989 -0.0612722259913
0.00217517127658 -0.000234840920549 -0.0610192235471
0.00218230675585 -0.000223447350242 -0.0607658518917
0.00218400950083 -0.000208882977518 -0.0605120454821
0.00217987504305 -0.000190548072964 -0.0602579879486
0.00216701270486 -0.000167426016063 -0.0600034335185
0.00214816883868 -0.000141735701715 -0.0597488806486
0.0021263090712 -0.000116344036729 -0.0594945774362
0.00210092130516 -9.24376043296e-05 -0.0592407708069
0.00207295749279 -7.15431168963e-05 -0.0589875232128
0.00204035754237 -5.3951774078e-05 -0.0587349603752
0.00199634839025 -3.91606371091e-05 -0.0584828342396
0.0019421248855 -2.96133487959e-05 -0.0582313944396
0.00188624844301 -2.85008636893e-05 -0.0579807034798
0.00183130754855 -3.68912833249e-05 -0.0577305757819
0.00177344165795 -5.51995725379e-05 -0.0574808242293
0.0017101515491 -8.43340558359e-05 -0.0572312617007
0.00164644388665 -0.000124800704476 -0.0569814514844
0.00159372805033 -0.000175895173443 -0.0567313931995
0.00155806172193 -0.000236125423512 -0.056480711477
0.001534543811 -0.000302972239851 -0.0562294043833
0.00151877081893 -0.000372180834364 -0.0559774086539
0.00151490425726 -0.000439598617727 -0.0557249106218
0.00152739237024 -0.000502210866476 -0.0554720970035
0.00155453527317 -0.000556845811809 -0.0552192173962
0.00159312016304 -0.000600621993663 -0.0549664600716
0.00164145642302 -0.000631905177607 -0.0547142000273
0.00169778570722 -0.000649907693225 -0.0544625009157
0.00175785404648 -0.000653994699736 -0.0542115509918
0.0018154583373 -0.000644115868827 -0.0539614756459
0.00186869125922 -0.000621806361708 -0.0537122752807
0.00192091197584 -0.000589198841243 -0.0534638264659
0.00197542181921 -0.000547680926093 -0.0532160061424
0.00203291610798 -0.0004981133812 -0.0529686885385
0.002087223701 -0.000441966521016 -0.0527219346064
0.00212684735457 -0.000382217672122 -0.0524754326224
0.00214850446714 -0.000321552000474 -0.0522289954773
0.00216106038986 -0.000260516563764 -0.0519824962398
0.00217432553066 -0.000199092677879 -0.0517359341429
0.00219084604886 -0.000138397873852 -0.0514891220748
0.00220571652321 -7.98008536997e-05 -0.0512420592492
0.00221192981256 -2.31085127322e-05 -0.0509946839332
0.00220965980667 3.25307030743e-05 -0.0507470586195
0.00220542314699 8.66163414761e-05 -0.0504991836867
0.00219823900564 0.000139173175621 -0.0502509985515
0.00217778017013 0.000191638482383 -0.0500026887659
0.00213897886085 0.000243443243837 -0.0497541937684
0.00208648920681 0.000291392375969 -0.0495055139546
0.00202490218397 0.000332362568212 -0.0492565254864
0.00195731604247 0.000363910154892 -0.0490072904783
0.00189024480053 0.000384307138076 -0.0487578683512
0.00182689963197 0.000392844906586 -0.0485081954671
0.00176271865789 0.000388489487117 -0.0482584589257
0.00169308577321 0.000369516607304 -0.0480087223747
0.00161930429789 0.000335125117323 -0.0477589862046
0.00155046427144 0.000287021794489 -0.0475093109891
0.00149739001974 0.000228531927797 -0.047259570197
0.00146218313215 0.000162012688133 -0.047009825545
0.00144143315187 8.95005751009e-05 -0.0467600153044
0.00143579742128 1.42096472902e-05 -0.0465100785184
0.00144640704633 -6.04036988137e-05 -0.0462599526965
0.00146990991936 -0.000130698983609 -0.0460096355287
0.00150478393754 -0.000193240039765 -0.0457591883481
0.0015520661344 -0.000245698227521 -0.0455084267412
0.00161039004094 -0.00028623611234 -0.0452574757079
0.00167985523452 -0.000313685014291 -0.0450063352576
0.00175988342335 -0.000327040985456 -0.0447550069407
0.00184052357971 -0.000325278826162 -0.0445037411263
0.00191136772375 -0.000309227669645 -0.0442527893501
0.00197266678253 -0.000281114793448 -0.044002091039
0.00202672686673 -0.00024304246417 -0.0437518325354
0.00206806422303 -0.00019796843649 -0.0435020157801
0.00209120517219 -0.000149594361612 -0.0432527649919
0.00210276949557 -9.91297857705e-05 -0.0430038922923
0.00211293176012 -4.57069424681e-05 -0.042755395755
0.00212039204648 9.62995040727e-06 -0.04250727538
0.00211798529247 6.49173642096e-05 -0.0422594694434
0.0021052035202 0.000120448506267 -0.0420121627326
0.00208838206053 0.00017765878352 -0.0417651060194
0.00207252134404 0.000236605646492 -0.0415182981369
0.00205577601206 0.000296297264194 -0.0412716769708
0.00203407805928 0.000356108827887 -0.0410251800187
0.00200875567995 0.00041525352977 -0.04077880689
0.00198237262585 0.000472609586059 -0.0405323091326
0.00195017210968 0.000527381317371 -0.0402857480867
0.0019052584775 0.000578169036592 -0.040039124912
0.00185010877692 0.000622567447661 -0.0397921301948
0.00179369722821 0.000658801569604 -0.0395445764472
0.00173695430701 0.000685499936612 -0.0392964000239
0.00167289759093 0.000699876798745 -0.0390476001631
0.00160428577166 0.000699998739039 -0.0387980522601
0.00154451212422 0.000687345536825 -0.0385477551552
0.00149586552918 0.000662117622053 -0.0382968955767
0.00144660822847 0.000620627130728 -0.0380455989056
0.00139373852778 0.000562475819186 -0.0377940514775
0.00134975190893 0.000493773179045 -0.037542502897
0.00132660579365 0.00042094899296 -0.0372911410426
0.00132670992457 0.00034736772921 -0.0370402155212
0.00134701795507 0.000275283687856 -0.0367897247944
0.00138102273827 0.000207199144043 -0.0365396673167
0.00141948180574 0.000145950915982 -0.036290165771
0.00146016364471 9.40578880176e-05 -0.0360409713243
0.00151061918073 5.28994347211e-05 -0.0357917718719
0.00157207517658 2.29789450959e-05 -0.0355423189644
0.00163563889871 3.92015349373e-06 -0.03529236685
0.00169973353208 -4.60846965147e-06 -0.0350417901383
0.00177066725466 -1.53119967293e-06 -0.0347901513341
0.00184322424219 1.2395196064e-05 -0.0345373265948
0.00190044072782 3.13627551378e-05 -0.0342838112622
0.00193610759793 4.9975722577e-05 -0.0340301608654
0.00196125394176 6.92036378704e-05 -0.0337761308033
0.00198486975305 9.11257699027e-05 -0.0335214857452
0.00200272238258 0.000112364784032 -0.0332667939635
0.00200747315349 0.000127881377728 -0.0330125458037
0.00200133468761 0.000138147284363 -0.0327589175849
0.00199470595053 0.000147878236775 -0.0325052322742
0.00198978949036 0.000157493987503 -0.0322515003002
0.00197488642555 0.000163087528079 -0.0319982768233
0.00194358721602 0.000164492629633 -0.0317454939637
0.00190526058626 0.000165080259596 -0.031492773664
0.00186965418159 0.000166330014651 -0.0312401093615
0.00183548339546 0.000166837093811 -0.0309876264298
0.00179480580743 0.000163685897044 -0.0307356450702
0.0017422164651 0.000153799088928 -0.0304844141058
0.00168155320666 0.000136015512367 -0.0302341140759
0.00162070112847 0.00011110196364 -0.0299845590094
0.00156218332915 7.87208358657e-05 -0.0297356921883
0.00150578436433 3.7486204462e-05 -0.0294875132265
0.00145405271232 -1.25506361854e-05 -0.0292397701949
0.00140842390937 -7.17331904423e-05 -0.0289924044515
0.00136787766382 -0.000141874823202 -0.0287452311968
0.00133565119703 -0.000221069323414 -0.0284979989047
0.0013189302414 -0.000303048135047 -0.0282504541101
0.00132100468676 -0.000383400319244 -0.0280024668027
0.00134104643132 -0.000460126614886 -0.027754157353
0.00137753760566 -0.000531035722011 -0.0275054651946
0.00142824839657 -0.000593664250301 -0.0272565160921
0.00149204815743 -0.000644692582941 -0.0270073725454
0.00156622416128 -0.000681810260285 -0.0267581610881
0.00164257201803 -0.000705205136616 -0.0265089461467
0.00171806449816 -0.000713952069983 -0.0262597300383
0.00179582854295 -0.000705938182293 -0.0260108248651
0.00187018041965 -0.000683220785336 -0.0257620469947
0.00193391229149 -0.000649800735797 -0.0255133350963
0.00198878103195 -0.000606673496197 -0.025264690718
0.00203295140894 -0.000556929597245 -0.0250160509787
0.00206152952571 -0.000506356127767 -0.0247672920407
0.00207781272524 -0.000456134839785 -0.0245182287235
0.00208788671428 -0.000404370295004 -0.0242691708193
0.00209430456304 -0.000350615049458 -0.0240200546757
0.00209639219237 -0.000296797706842 -0.0237707549068
0.00209120361706 -0.000246754645299 -0.0235212711268
0.00207821177134 -0.000201735939498 -0.0232715392878
0.00206080617345 -0.000159269617026 -0.0230216203393
0.00204339870763 -0.000116643595108 -0.0227717010025
0.00202983286539 -7.26629321713e-05 -0.0225217183844
0.00201884793605 -2.92953618073e-05 -0.022271670942
0.00200146224782 8.97636866738e-06 -0.0220214973326
0.00196950606361 3.91331695815e-05 -0.0217708885427
0.0019248732727 6.17069315945e-05 -0.0215200320699
0.00187796165491 7.98344350856e-05 -0.0212691146378
0.00183615711081 9.56428619534e-05 -0.0210183241178
0.00179560404605 0.000106406946394 -0.0207675386057
0.00175042950221 0.000107407068993 -0.020516756942
0.00170030078305 9.5806307003e-05 -0.0202660377735
0.00164406833841 6.74667965874e-05 -0.0200153784068
0.00158231314142 1.89389925495e-05 -0.019764903068
0.00152374186765 -4.58426864012e-05 -0.0195146129122
0.00147786599071 -0.000119437010206 -0.0192646325415
0.00144860105017 -0.000197143414231 -0.0190148361964
0.00143667375044 -0.000276199126882 -0.0187652215574
0.00144128173722 -0.000354586738397 -0.0185156624743
0.00146051661509 -0.000430426247399 -0.0182660968257
0.00149302115117 -0.000500569031036 -0.0180164648192
0.00153970128499 -0.000560156419415 -0.0177667043456
0.00160133974326 -0.00060523676607 -0.0175167517473
0.00167173187765 -0.000636206914546 -0.0172666691387
0.00173979847529 -0.000655655861098 -0.0170165217201
0.00180275497322 -0.000662808394779 -0.0167662500829
0.0018690519901 -0.000652538097533 -0.0165161042198
0.00194491337926 -0.000620536563417 -0.0162661466306
0.00202199261389 -0.000569924779038 -0.0160165648105
0.00208335106733 -0.000511087937805 -0.0157672989696
0.00212270695385 -0.000451194005127 -0.0155184756535
0.00214864225745 -0.000387796950895 -0.0152701577455
0.0021682745141 -0.000317709430791 -0.0150223429382
0.00217900323408 -0.000245246022805 -0.0147750941077
0.00217690790892 -0.000177038840295 -0.014528161652
0.00216187067578 -0.000116242138974 -0.0142813565277
0.00213632352998 -6.22258728748e-05 -0.0140347389177
0.00210583214897 -9.85773669237e-06 -0.0137883072767
0.00207615291557 4.60003912616e-05 -0.0135424338775
0.00204671173359 0.000103915883918 -0.0132969940986
0.00201273478985 0.000159756607437 -0.0130516793001
0.00197212308485 0.0002125554887 -0.0128065538943
0.00192425958464 0.000262204033046 -0.0125614940387
0.0018660327375 0.000306435167384 -0.0123164364641
0.00179728076999 0.000343733331013 -0.0120711948277
0.00172631127661 0.000376485996894 -0.0118256449083
0.00166045895841 0.000406998348948 -0.0115797203505
0.00159789194393 0.00043280349599 -0.0113333544229
0.00153599176573 0.000450552418338 -0.0110861100278
0.00147493842904 0.000458252747789 -0.0108379250561
0.00141341104489 0.000452027399095 -0.0105884908877
0.00135365426789 0.000430667070527 -0.0103376266029
0.00130306267402 0.000399159842276 -0.0100856454682
0.0012656901351 0.000360911509487 -0.00983266553894
0.00124143168499 0.000315562058294 -0.00957879946742
0.00123202757762 0.000265824700118 -0.00932429376009
0.00124011207277 0.000216727324071 -0.00906928190685
0.00126429574127 0.000169655014398 -0.00881408449973
0.00130000269476 0.000124320937072 -0.00855883077506
0.001344289316 8.39732452156e-05 -0.00830383243226
0.00139722683978 5.4479909618e-05 -0.00804927310142
0.00145823645991 3.97037021285e-05 -0.00779502703498
0.00152214569865 3.89655479507e-05 -0.00754103328567
0.00158127170341 4.89424757809e-05 -0.00728741529824
0.00163095751411 6.7167363153e-05 -0.00703416959585
0.00166949643082 9.18515041413e-05 -0.00678116963537
0.00169530523583 0.00011997429408 -0.00652847674983
0.00170833555033 0.000148899600999 -0.00627608938963
0.00171143479613 0.00017880080481 -0.00602378865743
0.00170897422765 0.000212712716104 -0.00577118645276
0.00170301782804 0.000252406165601 -0.00551798726724
0.00169039631328 0.000292111099641 -0.00526468914557
0.00166755934696 0.000323395164107 -0.0050121339849
0.00163695291445 0.000346984150626 -0.00476027392078
0.0016040906938 0.000370135191171 -0.00450828709682
0.001570876541 0.000393941614426 -0.00425603086836
0.00153450984367 0.000411591314484 -0.00400430146972
0.00149277436564 0.000419456021429 -0.00375363182884
0.00144890789087 0.000422814702161 -0.00350340731243
0.00140775190959 0.000427316111975 -0.00325287985217
0.00136771176424 0.000430626620728 -0.00300238238912
0.00132156713867 0.000425756787251 -0.00275295206567
0.00126551161553 0.000409190350749 -0.00250508383412
0.00120413135767 0.000384383726435 -0.00225822943721
0.00114413714052 0.000356470912156 -0.00201161615633
0.00108358607247 0.000321196820745 -0.00176570279829
0.00101684880507 0.000267897759909 -0.00152162159537
0.000949410769093 0.000198188026221 -0.00127885352357
0.000891263494482 0.000122610480449 -0.0010359829903
0.000843317422491 4.04293553522e-05 -0.000792918182076
0.00080412479401 -5.360743508e-05 -0.000549964469073
0.000777526896883 -0.000153852484146 -0.000306491304692
0.000767778132025 -0.000250201107095 -6.17477233251e-05
0.000776039688641 -0.000336857527271 0.000184514245577
0.000801162755422 -0.000412741311639 0.000432166802624
0.000840434653205 -0.000479136866925 0.000680933072947
0.000891793030781 -0.000534343358807 0.000930698070026
0.00095441555488 -0.000573934973535 0.00118146500564
0.00102465006174 -0.000597799115764 0.00143300333675
0.00109577853894 -0.000609017270125 0.0016849132688
0.00116485664121 -0.000606199839448 0.00193706247099
0.00123263018344 -0.000585287402684 0.00218949912778
0.0012962847342 -0.000547440225793 0.00244205349681
0.00134928712012 -0.000499325211379 0.00269438241888
0.00138649074606 -0.000448309170021 0.00294624967213
0.00140824762873 -0.00039703694873 0.00319765544915
0.0014198381885 -0.000341374914387 0.00344881038974
0.00142374060864 -0.000279958910031 0.00369981826789
0.00141634862626 -0.000222577612632 0.00395049151105
0.00139509719428 -0.000180359872369 0.00420069382093
0.00136406257296 -0.000151252124118 0.00445056898132
0.00132958985771 -0.00012432292719 0.00470038507602
0.00129412821349 -9.49808685699e-05 0.00495023681733
0.00125692451113 -6.61045866239e-05 0.00520008802175
0.00121766821535 -3.96003092063e-05 0.00544991392529
0.00117710017331 -1.5060728799e-05 0.00569973910262
0.00113526815852 6.76505232782e-06 0.00594955135905
0.00109072765689 2.35125707827e-05 0.00619929572005
0.00104280434992 3.43767831044e-05 0.00644895367158
0.000994159198529 4.21748652425e-05 0.00669856869447
0.000947794431203 4.94036006754e-05 0.0069483075599
0.000900775329781 5.15975315956e-05 0.00719792142525
0.000846289080215 3.85353244203e-05 0.00744722125703
0.000784514043579 6.3315035215e-06 0.00769608204807
0.000726492236922 -3.43467887296e-05 0.0079448174461
0.000682130523364 -7.01251526603e-05 0.00819373955324
0.000649395096997 -0.000103803087937 0.00844284605956
0.00062120487231 -0.000150562198246 0.00869164084467
0.000596129373139 -0.000219649070821 0.00894000084473
0.000579048490298 -0.000306325804169 0.00918805028096
0.000577239154991 -0.000394665902732 0.00943610164618
0.000594539388699 -0.000472381536107 0.00968459281168
0.000627735303442 -0.000543234293982 0.00993327802834
0.000671420571688 -0.000613294397333 0.0101820932555
0.00072459170437 -0.000675714722027 0.0104311615616
0.000789276736862 -0.000719461053628 0.0106806090994
0.000864494355834 -0.000741464631077 0.0109304370286
0.000943632563681 -0.000746512659539 0.0111804574659
0.00101706412201 -0.000741877090329 0.0114305442609
0.00107843102392 -0.000731629880951 0.0116806333731
0.00112936843332 -0.000712721108775 0.0119307228686
0.00117623313776 -0.000677485878888 0.0121806862116
0.00122164529222 -0.000621875903163 0.0124304585825
0.00126115561449 -0.000550910686409 0.0126799130573
0.00128819637377 -0.000475202174307 0.0129290480831
0.00129963247643 -0.000403866719288 0.013177925774
0.00129741698462 -0.000339281753927 0.0134266711205
0.00128614520195 -0.000277576925369 0.013675161061
0.00126845676004 -0.000217065286596 0.0139233971243
0.00124515913774 -0.000159919884256 0.0141715046963
0.00121790324222 -0.000105744651364 0.0144193614921
0.00118785998784 -5.44981082775e-05 0.0146671538661
0.00115523120595 -7.42491706638e-06 0.0149148864646
0.00112177620663 3.87682782005e-05 0.0151623795153
0.00108935877248 8.69536525125e-05 0.0154095693631
0.00105529371864 0.000132345900318 0.0156566986687
0.00101298522039 0.000166534306447 0.0159047573729
0.000958617612821 0.000185687501158 0.0161541166106
0.000896509607535 0.000194418596805 0.016404531009
0.000835471214928 0.000201398425073 0.0166551325361
0.000779762107125 0.000209581374497 0.0169056114118
0.000726695337249 0.000212285417436 0.0171567801241
0.000673783135757 0.000201266960147 0.0174094472788
0.000624417265196 0.000177041147938 0.0176636047381
0.000583998840802 0.000145881850106 0.0179186290428
0.000554787976001 0.000109894270974 0.0181741571431
0.000537852404546 6.94463604785e-05 0.0184302608098
0.000535220625145 2.96332016831e-05 0.0186861897216
0.000547913855001 -5.02793866028e-06 0.018941624063
0.000575086249237 -3.57469106721e-05 0.0191965630338
0.000615381776634 -6.39784454674e-05 0.0194511968083
0.000667335486871 -8.74832894895e-05 0.0197053371337
0.000728930887864 -0.000102416968451 0.0199586672835
0.000797985151796 -0.000104409547757 0.0202108767129
0.000872507588097 -8.94464048281e-05 0.0204619044653
0.000949402188898 -5.67975407079e-05 0.0207118716709
0.00102266406532 -1.14351994051e-05 0.0209613327111
0.00108550780652 3.96060158156e-05 0.0212106625835
0.00113567786263 9.52299798345e-05 0.0214600503098
0.00117322511513 0.000156175675796 0.0217096224043
0.00119522213361 0.000214369010652 0.0219594417599
0.00120109680259 0.00026305558374 0.0222094459174
0.0011964317835 0.000310596559943 0.022459698165
0.00118502759596 0.000365852682614 0.0227102625484
0.00116525882653 0.000420673307073 0.0229610769558
0.00113591190081 0.000460608026942 0.0232117675662
0.00109921658959 0.000483270876291 0.0234620245898
0.00105848894981 0.000499589254806 0.0237121570376
0.00101591460081 0.000520759078616 0.0239625329368
0.000972258474989 0.000545244332464 0.0242131507297
0.000926930752797 0.000561545626609 0.0244633919868
0.0008784874941 0.000562900451717 0.0247128886545
0.000826572001703 0.000553308360926 0.0249615801572
0.000773593246223 0.000542424586223 0.0252101489458
0.000723418827549 0.000537909741123 0.0254590876662
0.000676388138334 0.000537693680364 0.0257083936203
0.000627646753763 0.000530357596224 0.0259570730215
0.000573168697055 0.000506301599422 0.0262044488151
0.000514140285868 0.000464390826104 0.0264504600419
0.00045605405346 0.000412101146702 0.0266957822231
0.00040468710609 0.000360651932998 0.0269414041539
0.000360102397222 0.000307081812413 0.027187143376
0.000319903942311 0.000233349281161 0.0274319528571
0.000287513137424 0.000137306339778 0.0276760243338
0.000269022861578 4.06295506607e-05 0.0279209704078
0.000266302585262 -4.16061411935e-05 0.0281675931292
0.000277974677919 -0.000116709689555 0.0284154565506
0.000302828697181 -0.000193224990948 0.0286641320599
0.000340114014228 -0.000262958231044 0.0289138727384
0.000388596376509 -0.000316448407102 0.0291649247138
0.000444907789037 -0.000358143520094 0.0294169137721
0.000503586465834 -0.000394068342011 0.0296692816763
0.000560891134808 -0.000419530943106 0.0299219026596
0.000616116192157 -0.000426353812371 0.0301749619024
0.00066843540995 -0.000412280628885 0.0304283953593
0.000715955223868 -0.000378902473554 0.0306820159232
0.000757245992195 -0.00032644917134 0.0309356989919
0.000790424166812 -0.000256237304488 0.0311893176413
0.000811051228747 -0.000178087085891 0.0314424984289
0.000815387355385 -0.000105999557902 0.0316946202368
0.000805189029716 -4.18156166107e-05 0.0319458697887
0.000784238527748 2.15472618281e-05 0.032196618598
0.000753986284168 8.27237089289e-05 0.0324469295528
0.000715829811011 0.000137023003872 0.0326967416985
0.000672110394177 0.00018523631399 0.0329461792588
0.000624890894748 0.000225863287662 0.0331954293383
0.000575877539368 0.000253440057507 0.0334443681018
0.000526020017168 0.000265035125967 0.0336929955395
0.000475196981827 0.000263646045578 0.0339414362608
0.000423213219497 0.000257441310803 0.0341896898726
0.000370485907853 0.000251882475648 0.0344380677009
0.000316531046618 0.000243808675592 0.0346863216794
0.000260165457805 0.000228621367235 0.0349344510295
0.000202307741343 0.000207964896943 0.0351823936414
0.000145484390821 0.000185817069065 0.0354303987293
9.0779735331e-05 0.000161545427278 0.0356784030263
3.72551801266e-05 0.000128537522661 0.035926219804
-1.49328700699e-05 8.1054251667e-05 0.0361736635011
-6.21844370903e-05 2.31710565287e-05 0.0364209204504
-0.000100630322595 -3.63329287155e-05 0.0366682375682
-0.000129283523696 -9.74974763894e-05 0.0369156750419
-0.000147885673718 -0.000168291846496 0.0371629844316
-0.000154541291141 -0.00024974193033 0.0374099801807
-0.000147261127247 -0.000329984123565 0.0376572864841
-0.000125768789761 -0.00039806476562 0.0379052790966
-9.05608117454e-05 -0.000454734658111 0.0381539561083
-4.22960149192e-05 -0.000503760192004 0.0384031288907
1.75983870941e-05 -0.000544448966221 0.0386528618558
8.63295236327e-05 -0.000576378073984 0.0389029713425
0.000159251669961 -0.000601634643244 0.0391534608204
0.000231208191837 -0.000619307298094 0.0394041428231
0.000299524579296 -0.000622035573677 0.0396552661958
0.000363657050978 -0.000602618524655 0.0399072036138
0.000420770102948 -0.000564568931358 0.0401597054726
0.00046547762213 -0.000520369104776 0.040412083913
0.000495393405279 -0.000477037648308 0.0406640877728
0.000511939192091 -0.000432990057901 0.04091584204
0.000516197675756 -0.000389883519728 0.0411672842027
0.000509461737375 -0.000350624724006 0.0414183509773
0.000494239582269 -0.000309291853415 0.0416692271609
0.000471702090771 -0.000260550510319 0.0419199752534
0.000442028667188 -0.000210368751593 0.042170408524
0.000406531793506 -0.000167071411317 0.0424204660063
0.000367016782765 -0.000130893301824 0.0426703348097
0.000324722907387 -9.73402183217e-05 0.0429199528248
0.000280776808951 -6.46767139836e-05 0.0431693841042
0.000236353015668 -3.44556687295e-05 0.0434186340539
0.00019207326044 -8.75969645677e-06 0.0436678882521
0.000147676609566 1.09382198126e-05 0.0439173272642
0.000102796314409 2.62724414596e-05 0.0441669487923
5.83949931202e-05 4.33737028149e-05 0.044416448474
1.57452591709e-05 6.55532270758e-05 0.0446655836513
-2.62618342595e-05 8.55929014508e-05 0.0449148515951
-6.92910224388e-05 9.37340761575e-05 0.0451652441269
-0.000111927488181 9.07290208074e-05 0.0454168179189
-0.000151551508908 8.12338356112e-05 0.0456691347476
-0.000186536707009 6.05075775781e-05 0.0459227563364
-0.000214213373914 2.2095571765e-05 0.0461784306987
-0.000230933802106 -2.77631288684e-05 0.0464355980278
-0.000234935103167 -7.54912151343e-05 0.0466925832313
-0.000225881843948 -0.0001176216003 0.0469490796223
-0.000202465387793 -0.000161258019677 0.0472057657939
-0.000164105787328 -0.000207175624274 0.0474627590183
-0.000113012277792 -0.000246844675945 0.0477189370541
-5.25434410713e-05 -0.000272680356395 0.0479736163026
1.41966508096e-05 -0.000280862117395 0.0482263635147
8.45843394257e-05 -0.000270382508082 0.0484771786952
0.000156147417194 -0.000242349894804 0.0487264333674
0.000226095758849 -0.000197876404636 0.0489742529263
0.00029137076081 -0.000138935553481 0.0492210744383
0.000348665110708 -7.03238891845e-05 0.0494674568738
0.000394914183222 2.47017908489e-06 0.049713896358
0.000428360464461 7.84156653947e-05 0.0499605186888
0.000448506806278 0.000163867706436 0.0502070785316
0.00045446878712 0.000263022980699 0.0504535778131
0.000445504095212 0.000362210003039 0.050700514585
0.000424115526023 0.000439398356655 0.0509485720699
0.000394281658072 0.000493604891572 0.0511974408637
0.000356801865535 0.000542326784459 0.0514466260131
0.000312373651764 0.00058967161168 0.0516960017703
0.000265769576506 0.000622001335274 0.051945627935
0.000221204717115 0.000632708036494 0.0521954420072
0.000177584380827 0.000631858965096 0.0524453189869
0.000132326498183 0.000630575685428 0.0526950717621
8.59254583003e-05 0.000628638639836 0.0529448866589
3.97066556908e-05 0.00062171485735 0.0531945773394
-6.4026168313e-06 0.000609938152393 0.0534442055152
-5.25122515908e-05 0.000594172087055 0.0536937094577
-9.83441587648e-05 0.000572017684796 0.053943088774
-0.000143666019343 0.000542150530738 0.0541922188499
-0.000187797433929 0.000507053663779 0.0544412235209
-0.000229672863228 0.000467573871728 0.0546901035586
-0.000268027023462 0.00042056431405 0.0549388585697
-0.000301235558541 0.000366105907994 0.0551873639498
-0.000327912729589 0.000309538966871 0.0554359306506
-0.000347086862943 0.000253483284732 0.055684621177
-0.000357433056933 0.000196582811679 0.055933435927
-0.000357840684857 0.000140310247985 0.0561824370099
-0.000347837784874 8.83653495253e-05 0.0564317494233
-0.000325916846376 3.95792243044e-05 0.0566814356649
-0.000288999273973 -1.18777483123e-05 0.0569314343992
-0.000236092093665 -6.70503308565e-05 0.057181808119
-0.000171256715696 -0.000116758155542 0.0574326193218
-0.000100441013455 -0.000150072658944 0.0576838047339
-2.71966812351e-05 -0.000165403917712 0.0579352405221
4.56379436321e-05 -0.000166360469997 0.0581866766938
0.000114084181262 -0.000151399111996 0.0584381136252
0.0001750120806 -0.000118807634338 0.0586894263091
0.000226332177918 -7.50299617679e-05 0.0589406147502
0.000266101903653 -2.44474502744e-05 0.0591915543486
0.000293033039616 3.82765229548e-05 0.0594423064664
0.000306166733122 0.000114354464076 0.0596928711154
0.000305171379693 0.000193162343564 0.0599432479076
0.000291358442657 0.000263020894294 0.0601934372262
0.000267032733442 0.00032050308125 0.0604434390809
0.000234097573687 0.000368546839426 0.0606933155906
0.000194237661719 0.000408963136038 0.0609431288744
0.000148806826939 0.00044324692496 0.0611928789345
9.80279419709e-05 0.000475672183722 0.0614426282758
4.37549106616e-05 0.000504646545902 0.0616923143986
-1.03993495687e-05 0.000524379631462 0.0619419380695
-6.37634016708e-05 0.000537683592623 0.0621914988906
-0.000116253934415 0.00054853164009 0.0624411218382
-0.000165072423442 0.000549235335326 0.0626906186452
-0.000209750010416 0.000531547298851 0.062939372768
-0.000253802354738 0.000502198818259 0.0631881230328
-0.000299133591602 0.000473958389294 0.0634368770834
-0.000344710072489 0.000446571020822 0.0636856272044
-0.000389447597408 0.00041015201375 0.0639337561111
-0.000432423736463 0.000361576236469 0.0641812638514
-0.000472066418331 0.000302945900414 0.0644281504253
-0.000506160697823 0.000233293529334 0.0646750330692
-0.000532247676111 0.000152907067133 0.0649206695706
-0.000548515164263 6.65567371932e-05 0.0651663021663
-0.000554281830763 -1.95805124929e-05 0.0654119347378
-0.000549981445129 -9.95475632513e-05 0.0656575634754
-0.000535473565608 -0.000172722551827 0.0659031883312
-0.000508418363917 -0.000245024689746 0.066149441973
-0.000467687876913 -0.000317340398068 0.0663956956389
-0.000416147967635 -0.000381489243103 0.0666431992805
-0.000357303013244 -0.000430410194213 0.0668913202065
-0.000293023119086 -0.00046299369512 0.0671406872269
-0.000224759203266 -0.000481706633022 0.0673919176014
-0.000155140696938 -0.000489721726678 0.067643772976
-8.88480173055e-05 -0.000484325930655 0.0678962572083
-3.04276207594e-05 -0.000456750816226 0.0681506124867
1.77867100578e-05 -0.000408158432616 0.0684068427167
5.42195081022e-05 -0.000355594391497 0.0686630845683
7.72895114152e-05 -0.000308981976776 0.0689180881376
8.57362341447e-05 -0.00025929419607 0.0691730879209
7.92304024749e-05 -0.000203856732643 0.0694280877524
6.04843779364e-05 -0.000158015490095 0.0696818415618
3.33678269473e-05 -0.000128959727595 0.069933728183
-1.66321817527e-06 -0.000105329722592 0.0701849860424
-4.52873621035e-05 -7.9085209589e-05 0.070436243974
-9.4909498809e-05 -5.51426302048e-05 0.0706868730719
-0.000146657999856 -3.90829518344e-05 0.0709375021459
-0.000198065591533 -3.15821536724e-05 0.0711868889838
-0.000247053692203 -3.33359118089e-05 0.0714362719639
-0.000292953523684 -4.37321667026e-05 0.0716856587778
-0.000338880220984 -5.53301171539e-05 0.0719350417339
-0.000388038974569 -5.89500070782e-05 0.0721844285718
-0.000438192054127 -5.68760703876e-05 0.0724338115278
-0.000485098900286 -6.18712322276e-05 0.07268381946
-0.000528971034828 -7.75127258111e-05 0.072933827368
-0.00057256379506 -9.05417990647e-05 0.0731844564183
-0.000616608296041 -9.0514624898e-05 0.0734344643267
-0.000659233358218 -8.65096318033e-05 0.0736838511411
-0.000696987982677 -9.68086769776e-05 0.0739344840258
-0.000726565591081 -0.000127848328813 0.0741876013584
-0.000746938355172 -0.000170111928693 0.074441347453
-0.000758082620651 -0.000213923349819 0.0746957184996
-0.000758197763235 -0.000258662532058 0.0749513394742
-0.000746029762112 -0.00030259080522 0.0752063431402
-0.000723348606512 -0.000338590906669 0.075461346758
-0.000690123254288 -0.000365409884466 0.0757163503035
-0.000642124749195 -0.000389808197712 0.0759707288248
-0.000578037999116 -0.000413787382334 0.0762257207244
-0.000504758496725 -0.000428124930422 0.07647945498
-0.000431434656765 -0.000421614996588 0.0767319431657
-0.00036150577469 -0.000392773227814 0.0769819353054
-0.000294301208701 -0.000349255623397 0.077230685185
-0.000231813860481 -0.000296093153879 0.077478181231
-0.000179139161445 -0.000229545106676 0.0777250523011
-0.000139715427414 -0.000146749621839 0.0779700523016
-0.000113959382825 -5.44695613689e-05 0.0782144196104
-0.000101198512812 3.68006053681e-05 0.0784594041793
-0.000100545159166 0.000120375528754 0.0787050176061
-0.00011145697426 0.000195904301887 0.0789506310571
-0.000134659611629 0.000268575091756 0.0791968772236
-0.00017026743065 0.000340307110905 0.0794437445321
-0.000215842069946 0.000406777483369 0.0796906118647
-0.000269599216699 0.000466932732489 0.0799381042211
-0.000329402685369 0.000519992217985 0.0801856004596
-0.000387322496767 0.00055655753067 0.0804343466739
-0.000437658760477 0.000572877101957 0.0806837217699
-0.000485381133163 0.000580666683473 0.080933717984
-0.000533962291296 0.00058732146216 0.081183721938
-0.000578481451567 0.000586360720527 0.0814337220581
-0.000617449286671 0.000574775748947 0.0816843432723
-0.000655175301776 0.000559109812254 0.0819349683443
-0.000692934935565 0.000541948601177 0.0821855972744
-0.000729064104457 0.000519179430735 0.0824362184646
-0.000762850243062 0.000488677502741 0.082686839631
-0.000793457630703 0.000449519759909 0.0829380819152
-0.000819432571456 0.000400916716394 0.0831887069154
-0.000840940176511 0.000349149268327 0.0834393280814
-0.000859223054784 0.000302579000222 0.0836905741995
-0.000872785464986 0.000258963095916 0.0839405780573
-0.000876350915152 0.000208240858045 0.0841912030332
-0.000865304217026 0.000146519580898 0.084441828009
-0.000841958865569 8.46036988117e-05 0.0846924529847
-0.000813606533629 3.77091374945e-05 0.0849430895341
-0.000780368280186 5.66771108021e-06 0.0851937222256
-0.000732405211213 -2.53986879523e-05 0.0854437337751
-0.000664190768833 -6.16412289926e-05 0.0856943703245
-0.000584362217347 -9.18524224626e-05 0.0859450068499
-0.000507074895852 -9.92742065123e-05 0.0861956472331
-0.000438072081339 -7.82040716615e-05 0.0864456665222
-0.000374084806384 -3.74571827149e-05 0.0866963030476
-0.000313539909409 1.22470918695e-05 0.0869463107393
-0.000261307871572 7.04221285372e-05 0.0871963184309
-0.000222309715024 0.000139534232026 0.0874463183827
-0.000196679311199 0.000211765742499 0.0876963183348
-0.000183109235123 0.000277436308129 0.0879463144288
-0.000182498849091 0.000337916714641 0.088195685523
-0.000195987438883 0.000397619131452 0.0884456777592
-0.00022210574033 0.000454374504887 0.0886956661377
-0.000256946241081 0.000502018281702 0.0889450333979
-0.000296910287549 0.000537493076131 0.0891950218003
-0.000342732849401 0.000566081608208 0.0894450101788
-0.000396945409494 0.000593911254506 0.0896950024391
-0.000456092180139 0.000617236457897 0.0899443774392
-0.000512884547986 0.000628578908963 0.0901943697238
-0.000564162101963 0.000626870266925 0.0904443658662
-0.000611058550203 0.000615654436788 0.0906943620324
-0.000656545031029 0.00059987890621 0.0909437370808
-0.000703045515619 0.00058407602216 0.0911931082472
-0.000748779748026 0.000567053432649 0.0914431043895
-0.000790708572995 0.000543736479903 0.0916924794137
-0.00082962676039 0.000514330297358 0.0919412332959
-0.000868460474223 0.000484986510383 0.0921906043901
-0.000907670101062 0.000457723791692 0.0924393543901
-0.000943281004333 0.00042273811133 0.0926881043659
-0.000970081811148 0.00036894225182 0.0929362331996
-0.000986553222682 0.000298590352732 0.0931837370573
-0.00099253429966 0.000218573699327 0.0934299948448
-0.000986408341969 0.000132024618643 0.0936762487744
-0.000969151409097 4.56784626514e-05 0.093922502704
-0.0009431725055 -3.38727481425e-05 0.0941687527757
-0.000907924912338 -0.00010616572059 0.0944150028478
-0.000860879675774 -0.000173202358683 0.0946618740618
-0.000799714426267 -0.000236470250252 0.09490937411
-0.00072721180945 -0.000292516615705 0.0951574991343
-0.000652410274277 -0.000332946248618 0.0954062491349
-0.00058243590795 -0.000352633848943 0.0956574875135
-0.000518392228411 -0.00035333907634 0.0959099835597
-0.000460014712469 -0.000339354940786 0.096163725724
-0.000409645384143 -0.000312900602203 0.0964187216981
-0.000370389515667 -0.000275452283918 0.0966743465298
-0.000344225863498 -0.000229940615785 0.0969312174793
-0.000333899742816 -0.000176842884735 0.0971880961446
-0.000342149443709 -0.000115420366548 0.097444967166
-0.000367056562357 -5.31470845607e-05 0.0977024632592
-0.000402607813322 -2.2855316547e-06 0.0979574710465
-0.000444759056295 3.27952540581e-05 0.0982112250002
-0.000492497425049 5.4722969219e-05 0.0984637250485
-0.000544750283043 6.60068529501e-05 0.0987149751209
-0.000600048512582 6.83645477004e-05 0.0989656002894
-0.000656577952316 6.30038184815e-05 0.0992149794116
-0.000711513739562 5.00452848411e-05 0.0994643507702
-0.000762368642521 2.99035827277e-05 0.0997130971047
-0.000809439199769 5.07065894378e-06 0.0999618472492
-0.000854209908974 -2.17089466094e-05 0.10021059737
-0.000895720121385 -5.04217629189e-05 0.10045934749
-0.000933153703789 -8.17515187737e-05 0.100708722538
-0.000967986304082 -0.000114670657048 0.10095809761
-0.00100124555218 -0.000148296569262 0.101208097634
-0.0010323142939 -0.000183212718791 0.101458097682
-0.00106074111361 -0.000219532111821 0.101708718872
-0.00108703577446 -0.000255410279873 0.101959343897
-0.00110988595263 -0.000291544410659 0.102209972803
-0.0011240087978 -0.000334083333944 0.102461840063
-0.00112644976451 -0.000384165327073 0.1027143323
-0.0011231117908 -0.000430606895761 0.102966828395
-0.00112080324109 -0.000464178301894 0.103219328323
-0.00111489904769 -0.000490206834899 0.103471207109
-0.00109530806635 -0.000517044992548 0.103723706989
-0.00105991343334 -0.000543022141402 0.103976206845
-0.00101123491057 -0.000562984348665 0.104229331629
-0.000949778089156 -0.000574817865819 0.104481831436
-0.000880791235065 -0.000574258945108 0.104734327362
-0.00081400728026 -0.000555235680694 0.104985577217
-0.000751111036679 -0.000518345205026 0.105235577073
-0.000687026413415 -0.000470838757664 0.10548495581
-0.00062316318048 -0.000417557478872 0.105734330689
-0.000568344012188 -0.00035735491975 0.105983076687
-0.000529183713753 -0.000288728846216 0.106231193875
-0.0005066416541 -0.000214232738316 0.106478064969
-0.000500366893446 -0.000137090839476 0.106725557181
-0.000511309303296 -5.81088242674e-05 0.106971807158
-0.000538775498288 2.03327756621e-05 0.107218682134
-0.000578977783736 9.26579696846e-05 0.107464932158
-0.000629185267397 0.000155958873621 0.107712432158
-0.000689103975132 0.000210881585789 0.107959314946
-0.000754778057072 0.000254828602894 0.108206822734
-0.000818265690026 0.000283083506029 0.108454955546
-0.000876528883029 0.000296701578963 0.108703713381
-0.000933875723186 0.000301940371278 0.108953092359
-0.000995862964589 0.000304492651295 0.109201857958
-0.00106303622797 0.000306187616231 0.109451244699
-0.00112827111741 0.000304365870875 0.109700010322
-0.00118351444165 0.000295570539845 0.109950018206
-0.00122755471818 0.000279491311593 0.110199404947
-0.00126325473555 0.000257374517966 0.11044941664
-0.0012926271988 0.00022926782393 0.11070004557
-0.00131646976866 0.00019427594495 0.110950674475
-0.00133496068686 0.000151723931216 0.111201924475
-0.00134961709582 0.000104081280493 0.11145317445
-0.00136269926757 5.62632208448e-05 0.111704424402
-0.00137158425691 7.50314149515e-06 0.11195567433
-0.00137105067854 -4.57004229071e-05 0.11220754921
-0.00136173426798 -9.95510158099e-05 0.112459420208
-0.00134590247274 -0.000149203581594 0.112711295088
-0.00132111531324 -0.000194986290782 0.112963791062
-0.00128582087655 -0.000236069966798 0.113216283179
-0.00124037198183 -0.000270045062291 0.113468775295
-0.00118351181371 -0.000296064942132 0.11372188853
-0.00111871064746 -0.000310750003779 0.113974376788
-0.00105665526584 -0.000307565022575 0.114226865046
-0.0010031162691 -0.00028385191278 0.114478107211
-0.000952305797532 -0.000244219506755 0.114728720541
-0.000898636087261 -0.000194770944649 0.114978712753
-0.000847900133357 -0.000136052218622 0.115228701084
-0.000809962384575 -6.51489773592e-05 0.115477443344
-0.00078702682903 1.56920862137e-05 0.115725556723
-0.000776872550876 9.97380647194e-05 0.115972431747
-0.000782074076668 0.000185586364342 0.116218677914
-0.000807815336342 0.000276119479682 0.11646430682
-0.000852188896924 0.000366747224465 0.116709939584
-0.000905331812844 0.000445308188651 0.116954951231
-0.000959016580602 0.000504585988833 0.117201208995
-0.00101131398234 0.000546073158696 0.117448716686
-0.00106396351335 0.000574686876465 0.117696849378
-0.00112017796957 0.00059537820486 0.117944985975
-0.00117887014454 0.000608894985232 0.118194368667
-0.00123285388639 0.000612283377566 0.118443759122
-0.00127875468122 0.000605637752453 0.118693766885
-0.00131976827334 0.000592364760256 0.118943782364
-0.00135987934755 0.00057550074185 0.119194415151
-0.00140154980679 0.000557192722386 0.119445051796
-0.00144354252761 0.000537846083335 0.119695067323
-0.00148072296263 0.000514936067634 0.119945696277
-0.00150885487468 0.000484885065474 0.120196946325
-0.00152861071926 0.000446740567761 0.120447575254
-0.0015450141441 0.000404597350732 0.120698200302
-0.001562588551 0.000363914007503 0.120948204208
-0.00157976696488 0.000324324321671 0.121198829208
-0.00159098338504 0.000280999547698 0.12144883309
-0.00159311242769 0.000232197273003 0.121698208114
-0.00158645296761 0.000180149277697 0.121947583138
-0.00157120348391 0.000127231664869 0.122196337044
-0.00154240517861 7.21851945572e-05 0.122444462092
-0.00149304403878 1.37179024998e-05 0.12269196607
-0.00142780273356 -4.13936625923e-05 0.122939470072
-0.00135924890395 -8.39885161559e-05 0.123186974075
-0.00128807991249 -0.00011330537858 0.123434478078
-0.00120711704212 -0.00013253763903 0.123682603223
-0.00111831088237 -0.000141270509213 0.123931357225
-0.00103108236744 -0.000137408047682 0.124181361204
-0.000953674221527 -0.00012039979227 0.124431994017
-0.000890840994297 -9.13165521806e-05 0.124684494042
-0.000843595218655 -5.29732054429e-05 0.124938869018
-0.000810571668474 -9.87303324829e-06 0.125193251734
-0.000791640116858 3.41783558066e-05 0.125448880543
-0.000791040214709 7.95432575948e-05 0.125705134328
-0.00081332912024 0.000127740890466 0.125962634231
-0.000853346684281 0.000172728596146 0.126220126466
-0.000898160032948 0.000203763207549 0.126476993702
-0.00094159825913 0.000217673626082 0.126731989819
-0.000987321672237 0.000219031178008 0.126985739819
-0.00103936298129 0.000211792290769 0.127238857031
-0.00109748494114 0.000196959545755 0.127491962621
-0.00115779139572 0.000174138177714 0.127744439329
-0.00121337571425 0.000142817484574 0.12799629099
-0.00125644162424 0.000103302052547 0.128246900366
-0.00128257288968 5.72917536509e-05 0.1284962636
-0.00129547859041 7.81015843323e-06 0.128745005716
-0.00130412156496 -4.19072934694e-05 0.128993751666
-0.00131305144585 -9.02098270514e-05 0.129242493757
-0.00131965368736 -0.00013775178686 0.129491860873
-0.00132007382054 -0.000186456873095 0.12974123187
-0.00131367230431 -0.000237534987468 0.129989981822
-0.00130303590672 -0.000290035479935 0.130238735655
-0.00129024297914 -0.00034219788492 0.130488106821
-0.00127295472721 -0.000394419880298 0.130736856893
-0.00124606440985 -0.000448446105064 0.130985610871
-0.00120634036783 -0.000504073568151 0.131233747637
-0.00115357623556 -0.000558653456507 0.131481884404
-0.00109126255638 -0.000607813308754 0.131730017313
-0.00102864274626 -0.000646045756345 0.131977525222
-0.000974095329507 -0.000670200056441 0.132225658106
-0.000922763314333 -0.000682214568102 0.132473787109
-0.000861557966806 -0.000684657220449 0.132721291136
-0.000786929918724 -0.000676343953216 0.132968795162
-0.00070668356149 -0.00065445075989 0.133215049213
-0.0006306475943 -0.000617435982499 0.133461307097
-0.000566762500607 -0.000565012997337 0.133708182217
-0.000516489280997 -0.000498649494083 0.133955057337
-0.000473085301126 -0.000423044924179 0.134201311315
-0.000433123963599 -0.000344418555568 0.134448182553
-0.000404375700239 -0.000265533575009 0.134695678743
-0.000394442462847 -0.000186929111295 0.134943178767
-0.00040089344311 -0.00011216952733 0.135191311482
-0.00041889976742 -4.5431406186e-05 0.135440694149
-0.00044745580231 1.19336185569e-05 0.135690080674
-0.00048634662556 5.97068150399e-05 0.135940088269
-0.000535208574538 9.79031143187e-05 0.13619072084
-0.000590680259443 0.000125467214472 0.136442599528
-0.000643786356651 0.000140171514701 0.136693860933
-0.000690047817776 0.000142783524003 0.136945751171
-0.000734877867703 0.000136895992333 0.137197641433
-0.000779587805187 0.00012419255095 0.137450156671
-0.000815879160244 0.000104632736843 0.137702664217
-0.000841299976318 7.9606819333e-05 0.13795455067
-0.00086401087152 5.145156395e-05 0.13820642943
-0.000889160805184 2.18642657476e-05 0.138458933215
-0.00091336619619 -8.45710318449e-06 0.138710812024
-0.000932126685758 -3.94205611765e-05 0.138963304259
-0.000945415713341 -7.08564608483e-05 0.139215167661
-0.000956143638364 -0.000101967827519 0.13946702723
-0.000965008597847 -0.000132601511894 0.139718265705
-0.000967072524209 -0.000165057009835 0.139970129179
-0.000954309886585 -0.000202994160003 0.14022137156
-0.000925016603219 -0.000246040243287 0.140472617775
-0.000888172702517 -0.000288277154307 0.140723860085
-0.000850566118318 -0.000325275509789 0.140975094678
-0.000806143428809 -0.000357708374892 0.14122570039
-0.00074630511904 -0.000385793145847 0.141475685032
-0.000671702118178 -0.000406320171355 0.141725048531
-0.000589294557736 -0.000415458019882 0.141974412054
-0.00050649359565 -0.000410892936723 0.142223150578
-0.000430186216001 -0.000391749760717 0.142471264124
-0.000361123348053 -0.000358465457655 0.142719373789
-0.000293577652767 -0.000312200557951 0.142966866194
-0.000228513809675 -0.000254493276492 0.143214362456
-0.000175374985893 -0.000187173211393 0.143461862552
-0.000140124575426 -0.000112282378119 0.143709358814
-0.000123292931515 -3.23655201054e-05 0.143956858933
-0.000126397545005 5.02145421235e-05 0.144204984029
-0.000151876031265 0.000133519795554 0.1444537341
-0.000195217620938 0.000213298552903 0.144702499604
-0.000244925246596 0.000282584491195 0.144951886177
-0.000295468695229 0.000337541220241 0.145201276607
-0.000348480980489 0.000378441269478 0.145451913108
-0.000403003383117 0.000405662171015 0.145701928491
-0.000459598250722 0.000420494504805 0.145953193826
-0.000521762547412 0.000424744692354 0.146204459184
-0.000585284541392 0.000418544792178 0.146455720661
-0.000640362007386 0.000402321428598 0.146707595516
-0.000684399612068 0.000378342645287 0.146959470347
-0.00072072892117 0.000349128028103 0.147210727942
-0.000748652053033 0.000316504489592 0.147461981679
-0.000767423749142 0.000281889434087 0.147713848867
-0.000780304336925 0.000246127594819 0.147965091078
-0.000786191713145 0.000209434549369 0.148216333314
-0.000781395866109 0.000170982389004 0.148466954432
-0.000769356129497 0.000130060044954 0.14871820055
-0.000757726745316 8.78995834397e-05 0.148968825574
-0.000748446272587 4.61634574149e-05 0.149220071716
-0.000736300128553 4.65829802349e-06 0.149470692882
-0.000716517562203 -3.72240500413e-05 0.149721935215
-0.000690873553534 -7.801256805e-05 0.149972556406
-0.000664616200801 -0.000115175659658 0.150223177596
-0.00063845821261 -0.000147767355185 0.150473177669
-0.000604754503313 -0.000176444981975 0.150723791143
-0.000554657186293 -0.000200473343244 0.150973779666
-0.000491266642726 -0.000216463865494 0.151223147047
-0.000426367332885 -0.000221305510791 0.151472514428
-0.000361676825103 -0.000213830731869 0.151721874069
-0.000290004976539 -0.000192852844573 0.151971237544
-0.000214910214351 -0.000157647916525 0.1522199799
-0.000151245499129 -0.000109433013027 0.152468722257
-0.000107163921779 -4.9915673073e-05 0.152717464613
-7.76427028329e-05 1.95418202656e-05 0.15296620697
-5.52292788039e-05 9.60700669651e-05 0.15321557816
-3.96865230556e-05 0.000175054941626 0.15346433209
-3.52008381428e-05 0.00025203902397 0.153713707138
-4.32312027016e-05 0.000323396244202 0.153963711019
-6.29706539028e-05 0.000386352786543 0.154213097617
-9.6947787068e-05 0.000439999384199 0.154463105356
-0.000148556545479 0.000484269418044 0.154713738048
-0.000212066864604 0.00051710204461 0.154964374597
-0.000275054245673 0.000536011248354 0.155215014981
-0.000332656152245 0.000541457226347 0.155466276506
-0.000388660647698 0.000535519746094 0.155716916889
-0.000446296395647 0.00051955527543 0.155968170674
-0.000506211795801 0.000494392329899 0.1562188072
-0.000564537904793 0.00046120135072 0.156470057127
-0.000611423677244 0.000422538082968 0.156720685937
-0.000640625812218 0.000381527071003 0.156971310865
-0.000657400047326 0.000339585282667 0.157221935816
-0.000670298466849 0.000296731189175 0.157472556934
-0.000680306967627 0.000253552049253 0.157723178028
-0.000683967732127 0.000210569092829 0.157973178028
-0.000681485593666 0.000167461220339 0.158223795288
-0.000676026751358 0.000124004781516 0.158473795288
-0.00066692416385 8.0213407972e-05 0.158723791454
-0.000649516129321 3.55934948542e-05 0.158973791478
-0.00062427251912 -9.24453452539e-06 0.159223787644
-0.000597530893144 -5.22407364825e-05 0.159473783787
-0.000568101301258 -9.25175658045e-05 0.159723779953
-0.000527817195105 -0.000129711711116 0.159973776143
-0.000475964203776 -0.000161620597187 0.160223772333
-0.000415466170721 -0.000185659403788 0.160473151264
-0.000343064385782 -0.000199337491194 0.16072314743
-0.000258907692945 -0.000199935784719 0.16097314362
-0.000176041055369 -0.000186819478294 0.161222514811
-0.000110380151184 -0.000162196905553 0.161472511001
-6.50185918277e-05 -0.000127612995403 0.161722511049
-2.87332361745e-05 -8.15730008252e-05 0.161973128333
8.32737872377e-06 -2.2982648016e-05 0.162223128381
4.06661800903e-05 4.49571428067e-05 0.162473749524
5.44235331246e-05 0.000117329885274 0.162724374548
4.51376661753e-05 0.000191212112252 0.162974999548
1.99917219376e-05 0.000263880050339 0.16322624569
-1.56595208836e-05 0.000331282376299 0.163476874547
-6.37843875107e-05 0.00038994851002 0.163728124523
-0.000123590801481 0.000437270409 0.163978753405
-0.000186074596977 0.000470757404272 0.164229386121
-0.000245269073997 0.00048961728808 0.164480014978
-0.00030366828885 0.000494846303137 0.16473064386
-0.000362408595431 0.000487564051069 0.16498126886
-0.00041876335787 0.000468982068353 0.1652312766
-0.000467897149749 0.000441080888328 0.165481280458
-0.000504324747024 0.000406760438507 0.16573128434
-0.000532223667074 0.000367764993109 0.165981288198
-0.000561861969774 0.000323479912049 0.166231288174
-0.000591646542848 0.000275111999159 0.166481288174
-0.000611971936167 0.000226344221069 0.16673128815
-0.000621770251414 0.000178686575593 0.16698128815
-0.000625971033533 0.000131548422883 0.167230667007
-0.000624763046294 8.50909938557e-05 0.167480667007
-0.000615870625728 3.9390682822e-05 0.167730667007
-0.000601175600638 -6.23177992809e-06 0.167980042031
-0.000585895062312 -5.18324508146e-05 0.168230042031
-0.000573923781668 -9.65704575124e-05 0.168479417079
-0.000563750132497 -0.000139794822678 0.168729417103
-0.00054884101222 -0.00018136293391 0.168979413269
-0.000523275511941 -0.000220703004513 0.169228792175
-0.000483889102001 -0.000256205311261 0.169478788341
-0.000429710267328 -0.000285242744929 0.169728788365
-0.000366878808391 -0.000305394351595 0.169978784555
-0.000307070640797 -0.00031606064897 0.170228784579
-0.00024964152951 -0.000316091573001 0.170478784603
-0.00018050082661 -0.000300606477866 0.170728784651
-9.90157595632e-05 -0.000266842321884 0.170979405793
-2.40218027751e-05 -0.000219231223196 0.171230026936
2.99229181944e-05 -0.000163445936058 0.171480651936
6.31901655301e-05 -0.000101063709586 0.171731276912
8.24121786795e-05 -3.20523633634e-05 0.17198252303
9.23075785568e-05 4.16900187583e-05 0.17223314803
9.25096283878e-05 0.000115748124845 0.172483776888
7.84556954766e-05 0.000185275615836 0.172735023006
4.74588582355e-05 0.00024703352787 0.172985651864
2.96932188193e-06 0.000298972065309 0.173236280721
-5.08010009424e-05 0.000339339405761 0.173486909555
-0.000113946079388 0.000366818403943 0.173737534555
-0.000185731929274 0.000380594345766 0.173988163413
-0.00026136135633 0.00038046356699 0.174238171153
-0.000337407438963 0.000366801983372 0.174488796129
-0.000413305804009 0.000340110805217 0.174738796153
-0.000485751580779 0.00030180720261 0.174988796153
-0.000546030325289 0.000255788128843 0.175239421153
-0.000586312310817 0.000207512762211 0.175489421153
-0.000608007142555 0.000160121738785 0.175739417319
-0.000618873172152 0.000113490353382 0.175989417319
-0.000622358814977 6.77747474956e-05 0.176239417343
-0.000619108598633 2.35102160571e-05 0.176489413485
-0.000615079864259 -2.12051107736e-05 0.176738792367
-0.000614119810256 -6.70073709957e-05 0.176988792391
-0.000608905810405 -0.000111223094897 0.177238788533
-0.0005920241359 -0.000152841719053 0.177488788557
-0.000567947663359 -0.000193690156485 0.177738788557
-0.000543473817184 -0.000234392439157 0.177988788581
-0.000515513555557 -0.000273788595989 0.178239405864
-0.000477251518423 -0.000310227261038 0.178489405864
-0.000427587856982 -0.000342032697981 0.178739405888
-0.000370165837018 -0.000367527113117 0.178990027031
-0.000310138951327 -0.000385546570157 0.179240027055
-0.000252020498485 -0.000395530741146 0.179490644339
-0.000195664643731 -0.000396288785722 0.179740644363
-0.000137028959543 -0.000385058217689 0.179991265505
-7.53253928096e-05 -0.000359590026326 0.180241886647
-1.72906991862e-05 -0.000321092467567 0.180493128907
2.61884421611e-05 -0.000274175238043 0.180743753907
4.821580161e-05 -0.000222718482171 0.180994378907
5.25855371962e-05 -0.000165453982024 0.181245003907
4.93304134286e-05 -9.88811681022e-05 0.181496250025
4.20822580195e-05 -2.48824099327e-05 0.181746871143
2.41904629904e-05 4.89500742861e-05 0.181998117261
-1.04053541754e-05 0.000116205610606 0.182248742237
-5.79821825833e-05 0.000174202308927 0.182499363379
-0.000112469187475 0.000220907483146 0.182749988379
-0.000174302287144 0.000253825277918 0.182999992236
-0.000241840189759 0.000271918489019 0.18324999226
-0.000305535735496 0.000276528132001 0.183499996118
-0.000360262348068 0.000269594228385 0.183749996118
-0.000409606718393 0.000251885462904 0.184
-0.000454086675963 0.000224817379407 0.18425
-0.000487174136981 0.000192425143196 0.1845