1480
-0.000378571906291 -0.000517220528943 -0.185
-0.0003341712713 -0.000528660094563 -0.18475
-0.000290433558914 -0.000544338722519 -0.1845
-0.00024702881061 -0.000561372159574 -0.18425
-0.000201036878674 -0.000573835639456 -0.184
-0.000151411894596 -0.000579628594719 -0.183750003858
-0.000100610341036 -0.000580789406176 -0.183500003882
-5.25541377241e-05 -0.000580863951824 -0.183250003882
-8.34075800119e-06 -0.000580110165353 -0.182999382788
3.58293555741e-05 -0.000571891894892 -0.182749382788
8.27250230041e-05 -0.000548787759213 -0.18249938667
0.000129244275717 -0.000510729225663 -0.18224938667
0.000169077497647 -0.000464409821832 -0.181999386694
0.000196774130908 -0.000418643633887 -0.181749382837
0.000211121497009 -0.000375413299616 -0.181499378979
0.000214963095077 -0.000324492897703 -0.181249375145
0.000209824833843 -0.000256023864909 -0.180999367429
0.000193693074755 -0.000173993874269 -0.180749359714
0.000164305200941 -9.07635041053e-05 -0.180499355856
0.000121405619571 -1.68631787158e-05 -0.180249351998
6.52008445054e-05 3.89630037694e-05 -0.179999344282
-4.14551389221e-06 7.09337544103e-05 -0.179749340424
-8.2637906541e-05 8.25293105433e-05 -0.179499336566
-0.00016133997988 8.3130362626e-05 -0.179249332684
-0.000232046790997 7.85142010626e-05 -0.178999953802
-0.000291725804489 6.83510490087e-05 -0.178749953802
-0.000343115561331 4.68882192149e-05 -0.178499953778
-0.00039093394644 6.40812947198e-06 -0.178249953778
-0.000434206130756 -5.26821833847e-05 -0.17800057873
-0.000466239752065 -0.000119064707678 -0.17775057873
-0.000482936317899 -0.000181940100317 -0.177500582564
-0.00048632131201 -0.000240060358304 -0.177250586422
-0.000480424866561 -0.000298218565804 -0.177001211373
-0.000467626897967 -0.000359634176255 -0.176751215207
-0.00044872623825 -0.000423263119889 -0.176501215207
-0.00042364432941 -0.000482302883407 -0.176251840159
-0.0003923809643 -0.000527993884079 -0.176001840159
-0.000356540039868 -0.000560444342134 -0.175751840159
-0.000318574243127 -0.000587082735427 -0.175501844017
-0.000279851401589 -0.00061117020611 -0.175251844017
-0.000240291285862 -0.000631709870993 -0.175001844017
-0.000199948659065 -0.000649055955289 -0.174751844041
-0.00015927219056 -0.000664449313786 -0.174501844041
-0.000116814220647 -0.000675079452974 -0.174251844065
-6.77572417316e-05 -0.000672014155854 -0.174001844065
-9.51511342229e-06 -0.000648670965877 -0.173751844065
5.18986465334e-05 -0.000611328611965 -0.173501844089
0.000107065212792 -0.000573434051463 -0.173251844089
0.000152935839795 -0.000539134188306 -0.173001844089
0.000192055292999 -0.000500602491296 -0.172751844113
0.000225204127098 -0.000451076725123 -0.172501840255
0.000250151430078 -0.000390322194945 -0.172251219137
0.000264234956341 -0.000320708582542 -0.172001219137
0.000265073784127 -0.000247501781605 -0.171751219137
0.000250958668142 -0.00017878340937 -0.171501219137
0.000221589553367 -0.00011973665911 -0.171251219137
0.000177977809292 -6.92299777849e-05 -0.171001215279
0.000121877515187 -2.56161990723e-05 -0.170751215279
5.51325001193e-05 7.58401528882e-06 -0.170501215279
-1.92743717967e-05 2.8332960224e-05 -0.170251215279
-9.60137948384e-05 3.95431841599e-05 -0.170001215279
-0.000171071749873 3.9038967782e-05 -0.169751215279
-0.000243685013022 2.01025182537e-05 -0.169501215255
-0.000310625917552 -1.53469880031e-05 -0.169251215255
-0.000367194430761 -6.07486566602e-05 -0.169001836373
-0.00041295407542 -0.000116981081037 -0.168751832516
-0.000447714490895 -0.000184261629769 -0.168501832516
-0.000468404293843 -0.000253623437106 -0.168251832516
-0.000473790938518 -0.000315955768272 -0.168001832516
-0.000466047209684 -0.000368650866029 -0.167751828658
-0.00044835520819 -0.000413012785581 -0.167501828658
-0.000423535461059 -0.000452404458327 -0.167251828658
-0.000393590107294 -0.000490788768412 -0.167001828658
-0.000359424293047 -0.000527012251845 -0.166751824824
-0.000321528044868 -0.000554837187231 -0.166501824824
-0.00028079420733 -0.000574651289382 -0.166251824824
-0.000238710416525 -0.000595541461224 -0.166001824824
-0.000196904493268 -0.000620934093211 -0.165751824824
-0.000155428776793 -0.00064363269917 -0.1655018248
-0.000113011999172 -0.000657792552668 -0.165251199824
-6.96194041717e-05 -0.000665716728693 -0.165001199823
-2.56838652767e-05 -0.000669390705169 -0.164751199823
1.93671811736e-05 -0.000666920383767 -0.164501199823
6.42289096349e-05 -0.000660407152763 -0.164251199799
0.000107597663989 -0.000651149894178 -0.164001199799
0.000151330004723 -0.000629948748519 -0.163751203657
0.000195269339877 -0.000588975995444 -0.163501203657
0.000234984121298 -0.000531947898619 -0.163251203633
0.000265959811834 -0.00046641989603 -0.163001207491
0.000285271407606 -0.000399108071825 -0.162751207491
0.000291591471086 -0.000332641330667 -0.162501207491
0.000284400594106 -0.000261031824634 -0.162251832467
0.000262900761942 -0.000178505438287 -0.162001836325
0.00022705057417 -9.3058046818e-05 -0.161751840183
0.0001784917413 -2.13877538123e-05 -0.161501840183
0.000119326610256 2.76820788532e-05 -0.161251844041
5.16239614612e-05 5.63153645002e-05 -0.161001847923
-2.18186024464e-05 6.86077797613e-05 -0.160751847923
-9.7237956117e-05 6.71227412259e-05 -0.160501847923
-0.000170040406507 5.49910079125e-05 -0.160251230663
-0.000236052014185 3.40846735817e-05 -0.160001230663
-0.000293223517953 2.54923235842e-06 -0.159750605687
-0.000341085247388 -4.26000088558e-05 -0.159500605687
-0.000378760206294 -0.000101022937174 -0.159249980711
-0.000404400136714 -0.000167359963825 -0.158999355735
-0.000416799943108 -0.000235476202964 -0.158749351877
-0.00041647774618 -0.000303052037971 -0.158498726901
-0.000404672652224 -0.000369699615554 -0.158248101925
-0.000382764082289 -0.000435310616096 -0.157998101925
-0.00035215269015 -0.000498433647468 -0.157747476949
-0.000314806411039 -0.00055338839687 -0.157496855831
-0.00027338522174 -0.000595271601632 -0.157246851974
-0.00023023484985 -0.000624348762183 -0.156996851974
-0.000186657553403 -0.000643820340404 -0.156746848116
-0.000143279746569 -0.000657636333094 -0.156496848116
-0.000100406828103 -0.000666851409353 -0.156246226998
-5.76811868292e-05 -0.000668432611706 -0.155996226998
-1.36426036041e-05 -0.000658836361663 -0.155746848116
3.31373340576e-05 -0.000637172349252 -0.155496848116
8.20718414297e-05 -0.000607967709418 -0.15524684814
0.000130669567633 -0.000577559282828 -0.154997469258
0.000177182891537 -0.000546481538567 -0.154747469258
0.000220930101814 -0.000511006976812 -0.154497469258
0.000261094812516 -0.000466769229567 -0.1542480904
0.000296023719328 -0.000410543374386 -0.1539980904
0.000322945668091 -0.000346939920148 -0.153748711518
0.000339831408308 -0.000287275357506 -0.153499336517
0.000346508305148 -0.000237218390731 -0.153249336517
0.000342571178292 -0.000189892913528 -0.152999957635
0.000325864731833 -0.000135094804994 -0.152749961493
0.000294846233698 -7.42528279955e-05 -0.152500586469
0.000250443655726 -1.85566543623e-05 -0.152250590351
0.000194336769099 2.51752991541e-05 -0.152001211469
0.000127961957355 5.79889250934e-05 -0.151751215327
5.39492923386e-05 8.15042019376e-05 -0.151501840303
-2.36232952202e-05 9.29640087324e-05 -0.151251840279
-0.000100655990061 8.77409981755e-05 -0.151001844137
-0.000173716473089 6.45848914181e-05 -0.150751844137
-0.000239485772276 2.63304038787e-05 -0.150501847994
-0.000295188157306 -2.49691106797e-05 -0.150251847994
-0.000338857135948 -8.80892322996e-05 -0.15000184797
-0.000368532078862 -0.000155709026096 -0.149751226852
-0.000383165693079 -0.000215839959233 -0.149501222971
-0.000384247093873 -0.000261824852884 -0.149251222947
-0.000374756172105 -0.000298846938687 -0.149001222923
-0.000356349100648 -0.00033963786325 -0.148751222899
-0.000328884085139 -0.000389590442744 -0.148500601757
-0.000292941182756 -0.000442656979545 -0.148250601757
-0.000250566388172 -0.000491729122226 -0.148000597875
-0.000204324470692 -0.000532790552976 -0.147750597851
-0.000156952626814 -0.000562625726848 -0.147500597851
-0.000110499836401 -0.000579605988241 -0.147249976709
-6.51057667635e-05 -0.000587089169324 -0.146999976709
-1.97435154434e-05 -0.00059280357038 -0.146749976709
2.52970319001e-05 -0.000599663480551 -0.146499976733
6.91429328364e-05 -0.000600473114834 -0.146249976733
0.00011250228329 -0.000588406523914 -0.145999976757
0.00015610817111 -0.000568509958921 -0.145749976781
0.000198980733453 -0.000551162074554 -0.145499976829
0.000240324165494 -0.000535781350492 -0.145249976853
0.0002800479212 -0.000509439035418 -0.144999976877
0.000316606448128 -0.000464218207588 -0.144749976901
0.000347061874178 -0.000405221708907 -0.144499976925
0.000368820229552 -0.000337684716877 -0.144250598067
0.000379682713765 -0.000263773637526 -0.144000598091
0.000378759307834 -0.000190650500048 -0.143750598091
0.000365741504455 -0.000122191311595 -0.143500598115
0.000338724480823 -5.33773942689e-05 -0.143250598115
0.000296867495055 1.59687481826e-05 -0.143000598115
0.000242876822626 7.71307411174e-05 -0.142750598115
0.000180146393865 0.000123489475029 -0.142500594281
0.000111365203439 0.000152650279653 -0.142250594281
3.9356907088e-05 0.000162181081595 -0.142000594281
-3.37032287351e-05 0.000153103456284 -0.141749973163
-0.000105593280164 0.000131465184443 -0.141499973163
-0.000172533199664 9.90970009135e-05 -0.141249969305
-0.000230895639888 5.16675923264e-05 -0.140999969305
-0.000278287924716 -9.74925829868e-06 -0.140749348187
-0.00031282788222 -7.88514745608e-05 -0.140499348187
-0.000333173954199 -0.000154605905324 -0.140248727069
-0.000338526695999 -0.000236730091073 -0.139998109785
-0.000329189275187 -0.000318415524306 -0.139748109761
-0.000307052275742 -0.000391403575498 -0.139497492501
-0.000275600051294 -0.000448760722759 -0.139247492477
-0.000239186475798 -0.000486013459224 -0.138996871335
-0.000199851431133 -0.000508802198551 -0.138746875193
-0.000156221444369 -0.000528834981822 -0.138496879027
-0.000108851425684 -0.000547779966453 -0.138246879027
-6.08900935148e-05 -0.000560260287464 -0.137996879003
-1.36344001379e-05 -0.000566090445208 -0.13774688286
3.22733081207e-05 -0.00056562205936 -0.137496261742
7.56890689974e-05 -0.000555915980756 -0.13724688286
0.000117810754688 -0.000538915743625 -0.136996886718
0.000160526031976 -0.000521461649131 -0.136746886718
0.000203149904294 -0.000503154266298 -0.136496886718
0.000244173213586 -0.000475982180481 -0.136246886718
0.000283298914873 -0.000440442618203 -0.135996886718
0.000320570321846 -0.000407501518541 -0.135746890576
0.000355417621193 -0.000379791764194 -0.135496890576
0.00038586713931 -0.000345770755335 -0.135246890576
0.000408596652858 -0.00029531965056 -0.134997511694
0.000421084160309 -0.000231475588871 -0.134747511694
0.000423461243782 -0.00016623737203 -0.13449751167
0.000417368686507 -0.000109530789541 -0.134247507812
0.000402643841671 -6.20293939909e-05 -0.133997507812
0.000374699088624 -1.44482341637e-05 -0.133747503954
0.000328197057194 4.11019220804e-05 -0.133497503954
0.000265363957046 9.71726836758e-05 -0.133248121215
0.000193881584255 0.000139404030613 -0.132998117357
0.000118557025891 0.000162313921838 -0.132748113499
4.19435498859e-05 0.000166213918993 -0.132498109641
-3.29521680072e-05 0.000151228070103 -0.132248105783
-0.000103797731312 0.000120929620388 -0.131998101926
-0.00016794311394 8.06439233712e-05 -0.131748101926
-0.00022157287318 2.97283931263e-05 -0.13149810195
-0.00026195233414 -3.28791266507e-05 -0.13124810195
-0.000288998996633 -9.70020524946e-05 -0.130998101974
-0.000304005140436 -0.000151094702703 -0.130748105832
-0.000306950983447 -0.000200005991042 -0.130498726974
-0.000295694104433 -0.00025721150174 -0.130248730856
-0.000269299025362 -0.000324447194744 -0.12999873088
-0.000230758347239 -0.00039050783796 -0.129749355879
-0.000184515195517 -0.000446228630054 -0.129499355904
-0.00013325238017 -0.000490788465674 -0.129249359785
-7.93437655438e-05 -0.000524529083935 -0.128999980927
-2.61090473077e-05 -0.000545943755843 -0.128749984809
2.47206481541e-05 -0.000556194250818 -0.128499984809
7.36790920245e-05 -0.000559349302437 -0.128249984809
0.000121837500648 -0.000559378249796 -0.127999988667
0.000168916742168 -0.000557398670528 -0.127749988667
0.000213003376471 -0.000550029764924 -0.127499988643
0.000253432166691 -0.000534111648394 -0.127249988619
0.000291713269998 -0.000511104493495 -0.126999988595
0.000328565301578 -0.000482265964217 -0.126749988547
0.000363231361799 -0.000445778046159 -0.126499988523
0.000394811037155 -0.0004020942066 -0.126249367356
0.000422687357592 -0.000354919302067 -0.125999367308
0.000445776678257 -0.00030605067037 -0.125749367284
0.000461872168262 -0.000253156523867 -0.125498746118
0.000467544561731 -0.000192284045486 -0.125248746094
0.000459482300207 -0.000122349651689 -0.124998121094
0.000437109136252 -4.89541859022e-05 -0.124748121094
0.000403821772215 1.71822067599e-05 -0.124497499952
0.000363567270403 6.8384389519e-05 -0.124247499952
0.000315720722175 0.000106381431154 -0.123996878858
0.000257614926694 0.000135622975379 -0.123746878858
0.000191486945786 0.00015329562287 -0.123496878858
0.000121774279697 0.000154585041092 -0.123246875
4.95421428366e-05 0.000141703106315 -0.122996875
-2.38009887652e-05 0.000119217785282 -0.122746875001
-9.31041566971e-05 8.68076085062e-05 -0.122496878859
-0.000152622910074 4.10835776969e-05 -0.122246878883
-0.000198567908393 -2.01267793917e-05 -0.121997500025
-0.000228794992201 -9.65113064884e-05 -0.121747500049
-0.000242819083202 -0.000182645069404 -0.121498125073
-0.000242748538421 -0.000265697753172 -0.121248746239
-0.000231523905178 -0.000335631582332 -0.120998746287
-0.000209272503149 -0.000395714068529 -0.120749367453
-0.000174779227614 -0.000452654709006 -0.120499988643
-0.000129102024585 -0.000506281494302 -0.120249992549
-7.63334487574e-05 -0.000551275657372 -0.120000613715
-2.31950474117e-05 -0.000580310144855 -0.119750613763
2.51502846648e-05 -0.000590958036403 -0.119500613811
6.93910276736e-05 -0.000588962106582 -0.119251234953
0.000112970217312 -0.000581609358341 -0.119001234977
0.000157963840508 -0.00057284678898 -0.118751234977
0.000203758889686 -0.00056283837877 -0.118501234977
0.000247880224759 -0.00054897934192 -0.118251234953
0.000289683563276 -0.000530654893851 -0.118001234929
0.000331371036023 -0.000512409517953 -0.117751234881
0.00037307195093 -0.000496176160128 -0.117501234833
0.000411652568837 -0.000475533058371 -0.117251234785
0.000445893861875 -0.000446585814162 -0.117001234737
0.000476890242093 -0.000412754972026 -0.116751234713
0.000502885387226 -0.000371704855388 -0.116501234665
0.000519418366934 -0.000316755687044 -0.116250613523
0.000525398953014 -0.000252107923496 -0.116000613499
0.000523505932755 -0.000188885741234 -0.115750613475
0.000514950144629 -0.000132011642632 -0.115499992332
0.000497174984112 -7.91171986325e-05 -0.115249992332
0.000464793920711 -2.51551638983e-05 -0.114999992332
0.000415563362015 2.91503056716e-05 -0.114749371214
0.000353940057801 7.5795015233e-05 -0.114499371214
0.000282959936879 0.000111048543704 -0.114248750096
0.000204607036613 0.000134228670184 -0.11399875012
0.000126109748982 0.00013980021872 -0.11374875012
5.20774384009e-05 0.000125862536447 -0.113498129002
-1.83432661354e-05 9.83569823451e-05 -0.113248129002
-8.31633401188e-05 6.12743739031e-05 -0.112998129002
-0.000137241156947 1.34235802982e-05 -0.112748129002
-0.000176688714263 -4.666653279e-05 -0.112498129002
-0.000199837200681 -0.000117891801485 -0.112248129002
-0.000206756887608 -0.000195848612031 -0.111998129002
-0.000198429727837 -0.00027481890036 -0.111748129002
-0.000176069788517 -0.000350286921321 -0.111498750096
-0.000141057546444 -0.000419534130633 -0.111248753954
-9.49223152913e-05 -0.000481146976783 -0.11099875393
-4.0329241804e-05 -0.000533002714492 -0.110748753906
1.87809557483e-05 -0.000572478079913 -0.110498753883
7.83593176543e-05 -0.000598188806755 -0.110249374977
0.000134842078808 -0.000610067072174 -0.109999374953
0.000186980676523 -0.000610549087676 -0.109749374929
0.000235345457812 -0.000603065603159 -0.109499374929
0.000280369732371 -0.000589848902126 -0.109249374905
0.000323786821406 -0.000573796765599 -0.108999374905
0.00036623128155 -0.000556488945924 -0.108749374905
0.000403488091181 -0.000533313514167 -0.108499371071
0.000432932705192 -0.000499105727967 -0.108249371071
0.00045879827802 -0.00045769254563 -0.107999371095
0.000484963187662 -0.000415668411773 -0.107749371119
0.000509240615491 -0.000371495217581 -0.107499371143
0.000527997489028 -0.000320809771762 -0.107249371167
0.000540498883919 -0.000265137652539 -0.106999371191
0.000546831845159 -0.000207840646417 -0.106749371215
0.000544591472886 -0.00014812709524 -0.106498750121
0.000531128679828 -8.54992846073e-05 -0.106248746287
0.000508205227497 -2.57251283005e-05 -0.105998746311
0.0004791953065 2.51263269443e-05 -0.105748746311
0.000443331959919 6.70208966886e-05 -0.105498746335
0.000398805432036 0.000100666169882 -0.105248746359
0.000346552785373 0.000123926531715 -0.104998742501
0.000287059473924 0.000135615853193 -0.104748121382
0.000220675877128 0.000135442050121 -0.104498121382
0.000149907968908 0.00012257799729 -0.104248121382
7.70510164492e-05 9.82454182328e-05 -0.103998121382
6.68368611864e-06 6.32472827154e-05 -0.103748121382
-5.27642832574e-05 1.42667741119e-05 -0.103498121382
-9.61934873075e-05 -5.00501013067e-05 -0.1032487425
-0.000123956500858 -0.000124562322946 -0.102998746358
-0.000136731299176 -0.000203140934333 -0.102748746358
-0.000134657661752 -0.000281182342132 -0.102499367452
-0.000120201653468 -0.000352333792494 -0.10224937131
-9.74281253558e-05 -0.000410486202106 -0.101999992404
-6.86430900741e-05 -0.000454727967525 -0.101749992404
-3.29803867876e-05 -0.000489211477585 -0.10149999238
1.29400763857e-05 -0.000519962494879 -0.101249996238
7.1455656583e-05 -0.000549995260834 -0.101000617332
0.000137947085352 -0.000575085669899 -0.100750617308
0.000202138453482 -0.000587846375791 -0.100500617308
0.000256351808192 -0.000585249875505 -0.100250617284
0.000300136228021 -0.000570066957113 -0.100000617285
0.000338753319487 -0.000548057559036 -0.0997506134267
0.00037782872332 -0.000524326521821 -0.0995006134029
0.000418587079928 -0.000500775597638 -0.099250613403
0.000458715070627 -0.000476647494932 -0.099000613403
0.000496604628482 -0.000451297521463 -0.0987506133792
0.000532890525474 -0.000425868922136 -0.0985006095213
0.000566496073394 -0.000399127474558 -0.0982506095213
0.000592863437737 -0.000364596679693 -0.0980006095213
0.00061026249458 -0.000319809628368 -0.0977506095215
0.000621197288832 -0.000269705563467 -0.0974999845216
0.00062519312242 -0.000216139002076 -0.0972499845216
0.000619877795008 -0.00015911169314 -0.0969999845216
0.000606135252438 -0.000102699697318 -0.0967493595457
0.000582989584771 -4.85953200681e-05 -0.0964993595457
0.000543595509632 6.58071339928e-06 -0.0962493595457
0.000482842621352 6.31857345988e-05 -0.0959987345938
0.000407205589484 0.000112839411756 -0.0957487345937
0.000331076589456 0.000144466919836 -0.0954987345937
0.000261799035167 0.000154336621901 -0.0952481134996
0.000195236899657 0.000146523313236 -0.0949981096417
0.000125845393808 0.000126213642764 -0.0947481096657
5.43048178338e-05 9.60579144744e-05 -0.0944987307837
-1.2855651374e-05 5.59857829464e-05 -0.0942487307837
-6.61372935992e-05 2.90411225242e-06 -0.0939987307837
-9.7961253311e-05 -6.7055761373e-05 -0.0937487346655
-0.000107818345435 -0.000151914362153 -0.0934987346895
-0.000101314753015 -0.000241580298604 -0.0932493558075
-8.47251322785e-05 -0.000324221527698 -0.0929993596894
-6.21183495252e-05 -0.000392430549577 -0.0927493635712
-3.387159138e-05 -0.000445893440284 -0.0924993635952
4.14055855638e-06 -0.000490490168729 -0.092249367477
5.57100349884e-05 -0.000530866602447 -0.0919993713347
0.00011821083833 -0.00056497839089 -0.0917493713587
0.000184093135505 -0.000587834543393 -0.0914993752405
0.000247804473433 -0.000597858089807 -0.0912493752645
0.000306795928852 -0.000596365253965 -0.0909993791224
0.000356152644458 -0.000583270359908 -0.0907493791224
0.000392897009263 -0.000559396748876 -0.0904993791224
0.000424062656874 -0.00053010839624 -0.0902487580043
0.000458838722178 -0.000501130349745 -0.0899987580042
0.000496284485807 -0.000472839972747 -0.0897487579802
0.000528968077987 -0.000441403121188 -0.0894987579563
0.000553486066927 -0.000404034386103 -0.0892487579323
0.000572458511977 -0.000361804789143 -0.0889987579322
0.00059037212994 -0.000318681575743 -0.0887487579082
0.000608368940847 -0.000276800729398 -0.0884987578842
0.000621374831951 -0.000232120404971 -0.0882481367423
0.000622562728128 -0.000179078060269 -0.0879981367183
0.000611114924766 -0.000119389004522 -0.0877481367183
0.000594651979901 -6.27941026081e-05 -0.0874981366943
0.000582216776218 -1.79954563905e-05 -0.0872481328365
0.000570507585354 1.78737158706e-05 -0.0869981328366
0.00054355383266 5.4683154212e-05 -0.0867481289787
0.00049335932816 9.35093699905e-05 -0.0864981289548
0.000426924348362 0.000126366167593 -0.086248125097
0.000351497653304 0.000147515861503 -0.0859981212392
0.00027318287878 0.00015365883546 -0.0857481212392
0.000201600693365 0.000141092330437 -0.0854981174053
0.000139314840016 0.000109967834299 -0.0852481174054
8.09028832018e-05 6.49444083645e-05 -0.0849974924295
2.56213551709e-05 1.0226176525e-05 -0.0847474885716
-2.15912822847e-05 -5.17708744299e-05 -0.0844974885716
-5.77716377276e-05 -0.000117416054199 -0.0842474885716
-8.21872328776e-05 -0.000182228029489 -0.0839974885716
-9.10753192291e-05 -0.000245800940048 -0.0837474885716
-7.97562249092e-05 -0.00031044493471 -0.0834968674536
-4.9649863587e-05 -0.000373791770543 -0.0832468712875
-6.13545708847e-06 -0.000430397314429 -0.0829968712875
4.62774882167e-05 -0.000476615841486 -0.0827468751454
0.000103185924018 -0.000510207958709 -0.0824974962634
0.000163216105435 -0.000531931369979 -0.0822475001213
0.000227497170374 -0.000544080884814 -0.0819975001212
0.000292088107311 -0.000546075574396 -0.081747503979
0.000351909488939 -0.000537596530618 -0.0814975078369
0.000409489734178 -0.000522014118661 -0.0812475078369
0.000467427449214 -0.000502190439406 -0.0809981328128
0.000519096555471 -0.000477368073463 -0.0807481328128
0.000559095386199 -0.000447101171636 -0.0804981328126
0.000591808285968 -0.000413872372389 -0.0802481328126
0.000620330546683 -0.000379168991438 -0.0799987539307
0.000641448019865 -0.000340922083768 -0.0797487577885
0.000654535039226 -0.000297595704429 -0.0794987578125
0.000663305286183 -0.000250788947742 -0.0792487539546
0.000671182669577 -0.000203330856924 -0.0789987539546
0.000679207726923 -0.000157079663771 -0.0787487539546
0.000682543187841 -0.000109553163161 -0.0784993750966
0.000670265668101 -5.45633435942e-05 -0.0782493750966
0.000635151022889 9.30927953518e-06 -0.0779993750966
0.000581916887708 7.45355726407e-05 -0.0777493750966
0.000523411891555 0.000130558597271 -0.0774987539787
0.000470125885064 0.000171332625565 -0.0772487539787
0.000421310007749 0.000197810312155 -0.0769987501209
0.0003669054499 0.000213850515627 -0.076748750121
0.000301108136862 0.000220188937595 -0.0764987462631
0.000229076152742 0.000214155133062 -0.0762481251453
0.000160456540918 0.000193115341763 -0.0759981212634
0.000102774061285 0.000155999649578 -0.0757481212634
5.72610574513e-05 0.000103947594571 -0.0754974962877
2.14569648236e-05 4.01228532202e-05 -0.0752474924298
-3.2200478287e-06 -3.24550204066e-05 -0.0749968713118
-1.48669469211e-05 -0.000110224415511 -0.0747468674539
-1.51602005966e-05 -0.000187499423397 -0.07449686743
-2.22899336874e-06 -0.000261120390311 -0.0742462424541
2.85871834164e-05 -0.000331150272759 -0.0739962424541
7.6564409009e-05 -0.000395257965961 -0.0737462424541
0.000137069717193 -0.000449381618877 -0.0734962424301
0.000202596084044 -0.000489084207256 -0.073246246288
0.000261178870098 -0.000509762670612 -0.072996246288
0.000306538041553 -0.000512101363324 -0.0727462501459
0.000346158850965 -0.000503089268616 -0.0724962501459
0.000390740310085 -0.000488622424215 -0.0722462539798
0.000441544866115 -0.000469654374686 -0.0719962539798
0.000491450615467 -0.000444979656995 -0.0717462578377
0.000533215273998 -0.000414349508169 -0.0714962578615
0.000565305927672 -0.000378950669753 -0.0712468828374
0.000591122103805 -0.000340446034088 -0.0709968828372
0.000614182849843 -0.000300148929334 -0.0707468866951
0.000634792574161 -0.000258612072149 -0.0704968866951
0.000651717818676 -0.000215785146958 -0.0702468905768
0.000665284950724 -0.000171935805341 -0.0699968905768
0.000675377613986 -0.00012717656901 -0.0697468905768
0.000679781854869 -8.06300192319e-05 -0.0694968906006
0.000678624728042 -3.27915735961e-05 -0.0692468906006
0.000674878334326 1.3940357508e-05 -0.0689975117186
0.000666262510587 5.98156705848e-05 -0.0687475117186
0.000644183903026 0.000107462374314 -0.0684975156004
0.000606043927971 0.000155277483033 -0.0682475117426
0.000559715355036 0.000197361267617 -0.0679975117426
0.000512380524921 0.00022965172852 -0.0677475117426
0.000463558402263 0.000251334939239 -0.0674975117427
0.000409025909291 0.000262117113126 -0.0672475117427
0.000345953669889 0.000260881610434 -0.0669975117427
0.000274269105732 0.00024629971129 -0.0667481290028
0.000195773059733 0.000217945383118 -0.0664981251451
0.000116209580518 0.000176579332199 -0.0662481251451
4.82242982381e-05 0.000123249475857 -0.0659981212633
3.86590786684e-06 5.86269253864e-05 -0.0657481174056
-1.74063191231e-05 -1.49113147408e-05 -0.0654987385236
-2.62005497306e-05 -9.10535685334e-05 -0.0652487346657
-2.90219926922e-05 -0.000162864311918 -0.0649987346657
-2.06426144616e-05 -0.000228627939113 -0.0647487308078
7.74694272299e-06 -0.00029028752442 -0.0644987308078
5.46829620246e-05 -0.000345991402512 -0.064248730808
0.000110690832662 -0.000390680344625 -0.063998730808
0.000173159368348 -0.000423202453449 -0.063748109666
0.000246791720928 -0.000445451883103 -0.063498109666
0.000330481861264 -0.000456928420831 -0.063248109666
0.000410715398059 -0.000454738932082 -0.062997488548
0.00047045951357 -0.000438145063958 -0.062747488524
0.00050803237264 -0.000411170647758 -0.0624972404602
0.000538773135914 -0.000378892248731 -0.0622470545033
0.000574642083369 -0.000343665675837 -0.0619968689347
0.000614825922414 -0.000306273984471 -0.0617466829826
0.000652550239358 -0.000267597216188 -0.0614964974139
0.000680152849598 -0.00022817088564 -0.0612463739619
0.000693102433492 -0.000187324290598 -0.0609962505098
0.000694596342885 -0.000144145862372 -0.0607461891743
0.000690725691766 -9.87322384791e-05 -0.0604961895625
0.000681071311588 -5.06633863014e-05 -0.060246128227
0.000662688858149 7.03302248664e-07 -0.0599961286175
0.000638506469497 5.320690842e-05 -0.0597461915081
0.00061170317589 0.000104018597724 -0.0594961919011
0.000581808580375 0.00015174874805 -0.0592462547893
0.000549840547175 0.000194755902234 -0.0589963172917
0.000513701091132 0.000232469185406 -0.0587464422917
0.000466551924826 0.000264918855327 -0.0584965676823
0.000409644800947 0.000289588885896 -0.0582467555657
0.000351555065066 0.000303449765124 -0.0579969434491
0.000294809547133 0.000305318080953 -0.0577470692183
0.000235456458969 0.000294534488276 -0.0574972574827
0.000170917958516 0.000270167666697 -0.0572474457494
0.000106083104374 0.000231926514329 -0.056997633628
5.2252831016e-05 0.000180717461196 -0.0567478218948
1.53763221154e-05 0.000118101903555 -0.0564978863213
-9.50463989297e-06 4.66716209578e-05 -0.0562480128596
-2.67975946945e-05 -2.91917552953e-05 -0.0559980144004
-3.22943219486e-05 -0.000105293769673 -0.0557480768979
-2.14784222923e-05 -0.000178615488523 -0.0554980768979
4.06624733138e-06 -0.000245868544742 -0.0552480768955
4.12548462877e-05 -0.000303983119899 -0.0549980761215
8.84963875688e-05 -0.000351147496344 -0.0547480749617
0.000144129202007 -0.000386374509867 -0.054498073028
0.000203987176758 -0.000408762154621 -0.0542480707108
0.000261913985231 -0.000417874693497 -0.0539980680079
0.000316009189782 -0.000415025550715 -0.0537481266427
0.000369585029327 -0.000402288147062 -0.0534981231706
0.000425897988112 -0.000381007640424 -0.0532481821936
0.000485618839992 -0.00035190971704 -0.0529982419931
0.000542518911431 -0.000316074954663 -0.0527483017925
0.000584986669254 -0.000275898725296 -0.0524983612061
0.000609634497313 -0.000233791310692 -0.0522483592819
0.000625286087172 -0.000190461091566 -0.0519983581317
0.000641731967432 -0.000146079928296 -0.0517483577531
0.000661474585591 -0.000101696307078 -0.0514983573746
0.000679568263012 -5.83372349543e-05 -0.0512483573842
0.00068901843795 -1.53989350432e-05 -0.0509983573938
0.000690030173875 2.80644869801e-05 -0.0507483577893
0.000689107576149 7.13303555424e-05 -0.0504982968421
0.00068524467232 0.000114409119047 -0.0502482355092
0.000668176526183 0.000159028485573 -0.0499981745596
0.000632816726223 0.000204711847886 -0.0497479897722
0.000583697968981 0.00024801609517 -0.0494977436398
0.000525315814413 0.000285570605715 -0.0492474978932
0.000460699269348 0.00031473964426 -0.0489971904181
0.000396331342408 0.000333499919209 -0.0487469450525
0.000335420835254 0.000340960299481 -0.0484966993034
0.000273425977075 0.000336135243104 -0.0482464531685
0.000205712653808 0.000317339649731 -0.0479961449194
0.000133618894492 0.0002836448198 -0.0477458991678
6.63086366903e-05 0.000236445482087 -0.0474956530304
1.47304715398e-05 0.000178748473282 -0.0472454682333
-1.89279672265e-05 0.00011281957112 -0.0469953451622
-3.80185078772e-05 4.07232072468e-05 -0.0467453455431
-4.18099184647e-05 -3.43826363527e-05 -0.046495345924
-2.91055916007e-05 -0.000109101236015 -0.0462453459168
-3.20491006252e-06 -0.000179779337339 -0.0459954693639
3.4385966835e-05 -0.000243009020864 -0.0457455303135
8.4722438986e-05 -0.000296530565319 -0.0454956526009
0.000146417312072 -0.000338542741389 -0.0452457748883
0.000219547591707 -0.000367937229284 -0.0449959589042
0.00030351087917 -0.000383773573187 -0.0447460808082
0.000388314925739 -0.000385018790998 -0.0444962027146
0.000463517598839 -0.000372514664511 -0.0442462625093
0.000529312728539 -0.000348590732754 -0.0439963851873
0.000587959968418 -0.000315458621026 -0.0437463840299
0.000633938748048 -0.000276141884156 -0.0434964453725
0.000661753175391 -0.000234406081655 -0.0432464453773
0.000677990003884 -0.000191582043279 -0.0429965074939
0.000692823263984 -0.000146929519175 -0.0427465078845
0.000704941155596 -0.000101577348714 -0.0424965086633
0.000707135759173 -5.7489670869e-05 -0.0422465090539
0.000698892818312 -1.42648536449e-05 -0.041996572328
0.000686497413826 2.96865562211e-05 -0.0417465731044
0.00067494374679 7.4570868642e-05 -0.0414965738809
0.000662367943794 0.000119559667574 -0.0412466371502
0.000644701882938 0.000164191582033 -0.0409967000338
0.000623267949051 0.000207828473116 -0.0407467008031
0.000600626601563 0.000249486467028 -0.0404967636842
0.000572039875162 0.000288530479911 -0.0402468265605
0.000530608396619 0.000323731761804 -0.0399968894367
0.000478823713735 0.000352829413768 -0.0397469526963
0.000425652046409 0.00037418213339 -0.0394970163441
0.000372027006157 0.000386568104385 -0.0392470803776
0.000310963257052 0.000387390183093 -0.0389970822993
0.000245199844112 0.00037487067179 -0.0387470838352
0.000188112801799 0.000350618832657 -0.0384970857569
0.000141962557277 0.000314975797733 -0.0382470247975
9.49660567006e-05 0.000264437577189 -0.0379969638382
4.4067671436e-05 0.000198809183206 -0.0377468407671
1.73880723814e-06 0.000124300715433 -0.0374967169244
-2.00504803481e-05 4.73670911551e-05 -0.0372464684748
-1.88817387301e-05 -2.85956710706e-05 -0.036996219637
2.23459390889e-06 -0.000101268741978 -0.0367459704158
3.68550734416e-05 -0.000168012479884 -0.0364956583088
7.58458485094e-05 -0.000225744462413 -0.036245408316
0.000117103960557 -0.000271797072706 -0.0359951575517
0.000168301195716 -0.00030491602021 -0.0357449067873
0.000230779334157 -0.000324572220628 -0.035494717749
0.000295726657553 -0.00033081942779 -0.0352445290989
0.000361646163082 -0.000324074941499 -0.0349943408346
0.000434992403802 -0.000303796244139 -0.0347442146821
0.000510639083378 -0.000270661003635 -0.0344941510271
0.000571375225032 -0.000229543286951 -0.034244087758
0.000610678162447 -0.000185474227431 -0.0339940862173
0.000639650981554 -0.000138436440525 -0.0337441475575
0.000667432399305 -8.7275354064e-05 -0.0334942089001
0.000689525987847 -3.5174143695e-05 -0.0332443331261
0.000698110650323 1.34027995156e-05 -0.0329944573545
0.0006953857882 5.85866858408e-05 -0.0327445815805
0.000692180608799 0.000103782309908 -0.0324947061947
0.0006907089292 0.000148930810968 -0.0322447690828
0.000678845073304 0.000191392531152 -0.0319949558111
0.000650183406958 0.000231730972289 -0.0317450808134
0.000614408751325 0.000271928491961 -0.0314952679275
0.000581364377819 0.000311868860489 -0.0312453929297
0.000549542045569 0.000350098472574 -0.0309955179344
0.000510582905193 0.000384728391039 -0.0307457050509
0.000458613480471 0.000413398110907 -0.0304958300531
0.000397140773357 0.000434168107211 -0.0302459554388
0.000333967194474 0.000446257980746 -0.0299960183269
0.00027142586479 0.000448663484664 -0.0297460816009
0.000208970526875 0.000439825143661 -0.0294960823772
0.000149006709063 0.000419114849568 -0.029246083537
9.28279572131e-05 0.000385855728481 -0.0289960843134
3.90309114788e-05 0.000338587146838 -0.0287460229756
-8.88245204173e-06 0.000278696702687 -0.0284958991403
-4.26334139316e-05 0.000211013928389 -0.0282457749191
-5.81104588081e-05 0.000139300171848 -0.0279957120358
-5.56944974224e-05 6.5789565074e-05 -0.0277455870408
-3.63842670321e-05 -6.94190578117e-06 -0.0274955233859
-1.8235674656e-06 -7.58853579513e-05 -0.0272454593453
4.76310390745e-05 -0.00013741909602 -0.0269954570282
0.000109829513724 -0.000188542045802 -0.0267454547088
0.000176754999846 -0.000227552744523 -0.0264955144987
0.000245656003183 -0.000252743270904 -0.0262456363981
0.000320040651007 -0.000262562468397 -0.0259957582951
0.000393925539254 -0.000257708407927 -0.0257458805778
0.000459428888639 -0.000240503798406 -0.0254960032416
0.00051804811055 -0.000212183578273 -0.0252461887935
0.00056736519132 -0.000175305837981 -0.0249963118479
0.000601423611753 -0.000134484954763 -0.0247464356738
0.000623236815571 -9.14866333129e-05 -0.0244964977736
0.000639160151618 -4.56131161952e-05 -0.0242466219853
0.000651810904229 3.11967947085e-06 -0.0239966848616
0.000660165035731 5.30051476032e-05 -0.0237467473544
0.000660613551823 0.000100897205109 -0.0234968106236
0.000652417710985 0.000145702617822 -0.0232468113976
0.000639400512056 0.000189223789879 -0.022996874674
0.000626420551158 0.000233307400621 -0.0227468758385
0.000617473211817 0.000278425788678 -0.0224968766196
0.000610979453638 0.000322921206798 -0.0222469399007
0.00059728525628 0.000364122269058 -0.0219969406866
0.000567825667392 0.000400606150917 -0.0217469414701
0.000524572187367 0.000432500940257 -0.0214968805252
0.000478342243026 0.00046087585801 -0.021246819192
0.000436801970127 0.000486379974912 -0.0209967582447
0.000395682813561 0.000506983086519 -0.0207466969091
0.000348361144726 0.000519059253397 -0.0204966359594
0.000294011287812 0.000519805555971 -0.0202465125096
0.000230783846156 0.000505282051368 -0.0199963890598
0.000158667834793 0.0004719004706 -0.0197462031077
8.69838926047e-05 0.000421865610941 -0.0194960167697
2.6449861145e-05 0.000360713422147 -0.0192458304318
-1.8205475885e-05 0.000292318748769 -0.0189956433223
-4.57568630242e-05 0.000219239352424 -0.0187454562129
-5.66275802625e-05 0.000143584902839 -0.0184952687153
-5.23457135367e-05 6.75160773219e-05 -0.0182450812177
-3.36882661131e-05 -5.65423053892e-06 -0.0179948937201
1.06694611386e-06 -7.13176585861e-05 -0.0177447062249
5.33469306e-05 -0.000125730548563 -0.0174945183416
0.000116925426501 -0.000168248629631 -0.0172443933416
0.000180416701064 -0.000199624965177 -0.0169942062298
0.000241168597828 -0.000218701434885 -0.0167440812275
0.000308288939718 -0.000221872684486 -0.0164939569992
0.000388553954298 -0.000205943973463 -0.0162438948827
0.000473174214172 -0.00017273568568 -0.0159938335378
0.000543744052334 -0.000129950944961 -0.0157437725762
0.000592934689237 -8.38254224481e-05 -0.0154938358407
0.000629591283808 -3.33644471565e-05 -0.015243836991
0.000661195109584 2.34205050244e-05 -0.0149939002554
0.000684543524746 8.25550687586e-05 -0.0147440260175
0.000694757316161 0.000137965700175 -0.0144941513963
0.000691284658309 0.000186458997431 -0.0142442146632
0.00067663113751 0.000228231422714 -0.0139943400443
0.000657053111906 0.000267488073529 -0.0137444646539
0.000638990366026 0.00030846903598 -0.0134945896493
0.000621676749978 0.000349933724587 -0.0132447142613
0.000599817638502 0.000388634302927 -0.0129947767614
0.000571205416693 0.000424079876878 -0.0127449013733
0.000535227007145 0.000456421969382 -0.0124950259852
0.000488499573296 0.000484041246079 -0.0122451505971
0.000430664769401 0.00050565404082 -0.0119952130971
0.000370313106043 0.000522635086594 -0.0117452755971
0.000315040165023 0.000536404926433 -0.011495338097
0.000262701198541 0.000544967449121 -0.0112454002087
0.000210215096032 0.000545573108686 -0.0109954002109
0.000157450301725 0.000536414341643 -0.0107454002108
0.000102499295826 0.000514043704876 -0.0104954002106
4.73429801832e-05 0.000477125691903 -0.0102453377129
9.77026395172e-09 0.000429632944167 -0.00999521348921
-3.50107818901e-05 0.000374433933567 -0.00974508926551
-5.79038841649e-05 0.000311300189824 -0.00949490254179
-6.65423288259e-05 0.000242733662638 -0.00924477831565
-5.75166032566e-05 0.000173332647352 -0.00899465370614
-3.19698830528e-05 0.000104760319948 -0.00874452948007
5.54701124686e-06 3.76225843766e-05 -0.00849440525644
5.27613247562e-05 -2.42598847038e-05 -0.008244343528
0.000110924336603 -7.50718187238e-05 -0.00799428179956
0.000180345041609 -0.000110855841792 -0.00774434468054
0.000255956732651 -0.000131141108031 -0.00749440756152
0.000329671999932 -0.000137427388562 -0.0072445325543
0.000396494969405 -0.000131028047331 -0.00699472004469
0.000454430276587 -0.000113338952255 -0.00674490753507
0.000501279014892 -8.70044015239e-05 -0.00649503291364
0.000536385187261 -5.46282256556e-05 -0.00624519517352
0.000562565436049 -1.67897901588e-05 -0.00599533289779
0.000584799102549 2.83067372086e-05 -0.00574547656341
0.000605553864809 8.17533903733e-05 -0.00549563238157
0.000620265582877 0.000138651591201 -0.00524577558469
0.000623272795758 0.000191635035127 -0.00499587507782
0.00061705273133 0.000240663044955 -0.00474593711096
0.000608785455633 0.000291175377682 -0.00449599277858
0.0006005641264 0.000343565756706 -0.00424604840712
0.000587775448901 0.000391847300613 -0.00399607907541
0.000567199218449 0.000432969278924 -0.0037460663038
0.000543340290905 0.000470985805018 -0.00349603486031
0.000522387003398 0.000509830531806 -0.00324601583897
0.00050209206434 0.000547505583754 -0.00299599052977
0.000473468601889 0.000579121520061 -0.00274592787659
0.000431760796116 0.000602214655581 -0.00249580928449
0.000382300163199 0.000618630821919 -0.00224565346442
0.000332947974061 0.000631191059543 -0.0019954914337
0.00028054255158 0.000636150683774 -0.0017453107309
0.000216530224982 0.000624692240074 -0.00149508041608
0.000146576265227 0.000596561516376 -0.00124481912207
8.33173429907e-05 0.000558721597313 -0.000994576539031
2.73876912259e-05 0.000510015471063 -0.000744365166231
-2.41118434934e-05 0.000445761590728 -0.000494164572176
-6.58176697071e-05 0.000370324043994 -0.000244002113248
-9.06801684338e-05 0.000292300911316 6.09959075095e-06
-9.58546328986e-05 0.000217066567286 0.000256133703431
-8.21203007137e-05 0.000146160218201 0.000506106964605
-5.2431156282e-05 7.92958207656e-05 0.000756035898856
-8.28978878397e-06 1.88565546274e-05 0.0010059231331
5.07434441223e-05 -3.05182911692e-05 0.00125577950461
0.000121141320499 -6.75404079091e-05 0.0015056239165
0.000195550144252 -9.31786355781e-05 0.00175546250277
0.000271439031888 -0.000105180074996 0.00200532010835
0.000350539370175 -9.97427243167e-05 0.00225519688732
0.000429734704153 -7.71512487313e-05 0.00250509897397
0.000500887051121 -4.2060638745e-05 0.00275503879018
0.000557062987628 -2.32257648924e-07 0.00300501645217
0.000597894639727 4.56697779926e-05 0.00325503234547
0.00062952064441 9.82756798478e-05 0.00350507393223
0.000654676929423 0.000158269180848 0.00375514692161
0.000667424863951 0.000217067782208 0.00400523187113
0.000662596700596 0.000264495497183 0.00425532226074
0.000644712867997 0.000301521025214 0.00450541168683
0.000622620654452 0.000337213596455 0.00475550011083
0.000599815970173 0.000375471882668 0.00500558807284
0.000574915066883 0.000413711018814 0.00525568240154
0.000547202721992 0.000450177103111 0.00550577669285
0.00051753627756 0.000485115443949 0.0057558640021
0.000485812400373 0.000517810050574 0.00600595073291
0.000450127462968 0.000546299954798 0.00625605621273
0.000409669090439 0.000569961114059 0.0065061183293
0.000367694850989 0.000590950108473 0.00675618083166
0.000327687619929 0.000611054326954 0.00700618083642
0.000285832888036 0.000626553766781 0.0072562425672
0.000233325767012 0.000628905985199 0.0075062414122
0.000169581749997 0.000614230154838 0.00775623871169
0.000107672693305 0.000590589740217 0.00800623562299
6.008807915e-05 0.000569002467325 0.00825617080829
2.42747211402e-05 0.000547150344137 0.00850610483624
-9.72627974396e-06 0.000511586821647 0.00875603809022
-4.50834251437e-05 0.000453500792088 0.00900590884663
-7.59861179139e-05 0.000376549947436 0.00925577805989
-9.2163249863e-05 0.000294957990016 0.00950558477555
-8.75192034936e-05 0.000220106448843 0.0097554539888
-6.5949303028e-05 0.000148958371727 0.0100053243594
-3.39014819427e-05 7.65697443869e-05 0.01025519473
8.82682007698e-06 9.8533950912e-06 0.0105051275982
6.6102349207e-05 -4.06928966813e-05 0.0107549991237
0.00013737201159 -7.18812507856e-05 0.0110049968042
0.000215191222911 -8.73254829213e-05 0.011254996797
0.000288767822457 -9.26656499698e-05 0.011504998333
0.000351103365958 -9.09755173268e-05 0.011755001412
0.00040425636165 -7.96327352953e-05 0.0120050060343
0.000455674588012 -5.21899602855e-05 0.0122550118163
0.000508522646647 -5.18365349398e-06 0.0125050800958
0.000557574751952 5.70092435085e-05 0.012755147992
0.000594681096005 0.000124787953715 0.0130052158882
0.000615376160954 0.000189494556314 0.0132552826317
0.000621252217792 0.000248361792928 0.0135053482156
0.000617436290416 0.000304406959047 0.013755350535
0.000606811542592 0.000358784928788 0.0140054138088
0.000589876063849 0.000409109228619 0.0142554766993
0.000568337480148 0.000455412240066 0.0145054763231
0.00054338247221 0.00049744749308 0.0147555380586
0.00051504471252 0.000533840789134 0.0150055369132
0.000485576459299 0.000567535640931 0.0152555357678
0.000457284258801 0.000601188429195 0.01550559712
0.000426816164034 0.000630643653277 0.015755596358
0.000386382124887 0.000648747684534 0.0160055955937
0.000331654448904 0.000652485434745 0.0162555327176
0.000267611652176 0.000645936821677 0.0165055315651
0.000204358902162 0.00063651221088 0.0167554686819
0.000146597271143 0.000626656088538 0.0170054061844
9.06139840855e-05 0.000610351279699 0.0172553436869
3.25808700462e-05 0.00058003402082 0.0175052819586
-2.40982766217e-05 0.000535837643112 0.0177552202278
-7.3051587347e-05 0.000483231839822 0.0180050959995
-0.000111695410159 0.000424065457751 0.0182550346545
-0.000138917498164 0.00035865339959 0.0185049123551
-0.000151792387263 0.000291794215 0.0187548533224
-0.000148451511119 0.000227864276302 0.0190047942897
-0.000129911644235 0.000165923995895 0.0192547977545
-9.77446939792e-05 0.000104905542352 0.0195048016076
-5.28992775123e-05 4.74106380368e-05 0.019754805844
3.48950397493e-06 -2.26320392253e-06 0.0200048096947
7.02806697937e-05 -3.92641904999e-05 0.0202548756571
0.000146504827748 -5.91231899257e-05 0.0205050037314
0.000229425063516 -6.03161223937e-05 0.0207551310317
0.000312191774737 -4.61855100339e-05 0.0210053192888
0.000386682779145 -2.1882855005e-05 0.0212554442768
0.000450480699145 1.21035386969e-05 0.021505568879
0.000503819892804 5.64302801482e-05 0.021755692712
0.000541941391401 0.000103876614607 0.0220058165451
0.00056266342308 0.000147938736588 0.0222558778805
0.000573385866675 0.000195289133866 0.0225059384492
0.000579936416668 0.000253502738666 0.0227559986344
0.000578770755401 0.000314968693546 0.0230059963245
0.000565175860908 0.000365858501112 0.023255994017
0.000540713656954 0.000403178769173 0.0235059295977
0.000511253041937 0.000436583597504 0.0237559276784
0.000481651869129 0.000476264787332 0.0240058640331
0.00045229043438 0.000520421875603 0.0242558011569
0.000419806420304 0.000557904922331 0.0245057382808
0.000381167924221 0.000582343729281 0.024755675788
0.000337004603484 0.000597554932939 0.0250055507977
0.000291996760681 0.000612182290199 0.0252554261907
0.000251716006309 0.000632604860041 0.0255053633073
0.000215977501204 0.000656591960709 0.0257552390837
0.000177318162856 0.000674040299911 0.0260051765836
0.000129538664049 0.000676420531855 0.0262550519718
7.35305606696e-05 0.000662185869295 0.0265048031363
1.6401600406e-05 0.000637191292757 0.0267545546866
-3.36080393363e-05 0.000610889275236 0.0270043675772
-7.71388154335e-05 0.000580279126546 0.0272541183559
-0.000120682037345 0.000528227633496 0.027503869137
-0.000161367414185 0.00045174358806 0.0277534956922
-0.000188297701399 0.000370504150592 0.0280031843615
-0.000196270595239 0.000298849159808 0.0282528726451
-0.000188335975982 0.000230082843721 0.0285026843807
-0.000167635638184 0.000156260716479 0.0287524961163
-0.000133135456262 8.56465077598e-05 0.0290023699662
-8.40346431704e-05 2.78523605415e-05 0.0292523063112
-2.46771759387e-05 -2.06219708931e-05 0.0295023051539
3.82245083739e-05 -6.43904136013e-05 0.0297523661107
0.000101941916733 -9.79955293131e-05 0.0300024282226
0.000167425184396 -0.00011322404485 0.0302526149462
0.000234227376554 -0.00010763071725 0.0305029262792
0.0003000512471 -8.23236484527e-05 0.0307533008814
0.000363343214906 -3.71951240423e-05 0.0310038008621
0.000421871224216 2.68759673633e-05 0.0312544254547
0.000469231119033 0.000101171133121 0.0315050500448
0.000498922320628 0.000172700109245 0.031755551183
0.000512312078969 0.000239275903052 0.0320059909809
0.000514513304229 0.000307066924916 0.0322563678955
0.000506692842322 0.000374430396446 0.0325067440361
0.000489337105151 0.000436481439409 0.0327569955673
0.000464931890607 0.000493540206213 0.0330071845985
0.000435271224162 0.000543743903449 0.0332573111321
0.000401064434415 0.000581418136169 0.0335073747823
0.00036279535915 0.000603517187878 0.033757314209
0.000320952662189 0.000613027912094 0.0340071903641
0.000276843883172 0.000618047693629 0.0342570040239
0.000231861896284 0.000623908972441 0.0345068173004
0.00018501112921 0.000627616350486 0.0347566305768
0.000134388254834 0.000624862008795 0.0350063821273
8.12192944319e-05 0.000617141009725 0.0352561336801
2.86883244774e-05 0.000607992514008 0.0355058231234
-2.22039177183e-05 0.000596657121527 0.0357555742928
-7.34015722826e-05 0.0005768012453 0.0360052012409
-0.000125598101205 0.000542775778879 0.036254828189
-0.000174546898071 0.000498097682161 0.0365044551419
-0.000215043916982 0.000450917768796 0.0367540817066
-0.00024609851192 0.000401105860621 0.0370037688423
-0.000268610512496 0.000340772409019 0.0372533930922
-0.000280821377321 0.000268636937698 0.0375030779132
-0.000279048070332 0.000196170387747 0.037752824846
-0.000261497277649 0.000134193539717 0.0380026963858
-0.000228810292245 8.20443664867e-05 0.0382526300399
-0.000182200991458 3.60848908762e-05 0.038502686372
-0.000123036548114 -2.81965248538e-06 0.0387528044277
-5.40878663579e-05 -3.39159359593e-05 0.0390029224858
1.97011178955e-05 -5.87298767692e-05 0.0392531663107
9.32671207657e-05 -7.57837462729e-05 0.039503349567
0.000164822177369 -7.75426217321e-05 0.0397535960924
0.000234653771809 -5.6915316456e-05 0.040003844161
0.000299450772221 -1.71702661374e-05 0.0402541562704
0.000352293046183 2.98169991633e-05 0.0405044066513
0.000389937143749 7.72224525097e-05 0.0407545953038
0.00041398597751 0.000126297803736 0.0410047843422
0.00042530749709 0.00017512503074 0.0412549112663
0.000424826669166 0.000220525051253 0.0415050385739
0.000415777694899 0.000267917277633 0.0417551037696
0.000400010432274 0.000322293058873 0.0420051678056
0.000376963091686 0.000377550078533 0.0422552318369
0.00034687342849 0.000425110809242 0.042505232599
0.000311500769674 0.000464342737728 0.0427552333563
0.000272670691642 0.000499363260835 0.0430051712327
0.000231742178817 0.00053155382461 0.0432551708326
0.000189670336089 0.000559030453938 0.0435051083208
0.000146787329488 0.000579541921502 0.0437550461923
0.000102635286815 0.000591727682695 0.0440049836804
5.71021869562e-05 0.000597437157483 0.0442549211685
1.20627241679e-05 0.000602813391901 0.0445048590424
-3.06903995298e-05 0.000611159819077 0.044754735576
-7.33013043886e-05 0.000615690308524 0.0450046746096
-0.000118902515543 0.000607184504997 0.045254614803
-0.000165988809376 0.00058635592842 0.0455044928869
-0.00021123431728 0.000557587142748 0.0457543709708
-0.000253818136426 0.000516095999536 0.0460042490571
-0.000292221443681 0.000455215154107 0.0462540658032
-0.000321835572276 0.00038067288884 0.0465039446634
-0.000338579071611 0.000305765343347 0.0467538242953
-0.000341472849971 0.000234009742892 0.0470037671963
-0.000330473322574 0.00015828472535 0.0472537108713
-0.000305133483961 7.78657289377e-05 0.0475036541605
-0.000266012108963 1.7371802157e-06 0.0477535962923
-0.00021491886542 -6.18359114682e-05 0.0480036001502
-0.000154095018839 -0.000108353125992 0.0482536032365
-8.5839906556e-05 -0.000136170753578 0.0485036672772
-1.27210314053e-05 -0.000145746901392 0.04875379227
6.23681508539e-05 -0.000137464325293 0.0490039157196
0.000136089979953 -0.000112479514906 0.0492540384001
0.00020427706678 -7.46574984159e-05 0.049504222035
0.000262828363967 -2.86523820626e-05 0.0497544662481
0.000309804828464 2.48568343603e-05 0.0500046464205
0.000346008582612 9.21131455588e-05 0.050254950045
0.000371424861161 0.000177324590658 0.0505053153978
0.000382496136232 0.000267177550539 0.0507556803673
0.000377128661201 0.000339480742645 0.0510059828415
0.000359016546313 0.000392326342213 0.0512562239828
0.000332520619748 0.000442562248208 0.0515064670625
0.000299156637084 0.000493967630159 0.0517567745688
0.000260866371069 0.000532134245333 0.0520069590088
0.000220495581117 0.000549654277409 0.0522570821087
0.000178996690381 0.000556510535972 0.0525071438683
0.000136033542032 0.000564024059101 0.0527572060113
9.2040945201e-05 0.000571799265301 0.0530072685305
4.74824771414e-05 0.000575239596551 0.0532572693165
2.31836695185e-06 0.000574397705153 0.0535073318237
-4.33877500425e-05 0.000570049538898 0.0537573322119
-8.98010124692e-05 0.000559690341542 0.0540072704835
-0.000136920247926 0.000541884924813 0.0542572095242
-0.000183601847823 0.000518861557501 0.054507149327
-0.000228626387818 0.000491176028296 0.0547570270083
-0.000271286999185 0.000455425734598 0.0550068429541
-0.00030993854146 0.000411330480325 0.055256597169
-0.000342263129963 0.000363839680748 0.0555063521531
-0.000366839293992 0.000315310701433 0.0557561071443
-0.000382584855237 0.000264133086719 0.0560058625238
-0.000388154179815 0.000211530207385 0.0562555557962
-0.000382474045498 0.000161032272482 0.0565052486852
-0.000364264265426 0.000111202038167 0.0567550036885
-0.00033144400728 5.57558949671e-05 0.0570046965823
-0.000283199167496 -6.45814031764e-06 0.0572543273691
-0.000222094515774 -6.56050112827e-05 0.0575040194962
-0.000152346719928 -0.000109816525205 0.0577537725777
-7.73101370312e-05 -0.000136835467403 0.0580035866089
-4.42264001364e-07 -0.000149673613957 0.0582534619827
7.44536903366e-05 -0.000146108658824 0.0585034608133
0.00014442853266 -0.000123910248211 0.0587535209866
0.000206363368416 -8.90943685772e-05 0.0590035811647
0.000257621957597 -4.56912800242e-05 0.0592537655712
0.000297619868951 1.17629199903e-05 0.0595039503658
0.000325498297654 8.45904102685e-05 0.0597542593841
0.000339416123333 0.000162288593025 0.0600045066764
0.000339109997549 0.00023306579601 0.0602548168592
0.000326471176363 0.00029317878665 0.0605050028209
0.00030382887337 0.000345261480961 0.060755251285
0.000273147587951 0.000390885098037 0.061005375916
0.000236015779919 0.000431366239396 0.0612555626613
0.000193215445351 0.000470932044551 0.0615056876853
0.000146449630853 0.000507799300558 0.0617558744353
9.87307125479e-05 0.00053583852308 0.0620059990712
5.11151767018e-05 0.000557812283028 0.0622560612094
4.16171655622e-06 0.000577703217407 0.062506246021
-4.0073395083e-05 0.000587616057245 0.0627562460449
-8.18497903482e-05 0.000579335537569 0.0630062460689
-0.000123934482456 0.000559939184086 0.0632562460689
-0.000167009908525 0.000542348427916 0.0635062460929
-0.000210065516616 0.000526243056471 0.0637562460929
-0.000252842969323 0.000501713031343 0.0640062460929
-0.00029461715993 0.000465600815175 0.064256242235
-0.00033358997866 0.000419922364309 0.0645056210929
-0.000367575557212 0.000363595649117 0.0647556210929
-0.00039404753151 0.000296796353261 0.0650056210929
-0.000410810684352 0.000224237676946 0.0652556172109
-0.00041673820911 0.000152120857519 0.065504992235
-0.000411874689483 8.64963746064e-05 0.065754992235
-0.00039606417252 2.80153793898e-05 0.0660049883531
-0.000367355871398 -2.93775138483e-05 0.0662549844953
-0.000324696012324 -8.66470278575e-05 0.0665049844713
-0.00027051368474 -0.00013547570697 0.0667543633533
-0.00020798636891 -0.000168663764134 0.0670043594956
-0.000139012312573 -0.000185082514094 0.0672543594716
-6.52572784262e-05 -0.000187224638336 0.0675043594716
1.04093806486e-05 -0.000178253829599 0.0677543556137
8.33870344378e-05 -0.000155367079994 0.0680043555898
0.000149523958088 -0.000109725727914 0.0682543594478
0.000206384425434 -4.25782774951e-05 0.0685043594478
0.000251513756463 2.88558545681e-05 0.0687543632817
0.000282819693184 9.44948229586e-05 0.0690043709975
0.000299486822319 0.000163243348112 0.0692543748314
0.00030132226952 0.000237599247303 0.0695043786892
0.000290237983825 0.000301878226867 0.0697543825471
0.000269699024881 0.000348525263909 0.0700043864051
0.000240768213158 0.000388713835599 0.0702543902391
0.000203223315559 0.00043033961699 0.0705043940969
0.00015937884509 0.000468157194142 0.0707550190968
0.000112760159782 0.000496178150517 0.0710050190968
6.57795991316e-05 0.000513391593974 0.0712550229545
2.04609384166e-05 0.00051878387276 0.0715050229545
-2.24919304748e-05 0.000512726945708 0.0717550229785
-6.56737396144e-05 0.000502711086135 0.0720050229785
-0.000111615839672 0.000498145136558 0.0722550230023
-0.000158222379458 0.000496759250432 0.0725050230262
-0.000202185762152 0.00048570653243 0.0727550230261
-0.000243982386938 0.000461620311262 0.0730050191922
-0.000285323311868 0.000438122349223 0.073255019192
-0.000326080514184 0.000425879095575 0.073505019192
-0.000365094717822 0.00041584855204 0.073755019216
-0.000400457259879 0.000389640330059 0.074005019216
-0.000429449234507 0.000340671487865 0.0742550153581
-0.000450230897764 0.000278486906693 0.0745043942401
-0.00046193339622 0.000212908217713 0.0747543903824
-0.000462700657049 0.000144548960118 0.0750043903824
-0.000451129653594 7.51995833194e-05 0.0752537654066
-0.000428299191235 1.23168973446e-05 0.0755037615488
-0.000394068469832 -4.26709311291e-05 0.0757537615489
-0.000344867843212 -9.6754266993e-05 0.0760031365491
-0.000279599783197 -0.000151879135707 0.0762531326912
-0.000204269600213 -0.000197961933827 0.0765025115733
-0.000126944016089 -0.000222736147221 0.0767525115494
-5.09473643362e-05 -0.000224234297494 0.0770018865736
2.35983929937e-05 -0.000210030771593 0.0772518865736
9.4179269136e-05 -0.000184819997466 0.0775018865736
0.000156036082312 -0.00014425662646 0.0777518865497
0.000205969524516 -8.50609072684e-05 0.0780018865498
0.000242868369888 -1.38943754389e-05 0.078251882668
0.000266362144456 5.86599539756e-05 0.078502503786
0.000276678586593 0.000125739720446 0.078752503762
0.000274326346105 0.000186838660841 0.079002503762
0.000259075184064 0.000247108137773 0.0792525037619
0.000231003120673 0.000308383984045 0.0795031248559
0.000192176924334 0.000366051243433 0.0797531248559
0.000144314442095 0.000418810568935 0.08000374595
8.95184581646e-05 0.000465612524985 0.08025374595
3.49779551202e-05 0.000496352575953 0.08050374595
-1.38242149376e-05 0.000506801138377 0.0807537459498
-6.08340240045e-05 0.000509027893697 0.0810043670678
-0.000108898571418 0.000510659028494 0.0812543670678
-0.000153534050121 0.000504858899385 0.0815043670918
-0.000193403004603 0.000488521265038 0.0817543709495
-0.000232295033826 0.000468468654932 0.0820043709735
-0.000271271271687 0.000447361913662 0.0822543709735
-0.000308884520837 0.000420988584843 0.0825043748552
-0.000344513603969 0.000387172207937 0.0827543748791
-0.000377332849946 0.000344923528167 0.0830043748791
-0.000405879044125 0.000293361007344 0.0832543749031
-0.000429918494374 0.000238765249737 0.0835043787849
-0.000450233008826 0.000189547337659 0.0837543788089
-0.000465437060444 0.000143382906875 0.0840043826907
-0.000470722516089 8.99670715309e-05 0.0842543826907
-0.000461633833065 2.5210247954e-05 0.0845043865488
-0.000439973618538 -3.99708419872e-05 0.0847543865727
-0.000412388647153 -9.00541468486e-05 0.0850037693126
-0.00037904619512 -0.00012520309539 0.0852537693126
-0.000330729021465 -0.000159691442953 0.0855037731705
-0.000262191426484 -0.000199892535513 0.0857537731705
-0.000181665254347 -0.000234279655762 0.0860031559103
-0.000102717154631 -0.000245582831981 0.0862531559103
-3.09589637145e-05 -0.000227934313064 0.0865031559103
3.64576329748e-05 -0.000190327635202 0.0867531558864
0.00010064360849 -0.000143598151974 0.0870025309105
0.000156661845229 -8.81004738842e-05 0.0872525308865
0.00019962831956 -2.11993409676e-05 0.0875025270286
0.00022910370955 4.93031900092e-05 0.0877525231467
0.000246068715965 0.000113695378801 0.0880019019807
0.000249681995352 0.000173378736723 0.0882518980989
0.000238951841516 0.000232794576417 0.088501894217
0.000215302775417 0.000289730042026 0.0887518903352
0.000182511909616 0.000337924744902 0.0890018825955
0.000144157196181 0.000374249101563 0.0892518787137
9.96755940052e-05 0.000404020003395 0.0895018748318
4.67078653699e-05 0.000433436661045 0.0897512537138
-1.13109134286e-05 0.000458719932322 0.090001249832
-6.7151069888e-05 0.00047232729961 0.090251249832
-0.00011759127691 0.000473219937779 0.090501249832
-0.000163663837703 0.000465018975105 0.090751249832
-0.000208240220801 0.000452773244708 0.0910012459981
-0.000253682518612 0.00044109006783 0.0912512459982
-0.000298203314644 0.000428808665469 0.0915012460222
-0.000338775650574 0.000410880492194 0.0917512460463
-0.00037616949555 0.000387577726749 0.0920012460702
-0.000413261074713 0.000365129485399 0.0922512499283
-0.000450492641184 0.000345609825917 0.0925012499522
-0.000483904653516 0.000319247178579 0.0927512499524
-0.000508285488063 0.000274995768332 0.0930012499524
-0.000522089654115 0.000215179177814 0.0932512538104
-0.000525148595045 0.00014677047151 0.0935018749284
-0.000515845861578 7.29809875524e-05 0.0937518787863
-0.000495160593139 6.22776953592e-07 0.0940018826442
-0.00046551205019 -6.36402711389e-05 0.0942525076202
-0.000426357632614 -0.000119288627147 0.0945025114541
-0.000375194975186 -0.000168326046011 0.094752515312
-0.00030971717151 -0.000212331945335 0.0950031402879
-0.000232734388895 -0.00024796414432 0.0952531402879
-0.000153245335174 -0.000266894580553 0.0955037652638
-7.83280258609e-05 -0.000264052400939 0.0957537691215
-9.08966524466e-06 -0.000241321843179 0.0960037691215
5.46874956607e-05 -0.000203160968487 0.0962537691215
0.00011063754357 -0.000151917805663 0.0965037691455
0.000155641156914 -8.91758944071e-05 0.0967537652876
0.000187668641991 -1.79925648493e-05 0.0970037652876
0.000203972872734 6.10697411887e-05 0.0972531403355
0.000201857178686 0.000148686404466 0.0975031364776
0.000183037363299 0.000237166279603 0.0977525076678
0.000153102372563 0.000313866536818 0.0980025038339
0.000115878752075 0.000374103695718 0.0982518789059
7.2423679904e-05 0.000420322034539 0.0985018750481
2.38783599666e-05 0.000454846363836 0.0987518712142
-2.82369851135e-05 0.000479173400692 0.0990012462622
-8.20725059674e-05 0.000494249538443 0.0992512424283
-0.000134823610797 0.000499863118169 0.0995012424523
-0.000183980196693 0.000496103356838 0.0997512424523
-0.000229715121687 0.000485286891781 0.100001242476
-0.000273322537137 0.000470043142627 0.100250621358
-0.000313849281123 0.000450199387016 0.100500625216
-0.000350495521235 0.000425030564298 0.100750625192
-0.000384643149267 0.000395784180991 0.10100124631
-0.000417241049773 0.000363584741334 0.101251246286
-0.000447676585542 0.000327981043719 0.101501246262
-0.000475487305084 0.000288996820903 0.101751246238
-0.000501035106351 0.000248678464011 0.102001246214
-0.000523029053415 0.000206404204174 0.102251250048
-0.000536640501482 0.000155812911606 0.102501250048
-0.000538984933529 9.56912499642e-05 0.102751871142
-0.000535120475037 3.77907996193e-05 0.103001875
-0.000531115232703 -7.99565326495e-06 0.103251875
-0.000522758227055 -4.7187605505e-05 0.103502499952
-0.000500622820587 -8.87767678572e-05 0.103752499952
-0.00046247366702 -0.000131138777639 0.10400250381
-0.00041043312643 -0.000168796129499 0.104252507668
-0.000344867186303 -0.000199442145606 0.104502511526
-0.00027070509398 -0.000218251550019 0.10475251155
-0.000197254119649 -0.000218274648854 0.105002515407
-0.000126312430099 -0.000199881572463 0.105252519265
-5.34192398751e-05 -0.000170607156319 0.105502519265
1.95939905325e-05 -0.000135089386997 0.105752523123
8.39341911101e-05 -9.14658613874e-05 0.106002523123
0.000133043222793 -3.77286323574e-05 0.106251905863
0.000165726072576 2.36423677513e-05 0.106501905863
0.000182073249947 8.93921554393e-05 0.106751284745
0.000181063832434 0.000158760983063 0.107001284745
0.000163227514545 0.000229268037012 0.107251284745
0.000131997947268 0.000294997443011 0.107500659769
8.9947425363e-05 0.000352758338463 0.107750659745
3.74528257211e-05 0.000403078028761 0.108000655887
-2.16416054884e-05 0.000443034868929 0.108250655863
-7.96079785332e-05 0.00046738275188 0.108500030887
-0.000133270437152 0.000476953609669 0.108750027005
-0.000186517364891 0.000478194855973 0.109000023148
-0.000244546762948 0.000477043762035 0.109250019266
-0.000307744974151 0.000475300825733 0.109500015408
-0.000369076285536 0.000469920127152 0.109750636526
-0.000420594889329 0.00045705818901 0.110000632668
-0.00046103381959 0.000436364898062 0.110250632668
-0.000493149507399 0.000409217708357 0.110500628835
-0.000518904724608 0.000375745637947 0.110750628859
-0.000539093458109 0.000335087925522 0.111000628883
-0.000553877014227 0.000286586794472 0.111250625049
-0.000564647506249 0.000232775438844 0.111500625073
-0.00057349227175 0.000178650899749 0.111751246215
-0.000577798896213 0.000123368704079 0.112001242381
-0.000572441165018 6.32948292307e-05 0.112251242405
-0.000557940768202 2.27282791597e-06 0.112501238571
-0.000536453461079 -5.47640675479e-05 0.112751238595
-0.000505575187993 -0.000108165585737 0.113001859713
-0.000463768199479 -0.000157092742457 0.113251859713
-0.000411383845057 -0.000199097779018 0.113501855855
-0.000347234923221 -0.000233334402554 0.113751855855
-0.000274814090803 -0.000256337276219 0.114001855855
-0.000204817900265 -0.000261393839812 0.114251855855
-0.000143103097305 -0.000245798062588 0.114501859713
-8.40585629752e-05 -0.000214299906482 0.114751238594
-2.22587781504e-05 -0.000173127867931 0.115001238594
3.64070592022e-05 -0.000122827677947 0.115251242428
8.20088969244e-05 -6.04924046378e-05 0.115501242428
0.000112254224015 1.15228468932e-05 0.115750625144
0.000129270816982 8.6346508611e-05 0.11600062512
0.00013044423323 0.000162498555343 0.116250007836
0.00011057923992 0.00024285040099 0.116500007787
7.15649023502e-05 0.000322834971004 0.116749390503
2.33071321202e-05 0.000390343310572 0.116998773219
-2.58835447063e-05 0.000438252256312 0.117248773171
-7.402826645e-05 0.000468167694179 0.117498777005
-0.000122820448823 0.00048512282267 0.117748155839
-0.000175483453484 0.000494174207525 0.117998159673
-0.000230903411702 0.000496189157887 0.118248159649
-0.00028183941686 0.000488390239675 0.118498163483
-0.000324896688039 0.000471038166031 0.118748163459
-0.000363301790111 0.000447642515336 0.118998163459
-0.000401061463242 0.000421311732662 0.119248167317
-0.000440664819581 0.000394263149007 0.119498167317
-0.000480886193401 0.000367014061482 0.119748167341
-0.000516529751871 0.000337225342883 0.119998167365
-0.00054329869983 0.000301506481879 0.120248167389
-0.000561850380054 0.000259014852499 0.120498167437
-0.000577279817133 0.000213870535643 0.120748167461
-0.000594212662632 0.000171542694031 0.120998788603
-0.000611085621982 0.000131769705813 0.121248788627
-0.000622256116 8.98978686072e-05 0.121498788651
-0.00062456330613 4.43136993004e-05 0.121748788651
-0.000618365411582 -2.67878161714e-06 0.121999405912
-0.000603915176707 -4.86318308227e-05 0.122249405936
-0.000576241024756 -9.46380298429e-05 0.122500023196
-0.000528313581668 -0.000141784301689 0.122750023196
-0.000464955775085 -0.00018332726849 0.123000019338
-0.00039886180064 -0.000210345144125 0.123250636598
-0.000330705772815 -0.000222230468441 0.123500636598
-0.000253261951984 -0.000222308360793 0.12375063274
-0.000168457551904 -0.000210384533493 0.124000628882
-8.56652900085e-05 -0.000184562908151 0.124250628882
-1.30639361733e-05 -0.000144410033702 0.124500003906
4.46499446309e-05 -9.10701572515e-05 0.124750000049
8.65228436616e-05 -2.74474045969e-05 0.124999378931
0.000113891446449 4.18270107366e-05 0.12524937893
0.000126845790298 0.00011284912505 0.125498757812
0.000121169219565 0.000186035993669 0.125748136694
9.23714840762e-05 0.00026302174092 0.125998136694
4.53969719064e-05 0.000337482303361 0.1262475156
-7.28490628959e-06 0.000397952722152 0.1264975156
-5.97373485346e-05 0.000440791933771 0.1267475156
-0.000115472077924 0.000470619103061 0.1269975156
-0.000178351394059 0.000491488279342 0.1272475156
-0.000248115126007 0.000504258115674 0.127497519458
-0.000320913270402 0.000508146598504 0.127747519458
-0.000389899788819 0.000502015494107 0.127998140575
-0.000447280669231 0.000485437774215 0.128248140575
-0.000488521136736 0.000459593194953 0.128498144433
-0.000517077259715 0.000427618533092 0.128748765527
-0.000541615075316 0.000393361915343 0.128998765527
-0.00056650244227 0.000358860357609 0.129249390479
-0.000589123518442 0.000323323119027 0.129499390479
-0.000605741941471 0.000284586436855 0.129749390455
-0.000615780121601 0.00024146881955 0.130000011549
-0.000621692656874 0.00019522353259 0.130250015407
-0.000625379348609 0.00014787346298 0.130500636501
-0.000624500264305 9.89068898039e-05 0.130750636501
-0.000614098791269 4.62254177328e-05 0.131001261453
-0.000590922251232 -1.01664178404e-05 0.131251261454
-0.00055451003952 -6.7563188933e-05 0.13150126143
-0.000507945440041 -0.000121201854704 0.131751886406
-0.000459954092319 -0.000164662876882 0.132001886406
-0.000418610729348 -0.000193973203438 0.132251890264
-0.000379263531845 -0.000211423922515 0.132501890264
-0.000329105428702 -0.00022065744456 0.132751890264
-0.000264510997697 -0.000220740919345 0.133001894098
-0.000193061019282 -0.000208132191621 0.133251894098
-0.000124464302117 -0.00018040412689 0.133501894097
-6.66785080996e-05 -0.000136589393426 0.133751272979
-2.13329862489e-05 -7.80249109165e-05 0.134000651885
1.78722748081e-05 -9.94634140443e-06 0.134250648027
5.38229098196e-05 6.11687099736e-05 0.134500026909
7.8526203421e-05 0.000133167518832 0.134749401933
8.4343105922e-05 0.000206075944339 0.134999398075
7.34235403944e-05 0.00027612579808 0.135248776957
5.02844850761e-05 0.000338762463355 0.135498152005
1.58488908819e-05 0.00039254526688 0.135748148147
-2.96571997276e-05 0.000437229035157 0.135997523195
-8.58409414137e-05 0.000472795633635 0.136246902077
-0.000149392560091 0.000497949578543 0.136496898243
-0.000211483731333 0.000509833899773 0.136746898243
-0.000267553891104 0.000508903595263 0.136996273291
-0.000322720704047 0.000499145432618 0.137246273315
-0.000378138592479 0.000482345148429 0.137496273315
-0.000425502060582 0.000457892552896 0.137746273339
-0.000462238658044 0.00042702486805 0.137996273339
-0.000496316663105 0.000392679264781 0.138246273339
-0.000532724460229 0.000356933984359 0.138496277197
-0.000568032584961 0.000320263531882 0.138746277197
-0.000597712903437 0.00028245660759 0.138996277197
-0.000621723308964 0.000243700953929 0.139246281055
-0.00064290114955 0.000205018393539 0.139496281055
-0.000661913347553 0.000166632275692 0.139746281031
-0.000674001521201 0.000125925518186 0.139996284889
-0.000671407197067 7.87084655667e-05 0.140246905983
-0.00065239423638 2.52608892999e-05 0.140496905959
-0.000625519354782 -2.78567499953e-05 0.140747530935
-0.000597248930497 -7.57211830862e-05 0.140997530935
-0.000561611819292 -0.000119390693401 0.141247534769
-0.000510056412768 -0.000159643175173 0.141498155887
-0.000443040639461 -0.000193191539722 0.141748780839
-0.000367266901174 -0.000215703778998 0.141998784697
-0.000290010768414 -0.000224343480037 0.142249405815
-0.000218122119979 -0.000217760043733 0.142499409673
-0.00015242540315 -0.000196341149787 0.142749409649
-8.73279594403e-05 -0.000161642138336 0.143000034625
-2.39395259516e-05 -0.000115144049863 0.143250034625
2.81567602183e-05 -5.80521970653e-05 0.143500038483
6.28435450571e-05 7.96641427946e-06 0.143750038482
7.93970002e-05 8.03690892472e-05 0.14400004234
7.61322374137e-05 0.000156860580204 0.144250042316
5.04846119662e-05 0.000235624590628 0.144500042316
6.67921872283e-06 0.00031206611857 0.144750042316
-4.4251981521e-05 0.000378426088924 0.145000046174
-9.70111198146e-05 0.000430476284588 0.145249425056
-0.000153175063109 0.000468569463519 0.145499421222
-0.000211730458724 0.000493006764279 0.145749421222
-0.000273120751554 0.000505103602374 0.145999421222
-0.0003406877234 0.000506876330538 0.146249417364
-0.000410180960236 0.000498184472613 0.146498792412
-0.000471754814034 0.000478852719225 0.146748792412
-0.000522644633986 0.000451010234449 0.146998788554
-0.000565997935227 0.000417399132452 0.147248784721
-0.000600990602201 0.000379821339394 0.147498784721
-0.000626778599198 0.000339669300537 0.147748780863
-0.000646550019981 0.000298009861198 0.147998159769
-0.000659201785242 0.000255019072023 0.148248155911
-0.000661089313082 0.000209681800254 0.148498155911
-0.000655690357734 0.000161518164216 0.148748152053
-0.00065058299259 0.000112230014632 0.148998148195
-0.000647609353 6.36111207551e-05 0.149248148195
-0.000641578698171 1.51912376662e-05 0.149497523219
-0.0006277592727 -3.38826088928e-05 0.149747523219
-0.000607862589818 -8.20108744896e-05 0.149997519361
-0.00058697746633 -0.000126342568401 0.150247519361
-0.000565784849565 -0.000165871085206 0.150497515504
-0.000536690965535 -0.000201663434673 0.150746894386
-0.000490843544944 -0.000233454528485 0.15099689441
-0.000431167417977 -0.000257658959697 0.15124689441
-0.000369285639914 -0.000270497304286 0.15149689441
-0.000306880771199 -0.000270701777905 0.15174689441
-0.000236740311289 -0.000257479149054 0.151996898268
-0.000162414925448 -0.000229909499108 0.152246898268
-9.88409854543e-05 -0.000188405036457 0.152496902126
-5.42893966424e-05 -0.000134251574311 0.152746905984
-2.38479854428e-05 -6.91179183673e-05 0.152996909841
-2.54146792554e-07 3.6926189316e-06 0.153246913699
1.64657492285e-05 7.95204525408e-05 0.153496913699
2.18867004775e-05 0.00015409360586 0.153746917557
1.43626953164e-05 0.000223822641566 0.153996921415
-5.4322660394e-06 0.000285851037113 0.154246921415
-4.00500990255e-05 0.000339355157862 0.154496925273
-9.28579083028e-05 0.000384397578928 0.154746925273
-0.000158200559775 0.000418596515844 0.154996925273
-0.000223750692887 0.000438827289323 0.155246925249
-0.000284581426789 0.000445301635374 0.155496925249
-0.000344334728767 0.000440269606164 0.155746925249
-0.000406128365784 0.000425234252089 0.155996921391
-0.000470531578716 0.000401052121367 0.156246921367
-0.000533585959087 0.00036871617707 0.156496921367
-0.000585296086451 0.000330347773749 0.156746921367
-0.00061925841577 0.000288814945984 0.156996921343
-0.000640648809209 0.000245792234184 0.157246921343
-0.000657993526009 0.000201692915582 0.157496917461
-0.000672247222807 0.000157167554256 0.157746917461
-0.000679923897558 0.000112605855107 0.157996917461
-0.000681252231017 6.77182355181e-05 0.158246296319
-0.000679377404435 2.24331695352e-05 0.158496296319
-0.000673664952117 -2.32420846081e-05 0.158746296319
-0.000659457226685 -6.9971218985e-05 0.158996296319
-0.000637225218276 -0.000117104875093 0.159246296319
-0.000613210761251 -0.000162308910429 0.159496296319
-0.000586213126503 -0.000204733358787 0.159745675201
-0.000548069892756 -0.000244312767487 0.159995675225
-0.000498001511011 -0.000278854869119 0.160245671367
-0.000438851623841 -0.00030564640359 0.160495050249
-0.000367298187909 -0.000322310706425 0.160745050273
-0.000283419280655 -0.000326114145957 0.160995050273
-0.000200266903581 -0.000315915183075 0.161245050297
-0.000133870263465 -0.000293315002135 0.161494425321
-8.7413758192e-05 -0.000259761230898 0.161745046463
-4.96486637114e-05 -0.000214214416898 0.161995046463
-1.07154172051e-05 -0.000155978021342 0.162245042605
2.3747312292e-05 -8.80689478743e-05 0.162495042629
3.9685362381e-05 -1.49156026738e-05 0.162745042629
3.25183191982e-05 6.06831387872e-05 0.162995663771
9.31935378234e-06 0.000135693846905 0.163246284889
-2.47023428802e-05 0.000205827253526 0.163496284889
-7.16238916502e-05 0.000267644798063 0.163746909889
-0.000130723376005 0.000318472887952 0.163996909889
-0.00019305808544 0.000355471650027 0.164247534865
-0.000252651955439 0.000377623437466 0.164497538723
-0.000311925764315 0.000385999379531 0.164747542581
-0.000371939641462 0.000381752652806 0.164998167557
-0.000429894622147 0.000366006282132 0.165248171415
-0.000480857047803 0.000340590486165 0.165498175273
-0.000519223619914 0.000308241128975 0.165748175273
-0.000549090812862 0.000270856180364 0.165998179107
-0.000580725859146 0.00022815755909 0.166248179107
-0.000612481486724 0.000181319238434 0.16649818294
-0.00063462923048 0.000133756117814 0.16674818294
-0.000646050611393 8.69729522573e-05 0.166997565656
-0.000651693105036 4.05445613654e-05 0.167247565656
-0.000651726456946 -5.34043886881e-06 0.167497565656
-0.000643876482263 -5.06472645287e-05 0.167747565656
-0.000630058533957 -9.59821167865e-05 0.167997561798
-0.000615492317253 -0.000141242419981 0.16824694068
-0.000604055667032 -0.00018547150483 0.168496936822
-0.000594231140307 -0.000228041820892 0.168746936822
-0.00057949185262 -0.000268956079797 0.168996932988
-0.000553914033583 -0.000307764153001 0.16924631187
-0.000514311333798 -0.000342902662325 0.169496308013
-0.000459675093528 -0.000371739629823 0.169746304155
-0.000396120485021 -0.000391696726035 0.169995683037
-0.00033534152068 -0.000401908617579 0.170245679203
-0.000276706340107 -0.0004012371511 0.170495675345
-0.000206063835935 -0.000385094836682 0.170745050369
-0.000122772537595 -0.000350723393021 0.170995046487
-4.58035608418e-05 -0.000302190632271 0.17124504263
1.01297182322e-05 -0.000244914945971 0.171495038772
4.53355461989e-05 -0.000180521437671 0.171744413796
6.64210495389e-05 -0.000109146780069 0.171994413796
7.80514394189e-05 -3.28190168618e-05 0.172244413796
7.977536391e-05 4.40085708645e-05 0.17249441763
6.69490271449e-05 0.000116524630765 0.17274441763
3.68426446023e-05 0.000181491565362 0.172994421488
-7.10897423327e-06 0.000236759768928 0.173244425346
-6.06970148239e-05 0.000280475004899 0.173495050322
-0.000124004472381 0.000311294810016 0.173745054156
-0.000196272967029 0.000328371142357 0.173995061871
-0.000272668819769 0.000331407609314 0.174245065729
-0.000349713268957 0.000320720342159 0.174495069563
-0.000426792051913 0.000296802141328 0.174745690681
-0.000500536217774 0.000261027608208 0.174995690681
-0.000562132748478 0.000217173702239 0.175245694539
-0.000603636495421 0.000170606417133 0.175495694539
-0.000626389282195 0.000124518432989 0.175746311799
-0.000638144217976 7.89271990703e-05 0.175996311799
-0.000642336990654 3.40641453568e-05 0.176246311799
-0.000639601644456 -9.50386682475e-06 0.176496307941
-0.000635922488527 -5.35751017594e-05 0.176746307941
-0.000635153149961 -9.87161101225e-05 0.176996304107
-0.000629949802254 -0.000142329692096 0.177246304107
-0.000612872169659 -0.000183475887644 0.177496921367
-0.000588433157233 -0.000223903055231 0.177746921367
-0.000563444799877 -0.000264136408685 0.177996921367
-0.000534817143105 -0.000303034615196 0.178246917533
-0.00049573045629 -0.000338999856959 0.178496917533
-0.000445086248741 -0.000370347347095 0.178746913675
-0.000386537330637 -0.000395341709796 0.178996913699
-0.000325255623301 -0.00041275715651 0.179246909841
-0.000265782078234 -0.000421982880104 0.179496909841
-0.00020799088619 -0.000421830474035 0.179746909866
-0.000147849953793 -0.000409575354787 0.179997527126
-8.45876381609e-05 -0.000382980508333 0.180247527126
-2.49893221527e-05 -0.000343212462972 0.180497523268
1.99878009763e-05 -0.000294817629645 0.180748144386
4.33933170356e-05 -0.000241657743462 0.180998140528
4.9016151881e-05 -0.000182531383859 0.181248140552
4.6904077504e-05 -0.000114043211992 0.181498757812
4.06700654178e-05 -3.81351251292e-05 0.18174937893
2.36147020802e-05 3.76015826981e-05 0.18199937893
-1.03524410231e-05 0.000106748456257 0.182250000048
-5.75039476433e-05 0.000166561058637 0.182499996166
-0.000111750774619 0.000214944070541 0.182749996166
-0.000173507932687 0.00024937709393 0.182999996166
-0.000241099959497 0.000268796021399 0.183249996166
-0.000304934031048 0.000274497017237 0.183499996166
-0.000359840299197 0.000268403836859 0.183749996142
-0.00040936837457 0.00025130566653 0.184
-0.000454000305768 0.000224632455898 0.18425
-0.000487174136981 0.000192425143196 0.1845