1480
-0.000378571906291 -0.000517220528943 -0.185
-0.0003341712713 -0.000528660094563 -0.18475
-0.000290427991447 -0.000544349397694 -0.1845
-0.000247013358281 -0.000561404107845 -0.18425
-0.000201004734699 -0.000573900816812 -0.184
-0.000151353770383 -0.000579741947098 -0.183750003882
-0.000100516317886 -0.000580964637064 -0.183500003882
-5.24184516751e-05 -0.000581112395758 -0.183250003882
-8.15714690551e-06 -0.000580440518099 -0.182999382788
3.60787605943e-05 -0.000572319762223 -0.182749382788
8.30742985577e-05 -0.000549335618235 -0.18249938667
0.000129733107718 -0.000511413226568 -0.18224938667
0.000169730766009 -0.000465232526882 -0.181999382837
0.000197597475601 -0.000419592076987 -0.181749382837
0.000212113714374 -0.000376468226623 -0.181499378979
0.000216154030603 -0.000325643125457 -0.181249371263
0.000211275990056 -0.000257260683029 -0.180999367405
0.000195457852665 -0.000175299864907 -0.180749359689
0.000166394711011 -9.21119207604e-05 -0.180499351974
0.000123791799247 -1.82244950733e-05 -0.180249348116
6.78227314681e-05 3.76202003162e-05 -0.179999344258
-1.37599922027e-06 6.96421145368e-05 -0.1797493404
-7.97975385187e-05 8.13084335872e-05 -0.179499336542
-0.000158471616143 8.19640936867e-05 -0.179249332684
-0.000229171805486 7.73553034372e-05 -0.178999328802
-0.000288868012358 6.71392253052e-05 -0.17874933266
-0.000340324753747 4.55750696788e-05 -0.178499953754
-0.000388295251096 4.96548428353e-06 -0.178249953754
-0.000431804127432 -5.42858153276e-05 -0.177999957588
-0.000464112583218 -0.000120889467911 -0.177750582564
-0.000481077351417 -0.000184063894935 -0.177500586398
-0.000484718024738 -0.00024255175688 -0.177251211373
-0.000479085710628 -0.000301129332911 -0.177001215207
-0.000466574148291 -0.000363004263501 -0.176751836325
-0.000447976583717 -0.00042712994033 -0.176501840159
-0.000423183862447 -0.000486703197948 -0.176251844017
-0.000392154209023 -0.000532964376296 -0.176002465135
-0.00035648856917 -0.000566015523147 -0.175752465135
-0.000318673813861 -0.000593271413275 -0.175502468993
-0.000280090048873 -0.000617985696831 -0.175252468993
-0.000240653898336 -0.000639164557777 -0.175002468993
-0.000200418407673 -0.000657159115985 -0.174752469017
-0.000159837937303 -0.000673200986756 -0.174503090135
-0.0001174498581 -0.000684492098964 -0.174253090159
-6.83931008065e-05 -0.000682137541355 -0.174003090159
-1.00495647503e-05 -0.000659542357912 -0.173752469065
5.15403811396e-05 -0.000622962955752 -0.173502469065
0.000106893769969 -0.000585805958045 -0.173252465207
0.000152943233925 -0.000552197694721 -0.173002465207
0.000192269655709 -0.000514324716782 -0.172752465231
0.000225689614938 -0.000465425953995 -0.172501844113
0.000250972130135 -0.000405254358553 -0.172251844113
0.000265446854047 -0.000336165847236 -0.172001840255
0.000266706724114 -0.000263412039668 -0.171751219137
0.000253003287585 -0.000195065872985 -0.171501215279
0.000224012902366 -0.00013630555213 -0.171251215279
0.000180751366841 -8.60032199766e-05 -0.171000594161
0.000124979002276 -4.251912499e-05 -0.170750594161
5.85210084691e-05 -9.38326498644e-06 -0.170500590303
-1.56507707071e-05 1.1352404159e-05 -0.170250590303
-9.21945176944e-05 2.25740491281e-05 -0.170000590303
-0.000167109272301 2.20857335459e-05 -0.169750590279
-0.000239667669243 3.16560520161e-06 -0.169500590279
-0.000306633981333 -3.2284175982e-05 -0.169250590279
-0.000363278299124 -7.77279852014e-05 -0.169001211397
-0.000409169626296 -0.000134048166046 -0.168751211397
-0.000444119564724 -0.00020146579443 -0.168501211397
-0.000465010895603 -0.000271031425787 -0.168251211398
-0.000470561896735 -0.000333644892902 -0.168001832516
-0.000462932668064 -0.000386688469519 -0.167751832516
-0.000445311429398 -0.000431450011475 -0.167501832516
-0.000420535582581 -0.000471280019809 -0.167251828658
-0.000390630861363 -0.000510130761883 -0.167001828658
-0.000356494306446 -0.000546844395252 -0.166751828658
-0.000318581304692 -0.000575181917776 -0.166501828658
-0.000277787217157 -0.000595527394725 -0.166251828658
-0.000235648599158 -0.000616959461628 -0.166001828658
-0.000193813104515 -0.000642896434506 -0.165751828658
-0.000152292813483 -0.000666141827358 -0.165501828658
-0.000109780526214 -0.000680865238209 -0.165251828658
-6.62576161781e-05 -0.00068936535584 -0.165001828658
-2.21656950943e-05 -0.000693633869661 -0.164751828657
2.30778984408e-05 -0.000691764336386 -0.164501828657
6.81561725873e-05 -0.000685876700558 -0.164251828657
0.000111757872278 -0.000677244999147 -0.164001828633
0.000155791843175 -0.000656681833532 -0.163751828633
0.000200151002066 -0.000616373148373 -0.163501832491
0.000240381753995 -0.000559996000087 -0.163251832491
0.000271922889148 -0.000495080445769 -0.163001832467
0.000291809227684 -0.000428324498966 -0.162751832467
0.000298693066323 -0.000362345764331 -0.162501832467
0.000292094142433 -0.000291152601505 -0.162251215207
0.000271252746217 -0.000208962835917 -0.162001215207
0.000236075060132 -0.000123769321987 -0.161751219065
0.00018809092021 -5.22785833323e-05 -0.161501219065
0.000129335075839 -3.32537492983e-06 -0.161251219065
6.18899248774e-05 2.52410461776e-05 -0.161001222923
-1.14205326866e-05 3.74978258693e-05 -0.160751222923
-8.68160593436e-05 3.59812034564e-05 -0.160500601805
-0.000159681350587 2.37866349844e-05 -0.160250601805
-0.000225829388396 2.75309434503e-06 -0.160000601805
-0.000283227119741 -2.89912887798e-05 -0.159749980687
-0.000331433407138 -7.44363466802e-05 -0.159499980687
-0.000369571651187 -0.000133251869688 -0.159249355711
-0.000395748077397 -0.000200095614182 -0.158999355711
-0.000408704930022 -0.000268847910668 -0.158749351853
-0.000408938721991 -0.000337184840917 -0.158498730735
-0.000397683961701 -0.000404710434161 -0.158248726877
-0.000376320363765 -0.000471306845544 -0.157998723043
-0.000346233775221 -0.00053551096657 -0.157748101925
-0.000309336477794 -0.000591624406355 -0.157498101926
-0.000268240712627 -0.000634722938554 -0.157248098068
-0.000225290926649 -0.000665047647301 -0.156998098068
-0.000181820400492 -0.000685785989792 -0.15674809421
-0.000138489619908 -0.000700884818596 -0.15649809421
-9.56138862397e-05 -0.000711401132976 -0.15624809421
-5.28045160993e-05 -0.000714289707782 -0.15599809421
-8.56394413558e-06 -0.000706038021008 -0.155748094234
3.85467273893e-05 -0.000685762051238 -0.155498094234
8.78973275262e-05 -0.000657982606467 -0.155248094234
0.000136934439931 -0.000629015293972 -0.154998715352
0.000183906527337 -0.000599373036967 -0.154748715352
0.000228170298599 -0.000565322729715 -0.154498715352
0.000268955221481 -0.000522489273229 -0.154248715352
0.000304643967058 -0.000467631063921 -0.15399933647
0.000332418217069 -0.000405329364974 -0.153749336469
0.000350136410984 -0.000346878264035 -0.153499336469
0.000357568869716 -0.000297943925983 -0.153249336469
0.000354380031421 -0.000251647686279 -0.152999961445
0.000338520072 -0.000197761223878 -0.152749965303
0.000308435570057 -0.000137696546877 -0.152499965303
0.000264939640127 -8.26542779479e-05 -0.152249969161
0.000209642514648 -3.94683154525e-05 -0.151999969161
0.000143991615085 -7.10726192847e-06 -0.151749973019
7.06333456217e-05 1.60241287967e-05 -0.151499976877
-6.38237996555e-06 2.71287496631e-05 -0.151249976877
-8.30015390875e-05 2.15400439441e-05 -0.150999980734
-0.00015580392438 -2.02406560008e-06 -0.150749980734
-0.000221442643156 -4.07605437827e-05 -0.150499984592
-0.000277125168708 -9.26410463999e-05 -0.150249984592
-0.000320875000188 -0.000156460291472 -0.149999984592
-0.000350664992805 -0.000224915959378 -0.149749984568
-0.00036533416434 -0.000286032447933 -0.149499984568
-0.000366311998599 -0.000333138897562 -0.149249984544
-0.000356626209076 -0.000371391831778 -0.148999984544
-0.000338057810711 -0.00041350736867 -0.148750601781
-0.000310519039254 -0.000464880804838 -0.148500601781
-0.000274534664491 -0.00051946131401 -0.148250601757
-0.000232084835946 -0.000570121367332 -0.148000601733
-0.000185695822624 -0.000612821557531 -0.147751222851
-0.000138073133046 -0.000644321575854 -0.147501218969
-9.12489860069e-05 -0.000662965437599 -0.147251218969
-4.53974357017e-05 -0.000672122776371 -0.147001218969
4.29251639163e-07 -0.000679513197124 -0.146751840087
4.59106132372e-05 -0.00068806523655 -0.146501840087
9.02467951351e-05 -0.000690554654424 -0.146251840087
0.000134216311921 -0.000680182715417 -0.146001840111
0.000178498897619 -0.000661987052646 -0.145751840135
0.00022200167728 -0.000646339458125 -0.145501840135
0.000263935050342 -0.000632652216155 -0.145251840159
0.000304344491722 -0.000607994090736 -0.145001840183
0.000341772646701 -0.000564429549194 -0.144751840207
0.00037322575128 -0.000507027264501 -0.144501219113
0.000396051472509 -0.000440991991372 -0.144251219137
0.000408027426802 -0.000368462809936 -0.144000598019
0.000408181616755 -0.000296586833953 -0.143750598043
0.000396157693224 -0.000229233867052 -0.143499976949
0.000370105478257 -0.000161362199396 -0.143249976949
0.000329183625236 -9.27815319407e-05 -0.142999351973
0.000275992821658 -3.22348186845e-05 -0.142749351973
0.000213846867746 1.36239906997e-05 -0.142498730879
0.000145400604477 4.2369853663e-05 -0.142248730879
7.34404684617e-05 5.15419328717e-05 -0.141998727021
1.50495806395e-07 4.21360170396e-05 -0.141748727045
-7.21771302537e-05 2.01750955691e-05 -0.141498727045
-0.000139742415823 -1.2555994173e-05 -0.141248723187
-0.000198977250616 -6.04329625815e-05 -0.140998723187
-0.00024747779823 -0.000122412011353 -0.140748723187
-0.000283280545162 -0.000192215383464 -0.140498723187
-0.000305028404154 -0.000268828833911 -0.140248723187
-0.000311919458846 -0.000351980298907 -0.139998723163
-0.000304157544107 -0.000434856919277 -0.139748726997
-0.000283516551313 -0.000509174612881 -0.139498730855
-0.000253377175971 -0.00056795080828 -0.139248730831
-0.000218024953849 -0.000606649273704 -0.138998734665
-0.000179571754923 -0.00063087935501 -0.138748113547
-0.000136806227197 -0.000652359011433 -0.138498117381
-9.03050899302e-05 -0.000672749039759 -0.138248121214
-4.31363791339e-05 -0.000686625953255 -0.137998121214
3.4101042298e-06 -0.00069378433879 -0.13774750393
4.86904463796e-05 -0.000694554737142 -0.13749750393
9.16049518325e-05 -0.000685987984559 -0.137247507764
0.00013332597235 -0.000670031470303 -0.136997507764
0.000175644948299 -0.000653561401486 -0.136747507764
0.000217886226789 -0.000636151604649 -0.136496890528
0.000258658628828 -0.000609769567241 -0.136246890528
0.000297658861375 -0.000574906339837 -0.135996890528
0.000334774348691 -0.000542522838233 -0.135746894386
0.000369398657663 -0.000515242596936 -0.135496894386
0.000399726430368 -0.000481493198547 -0.13524689441
0.000422583189691 -0.000431108612051 -0.134997515528
0.000435404078261 -0.000367088713152 -0.134747515528
0.000438149288564 -0.000301429806235 -0.134497515528
0.000432317988573 -0.0002440793896 -0.134248136646
0.000417740118846 -0.000195708580941 -0.133998132812
0.000389960980227 -0.000146965937426 -0.133748132812
0.000343761097196 -8.98871409805e-05 -0.133498750072
0.00028126060444 -3.19506386049e-05 -0.133249367332
0.000209935666308 1.23731526922e-05 -0.132999363475
0.000134517023781 3.75306189026e-05 -0.132749980735
5.75633626914e-05 4.37923225855e-05 -0.132499973019
-1.79148500013e-05 3.12351370665e-05 -0.132249973019
-8.95345985627e-05 3.39532426269e-06 -0.131999969161
-0.000154570150981 -3.44427129705e-05 -0.131749965304
-0.000209214924363 -8.29772035776e-05 -0.131499344186
-0.000250746674639 -0.000143312140243 -0.131249344186
-0.000278944402376 -0.000205276794025 -0.130998723068
-0.000294948205795 -0.000257311032615 -0.13074871921
-0.000298802888115 -0.000304266156021 -0.130498723068
-0.000288545525073 -0.000359648201735 -0.13024810195
-0.000263265476627 -0.000425206180269 -0.12999810195
-0.000225810609369 -0.000489700701672 -0.12974748469
-0.000180509754936 -0.00054391419233 -0.12949748469
-0.000130038264762 -0.000586995690432 -0.129246863548
-7.67768299955e-05 -0.000619260277173 -0.128996867406
-2.40266025436e-05 -0.00063916583547 -0.128746871263
2.64642219391e-05 -0.000647848048076 -0.128496871263
7.51766787726e-05 -0.000649404764805 -0.128246871263
0.000123130221499 -0.000647806062717 -0.127996875121
0.000170031896484 -0.000644171966486 -0.127746875121
0.000214009253529 -0.000635112464796 -0.127496878979
0.00025443621878 -0.000617457003601 -0.127246879003
0.000292801820129 -0.000592688791703 -0.126996879003
0.000329807913197 -0.000562077314056 -0.126747500121
0.000364721143572 -0.000523799626388 -0.126497503978
0.000396632458413 -0.000478300512648 -0.126247503978
0.000424877610219 -0.000429280485501 -0.12599812512
0.000448348767803 -0.000378527577326 -0.12574812512
0.000464868292984 -0.000323683940568 -0.125498128978
0.000471054710339 -0.000260759490747 -0.125248750096
0.000463608340923 -0.000188633385079 -0.124998750096
0.000441880187375 -0.00011290284811 -0.124748750096
0.000409131624318 -4.43349971154e-05 -0.124499375096
0.000369213908067 9.34389768462e-06 -0.124249375096
0.000321522819244 4.98677794501e-05 -0.123999375096
0.000263444378703 8.17161558461e-05 -0.123749375096
0.000197178468645 0.000102043012917 -0.123499375096
0.000127103586394 0.000105979097578 -0.123249996214
5.43144190267e-05 9.57201151151e-05 -0.122999996214
-1.97246546309e-05 7.58166184555e-05 -0.122749992356
-8.98632800202e-05 4.58875016166e-05 -0.122499992356
-0.000150393653146 2.47687280474e-06 -0.122249992356
-0.000197548476484 -5.66283324569e-05 -0.121999992356
-0.000229177388847 -0.00013113869203 -0.121749992356
-0.000244730100174 -0.000215633493718 -0.121499992356
-0.000246165899083 -0.000297256005086 -0.121249992356
-0.000236307936097 -0.000365930550106 -0.120999988499
-0.000215320171169 -0.000424920885967 -0.120749988499
-0.00018206266269 -0.000480947080222 -0.120499988499
-0.000137592136646 -0.000533824708152 -0.120249988499
-8.5940286304e-05 -0.000578187180548 -0.119999988499
-3.37476523327e-05 -0.000606631035396 -0.119749988499
1.3849334498e-05 -0.000616670955819 -0.119499988499
5.74759746365e-05 -0.000614055928376 -0.119249988499
0.000100496733341 -0.000606109619001 -0.118999988499
0.000144945174899 -0.000596798288945 -0.118749988499
0.000190206740842 -0.000586279716868 -0.118499988475
0.000233836743475 -0.00057191986886 -0.118249988475
0.000275197117554 -0.000553095285532 -0.117999988451
0.000316442717437 -0.000534374076909 -0.117749988451
0.000357683699167 -0.000517687335211 -0.117499367309
0.000395852714039 -0.000496580366105 -0.117249367285
0.000429773008677 -0.000467144470646 -0.116999371143
0.000460502305978 -0.000432810119811 -0.116749371119
0.000486309790148 -0.000391222355872 -0.116499371119
0.000502801617783 -0.000335655458032 -0.116249371095
0.000508844665478 -0.000270298724973 -0.115999371095
0.000507007159212 -0.000206302416112 -0.115749374953
0.000498452733002 -0.000148598963391 -0.115499374953
0.000480650287713 -9.47931991174e-05 -0.115249374952
0.000448263021398 -3.97847392149e-05 -0.114999374952
0.000399041675977 1.57249703577e-05 -0.114749378834
0.000337365419503 6.36886378656e-05 -0.114499378834
0.000266235383164 0.000100347051616 -0.114249378834
0.000187627584966 0.000124999136876 -0.113999382716
0.000108716995052 0.000132037059731 -0.113749382716
3.4094541437e-05 0.000119516061277 -0.11349938274
-3.70343319846e-05 9.33837159132e-05 -0.11324938274
-0.000102639540403 5.7614510726e-05 -0.112999382764
-0.000157591576687 1.0965943972e-05 -0.11274876167
-0.000198016472951 -4.80706228101e-05 -0.11249876167
-0.000222233639063 -0.00011840754409 -0.112248761694
-0.000230270518188 -0.000195640158367 -0.111998757836
-0.000223051940908 -0.000274039643579 -0.11174875786
-0.000201746644042 -0.000349077812417 -0.111498757884
-0.000167709664495 -0.000418021880529 -0.111248754026
-0.000122456090836 -0.000479443450537 -0.110998132908
-6.86315628041e-05 -0.000531193084043 -0.110748132932
-1.01497311463e-05 -0.000570607711427 -0.110498132932
4.89530208136e-05 -0.000596261401498 -0.110248132932
0.000105113176642 -0.000608052783116 -0.109998129074
0.000157057678712 -0.000608406335696 -0.10974812905
0.000205321365738 -0.000600758495412 -0.10949812905
0.000250316464471 -0.000587347756636 -0.109248129026
0.0002937490178 -0.000571085487478 -0.108998129002
0.000336237414203 -0.000553556983939 -0.10874875012
0.000373612659923 -0.000530111819254 -0.108498750096
0.000403296130321 -0.0004955604138 -0.108248750072
0.000429484373238 -0.000453769430758 -0.107998750073
0.000455993616773 -0.000411369347062 -0.107748750073
0.000480650745223 -0.000366804048844 -0.107498750049
0.000499861777619 -0.000315677440536 -0.107248750049
0.000512877542539 -0.000259509502223 -0.106998750049
0.000519752127241 -0.000201662614086 -0.106748750049
0.000518088744943 -0.000141324586082 -0.106499371167
0.000505242073555 -7.79746989671e-05 -0.106249371167
0.000482921662121 -1.73981607104e-05 -0.105999371191
0.00045444700415 3.43041216296e-05 -0.105749371191
0.000419052423268 7.71037684054e-05 -0.105499371191
0.000374935655695 0.000111725161246 -0.105249371191
0.000323015751703 0.00013602377507 -0.104999371214
0.000263771915336 0.000148810385555 -0.104748750096
0.000197551574484 0.000149789775711 -0.104498750096
0.000126858122262 0.000138114346615 -0.104248753954
5.39981765321e-05 0.000114990371496 -0.103998753954
-1.64420072057e-05 8.11860794584e-05 -0.103748753978
-7.60587227197e-05 3.33205701593e-05 -0.103498753978
-0.000119764063949 -2.99974417549e-05 -0.103248757836
-0.000147869693769 -0.000103620409301 -0.102998136718
-0.000161007559256 -0.000181411841333 -0.102748136718
-0.000159283293345 -0.000258765204654 -0.102498757836
-0.000145114519023 -0.00032930725775 -0.102248757836
-0.000122520762685 -0.000386897248305 -0.101998753978
-9.38018446092e-05 -0.000430608087642 -0.101748753978
-5.81257007306e-05 -0.000464597118498 -0.101498753978
-1.215713805e-05 -0.000494915565759 -0.101248753978
4.64172957123e-05 -0.000524595074101 -0.100999371214
0.000113010199558 -0.000549378009294 -0.100749371214
0.000177401309334 -0.000561798802647 -0.100499367356
0.000231934925275 -0.000558773440142 -0.100249367356
0.000276140884596 -0.000543070876326 -0.0999993673323
0.000315236082032 -0.00052048955828 -0.0997499884503
0.000354809512352 -0.000496177194932 -0.0994999884505
0.000396071529203 -0.000472044237945 -0.0992499884505
0.000436714402017 -0.000447316027429 -0.0989999884506
0.000475138796685 -0.0004213335771 -0.0987499884506
0.000511968887706 -0.000395245740268 -0.0985006095688
0.000546138584932 -0.000367808371428 -0.0982506095688
0.000573140946314 -0.000332508950452 -0.0980006095689
0.00059126579966 -0.000286866294204 -0.0977506095689
0.000602978602786 -0.000235838904549 -0.0975006095691
0.000607791691294 -0.000181276954902 -0.0972506095691
0.000603331583999 -0.000123161735718 -0.0970006095691
0.000590451207737 -6.55773986133e-05 -0.0967506095691
0.000568160908799 -1.02097936644e-05 -0.0965006095691
0.000529639745366 4.6371423184e-05 -0.0962506095691
0.000469779060872 0.000104560867479 -0.0960006095691
0.000394985276936 0.000155925270924 -0.0957506095691
0.000319561080317 0.000189274580858 -0.0954999884511
0.000250818823851 0.00020081442105 -0.0952499884511
0.00018465293051 0.000194649437665 -0.0949999884511
0.000115557739104 0.000176006015979 -0.0947499884509
4.42309367109e-05 0.000147529405237 -0.0944993673329
-2.27985427215e-05 0.000109094775167 -0.0942493673329
-7.60573155401e-05 5.75288930424e-05 -0.0939993673329
-0.000107997078663 -1.10999314981e-05 -0.0937487462148
-0.000118091014279 -9.48181405457e-05 -0.0934987462148
-0.000111863935123 -0.000183490864087 -0.0932487462387
-9.54936120492e-05 -0.000265235918637 -0.0929981251207
-7.299052144e-05 -0.000332615347123 -0.0927481251206
-4.47326760661e-05 -0.000385312732415 -0.0924981289784
-6.64383547937e-06 -0.000429242196716 -0.0922481289784
4.50278555499e-05 -0.000469079419965 -0.0919981290022
0.000107671604871 -0.000502758929376 -0.0917481290022
0.000173776498901 -0.000525229486321 -0.0914981328601
0.000237800516413 -0.000534871265124 -0.0912481328839
0.000297182315352 -0.000532980630661 -0.0909981367418
0.000347007656653 -0.000519434654312 -0.0907481367418
0.000384290244172 -0.000495033684616 -0.0904981367418
0.000416022732089 -0.000465198199273 -0.0902481367418
0.000451347625051 -0.000435725282911 -0.0899981367417
0.000489321101895 -0.000406984840129 -0.0897481367417
0.000522543046448 -0.000375086211598 -0.0894981405995
0.000547630407283 -0.000337217306385 -0.0892481405997
0.000567195284438 -0.00029447026348 -0.0889981405997
0.000585690777196 -0.000250847720058 -0.0887481405757
0.000604243376198 -0.000208494343979 -0.0884981405759
0.000617809399138 -0.000163329145953 -0.0882487616939
0.000619605868132 -0.000109735556464 -0.087998761694
0.000608800175981 -4.94234252926e-05 -0.087748761694
0.000592935825627 7.80562391487e-06 -0.0874987616702
0.000580985622471 5.31773571604e-05 -0.0872487616702
0.000569671241941 8.95853220507e-05 -0.0869987616704
0.000543101150263 0.000127024930918 -0.0867487578125
0.000493285958057 0.000166635255228 -0.0864987578125
0.000427163168487 0.0002003748143 -0.0862487578125
0.000351935611807 0.00022244691421 -0.0859987539546
0.000273679591297 0.000229504726055 -0.0857487539546
0.000201986575433 0.000217767237837 -0.0854987501207
0.000139422780357 0.00018736916408 -0.0852487462628
8.06061500748e-05 0.00014301430591 -0.0849981251448
2.48275634431e-05 8.89160481064e-05 -0.0847481212869
-2.29558200469e-05 2.74528585808e-05 -0.0844981212868
-5.97512796137e-05 -3.77650855061e-05 -0.0842481213108
-8.47904367958e-05 -0.000102258683282 -0.0839981174529
-9.4308734964e-05 -0.000165651088372 -0.0837474963349
-8.36434485771e-05 -0.000230284879557 -0.0834975001926
-5.4195656189e-05 -0.00029378000883 -0.0832475002166
-1.13022817479e-05 -0.000350648242868 -0.0829975002166
4.05552526885e-05 -0.000397208452421 -0.0827475040744
9.69905297199e-05 -0.000431187719868 -0.0824975040744
0.000156622908999 -0.000453333211106 -0.0822475079561
0.000220565803403 -0.000465946552669 -0.0819975079561
0.000284881311018 -0.000468418859289 -0.081747511814
0.000344492503737 -0.000460392726625 -0.081497511814
0.000401903517803 -0.000445259665323 -0.0812475156479
0.000459692550328 -0.000425899792141 -0.0809981367658
0.00051124151642 -0.000401509718882 -0.0807481406237
0.000551150068168 -0.000371606334636 -0.0804981405997
0.000583787566077 -0.000338704576746 -0.0802481405997
0.000612240021002 -0.000304313483502 -0.0799981405757
0.000633307568396 -0.000266341755561 -0.0797481405757
0.000646375063948 -0.000223252206542 -0.0794981405518
0.000655150597156 -0.000176668788212 -0.0792481405278
0.000663033261555 -0.000129443518135 -0.0789981366699
0.000671057375285 -8.34420951367e-05 -0.078748757764
0.000674404227321 -3.61511436006e-05 -0.078498757764
0.000662181539023 1.86874789593e-05 -0.078248757764
0.000627190015012 8.25390887295e-05 -0.0779987577641
0.000574084549499 0.000147842372941 -0.0777487577641
0.000515658444592 0.000203955656835 -0.0774981366461
0.00046235997786 0.000244765076354 -0.0772481327882
0.000413445847179 0.00027122826064 -0.0769981327884
0.000358885852447 0.00028726802246 -0.0767481289305
0.000292882039233 0.000293656690632 -0.0764981289305
0.000220575809332 0.000287687173273 -0.0762481250728
0.000151599858723 0.000266664227186 -0.0759975039548
9.34752202222e-05 0.000229467630206 -0.0757475039549
4.74422389694e-05 0.00017722883867 -0.075497500097
1.10612597911e-05 0.000113127536882 -0.0752475001212
-1.42301754399e-05 4.01753674899e-05 -0.0749975001212
-2.65065012363e-05 -3.80775883488e-05 -0.0747475001212
-2.74077967015e-05 -0.000115933206977 -0.0744975001451
-1.50434804512e-05 -0.000190241813542 -0.0742475001451
1.52457614724e-05 -0.000261097528743 -0.0739975001453
6.27503467502e-05 -0.000326162412366 -0.0737475040271
0.000122864319951 -0.000381341669947 -0.0734975040271
0.000188108187357 -0.00042214854397 -0.0732475078851
0.00024654762046 -0.000443899180951 -0.0729975079091
0.000291896356475 -0.000447235040679 -0.072747511767
0.000331592456482 -0.000439192284422 -0.0724975117909
0.000376295167872 -0.000425735250556 -0.0722475117909
0.000427260094004 -0.000407824307566 -0.0719975118149
0.000477371526785 -0.000384205532527 -0.0717475156728
0.000519389669051 -0.000354582300167 -0.0714975156728
0.000551771047433 -0.000320131419692 -0.0712475156726
0.000577906527701 -0.000282535016812 -0.0709975156726
0.000601303896624 -0.000243127536895 -0.0707475156485
0.000622262633765 -0.000202462296883 -0.0704975156485
0.000639555495271 -0.000160480289491 -0.0702475156484
0.000653498909416 -0.000117449152848 -0.0699975156242
0.000663980278678 -7.34807653248e-05 -0.0697475117423
0.000668785604584 -2.76825476354e-05 -0.0694975117423
0.000668041979465 1.94492839201e-05 -0.0692475117421
0.000664696584062 6.55011289582e-05 -0.0689975117182
0.000656487963551 0.000110737334496 -0.0687468906
0.000634822758098 0.000157831437571 -0.0684968906
0.000597096754685 0.000205193857105 -0.0682468867182
0.00055115229507 0.0002468833664 -0.0679968867182
0.000504150721654 0.000278803336575 -0.0677468867182
0.000455608395265 0.000300143568471 -0.0674968867183
0.00040130238999 0.000310631267323 -0.0672468828604
0.00033839888913 0.000309162813872 -0.0669968828845
0.000266821734258 0.000294411445913 -0.0667468828845
0.000188370475715 0.000265943727343 -0.0664968828847
0.000108795390128 0.000224495567328 -0.0662475001448
4.07482453608e-05 0.000171064045672 -0.065997500145
-3.71745861417e-06 0.000106269649262 -0.065747500145
-2.51286353703e-05 3.24901403968e-05 -0.0654975001451
-3.40655812024e-05 -4.39205348988e-05 -0.0652481212631
-3.70047934358e-05 -0.000116004209491 -0.0649981212631
-2.87114421467e-05 -0.000182065223623 -0.0647481212631
-3.83416602639e-07 -0.000244079608777 -0.0644981174053
4.65219235938e-05 -0.000300191304416 -0.0642481174053
0.000102547859709 -0.000345308817226 -0.0639981174292
0.000165085568482 -0.000378272888037 -0.0637481174292
0.000238831794591 -0.000400998262088 -0.0634981174053
0.0003226792627 -0.000412982896142 -0.0632481174053
0.000403124796301 -0.000411289607079 -0.0629974962872
0.000463135575187 -0.000395126096496 -0.0627474962872
0.000501015519011 -0.000368514318052 -0.0624973716777
0.000532087680127 -0.000336587851585 -0.0622471853399
0.000568303565286 -0.00030174222195 -0.0619969993878
0.000608846888596 -0.000264760599222 -0.0617468130499
0.000646940711541 -0.000226500099099 -0.0614966267145
0.000674914932099 -0.000187472636993 -0.0612464407648
0.000688254962356 -0.000146993281132 -0.0609963169293
0.000690139551102 -0.000104160388895 -0.0607461930963
0.000686678361384 -5.9088824157e-05 -0.0604960696466
0.000677439765125 -1.1355869812e-05 -0.0602460075395
0.000659485671474 3.96888726059e-05 -0.0599958837089
0.000635744254527 9.18759373154e-05 -0.0597458219877
0.000609372215129 0.000142366808482 -0.0594957602665
0.00057990652905 0.000189773787633 -0.059245698543
0.000548359516311 0.000232452857713 -0.0589956368195
0.000512633239152 0.000269836670264 -0.0587456372078
0.000465888825763 0.000301972737534 -0.0584956379818
0.000409371849059 0.000326339533464 -0.0582457008677
0.000351649033975 0.000339884027087 -0.0579957637512
0.00029524354362 0.000341414646042 -0.0577458891298
0.000236201162052 0.000330282086282 -0.0574960145084
0.000171940968779 0.000305564525791 -0.057246139887
0.000107351493379 0.000266958368884 -0.0569963269917
5.37348086196e-05 0.000215345670535 -0.056746514482
1.70416543716e-05 0.000152276656506 -0.0564967023582
-7.68196930825e-06 8.03603775457e-05 -0.0562468902344
-2.4834440605e-05 3.99113109025e-06 -0.0559971394484
-3.0199417143e-05 -7.26419867959e-05 -0.0557473265529
-1.92548858096e-05 -0.000146527429743 -0.0554975132693
6.42055227562e-06 -0.000214370611255 -0.0552476378739
4.374634491e-05 -0.000273093011093 -0.0549978242045
9.11340088262e-05 -0.000320879009384 -0.0547479484256
0.000146921793898 -0.00035673771823 -0.0544980722586
0.000206946962951 -0.000379759245613 -0.0542481957082
0.000265053145777 -0.000389497940726 -0.0539982566602
0.000319337356488 -0.000387264004355 -0.053748317617
0.000373110627899 -0.000375137927183 -0.0534983785714
0.000429627126986 -0.000354472205078 -0.0532483774188
0.000489557626249 -0.000325993209485 -0.0529984383779
0.000546673451521 -0.000290769875649 -0.0527484376135
0.000589359808916 -0.000251176939049 -0.0524984364632
0.000614226943211 -0.000209618918673 -0.0522483735869
0.00063009931995 -0.000166818103889 -0.0519983110989
0.000646765566156 -0.00012296474153 -0.0517482489966
0.000666725606022 -7.91101885644e-05 -0.0514981865038
0.000685036901826 -3.6270669601e-05 -0.0512481243991
0.000694698599552 6.17105089916e-06 -0.0509980001803
0.000695934510892 4.91619440639e-05 -0.0507479384567
0.000695229913006 9.19681006707e-05 -0.0504978146189
0.000691591249273 0.000134603235436 -0.0502476286669
0.000674753385495 0.000178816849362 -0.0499974427149
0.000639623778048 0.000224145251387 -0.0497471946511
0.000590742541738 0.000267135236914 -0.049496884859
0.000532584349153 0.000304409242012 -0.0492465133432
0.000468174959171 0.000333324856008 -0.0489961418274
0.000403993115505 0.000351844881019 -0.048745832421
0.000343241339654 0.000359071623205 -0.048495523017
0.000281374163276 0.00035402693811 -0.0482452132272
0.000213750795298 0.00033503414207 -0.047994965935
0.000141704423859 0.000301159467409 -0.047744718257
7.43989165376e-05 0.000253773708092 -0.047494470579
2.27890281335e-05 0.000195856732999 -0.0472443463554
-1.09330298411e-05 0.000129664432932 -0.0469943463531
-3.01152185043e-05 5.7268192662e-05 -0.0467444080791
-3.40204132584e-05 -1.81799260849e-05 -0.0464944694193
-2.14457061938e-05 -9.32881328776e-05 -0.0462446545974
4.3166260392e-06 -0.000164397232935 -0.0459948393896
4.17685908052e-05 -0.000228097445919 -0.0457450241819
9.19712533099e-05 -0.000282131749512 -0.0454952703167
0.000153541481613 -0.000324697800919 -0.0452454547256
0.000226557315729 -0.000354686567092 -0.0449956387487
0.000310418755061 -0.000371155830134 -0.0447457610457
0.000395135429177 -0.000373046839532 -0.044495883731
0.000470262180309 -0.000361176237301 -0.044245882576
0.000535988553147 -0.000337874376745 -0.0439958818092
0.00059456813584 -0.000305357265044 -0.043745819314
0.000640474303852 -0.00026663628834 -0.0434957575904
0.000668194703454 -0.000225467939172 -0.0432456958668
0.00068433103152 -0.00018319387922 -0.0429956349147
0.00069904462467 -0.000139095101994 -0.0427455114627
0.000711023836293 -9.42950118083e-05 -0.0424954508916
0.000713061169825 -5.07461724944e-05 -0.042245327823
0.000704629867072 -8.04486209287e-06 -0.0419952672495
0.000692039695504 3.53881462814e-05 -0.0417452066761
0.000680253796487 7.97519582766e-05 -0.0414951461002
0.000667439506303 0.000124220959629 -0.0412451476385
0.000649503742916 0.000168342887924 -0.0409950870626
0.000627780497542 0.000211476132905 -0.0407450885962
0.000604819125935 0.000252635715863 -0.0404950897463
0.00057588900158 0.000291193283758 -0.040245090894
0.000534084847817 0.000325930053337 -0.0399951545394
0.000481895917785 0.000354581298774 -0.0397452185705
0.000428286706371 0.000375494487577 -0.0394953447158
0.000374188926897 0.000387447613185 -0.0392454716351
0.000312612417629 0.000387854874616 -0.0389956602828
0.000246295171833 0.00037493544695 -0.0387458493139
0.00018861376738 0.000350281133685 -0.0384959758498
0.000141829859164 0.000314232038444 -0.0382461019999
9.41550315854e-05 0.000263300854383 -0.0379962277667
4.25318817136e-05 0.000197297726053 -0.0377463531477
-5.58095894654e-07 0.000122415025019 -0.0374964781429
-2.31345912919e-05 4.50928365174e-05 -0.0372464781429
-2.27721589768e-05 -3.12769223622e-05 -0.0369963531477
-2.47587732692e-06 -0.000104367847989 -0.0367461035432
3.13171238767e-05 -0.000171528326278 -0.0364958531695
6.94808323962e-05 -0.000229657169145 -0.0362455395242
0.000109918665619 -0.000276082055091 -0.0359952254932
0.000160308306366 -0.000309556335585 -0.0357448489669
0.000221993426471 -0.000329552707463 -0.0354944724407
0.000286166136136 -0.000336111969484 -0.0352440959121
0.000351328140053 -0.000329649766437 -0.0349937197716
0.000423936411001 -0.000309633466187 -0.0347433440145
0.000498862270382 -0.000276736507533 -0.0344929686433
0.000558889792777 -0.000235812948335 -0.034242717879
0.000597489379308 -0.000191888098883 -0.0339926534526
0.00062576503383 -0.000144963540078 -0.0337425890237
0.000652860592122 -9.38990952346e-05 -0.0334925874782
0.000674269101117 -4.18746270841e-05 -0.0332425870901
0.000682175403203 6.65173111662e-06 -0.0329926488113
0.000678765972613 5.18068972496e-05 -0.0327427730349
0.000674888993801 9.69801037626e-05 -0.0324928972561
0.000672758976451 0.00014210812779 -0.0322430218655
0.00066023758941 0.000184561010027 -0.0319932089748
0.000630931231637 0.000224907466586 -0.0317434585841
0.000594528798108 0.000265116992244 -0.0314937078076
0.000560864463574 0.000305061374917 -0.0312439570335
0.000528435066631 0.00034328569272 -0.0309941441499
0.000488882227833 0.000377905916395 -0.0307443929947
0.000436330663836 0.000406564525883 -0.0304946426088
0.000374287736958 0.000427316293008 -0.0302448922228
0.000310557786122 0.000439370905175 -0.0299951414463
0.000247475539229 0.000441721236683 -0.0297453289485
0.000184496109144 0.000432804817879 -0.0294954543366
0.000124028685775 0.000411991913643 -0.0292455801129
6.73690728981e-05 0.000378604947997 -0.0289957058869
1.31185970075e-05 0.000331182269578 -0.028745707823
-3.52171590263e-05 0.000271110590509 -0.0284957718686
-6.93553305097e-05 0.000203221856501 -0.0282457741882
-8.51831520659e-05 0.000131280608321 -0.027995776122
-8.30794340242e-05 5.75263568658e-05 -0.0277457155558
-6.40430095295e-05 -1.54623737628e-05 -0.0274957163299
-2.97187140672e-05 -8.46756212327e-05 -0.0272457167181
1.95344700471e-05 -0.000146488454995 -0.0269957167182
8.1563394482e-05 -0.000197899474089 -0.0267457784419
0.000148349963578 -0.000237212044302 -0.0264958397775
0.000217139237301 -0.000262719108935 -0.0262459007224
0.000291432713132 -0.000272864486864 -0.025996023391
0.000365247551711 -0.000268353280242 -0.0257461460571
0.000430699708136 -0.000251516698626 -0.0254962062209
0.000489286568261 -0.00022358965985 -0.0252463288847
0.000538590435001 -0.000187133589892 -0.0249963886651
0.000572658663069 -0.000146771133948 -0.0247464484479
0.000594506139802 -0.000104265125607 -0.0244964464999
0.000610486126115 -5.89103992497e-05 -0.0242464449401
0.000623214110858 -1.0717131716e-05 -0.0239964433826
0.000631664661708 3.86075972572e-05 -0.0237463797181
0.000632231880376 8.59110107884e-05 -0.0234963164442
0.000624187925922 0.000130100360029 -0.0232462539467
0.000611345046748 0.000172983508476 -0.0229961297278
0.000598553402941 0.000216418418595 -0.0227460055114
0.000589815085346 0.000260885468774 -0.0224959430233
0.00058354590212 0.00030472720357 -0.02224588054
0.000570098782188 0.000345253154236 -0.0219957559472
0.000540911420657 0.00038101981455 -0.0217455696285
0.000497955112932 0.000412160045833 -0.0214953833073
0.000452044336374 0.000439768171237 -0.0212451969813
0.000410842435337 0.000464510197844 -0.0209950110436
0.000370086469104 0.000484347812568 -0.0207448254892
0.000323160926468 0.000495639818105 -0.0204946403206
0.000269246306623 0.000495583865634 -0.0202444547663
0.000206503873747 0.000480235263529 -0.0199942074811
0.000134931059997 0.000446007427938 -0.0197440219172
6.38441881965e-05 0.000395130292549 -0.0194938363534
3.94503091275e-06 0.000333169732755 -0.0192436507895
-4.00475388032e-05 0.000264015838281 -0.0189935894493
-6.69159477042e-05 0.000190231981452 -0.0187435281043
-7.70902452163e-05 0.000113929750405 -0.0184935284853
-7.21048308662e-05 3.72680460894e-05 -0.0182435288687
-5.27419935023e-05 -3.64423291994e-05 -0.0179935292498
-1.72905781568e-05 -0.000102586630181 -0.0177435917426
3.56676531012e-05 -0.00015741804205 -0.0174936542355
9.99048617838e-05 -0.00020030233089 -0.0172437163425
0.000164036798045 -0.00023201695326 -0.016993778833
0.000225409359786 -0.000251409798512 -0.0167437788258
0.000293121111493 -0.000254855202488 -0.0164938413163
0.000373938637424 -0.000239144270655 -0.0162439034186
0.000459075196069 -0.00020611524572 -0.0159940280208
0.000530139820814 -0.000163512909937 -0.0157440901207
0.000579818729533 -0.00011759233365 -0.0154941526064
0.000616953443774 -6.73418158683e-05 -0.0152442150896
0.000649024299295 -1.07569323887e-05 -0.0149943393013
0.0006728195447 4.81811157273e-05 -0.014744401787
0.00068349213174 0.000103387630154 -0.0144945263869
0.000680497717605 0.000151667137228 -0.0142445892655
0.00066632983934 0.000193220521023 -0.0139945896465
0.000647244552333 0.000232267617266 -0.0137446521442
0.000629663012403 0.00027306424267 -0.0134947146418
0.000612829398007 0.000314367524972 -0.0132447771419
0.000591453985075 0.00035291815027 -0.0129948396443
0.000563329890089 0.00038821865695 -0.0127448396491
0.000527842761929 0.000420421877674 -0.0124948404255
0.000481615493271 0.000447897940667 -0.0122448408185
0.000424292149657 0.000469362641842 -0.0119948412139
0.000364459619516 0.000486211167382 -0.0117447794974
0.000309711811996 0.000499884310729 -0.0114947177786
0.00025791002962 0.000508376848539 -0.0112446560573
0.000205980445287 0.000508933459099 -0.0109945318409
0.000153796869667 0.00049974397561 -0.0107444080102
9.94599170943e-05 0.000477356439431 -0.0104942212961
4.49547474618e-05 0.0004404413109 -0.0102440349655
-1.70236845176e-06 0.000392993080953 -0.00999378652306
-3.60286022653e-05 0.000337891793772 -0.00974353769003
-5.8205972774e-05 0.000274909781338 -0.009493288857
-6.61145390845e-05 0.000206554874634 -0.00924303924999
-5.6363237476e-05 0.000137438582377 -0.00899285175718
-3.01048359229e-05 6.92220458622e-05 -0.0087427259904
8.1033354471e-06 2.49590230412e-06 -0.0084926006094
5.59715031241e-05 -5.89271586639e-05 -0.00824253772361
0.000114727600155 -0.000109229037139 -0.007992537333
0.000184663423717 -0.00014445361635 -0.00774266116841
0.000260707397999 -0.000164149509631 -0.00749278500142
0.000334772898033 -0.000169848581522 -0.00724303383201
0.000401868415719 -0.00016288496088 -0.00699328304598
0.000460003641856 -0.000144663521317 -0.00674353303153
0.000506991835488 -0.000117839038527 -0.00649378301708
0.000542186062931 -8.50194549455e-05 -0.00624399014307
0.00056840497304 -4.6775629033e-05 -0.00599419742289
0.000590622285535 -1.29352663075e-06 -0.00574441091462
0.000611301468278 5.2526644962e-05 -0.00549464292487
0.000625897952274 0.000109768986706 -0.00524485607059
0.000628772790877 0.000163045215214 -0.00499501921825
0.000622414146597 0.000212322762677 -0.00474513229092
0.000613973714564 0.000263068758589 -0.00449523892071
0.000605543449955 0.000315684143576 -0.00424535156855
0.000592533323354 0.000364163687785 -0.00399542675571
0.000571735319855 0.00040544396072 -0.00374546452076
0.000547636998779 0.000443596736722 -0.00349547728655
0.000526414959588 0.000482575856699 -0.00324549599275
0.000505828166899 0.000520375450304 -0.00299551423578
0.000476907637721 0.00055206938922 -0.00274549467163
0.000434907105078 0.000575176356221 -0.00249542526422
0.0003851478635 0.000591561816622 -0.00224533116735
0.00033548264952 0.000604072507338 -0.00199522464956
0.000282763472323 0.000608956411994 -0.00174511169007
0.000218470662062 0.000597358970662 -0.00149496142515
0.000148270630191 0.00056904658632 -0.00124478650792
8.47733689677e-05 0.000531029974974 -0.000994636242486
2.86211299987e-05 0.000482153636446 -0.000744503801144
-2.30674385794e-05 0.000417723262022 -0.000494389354016
-6.49484453463e-05 0.000342126135516 -0.0002443041691
-9.00095209324e-05 0.000263986573892 5.74074327991e-06
-9.54239871539e-05 0.000188691607915 0.000255750804054
-8.19775664821e-05 0.000117777950534 0.00050573808737
-5.26226400891e-05 5.09483861346e-05 0.000755713121676
-8.87291424314e-06 -9.41771584869e-06 0.00100568985755
4.9691071274e-05 -5.86786869367e-05 0.00125568487927
0.000119537387919 -9.55594048237e-05 0.00150570435895
0.000193317400523 -0.000121057546187 0.00175574852808
0.000268495411772 -0.000132928627939 0.00200582363762
0.000346790478979 -0.000127367071285 0.00225594835944
0.000425091282306 -0.000104668490196 0.00250612886519
0.000495276101351 -6.95173647586e-05 0.00275633417636
0.00055043318182 -2.76984127394e-05 0.00300653933321
0.000590206328936 1.8124416633e-05 0.00325673820172
0.000620725657358 7.06030368206e-05 0.00350694933756
0.000644730127386 0.000130430698925 0.00375716656859
0.000656311890366 0.000189004206633 0.00400735880179
0.000650350115557 0.000236128476958 0.00425748252101
0.000631353391829 0.000272790687008 0.00450754397579
0.00060815064737 0.000308092965084 0.00475758664438
0.000584217103637 0.000345949153059 0.00500763541007
0.000558180327769 0.00038377005196 0.00525767788955
0.000529334577308 0.000419800557559 0.00550770166048
0.000498538497651 0.000454290272733 0.00575771918306
0.000465693967655 0.00048652397543 0.0060077180335
0.000428905356166 0.000514534261088 0.00625771078799
0.000387362489189 0.000537694761966 0.00650764752588
0.000344318802385 0.000558175415911 0.00675752215438
0.000303250266439 0.000577779717769 0.0070074588923
0.000260358931631 0.000592773609947 0.00725739524447
0.000206878431962 0.000594578707747 0.00750720775643
0.000142239926927 0.000579309173703 0.00775689527085
7.94840428604e-05 0.000555088787507 0.00800658317106
3.10568529117e-05 0.000532982829336 0.00825633317831
-5.58227608047e-06 0.000510664384497 0.00850614529739
-4.03379312371e-05 0.000474648045179 0.00875589530469
-7.63438814465e-05 0.000416112872963 0.00900558358598
-0.000107803208741 0.000338740570082 0.00925521052467
-0.000124500836643 0.00025679720103 0.00950489996094
-0.000120389150148 0.000181688341256 0.00975465228058
-9.93533369221e-05 0.0001103650124 0.0100045292096
-6.78244515921e-05 3.78607461296e-05 0.0102544694078
-2.56244958159e-05 -2.89077967391e-05 0.0105044099917
3.10698797039e-05 -7.94246953726e-05 0.0107545376803
0.000101691176876 -0.000110502321035 0.0110046653712
0.000178807476796 -0.000125780008548 0.0112549168976
0.000251649493357 -0.000130936699264 0.0115051063097
0.000313231680527 -0.000129069483731 0.0117552953385
0.000365602695154 -0.000117549276427 0.0120054835956
0.000416185790248 -8.99006948575e-05 0.0122556710812
0.000468134248797 -4.26492438828e-05 0.0125058577976
0.000516241910742 1.98069334754e-05 0.0127560437424
0.000552396509744 8.78361665932e-05 0.0130061668039
0.000572165789974 0.00015276373291 0.0132562273725
0.0005771571978 0.000211826029788 0.0135062871695
0.000572486711763 0.000268062288728 0.0137562848572
0.000561031497264 0.000322636973365 0.0140062200472
0.000543301440416 0.00037316699717 0.014256155242
0.000521004777954 0.000419690228879 0.0145060908227
0.000495326725104 0.000461966890552 0.0147560260199
0.000466311866407 0.000498620662775 0.0150058998769
0.000436201179819 0.000532605938324 0.0152557741245
0.000407292836549 0.000566586272431 0.0155057112531
0.000376247303936 0.000596392419307 0.0157555866557
0.000335299626874 0.000614850912011 0.0160054616702
0.000280133164178 0.000618915644581 0.0162553362964
0.000215714316462 0.000612700695268 0.016505211306
0.000152121980357 0.000603647292004 0.0167550863157
9.4050084147e-05 0.000594210559323 0.0170050234324
3.78081978386e-05 0.000578370103264 0.0172548988254
-2.04048434065e-05 0.000548541481759 0.0175048367112
-7.71877993468e-05 0.000504873359185 0.0177548363255
-0.000126186977169 0.000452857691084 0.0180048363231
-0.000164823069103 0.000394351147907 0.0182549605419
-0.000191980204781 0.000329671886245 0.0185050234205
-0.000204749746166 0.000263628141651 0.0187552109084
-0.000201277324373 0.000200600708278 0.0190053983964
-0.000182576891914 0.000139645961679 0.0192555862701
-0.000150214946452 7.96883109527e-05 0.0195058362557
-0.000105148894949 2.3326549967e-05 0.0197560245152
-4.8526283759e-05 -2.51463431523e-05 0.0200062744983
1.84979594258e-05 -6.0880855041e-05 0.0202564623721
9.49418876292e-05 -7.94100324574e-05 0.0205065881316
0.000178060618041 -7.92195368369e-05 0.0207566513936
0.000261011044339 -6.36714722855e-05 0.021006652158
0.000335685805597 -3.79434389982e-05 0.021256652539
0.000399665639177 -2.53167392314e-06 0.0215065290797
0.000453178249139 4.32188644254e-05 0.0217563427371
0.000491484876226 9.20685897614e-05 0.0220061567827
0.000512423201774 0.000137503055655 0.0222559708283
0.000523362069057 0.000186218791586 0.0225057223763
0.00053009874935 0.000245809529259 0.0227554747007
0.000529115811876 0.000308649233014 0.0230051649132
0.000515753751426 0.000360884660614 0.0232548551282
0.000491585751148 0.000399526471695 0.0235046695692
0.000462442718859 0.000434247126542 0.0237544843959
0.000433138735251 0.000475257777349 0.0240042371109
0.000404060363993 0.000520756213379 0.0242539890542
0.000371892101625 0.000559574864574 0.0245038031118
0.000333630516051 0.000585326064007 0.0247536175527
0.000289887095286 0.000601824621842 0.0250034941079
0.000245298329014 0.000617734010394 0.0252533706606
0.000205403235939 0.000639457587636 0.0255032468276
0.000170027524208 0.000664761954114 0.0257530608828
0.000131762702704 0.000683509191973 0.0260029370498
8.44518135242e-05 0.000687114055702 0.0262528753261
2.90001710902e-05 0.000674042298182 0.0265028136025
-2.75164432458e-05 0.000650185857562 0.0267528136073
-7.69128903235e-05 0.000625044953015 0.0270028757216
-0.000119812643498 0.000595608331064 0.0272528753382
-0.000162600720001 0.000544705258803 0.027502999176
-0.000202383151139 0.000469358502084 0.0277531230139
-0.000228393450215 0.000389318616998 0.0280032472375
-0.000235524418343 0.000318958720918 0.0282534328014
-0.000226780089791 0.000251565269992 0.0285035558676
-0.00020524464599 0.000179172313095 0.0287536785481
-0.000169944224262 0.000110051804033 0.0290038633404
-0.0001201471746 5.38242710706e-05 0.0292540477469
-6.01697250646e-05 6.95884856712e-06 0.0295042325367
3.30883807482e-06 -3.52057117452e-05 0.0297543548314
6.75176178978e-05 -6.72307544795e-05 0.0300045396213
0.000133341946176 -8.08916740281e-05 0.0302547240253
0.000200314311088 -7.37457320468e-05 0.0305049088152
0.000266139922911 -4.69154915793e-05 0.0307551553311
0.000329260944382 -3.0517951605e-07 0.0310054026185
0.000387449162817 6.51896696006e-05 0.0312557120154
0.000434369105017 0.000140799320078 0.0315060218004
0.000463624201489 0.00021348083736 0.0317562694737
0.000476601243718 0.000281054239119 0.0320064558067
0.000478365230972 0.000349728960858 0.0322566421397
0.000470098612866 0.000417869478137 0.0325067667443
0.000452330422019 0.000480594312199 0.0327568296253
0.000427546271135 0.00053824386133 0.0330068303968
0.000397559641049 0.000588969385839 0.0332568315518
0.000363133591696 0.000627106096998 0.0335067705974
0.000324782725814 0.000649609166074 0.033756709643
0.000282972667483 0.000659465723766 0.0340065244673
0.000238939975517 0.000664801246501 0.0342564014035
0.000194026731839 0.000670944177111 0.0345062162254
0.000147267902361 0.000674898296451 0.0347560310498
9.68019112696e-05 0.00067234033447 0.0350057837647
4.38427529717e-05 0.000664772678639 0.0352555985891
-8.45859724367e-06 0.000655773060336 0.0355053513016
-5.90933491343e-05 0.00064458690615 0.0357551040141
-0.000109941075218 0.000624865634056 0.0360048567267
-0.000161636756537 0.000590956395571 0.036254609825
-0.000209966254394 0.000546420187916 0.0365043625398
-0.000249807124041 0.000499462594816 0.0367541152547
-0.000280165346926 0.000449967261053 0.0370039304648
-0.000301857234124 0.00039003876648 0.0372538081749
-0.000313108908541 0.000318420071755 0.0375036854991
-0.000310358117035 0.000246623212628 0.0377535628234
-0.000291928879374 0.000185493776139 0.0380036260949
-0.000258456805251 0.000134366567536 0.0382536893688
-0.00021111703461 8.95971562498e-05 0.038503752257
-0.000151288052132 5.20371194434e-05 0.0387539389805
-8.17527190293e-05 2.24092895272e-05 0.0390041253207
-7.43930446346e-06 -8.69865983993e-07 0.0392543108869
6.65709203009e-05 -1.63835435716e-05 0.0395044960698
0.00013839836689 -1.66221906856e-05 0.039754618755
0.000208243938463 5.50724344786e-06 0.0400047410545
0.000272831559353 4.66931422824e-05 0.0402548629682
0.000325386959813 9.49740169585e-05 0.0405049844961
0.000362751537221 0.000143484701256 0.0407549821862
0.000386513528722 0.000193491174742 0.0410050423715
0.000397568371292 0.000243086447422 0.041255040445
0.000396882279933 0.000289099957558 0.0415049764043
0.000387624801643 0.000336990875047 0.0417549752494
0.000371584292152 0.000391773121217 0.0420049119779
0.000348274911803 0.00044733714996 0.042254911204
0.00031804163013 0.000495109974497 0.0425048487041
0.000282650498475 0.000534481588232 0.0427547865852
0.000243874170983 0.000569589460368 0.0430047865805
0.000203054564382 0.000601833134216 0.0432547248449
0.000161171145984 0.000629339591078 0.0435047252212
0.000118583656461 0.000649858865305 0.0437547259832
7.4853359628e-05 0.000662023962165 0.0440047263595
2.98433865766e-05 0.000667677481091 0.0442547271191
-1.46495404876e-05 0.000672983732995 0.0445047896047
-5.68763050217e-05 0.000681261181686 0.0447547899761
-9.88927456543e-05 0.00068570656844 0.0450047907333
-0.000143709695734 0.000677047017934 0.0452548536071
-0.000189831196673 0.000656012245973 0.0455049164809
-0.000233990424298 0.000627032171272 0.0457549172453
-0.00027530334437 0.000585333649252 0.0460049801214
-0.000312161261602 0.000524270808506 0.0462550426142
-0.000340034569852 0.000449634267215 0.0465051054928
-0.000355025946428 0.000374780093052 0.0467551058762
-0.00035620925305 0.00030324088095 0.0470051066453
-0.000343446433031 0.000227901059485 0.0472550449193
-0.000316284628824 0.000148043447097 0.0475049831933
-0.000275411749644 7.26490367662e-05 0.0477549214697
-0.000222756096578 9.95815177141e-06 0.0480047972461
-0.000160627049862 -3.55570286471e-05 0.0482546734107
-9.13488920651e-05 -6.22848060832e-05 0.0485046113013
-1.7486154175e-05 -7.07197339349e-05 0.0487544874635
5.80731074683e-05 -6.12837114047e-05 0.0490044257375
0.000132009037375 -3.51811789551e-05 0.0492544261233
0.000200208128934 3.66596596158e-06 0.0495044265138
0.000258637820992 5.05473443376e-05 0.0497544890186
0.00030536964324 0.000104757672857 0.0500046136376
0.000341119833211 0.000172551511293 0.0502548003684
0.00036581697789 0.000258137308193 0.0505051113228
0.000376091879201 0.000348153777408 0.0507554840031
0.000370162598741 0.00042038292443 0.051005794186
0.000351751986938 0.00047296997021 0.0512561043735
0.000324986826673 0.000522822976682 0.0515063524517
0.000291331526778 0.000573743345449 0.0517567247535
0.000252932712569 0.000611351401195 0.0520069724459
0.000212742716837 0.000628283608466 0.0522571580242
0.000171573378072 0.00063453290777 0.0525072814906
0.000128931071447 0.000641424565438 0.0527574045689
8.52570033956e-05 0.000648560202949 0.0530075280281
4.10802169535e-05 0.000651363331128 0.0532576514874
-3.63763742599e-06 0.000649885672989 0.053507774556
-4.88429371294e-05 0.000644897664052 0.0537578358963
-9.46636667011e-05 0.000633896408146 0.0540078972366
-0.000141077167266 0.000615459799081 0.0542579585721
-0.000186971283018 0.000591821930497 0.0545079577957
-0.000231131943462 0.000563562000258 0.0547578949052
-0.000272802339737 0.000527289284315 0.0550078316241
-0.000310334366051 0.000482747266942 0.0552577066146
-0.000341477347567 0.000434920852633 0.0555075194956
-0.00036484618697 0.000386187973394 0.0557573319908
-0.000379335003574 0.000334955124599 0.0560071448742
-0.00038361621376 0.000282464444806 0.0562568956458
-0.000376668509649 0.000232262318493 0.0565066464197
-0.000357193391108 0.000182929826167 0.0567563975795
-0.000323022429658 0.000128213490979 0.0570060249038
-0.00027332448164 6.69743529247e-05 0.0572556522281
-0.000210809278867 9.00884143068e-06 0.0575052178264
-0.000139867304093 -3.38784883862e-05 0.0577549084199
-6.38870742497e-05 -5.94797585525e-05 0.058004599011
1.37155961778e-05 -7.08585354388e-05 0.0582542896045
8.91035810064e-05 -6.58487756206e-05 0.0585041051932
0.000159293342892 -4.22646068883e-05 0.0587539828961
0.00022125494166 -6.16640122372e-06 0.0590039230942
0.000272411516859 3.83749372294e-05 0.0592538632971
0.000312098533816 9.68148517201e-05 0.0595038656094
0.000339437825769 0.000170462821387 0.0597539921477
0.00035274420691 0.00024879206432 0.0600041182979
0.000351928455283 0.000320009356099 0.0602542444504
0.000338935046344 0.000380398298842 0.0605043706054
0.00031605322412 0.000432629623153 0.0607545581006
0.000285223393413 0.000478300781362 0.0610046827148
0.000248014585378 0.000518754469533 0.0612548694408
0.000205146029625 0.000558226005387 0.0615049936716
0.000158344135337 0.000594957444607 0.0617551796261
0.000110707119532 0.000622861770639 0.062005302702
6.32476628434e-05 0.000644717550115 0.0622554261612
1.6466482477e-05 0.000664510295121 0.0625056094224
-2.74707185538e-05 0.00067437909161 0.0627556094225
-6.87092987103e-05 0.000666098193506 0.0630056094464
-0.000110120704239 0.000646706193746 0.0632556094466
-0.00015257070369 0.000629110860322 0.0635056056127
-0.000195049006307 0.000613014496904 0.0637562267307
-0.000237158711977 0.000588499623545 0.0640062267308
-0.000278134695337 0.00055242211594 0.064256222873
-0.000316209248257 0.000506821567874 0.064506222873
-0.000349186111017 0.000450644069783 0.0647562228731
-0.00037454368594 0.000384099585247 0.0650062190152
-0.000390153496502 0.00031192982757 0.0652562190152
-0.000394974619178 0.000240349691072 0.0655062151574
-0.000389134821763 0.000175408528678 0.0657562151575
-0.000372485142679 0.000117758853059 0.0660062112996
-0.000342991444513 6.13726403878e-05 0.0662562112996
-0.000299584030778 5.3004855417e-06 0.0665062112996
-0.000244803493513 -4.21747599496e-05 0.0667562074178
-0.00018192566799 -7.38985458215e-05 0.0670062074178
-0.000112861129484 -8.87676030695e-05 0.0672562074178
-3.92408690987e-05 -8.92976581052e-05 0.0675062074178
3.61112687332e-05 -7.86912901419e-05 0.0677562074178
0.000108556635279 -5.42070192941e-05 0.0680062112517
0.000173823225163 -7.0637138188e-06 0.0682562112516
0.000229494746746 6.14571619463e-05 0.0685062151094
0.000273351992018 0.000134102770381 0.0687562151094
0.000303440304483 0.000200763608705 0.0690062189434
0.000318823530484 0.000270329702223 0.0692556016831
0.000319275401908 0.000345297228648 0.0695056055409
0.000306923348175 0.000410010406632 0.0697556093988
0.00028533862443 0.00045696018341 0.0700056132327
0.000255432632117 0.000497333198648 0.0702556132326
0.000216878860437 0.000539019641041 0.0705049959964
0.000172065626236 0.000576804496361 0.0707549959964
0.000124602677829 0.00060474597065 0.0710049998541
7.69184805402e-05 0.00062186481844 0.0712549998541
3.10508971646e-05 0.000627171072286 0.0715049998781
-1.2299155912e-05 0.000621051637291 0.0717549998779
-5.5827533692e-05 0.000610952715066 0.0720049998779
-0.000102193467399 0.000606247131965 0.0722549999019
-0.0001492696565 0.000604694868595 0.0725049999019
-0.000193570900342 0.000593492432402 0.0727549999019
-0.000235527095142 0.000569268122398 0.0730043788079
-0.00027703563073 0.000545616437857 0.0732543788079
-0.00031811688086 0.000533205074362 0.0735043788079
-0.000357485462803 0.000523008190493 0.073754378784
-0.000392977456395 0.000496663333381 0.0740043749262
-0.000421780796013 0.000447626074761 0.0742543749263
-0.000442189278413 0.000385464897567 0.0745043749263
-0.000453471276614 0.00032001201799 0.0747543710446
-0.000453778869742 0.000251905201895 0.0750037499268
-0.000441732597508 0.000182954148858 0.0752537460689
-0.000418516275112 0.000120598688442 0.0755037460451
-0.000384008434999 6.62685384042e-05 0.0757537421872
-0.000334539961465 1.30228103257e-05 0.0760031172113
-0.00026898611705 -4.10692803934e-05 0.0762531172113
-0.000193491309676 -8.60101684609e-05 0.0765031172113
-0.000116293670242 -0.000109649663044 0.0767531133534
-4.07458989933e-05 -0.000110067276342 0.0770031133534
3.31383746173e-05 -9.4836163217e-05 0.0772531133295
0.000102912250787 -6.86837013531e-05 0.0775031094716
0.000163757267047 -2.73298373322e-05 0.0777531094716
0.000212430440691 3.24603204255e-05 0.0780031094716
0.000247914325299 0.000104011406163 0.0782531094716
0.000269988834573 0.000176737642255 0.0785037305896
0.000278977489045 0.000243780901718 0.0787537305896
0.000275395221049 0.000304645156603 0.0790037267557
0.000258940953607 0.000364479703873 0.0792543478737
0.000229667798533 0.000425125938311 0.0795043478736
0.000189708338968 0.000481998743041 0.0797549728494
0.000140796579289 0.00053382615024 0.0800049728494
8.50489780494e-05 0.000579587970695 0.0802549728734
2.97896021842e-05 0.000609279729959 0.0805049728734
-1.94435978156e-05 0.000618748261666 0.0807555978493
-6.67585113453e-05 0.000620009809106 0.0810055978493
-0.000115104127493 0.000620653258358 0.0812555978493
-0.000159906539718 0.000613905727748 0.0815055978493
-0.000199787814954 0.000596679002176 0.0817556017072
-0.000238626394892 0.000575745873597 0.0820056017072
-0.000277519451089 0.000553754164158 0.0822556017072
-0.000314963250628 0.000526511934868 0.0825056017072
-0.000350309892838 0.000491851436655 0.0827556055649
-0.000382721956685 0.000448793317436 0.0830049844469
-0.000410727544083 0.000396474035782 0.0832549844469
-0.000434169983879 0.000341177306038 0.0835049844228
-0.000453937334724 0.000291303667315 0.0837549882805
-0.000468613641044 0.000244546759032 0.0840049882805
-0.000473264563749 0.000190660723196 0.0842549882804
-0.00046338435719 0.000125612152623 0.0845043710202
-0.000440910485747 6.02910733221e-05 0.0847543710202
-0.000412677268225 1.01374151087e-05 0.0850043710201
-0.000378849386431 -2.50142875564e-05 0.085253753736
-0.000330035638459 -5.93233502555e-05 0.085503753736
-0.000260915144854 -9.91013922547e-05 0.085753132618
-0.000179857065305 -0.000132923122507 0.086003132618
-0.00010063476078 -0.000143682316849 0.0862531326181
-2.89292868747e-05 -0.000125578181209 0.0865025115001
3.82148972854e-05 -8.75675399725e-05 0.0867525115001
0.000102039719573 -4.04725494943e-05 0.0870025115002
0.000157611821894 1.52936339851e-05 0.0872525115002
0.000200015568871 8.23062471349e-05 0.0875025076424
0.000228905987381 0.000152757029386 0.0877518865245
0.000245381147302 0.000216949288074 0.0880018826666
0.000248582324281 0.000276273169611 0.0882518826668
0.000237461914482 0.00033515960013 0.0885018788329
0.000213471131601 0.000391413759318 0.0887518788329
0.000180461557198 0.000438821826211 0.0890018749751
0.000142045837516 0.000474298264598 0.0892524922353
9.75943751714e-05 0.000503153040127 0.0895024922354
4.46742482745e-05 0.000531556044756 0.0897524884015
-1.32369753577e-05 0.000555770292473 0.0900024884017
-6.88220922021e-05 0.000568339077619 0.0902524884018
-0.000118850224721 0.000568260956026 0.090502484568
-0.000164395819695 0.00055914525384 0.0907524845682
-0.000208389977925 0.000546007266526 0.0910024845682
-0.00025324697327 0.000533426918919 0.0912524845683
-0.000297168252833 0.000520261932838 0.0915024806865
-0.000337070958865 0.00050149595541 0.0917524806865
-0.000373728867895 0.000477391943683 0.0920024845444
-0.000410086956691 0.000454147528031 0.0922524845204
-0.000446609260582 0.00043382999283 0.0925024845203
-0.000479233167507 0.000406710544399 0.0927524844963
-0.000502634009656 0.000361795511964 0.0930031056142
-0.000515293786284 0.000301422758882 0.093253105614
-0.000517117120719 0.000232563468393 0.0935031055901
-0.000506521759103 0.000158441964031 0.0937531094478
-0.000484555856665 8.58573832947e-05 0.0940031094478
-0.000453702572784 2.14461034128e-05 0.0942531133055
-0.000413424125133 -3.42676979731e-05 0.0945031171394
-0.000361197419501 -8.32657826451e-05 0.0947531209973
-0.000294698131903 -0.000127107193639 0.0950031209973
-0.000216768873232 -0.000162481290127 0.0952531248552
-0.000136484739032 -0.000181147088251 0.0955031287131
-6.09670705626e-05 -0.000178098091372 0.0957531287131
8.69544905255e-06 -0.000155229536466 0.0960031287131
7.2763066513e-05 -0.00011699700366 0.0962531287132
0.000128891965521 -6.5771475986e-05 0.0965031287372
0.000173978228039 -3.16095822482e-06 0.0967525076192
0.000206019742129 6.7758921099e-05 0.0970025037613
0.000222274268503 0.00014640451777 0.0972525037613
0.000220040110942 0.000233429558553 0.0975024999034
0.000201097073347 0.000321160878118 0.0977524960695
0.0001711377502 0.00039700185669 0.0980024922116
0.000134023199304 0.000456301050041 0.0982524883778
9.07875020007e-05 0.000501511313388 0.09850248452
4.2551615522e-05 0.000534966945912 0.09875248452
-9.17804583991e-06 0.000558177156752 0.0990024806621
-6.25614983075e-05 0.000572100606891 0.0992524806861
-0.000114794316764 0.000576547047669 0.0995024806861
-0.000163367894013 0.000571625512099 0.0997524806861
-0.000208474593126 0.000559650952208 0.10000248071
-0.000251428978781 0.000543245481536 0.10025248071
-0.000291275365925 0.000522243284805 0.10050248071
-0.000327210811392 0.00049592803326 0.10075248071
-0.000360624031051 0.000465537832523 0.10100248071
-0.000392473887522 0.000432191450401 0.101252484568
-0.000422144643862 0.00039544189825 0.101502484568
-0.000449174587105 0.000355319011997 0.101752484568
-0.000473939980267 0.000313865390076 0.102002484568
-0.000495146783346 0.00027047059356 0.102252484568
-0.000507923960409 0.000218808541035 0.102502488426
-0.000509383343718 0.000157684514073 0.102752488426
-0.000504663920516 9.88147563478e-05 0.103002488426
-0.000499901578018 5.20533892235e-05 0.103252492284
-0.000490849817469 1.19085846689e-05 0.103501871166
-0.000468024665259 -3.05498911381e-05 0.103751871166
-0.000429204672425 -7.36860798687e-05 0.104001875024
-0.0003765493509 -0.000112037455701 0.104251875024
-0.000310440622833 -0.000143300948519 0.104501878882
-0.000235836614493 -0.000162679895251 0.104751878881
-0.000162086832907 -0.00016328122646 0.105001882739
-9.09870727066e-05 -0.000145486284229 0.105251261597
-1.80318085155e-05 -0.000116802752273 0.105501265455
5.49762281885e-05 -8.18816306785e-05 0.105751269313
0.000119236621732 -3.89073793687e-05 0.106001269313
0.000168183128968 1.40926914788e-05 0.106251273147
0.000200638642732 7.46353119656e-05 0.106501273147
0.000216712115888 0.000139469229137 0.106751277004
0.000215390493699 0.000207830896478 0.10700127698
0.000197217582674 0.000277247088425 0.10725127698
0.000165659792633 0.000341821802378 0.107501276956
0.000123304029043 0.000398382496724 0.107751273075
7.05265958517e-05 0.000447459420442 0.108001273075
1.11860674645e-05 0.000486154241987 0.108251269193
-4.69651555642e-05 0.00050925883131 0.108501265335
-0.00010075697772 0.000517619008407 0.108751261453
-0.000154106361985 0.000517665084651 0.109001257595
-0.000212239011091 0.000515312245405 0.109251253737
-0.0002755479795 0.000512359284669 0.109501249879
-0.000336982627792 0.000505790583061 0.10975124988
-0.000388581273604 0.00049179845302 0.110001246022
-0.000429074312955 0.0004700370598 0.110251246022
-0.000461225010006 0.000441871585742 0.110501242188
-0.000486995554981 0.000407423310114 0.110751238354
-0.000507175587346 0.000365826383183 0.111001238354
-0.000521925132725 0.000316422642525 0.111251238379
-0.000532644379389 0.000261741134801 0.111501234545
-0.000541438677157 0.000206769453174 0.111751234545
-0.000545691922629 0.000150674154331 0.112000609593
-0.00054026245053 8.98372643086e-05 0.112250609617
-0.000525686237169 2.81005844933e-05 0.112500605759
-0.000504135264075 -2.96116714319e-05 0.112750605783
-0.00047320081861 -8.36406097171e-05 0.113000605783
-0.000431348684855 -0.00013314283804 0.113250601926
-0.000378935296725 -0.000175672788833 0.113500601925
-0.000314776596533 -0.000210381155206 0.113750601925
-0.000242373898097 -0.000233814984295 0.114000601949
-0.00017244449754 -0.000239295808425 0.114250601949
-0.00011085251282 -0.000224137333022 0.114500605807
-5.19702487878e-05 -0.000193070119251 0.114750605807
9.64881487541e-06 -0.000152307100207 0.11500060964
6.81184262335e-05 -0.000102413805652 0.115250613498
0.000113500450998 -4.0517377179e-05 0.115500617356
0.00014350965007 3.10184136645e-05 0.115750000096
0.000160297931482 0.000105328023583 0.116000003929
0.000161252550243 0.000180922190251 0.116250007787
0.000141169979298 0.000260654709157 0.116500011621
0.000101951594618 0.000339964390824 0.116749390503
5.35399195001e-05 0.000406774115756 0.116999394337
4.26559638359e-06 0.000453985669663 0.117249398194
-4.3902123702e-05 0.000483206836759 0.117498777052
-9.26762095059e-05 0.000499462918693 0.117748777028
-0.00014529666712 0.000507800898497 0.117998780886
-0.000200654903023 0.000509088309293 0.118248780862
-0.000251503259316 0.000500566196436 0.118498780862
-0.000294449852324 0.00048250460541 0.118748780862
-0.000332732808995 0.000458400252576 0.118998780862
-0.00037036870333 0.000431350881474 0.119248155886
-0.000409854139518 0.000403563954812 0.119498155886
-0.000449966908586 0.000375559424052 0.11974815591
-0.00048550430689 0.000345008732753 0.11999815591
-0.00051216325104 0.000308530998958 0.120248155934
-0.000530601743469 0.00026528143251 0.120498152076
-0.0005459233501 0.000219366773922 0.120748152077
-0.000562767930909 0.000176246460329 0.120998152077
-0.000579571103261 0.000135661829013 0.121248152101
-0.000590680114414 9.29679517456e-05 0.121498148243
-0.00059293117431 4.65577456242e-05 0.121748148219
-0.000586685414945 -1.26584101994e-06 0.121998765479
-0.000572200241129 -4.80552573399e-05 0.12224876548
-0.000544499612139 -9.48947751524e-05 0.122498761622
-0.000496552717846 -0.000142859478438 0.122748761598
-0.00043319164815 -0.000185215150383 0.12299875774
-0.000367124692296 -0.000213061736881 0.12324875774
-0.000299023292024 -0.000225791639255 0.123499374976
-0.000221654717026 -0.000226716682418 0.123749374976
-0.000136942249619 -0.000215642667415 0.123999371118
-5.42619358834e-05 -0.000190686617618 0.124249367261
1.82083389714e-05 -0.000151420769123 0.124499367237
7.57753958841e-05 -9.89946890859e-05 0.124748746119
0.000117490509851 -3.63115910824e-05 0.124998746119
0.000144697378379 3.20011217384e-05 0.125248746119
0.000157491392764 0.000102040493005 0.125498746119
0.000151655689017 0.000174221634932 0.125748746119
0.000122697112769 0.000250173584265 0.125998749976
7.55661930639e-05 0.00032357955907 0.126248749976
2.27441535297e-05 0.000382988033175 0.126498749976
-2.98313818365e-05 0.000424765619827 0.126748753834
-8.56778141952e-05 0.000453527973166 0.126998753834
-0.000148662383253 0.000473323390114 0.127248753834
-0.000218525911887 0.000485011476337 0.127498757692
-0.000291420009178 0.000487811541877 0.127749378834
-0.000360497058663 0.000480594276406 0.127999378834
-0.000417965421313 0.000462936941186 0.128249378834
-0.00045929084702 0.000436022231392 0.128499378858
-0.000487931695573 0.000402986579895 0.128749382716
-0.000512557383646 0.000367672001658 0.129000003833
-0.000537537089705 0.000332116788355 0.129250003857
-0.000560254273064 0.00029553252495 0.129500003857
-0.000576971910509 0.000255759989582 0.129750003857
-0.00058711431341 0.000211618377461 0.130000003857
-0.000593135420231 0.00016436253584 0.130250003857
-0.000596937632906 0.000116015316093 0.130500003833
-0.000596181717189 6.60664545574e-05 0.130750624951
-0.000585911565287 1.24243524351e-05 0.131000624951
-0.000562874926755 -4.49060286912e-05 0.131250628785
-0.000526611505491 -0.000103218295791 0.131500628785
-0.00048020656445 -0.000157750099572 0.131750628785
-0.000432385472943 -0.000202079793011 0.132000628761
-0.000391223430673 -0.000232231681321 0.132250628761
-0.000352065980049 -0.000250496123747 0.132500628762
-0.000302107720925 -0.000260512780639 0.132750632595
-0.000237722798953 -0.000261347312292 0.133000632595
-0.000166492426352 -0.000249455931364 0.133250632595
-9.81284014162e-05 -0.000222411730811 0.133500632572
-4.05872689449e-05 -0.000179251071133 0.133750632572
4.50185826649e-06 -0.00012131518558 0.134000011453
4.34404009247e-05 -5.38414861932e-05 0.134250015311
7.91169967881e-05 1.66908052704e-05 0.134500015311
0.000103540432344 8.81238689406e-05 0.134749394193
0.00010907133471 0.000160476571142 0.134999394193
9.7861296648e-05 0.000229980667624 0.135248769193
7.44310092382e-05 0.000292080654203 0.135498769193
3.9704687234e-05 0.000345333912149 0.135748144241
-6.09114773942e-06 0.000389493111719 0.135998144241
-6.25636984719e-05 0.000424537996025 0.136247523123
-0.000126400727879 0.000449174458485 0.136497519265
-0.000188771259529 0.000460554738118 0.136746898171
-0.000245112683677 0.000459138057301 0.136996894313
-0.000300547009529 0.000448901827763 0.137246273219
-0.000356227884448 0.000431628741474 0.137496273219
-0.000403849596767 0.000406716624921 0.137746269386
-0.000440838693248 0.000375402518289 0.137996269386
-0.000475166558029 0.000340614336853 0.138246269386
-0.000511821305105 0.000304423235161 0.138495648292
-0.000547374518433 0.00026730516175 0.138745648292
-0.000577297716196 0.000229053211062 0.138995648292
-0.000601551199254 0.000189853149131 0.139245648292
-0.000622973673998 0.000150723547384 0.139495648292
-0.000642240484129 0.000111887845277 0.139745652126
-0.000654581600262 7.07326440253e-05 0.139995652126
-0.000652240334683 2.30739177373e-05 0.140245652126
-0.000633486681966 -3.08100673062e-05 0.14049627322
-0.000606878016918 -8.43662655933e-05 0.14074627322
-0.000578889375059 -0.00013267476102 0.140996277077
-0.000543547051265 -0.000176789669603 0.141246898172
-0.000492298546356 -0.000217483010194 0.141496902029
-0.000425601596026 -0.000251466899142 0.141747523147
-0.000350159855651 -0.000274410388997 0.141997527005
-0.00027324552378 -0.000283479029964 0.142248148123
-0.000201706878159 -0.00027732047531 0.142498773099
-0.000136364458112 -0.000256321366989 0.142748776957
-7.16245364724e-05 -0.000222036902197 0.142999398051
-8.5946827949e-06 -0.00017594673248 0.143249401909
4.31452406536e-05 -0.000119248698359 0.143500026885
7.74791393659e-05 -5.36039470701e-05 0.143750026885
9.36837719564e-05 1.84502375903e-05 0.144000030743
9.00710505452e-05 9.46222958083e-05 0.144250030743
6.40761445353e-05 0.000173102460449 0.1445000346
1.99193182038e-05 0.000249291653978 0.1447500346
-3.13772215196e-05 0.000315417620253 0.1450000346
-8.45214690356e-05 0.000367244294678 0.145250034601
-0.000141090029196 0.000405126518518 0.145499417364
-0.000200069990514 0.000429363593845 0.145749413507
-0.000261902417335 0.000441272729854 0.145999413507
-0.00032992524964 0.00044287293365 0.146248788531
-0.000399887794943 0.00043401588638 0.146498788531
-0.000461943452268 0.000414517089415 0.146748163555
-0.000513324465356 0.000386502030303 0.146998163555
-0.000557173341838 0.000352716703992 0.147248159697
-0.000592663640074 0.00031496325243 0.147497534745
-0.00061895148256 0.000274633711744 0.147747534745
-0.00063921626733 0.000232798485088 0.147997530887
-0.000652360659273 0.000189635460603 0.148247530887
-0.000654740813289 0.000144128185553 0.148496905911
-0.000649828426702 9.58008570434e-05 0.148746905935
-0.000645207629625 4.63620607227e-05 0.148996902077
-0.000642713960286 -2.39316781807e-06 0.149246902077
-0.000637150428155 -5.0937595156e-05 0.149496898219
-0.000623803482992 -0.00010012527468 0.149746277125
-0.000604361733631 -0.000148354462365 0.149996273267
-0.000583924710076 -0.000192769509396 0.150246273267
-0.000563170100141 -0.000232364952305 0.150496273267
-0.000534504052825 -0.000268209355823 0.150746269409
-0.000489072786473 -0.000300036470266 0.150996269434
-0.000429800625768 -0.000324259345089 0.151246269434
-0.000368310355934 -0.000337094501504 0.151496269434
-0.000306283715802 -0.000337273923531 0.151746269434
-0.000236508046752 -0.000324001123646 0.151996269434
-0.000162534662247 -0.000296353764353 0.152246273292
-9.93017279256e-05 -0.00025474772329 0.152496273268
-5.5079199645e-05 -0.000200470816315 0.152746277126
-2.49567694051e-05 -0.000135188928718 0.152996277126
-1.66952897933e-06 -6.2202193037e-05 0.153246280984
1.47600691861e-05 1.38315331734e-05 0.153496280984
1.99114876107e-05 8.86366482376e-05 0.153746284841
1.2141117182e-05 0.00015862202691 0.153996284841
-7.87639394307e-06 0.00022092850975 0.154246284817
-4.26937335776e-05 0.000274727817183 0.154496288675
-9.56797596094e-05 0.000320078581046 0.154746288675
-0.000161178208557 0.000354601693783 0.154995667557
-0.000226860212834 0.000375186209813 0.155245671391
-0.000287800114533 0.000382046928307 0.155495671391
-0.000347642280421 0.000377427489998 0.155745671391
-0.000409509307766 0.000362825891306 0.155995675225
-0.000473972320424 0.000339098128196 0.156245675225
-0.000537072057253 0.000307240608801 0.156495675225
-0.000588817796644 0.000269388279341 0.156746300201
-0.000622809021944 0.000228418545611 0.156996300177
-0.000644224392378 0.000185996652048 0.157246300177
-0.000661591602342 0.000142521431505 0.157496300177
-0.000675867831428 9.86412118633e-05 0.157746300177
-0.000683566653037 5.47497310297e-05 0.157996300153
-0.000684904364249 1.05561256164e-05 0.158246300153
-0.00068305126117 -3.40181064398e-05 0.158496300153
-0.000677354437183 -7.89652229576e-05 0.158746300177
-0.000663162339801 -0.000124941346375 0.158996300177
-0.000640945727422 -0.000171299513984 0.159246296319
-0.000616949266135 -0.000215719847395 0.159496296319
-0.000589978592663 -0.000257349826948 0.159746296319
-0.000551871247249 -0.000296107523291 0.159996296343
-0.00050185012662 -0.000329799715761 0.160246296343
-0.000442766754755 -0.000355719732915 0.160496296367
-0.000371300747205 -0.000371485111553 0.160746292509
-0.00028753678621 -0.000374363176864 0.160996292509
-0.000204526850262 -0.00036323993143 0.161245667557
-0.000138296087793 -0.000339749274684 0.161495667557
-9.20251506697e-05 -0.00030534375708 0.161745663699
-5.44660467519e-05 -0.00025896074396 0.161995663723
-1.57585417791e-05 -0.000199884329802 0.162245659865
1.84659596403e-05 -0.000131141622379 0.162495659865
3.41621965335e-05 -5.71874994793e-05 0.162745656031
2.67547719118e-05 1.91707507226e-05 0.162995656031
3.32211015481e-06 9.49131636473e-05 0.163245656031
-3.09188533707e-05 0.00016576057685 0.163495656031
-7.80397830362e-05 0.000228270432536 0.163746277173
-0.000137314632676 0.000279771104417 0.163996277173
-0.00019979710405 0.000317438282791 0.164246281031
-0.000259510476805 0.000340262553413 0.164496284889
-0.000318877272537 0.000349310093455 0.164746909865
-0.000378961410295 0.000345731617319 0.164996913723
-0.000436964689611 0.000330654878586 0.165246917557
-0.00048795826662 0.000305914181555 0.165496921415
-0.000526342179896 0.000274255301726 0.165746925273
-0.000556218366786 0.000237567611439 0.165996925249
-0.000587852428048 0.000195560575462 0.166247550225
-0.000619600158529 0.000149408866794 0.166497554082
-0.000641740858685 0.000102541309126 0.166747554059
-0.000653147122136 5.64630106787e-05 0.166997557917
-0.000658774576236 1.07439032504e-05 0.167247557917
-0.000658792773541 -3.4428585095e-05 0.167497557917
-0.000650933315272 -7.90168953952e-05 0.167747557917
-0.000637092958578 -0.000123628830907 0.16799755794
-0.000622501149525 -0.000168169664166 0.168247554083
-0.00061103968133 -0.000211687142385 0.168497554083
-0.000601189868946 -0.000253551288881 0.168747554107
-0.000586423354087 -0.000293757739485 0.168997554107
-0.000560818190903 -0.000331845389135 0.169247550249
-0.000521190013038 -0.000366247437286 0.169497550249
-0.000466534566859 -0.000394329769161 0.169746925273
-0.000402969335672 -0.000413521790893 0.169996925297
-0.00034219111736 -0.000422978445858 0.170246921439
-0.000283569039118 -0.000421559863129 0.170496296463
-0.000212960600548 -0.000404654741647 0.170746292581
-0.000129728802741 -0.000369504345501 0.170996288723
-5.28396048212e-05 -0.000320207145863 0.171245663748
3.00359271001e-06 -0.000262208774522 0.17149565989
3.81119934237e-05 -0.000197135549872 0.171745034914
5.90928003945e-05 -0.000125113415785 0.17199503489
7.061599506e-05 -4.81599008807e-05 0.17224503489
7.22386120819e-05 2.92696487328e-05 0.172494413772
5.93251763591e-05 0.000102353959721 0.172744413748
2.91547717558e-05 0.000167850290404 0.172994417606
-1.48354802196e-05 0.000223615994283 0.173244421464
-6.84338861366e-05 0.000267804525399 0.173494425298
-0.000131720963678 0.000299075323701 0.173744429156
-0.000203938151477 0.00031658000617 0.173994433013
-0.00028025068112 0.00032003091611 0.174244436847
-0.000357182715375 0.000309750006119 0.174495061823
-0.000434121967011 0.000286230916662 0.174745065681
-0.000507702783674 0.000250852975357 0.174995065681
-0.000569119415635 0.000207406680792 0.175245686775
-0.000610435267224 0.000161267134666 0.175495690657
-0.000632998955802 0.000115622797647 0.175746311775
-0.000644556137129 7.04799710871e-05 0.175996311775
-0.000648550963226 2.60645731003e-05 0.176246307917
-0.000645617439645 -1.70592058379e-05 0.176496307917
-0.000641733779888 -6.06968476786e-05 0.176746929059
-0.000640760014964 -0.000105419380196 0.176996925201
-0.000635346106978 -0.000148623147832 0.177246925225
-0.000618062767338 -0.000189362720252 0.177496925225
-0.000593412307449 -0.000229392108114 0.177746921367
-0.000568211792803 -0.000269242134695 0.177997542509
-0.000539369424659 -0.000307771470588 0.178247542509
-0.000500068029994 -0.000343378524626 0.178497538651
-0.000449209199155 -0.000374380863257 0.178747538675
-0.000390445757774 -0.00039904555276 0.178997534817
-0.000328948354051 -0.000416148096824 0.179247534817
-0.000269257885551 -0.000425079652 0.179497534817
-0.00021124783706 -0.000424650623637 0.179747534841
-0.000150884838267 -0.000412138989682 0.179997530984
-8.73954023484e-05 -0.000385308241392 0.180247530984
-2.75643995504e-05 -0.00034532121901 0.180498148244
1.76478047117e-05 -0.000296716818309 0.180748148244
4.1287920295e-05 -0.000243350532381 0.18099814441
4.71454126792e-05 -0.000184022765414 0.181248140552
4.52702194685e-05 -0.000115345651399 0.18149876167
3.9273145791e-05 -3.92645384291e-05 0.18174876167
2.24467711767e-05 3.66355957491e-05 0.18199937893
-1.13059746086e-05 0.000105942119068 0.18224937893
-5.82612546528e-05 0.000165906615674 0.182500000024
-0.00011233243041 0.000214428971063 0.182749996166
-0.000173937167699 0.000248989421844 0.182999996166
-0.000241400965389 0.00026852323508 0.183249996166
-0.000305130973697 0.000274319108653 0.183499996166
-0.000359956098389 0.000268298329856 0.183749996142
-0.00040942471943 0.000251253214197 0.184
-0.000454018881635 0.000224615589288 0.18425
-0.000487174136981 0.000192425143196 0.1845