1480
-0.000378571906291 -0.000517220528943 -0.185
-0.0003341712713 -0.000528660094563 -0.18475
-0.000290428977274 -0.000544342179269 -0.1845
-0.000247015620719 -0.000561381870295 -0.18425
-0.000201013459985 -0.000573850169307 -0.184
-0.000151378455069 -0.000579642781816 -0.18375
-0.000100567085443 -0.000580798166201 -0.183500003882
-5.24997342069e-05 -0.000580862201102 -0.183250003882
-8.27557369051e-06 -0.000580091616225 -0.182999382788
3.58982536024e-05 -0.000571845910428 -0.182749382788
8.2781202783e-05 -0.000548698809032 -0.182499382812
0.000129270005033 -0.000510584186291 -0.182249382812
0.000169061921644 -0.000464202518958 -0.181999382837
0.000196716295238 -0.000418372280468 -0.181749378979
0.000211022443782 -0.000375077465693 -0.181499375145
0.000214808465041 -0.000324087175268 -0.181249371287
0.000209580506744 -0.000255537969503 -0.180999363571
0.00019333263241 -0.000173417506935 -0.180749359714
0.000163820589715 -9.00869147594e-05 -0.180499351998
0.000120807643558 -1.60746036027e-05 -0.18024934814
6.45163287382e-05 3.98794555546e-05 -0.179999344282
-4.88021117098e-06 7.19961844206e-05 -0.179749340424
-8.33950658153e-05 8.37644029413e-05 -0.179499953826
-0.000162111180337 8.4584370972e-05 -0.179249949968
-0.000232837473105 8.02509184555e-05 -0.178999949945
-0.000292541676185 7.04386719053e-05 -0.178749946086
-0.000343951269642 4.93876421573e-05 -0.178499946063
-0.000391767799686 9.36777970268e-06 -0.17825056718
-0.000435017306236 -4.9213374566e-05 -0.178000567156
-0.000467033460482 -0.000115025616158 -0.177750567132
-0.000483742896724 -0.00017726355871 -0.177500567132
-0.000487173279037 -0.000234686261114 -0.177250567108
-0.000481344898318 -0.000292100021505 -0.177000570942
-0.00046863063418 -0.000352730721212 -0.176750570918
-0.000449830506308 -0.000415540703072 -0.176500570894
-0.000424881066037 -0.000473728358018 -0.17625057087
-0.000393796783591 -0.00051853879936 -0.176000570846
-0.000358178106413 -0.000550085837106 -0.175749949703
-0.000320460833957 -0.000575804858219 -0.175499949703
-0.000282004900748 -0.000598961777387 -0.175249949703
-0.000242732180827 -0.000618563630137 -0.174999949727
-0.000202693374845 -0.000634964951386 -0.174749949727
-0.000162331462684 -0.000649401393454 -0.174499949751
-0.000120202207448 -0.000659062577837 -0.174249949751
-7.14980634406e-05 -0.000655016286061 -0.173999949775
-1.3640378303e-05 -0.000630673695212 -0.173749949775
4.73716635417e-05 -0.000592317768305 -0.173499328681
0.000102137621905 -0.000553411108303 -0.173249328681
0.000147614079518 -0.000518100618023 -0.172999328705
0.000186335240443 -0.000478556812951 -0.172749945965
0.000219077846789 -0.000428015127212 -0.172499945989
0.000243611720621 -0.00036623990305 -0.17224994599
0.000257280493371 -0.000295602196915 -0.17199994599
0.000257706825786 -0.000221366748348 -0.17174994599
0.000243187917014 -0.000151613858113 -0.171500567132
0.000213424934889 -9.1523660282e-05 -0.171250567132
0.000169426421462 -3.9961936309e-05 -0.171000563274
0.00011294428838 4.72168217686e-06 -0.170751184392
4.5822061458e-05 3.90097269143e-05 -0.170501184392
-2.89566480802e-05 6.08675866201e-05 -0.170251801652
-0.000106064828212 7.32100850791e-05 -0.170001801652
-0.000181490181998 7.38629968557e-05 -0.169751801628
-0.000254471480615 5.6108376587e-05 -0.169502418888
-0.000321782214362 2.18667268775e-05 -0.169252418888
-0.000378726245172 -2.23013904892e-05 -0.16900241503
-0.000424868688758 -7.72746195062e-05 -0.168752415006
-0.000460020414297 -0.000143270014531 -0.168501790031
-0.000481108241404 -0.000211320828199 -0.168251790006
-0.000486900594338 -0.000272318807164 -0.168001165031
-0.000479570915451 -0.000323656538018 -0.167751161149
-0.000462301445242 -0.000366638457411 -0.167501161149
-0.000437910544618 -0.000404628908658 -0.167250540007
-0.000408403022306 -0.000441590594487 -0.167000536149
-0.000374681746726 -0.000476371005811 -0.166749915007
-0.000337231699626 -0.000502732965339 -0.166499911149
-0.000296944215605 -0.000521064266247 -0.166249290031
-0.00025531458191 -0.000540452193687 -0.165999290006
-0.000213972949486 -0.000564321852413 -0.165748668888
-0.000172965529451 -0.000585472718398 -0.165498668888
-0.000131011383023 -0.000598059209849 -0.165248665054
-8.80778799193e-05 -0.000604387543146 -0.164998043936
-4.4598997178e-05 -0.000606436514308 -0.164748043936
3.67246197992e-09 -0.000602303407297 -0.164498043936
4.44236716667e-05 -0.000594098851717 -0.16424804396
8.73542808155e-05 -0.000583109076763 -0.16399804396
0.000130663773926 -0.000560138725942 -0.16374804396
0.000174212677759 -0.000517361705521 -0.163498047842
0.000213572886679 -0.000458482086918 -0.16324866896
0.000244222955963 -0.000391049613537 -0.162999290078
0.000263230785114 -0.000321777348402 -0.162749915078
0.000269261854316 -0.000253293760757 -0.162500536196
0.00026180754907 -0.000179611402098 -0.162251161172
0.000240081528234 -9.49552120633e-05 -0.162001786148
0.000204037959049 -7.32022380313e-06 -0.161753028384
0.000155305507723 6.65940266159e-05 -0.16150365336
9.59795243035e-05 0.000117959688855 -0.161254274454
2.81308479476e-05 0.000148936882257 -0.161004278312
-4.5438752652e-05 0.000163617407225 -0.160754278312
-0.000120962079668 0.000164565044007 -0.160504278312
-0.000193841793996 0.00015491181187 -0.160253653312
-0.000259904841005 0.000136528693707 -0.160003649454
-0.000317099957714 0.000107561714001 -0.159753024478
-0.00036495628653 6.50271004989e-05 -0.159501774526
-0.000402600603339 9.26480534314e-06 -0.159251145669
-0.000428190555896 -5.43636441019e-05 -0.158999895717
-0.000440522525761 -0.00011972444409 -0.158748649599
-0.000440114944433 -0.000184496255861 -0.158497399623
-0.000428210511502 -0.000248296652419 -0.158246149671
-0.00040619321521 -0.000311020823764 -0.157994899695
-0.000375463550422 -0.000371221184651 -0.157744278577
-0.000337987044676 -0.000423217658639 -0.157493032483
-0.000296423031061 -0.000462111817356 -0.157242411365
-0.000253114619959 -0.000488170257935 -0.156991790247
-0.00020936347863 -0.000504595531115 -0.156741786389
-0.000165792500913 -0.00051533719805 -0.156491786389
-0.00012270916635 -0.000521451084855 -0.156241169129
-7.9750605726e-05 -0.000519903111124 -0.155991169153
-3.54528888198e-05 -0.00050715210341 -0.155741794153
1.16155052937e-05 -0.000482305542516 -0.155492415271
6.08661695928e-05 -0.000449886115642 -0.155243036413
0.000109805635585 -0.000416236805797 -0.154993661389
0.000156686135436 -0.000381888324618 -0.154744286389
0.000200830427319 -0.00034311031354 -0.154494911364
0.000241428137444 -0.000295535727551 -0.154246157482
0.000276832741729 -0.00023593820555 -0.153997403576
0.000304268907922 -0.000168923090743 -0.15374864967
0.000321694672905 -0.000105800941797 -0.153499895764
0.000328926970148 -5.22393828738e-05 -0.153251145716
0.000325562651274 -1.36150989128e-06 -0.15300177455
0.000309457685084 5.70414460196e-05 -0.152753024478
0.000279071024973 0.000121547488433 -0.15250427443
0.000235312794568 0.000180969008693 -0.152255524381
0.000179850242981 0.000228487314328 -0.152006153191
0.000114121982374 0.000265150104134 -0.151756782025
4.0757917714e-05 0.000292573042142 -0.151507406977
-3.61705245182e-05 0.000307992198046 -0.151257406977
-0.000112572745098 0.000306776266572 -0.151007406953
-0.000185017368351 0.000287675129182 -0.150756781977
-0.000250184487987 0.00025352199471 -0.150506153119
-0.000305301469425 0.000206367368296 -0.150254903144
-0.000348404532156 0.000147430408984 -0.150003649334
-0.000377530799589 8.40266097627e-05 -0.149752391643
-0.000391620183607 2.81389727913e-05 -0.149501141667
-0.000392155293815 -1.3577575822e-05 -0.149250508975
-0.000382116163615 -4.63045587177e-05 -0.148999880141
-0.000363167481164 -8.27709851026e-05 -0.148749247426
-0.000335166533615 -0.000128370657937 -0.14849799364
-0.000298691773481 -0.000177061666828 -0.148247360948
-0.00025578790296 -0.000221747144103 -0.147996107138
-0.000209018654039 -0.00025842003936 -0.147745482186
-0.000161115450102 -0.00028387387375 -0.147494861092
-0.000114124298789 -0.000296488500095 -0.14724486495
-6.81832146619e-05 -0.000299627506929 -0.146994868832
-2.22629406643e-05 -0.000301025374785 -0.146744876571
2.33507094856e-05 -0.000303599308734 -0.146494880453
6.77892671349e-05 -0.000300162778087 -0.146244884335
0.000111763233891 -0.000283903281177 -0.14599550931
0.000156006030672 -0.00025987132057 -0.145745513192
0.000199539634128 -0.000238452796317 -0.145496142026
0.000241571159926 -0.000219071909745 -0.145246767002
0.00028200939501 -0.000188811111013 -0.144997391954
0.000319310573635 -0.000139763255275 -0.144748020787
0.000350539762753 -7.70384391398e-05 -0.144499274573
0.000373104973467 -5.8788425635e-06 -0.144249907265
0.000384813056975 7.15421917432e-05 -0.144001161051
0.000384778834469 0.000148059851268 -0.143752410978
0.000372689199065 0.000219789668237 -0.143503039812
0.000346636149576 0.000291740582667 -0.14325428974
0.000305780160726 0.000364085617762 -0.143004918574
0.000252824341366 0.000428108488881 -0.142755543526
0.000191155232811 0.000477191089228 -0.142505547384
0.000123448723652 0.000508931055176 -0.14225554736
5.25119784728e-05 0.000520889032675 -0.142005547361
-1.94884872018e-05 0.000514069185579 -0.141754922385
-9.03293855105e-05 0.000494500104964 -0.141504297385
-0.000156228822084 0.000463989215973 -0.141253668551
-0.000213566695811 0.000418178771031 -0.1410024186
-0.000259945891452 0.000358116050666 -0.140751789766
-0.000293466271154 0.000290078757508 -0.140501157075
-0.000312774711305 0.000215081168776 -0.140250528265
-0.000317065472281 0.000133391543408 -0.139999903313
-0.000306620116913 5.18073908945e-05 -0.139749274504
-0.000283313754918 -2.14162524163e-05 -0.139499270694
-0.000250621448603 -7.93432450431e-05 -0.139249270718
-0.000212899439292 -0.000117494744256 -0.138999270766
-0.000172201812557 -0.000141511614597 -0.138749895814
-0.000127169771772 -0.000163107439922 -0.138499895862
-7.83684938795e-05 -0.000183962513721 -0.138249899768
-2.8952312193e-05 -0.000198706301335 -0.138000520933
1.97788217558e-05 -0.000207157664837 -0.137750524815
6.71782251164e-05 -0.000209674690092 -0.137501145957
0.000112089204964 -0.000203333551444 -0.137251149839
0.00015570639543 -0.000190085888722 -0.137001149815
0.000199938418023 -0.000176774288277 -0.13675114979
0.0002441012347 -0.000162995731658 -0.136501149766
0.000286655976582 -0.000140716140515 -0.136251149717
0.000327301012083 -0.000110406448383 -0.136001149669
0.000366126446426 -8.30000510554e-05 -0.135750528502
0.000402577873599 -6.11058637932e-05 -0.135500524596
0.00043462106049 -3.31719063914e-05 -0.135249903406
0.000458863837125 1.09156176122e-05 -0.134998657239
0.000472790033614 6.81181031638e-05 -0.134747403381
0.000476601439953 0.000126459358289 -0.1344961495
0.000472002087723 0.000176049869329 -0.134244274524
0.000458831521723 0.000216235107315 -0.133993016809
0.000432432715445 0.00025628166821 -0.133741759117
0.000387409426288 0.000304054148653 -0.133489876474
0.000326038200449 0.000352140907764 -0.133237993831
0.000256093009611 0.000386264963823 -0.132986107307
0.000182415954423 0.000401001485243 -0.132734849639
0.000107556485289 0.000396699581875 -0.132484834232
3.45160888252e-05 0.000373516842386 -0.132234826517
-3.43951527453e-05 0.000335051587142 -0.131985447636
-9.65581937266e-05 0.000286648570819 -0.131736076494
-0.000148158241886 0.000227689366452 -0.13148795147
-0.000186461551282 0.000157130556173 -0.131239830304
-0.000211435732058 8.51504435391e-05 -0.130991712972
-0.000224429077513 2.32870772905e-05 -0.130743595664
-0.000225399789758 -3.3298224147e-05 -0.130494861119
-0.000212149881863 -9.80599433803e-05 -0.130247368787
-0.000183743366393 -0.000172725466044 -0.129999876478
-0.000143221674459 -0.000246104385474 -0.129752380288
-9.50674150039e-05 -0.000309056813124 -0.129504884122
-4.19698770869e-05 -0.000360772779733 -0.129256762956
1.36977227955e-05 -0.000401600649082 -0.129008637932
6.86126643835e-05 -0.00043004374146 -0.12875926679
0.000121046613706 -0.00044726771304 -0.128510512908
0.000171547790742 -0.000457335567768 -0.12826113405
0.000221202821726 -0.000464200820182 -0.12801113405
0.00026974315003 -0.000468970579267 -0.127761755143
0.000315244384553 -0.000468265427807 -0.127511755119
0.00035703337899 -0.000458927355077 -0.127261751213
0.000396627163902 -0.000442400788093 -0.127011126189
0.000434757004145 -0.000419926832075 -0.1267611184
0.000470668644839 -0.000389678581048 -0.126509872234
0.000503467768811 -0.000352103653507 -0.126259243328
0.000532553095752 -0.000310900571914 -0.126007997161
0.000556853327716 -0.000267860208699 -0.125756747137
0.000574161538456 -0.000220650199449 -0.125505500994
0.000581040327863 -0.000165324850904 -0.125253633734
0.000574176398372 -0.000100808810742 -0.125001766498
0.000553017713575 -3.26964567473e-05 -0.124749895404
0.00052101113665 2.83154488359e-05 -0.124498024334
0.000482149201175 7.45809333648e-05 -0.124246770524
0.000435808489909 0.000107836750749 -0.123995520573
0.000379305776895 0.000132525737251 -0.123744270645
0.000314892634474 0.000145848629117 -0.123493641812
0.000247035978624 0.000143019621014 -0.123243009144
0.000176789552762 0.000126262960013 -0.122993001405
0.000105529605352 0.000100164008268 -0.122742372596
3.84056762415e-05 6.44460469174e-05 -0.122492368762
-1.8817562827e-05 1.57711021483e-05 -0.122242986046
-6.23402680231e-05 -4.79973685445e-05 -0.121992986095
-9.00260412459e-05 -0.000126527282346 -0.121744228379
-0.000101442660643 -0.000214388666139 -0.121494849593
-9.88103443097e-05 -0.00029876797035 -0.121245474665
-8.514740441e-05 -0.000369647969673 -0.120996716997
-6.05509856765e-05 -0.000430292666703 -0.120747345927
-2.37574631747e-05 -0.00048740024549 -0.120497971023
2.41696366204e-05 -0.00054080484366 -0.120248599953
7.91041920958e-05 -0.000585210596875 -0.119999225025
0.000134286940545 -0.000613321715015 -0.11974985393
0.000184549982998 -0.000622729479126 -0.119500482836
0.000230617433701 -0.000619164111002 -0.119251107836
0.000275968218169 -0.000609885110229 -0.119001115576
0.000322695021932 -0.000598821345347 -0.118751740528
0.000370184519706 -0.000586131581654 -0.118502369337
0.000415954087828 -0.000569211328042 -0.118252994265
0.000459356221993 -0.000547446042262 -0.118003623027
0.000502600747901 -0.000525380785031 -0.117754247907
0.000545815327899 -0.000504952632368 -0.117504255502
0.000585850214611 -0.000479748224165 -0.1172555015
0.00062147931827 -0.000445879997149 -0.117006126404
0.000653796925507 -0.000406769272204 -0.116756751332
0.000681047434425 -0.000360085793658 -0.116507997379
0.000698758894118 -0.000299154321646 -0.116259247283
0.00070584271732 -0.00022818067296 -0.116010493377
0.000704965830411 -0.000158292395597 -0.115762364471
0.000697342391239 -9.44156836891e-05 -0.115513610565
0.000680420357064 -3.4187081225e-05 -0.115264860565
0.000648805008253 2.74341405815e-05 -0.115016106684
0.000600253134705 8.97191509773e-05 -0.11476797392
0.000539229957558 0.000144661205337 -0.114519216181
0.000468778300366 0.000188527076306 -0.114269837323
0.000390891995776 0.000220632886503 -0.114020454607
0.000312816671978 0.000235439160188 -0.113770446915
0.000239181029859 0.000231036040346 -0.113519818081
0.000169138901381 0.000213342742447 -0.113269189247
0.000104689167615 0.000186329389558 -0.113017310461
5.09973467496e-05 0.000148793722472 -0.112765431675
1.19759461921e-05 9.9248622193e-05 -0.112513552865
-1.06855875039e-05 3.87758352206e-05 -0.112260427961
-1.70539370327e-05 -2.82563848421e-05 -0.112007306867
-8.11698572598e-06 -9.61713800113e-05 -0.111754185797
1.48996273002e-05 -0.000160501802272 -0.111501068585
5.06033080243e-05 -0.000218585347174 -0.111248576348
9.74547475384e-05 -0.000269073010593 -0.11099670904
0.000152775351381 -0.000309918962998 -0.11074484166
0.000212605800586 -0.000338583978213 -0.110493603113
0.000272888974527 -0.000353776426086 -0.110242985709
0.000330058994049 -0.000355521933267 -0.10999299328
0.000382887740989 -0.000346337638005 -0.109743000876
0.000431976187782 -0.000329723912838 -0.109493633495
0.00047778139688 -0.000307980381747 -0.109244883398
0.000522066558629 -0.000284054038737 -0.108995512184
0.000565479550301 -0.000259594638321 -0.10874613716
0.000603752943135 -0.000230119055108 -0.10849738716
0.000634198797465 -0.00019057198779 -0.108248012208
0.000661094412905 -0.000144791256202 -0.107998637281
0.000688373655697 -9.93005071819e-05 -0.107749262329
0.00071383826884 -5.25072998595e-05 -0.107499887378
0.000733794766136 -1.01555959959e-08 -0.107250508592
0.000747537693694 5.67284998407e-05 -0.107000508713
0.000755179421747 0.000114418817965 -0.106750508834
0.000754314632556 0.000173898296295 -0.10650050893
0.000742289038408 0.000235708217465 -0.106250512885
0.000720921763539 0.000294159491827 -0.105999891863
0.000693614102848 0.000343267250783 -0.105749266983
0.000659602733066 0.000383046779971 -0.105498020985
0.000617064615161 0.000414248063494 -0.1052473922
0.000566937312614 0.000434794419057 -0.104996763438
0.000509704482043 0.000443548136058 -0.104746130794
0.000445703834508 0.000440258576635 -0.10449549815
0.000377428086794 0.000424143884131 -0.104244865482
0.000307155531295 0.000396465347048 -0.103994228981
0.000239444992791 0.000358053898081 -0.103744221289
0.000182709726755 0.000305605079823 -0.103494213597
0.000142022471297 0.000237757097199 -0.103244830881
0.000117018003388 0.000159641371959 -0.102996073141
0.000107024858305 7.73737182095e-05 -0.102747315401
0.00011191879922 -4.45244132502e-06 -0.102498565376
0.000129272630349 -7.94842520497e-05 -0.102250436446
0.000155071813618 -0.000141597115553 -0.10200169028
0.000187035615919 -0.000189869162675 -0.101752944089
0.000226012933955 -0.000228457870914 -0.101504197899
0.000275342787107 -0.000263419282113 -0.101255451709
0.000337336989716 -0.000297800380104 -0.101007326613
0.000407431370268 -0.000327339260333 -0.100759201492
0.000475457457645 -0.000344527925779 -0.100510455254
0.000533802376643 -0.000346231228529 -0.100261087898
0.000582002904025 -0.000335201304853 -0.100011712826
0.000625250506188 -0.000317260079855 -0.0997623377061
0.000669099360939 -0.000297595606494 -0.0995129626101
0.000714748590392 -0.000278133415988 -0.0992629624901
0.000759901435903 -0.0002580813352 -0.099013583512
0.000802958166692 -0.000236763132526 -0.0987642045338
0.000844530650897 -0.000215333895097 -0.0985142005798
0.000883564408348 -0.000192535956886 -0.0982648216256
0.000915641083266 -0.00016179263704 -0.0980148176715
0.000939096389353 -0.000120592789138 -0.0977648137651
0.000956315936201 -7.39247223966e-05 -0.0975141887408
0.000966774403196 -2.36202998823e-05 -0.0972635598587
0.00096810148464 3.03906462156e-05 -0.0970123098825
0.00096105440796 8.40227794666e-05 -0.0967616810484
0.000944599221407 0.000135614773207 -0.0965104349542
0.000911967242182 0.000188737362262 -0.0962585639082
0.000858042365169 0.000243901483531 -0.0960060717684
0.000789041171509 0.000292566337925 -0.0957541968888
0.000718986146412 0.000323254060992 -0.095501704773
0.000655077850166 0.000332006724531 -0.0952504548934
0.000593270668131 0.000322997994527 -0.0949992088719
0.000528167361534 0.000301560314763 -0.0947479589926
0.000460509216346 0.000270307035443 -0.0944973340652
0.000396806569472 0.000228939695989 -0.0942467129956
0.000346441274603 0.000174026618161 -0.0939967169018
0.000316851616206 0.000101416227722 -0.0937473458079
0.000308599770931 1.30297721587e-05 -0.0934985919981
0.000316401646261 -8.09061351124e-05 -0.0932504670221
0.000334371493492 -0.000168403014064 -0.09300234207
0.000358686008063 -0.000241964406063 -0.0927535998576
0.000388983043381 -0.000301287069378 -0.0925054787634
0.000429200192669 -0.000352362960636 -0.0922573537874
0.000482983448591 -0.000399905936024 -0.0920086076692
0.000547786488587 -0.000441728877217 -0.0917604788353
0.000616240057943 -0.000472539016003 -0.0915117288832
0.000682857231887 -0.000490522120906 -0.0912629750733
0.000745073350017 -0.000496858129482 -0.0910135962156
0.000797980024707 -0.000491253957458 -0.0907642173577
0.000838589733635 -0.000474388873062 -0.090514213476
0.000873790213126 -0.000451800133274 -0.0902635884523
0.000912600627282 -0.000429449270602 -0.0900135845464
0.000954082941201 -0.000407642952809 -0.0897635767346
0.000990935404924 -0.000382293532218 -0.0895135728047
0.0010198460039 -0.000350492316057 -0.0892629477327
0.00104340028309 -0.000313370975196 -0.0890123226605
0.00106596190031 -0.000275002800509 -0.0887623148486
0.00108860458656 -0.000237531003654 -0.0885116898004
0.001106367492 -0.000196751961733 -0.0882610647523
0.00111257202246 -0.00014689842359 -0.0880104397282
0.00110633258876 -8.9659139454e-05 -0.0877598147042
0.00109498955547 -3.49751945906e-05 -0.0875091896803
0.00108733882274 8.21720868708e-06 -0.0872585646804
0.00108016044464 4.28745459621e-05 -0.0870079397045
0.00105772150353 7.9258376493e-05 -0.0867573108708
0.00101202593017 0.000118620963836 -0.0865066858949
0.000949886806784 0.000152794024508 -0.086256060919
0.000878429825735 0.000175865392829 -0.086004818683
0.00080369688977 0.000184395938876 -0.0857535725891
0.000735263907657 0.000174483350463 -0.085502326471
0.000675711322562 0.000146235391418 -0.0852517053289
0.000619724225539 0.000104406872813 -0.0850004592108
0.000566638183621 5.32123082466e-05 -0.0847492130688
0.000521436253708 -5.01136249161e-06 -0.0844973458326
0.000487137314749 -6.66722921181e-05 -0.0842460996905
0.000464532124044 -0.000127290073498 -0.0839948496664
0.000457381356568 -0.000186499534091 -0.0837436034763
0.000470333242191 -0.000246650157193 -0.0834923572863
0.000501982419375 -0.00030534466803 -0.0832417321903
0.000546989670239 -0.000357074247306 -0.0829904859763
0.0006008643047 -0.000398152174961 -0.0827398609042
0.000659205982027 -0.000426310913024 -0.0824898608081
0.000720617690335 -0.000442310338561 -0.0822398607359
0.000786210051447 -0.000448465213809 -0.0819898644976
0.000852021977849 -0.000444181196849 -0.0817404894013
0.000912980728549 -0.000429126352681 -0.0814911181631
0.000971575091526 -0.000406719869821 -0.0812423680907
0.00103038713405 -0.000379865851067 -0.0809929969485
0.00108278964965 -0.000347787934546 -0.08074425083
0.00112339350552 -0.000310038035762 -0.080495500854
0.00115656068214 -0.000269159495818 -0.0802467470681
0.00118539369508 -0.000226681794544 -0.0799979971643
0.00120667924952 -0.000180541316502 -0.0797498683784
0.00121982292698 -0.000129227257582 -0.0795011146408
0.00122852618426 -7.4379193742e-05 -0.0792529858791
0.00123619383917 -1.88615727317e-05 -0.0790048532595
0.00124387268377 3.54452251553e-05 -0.078756720568
0.00124675646295 9.10280364011e-05 -0.0785079705924
0.00123393405341 0.000154108539975 -0.0782604589949
0.00119820017225 0.000226119792041 -0.078012330161
0.00114424260751 0.000299488552321 -0.0777648185633
0.00108486531111 0.000363573159948 -0.0775166896812
0.00103054799649 0.000412263148293 -0.0772685530593
0.00098054443444 0.000446501013863 -0.0770197952953
0.00092483264992 0.000470176860732 -0.0767704164372
0.000857621767319 0.000484033861413 -0.0765210375309
0.000784082511343 0.000485364140127 -0.0762710336726
0.000713856144178 0.000471488727941 -0.0760204086964
0.000654484670493 0.000441303480712 -0.0757697798622
0.00060722988502 0.000395940882547 -0.0755185299101
0.000569650215047 0.000338564533168 -0.0752672760762
0.00054318599552 0.000272185808556 -0.0750153972904
0.000529758612714 0.000200361232292 -0.0747635223145
0.000527704367597 0.000128776556891 -0.0745116473627
0.000538897541289 6.05892882943e-05 -0.0742597724108
0.00056799589297 -4.25828005228e-06 -0.0740079013169
0.000614268772956 -6.34298371397e-05 -0.073756030223
0.000673064767688 -0.000112871146418 -0.0735047879387
0.000736859435514 -0.000148170152157 -0.0732535456546
0.000793647938345 -0.000164779873579 -0.0730029283464
0.000837139504231 -0.000163430461396 -0.0727529321562
0.000874833805636 -0.000151092931479 -0.0725023187059
0.000917470634101 -0.000133616284293 -0.0722523263737
0.00096630893792 -0.000111953323829 -0.0720023340414
0.00101421489974 -8.49554375032e-05 -0.0717523417092
0.00105394129845 -5.24389779297e-05 -0.0715023455192
0.0010839646874 -1.56130801939e-05 -0.0712523531871
0.00110770928507 2.38812051858e-05 -0.0710023570211
0.00112870427386 6.47574875443e-05 -0.0707523608312
0.00114726364338 0.000106457310216 -0.0705023646651
0.00116216176678 0.000149013059274 -0.0702523646413
0.00117373421413 0.000192152869172 -0.0700017434993
0.00118187019382 0.000235756122708 -0.0697517434753
0.00118434924185 0.000280669639363 -0.0695017434755
0.00118130424025 0.000326388459593 -0.0692511223333
0.00117574405312 0.000370541038669 -0.0690004973575
0.00116540094394 0.000413343919917 -0.0687504973575
0.00114163816633 0.000457313112354 -0.0684998724054
0.00110189649979 0.000500798963306 -0.0682492435956
0.00105410331995 0.000537982054053 -0.0679992359036
0.00100549464808 0.00056487900361 -0.0677486109517
0.000955576021075 0.000580666108916 -0.0674986032599
0.000900120475635 0.000584998904695 -0.0672485955681
0.000836303591189 0.000576729412094 -0.0669992128763
0.000764068134676 0.000554530118252 -0.0667498263267
0.000685213351859 0.000517994631584 -0.0665010647289
0.000605491257848 0.000467938236005 -0.066252928131
0.000537541470069 0.00040552500372 -0.0660047954151
0.000493415253001 0.000331531965822 -0.065757908769
0.000472560702688 0.000248344810327 -0.0655110259809
0.000464330216829 0.000162212295439 -0.0652641470507
0.00046217159013 8.00388797709e-05 -0.0650172681445
0.000471301811749 3.60130445499e-06 -0.064770393096
0.000500538713711 -6.89519566826e-05 -0.0645235180714
0.000548397692765 -0.000135749277397 -0.0642760219049
0.000605352250687 -0.000191779521375 -0.0640285257383
0.000668768434472 -0.000235884271635 -0.0637804045721
0.000743348047565 -0.000269885927703 -0.0635322795718
0.000827959997872 -0.000293260163587 -0.0632829046197
0.000909045514495 -0.000303218062182 -0.0630329046438
0.000969529394583 -0.000299188243654 -0.0627822797159
0.00100774803893 -0.000285198994711 -0.0625310320788
0.00103908187174 -0.000266111807063 -0.0622799040144
0.00107550472127 -0.000244089699999 -0.0620282759452
0.0011162065912 -0.000219894727077 -0.0617765217065
0.00115441422776 -0.000194472338703 -0.0615247053417
0.00118246186439 -0.000168455969575 -0.061272890115
0.00119580808009 -0.000141233481678 -0.0610209521886
0.00119760657089 -0.000111815779445 -0.0607688923532
0.0011939588819 -8.01503366486e-05 -0.060516707925
0.0011844073023 -4.57844734919e-05 -0.0602644606254
0.0011659961388 -8.09916676918e-06 -0.0600120266095
0.00114167942168 3.08510292486e-05 -0.0597595933748
0.00111468235852 6.83603755042e-05 -0.0595072851569
0.00108458425499 0.000103083546282 -0.059255225415
0.00105243028739 0.000133455959614 -0.0590034766276
0.00101615540343 0.000158901374125 -0.0587520395519
0.000968926670692 0.000179313894331 -0.0585009145808
0.000912070741011 0.000192259892732 -0.0582501646001
0.000854262494218 0.000195018306642 -0.0579999134501
0.000798081190921 0.000186540452879 -0.0577501001738
0.000739618019595 0.000166104773178 -0.0575006614974
0.000676336019937 0.000132717489677 -0.0572515353041
0.000613164309766 8.62309165601e-05 -0.0570027212058
0.000561380881089 2.79257902519e-05 -0.0567539707625
0.000526898932234 -4.04340447187e-05 -0.0565052831977
0.000504680256804 -0.000116443710007 -0.0562564085236
0.000490164839812 -0.000195899465828 -0.0560074065371
0.000487402920365 -0.000274464207501 -0.0557581530124
0.000500793520695 -0.000348965503633 -0.0555086479517
0.000528619490529 -0.000416196329411 -0.0552588921219
0.000567669787931 -0.000473230221639 -0.0550088862969
0.000616275860818 -0.000518341186247 -0.0547587547027
0.000672731355971 -0.000550631199542 -0.05450849773
0.000732840769691 -0.000569382640991 -0.0542583032501
0.000790426730298 -0.00057442185277 -0.0540081091583
0.00084364933538 -0.00056715183731 -0.0537580404571
0.000895893849956 -0.000549537636779 -0.0535080983062
0.000950465417968 -0.000522819869727 -0.0532582213702
0.00100806776853 -0.000487715388706 -0.0530085342609
0.00106250275373 -0.000445548545458 -0.052759035816
0.00110227266615 -0.000399165908873 -0.0525097260358
0.00112407530924 -0.000351123660341 -0.0522605424224
0.00113676847544 -0.000301820592603 -0.0520114849736
0.00115014343416 -0.00025108304827 -0.051762490032
0.00116674495499 -0.000199883893835 -0.0515136197118
0.00118165574423 -0.000149450726553 -0.0512647490082
0.00118788186955 -9.9459317218e-05 -0.0510159400329
0.00118559155499 -4.89800984983e-05 -0.0507671927789
0.0011813063877 1.48277646641e-06 -0.0505185697437
0.00117403719775 5.18817554232e-05 -0.0502699474631
0.00115345000921 0.000103544349218 -0.0500214501537
0.00111448378855 0.000155784831564 -0.0497731399297
0.00106180002064 0.000205306421396 -0.0495247691201
0.00100002220968 0.000248884892502 -0.0492762744534
0.000932274260591 0.000283976691825 -0.0490275938227
0.000865125680287 0.000308783873066 -0.0487785389707
0.000801818368611 0.00032251778939 -0.0485291720166
0.00073785962807 0.000323999584906 -0.0482793679627
0.000668692124373 0.000311343895031 -0.0480290646949
0.000595700020366 0.000283650363636 -0.0477783239366
0.000528002884981 0.000242654361955 -0.0475270828143
0.000476432465523 0.000191781994908 -0.0472754034373
0.0004430940934 0.000133377240767 -0.0470234096459
0.00042456442559 6.93602530224e-05 -0.0467711018164
0.000421454943021 2.90773114834e-06 -0.0465186655173
0.000434825432571 -6.2540605529e-05 -0.0462661019059
0.000461224203651 -0.000123476759601 -0.046013722708
0.000498995546338 -0.000176564829625 -0.0457614669575
0.000549088207971 -0.000219505454455 -0.0455095221447
0.00061002981586 -0.00025056864173 -0.0452578277057
0.000681837053226 -0.000268646488965 -0.0450065082594
0.000763850641345 -0.000272832627766 -0.0447555641939
0.000846036592951 -0.000262561769924 -0.0445049955094
0.000917994145761 -0.000239173658374 -0.0442549271987
0.000980031276895 -0.000205007280762 -0.0440051725381
0.0010344986297 -0.000162182168832 -0.0437557311468
0.00107603965809 -0.000114004640079 -0.0435065405341
0.00109934645369 -6.4525637307e-05 -0.0432575378119
0.00111106917272 -1.47683918127e-05 -0.0430085983686
0.00112134211515 3.64905347009e-05 -0.042759597209
0.00112890506583 8.80444699939e-05 -0.0425106581661
0.00112667228995 0.00013755314825 -0.0422616570186
0.00111411052039 0.000185373526898 -0.0420127179853
0.00109742773212 0.000233396538533 -0.0417637164521
0.00108160614176 0.000282065395778 -0.0415147141426
0.0010648331111 0.000330445216293 -0.0412655876047
0.00104307662696 0.000377856436173 -0.0410164602904
0.00101768762509 0.000423715717289 -0.0407672704738
0.000991284956379 0.000467158712019 -0.0405180173831
0.00095916822767 0.00050729399053 -0.0402686392922
0.000914512509963 0.000542517349809 -0.0400192611988
0.000859922267553 0.000570668253461 -0.0397697604176
0.000804434728635 0.000590536916791 -0.0395201994461
0.000749048119388 0.000600924595571 -0.0392705154058
0.000686905709311 0.000598852627009 -0.0390208325253
0.000620840933489 0.000582653411826 -0.0387710894619
0.000564133683729 0.000554587510105 -0.0385214096676
0.000519031534903 0.000515091230784 -0.0382717310306
0.000473948649 0.000460045366353 -0.0380222402721
0.000425852938967 0.000389072034358 -0.037773000278
0.000386897129072 0.000308980917593 -0.0375240102744
0.000368717180869 0.000226817251678 -0.0372751460401
0.000373553355628 0.000146097914353 -0.0370264693009
0.000398274891808 6.89937005018e-05 -0.0367778539068
0.000436297529533 -2.18824819389e-06 -0.0365292971525
0.000478321222578 -6.48481803748e-05 -0.0362806736593
0.00052208295213 -0.000116437910227 -0.0360319213131
0.00057515628293 -0.000155280704268 -0.0357829155021
0.000638829108627 -0.000180762450994 -0.0355334702815
0.00070429516538 -0.000193402409431 -0.0352836492989
0.000770046193351 -0.000193640654514 -0.0350333904427
0.000842471416853 -0.000180488750253 -0.0347825066033
0.000916461513104 -0.000154873737101 -0.0345309981643
0.000975109109351 -0.000122694331196 -0.0342791753011
0.00101222399542 -8.93636523252e-05 -0.0340271610777
0.00103886751444 -5.41036131692e-05 -0.0337750191466
0.00106408714631 -1.50987789799e-05 -0.0335226318425
0.00108359485007 2.42143582876e-05 -0.0332701897469
0.00108991454483 5.88677436848e-05 -0.0330178764994
0.00108523974033 8.91844609374e-05 -0.0327658109225
0.00108011845585 0.00011940555861 -0.0325136855509
0.00107677747849 0.000149697847597 -0.032261567514
0.00106332500177 0.00017653890742 -0.0320096412209
0.0010333391231 0.000200009239049 -0.031757779752
0.000996331678948 0.000222894681534 -0.0315059807903
0.000962119444792 0.000245945761999 -0.0312541170331
0.000929330609436 0.000267646580794 -0.0310023751946
0.0008898043235 0.00028545094344 -0.0307508845135
0.000837911847344 0.000296535742753 -0.0304995824921
0.000777342711505 0.000299325715882 -0.0302485914205
0.000715969609584 0.000293805321764 -0.0299979730247
0.000656214900362 0.000279260646934 -0.0297477300028
0.00059770743245 0.000254169630021 -0.0294979244642
0.000542911479037 0.000218221604829 -0.0292484306395
0.000493191346907 0.000170918413177 -0.0289992496886
0.000447301563112 0.000110662853108 -0.0287503835356
0.000408604009012 3.91482514307e-05 -0.0285017681446
0.000384872194435 -3.80344822047e-05 -0.0282532765866
0.000379826431508 -0.000116762026236 -0.0280048440541
0.000392857420312 -0.000194873239767 -0.0277564682299
0.000422705304649 -0.000269935779904 -0.0275080873879
0.000467423523443 -0.000339155206801 -0.0272597023023
0.000526281590446 -0.00039900377477 -0.0270113137421
0.000596825543101 -0.0004467546745 -0.0267628595979
0.000670895596044 -0.000481552005414 -0.026514341413
0.000745579386696 -0.000502009301517 -0.0262656361188
0.000824220264505 -0.000506286243459 -0.0260168683269
0.000900935493193 -0.000495684179313 -0.0257680388113
0.000968105543199 -0.000473287570249 -0.0255189620035
0.00102733168728 -0.000440199929343 -0.0252698246271
0.00107645736706 -0.000399198847651 -0.0250205645725
0.00110995382456 -0.000355429013399 -0.0247711201139
0.00113100184791 -0.000310366717535 -0.0245214920204
0.00114584632308 -0.000262736104282 -0.0242718041322
0.00115710576091 -0.000212314456479 -0.0240221177895
0.00116390776105 -0.000160889713056 -0.0237724954851
0.00116293375804 -0.000111912257012 -0.0235227501168
0.00115356503533 -6.65317516127e-05 -0.0232728812966
0.00113944760118 -2.26177940408e-05 -0.0230230124739
0.00112526464749 2.20891541562e-05 -0.0227732061489
0.00111496870291 6.83967478426e-05 -0.0225235236568
0.00110713213784 0.000114510745043 -0.0222739036599
0.00109235395145 0.000156947073073 -0.0220241586631
0.00106221872511 0.000193568380251 -0.0217742269426
0.00101868956496 0.000224671866849 -0.0215241092677
0.000972445632773 0.000252221534552 -0.0212739298644
0.000931082648285 0.000277488211743 -0.0210238129537
0.000890506594157 0.000298088989174 -0.020773696424
0.000844397494487 0.00030986585677 -0.0205233931683
0.000792164701229 0.000309958949236 -0.0202727785771
0.000732257026529 0.000294291953794 -0.0200219143836
0.000664950059518 0.000259290415184 -0.0197706142501
0.000599348506977 0.000207900365829 -0.0195190016311
0.000545678396616 0.000146496198445 -0.0192673245856
0.000508337870617 7.93079485392e-05 -0.0190155827254
0.00048833538008 8.97136824608e-06 -0.0187639006648
0.000485069992468 -6.24581366145e-05 -0.0185122795588
0.00049683658096 -0.00013296021183 -0.0182606569049
0.000522589235573 -0.000199311424656 -0.0180092182717
0.000563673902207 -0.000256797108865 -0.017757964045
0.000621215400071 -0.000301596280094 -0.0175070196034
0.000688953929719 -0.000333572539592 -0.0172563243805
0.000755601585927 -0.000354377971554 -0.0170058779932
0.000818413203469 -0.000363071911056 -0.0167556808272
0.000886224651816 -0.000355371696708 -0.0165058586517
0.000965552254301 -0.000327589102187 -0.0162564743499
0.00104778209686 -0.000282217710243 -0.0160074658147
0.001115142512 -0.00022831866748 -0.0157587092084
0.00116079785326 -0.000172642579112 -0.0155099557004
0.00119349717871 -0.000113536299247 -0.0152613283641
0.0012205632245 -4.84688625682e-05 -0.0150128889185
0.00123909151039 1.83682517138e-05 -0.0147645135305
0.00124463969486 8.05775586085e-05 -0.0145160779693
0.00123686617469 0.000134943285825 -0.0142674560799
0.00121825885998 0.000181839780841 -0.0140187713167
0.00119474998854 0.000225889697672 -0.0137700236726
0.00117248111177 0.000271743788951 -0.013521274483
0.0011507788311 0.000318080411716 -0.0132725866287
0.0011245591888 0.000361274731441 -0.0130238366504
0.00109164242549 0.000400661756769 -0.0127750870434
0.00105139932839 0.000436322607723 -0.0125262760816
0.00100054431752 0.00046639277342 -0.0122774654912
0.000938785267474 0.000489535687672 -0.0120285931602
0.000874603663104 0.000507613694488 -0.0117797208146
0.000815501366458 0.000522465557212 -0.0115306613499
0.000759446870735 0.000531936307711 -0.0112815378324
0.000703523058432 0.00053307360895 -0.0110323502669
0.000647711181427 0.000524041641813 -0.010782974044
0.000590298753257 0.000501268195479 -0.0105334720496
0.00053335013176 0.000463513869118 -0.0102839075555
0.000484661340464 0.000415183988219 -0.0100342192309
0.000448565380513 0.000359380048163 -0.00978440552772
0.00042490190712 0.000295849841043 -0.00953440317915
0.000415668975724 0.000227198423093 -0.00928427391127
0.000424029006536 0.000158200637335 -0.00903395753651
0.000448759361212 9.04506866609e-05 -0.00878351732886
0.000485291699445 2.42955382986e-05 -0.00853301655265
0.000531149326659 -3.65796482745e-05 -0.00828239194106
0.000587255987206 -8.62962812381e-05 -0.00803164387268
0.000653689868374 -0.00012088838096 -0.00778071024529
0.00072536813046 -0.000140178969056 -0.0075295906683
0.000794294380706 -0.000146141964364 -0.00727834648673
0.000855543196328 -0.000140386151545 -0.00702703787624
0.000907219877654 -0.0001244198095 -0.006775726951
0.000947272306354 -0.000101008223769 -0.00652441409445
0.00097520024178 -7.2779080378e-05 -0.00627309807062
0.000993851122435 -4.01224203613e-05 -0.00602185985582
0.00100808169353 -9.18243802541e-07 -0.00577042122096
0.00102028792144 4.61008302797e-05 -0.00551871488509
0.00102621221681 9.57895869417e-05 -0.00526695256695
0.00102068544199 0.000140474874511 -0.00501546473033
0.00100618905749 0.000180305577741 -0.00476422722712
0.000989555858934 0.000221202007072 -0.00451292884789
0.000972857464822 0.000263729627861 -0.00426151994608
0.00095188194625 0.000301661214283 -0.00401030544971
0.000923607143622 0.000331784876199 -0.0037594650209
0.000892289126397 0.000358471903885 -0.00350878146156
0.000863852375146 0.000386076819244 -0.00325799521734
0.000836182582198 0.000412502443755 -0.00300721948116
0.000800624814428 0.000432336282016 -0.00275682680696
0.000752593610188 0.000442857653036 -0.00250697567401
0.000697299802076 0.00044629610412 -0.00225751415682
0.000642400052464 0.000446019067845 -0.00200817659607
0.000584982826471 0.000438156607296 -0.00175915761894
0.000517068527979 0.000413439415298 -0.00151090285579
0.00044431786834 0.000372053119751 -0.00126326822166
0.000378893865968 0.000321823787551 -0.001015753266
0.000321487019436 0.000261713875099 -0.000768348640472
0.000269470892507 0.00018692613471 -0.000521171872439
0.000227907320119 0.000102130100022 -0.000273972214465
0.00020329834668 1.62656706223e-05 -2.64027429012e-05
0.000198163005084 -6.52068602461e-05 0.000221692161204
0.000211637655772 -0.000140868414364 0.000470305010123
0.000240798253494 -0.000211241249796 0.000719357009938
0.000284020905097 -0.000274089063961 0.000968837685737
0.00034150986955 -0.00032480999392 0.00121881830601
0.00040970625907 -0.000362359622709 0.00146921797446
0.000481347702593 -0.00038813307294 0.00171988677387
0.000553828166509 -0.000400037333513 0.00197079298951
0.000628730893191 -0.000394214233965 0.00222198596508
0.000703002909258 -0.00037111614756 0.00247338422883
0.000768771390406 -0.000335785113343 0.00272479477413
0.000819402408082 -0.000294285745702 0.00297603758935
0.000854661727817 -0.000249278142711 0.00322708798667
0.000880585679551 -0.000197854290662 0.00347805144857
0.000899896011385 -0.000139207148393 0.00372898287119
0.000907023588874 -8.21504568507e-05 0.00397971369386
0.000897181190873 -3.70462734831e-05 0.00423010093749
0.000874834096434 -2.73480999894e-06 0.00448023163527
0.000848475732159 3.01853906797e-05 0.00473029864194
0.000821451744898 6.57333256147e-05 0.00498038354584
0.000792471480843 0.000101270372965 0.00523044984595
0.000760872984124 0.000135017953216 0.00548047253984
0.000727506058645 0.000167251659583 0.00573046964404
0.0006922840702 0.000197257013285 0.00598043521959
0.000653361903553 0.000223023185923 0.00623033265643
0.000609930628739 0.000243916839732 0.00648014362553
0.000565179086083 0.000262200491902 0.006729954585
0.000522540331539 0.000279765782363 0.00697976553965
0.000478290821678 0.000292806824268 0.0072295761061
0.000423820145935 0.000292580367646 0.00747919879398
0.000358605714877 0.000275215669376 0.00772863321753
0.000295514083559 0.000249087219987 0.00797806726247
0.000246793724093 0.000225462027935 0.00822762553582
0.000209932942441 0.000201944980308 0.0084772451518
0.00017520321349 0.000164885917207 0.00872692572704
0.000139549168888 0.000105413800554 0.00897641958352
0.000108682909508 2.72726080816e-05 0.00922591267322
9.2648086012e-05 -5.51868123006e-05 0.00947552998408
9.73956365128e-05 -0.000130545772388 0.00972521056645
0.000119075326742 -0.000201935266691 0.00997508018476
0.000151291307244 -0.000274403563802 0.0102249513486
0.000194194169506 -0.000341058273236 0.0104748232864
0.000251609059999 -0.000391396334178 0.0107248221482
0.000323012211174 -0.000422255062869 0.0109748237106
0.000401014132306 -0.000437287796876 0.0112247666285
0.000474864693037 -0.000442148945943 0.0114747739634
0.000537583224674 -0.000439882826532 0.0117246589962
0.000591248188057 -0.000427823898976 0.0119746069004
0.00064335150769 -0.000399496836465 0.0122243692312
0.000697092326067 -0.000351415368536 0.0124740686666
0.000747271108848 -0.000287889611049 0.0127235794374
0.000785693715797 -0.000218421272246 0.0129730257626
0.000807829266383 -0.000151572433266 0.0132224072609
0.000815242493273 -9.00616678809e-05 0.013471785275
0.000813076718198 -3.0857623456e-05 0.0137211605788
0.000804218550645 2.72178016157e-05 0.0139704714441
0.000789117902092 8.1821025139e-05 0.0142197186424
0.000769475452315 0.000133008437848 0.0144689646834
0.000746452307093 0.000180560356139 0.0147182099745
0.000720038780682 0.000223140428684 0.0149674552944
0.000692498027828 0.000263665213888 0.0152167037318
0.000666170521883 0.000304705097307 0.0154658298984
0.000637621080071 0.000342080099141 0.0157150193535
0.000598936673467 0.00036869334811 0.0159645182343
0.000545719506168 0.000381520827623 0.0162145753716
0.000482997621417 0.000384517517737 0.0164649430849
0.000420977652321 0.000384867431498 0.0167153729173
0.000364386463476 0.000384873169035 0.01696580315
0.000309410242129 0.000378529233452 0.0172164841664
0.00025210116213 0.00035827006451 0.0174676026852
0.000195864394813 0.000324130724238 0.0177192180984
0.000147154121571 0.000281441650591 0.0179710811727
0.000108580739254 0.000231972892481 0.0182231332614
8.12635574146e-05 0.000175989267305 0.0184753153438
6.81931773569e-05 0.000118219187601 0.0187275020579
7.12961333382e-05 6.29907938021e-05 0.0189795657079
8.95428644581e-05 9.35845338606e-06 0.0192315058963
0.000121350646436 -4.37489275989e-05 0.0194833245424
0.000165797867373 -9.37379614562e-05 0.0197350208793
0.000221788996359 -0.000136318434092 0.0199864683712
0.000288219049618 -0.000166645336474 0.0202375420276
0.000364142317338 -0.00018025725987 0.0204881801274
0.000446817624899 -0.00017562460018 0.0207383815061
0.00052935635227 -0.000156062919891 0.0209882680724
0.000603596113384 -0.000126693950183 0.0212379015646
0.000667107486359 -8.80084115581e-05 0.0214874702348
0.000720125036728 -3.93628088476e-05 0.0217368502382
0.000757851838151 1.20303913578e-05 0.0219862286841
0.000778072923091 5.96671188928e-05 0.0222357305844
0.000788217459058 0.000110188045212 0.0224851680749
0.000794128460948 0.000171142523762 0.0227346044249
0.00079223337542 0.000234927478439 0.022984040406
0.000777749183394 0.000287726957443 0.0232336631274
0.000752220754778 0.000326549966427 0.0234832858681
0.000721563899093 0.000361036269235 0.0237329718947
0.000690668306544 0.000401371209108 0.0239826583167
0.000659902379367 0.000445761998941 0.0242324072413
0.000625837799111 0.000483084685144 0.0244822182752
0.000585414344301 0.000507005932883 0.0247319054593
0.000539267927723 0.000521361739106 0.0249815309054
0.000492128897038 0.000534795855776 0.025231094992
0.000449610196277 0.000553679360777 0.0254807828972
0.000411513256806 0.000575808253007 0.0257305317376
0.000370302278593 0.000591173195739 0.0259801555635
0.000319710720124 0.000591315885541 0.0262295309277
0.000260613755152 0.000574734977848 0.0264784722544
0.000200164069345 0.000547262660687 0.0267271631833
0.000146687501703 0.00051831781132 0.0269759748612
9.95178022777e-05 0.00048493207133 0.0272247221197
5.19839787355e-05 0.000430072635331 0.0274731588191
6.91478551493e-06 0.000350749703852 0.0277211626697
-2.45734943855e-05 0.000266544994509 0.0279693536393
-3.70981845774e-05 0.000191726061915 0.0282179786272
-3.37762070393e-05 0.000119604648522 0.0284669739688
-1.78334207878e-05 4.22412515021e-05 0.0287160939223
1.18913030841e-05 -3.21428647325e-05 0.0289654650284
5.63486120483e-05 -9.39726208676e-05 0.0292153353509
0.000111166585506 -0.000146715992387 0.0294655185496
0.000169587473294 -0.000194914073804 0.0297158904057
0.000228980436808 -0.000233090265671 0.0299663899575
0.000290434259834 -0.000253058984322 0.0302172645021
0.000353560846671 -0.000252383265341 0.0304686378821
0.000416071597639 -0.000232146453083 0.0307203249266
0.000476437284615 -0.000192221480146 0.0309724490781
0.000532433717545 -0.000133451240514 0.0312249466767
0.000577542622137 -6.44462131206e-05 0.0314775060037
0.000605069541152 1.92259577337e-06 0.0317296930554
0.000616350109964 6.34672686414e-05 0.0319815695745
0.000616594278482 0.000126292753476 0.0322332570818
0.000606943065354 0.000188755528508 0.0324848172936
0.000587796297185 0.000245979851511 0.032736127903
0.00056164188433 0.000298260484581 0.0329872506387
0.000530232730872 0.000343718265767 0.0332380608912
0.000494161914508 0.000376680600594 0.0334885594203
0.000453840548585 0.000394105553826 0.0337385594926
0.000409798640195 0.000398982223119 0.0339881849459
0.000363496737732 0.000399386530647 0.0342376850061
0.000316432198164 0.000400630345792 0.0344871842804
0.000267541787377 0.000399747661238 0.0347366221928
0.000214816854044 0.00039248707462 0.0349858737554
0.000159507548496 0.000380323203654 0.0352349389705
0.000104874406827 0.000366728816486 0.0354840041831
5.18914873196e-05 0.000350930947608 0.0357330690051
-1.55469673074e-06 0.000326655804161 0.0359818849892
-5.63189755301e-05 0.000288285952121 0.0362303282977
-0.000108080623021 0.000239232082284 0.0364785852708
-0.000151427861522 0.000187502055504 0.0367268407079
-0.000185383482417 0.000132935271237 0.0369751563327
-0.000211084945132 6.76664731486e-05 0.0372232825429
-0.000226827930851 -9.63970154919e-06 0.0374712204936
-0.000228586163591 -8.76405084418e-05 0.0377192830586
-0.000214220258061 -0.000155587520024 0.0379678436778
-0.000184382125765 -0.000214136498567 0.0382167773584
-0.000140395461129 -0.000266894373364 0.0384659579479
-8.35852630612e-05 -0.000312956617887 0.0387153862154
-1.66761451935e-05 -0.000351471286063 0.0389651269732
5.53535531657e-05 -0.000383777322383 0.039214995041
0.00012751341099 -0.000408192922328 0.039464990421
0.000198322454383 -0.000417095977292 0.0397152998346
0.000268371497667 -0.000403377005094 0.0399660471123
0.000334248767842 -0.000370131687883 0.040216984195
0.000388577303003 -0.00032890070096 0.0404679841516
0.000427845227165 -0.000286317870227 0.0407188598749
0.000453711671482 -0.000241149695767 0.0409695492533
0.000466968748055 -0.000195296938306 0.0412201765054
0.000468410229035 -0.000151928008317 0.0414706787576
0.000461491468839 -0.000105706378494 0.0417209931192
0.000448263902183 -5.16638227811e-05 0.0419713055326
0.000427909710864 4.18928079019e-06 0.0422214921577
0.000400306537401 5.33368023935e-05 0.0424714908899
0.000367183596961 9.51457278104e-05 0.0427213642411
0.000330532576136 0.000133732434173 0.0429711743351
0.000291758902323 0.000170505031231 0.0432208598293
0.000251733117074 0.000203616931962 0.0434704226504
0.000210691434546 0.000230828385633 0.043720050303
0.000168121185129 0.00025074304353 0.0439698014317
0.000123973821964 0.00026512428582 0.0442196127721
8.03473281831e-05 0.000279955358269 0.0444694256917
3.914262071e-05 0.000298390835256 0.0447190561723
-2.04566079302e-06 0.00031366529539 0.0449688147608
-4.66904202705e-05 0.00031661765591 0.0452190112256
-9.32579842244e-05 0.000307846347002 0.0454697678468
-0.000138270189372 0.000291552815389 0.0457208334888
-0.00018106910985 0.00026287414787 0.0459724589204
-0.000220353338444 0.000215046164847 0.0462250175699
-0.000251320612116 0.000153586812652 0.0464782602087
-0.000269469301599 9.1594582475e-05 0.0467316297595
-0.000273725450503 3.25004780791e-05 0.0469848172088
-0.00026426572183 -3.08580940707e-05 0.0472382550221
-0.000240666551418 -9.9268765914e-05 0.047491940113
-0.000203233538023 -0.000163793418368 0.0477454357726
-0.000153557625645 -0.000216181553171 0.0479983068396
-9.37672948741e-05 -0.000251926315074 0.0482503677478
-2.61292187961e-05 -0.00026936714735 0.0485015559997
4.67720850964e-05 -0.000268931248689 0.0487518708284
0.00012203131805 -0.000250959103307 0.0490014985743
0.000196282713805 -0.000216549898771 0.0492503782708
0.000265262482516 -0.000169479118685 0.0494988196887
0.000324757053251 -0.000114307251462 0.049746945899
0.000372814498241 -5.16746783402e-05 0.0499948186373
0.000410394908549 2.46323843608e-05 0.0502423160043
0.000437591595159 0.000118812654862 0.0504892532102
0.000450519225716 0.00021764211606 0.0507361892611
0.000446526372154 0.000298997570548 0.0509837460395
0.000429252455833 0.000360880480371 0.051231987591
0.000403485236577 0.000420014485903 0.0514803583837
0.00037083846172 0.000480130020305 0.0517287966964
0.00033287183048 0.000526767578584 0.0519776103949
0.00029222285707 0.000552439261789 0.0522269854241
0.00025010758433 0.000567087715249 0.0524766100674
0.000206499378598 0.000582028377424 0.0527262358753
0.000161819295214 0.000596841794994 0.0529759241856
0.000116393064894 0.000606910941493 0.0532256136557
7.01795124909e-05 0.000612287006498 0.0534754269612
2.32603598675e-05 0.00061374190002 0.0537252402618
-2.46090912842e-05 0.00060877897508 0.0539751160527
-7.34757167195e-05 0.000595967066967 0.054225055108
-0.000122130258503 0.000577503012697 0.0544749324228
-0.000169336157053 0.000553909679699 0.0547248718398
-0.000214497075004 0.000521767627957 0.0549747495116
-0.000255982531452 0.000480745836018 0.0552246271737
-0.000291313986984 0.000435718476055 0.0554744431001
-0.000318995016074 0.000388997389791 0.055724196524
-0.000337994301352 0.000338938967642 0.0559739491787
-0.000346926849023 0.000286719222161 0.0562236397241
-0.000344600220296 0.00023583404559 0.0564733294979
-0.000329780427395 0.000184804966264 0.0567230802261
-0.00030059685784 0.000127281822344 0.0569727059664
-0.000256269638991 6.20857640826e-05 0.0572223926611
-0.000199040602342 -8.70877564264e-07 0.0574720168607
-0.000132742456728 -4.95868820622e-05 0.0577218891169
-6.06609068081e-05 -8.16928169412e-05 0.0579720105895
1.36538614601e-05 -0.000100088340904 0.0582223199384
8.64661052482e-05 -0.000102430369925 0.0584729413918
0.000154889705376 -8.63968805899e-05 0.0587238757214
0.000215630406641 -5.79026470709e-05 0.0589751225413
0.000265936831142 -2.08941818465e-05 0.0592264951351
0.000305378068218 3.01181469936e-05 0.059478179836
0.000333129178641 9.64925938242e-05 0.0597302395295
0.000347063271715 0.000167797001954 0.0599824253829
0.000346600759871 0.000232272712655 0.0602344272276
0.000333533209409 0.000286148650703 0.0604860564183
0.000310260265643 0.000332014879934 0.0607374356331
0.000278787142506 0.00037140518832 0.0609885648743
0.000240738691707 0.000405612424619 0.0612395058751
0.000197007004685 0.00043885311963 0.0614904449638
0.000149242070097 0.000469315456436 0.0617412567546
0.000100287496312 0.000490807525045 0.0619918154761
5.12664418229e-05 0.00050607723097 0.0622421234452
2.84182321995e-06 0.000519102883886 0.0624924294759
-4.3153762905e-05 0.000521951567026 0.0627420530675
-8.72133113119e-05 0.000506435725215 0.0629914281639
-0.000131917047052 0.000479712255191 0.0632401783083
-0.000177596328528 0.000454719832724 0.0634895533806
-0.000223257540131 0.000431117392549 0.063738307311
-0.000268925474826 0.00039900574523 0.0639870573593
-0.000313971827319 0.000355218330442 0.0642351862416
-0.000356549020272 0.000301724389008 0.0644826978636
-0.000394512824464 0.000237383864474 0.0647302017696
-0.000425338457567 0.000162301470291 0.0649770845096
-0.000446697633964 8.11229547214e-05 0.0652239672494
-0.000457284066557 1.02641432158e-08 0.0654708461316
-0.000456964083303 -7.49883520904e-05 0.0657183461316
-0.000445561126671 -0.000143222548906 0.0659658461316
-0.000421300994881 -0.000210795798979 0.0662133461078
-0.000383155932247 -0.000278695325602 0.0664614749417
-0.000333298578833 -0.000338531859433 0.0667102248938
-0.000274679030773 -0.000383001286942 0.0669589748698
-0.000209144194302 -0.000410894931085 0.0672089670581
-0.000138419410803 -0.000424621657225 0.0674595803884
-6.54539284233e-05 -0.000427214416459 0.0677101937187
5.25216116454e-06 -0.000415684925945 0.0679614358829
6.98285068496e-05 -0.000381022112906 0.068213924141
0.000125802524033 -0.000324342755798 0.0684664123992
0.000170192303609 -0.000262715550285 0.0687195295151
0.000200599437754 -0.00020609882666 0.0689720293947
0.000216472232555 -0.000145526907066 0.0692239043225
0.000217687463162 -7.8452044168e-05 0.0694757792503
0.000205709817463 -2.05605356526e-05 0.0697276503442
0.000183814857288 2.05344334773e-05 0.0699782792021
0.000153378765462 5.60081247534e-05 0.0702289081079
0.000114392728844 9.38019158146e-05 0.0704795331558
6.90466784929e-05 0.00012866062142 0.0707295332278
2.07399196991e-05 0.000154560472205 0.0709795371819
-2.81218730794e-05 0.000170486423396 0.0712295372541
-7.55200431899e-05 0.000175433797573 0.071478916232
-0.000120727042053 0.000169817771385 0.0717289163282
-0.000166184537357 0.000161220871106 0.0719782953062
-0.00021424952963 0.000159079118947 0.0722282954022
-0.000262870938636 0.000161022177576 0.0724776782382
-0.000308946032002 0.000154089476696 0.0727276783342
-0.000352990265087 0.000134866702672 0.0729776822641
-0.00039651771491 0.000116945938555 0.0732276823601
-0.000439275054306 0.000110939441038 0.07347768629
-0.000480222837008 0.000107745228179 0.0737276902199
-0.000517646762991 8.89195949573e-05 0.0739776941498
-0.000548864338676 4.78208284351e-05 0.0742289402918
-0.00057193307624 -6.05330099645e-06 0.0744801941497
-0.000585896252321 -6.29274869122e-05 0.0747320691014
-0.000588891195291 -0.00012223801211 0.0749845690051
-0.000579499299234 -0.000182241536919 0.0752364516489
-0.000558761119081 -0.000235519069366 0.0754889592443
-0.000526535397257 -0.000280687921613 0.0757408457217
-0.000479279953666 -0.000324787817051 0.0759927283173
-0.000415901786647 -0.000369809413071 0.076245228149
-0.000342369342152 -0.000405706051233 0.0764971030287
-0.000266713080582 -0.000420252887023 0.0767477279567
-0.00019225517359 -0.000411524210308 0.0769983528847
-0.000119132633264 -0.000387133049231 0.0772477316948
-4.98639696278e-05 -0.000351798676962 0.0774971066468
1.08100347631e-05 -0.000301192806359 0.077745235505
5.97063187014e-05 -0.000232045866355 0.0779927355294
9.57073782261e-05 -0.000151023591206 0.0782402278381
0.000118429551722 -6.87083480519e-05 0.0784877201228
0.00012809076126 8.03489920197e-06 0.0787345874556
0.000125193544499 7.86902374894e-05 0.0789827047639
0.000109514690524 0.000148395245596 0.0792302009304
8.11317365075e-05 0.000218973560062 0.0794776971208
4.21024546037e-05 0.000285799804137 0.0797258182872
-5.86120685268e-06 0.000347563040303 0.0799739356196
-6.06645779382e-05 0.000403203450146 0.0802226817857
-0.000115138287276 0.00044260200395 0.0804714318337
-0.0001638124774 0.000461512060141 0.0807208107155
-0.000210622970197 0.000471990235892 0.0809708107392
-0.000258414987242 0.000481647153181 0.0812208107869
-0.000302722715482 0.000483629896863 0.0814714357866
-0.000342226323905 0.000474817385865 0.0817214358346
-0.000380717665039 0.000462025258878 0.0819720608584
-0.000419269493251 0.000447906012675 0.0822226858582
-0.000456450962736 0.000428239831137 0.0824739320002
-0.000491658212021 0.000400843417914 0.0827245570002
-0.000524080716178 0.000364716489061 0.0829757992605
-0.000552269355807 0.000318964178762 0.0832264242846
-0.000575994663667 0.000269856243859 0.0834776704028
-0.000596043422904 0.00022579207242 0.0837289165208
-0.000611042248098 0.000184439303731 0.0839795415209
-0.000616197550703 0.00013548143669 0.0842307876389
-0.000607059694277 7.48183179105e-05 0.0844814087571
-0.000585435775579 1.3356422406e-05 0.084732037615
-0.000557981166512 -3.33875989418e-05 0.0849826625909
-0.000524868835534 -6.55774458477e-05 0.0852332914486
-0.000476866026 -9.74733233209e-05 0.0854832953065
-0.000408711257344 -0.000135439082452 0.0857339202822
-0.000328656537659 -0.000167962915559 0.085983927998
-0.000250322011983 -0.000177808897187 0.0862339318557
-0.000179349921038 -0.000159124021441 0.0864839395713
-0.0001128558749 -0.000120886681678 0.086733943429
-4.96755596808e-05 -7.39213395942e-05 0.0869839472629
5.2583731959e-06 -1.85984812382e-05 0.0872339511207
4.7046280261e-05 4.76949309205e-05 0.0874845760965
7.52967431548e-05 0.000117159036657 0.0877345799303
9.10568240968e-05 0.00018009453101 0.0879852048822
9.3475808703e-05 0.000237903027952 0.0882352048583
8.15284491556e-05 0.000295019164531 0.0884858298102
5.66526484186e-05 0.000349241243083 0.0887364509041
2.26679616056e-05 0.000394337994988 0.0889864509041
-1.6830125446e-05 0.000427207027185 0.0892370719742
-6.24514196559e-05 0.000453160699319 0.0894870680925
-0.000116610146705 0.000478375628443 0.0897370680685
-0.000175851005398 0.000499096805071 0.0899870641629
-0.000232894166094 0.000507837794428 0.0902370564235
-0.000284515296319 0.000503588597442 0.0904864314238
-0.000331775075087 0.000489966707413 0.0907364236842
-0.000377585257863 0.00047200287782 0.0909857986845
-0.000424345900834 0.000454293135983 0.0912351698269
-0.000470261552576 0.000435698848459 0.0914845409692
-0.000512267961378 0.000411209219693 0.0917339121116
-0.00055113768321 0.000381104101525 0.0919826659938
-0.000589800638175 0.00035160367885 0.0922320371119
-0.000628720269792 0.000324791427226 0.092480787136
-0.000663854392043 0.00029094537542 0.09272953716
-0.00068989712577 0.000239079292835 0.0929782871838
-0.000705323507684 0.000171539781526 0.0932264160656
-0.000710015170608 9.53049064329e-05 0.0934739238774
-0.000702386764041 1.36016822854e-05 0.0937220489253
-0.000683472091649 -6.67662820855e-05 0.093970177831
-0.000655753067875 -0.000139159549019 0.0942183028789
-0.000618681964788 -0.000203049094681 0.0944664318088
-0.000569729038237 -0.00026040699607 0.0947158029747
-0.000506562540568 -0.000312775296705 0.0949645529988
-0.000432024984626 -0.000356834724014 0.0952145529988
-0.000355212066435 -0.000384350804681 0.095464552999
-0.000283263289545 -0.000390322043844 0.0957157991172
-0.000217258940139 -0.000376616991534 0.0959670452114
-0.000156916294101 -0.000347653755249 0.0962195412814
-0.000104567048582 -0.000305776457151 0.0964720373753
-6.330725949e-05 -0.000252574085929 0.0967245373033
-3.51206305775e-05 -0.000191093137539 0.0969776583732
-2.27489412676e-05 -0.000121900632695 0.0972307794432
-2.89096040066e-05 -4.43299352216e-05 0.0974832794191
-5.17430090185e-05 3.40081971609e-05 0.0977364005368
-8.53994149822e-05 0.000100634202013 0.0979882755849
-0.000125938854456 0.000150994245549 0.0982395256329
-0.000172344599782 0.000187601534415 0.0984907717992
-0.000223516394223 0.000212856368792 0.0987407757294
-0.000277965323416 0.000228343009102 0.0989907758257
-0.000333863557364 0.000235103880796 0.0992407720641
-0.000388402201551 0.000233055965121 0.0994901471843
-0.000439072707167 0.00022241450403 0.0997395222806
-0.000486117365301 0.00020555178524 0.099988897353
-0.000530908294136 0.000185126833953 0.100238272401
-0.000572494989799 0.000161051314907 0.100487651283
-0.000610062092499 0.000132642889302 0.100737647425
-0.000645036318782 0.000101066601202 0.100987022425
-0.000678403850514 6.7354843725e-05 0.101237022401
-0.000709553157231 3.1015586858e-05 0.101486401259
-0.000738016004348 -7.9648236306e-06 0.101736401211
-0.000764237056493 -4.76051431577e-05 0.101987022305
-0.000786904259669 -8.85283906781e-05 0.102237026139
-0.000800985315847 -0.000136970204912 0.102487651091
-0.00080356911586 -0.000194083763934 0.102738893326
-0.000800091702535 -0.000248330689924 0.102989518278
-0.000796964077701 -0.000290069495824 0.103240768206
-0.000789786048079 -0.000324706925015 0.10349139704
-0.00076882491902 -0.000360927585692 0.103742646968
-0.000731891112853 -0.000397054097238 0.103993896895
-0.000681298331592 -0.000427710381391 0.104245146823
-0.000617467758284 -0.000450628644559 0.104496396775
-0.000545481227672 -0.000461183026991 0.104747642845
-0.000474857744428 -0.000452775153127 0.104998267797
-0.000407360163608 -0.000425857986618 0.105248267772
-0.000338254787529 -0.000387825548506 0.105498267724
-0.000269196715108 -0.000343388297085 0.105747642724
-0.000209015365298 -0.000290994987034 0.105997013842
-0.000164312722418 -0.000228869052729 0.106245759984
-0.000136188909361 -0.000159535108875 0.106493881151
-0.000124441729121 -8.62495662929e-05 0.106742002317
-0.000130066062292 -9.80870792638e-06 0.106989502365
-0.000152456587983 6.73215969639e-05 0.107237002413
-0.0001880002975 0.000139338235461 0.107484502462
-0.000234035985608 0.000203132001621 0.107732002486
-0.000290213523476 0.000259234873982 0.107980127534
-0.000352609956635 0.000304845874648 0.108228252582
-0.000413347570803 0.000334961314661 0.108477002606
-0.000469293423196 0.000350498746192 0.108725756512
-0.000524547695289 0.000357757589039 0.10897513156
-0.000584507889254 0.000362489055948 0.109225131583
-0.00064962322138 0.000366464595307 0.109474514371
-0.000712780832718 0.000366855598421 0.10972390104
-0.000765917014962 0.000360070517556 0.109973908852
-0.00080776223609 0.000345790166375 0.110224533924
-0.000841122769351 0.000325289535682 0.110474541736
-0.000867961850152 0.000298620218038 0.110725791783
-0.000889046640484 0.000264879622914 0.110976420714
-0.000904518026162 0.000223387245499 0.111228288022
-0.000915849054817 0.000176610904526 0.111479538022
-0.000925281684589 0.000129451089774 0.111730788022
-0.000930181537684 8.11333870905e-05 0.111982655283
-0.000925290605356 2.81769289387e-05 0.112234526377
-0.000911263875744 -2.56164591735e-05 0.112486397471
-0.000890411952019 -7.54109412588e-05 0.1127376474
-0.000860310474303 -0.000121491471415 0.112989518446
-0.000819448629926 -0.000162985225071 0.113241389492
-0.000768254985901 -0.000197476116696 0.113492635538
-0.000705561252355 -0.000224092122053 0.113743885441
-0.000634971999241 -0.000239506647774 0.113995131487
-0.000567405972209 -0.000237404431544 0.114245752557
-0.000508804816967 -0.000215298738997 0.114495752509
-0.000453379070051 -0.000177737617466 0.114745748603
-0.000395468094277 -0.000130744852205 0.114995744697
-0.000340923001069 -7.50863994663e-05 0.115245119673
-0.000299764716487 -8.22683132501e-06 0.115494490767
-0.000274184829273 6.73957412223e-05 0.115743861861
-0.000261787760196 0.000145001727779 0.115993232955
-0.000265126361247 0.000223019610419 0.116241982908
-0.000289496242716 0.000304128798177 0.116491354002
-0.000332834081229 0.000383845239581 0.116740103978
-0.000384783285664 0.000450457124591 0.11698947893
-0.000436780835626 0.000497169791849 0.117238853882
-0.000486921530947 0.00052566355959 0.117488232692
-0.000537097299188 0.000540903462124 0.117737611526
-0.000590724460805 0.00054781655296 0.117987611478
-0.000646729369401 0.000547304091295 0.118236990336
-0.000697782898728 0.000536843978306 0.118486990336
-0.000740516217929 0.000516805535236 0.118736994218
-0.000778284988141 0.00049055968488 0.118986994266
-0.000815209883027 0.000461054121284 0.119236373195
-0.000853863939991 0.000430398719678 0.119486377101
-0.000893064542607 0.000399144794801 0.119735756031
-0.000927526768839 0.000365134625652 0.119985756103
-0.000952852619563 0.000325130438774 0.120235135033
-0.000969665185733 0.000278270197466 0.120484510104
-0.00098319309236 0.000228496867862 0.12073388901
-0.000998244668136 0.000181123912045 0.120983267892
-0.00101324093182 0.000135962822892 0.121232642915
-0.00102236946589 8.85773285361e-05 0.121482021797
-0.00102240052944 3.74919596408e-05 0.121731396797
-0.00101376859405 -1.49784581868e-05 0.121980150702
-0.000996794656993 -6.63725421041e-05 0.122229525678
-0.000966457091637 -0.000117590222719 0.12247827956
-0.000915691294215 -0.000169455224625 0.122727033466
-0.000849526749561 -0.000215386249248 0.122975787372
-0.000780970980123 -0.000246904934945 0.123224541279
-0.000710714050804 -0.000263413383719 0.123473916327
-0.000631402005806 -0.000267956876964 0.123723295257
-0.000544972424962 -0.000260390954062 0.123973291448
-0.000460851311213 -0.000239149903899 0.124222670378
-0.000387233971667 -0.000204091886489 0.124473295427
-0.000328777120652 -0.000156529730856 0.124723920475
-0.000286330182775 -9.9394996518e-05 0.1249751705
-0.00025838471622 -3.72512555976e-05 0.125226420524
-0.000244699825309 2.60169328781e-05 0.12547829169
-0.000249512773223 9.06588053856e-05 0.125730162856
-0.00027738985749 0.000158116895085 0.125982659022
-0.000323124427833 0.000222302512714 0.126235155212
-0.000373751966073 0.000272350927415 0.126487647544
-0.000423172519412 0.00030493177045 0.126740139852
-0.000475103610483 0.000324521290464 0.12699200716
-0.000533593949192 0.000335003212347 0.127243253326
-0.00059842556352 0.000337266914114 0.127495120562
-0.000665716936928 0.000330743356085 0.12774698394
-0.000728587459064 0.000314665928429 0.127998226128
-0.000779232336777 0.000289028519215 0.128249464458
-0.000813202162971 0.000255263642982 0.128499464362
-0.000834121440089 0.000216337695496 0.128749460384
-0.000850857443683 0.000175644562046 0.128999456382
-0.000867903731804 0.000134993369243 0.129249452356
-0.000882621364217 9.3736112568e-05 0.129499452163
-0.000891186977876 4.9911538238e-05 0.129749448113
-0.000892985789344 2.36858715869e-06 0.12999882685
-0.000890541924048 -4.7778697081e-05 0.130248822848
-0.000885884223495 -9.8621392253e-05 0.130498197751
-0.000876650591406 -0.000150549139079 0.130747576513
-0.000857790234023 -0.000205394022784 0.130996951465
-0.000826058193773 -0.000262983016912 0.131246330298
-0.000781149341428 -0.000320602645354 0.131495088038
-0.000726380774814 -0.000373678858394 0.131743841921
-0.000670814581 -0.000416280281131 0.131992599709
-0.000622695751613 -0.000444879964436 0.132241353663
-0.00057725903695 -0.00046153114098 0.132490107594
-0.000521515493617 -0.000469205621515 0.132739482666
-0.000451886425956 -0.000466793571483 0.132987611668
-0.000376111416384 -0.000451161504413 0.133236361765
-0.000303995278905 -0.000420392569572 0.133484486885
-0.000243515158577 -0.000373929499129 0.133733236982
-0.000196213950128 -0.000313184460199 0.133981987078
-0.000155528322197 -0.000243067554631 0.134230733316
-0.000118250105704 -0.000169903229366 0.134479479555
-9.22518440153e-05 -9.62255418182e-05 0.134728850769
-8.51602469761e-05 -2.23683734724e-05 0.134977604723
-9.46498796391e-05 4.80184974681e-05 0.135227600912
-0.00011600133608 0.000110604764673 0.1354769837
-0.00014823281096 0.000163999526418 0.135726983724
-0.000191117936448 0.00020797233389 0.135976991463
-0.000244274461619 0.000242526240933 0.136227616463
-0.000304346256979 0.000266521983793 0.136478245296
-0.000362397620336 0.000277508806502 0.136728874106
-0.000413903314625 0.00027614387959 0.136980127867
-0.000464167478454 0.000266170889931 0.137230764368
-0.000514431840695 0.000249314850597 0.13748201813
-0.000556380563313 0.000225330589732 0.137732650749
-0.000587502822398 0.000195561333088 0.137983900652
-0.000615894573515 0.000162572939455 0.138234533295
-0.000646633910114 0.000128209743709 0.138485783199
-0.000676316978449 9.30901440188e-05 0.138736411984
-0.000700419633638 5.71960134454e-05 0.13898765803
-0.000718908269497 2.07066988767e-05 0.139238279148
-0.000734670512491 -1.54925953191e-05 0.139488900243
-0.000748376315399 -5.12160804918e-05 0.139740142503
-0.000755170050875 -8.88749453822e-05 0.139990763645
-0.000747100773271 -0.000132319741869 0.140241384812
-0.000722463472309 -0.000181207698188 0.140492009836
-0.000690088421666 -0.000229375876971 0.140742630979
-0.0006566450297 -0.000272205814001 0.140993248264
-0.000616127177767 -0.000310502441516 0.141243865549
-0.000559945796927 -0.000344678559405 0.141493861716
-0.000488698178169 -0.000371483161806 0.141743854048
-0.000409259701112 -0.000386892752909 0.141993846357
-0.000329011362876 -0.000388402802011 0.142243221405
-0.000254843006228 -0.00037496785662 0.142492588738
-0.000187545947934 -0.000347010117784 0.142741956046
-0.000121453056095 -0.000305837052554 0.14299070226
-5.75974869763e-05 -0.000252972952019 0.143239452308
-5.48887254256e-06 -0.000190033158062 0.143488202356
2.88415238872e-05 -0.000118940942594 0.143736952404
4.47858023567e-05 -4.22567684268e-05 0.143985698593
4.07602736705e-05 3.76646217966e-05 0.144234452499
1.42797134178e-05 0.000118914589468 0.144483823665
-3.02415997344e-05 0.000197100414636 0.144733202546
-8.14586153714e-05 0.000264953088658 0.144982585262
-0.00013391157791 0.000318483098878 0.145231967977
-0.000189202988759 0.000357981289167 0.145481971787
-0.000246347371516 0.000383795889101 0.145731975596
-0.000305855015245 0.000397225006889 0.145981983288
-0.000371160571946 0.000400145530634 0.146232615955
-0.000438024870353 0.000392589195171 0.146483240906
-0.000496615944732 0.000374777340986 0.146733869692
-0.000544268993128 0.000348940131106 0.146984494619
-0.000584246712457 0.000317682024188 0.147235744547
-0.000615804178048 0.000282825680267 0.147486369498
-0.000638156665672 0.000245784273961 0.147736994474
-0.000654538305503 0.000207487008997 0.147987615592
-0.000663844501684 0.000168145265134 0.148238240592
-0.000662399113222 0.000126873734801 0.148488861734
-0.000653661029256 8.30482058594e-05 0.148739482876
-0.000645270857489 3.80675701186e-05 0.1489901079
-0.000639127403245 -6.35689573062e-06 0.149240732925
-0.000630021485059 -5.05067591628e-05 0.149491354067
-0.000613196775345 -9.5066129071e-05 0.149741975234
-0.000590412728938 -0.000138511952833 0.1499925964
-0.00056686499413 -0.000178198088523 0.150242596425
-0.000543265072421 -0.0002131556791 0.150493217567
-0.000511979282192 -0.000244178641717 0.150743217591
-0.000464165715183 -0.00027068368013 0.150993834876
-0.00040287163733 -0.000289208819158 0.151243831018
-0.000339841414809 -0.000296412739976 0.151493202208
-0.000276789475115 -0.000291095644594 0.15174319835
-0.000206526083652 -0.000272203863188 0.151992569516
-0.000132617935409 -0.000238949420731 0.15224194454
-6.99631062784e-05 -0.000192283223439 0.152491315683
-2.67644110632e-05 -0.000133778353333 0.152740690707
1.95681024646e-06 -6.49128939288e-05 0.152990061849
2.35857870783e-05 1.12830612671e-05 0.153238819612
3.82672652132e-05 9.01634748381e-05 0.153488194612
4.17303346106e-05 0.000167317819967 0.153737573494
3.24507877391e-05 0.000239116841258 0.153986952376
1.1192360115e-05 0.000302745431156 0.154236331234
-2.45768092259e-05 0.000357310582941 0.154486335067
-7.82350965604e-05 0.000402781116008 0.154735713925
-0.000144067921879 0.000436977302103 0.154985717783
-0.000209669761995 0.00045718674681 0.155235725475
-0.000270141197201 0.000463778152075 0.155485729309
-0.000329209070548 0.000458886818386 0.155736354284
-0.000390053405648 0.000443919097226 0.155986358118
-0.000453282793767 0.000419715221877 0.156236358118
-0.000514984708825 0.000387384970284 0.156486983094
-0.00056524315064 0.000349339911073 0.156737604212
-0.000597747583462 0.000308623124262 0.156987604212
-0.00061772643114 0.000266746353618 0.157237604236
-0.000633710069429 0.00022386904404 0.157488225354
-0.000646683508975 0.000180608258599 0.157738225378
-0.00065316834853 0.000137444774079 0.157988846496
-0.000653374945217 9.4074343668e-05 0.158238842638
-0.000650459901011 5.03315326095e-05 0.158488842663
-0.000643782149434 6.23558607358e-06 0.158738842663
-0.000628666020861 -3.87599020145e-05 0.158989459947
-0.000605585647345 -8.40255450672e-05 0.159239459947
-0.000580855188826 -0.000127403362681 0.159489459947
-0.000553283318056 -0.000168015522541 0.159739456089
-0.000514707538643 -0.000205589862606 0.159989456113
-0.000464396434728 -0.00023792104173 0.160240077231
-0.000405255454156 -0.000262379344001 0.160490073373
-0.000334011510423 -0.000276508263875 0.160740073373
-0.000250801090368 -0.000277583911465 0.160990069539
-0.000168685532829 -0.000264802348814 0.161240069539
-0.000103634333377 -0.000240172281655 0.161490069539
-5.8780717732e-05 -0.000205213510805 0.161740069539
-2.28971639095e-05 -0.000158592376812 0.161990690681
1.38659926461e-05 -9.93548382393e-05 0.162240690681
4.59571098337e-05 -3.06502783503e-05 0.162490690681
5.9444979325e-05 4.27551760588e-05 0.162741315657
4.98262584572e-05 0.000117967430119 0.162991315681
2.42509840437e-05 0.000192147346622 0.163241940657
-1.1967902173e-05 0.000261150626447 0.163492565633
-6.08273873498e-05 0.000321505455238 0.163742569515
-0.000121548151745 0.000370572874775 0.163993194491
-0.000185134523188 0.000405739069616 0.164243198349
-0.000245605246392 0.000426132181363 0.164493202231
-0.000305419867717 0.000432770666241 0.164743206089
-0.000365680019271 0.000426785318007 0.164993831065
-0.000423626154169 0.00040936414343 0.165243831089
-0.000474379612181 0.00038244105393 0.165493213828
-0.000512406868464 0.000348868191808 0.165743213828
-0.000541853698028 0.000310448887516 0.165993213829
-0.000572983144322 0.000266685798313 0.166243213805
-0.00060418023317 0.000218783165389 0.166493213805
-0.00062579293093 0.00017034606332 0.166742588829
-0.000636734315413 0.000122891190245 0.166992588829
-0.000641928688135 7.58914476365e-05 0.167242588829
-0.000641570288032 2.95234821508e-05 0.167491963853
-0.000633385815762 -1.61413834317e-05 0.167741963853
-0.000619252695316 -6.17510214543e-05 0.167991959995
-0.000604404029257 -0.0001073018491 0.168241338877
-0.000592732524509 -0.000151907690507 0.168491335042
-0.000582723882369 -0.000194916470484 0.168741335042
-0.000567850361212 -0.000236225788141 0.16899071009
-0.000542192109207 -0.000275295681996 0.16924071009
-0.000502582856962 -0.000310524880646 0.169490706232
-0.000448046131673 -0.000339278197497 0.16974008128
-0.000384724743746 -0.000359079889355 0.169990081281
-0.000324310803523 -0.000369245807269 0.170240077423
-0.000266174128469 -0.00036862759114 0.170490073589
-0.000196215310759 -0.000352438745111 0.170740073589
-0.000113810591595 -0.000317918744419 0.170990069731
-3.78554606227e-05 -0.000269387059695 0.171240069731
1.70266318707e-05 -0.000212440485214 0.171490065874
5.11760981263e-05 -0.000148681191819 0.17174069085
7.12093186247e-05 -7.81449144906e-05 0.17199069085
8.18200875444e-05 -2.7846187185e-06 0.172241311968
8.26097914899e-05 7.29591223303e-05 0.172491315826
6.89853318652e-05 0.000144239208158 0.172741940802
3.82470643173e-05 0.000207807068405 0.17299194466
-6.1583585332e-06 0.000261567014444 0.173242569636
-6.00144919014e-05 0.000303724600658 0.173492573469
-0.000123403964202 0.000332945353772 0.173743198445
-0.000195575020777 0.0003483992809 0.173993202303
-0.000271705513593 0.00034984394609 0.174243827279
-0.000348338162194 0.000337633530318 0.174493831113
-0.000424879039365 0.000312267847048 0.174743831113
-0.000497987391794 0.000275152987791 0.174994452231
-0.000558902020644 0.00023014565337 0.175244452231
-0.000599740988899 0.000182676834734 0.175494452231
-0.000621884008465 0.000135912840046 0.175744448373
-0.00063308492542 8.9788383465e-05 0.175994448373
-0.000636779774707 4.44938176691e-05 0.176244444515
-0.00063362146525 5.8030854803e-07 0.176494444515
-0.000629563018302 -4.38096775391e-05 0.176744440657
-0.000628470058395 -8.92813520489e-05 0.176994440657
-0.000623000039345 -0.000133181792157 0.177244436799
-0.000605740361703 -0.000174519700677 0.177494436823
-0.000581176678766 -0.000215088651626 0.177744432965
-0.000556116642782 -0.000255472872906 0.177994432965
-0.000527475178855 -0.000294514846796 0.178244429131
-0.000488441733866 -0.000330572790208 0.178494429131
-0.000437923229714 -0.000361964042049 0.178744425297
-0.000379575543596 -0.000386985648173 0.178995046415
-0.00031856943932 -0.000404450217112 0.179245046415
-0.000259438511479 -0.000413778514553 0.179495042581
-0.000202052761151 -0.000413780664266 0.179745042582
-0.000142385144897 -0.000401706033926 0.179995659866
-7.96627427278e-05 -0.0003753114365 0.180245659866
-2.06504527413e-05 -0.000335798260011 0.18049627715
2.37328943325e-05 -0.000287763268345 0.180746898268
4.65660519134e-05 -0.000235090645394 0.18099689441
5.16371223406e-05 -0.000176544272757 0.181247515528
4.89816885943e-05 -0.00010866604022 0.181498132812
4.22256791587e-05 -3.33693864897e-05 0.18174875393
2.47041374969e-05 4.17387928059e-05 0.181999375048
-9.64953803983e-06 0.000110232255197 0.182249375048
-5.71040517241e-05 0.000169398279539 0.182499996166
-0.00011157258007 0.000217173922557 0.182749996166
-0.000173473908837 0.000251047495598 0.182999996166
-0.000241143074069 0.000269966703477 0.183250617284
-0.000305004698744 0.000275256294819 0.183499996142
-0.000359906985889 0.000268849319673 0.183749996142
-0.000409411999516 0.000251523124914 0.184
-0.000454017343615 0.000224701421715 0.18425
-0.000487174136981 0.000192425143196 0.1845