1480
-0.000378571906291 -0.000517220528943 -0.185
-0.0003341712713 -0.000528660094563 -0.18475
-0.000290639460632 -0.00054442067495 -0.1845
-0.000247613379267 -0.00056163226482 -0.18425
-0.000202121087392 -0.000574390904124 -0.183999378882
-0.000153056774464 -0.000580617842159 -0.183749375024
-0.000102826158693 -0.000582352389587 -0.183499375024
-5.53165954969e-05 -0.000583123962399 -0.183248753906
-1.15795787511e-05 -0.00058317636232 -0.182998753906
3.2286266304e-05 -0.000575902784181 -0.182748753906
7.91812045122e-05 -0.000553903701515 -0.182498750073
0.000126079811319 -0.00051706042482 -0.182248128955
0.000166661822582 -0.000471953436371 -0.181998125097
0.00019540785881 -0.00042726297151 -0.181748125121
0.000211099116175 -0.00038488650134 -0.181497496287
0.00021675430985 -0.000334579274839 -0.18124749243
0.000214093140615 -0.000266439550786 -0.180997484714
0.000201058520994 -0.000184328709278 -0.180747480856
0.000175151351751 -0.000100454516533 -0.18049685588
0.00013586977132 -2.52327475874e-05 -0.180246852022
8.31712606159e-05 3.26874338552e-05 -0.179996223188
1.70009702162e-05 6.75974359132e-05 -0.17974621933
-5.86709126857e-05 8.29381071102e-05 -0.179495594354
-0.000134793661949 8.78998556794e-05 -0.179244969378
-0.00020311863652 8.80509668135e-05 -0.178994340521
-0.000260702198447 8.29607434877e-05 -0.178743711663
-0.000310503133437 6.69172185716e-05 -0.178493082805
-0.000357519834591 3.23010383594e-05 -0.178241832829
-0.000400846323823 -2.05512654169e-05 -0.177990582853
-0.000433536560623 -8.05889444638e-05 -0.177739328995
-0.000451212387364 -0.000137231097717 -0.177488075161
-0.00045587023366 -0.000189265480919 -0.177236821304
-0.000451692467647 -0.000241441634016 -0.176985567446
-0.000441160105686 -0.000296977486582 -0.176734317422
-0.000425030197003 -0.00035488453374 -0.17648306354
-0.000402967886789 -0.000408450940121 -0.176231817398
-0.000374609525656 -0.000449004040245 -0.175980567374
-0.000341499835189 -0.000476656092286 -0.175729321255
-0.000306326050099 -0.000498778977894 -0.175478692373
-0.000270539937126 -0.00051861419935 -0.175228067373
-0.000233974685321 -0.000535203853312 -0.174977446231
-0.000196650248062 -0.000548921698702 -0.174726821255
-0.00015901932567 -0.000561011351368 -0.174475575161
-0.000119456960117 -0.000568749820382 -0.174224954067
-7.26584217336e-05 -0.000563480669426 -0.173974950233
-1.56298332857e-05 -0.000538764455479 -0.173724329115
4.54018114697e-05 -0.000500568681273 -0.173474329139
0.000100408734628 -0.000461796563778 -0.173224325305
0.000146178145494 -0.000426371688296 -0.172974325354
0.000185727199811 -0.000386568423771 -0.172724946496
0.000220276802432 -0.000335630633551 -0.17247494652
0.000247673850212 -0.000273133380379 -0.172225571497
0.000265173198317 -0.000201206904972 -0.171976192639
0.000270113608694 -0.000124872234452 -0.171727438757
0.000260296540432 -5.19867821436e-05 -0.171478063757
0.000235072869923 1.23942729699e-05 -0.171228684875
0.000195478766827 6.94266705969e-05 -0.170979309875
0.00014331965654 0.000120718570009 -0.170729930993
8.01338193169e-05 0.000162704324005 -0.170480552111
8.67621672758e-06 0.000193207574703 -0.170230552111
-6.56288586273e-05 0.00021480487686 -0.169980548253
-0.000139027556097 0.000225065481606 -0.169729923253
-0.000211338877915 0.000217239630449 -0.169479919395
-0.000279313734866 0.000192992212327 -0.169228665561
-0.000337883056223 0.0001584811817 -0.168977415585
-0.000386759568668 0.000112739452951 -0.168726161752
-0.000425841515233 5.5466815971e-05 -0.168474286776
-0.000451436293525 -4.71788911711e-06 -0.1682224118
-0.000461636021029 -5.89252149738e-05 -0.167970532967
-0.000458402456145 -0.000104476566552 -0.167719275227
-0.000444993965964 -0.000142496283333 -0.167468021345
-0.000424465964444 -0.000176171036581 -0.167216150203
-0.000399118129165 -0.000209339956123 -0.166964900203
-0.000369728789668 -0.000240831203021 -0.166713650179
-0.000336209665137 -0.000264436670692 -0.166462400179
-0.00029943377031 -0.000280506886479 -0.166211771297
-0.000261645421993 -0.000297988987348 -0.165960525178
-0.000224743804405 -0.000320176191316 -0.16570927906
-0.000188085252223 -0.000339925271988 -0.165458657941
-0.000149806592957 -0.000351561533192 -0.165207411871
-0.00011003871603 -0.00035740381848 -0.164956790777
-6.93507699648e-05 -0.000359397307391 -0.164706169683
-2.69333390012e-05 -0.000355713803572 -0.164455544731
1.57597354056e-05 -0.000348331734453 -0.164204923661
5.73465356761e-05 -0.00033839985138 -0.163954923685
0.000100665636384 -0.000316950284126 -0.163704931473
0.000146454016948 -0.000276174508773 -0.163454935379
0.000190009284181 -0.000219265655963 -0.163205564261
0.000226113293724 -0.000153199358296 -0.162956189261
0.000251182140924 -8.42610245634e-05 -0.162707435356
0.000263629995549 -1.48349528251e-05 -0.162458685332
0.000263616035277 6.11737983054e-05 -0.162209935284
0.000251009847167 0.000149686486457 -0.161961185236
0.000224889780758 0.000242872480705 -0.161713056306
0.000184984689736 0.000324066812281 -0.161464302401
0.000132315145809 0.000384358191501 -0.161215548471
6.90993803044e-05 0.000425728773801 -0.160965548447
-1.50277420565e-06 0.000451977922346 -0.160716165683
-7.55442018795e-05 0.000465251968522 -0.160465536826
-0.000148187730032 0.000468139387928 -0.160214907944
-0.00021515881679 0.000462002276619 -0.15996427137
-0.000274721751182 0.000444731771681 -0.15971300982
-0.000326843734686 0.000413269271517 -0.159461123295
-0.000370696432361 0.000367796754978 -0.159209236745
-0.000403873457918 0.000313343202406 -0.158956732912
-0.00042447617244 0.000255765001979 -0.158704229079
-0.00043275565839 0.000197339301007 -0.158451721387
-0.000429911784197 0.000138507251542 -0.158198600269
-0.000417307201223 7.94530938205e-05 -0.157946104175
-0.000396132943531 2.17002422292e-05 -0.157693615797
-0.000367583130361 -2.8956082716e-05 -0.157441127419
-0.000333617412693 -6.73918553297e-05 -0.157189260183
-0.000296534477756 -9.36266974323e-05 -0.156937396804
-0.000257983028376 -0.000110705899182 -0.156686771804
-0.000219048298192 -0.000122489918178 -0.156435533449
-0.000180124589842 -0.000130009443161 -0.156184916212
-0.000140389835766 -0.000130321740314 -0.155934299
-9.78501656235e-05 -0.000120128072753 -0.155684302905
-5.08986206369e-05 -9.87452377039e-05 -0.155434306835
-6.81825159706e-07 -7.05679708127e-05 -0.155184306882
4.9502130067e-05 -4.15126357492e-05 -0.154934935788
9.79019115223e-05 -1.18336821016e-05 -0.154684943551
0.000144435486193 2.2284631833e-05 -0.154435572433
0.000188990161386 6.53126517727e-05 -0.154186822433
0.000230471734044 0.000120724064782 -0.153937451315
0.00026552354652 0.000184422242083 -0.153689322409
0.00029050297287 0.000245590345152 -0.153440572385
0.000304399581942 0.00029872365711 -0.153191826195
0.00030784576349 0.000350747658752 -0.152943080005
0.000300277705341 0.000412145242953 -0.152694333792
0.000279972419801 0.000481822532994 -0.152445583744
0.000246103830906 0.000548669230877 -0.15219745479
0.000199222966671 0.000605774296038 -0.151948079742
0.00014085302162 0.000654022503237 -0.151699325812
7.37748367555e-05 0.000694663399544 -0.151449318049
1.48759888588e-06 0.000724368554572 -0.151199310286
-7.28012062695e-05 0.000737946192787 -0.150949298664
-0.00014600553593 0.000733633069071 -0.150698040925
-0.000214494462316 0.000713661731842 -0.150446775494
-0.000275298159521 0.000679584916458 -0.150194888921
-0.000326370453219 0.000632208585275 -0.14994238123
-0.0003646499313 0.000578361635232 -0.149689873539
-0.000387156176482 0.000529586277346 -0.149437990824
-0.000394252625808 0.000492603181424 -0.149186111966
-0.000389727418539 0.000462728986832 -0.148934854227
-0.000377356866048 0.000427638217212 -0.148683600369
-0.000357920056082 0.000381932933632 -0.14843172156
-0.000330954833035 0.000331589803364 -0.148179846632
-0.000297237228569 0.000283875435514 -0.147928596704
-0.000258561733756 0.00024310555814 -0.147676733374
-0.000217004433399 0.000212856557575 -0.147425495043
-0.000174230826336 0.000195039336037 -0.147174881712
-0.000130912892657 0.000186338555328 -0.146924889499
-8.73653119875e-05 0.000178944497284 -0.146674280026
-4.43485580882e-05 0.000170023687886 -0.146424287813
-1.36994162035e-06 0.000166785018033 -0.146173674481
4.35681972883e-05 0.000175787536405 -0.145923678386
9.03187303788e-05 0.000191925625117 -0.145674307244
0.000136050217094 0.000205181823855 -0.145424314983
0.000180129805227 0.000216276863429 -0.145174322674
0.000224935809567 0.00023792708915 -0.144924951483
0.000270511543171 0.000278202423648 -0.144675580269
0.000313078726169 0.000332670412085 -0.144426209054
0.000349161106642 0.00039672733911 -0.144176837816
0.000376250785644 0.000468729389552 -0.143927466602
0.000392138760897 0.000541894729485 -0.143678091506
0.000395778868519 0.000612555871451 -0.14342871641
0.000386272947891 0.000686082668548 -0.14317872022
0.00036283101185 0.000762900627741 -0.142928095197
0.000326369649087 0.000834018695585 -0.142677466316
0.000278845739009 0.000892361157354 -0.142426837458
0.000222322965319 0.00093511633866 -0.142175583578
0.000158967453841 0.000959380684578 -0.141924325863
9.09980574536e-05 0.000965714385611 -0.141672447054
2.17119722052e-05 0.000959589652311 -0.141420560505
-4.49218129652e-05 0.000941980038102 -0.141168677839
-0.000106371230894 0.000907822540411 -0.140917412432
-0.000160185978435 0.000857582635605 -0.140665533647
-0.000203284459494 0.000796902450639 -0.140414276004
-0.000234206025215 0.000726372312026 -0.140163647219
-0.000252167465108 0.000645967554068 -0.13991302234
-0.000256031925343 0.000562242782891 -0.139663026319
-0.000245870727716 0.000483528641699 -0.139413651439
-0.000223569324593 0.000417219714112 -0.139164901535
-0.000192373416529 0.00036852573106 -0.13891553442
-0.000155460384314 0.00033229453014 -0.138666788422
-0.000114011514184 0.000296712034673 -0.138418046306
-6.89130990328e-05 0.000260179623103 -0.138169300308
-2.20368967107e-05 0.000228542296959 -0.137920554286
2.54369263734e-05 0.000202182408964 -0.137671804357
7.28415679439e-05 0.000180807287185 -0.137423058263
0.000119724552802 0.000167430755488 -0.137173687097
0.000166865310703 0.000159797068056 -0.136924312024
0.000214667540244 0.000150730598846 -0.136674940761
0.000262589974281 0.000140700997534 -0.136424948332
0.00031094726884 0.00013786312956 -0.136174955878
0.000359392477004 0.000141927534491 -0.135924338424
0.000405633085167 0.000142408394189 -0.135673720994
0.000448590272274 0.000137067474636 -0.135423103517
0.00048889117618 0.000137731304176 -0.13517248604
0.000525531798 0.00015511555091 -0.134919376375
0.000555425665194 0.000186987739331 -0.134665012925
0.000576125304762 0.000221868700651 -0.134410020665
0.000587095944204 0.000249989756112 -0.13415564569
0.00058803299065 0.000270943793997 -0.133901270763
0.000576474001863 0.000294929543983 -0.133646884335
0.00054892957091 0.000330962566041 -0.133390626909
0.000505921536262 0.000371571225685 -0.133133119508
0.000451739223782 0.000401396609914 -0.132877471627
0.000389791476707 0.000414291312633 -0.132622444888
0.000322546686235 0.000410188471753 -0.132369918077
0.000252862307647 0.000388698656041 -0.132118645051
0.0001837017852 0.00035289095341 -0.131869250835
0.000118735029397 0.000307432890078 -0.131619872098
6.14324017389e-05 0.000250893262938 -0.131372364455
1.41121392559e-05 0.00018163880553 -0.131125481811
-2.09182954655e-05 0.000109533736788 -0.130878606835
-4.23133805593e-05 4.60555018788e-05 -0.130631106907
-5.11877532058e-05 -1.35583940188e-05 -0.130383614671
-4.86492181948e-05 -8.294515043e-05 -0.130136743528
-3.4270851832e-05 -0.000164084531624 -0.129889872361
-8.31627381262e-06 -0.000245527335606 -0.12964300117
2.71545676648e-05 -0.000317489089822 -0.129395508813
6.98076742739e-05 -0.000378689853741 -0.129148012574
0.000117341962617 -0.000429026807359 -0.128899270193
0.000167033624996 -0.000466339317475 -0.128650527788
0.000217018936679 -0.000491423816486 -0.1284017815
0.000266836409269 -0.000508458614934 -0.128152410238
0.000316538496841 -0.000521650870031 -0.12790303895
0.000365622874398 -0.00053208926585 -0.127653667663
0.000413255034358 -0.000536090699926 -0.127404296376
0.000459777329493 -0.00053053272266 -0.127154925112
0.000506324447906 -0.000517333313048 -0.126904928898
0.000553325791818 -0.000497981105737 -0.126656171086
0.000600712275031 -0.00047059046212 -0.126406796038
0.000647606398261 -0.000435389677168 -0.12615742099
0.000692385823693 -0.000395770238077 -0.125908045991
0.000733559642061 -0.000353129557484 -0.12565929211
0.000769867112564 -0.000304562549111 -0.125409917136
0.000799432846573 -0.000245209178853 -0.125161167137
0.00081961553541 -0.000172925821735 -0.124911792186
0.000828127826731 -9.27375620988e-05 -0.124663034495
0.000824604720327 -1.57992817668e-05 -0.124413034568
0.00081009113846 4.94127364866e-05 -0.124163026925
0.000784503756762 0.000104820854287 -0.123913019282
0.000746806005156 0.000155599727949 -0.123662390521
0.000697994683277 0.000198374384541 -0.123411136784
0.000640311800197 0.000227077093065 -0.123159258071
0.000575391407632 0.000243376390437 -0.122907371642
0.000506041113807 0.000250968211913 -0.122655485213
0.000436754140666 0.000247552440784 -0.122403602643
0.000371376057058 0.000227695640357 -0.122151723953
0.000312359118005 0.000187782725067 -0.121900474122
0.000261570684896 0.000127079186966 -0.121649849291
0.000221355461112 5.01727526799e-05 -0.121399849459
0.00019468485277 -3.0541524362e-05 -0.121151099604
0.000182821672565 -0.000104819030609 -0.12090235363
0.000184364326868 -0.00017561952829 -0.120654861466
0.000197715286501 -0.000249552300625 -0.120407377042
0.000221971749304 -0.000326009122607 -0.120160509854
0.000255628619082 -0.000398422514932 -0.119914259926
0.000295699357955 -0.000457278504588 -0.119667388809
0.000338637216935 -0.000498125477013 -0.119419275431
0.000382786747892 -0.000526347001531 -0.119171158147
0.000428289740202 -0.000549862374747 -0.118922415815
0.000475418295265 -0.000572974781386 -0.118673669577
0.000523609742739 -0.000595416798518 -0.118424919457
0.000571818825254 -0.000613609276208 -0.118176165431
0.000619801376849 -0.000626551594754 -0.117926794072
0.000667631122182 -0.000639136777107 -0.117677418807
0.000714640486001 -0.00065297185754 -0.117428039636
0.000760874673562 -0.00066073184067 -0.117178660537
0.000807025524921 -0.00065818283844 -0.11692865651
0.000852622169741 -0.000648699138979 -0.116678652531
0.000897180060203 -0.000629207484829 -0.116428648576
0.000939725770034 -0.000591531627298 -0.116178023551
0.000977448020531 -0.000538726598756 -0.115928019717
0.00100782236418 -0.000481731337985 -0.11567801593
0.00102978978592 -0.000425286461173 -0.115428012144
0.00104211957446 -0.000365928674071 -0.115179254501
0.00104221887421 -0.000296544190376 -0.114930500739
0.00102772301774 -0.000216601894795 -0.114682368047
0.000999100283832 -0.000135073864494 -0.114435481449
0.000957460758212 -5.64788930889e-05 -0.114187973709
0.000904296677244 1.773837917e-05 -0.113941087135
0.000843801668746 7.92859960516e-05 -0.11369357556
0.000779421065218 0.000124184915375 -0.113444192891
0.000712906659083 0.000157842195665 -0.113193556365
0.000647756076426 0.000182745179998 -0.112942287195
0.000588277826959 0.00019545696362 -0.112689143097
0.000537576270896 0.00019285692287 -0.112434124048
0.000497751703728 0.000175083864446 -0.112176612715
0.000470527588239 0.000145974371322 -0.111917851406
0.000457200964412 0.000110917977433 -0.111657847885
0.000458320482853 7.429191652e-05 -0.111398465482
0.000473556714349 3.88744973897e-05 -0.111139711889
0.000501931077594 6.2793682597e-06 -0.110882219702
0.000541615212224 -2.08490356904e-05 -0.110625371636
0.000589713284647 -3.89895210427e-05 -0.110371019543
0.000642767108852 -4.57748143921e-05 -0.110117913617
0.000697313584486 -4.02687992893e-05 -0.109867296044
0.000751284826315 -2.46677421041e-05 -0.10961854959
0.000804079542468 -2.70395928672e-06 -0.109370439757
0.000855400646385 2.30653763544e-05 -0.109122333854
0.000906027272273 4.90658002503e-05 -0.108874849093
0.000956103196736 7.329309297e-05 -0.108626735523
0.00100294864597 0.000101056608515 -0.108378622025
0.00104550648679 0.00013778785897 -0.108131121978
0.00108674323489 0.000178529819599 -0.107882996978
0.00112857878996 0.000216033323166 -0.107634250836
0.00116937246113 0.000252666099891 -0.107384879719
0.0012068466567 0.000293888881972 -0.107135500909
0.00123990624827 0.000338690044614 -0.106884879911
0.00126776441433 0.000384068204028 -0.106633633938
0.00128835432272 0.000431677969138 -0.10638176687
0.00129925931222 0.00048293683829 -0.106129282542
0.00130074144013 0.000532073760347 -0.105875556002
0.00129453202063 0.00057263518737 -0.105621821746
0.00127991955934 0.000605043584497 -0.10536807594
0.00125537865976 0.000630693322781 -0.105114322395
0.0012212850811 0.000647532608213 -0.104860565016
0.00117781683701 0.0006545392392 -0.104607428756
0.00112523074141 0.00065158077586 -0.104353663637
0.00106569765709 0.000637464057628 -0.104101144637
0.00100169155627 0.000613008035569 -0.103848625613
0.000937770433579 0.000578045796295 -0.103596739304
0.000881134049158 0.000527406250096 -0.103346102947
0.000836234507679 0.000458605903206 -0.103097962635
0.000803952838272 0.000376776243274 -0.102851072299
0.000785152468565 0.000288055309226 -0.102604814631
0.000780852137965 0.00019694669388 -0.102359810748
0.000790324766694 0.000110233215327 -0.102114189606
0.000811315344624 3.48915800065e-05 -0.101869193391
0.00084188351009 -2.75619350637e-05 -0.10162357601
0.000881725048476 -8.13316731062e-05 -0.101377329747
0.000932379953422 -0.00013313753389 -0.101132329506
0.000995221312341 -0.000186594588354 -0.100887333075
0.00106708016629 -0.000236454818697 -0.10064295769
0.00114040428805 -0.000272762870148 -0.100397961139
0.00120889794625 -0.000290425167609 -0.100151718494
0.00127141161464 -0.000292001814793 -0.0999054719672
0.00133126261694 -0.000284637324973 -0.0996585966545
0.00139226522133 -0.000275004080688 -0.0994123425078
0.00145499374414 -0.000265380278528 -0.0991654634092
0.00151753093698 -0.000254393780525 -0.0989192015949
0.00157859157296 -0.000240991832546 -0.098672935947
0.0016384253456 -0.00022654045218 -0.0984266703713
0.00169644271771 -0.000209591588602 -0.0981797837015
0.0017506061978 -0.000182567335873 -0.097933518198
0.00180020414726 -0.00014260417061 -0.0976866277427
0.0018459438938 -9.52507857106e-05 -0.0974397373113
0.00188676907477 -4.21161402108e-05 -0.097192843046
0.0019204966017 1.76205484215e-05 -0.0969453276866
0.0019465024908 7.98219654851e-05 -0.096697816161
0.00196326008922 0.000143259594759 -0.0964490623993
0.0019656607676 0.000213633509131 -0.0961996836374
0.00194912174151 0.000293246465556 -0.0959484338057
0.00191642255925 0.000371941065809 -0.0956965589739
0.00187643607388 0.000433959440273 -0.0954434380003
0.00183425524372 0.000472944711191 -0.0951903209085
0.0017874649305 0.000494178964965 -0.094936571125
0.00173287437632 0.000504521004154 -0.0946822002236
0.00167202064609 0.000506007071855 -0.0944272082281
0.00161070900856 0.000495772651357 -0.0941728411846
0.00155618983582 0.000466923492281 -0.0939190952592
0.00151362227346 0.000412591919084 -0.093667212712
0.00148414744726 0.000334127902104 -0.0934165801165
0.00146674880496 0.000242792792528 -0.0931678224728
0.00146059645813 0.000151728647083 -0.0929203186628
0.0014650669859 6.91620718854e-05 -0.0926740686868
0.0014799631965 -4.63844006727e-06 -0.0924278225686
0.00150660462957 -7.67536821405e-05 -0.0921828225445
0.00154655015249 -0.000152799035334 -0.0919390647566
0.00159831821212 -0.00022958691853 -0.0916959358265
0.00165715823318 -0.000299228115111 -0.0914528030627
0.00171870296577 -0.00035776858859 -0.0912090530147
0.0017801118662 -0.00040512229504 -0.0909640490853
0.00183695241119 -0.000438989280566 -0.0907177912743
0.00188618057044 -0.000458700634103 -0.0904690412033
0.00193210151207 -0.000471708150322 -0.0902196622263
0.00198092085369 -0.000486603077746 -0.089970904343
0.00203167672072 -0.000503096945963 -0.0897221502452
0.00207909541539 -0.000514547612823 -0.0894727788627
0.00212115064406 -0.000516856613064 -0.089222157504
0.00215986443481 -0.000511777514646 -0.088970907311
0.0021979076478 -0.000504416203489 -0.0887190359758
0.00223557870698 -0.000496927049056 -0.0884677857825
0.00226970693117 -0.000483458051895 -0.0882159183528
0.00229599035078 -0.000456130588536 -0.0879634298773
0.0023129864914 -0.000416025526761 -0.0877097030479
0.00232430458971 -0.000374718735574 -0.0874565934549
0.00233541920753 -0.000343310745203 -0.0872040973364
0.0023443437008 -0.000317770365171 -0.0869528357623
0.00233947268335 -0.000283230597327 -0.0867009531185
0.0023135537336 -0.000235903322475 -0.0864490781664
0.00227054932659 -0.00018553943256 -0.0861965782386
0.00221556059815 -0.000139786126627 -0.0859447071442
0.00215350734279 -0.00010360581742 -0.085692211074
0.00209265702786 -8.34879647538e-05 -0.0854397149797
0.00203573900762 -8.02389709098e-05 -0.0851865939093
0.00197904641182 -8.81533883143e-05 -0.0849322228633
0.00192310938218 -0.000103274766068 -0.0846766018414
0.00187342474232 -0.000124801766367 -0.0844203520098
0.0018338251879 -0.000150176432308 -0.0841634771779
0.00180608205033 -0.000175436474214 -0.0839065907247
0.00179395018839 -0.000201190102626 -0.0836497041999
0.00180151153396 -0.000230770586283 -0.0833934349114
0.00182786771256 -0.000261670013797 -0.0831365483388
0.00186872527986 -0.000287685737802 -0.0828809078841
0.00192021801325 -0.000304621683835 -0.082627142405
0.00197826102298 -0.000309737098911 -0.0823752595934
0.00204123737686 -0.000303789922019 -0.0821252517336
0.00210975375536 -0.000289482310253 -0.0818765015413
0.00217990466146 -0.000265892210508 -0.081629001277
0.0022466155431 -0.000232207070219 -0.0813833760125
0.00231180600795 -0.000192402379739 -0.0811377547258
0.00237759827988 -0.000149953557794 -0.080892762345
0.00243749516979 -0.000103474594321 -0.0806477738706
0.00248618352004 -5.20830237626e-05 -0.0804033988466
0.0025276604039 8.87744987899e-07 -0.0801577738948
0.00256478409784 5.32830961035e-05 -0.0799121489671
0.00259463218129 0.000107346745319 -0.0796665162996
0.00261675354433 0.000164585368879 -0.0794196336802
0.00263464767121 0.000222985015334 -0.0791727472265
0.00265137292814 0.000279416836406 -0.0789252357489
0.00266776358276 0.000332028615799 -0.0786771030812
0.00267936220827 0.000383998959889 -0.0784283492473
0.00267609101914 0.000442912422658 -0.0781789704613
0.00265099745236 0.000511170316186 -0.0779283455813
0.00260791824849 0.00058089432126 -0.0776777207011
0.0025583609518 0.000640256749464 -0.0774264708209
0.0025119711263 0.000682195551446 -0.0771752131772
0.00246810027439 0.000707959245451 -0.0769239516994
0.00241721502017 0.000722845940725 -0.0766733074819
0.00235362576981 0.000728556193216 -0.0764220459803
0.00228204201243 0.0007219753435 -0.0761720305966
0.00221159303773 0.000699399141001 -0.0759220190709
0.00214948772232 0.000658899185476 -0.0756732497812
0.00209702311512 0.000601542596569 -0.0754257227277
0.00205212642237 0.00053092643879 -0.0751788206501
0.00201659593162 0.000449916991332 -0.0749325435244
0.00199281241615 0.000361819769988 -0.0746862702804
0.00197997049535 0.000272575322111 -0.0744406258463
0.00198044810712 0.00018507279773 -0.0741943603182
0.00199885322847 9.85561838849e-05 -0.073948098624
0.00203490751294 1.54895359339e-05 -0.0737018407638
0.00208477465727 -5.92895263813e-05 -0.0734543406673
0.00214190415747 -0.000120044420381 -0.0732068405471
0.00219540492371 -0.000160059900228 -0.0729580981667
0.00223909502311 -0.00017875199397 -0.0727081134785
0.00227921289587 -0.000184117387654 -0.0724581210505
0.00232532784165 -0.00018366587278 -0.0722081286226
0.00237856610524 -0.000178381438279 -0.0719581361708
0.00243217067728 -0.000165606103703 -0.0717081437429
0.0024791143932 -0.000143658661127 -0.0714581513152
0.00251771382949 -0.000113433455401 -0.0712081589357
0.00255103528742 -7.73060337113e-05 -0.0709587877221
0.00258231349032 -3.73848929672e-05 -0.0707094165087
0.00261175170994 5.56376231024e-06 -0.0704606664852
0.00263818107043 5.16628496626e-05 -0.0702125376038
0.00266186905693 0.000100429464796 -0.0699637877003
0.00268268305212 0.000151614148287 -0.069716280033
0.00269864722626 0.0002063530547 -0.0694681512715
0.00270977367029 0.000263990729385 -0.069220639746
0.00271853256947 0.000321443591223 -0.0689731321025
0.00272272971463 0.000379253804161 -0.0687250033165
0.00271444560895 0.000441574745821 -0.0684774956003
0.00269083168298 0.000507245653983 -0.06822998786
0.00265838531102 0.000568778270377 -0.0679818550956
0.00262325845052 0.000620577633852 -0.0677330973791
0.00258476238733 0.000661790811423 -0.067483722354
0.00253863620097 0.00069287498013 -0.067233722353
0.00248181049777 0.000713174770669 -0.0669830934944
0.00241387864048 0.000721261102889 -0.0667318435179
0.00233643609935 0.000716144952994 -0.0664799647316
0.0022551815195 0.000697113125182 -0.0662280897795
0.00218262204448 0.000662163660813 -0.0659762148276
0.00213060130478 0.000609034150855 -0.0657249648755
0.00209911292064 0.000539969853923 -0.0654743437574
0.00207925195706 0.0004633441288 -0.0652255898754
0.00206623645011 0.000387218114983 -0.0649768437331
0.00206554993949 0.000311948592824 -0.0647293436849
0.00208535415165 0.000233568397912 -0.0644837186124
0.00212461624887 0.00015411310386 -0.0642387146819
0.00217514883102 8.04672548458e-05 -0.0639943395853
0.00223459093554 1.42516829214e-05 -0.0637499645128
0.00230707719938 -4.72244313212e-05 -0.0635062067484
0.0023915598844 -0.000102917488859 -0.0632618162923
0.00247522349573 -0.000147022297728 -0.0630167969784
0.00254128476374 -0.000175401590599 -0.0627692854527
0.00258717237982 -0.000191536079419 -0.062519278219
0.0026269729623 -0.000202819469089 -0.0622687678511
0.00267201341162 -0.000213209939385 -0.0620178152768
0.00272132203516 -0.000222996833832 -0.0617666095608
0.002768020331 -0.000231718557877 -0.0615150916898
0.00280443239513 -0.000238579787986 -0.0612630155073
0.00282614870604 -0.000242148292815 -0.0610101977569
0.00283641714171 -0.000241772715482 -0.0607566385101
0.00284126615875 -0.000238059102996 -0.0605025199235
0.00284029171372 -0.000230303313863 -0.0602478400494
0.0028306149715 -0.000217335778449 -0.0599924769529
0.0028149136557 -0.000201313663986 -0.0597368669816
0.00279611030863 -0.000185027349371 -0.0594816301487
0.00277368053185 -0.000169544562461 -0.0592268274254
0.00274858255859 -0.000156289250082 -0.0589728325823
0.00271875613098 -0.000145436710194 -0.0587194584501
0.00267744029972 -0.000136388756577 -0.0584666448531
0.00262586676818 -0.000131501601508 -0.0582145168272
0.00257262758722 -0.000133816691246 -0.0579632001343
0.00252036667467 -0.000144272598799 -0.0577126326481
0.00246525449794 -0.000163288995655 -0.0574623170717
0.00240486639872 -0.000191864680332 -0.0572119412955
0.0023442463783 -0.000230494857054 -0.05696113072
0.00229484737587 -0.0002782701416 -0.056709634202
0.00226270277703 -0.00033356823293 -0.0564573861601
0.00224287472507 -0.000394080357595 -0.0562041369851
0.00223081674096 -0.000455789971868 -0.0559500116769
0.00223052861516 -0.000514470904713 -0.0556953227259
0.00224630964996 -0.000567000613318 -0.055440442405
0.00227631066773 -0.000610367842991 -0.0551856203044
0.00231716284176 -0.000641942807952 -0.0549314818026
0.00236707504592 -0.000660288627219 -0.0546782163406
0.00242424472825 -0.000664806442174 -0.0544260762163
0.00248437406211 -0.000655208589696 -0.0541753114081
0.0025412596664 -0.000631867913387 -0.0539259848137
0.0025930867931 -0.000596552948866 -0.0536779737839
0.00264332045038 -0.000551295891868 -0.0534310295216
0.00269533164161 -0.0004973941471 -0.0531850254911
0.00274987263336 -0.000435763650889 -0.0529398355348
0.00280086464584 -0.000368319852931 -0.0526951479244
0.00283700912067 -0.000298786639063 -0.0524506520937
0.00285519355816 -0.000230116263892 -0.0522060320706
0.00286429809199 -0.000162421180213 -0.0519611597618
0.00287411445879 -9.52015209108e-05 -0.0517159105554
0.00288725656568 -2.95196639597e-05 -0.0514702223296
0.00289891240178 3.2879136699e-05 -0.0512238462346
0.00290208768423 9.17124276303e-05 -0.0509769068632
0.00289691923115 0.000147831177451 -0.0507294663247
0.00288996647151 0.00020116494927 -0.0504814644337
0.00288023497492 0.000251772560306 -0.0502329636808
0.00285733511824 0.000300614279468 -0.0499840894468
0.00281624883951 0.000346955531767 -0.0497349038533
0.00276174857518 0.000387964133039 -0.0494854080721
0.00269856854296 0.000420869618736 -0.0492356028747
0.00262986292708 0.000443488467879 -0.0489856738347
0.00256218261275 0.000454495527481 -0.0487358076758
0.00249870728404 0.000453402676913 -0.048486064581
0.00243486881416 0.000439064301027 -0.0482365699359
0.00236604539086 0.000409662852303 -0.0479875745024
0.00229349696945 0.000364531991842 -0.0477392032757
0.00222615764869 0.000305746445084 -0.0474913929843
0.00217468324027 0.000236985773267 -0.0472439553662
0.00214106322543 0.000160651515849 -0.0469967646572
0.00212178784665 7.86760201255e-05 -0.0467497602812
0.00211742127691 -5.72617447686e-06 -0.046502695339
0.00212902560444 -8.90965420183e-05 -0.0462553815638
0.00215319806742 -0.000167868442536 -0.046007690874
0.00218839742653 -0.000238631913331 -0.0457594350079
0.00223568552022 -0.000299038902482 -0.0455104901204
0.00229373943556 -0.00034725388225 -0.0452608562139
0.00236272113522 -0.000382083850266 -0.0450104704073
0.00244212736689 -0.000402495513302 -0.0447593959699
0.00252208210208 -0.00040741974778 -0.0445079461611
0.00259225864657 -0.000397572534862 -0.044256434624
0.00265297038902 -0.000375068543744 -0.0440050500063
0.00270655496815 -0.000341913029236 -0.0437539798056
0.00274754098505 -0.000300905511698 -0.0435034130648
0.00277045449524 -0.000255571907766 -0.0432535376673
0.00278189687841 -0.000207086412245 -0.0430042899583
0.0027920741443 -0.00015461843121 -0.042755605521
0.00279967387745 -9.90923096598e-05 -0.0425074859009
0.00279749301619 -4.22870217463e-05 -0.0422600549452
0.00278506107783 1.60969159753e-05 -0.0420133114894
0.00276872032778 7.73207001823e-05 -0.0417671918762
0.00275347728128 0.000141264862349 -0.041521571482
0.00273747392346 0.000206883700587 -0.0412763870277
0.00271662388624 0.000273545408346 -0.0410316381228
0.00269223089702 0.000340359473012 -0.0407870766965
0.0026668278017 0.000406075846241 -0.0405425773553
0.00263565789256 0.000469906025653 -0.0402980787638
0.00259176903012 0.000530506622314 -0.0400534559148
0.00253760661349 0.000585349533531 -0.0398083361301
0.00248208239628 0.000632414101322 -0.039562407691
0.00242610190299 0.000670209186344 -0.0393155444619
0.00236261991982 0.00069601421006 -0.0390674964671
0.00229436956288 0.000707721339885 -0.0388180758352
0.00223475640978 0.000706485222871 -0.0385674685158
0.00218607535915 0.000692355937614 -0.0383157370135
0.00213654432925 0.000661732161769 -0.0380628817144
0.00208316756685 0.000614136232637 -0.0378092139492
0.00203855285311 0.000555350518145 -0.0375552942651
0.00201475073821 0.000491533258724 -0.0373016218758
0.00201422111961 0.000425952414081 -0.0370484467716
0.00203395040881 0.000360843903098 -0.0367959568382
0.0020674451944 0.00029870575529 -0.0365443368752
0.00210546311534 0.000242350025622 -0.0362935849463
0.00214573530916 0.000194211411111 -0.0360435768302
0.00219579407738 0.000155604770587 -0.0357938754394
0.00225680381215 0.000126986304527 -0.0355441705982
0.00231984045663 0.000107900240149 -0.0352940911691
0.00238328969601 9.80680508868e-05 -0.0350433875429
0.00245338478949 9.87927360389e-05 -0.0347914972244
0.00252488495432 0.000109328298036 -0.0345382338638
0.00258094405126 0.000123509548291 -0.0342841533643
0.00261552024225 0.000135793364284 -0.0340299358598
0.00263960561826 0.000147578207251 -0.0337753371323
0.00266207350872 0.000161376594698 -0.033520062821
0.0026788296843 0.000173740129917 -0.033264683894
0.00268279556434 0.000179378961947 -0.0330100622172
0.00267618218858 0.000178931250985 -0.0327561843072
0.00266911021638 0.000177746157235 -0.0325023133411
0.00266375333973 0.000176487598231 -0.032248400346
0.00264867304557 0.00017063086871 -0.0319951856629
0.00261751423092 0.000159626237606 -0.0317425991018
0.00257937715554 0.000147537572752 -0.031490199353
0.00254387100632 0.000136666131735 -0.0312377294754
0.00250982945687 0.000125652447965 -0.0309854394376
0.00246955479303 0.0001110707576 -0.030733775979
0.002417977893 8.94949187742e-05 -0.0304831121536
0.00235905283102 6.01973731525e-05 -0.0302334409935
0.00230060902861 2.47706126675e-05 -0.0299845765205
0.00224522764131 -1.67571531378e-05 -0.029736338562
0.00219287369385 -6.56642527973e-05 -0.0294886638414
0.00214610129484 -0.000121559207237 -0.0292412383178
0.00210639782829 -0.000184632346808 -0.0289937533564
0.00207295144179 -0.00025685705338 -0.0287460866601
0.00204877621482 -0.000336052182858 -0.0284979222786
0.00204030424413 -0.000415238201272 -0.0282490677013
0.00205027424489 -0.000489726369445 -0.0279995175274
0.00207761703815 -0.000557705681303 -0.0277493319492
0.00212055392261 -0.000617265523233 -0.0274986359597
0.00217656493644 -0.000666321839382 -0.0272478053206
0.0022441512383 -0.000701825811097 -0.0269969036799
0.00232033178701 -0.000721896296997 -0.0267463071803
0.00239700867052 -0.000727810705649 -0.0264961435153
0.00247107915683 -0.000719099979016 -0.0262465411544
0.0025454262883 -0.000693397704885 -0.025997689529
0.00261468973497 -0.000653471237408 -0.0257495913468
0.00267218555659 -0.000604214870519 -0.0255019376064
0.00271980136777 -0.000546473002501 -0.0252547904362
0.00275608556571 -0.000483577133003 -0.0250078392797
0.00277685352514 -0.000421881904703 -0.0247607122329
0.00278551944556 -0.000362235923514 -0.0245134065927
0.00278791638506 -0.00030213679757 -0.0242659821637
0.00278656293035 -0.000240928051238 -0.0240185014362
0.00278100182141 -0.0001806664397 -0.0237707140316
0.00276871507137 -0.000125544332554 -0.0235225539659
0.00274930358603 -7.69233784597e-05 -0.0232738935334
0.00272587549536 -3.20590791993e-05 -0.0230249190601
0.0027025218287 1.21273039554e-05 -0.0227756938056
0.00268295263438 5.71320954267e-05 -0.0225262798767
0.00266611136046 0.000100784335104 -0.0222766143807
0.00264350339303 0.000137643495585 -0.0220265715555
0.00260728467726 0.00016385505419 -0.0217761548804
0.00255924906308 0.000180158019647 -0.0215254284081
0.00250943249401 0.000190764088568 -0.0212746409743
0.00246496088232 0.000198597392932 -0.0210238573936
0.00242224725287 0.000200698950462 -0.0207732057499
0.00237582186855 0.000191949865074 -0.0205228102668
0.00232555476065 0.000169607854495 -0.0202727886145
0.00227061156431 0.00012955976373 -0.0200234475083
0.00221176637541 6.85188095524e-05 -0.019774974434
0.00215729174292 -8.8227562045e-06 -0.0195273717062
0.00211599712206 -9.42810263046e-05 -0.0192803299137
0.00209139378552 -0.000182881781551 -0.0190337225229
0.00208398367709 -0.000271842807818 -0.0187872343429
0.00209280835238 -0.000359234782981 -0.0185407982466
0.00211585401837 -0.00044333198437 -0.0182941661679
0.00215155905337 -0.000521092811528 -0.0180472185125
0.00220056223856 -0.000587616415688 -0.0177996451097
0.00226348504241 -0.000638910321859 -0.0175511921087
0.0023342227375 -0.00067572240031 -0.0173020435327
0.00240193263707 -0.000701188337884 -0.0170522661206
0.00246387404585 -0.000714587815513 -0.0168020523826
0.00252826850663 -0.000710296721678 -0.0165511550243
0.00260121700468 -0.000683622694323 -0.0162997573019
0.00267462863964 -0.000637988708016 -0.0160480463201
0.00273208676242 -0.000584370408052 -0.0157967107144
0.00276763759229 -0.000530038885993 -0.0155460058762
0.00278976841033 -0.000472072770823 -0.0152959356707
0.00280546069147 -0.000406901746242 -0.0150465595162
0.00281230171122 -0.000338826321715 -0.0147978739432
0.0028065753121 -0.000274505656193 -0.0145499422281
0.00278826732856 -0.000216997074007 -0.0143025764921
0.0027597409676 -0.000165495809884 -0.0140557123135
0.002726382198 -0.000114598592677 -0.0138094098731
0.00269374859423 -5.89120004733e-05 -0.0135638531865
0.00266129729681 1.222863238e-07 -0.0133189797439
0.00262439213145 5.81738792536e-05 -0.0130746676268
0.00258094076011 0.000114145640419 -0.0128306702952
0.00253031993218 0.000167835131211 -0.0125870506232
0.00246946751917 0.000216789162147 -0.0123434965038
0.00239826522555 0.00025939525002 -0.0120997598656
0.0023249210666 0.000298232955292 -0.011855840318
0.00225664459393 0.000335771801285 -0.0116115472797
0.00219169591308 0.000369382144931 -0.0113666870952
0.00212757414775 0.000395518434389 -0.0111208218927
0.00206454649049 0.000412092732424 -0.0108735161232
0.00200147885333 0.000415070552826 -0.0106244005981
0.0019406912434 0.00040322542047 -0.0103731701791
0.00188936123783 0.000381758569637 -0.0101202650567
0.00185138627585 0.000354160426454 -0.00986598615901
0.00182669098556 0.000319974498823 -0.00961044072749
0.00181687281564 0.000281903188712 -0.00935387411858
0.00182428754609 0.000245027395253 -0.00909679634624
0.00184746573276 0.000210564410673 -0.00883953186761
0.00188186883945 0.000177835998095 -0.00858215127209
0.00192432915919 0.000149768243543 -0.0083252147038
0.00197443318297 0.00013212127397 -0.00806896635908
0.00203122343404 0.000128612880943 -0.00781328011417
0.00208954602984 0.000138018878611 -0.00755815752178
0.00214200205959 0.000156225397142 -0.00730347473442
0.0021841750292 0.000180295798117 -0.00704935057228
0.00221454484775 0.000208323056233 -0.00679559560406
0.00223184005705 0.000237206653389 -0.00654227193443
0.00223630964579 0.000264388981492 -0.00628937653914
0.0022307761529 0.000290435978626 -0.00603669079041
0.00221921590109 0.000318944536839 -0.00578366054379
0.00220348342677 0.000352007582299 -0.0055299168366
0.00218109965726 0.000383636939332 -0.00527614439397
0.0021496093133 0.000405160476911 -0.00502348440376
0.00211137226962 0.000417700767682 -0.00477185833721
0.00207094436962 0.000429218758875 -0.00452015759465
0.00203007403497 0.000441142990802 -0.00426817087005
0.0019868742374 0.000446497747757 -0.00401694292628
0.00193964338218 0.000441517754578 -0.00376716116317
0.00189088016146 0.000431939122436 -0.0035179871938
0.00184463909878 0.000424080266449 -0.00326841301141
0.00179963837144 0.000415538328958 -0.00301887190323
0.00174966383618 0.000398554574112 -0.00277069297094
0.00169140106822 0.000369234673277 -0.00252450545312
0.00162893412651 0.000331689555823 -0.00227952262859
0.00156818125967 0.000291985454745 -0.00203470549517
0.00150778100933 0.000245728814328 -0.00179056373922
0.00144365387167 0.000181674997467 -0.00154835235463
0.00138099044315 0.00010224349092 -0.00130728427501
0.00132818590937 1.93217253004e-05 -0.00106557219206
0.00128622160362 -6.76794941725e-05 -0.00082306818962
0.00125440729116 -0.00016422497458 -0.000580004609162
0.00123575244883 -0.0002642732226 -0.000335699018232
0.00123306013066 -0.000357314952739 -8.94850068046e-05
0.00124671842714 -0.000437550335676 0.00015872233538
0.00127547570648 -0.000504181813675 0.000408650570573
0.00131687549209 -0.000558966329922 0.000659905414985
0.00136870636101 -0.000600604589847 0.000912216002261
0.00142965481101 -0.000624922861765 0.00116535454231
0.00149617337723 -0.000632383132884 0.00141894628561
0.00156208778196 -0.000626993423063 0.00167249201836
0.00162438056627 -0.000607795867583 0.001925721948
0.00168337502877 -0.000570730740745 0.00217854005012
0.00173651941132 -0.000517330124427 0.00243074506197
0.00177818867291 -0.000455010029465 0.00268213023519
0.00180417295144 -0.000391684920393 0.002932638657
0.00181513363077 -0.000329929944954 0.00318242498675
0.00181586767068 -0.000265041028346 0.00343166293908
0.00180871480031 -0.000195394717443 0.00368047117652
0.00179112318949 -0.000131116591533 0.00392898796605
0.00176166570854 -8.35407693164e-05 0.00417742009463
0.0017241270421 -5.0216129213e-05 0.00442589989027
0.00168367794843 -1.9658585817e-05 0.00467442268953
0.00164228623959 1.28921714544e-05 0.00492298850104
0.00159948132861 4.44491802453e-05 0.0051716401959
0.00155509030491 7.30329369147e-05 0.00542040359315
0.00150980035167 9.90579844576e-05 0.0056692864112
0.00146368935582 0.000121715274356 0.00591829455167
0.00141549643407 0.000138458250649 0.00616738387949
0.0013645654257 0.000148361557988 0.00641648017748
0.00131329104101 0.000154385397932 0.00666571325877
0.00126443310363 0.00015918740744 0.00691494712364
0.00121538024297 0.000158017562974 0.00716424156189
0.00116007283836 0.000140113593716 0.00741303524297
0.00109891892015 0.000101574825916 0.00766120161652
0.00104209510295 5.3813183611e-05 0.00790893125922
0.000998545108568 1.08814190504e-05 0.00815690817479
0.000966391346269 -3.00971100503e-05 0.0084050062131
0.000939546569776 -8.46563475776e-05 0.00865235542317
0.00091709791672 -0.000162044828152 0.00889852295611
0.000903552122765 -0.000257195920339 0.00914363227124
0.000905184517294 -0.000353772227474 0.00938867947463
0.000925113078656 -0.000439280210031 0.00963441646868
0.000960379884272 -0.000517624889958 0.00988059904979
0.00100592978286 -0.000595116034785 0.0101268510679
0.00106041736 -0.000664933715303 0.0103736678816
0.00112534210893 -0.000715918314507 0.01062167485
0.00119963546757 -0.000744988670319 0.0108710625569
0.00127699014932 -0.000757161631703 0.0111214583388
0.00134818952719 -0.000760056404909 0.0113722379938
0.00140710602685 -0.000757912160415 0.0116231492169
0.00145526345586 -0.000747510473311 0.0118743146836
0.0014986960714 -0.000720788186276 0.0121259801407
0.00153985689657 -0.000673482375878 0.0123782636342
0.00157454553564 -0.000610661888844 0.0126305995973
0.00159667894236 -0.000543097352811 0.0128826149709
0.00160354461377 -0.000479922312015 0.0131338718741
0.00159721384259 -0.000423324643025 0.0133844918299
0.00158209554243 -0.000369127856078 0.0136345404127
0.00156076706203 -0.000315415802586 0.0138840824322
0.00153414776703 -0.000264213680263 0.0141331201912
0.00150385744362 -0.000214940232862 0.0143817173544
0.00147107921975 -0.000167389865012 0.0146298750887
0.00143607736232 -0.000122691239167 0.0148777234284
0.00140043136477 -7.73885235167e-05 0.0151250822107
0.0013658182479 -2.85284975877e-05 0.0153718279906
0.00132983162459 1.88723356296e-05 0.0156183886116
0.00128634094708 5.59319326162e-05 0.0158657536383
0.00123178510785 7.84891304006e-05 0.0161148524429
0.00117019740475 9.12649575719e-05 0.0163651919793
0.00110981037523 0.000103297733851 0.0166157799919
0.0010546539968 0.000117667292819 0.0168661211415
0.00100248923388 0.000127432066953 0.0171172779042
0.000951418521866 0.000124114503855 0.0173705561709
0.000904831987799 0.000108349788108 0.0176258841413
0.0008676467467 8.66497161528e-05 0.0178823879705
0.000841923777871 6.11707265331e-05 0.0181395846218
0.000828708266334 3.22633283388e-05 0.0183974251238
0.000829562946627 5.04960581068e-06 0.0186550333861
0.000845064330665 -1.59940448583e-05 0.0189117763409
0.000874450046 -3.22226017279e-05 0.019167837973
0.000916485989799 -4.52916571723e-05 0.0194234111548
0.0009694629982 -5.32245640908e-05 0.0196783685856
0.00103094215406 -5.25269082987e-05 0.0199321431698
0.0010982192788 -3.92170039917e-05 0.0201844860889
0.00116882640421 -9.65749848348e-06 0.0204353992719
0.00123952267723 3.63842307147e-05 0.0206850644177
0.00130488961048 9.3133358178e-05 0.0209344081905
0.00135906053393 0.000152734114621 0.0211839294207
0.00139993839721 0.000213867584604 0.0214337573403
0.00142747902195 0.000277376788794 0.02168395558
0.00143986998709 0.000334987321454 0.0219345870449
0.00143748817832 0.000380053216428 0.022185340826
0.00142477927458 0.00042172752304 0.0224363427094
0.00140429907118 0.000469418976292 0.0226879684568
0.00137557832876 0.00051495868259 0.0229397817476
0.00133940190221 0.000544011145927 0.0231910978207
0.00129831405536 0.00055465489616 0.0234414826577
0.00125411285327 0.000558272947804 0.0236915554262
0.00120742243719 0.000566347390657 0.0239419302789
0.0011592020363 0.000577566939397 0.0241927291028
0.00111042426679 0.000580583849181 0.0244429017598
0.00106054195343 0.000568616873695 0.0246917704018
0.0010086297397 0.000545669882552 0.0249396490553
0.000955751793036 0.00052170076385 0.0251873424707
0.000904657166335 0.000504884683705 0.0254355917459
0.000855938750606 0.000493300511943 0.025684268804
0.000806267637507 0.000475089930769 0.025932256416
0.000752871170453 0.000440298003968 0.0261786302352
0.000697027760862 0.000388025034687 0.026423391414
0.000643135958096 0.00032644395458 0.0266675248802
0.000595441899604 0.000267459005791 0.0269122061693
0.000554366175548 0.000208175918382 0.0271572539852
0.000519819760034 0.000130426544378 0.0274016849483
0.000495420148855 3.25406184482e-05 0.0276460013568
0.000484458331442 -6.32295607889e-05 0.0278918158098
0.000486942042114 -0.000141792250026 0.0281396209533
0.000502462207883 -0.00021069917763 0.0283891077594
0.000530888479802 -0.000278701030547 0.0286398464632
0.000570535500013 -0.000337870090133 0.0288919612834
0.000619145749337 -0.00037907262497 0.0291453256793
0.000673970771225 -0.000407234144969 0.0293995658179
0.000730350519632 -0.000429057621356 0.0296540586522
0.000784140363934 -0.000440371783292 0.0299084905345
0.000833880124152 -0.000433183857858 0.0301627364671
0.000878654508016 -0.000405386852244 0.0304164843433
0.000916862370001 -0.000358789223747 0.0306696685693
0.000947240729274 -0.000293773916389 0.0309220395528
0.000968144330925 -0.000211830439989 0.031173473463
0.000976151453708 -0.000123122420496 0.0314238460763
0.000968779886703 -4.18901605404e-05 0.0316731569997
0.000947911562139 3.02333265906e-05 0.0319216546686
0.000916716130316 0.00010065714917 0.0321694046667
0.00087673911302 0.000168158166409 0.0324167194987
0.000829689115039 0.000228176760482 0.0326637226264
0.000777794608133 0.00028167437603 0.0329106003899
0.000723182797609 0.000327286648238 0.0331574797061
0.000667839181205 0.000359645886508 0.0334044840392
0.000612845151343 0.000375843753714 0.0336518618458
0.000557803533021 0.00037880496851 0.0338993658361
0.000501986125976 0.000376606453492 0.0341469334959
0.000445474560391 0.0003746576037 0.0343945015464
0.000387931837906 0.000369705798502 0.0346420688374
0.000328375124259 0.000357026102309 0.0348895740191
0.000267598961784 0.000338230675435 0.0351370166889
0.000207908500409 0.000317323479079 0.0353844589537
0.000150381537212 0.000293626920137 0.0356319004253
9.43032846884e-05 0.00026040005568 0.0358791539944
3.99829387006e-05 0.000211810555472 0.0361259094803
-9.19128150207e-06 0.000151935224352 0.0363723532161
-4.96827526351e-05 8.95357643905e-05 0.0366186692273
-8.05224641051e-05 2.44882194548e-05 0.036864855973
-0.00010124353547 -5.11953892661e-05 0.0371105396395
-0.000109961992935 -0.000138438531186 0.0373555346701
-0.000105029112802 -0.000225268192448 0.0376007156336
-8.64446189753e-05 -0.000300661583541 0.0378468317296
-5.46669820518e-05 -0.000365296693333 0.038094005279
-1.02401000202e-05 -0.000422859241572 0.038342108229
4.54258071543e-05 -0.000472598232787 0.038591143261
0.000109570930441 -0.000514049415498 0.0388411168999
0.000177649202148 -0.000549277863712 0.0390917845563
0.000244535409638 -0.000577364320591 0.0393428978144
0.000307419888207 -0.000590914272064 0.0395952024254
0.000365610191871 -0.000582645902769 0.0398491964458
0.000416383206188 -0.00055599935536 0.0401044431736
0.000454709086173 -0.000523419505303 0.0403596305406
0.000478415898298 -0.000491849079953 0.0406140714469
0.000488899959375 -0.000459575311801 0.0408679522184
0.000487308010966 -0.000428121975403 0.0411211493792
0.000475040136772 -0.000400256282121 0.0413735371458
0.000454421382846 -0.000369895766995 0.0416256097096
0.000426436181982 -0.000331570972333 0.0418776124506
0.00039147806922 -0.000291118909131 0.0421291746126
0.000351188697997 -0.000256694409171 0.0423799238867
0.000307400329543 -0.000228361464888 0.0426301102511
0.000261167948014 -0.00020147416476 0.0428798587058
0.000213544077817 -0.000174142456666 0.0431292325343
0.000165778336465 -0.000147767455058 0.0433783609802
0.000118597868456 -0.000124353744584 0.0436272448344
7.18211051406e-05 -0.000105408959014 0.0438763134953
2.49977277002e-05 -8.94093367654e-05 0.0441255635195
-2.12546891799e-05 -7.03113231571e-05 0.0443746295952
-6.58774555639e-05 -4.48694150272e-05 0.0446230835077
-0.000109548426739 -2.0468765129e-05 0.0448717334678
-0.000153297004864 -7.04463900512e-06 0.0451217576135
-0.000195736632982 -3.8682988667e-06 0.0453733368405
-0.000234562666561 -6.24741329063e-06 0.0456259692679
-0.000267794404776 -1.8879790858e-05 0.0458803408619
-0.000292245264286 -4.80660225131e-05 0.0461376351757
-0.000304721955221 -8.74374881418e-05 0.0463967951103
-0.000304554032838 -0.000123510471342 0.0466557736788
-0.000291721261725 -0.000152935109379 0.0469138290305
-0.000264328724992 -0.000182736972384 0.0471721366482
-0.000221729352379 -0.000213739883138 0.0474306864991
-0.000166907237686 -0.00023781296936 0.0476880450161
-0.000103948621536 -0.000247877666827 0.0479432805412
-3.63562150471e-05 -0.000240562249529 0.048195836376
3.31139244531e-05 -0.000215242824936 0.0484458367465
0.00010207676296 -0.000173384833888 0.0486939012421
0.000167846992331 -0.000116504217058 0.0489403435246
0.000227580304807 -4.70113389453e-05 0.0491858506461
0.000278504398224 2.98530768149e-05 0.0494312304026
0.00031818124778 0.00010826088226 0.049677104691
0.00034498203107 0.000187060359589 0.0499236000928
0.000357693273617 0.000272622238974 0.050170657604
0.000354950361615 0.000369128699918 0.05041821743
0.000337543619977 0.000463029431894 0.0506668389626
0.000310412250559 0.000532858525434 0.0509164593138
0.000277569285904 0.000578230028064 0.0511667687058
0.000237808092169 0.000616750010441 0.051417330827
0.000191325182335 0.000652693494687 0.0516682668221
0.000144303582816 0.000673141535406 0.051919141125
0.000101584013064 0.000672106321093 0.0521695185651
6.09447020226e-05 0.000659550258053 0.0524195843152
1.86073255493e-05 0.000646347240169 0.052669587956
-2.49337622201e-05 0.000632423962593 0.0529195283109
-6.79398937908e-05 0.000613672042271 0.0531692190328
-0.000110528244821 0.000590296749358 0.0534186616621
-0.000152925131086 0.000563210411097 0.0536679179196
-0.000194646254581 0.000530119326077 0.0539168003152
-0.000235367903539 0.000489787597638 0.0541653069128
-0.000274684047445 0.000444798655048 0.0544135017486
-0.000311644452687 0.00039614131276 0.0546615715316
-0.000344728070619 0.000340839198439 0.0549093303146
-0.000372353369446 0.00027915407735 0.055156900411
-0.000393636984963 0.000216549941411 0.055404593947
-0.000407847756662 0.000155737898521 0.0556524738253
-0.00041354366421 9.54966196049e-05 0.0559006650485
-0.00040973192407 3.73932050317e-05 0.0561492297262
-0.000396220470818 -1.48481014179e-05 0.0563983553486
-0.000371380842959 -6.22746889926e-05 0.0566479805755
-0.00033166681626 -0.000110462354962 0.0568982300163
-0.000275993153932 -0.000160419706861 0.0571491665521
-0.00020903704665 -0.000203391326457 0.0574007276778
-0.000137400911682 -0.000229018228583 0.0576525387892
-6.4610521394e-05 -0.000236053750975 0.0579044733599
6.85088015865e-06 -0.000228358912846 0.0581562821591
7.30358277437e-05 -0.000204686623737 0.0584076530608
0.000130842752735 -0.000163528987126 0.0586584614434
0.000178630163891 -0.000111423963962 0.0589087697997
0.000214748788334 -5.28217762635e-05 0.0591585164206
0.000237739093156 1.75775796757e-05 0.0594076396135
0.000246669560951 0.000100987982538 0.0596560144146
0.000241677023097 0.000186841130451 0.0599040755991
0.000224479760968 0.000263570328914 0.0601520727549
0.000197439935497 0.000327865115984 0.0604001320417
0.000162311503649 0.000382739685797 0.0606483796384
0.00012067725857 0.000430054756663 0.060896691712
7.38028493939e-05 0.000471329941936 0.0611451303742
2.17871223012e-05 0.000510830150109 0.0613936331444
-3.35262840241e-05 0.000546976633579 0.0616421390945
-8.85035813074e-05 0.00057399510975 0.0618909591623
-0.000142566850792 0.000594646266763 0.0621399042902
-0.000195706908395 0.000612839778864 0.0623889119614
-0.000245144175386 0.000620826753792 0.0626379809923
-0.000290480785629 0.000610273215341 0.0628873640928
-0.000335292049752 0.000587818938046 0.0631367432874
-0.000381450537964 0.000566153517332 0.0633861224582
-0.000427936118147 0.00054492788593 0.0636348803912
-0.000473799453619 0.000514149155751 0.0638836343702
-0.000518216979359 0.000470572426595 0.0641317709928
-0.00055963327007 0.00041616234831 0.0643799036614
-0.000595892786059 0.000349789966352 0.0646267901636
-0.000624567274541 0.000271564777447 0.0648730516176
-0.000643767713073 0.000186078521251 0.0651186841656
-0.000652664333969 9.93534283595e-05 0.0653636955475
-0.000651545329123 1.72282597498e-05 0.0656086953555
-0.00064023924967 -5.97496212932e-05 0.0658543162335
-0.000616560951643 -0.000137517453636 0.0660986948516
-0.000579398749698 -0.000216896406384 0.0663437022795
-0.000531358139471 -0.000289532446583 0.0665893308733
-0.000475713125312 -0.000348167734181 0.0668362017275
-0.000414279754778 -0.000391524136735 0.0670849359123
-0.000348556293428 -0.000421899582728 0.0673349161672
-0.000281237794648 -0.000442260090339 0.0675867675396
-0.000216922567807 -0.000449657710903 0.0678398688883
-0.000159947688333 -0.000435134001246 0.0680960950926
-0.000112692332994 -0.000399673537366 0.0683548211766
-7.71032405979e-05 -0.000360069361063 0.0686129416696
-5.49388909471e-05 -0.000326038326483 0.0688704489044
-4.72749567062e-05 -0.000288466416833 0.0691273312354
-5.43989753726e-05 -0.000244583414691 0.0693842098283
-7.38228502181e-05 -0.000209612291222 0.0696398423753
-0.000101736212103 -0.000190679769556 0.06989298283
-0.000137529724732 -0.000176381284433 0.070144873405
-0.000181811530467 -0.000158591113546 0.0703967563604
-0.000232030589964 -0.00014212321273 0.0706480105062
-0.00028433589068 -0.000132458362295 0.0708980224161
-0.000336250551108 -0.000130166486875 0.0711480304441
-0.000385684999568 -0.000135829771735 0.071397417378
-0.000431959785431 -0.000148726061143 0.0716461793121
-0.000478228590939 -0.000161356633813 0.0718955662221
-0.000527777610576 -0.000164573516533 0.072144953108
-0.000578377026614 -0.000160725689095 0.0723943438759
-0.000625652656011 -0.000162637555329 0.0726443518799
-0.000669755250868 -0.000173993221607 0.072894363742
-0.000713644299681 -0.000181703773769 0.0731449966982
-0.000758272480298 -0.000175484740444 0.0733950046548
-0.000801609033187 -0.000164477327927 0.0736443953995
-0.000839785969126 -0.000166928888663 0.0738950321904
-0.000869291612248 -0.000189244009569 0.0741487744995
-0.000889308003972 -0.000221991704954 0.0744043878067
-0.000900077402158 -0.000255633298961 0.0746606298999
-0.000899817352695 -0.000289591573398 0.074916875851
-0.000887338890059 -0.000322192559573 0.0751743716575
-0.000864652012597 -0.000346527503303 0.0754306251556
-0.000831809319183 -0.000361455541089 0.0756862536053
-0.000784306890492 -0.0003736242055 0.0759418704089
-0.00072075272217 -0.000385072542715 0.0761974794967
-0.000648406842855 -0.000387035811869 0.0764524520348
-0.000576928659269 -0.000368889479965 0.076704928575
-0.000509830384539 -0.000329420434906 0.0769542918089
-0.000446077068447 -0.000276327522437 0.0772017839729
-0.000387392483138 -0.000214843498917 0.0774486511369
-0.000339039599362 -0.000141629017609 0.0776942683494
-0.00030458385668 -5.41362138289e-05 0.0779386356101
-0.000284059071057 4.07825489343e-05 0.078182381753
-0.000276204290567 0.000132721567273 0.0784273701559
-0.000279759692767 0.000215174240408 0.0786729874407
-0.00029416747698 0.000287949444073 0.0789198547254
-0.0003204393729 0.000356314637358 0.0791667297738
-0.000358806032385 0.000422297569132 0.0794148509402
-0.000406637024749 0.000481819248979 0.0796629760125
-0.000462129536928 0.000534027354037 0.0799117222509
-0.000523152140864 0.000578352222059 0.0801610934893
-0.000581416079927 0.000605859129144 0.0804104686337
-0.000631143563704 0.000613115912231 0.0806610898959
-0.000677852258017 0.000611681727364 0.0809110900403
-0.000725327600068 0.000608877446512 0.0811610940665
-0.000768455679212 0.000598464042765 0.0814117153287
-0.000805704309745 0.00057753035763 0.081661715449
-0.000841623030622 0.000552533439182 0.0819117155453
-0.000877619777305 0.00052607305058 0.0821617156173
-0.000911958561051 0.000494133836563 0.0824117156414
-0.000943921456099 0.000454663284552 0.0826617117834
-0.000972700741665 0.000406816728642 0.0829110867832
-0.000996878128189 0.000349878885609 0.0831604656168
-0.00101676221064 0.000290159330454 0.0834098405685
-0.00103375765358 0.000236030371651 0.083659219378
-0.00104631988827 0.000185301495263 0.0839079770934
-0.00104909305344 0.000127986154869 0.0841573520689
-0.00103746120707 6.02268380362e-05 0.0844067308784
-0.00101382869108 -7.19640584645e-06 0.0846554924517
-0.000985481399492 -5.90976909329e-05 0.0849048790011
-0.000952476048474 -9.56401679569e-05 0.0851548866686
-0.00090496328879 -0.000130724480443 0.0854048982181
-0.000837427243931 -0.00017054163759 0.0856549136255
-0.000758370973697 -0.000203822752533 0.0859055501271
-0.000681666885713 -0.00021363995376 0.0861561943683
-0.000612837993651 -0.00019416113562 0.0864068347517
-0.000548629197721 -0.000154172854494 0.0866574673953
-0.000487575725491 -0.000104346000886 0.0869074789208
-0.000434483660345 -4.50146644667e-05 0.0871568577547
-0.000394138433845 2.64089225496e-05 0.0874062288489
-0.000366823150932 0.000102106311555 0.0876549749192
-0.000351486210843 0.000172356014236 0.0879030921557
-0.000348988156474 0.000238543387519 0.0881518266045
-0.000360326467475 0.000305107378686 0.0883999399591
-0.000384114336689 0.000369824749863 0.08864742448
-0.000416694758096 0.000426383483859 0.0888961551186
-0.000454629442822 0.000471564207107 0.0891442646393
-0.000498485313123 0.000510633244018 0.0893936241117
-0.000550568238733 0.000549776844777 0.0896423701819
-0.000607620101929 0.00058506413703 0.0898911240157
-0.000662744599355 0.000608639060663 0.0901405028494
-0.000712887257513 0.000619205953068 0.0903905067071
-0.000759060513554 0.000620255690182 0.0906405105888
-0.000804033258273 0.000616781944331 0.0908911356366
-0.000850035325405 0.000613338000872 0.0911411395905
-0.000895376636375 0.000608550191705 0.0913911435685
-0.000937297655277 0.000597096485039 0.0916411513802
-0.000976630492941 0.000579112474932 0.0918917764762
-0.0010159849194 0.000560780368649 0.0921417804063
-0.0010557220529 0.000544023471004 0.0923917804543
-0.00109242611356 0.000518717606241 0.0926411631942
-0.0011215252108 0.00047337889817 0.0928905381941
-0.00114138831403 0.000410042816556 0.0931399131938
-0.00115146317592 0.000335445871819 0.0933880459335
-0.00114995922634 0.000252491284131 0.093635549839
-0.00113746103184 0.00016783754016 0.0938824287448
-0.00111600488569 8.80819113899e-05 0.0941292999345
-0.00108502628075 1.35593876034e-05 0.0943755461485
-0.0010421087202 -5.78771953433e-05 0.0946217962445
-0.000984973389946 -0.000127727357426 0.0948680463169
-0.000916240864645 -0.000192243849442 0.0951155424832
-0.000844564498996 -0.000242487331634 0.095363663626
-0.000776886949043 -0.000272920656997 0.0956136597444
-0.000714445773732 -0.00028514538546 0.095866769169
-0.000657179087471 -0.000283332536312 0.096121140167
-0.000607539741709 -0.00026950082156 0.0963773822109
-0.000568715539757 -0.000244918837573 0.0966348819464
-0.000542788423978 -0.00021235093219 0.0968930143974
-0.000532540517801 -0.000172119117869 0.0971523891084
-0.000540722156753 -0.000123359357882 0.0974123850332
-0.000565541066578 -7.34503634927e-05 0.0976723849118
-0.000601095107249 -3.45537338619e-05 0.0979298888168
-0.000643302916348 -1.09347488479e-05 0.0981849004622
-0.000691078372961 1.24735692061e-07 0.0984380255344
-0.000743297482748 1.22468351127e-06 0.0986892794649
-0.000798462265663 -5.80967556153e-06 0.0989399046813
-0.000854730148346 -1.96404880573e-05 0.0991892799938
-0.000909269876253 -3.99883328721e-05 0.0994380264484
-0.000959557236052 -6.62713155613e-05 0.0996861478313
-0.00100594062048 -9.58682324495e-05 0.0999342730478
-0.00104992459561 -0.000125934983109 0.100183023192
-0.00109058007123 -0.000156365568618 0.100431773337
-0.00112707265615 -0.000187829495634 0.100681148433
-0.00116090333873 -0.000219404042272 0.100931148505
-0.00119313753022 -0.000250336369442 0.101181769695
-0.00122315219339 -0.000281296915733 0.101432394767
-0.00125048898527 -0.000312491998103 0.101683640981
-0.00127574275925 -0.000342207813846 0.10193551603
-0.00129756949704 -0.000371205373458 0.102187391055
-0.00131047685504 -0.000405522551598 0.102440508292
-0.00131142323864 -0.000446260166422 0.102694250529
-0.00130678738294 -0.000482611908297 0.102948613836
-0.00130376885617 -0.000505801565662 0.103201742598
-0.00129753418691 -0.00052105591567 0.103454871313
-0.00127763930369 -0.000536320922507 0.103708000003
-0.0012420353292 -0.000549918762032 0.103961749787
-0.0011934917471 -0.000556934473736 0.104215499522
-0.00113262329859 -0.000555394509495 0.104468624233
-0.00106486696015 -0.000541436649423 0.104721120135
-0.00100025365398 -0.000509636828398 0.104971744942
-0.000940430811822 -0.000460779620174 0.105220498679
-0.000879919115649 -0.00040190544469 0.105468006298
-0.000819832616213 -0.000338018228469 0.105716127295
-0.000769020203998 -0.000268558230931 0.105963002199
-0.000734120434137 -0.000192472252061 0.106209248269
-0.00071594161863 -0.000112424830016 0.106455498221
-0.00071392973999 -3.16747237044e-05 0.106701127055
-0.000728977806875 4.88737638995e-05 0.106947377031
-0.000760266322145 0.000126898184895 0.107193634747
-0.00080373425015 0.000197130932893 0.107440517487
-0.000856519337086 0.000256932746849 0.107688025251
-0.000918398062855 0.000307089016108 0.107935540778
-0.000985356401609 0.000345300944797 0.108183677448
-0.00104931300526 0.000367299753444 0.108432439166
-0.00110736580636 0.000374340806703 0.108681825859
-0.00116413407882 0.000372579629714 0.108930587625
-0.00122543717971 0.000367584228467 0.109179974414
-0.00129190370094 0.000361251993747 0.109429357321
-0.00135639338739 0.000351210372238 0.109678119087
-0.00141082412333 0.000334257544674 0.10992750197
-0.00145401618881 0.000310121430447 0.110176884781
-0.00148892578451 0.000279994434456 0.110426263735
-0.00151760297556 0.000243904762167 0.110675646498
-0.00154087004216 0.000200961967661 0.110925029213
-0.00155893601528 0.000150499345579 0.111175029188
-0.00157338659946 9.49830717617e-05 0.111424411879
-0.00158653167468 3.93350214135e-05 0.111674411807
-0.00159575402983 -1.7181602884e-05 0.11192379445
-0.00159583826095 -7.80611235601e-05 0.112173798188
-0.00158742586258 -0.000139511823427 0.112424423067
-0.00157274743753 -0.000196679157692 0.112675047947
-0.00154933961956 -0.000249914138705 0.112925672851
-0.0015156079776 -0.000298413740268 0.113177539992
-0.00147180536937 -0.00033976277915 0.113429407156
-0.00141663103468 -0.000373128693363 0.113681895415
-0.00135339472067 -0.000395055553467 0.113934387555
-0.00129254795563 -0.000398732633307 0.114186871956
-0.00123966852201 -0.000381275170332 0.114438739121
-0.00118901188187 -0.000347366211024 0.114689977427
-0.00113510789655 -0.000303204505013 0.114941215758
-0.00108370527059 -0.000249062169978 0.115191829088
-0.00104449376719 -0.00018155196756 0.11544181356
-0.00101968890757 -0.000102686918757 0.115689930821
-0.00100732339193 -1.91340327409e-05 0.115937419224
-0.00101001433776 6.79476549861e-05 0.116183661508
-0.00103279587467 0.000161740807877 0.116428040415
-0.00107398371234 0.000257576430293 0.116671798203
-0.00112431731084 0.000342809954751 0.116915555968
-0.00117594746565 0.00040979351939 0.117160559826
-0.00122692601651 0.000459856956927 0.117406192518
-0.00127876299778 0.000497910885811 0.117653075162
-0.0013344668611 0.000528975702465 0.117900586663
-0.00139291938871 0.00055367364323 0.118148727045
-0.001447096231 0.000568634799531 0.118398117428
-0.0014936296678 0.000573698055681 0.118647507858
-0.00153554824887 0.000572316284798 0.118898148289
-0.00157668161365 0.000567612657551 0.119149413767
-0.00161937403655 0.000561758346051 0.119400058152
-0.00166239522333 0.000554999691094 0.119651323703
-0.00170072941208 0.000544461170124 0.11990258542
-0.00173034541033 0.000526253173193 0.120153843303
-0.00175197739354 0.000499339791053 0.120406339565
-0.00177042524665 0.000467933400035 0.120658218543
-0.00178993934639 0.000437581680058 0.120910093638
-0.00180897744633 0.000407727408674 0.121161347568
-0.00182223985415 0.000373161733042 0.121412597592
-0.00182666877742 0.000331869590049 0.121663847616
-0.00182245792475 0.000285966631056 0.12191385538
-0.00180968849385 0.00023770936656 0.122163855428
-0.00178345797288 0.000185492163483 0.122413234358
-0.00173680250682 0.000127596149654 0.122661363337
-0.00167410728591 7.09188786925e-05 0.122908871221
-0.00160754933332 2.51244385941e-05 0.123156375248
-0.00153781447106 -8.91320785053e-06 0.123403883133
-0.00145786772777 -3.44834825549e-05 0.12365201216
-0.00136966775979 -5.09457181525e-05 0.123900773902
-0.00128260529081 -5.58154543237e-05 0.124150160621
-0.00120494645465 -4.82680240104e-05 0.12440142615
-0.00114153113745 -2.92280413162e-05 0.124655183842
-0.00109344668213 -1.43713599469e-06 0.124910191534
-0.00105941431849 3.06593153064e-05 0.125166449178
-0.00103933259339 6.33228637014e-05 0.125423335678
-0.00103743294239 9.69456786846e-05 0.125681468249
-0.00105829572341 0.00013303177364 0.12594083927
-0.00109671422536 0.000165656635273 0.126200827574
-0.00113957894284 0.000184411287533 0.126458940927
-0.00118062428496 0.000186380918528 0.126714558187
-0.00122352795776 0.000176150509871 0.126968925447
-0.0012723782941 0.000157656198068 0.127222031085
-0.00132695814309 0.000131997798359 0.127475128935
-0.00138334268826 9.90104956735e-05 0.127727594022
-0.00143462668999 5.85541961295e-05 0.127978812967
-0.00147303296798 1.13800769465e-05 0.128228789603
-0.00149423498089 -4.04809597742e-05 0.128477520097
-0.00150207676447 -9.40489956268e-05 0.128725633331
-0.00150569083113 -0.000146455085392 0.128973750399
-0.00150971935979 -0.000196306145638 0.129222492491
-0.00151154059722 -0.000244191730333 0.129471859606
-0.00150723760713 -0.000291899016968 0.129721230652
-0.0014961148929 -0.000340665889288 0.129970601746
-0.00148080952638 -0.000389752162933 0.130219976745
-0.00146352453449 -0.000437590752583 0.130469351817
-0.00144188852419 -0.000484523774961 0.130719348055
-0.00141071232315 -0.000532077017961 0.130968727082
-0.00136678955158 -0.000579935706993 0.13121810999
-0.00131005122147 -0.000625512779768 0.131466867923
-0.0012442431087 -0.000664729052906 0.13171562969
-0.00117890722977 -0.000692737709944 0.131964387599
-0.00112257155991 -0.000706978977603 0.132212524318
-0.00107024402489 -0.000709168263068 0.132461278296
-0.0010086838711 -0.000701127275024 0.132708790014
-0.000934374904944 -0.000681507093568 0.132955055638
-0.000855263996557 -0.000648032558901 0.133200692404
-0.000781189164943 -0.000599767166311 0.133445708028
-0.000720073961528 -0.000536925503959 0.133690719746
-0.000673243468183 -0.000461060527023 0.133935106487
-0.000633661031975 -0.000376463033527 0.134179489347
-0.000597514643257 -0.000289132305091 0.134423872182
-0.000572383549269 -0.000202261612709 0.134668872254
-0.000565814834167 -0.000116810086296 0.134914505017
-0.000575177608226 -3.61775982865e-05 0.135160762732
-0.000595419861945 3.57566055219e-05 0.135408274257
-0.000625475655968 9.7710263419e-05 0.1356564069
-0.00066513582184 0.000149483902341 0.135905789447
-0.000714054382276 0.000191114609857 0.136156418111
-0.000768849095017 0.000221727001239 0.136407050634
-0.000820461064941 0.000239577441846 0.13665893699
-0.000864489848831 0.000245657315022 0.136911448322
-0.000906574701651 0.000243249252664 0.137163967394
-0.000948134626853 0.000233953795228 0.137417103749
-0.000980911546918 0.000218161000607 0.137669619035
-0.00100256793085 0.000197377956176 0.137922751629
-0.00102139502272 0.000173495118534 0.138175880414
-0.00104263515381 0.000147931075362 0.138428388104
-0.00106298200558 0.000121551253138 0.138681513103
-0.00107795078936 9.46718921605e-05 0.138934630362
-0.00108755919051 6.74528776255e-05 0.139187118789
-0.00109476516396 4.05263963425e-05 0.139439603405
-0.00110026994244 1.39970603155e-05 0.139691463094
-0.00109905295594 -1.41906174504e-05 0.139943947735
-0.0010829145012 -4.72963938648e-05 0.14019581514
-0.00105017636019 -8.48808170548e-05 0.140447682497
-0.0010101054836 -0.000121508185743 0.14069892483
-0.000969689320674 -0.000153114551733 0.140950159424
-0.000922831370986 -0.000180082464003 0.14120076516
-0.000860913547174 -0.000202215102352 0.141451370896
-0.000784729476999 -0.000216360189979 0.141700730561
-0.000701392749368 -0.000219055179502 0.141950094061
-0.000618392773805 -0.000208365352168 0.142198207608
-0.000542614261754 -0.000183754900847 0.142446321155
-0.000474758174056 -0.000145683311242 0.142693801986
-0.000409015435852 -9.50064211675e-05 0.142941290532
-0.000346243092904 -3.32902470015e-05 0.143188157961
-0.000295756115117 3.71935551819e-05 0.143435654199
-0.00026338685552 0.000114143004109 0.143682529343
-0.0002495232753 0.000195026003876 0.143930021747
-0.00025555292052 0.000277445214768 0.144178146842
-0.000283811773456 0.000359385234288 0.144426896914
-0.000329592661159 0.000436860175768 0.144676283535
-0.000381091225034 0.000503512085268 0.144925677847
-0.000432624499282 0.000555804985896 0.145176314372
-0.000485861289524 0.000593953831112 0.145426333613
-0.000539891424861 0.000618394408259 0.145677598924
-0.000595363337463 0.000630392649788 0.145928868116
-0.00065588004348 0.000631610542811 0.146180762308
-0.00071727631624 0.000622361431127 0.146432648761
-0.000769806720015 0.000603523777202 0.146684531332
-0.000811003442826 0.000577462611953 0.146936410021
-0.000844326260389 0.000546529436806 0.14718828871
-0.000869174194255 0.000512568273293 0.147439542471
-0.000884891685529 0.000477012124693 0.147691409634
-0.000894757516632 0.000440547045593 0.147942651845
-0.000897693135195 0.000403420587866 0.148193890223
-0.000889981919288 0.000364947139452 0.148444507507
-0.000875025128265 0.000324253914899 0.148695753625
-0.000860521569939 0.00028223445694 0.148946378649
-0.000848480641489 0.00024045967569 0.149197624791
-0.00083366985935 0.000198941894015 0.149448246006
-0.00081130493457 0.00015725386516 0.149698863362
-0.000783215293048 0.000116777880013 0.149949484601
-0.000754723257649 7.98188325514e-05 0.150199480815
-0.00072657971558 4.72857999456e-05 0.150450098196
-0.000691097054065 1.88187826003e-05 0.150700090601
-0.000639467598478 -4.51281966323e-06 0.150949450314
-0.000574892783916 -1.9460589318e-05 0.15119880617
-0.000509245497032 -2.33820465761e-05 0.151448165859
-0.000444261883012 -1.51765389993e-05 0.151697517832
-0.000372776674851 6.62132944081e-06 0.151946252497
-0.000298342441098 4.26021692086e-05 0.152195604422
-0.000235727296335 9.09950121189e-05 0.152444339063
-0.000192988296341 0.000149807805258 0.152693698704
-0.000165037510014 0.00021789846515 0.152943058345
-0.000144306571363 0.000292709835579 0.153193046795
-0.000130376277837 0.00036967135075 0.153443042985
-0.000127260873664 0.000444205438344 0.153693043033
-0.00013628598141 0.000512669216475 0.153943050772
-0.000156553167194 0.00057235201514 0.154193687346
-0.000190569682078 0.00062228147771 0.154444948895
-0.000241741859359 0.000662298269504 0.154696214302
-0.000304293954688 0.000690572355469 0.154947483543
-0.000365753526318 0.000705076451022 0.155198756642
-0.000421309404204 0.000706456806491 0.155450029717
-0.000474849622523 0.00069665328383 0.155701923909
-0.000529674279926 0.000676909037376 0.155953189244
-0.000586487741188 0.000648031507875 0.156204450722
-0.000641493102196 0.0006113087121 0.156455708365
-0.000684949487666 0.000569611335282 0.156706958268
-0.00071075140434 0.000526247834657 0.15695758703
-0.000724201241628 0.000482437880054 0.157207587005
-0.000733851403281 0.000437902725269 0.157458208075
-0.000740718431695 0.000393181375616 0.157708204217
-0.000741365624513 0.000348887383332 0.157958200335
-0.000735986161986 0.00030467651171 0.158208192619
-0.000727737134652 0.000260209250142 0.158458188785
-0.000715956644566 0.00021550211524 0.158708184975
-0.000695965956631 0.000170186288882 0.158958177307
-0.000668250082003 0.000124839826596 0.159207548522
-0.00063919658089 8.13170863113e-05 0.159457536972
-0.000607623844139 4.05131853075e-05 0.159706904353
-0.000565374828677 3.00993607901e-06 0.159956279425
-0.000511783335899 -2.89885824538e-05 0.160205650688
-0.000449824486865 -5.2996031338e-05 0.160455643045
-0.000376286340121 -6.64435206279e-05 0.160705014283
-0.000291365413099 -6.66265591938e-05 0.16095438164
-0.000208085237527 -5.32716382355e-05 0.161204370115
-0.000142261730285 -2.90102769837e-05 0.161453741353
-9.69207380049e-05 4.54844661104e-06 0.161704358662
-6.08643422182e-05 4.92215652605e-05 0.161954972136
-2.42548722337e-05 0.000106381740152 0.162205593303
7.51339840617e-06 0.000172706381419 0.162456835611
2.07238501614e-05 0.000242950649595 0.162708085611
1.09936715713e-05 0.000314115130195 0.162959335611
-1.44336013493e-05 0.000383693658896 0.163211210586
-5.01173515402e-05 0.000447804441095 0.16346308942
-9.79588413609e-05 0.000502959392581 0.163714347135
-0.000157126286701 0.00054659825402 0.163966225969
-0.000218588919831 0.000576467802929 0.164217487518
-0.000276391839104 0.000591932780123 0.164468745234
-0.000333082252997 0.00059393571152 0.164720002949
-0.000389848010301 0.00058357194923 0.164970635665
-0.00044401962447 0.00056211159945 0.165221264523
-0.000490831568036 0.000531637515743 0.165471272238
-0.000524886964686 0.000495158406563 0.165721897214
-0.000550414206624 0.000454309237305 0.165971897214
-0.000577678334947 0.000408236177939 0.166221276072
-0.000605125526291 0.000358167914615 0.166471276072
-0.000623240078474 0.000307970027299 0.166721276048
-0.000630991010371 0.000259153209469 0.166970651048
-0.000633300029022 0.000211006363331 0.16722064719
-0.000630359001642 0.000163668275183 0.167470022214
-0.000619887175425 0.000117241156754 0.167719397238
-0.000603756334288 7.0991508681e-05 0.167969393403
-0.000587172909363 2.47467676459e-05 0.168218768451
-0.000574042043201 -2.07397396399e-05 0.168468143499
-0.000562856570226 -6.48019914709e-05 0.168718143523
-0.000547084780507 -0.000107194323486 0.168967518595
-0.000520809037483 -0.000147257699893 0.169216893667
-0.000480882091807 -0.000183347601934 0.169466889857
-0.000426361136445 -0.000212839177948 0.169716886048
-0.000363403323796 -0.000233428563355 0.169966261144
-0.000303667604137 -0.000244713041834 0.170216257334
-0.000246501742672 -0.00024553162086 0.170466878501
-0.000177867910678 -0.000230785731454 0.170716878549
-9.71424452517e-05 -0.00019770078534 0.170968124691
-2.30545167494e-05 -0.000150987707094 0.171218753573
2.99543310965e-05 -9.65081893733e-05 0.171469999692
6.23012420292e-05 -3.58029388555e-05 0.171721249692
8.06324801572e-05 3.12877782848e-05 0.171973124644
8.97043086375e-05 0.000102964826644 0.172224374644
8.92189202344e-05 0.000174839731099 0.172475628501
7.46783813903e-05 0.000242034662925 0.172727503453
4.3433816929e-05 0.0003013055406 0.172978757311
-1.0533829453e-06 0.000350677070089 0.173230015002
-5.45679836657e-05 0.000388476264378 0.173480647742
-0.000117210885921 0.000413400823097 0.1737319016
-0.000188265116587 0.000424660962073 0.173982530458
-0.000262962995685 0.000422119870571 0.174233163197
-0.000337913382746 0.000406199720647 0.174483788197
-0.000412591420862 0.000377403293393 0.174734413197
-0.000483739398978 0.000337177785335 0.174984413221
-0.000542719908426 0.000289506265267 0.175234413245
-0.000581786955293 0.000239913828943 0.175484413269
-0.000602398555285 0.000191500656183 0.175734409411
-0.000612317680259 0.000144032374736 0.175984409435
-0.000614997285274 9.76120078278e-05 0.176234405601
-0.000611087954221 5.2747182146e-05 0.176484401743
-0.000606527005914 7.46279260081e-06 0.176733780649
-0.000605154698306 -3.89275991313e-05 0.176983776815
-0.000599672593293 -8.3697365787e-05 0.177233772957
-0.000582673212341 -0.000125788868455 0.177483772981
-0.000558607231991 -0.000167083947136 0.177733769123
-0.000534260081788 -0.000208276243058 0.177983769147
-0.000506542508757 -0.000248195848755 0.178233769171
-0.000468641254575 -0.000285156298311 0.178483769219
-0.000419453524141 -0.000317491114332 0.178733769243
-0.000362614968969 -0.000343561274316 0.178984390385
-0.000303264269175 -0.000362246186851 0.179235007693
-0.000245893166844 -0.000373016339794 0.179485628859
-0.000190338067349 -0.000374681203039 0.179736246144
-0.00013254732481 -0.000364452801805 0.179986871168
-7.17190384562e-05 -0.000340074359925 0.180238113452
-1.45535688016e-05 -0.000302777112712 0.180488738452
2.81075601062e-05 -0.000257198685821 0.180739988452
4.94026323894e-05 -0.000207222486915 0.180991238428
5.31302644736e-05 -0.000151535074559 0.181242488428
4.9315707706e-05 -8.65698418432e-05 0.181493738403
4.16020524322e-05 -1.41683485991e-05 0.181744988379
2.33638416172e-05 5.80869787063e-05 0.181996238355
-1.14469214966e-05 0.000123800569442 0.182247484473
-5.91144830692e-05 0.000180331404725 0.182498734449
-0.000113583798722 0.000225689623627 0.182749359473
-0.000175308825164 0.000257397627711 0.182999988331
-0.000242673407008 0.000274437623353 0.183249992212
-0.000306161047819 0.00027817807605 0.183499992236
-0.000360677158637 0.000270566557446 0.183749996118
-0.000409831737534 0.000252361237583 0.183999996118
-0.000454165894706 0.000224971368185 0.18425
-0.000487174136981 0.000192425143196 0.1845