1480
-0.000378571906291 -0.000517220528943 -0.185
-0.0003341712713 -0.000528660094563 -0.18475
-0.000290485928392 -0.000544395750162 -0.1845
-0.000247178376271 -0.000561543825355 -0.18425
-0.000201314714937 -0.000574182852452 -0.184
-0.000151832190967 -0.00058021657323 -0.18375
-0.000101172840103 -0.000581680378891 -0.183499378882
-5.32523032337e-05 -0.000582111644816 -0.183249378906
-9.15686000444e-06 -0.000581758948972 -0.182999378906
3.49446386885e-05 -0.000573995571297 -0.18274937893
8.18644633092e-05 -0.000551404516247 -0.182499378931
0.000128526292249 -0.000513901140431 -0.182249378931
0.000168613484155 -0.000468138675909 -0.181998757837
0.000196645317367 -0.000422885014501 -0.181748753979
0.00021140298999 -0.000380090418269 -0.181498750121
0.000215794050573 -0.000329523576056 -0.181248742429
0.000211415877973 -0.000261310739877 -0.180998738571
0.000196244742077 -0.00017939577649 -0.180748730832
0.000167929514422 -9.60880508468e-05 -0.180498101998
0.000126124231287 -2.18794711558e-05 -0.18024809814
7.09397117675e-05 3.45184837204e-05 -0.179998090448
2.45450798745e-06 6.73496751849e-05 -0.179748086566
-7.53426565371e-05 8.00777601983e-05 -0.179498078851
-0.00015345859351 8.20042939074e-05 -0.179248074993
-0.000223659028291 7.88189003396e-05 -0.178998071135
-0.000282937615286 7.01476045415e-05 -0.178748067253
-0.000334120945829 5.02547775649e-05 -0.178498067229
-0.000382044304958 1.14660230328e-05 -0.178247442253
-0.000425757453888 -4.58370206437e-05 -0.177997442229
-0.000458449285208 -0.000110445571812 -0.177747438347
-0.000475887168265 -0.000171646617142 -0.177497438323
-0.000480081055073 -0.000228197042814 -0.177246813323
-0.000475128444175 -0.00028486223361 -0.176996813299
-0.000463458575043 -0.000344849429145 -0.176746809417
-0.000445853432661 -0.000407126422764 -0.176496188275
-0.000422118422662 -0.000464918809761 -0.176246188227
-0.000392086786267 -0.000509491813576 -0.175995567108
-0.000357338451489 -0.000540946355927 -0.175745563226
-0.000320442776855 -0.000566678578584 -0.175495563226
-0.00028281484082 -0.000589934639944 -0.175244942084
-0.000244342427879 -0.00060972942024 -0.17499493825
-0.000205070062869 -0.000626419009716 -0.17474493825
-0.000165457846743 -0.000641241934234 -0.174494317132
-0.000123982045867 -0.000651426792534 -0.174244317156
-7.56016845465e-05 -0.000648165553452 -0.173994313298
-1.75456229721e-05 -0.000624931700039 -0.173744313322
4.40596561795e-05 -0.000587870380723 -0.173494313322
9.94894052356e-05 -0.00055018006551 -0.173244313346
0.000145603219168 -0.000515909367654 -0.172994309488
0.000185158208015 -0.000477283155296 -0.172744309488
0.000219137014391 -0.000427545797515 -0.172494309512
0.00024533884788 -0.000366380317217 -0.172244309513
0.000261054183604 -0.000296054188169 -0.171994305655
0.000263762696347 -0.000221731776249 -0.171744305679
0.000251516675092 -0.000151405724679 -0.171494926797
0.000223847093634 -9.02136377086e-05 -0.171244926797
0.000181782033356 -3.70233977022e-05 -0.170995547915
0.00012710735421 9.78279622107e-06 -0.170745547915
6.15303748888e-05 4.66511923066e-05 -0.170495544057
-1.20630461661e-05 7.14661149103e-05 -0.170246165175
-8.82784483915e-05 8.69705016587e-05 -0.169996161293
-0.00016321108597 9.08573895576e-05 -0.169746161293
-0.00023636800369 7.63844898306e-05 -0.169496157435
-0.000304492706579 4.53491438492e-05 -0.169246153553
-0.000362684363997 4.12262123858e-06 -0.168995528578
-0.000410567036551 -4.82092082493e-05 -0.168745528553
-0.00044798199662 -0.000111893221263 -0.168494903578
-0.00047153628763 -0.000178112999914 -0.168244278578
-0.000479651577993 -0.000237844493401 -0.16799364972
-0.0004743937153 -0.000288427245593 -0.167743645838
-0.000458985321787 -0.00033106345871 -0.167493020862
-0.00043636843941 -0.000369020495271 -0.167242395862
-0.000408700262942 -0.000406192268998 -0.166991770862
-0.000376828527956 -0.000441404739541 -0.166741145862
-0.000340961810866 -0.000468417797972 -0.166491142004
-0.000301991684871 -0.000487592528034 -0.166240517004
-0.000261794260264 -0.000507950773762 -0.165989895886
-0.000222143483633 -0.00053284850898 -0.165739892028
-0.000182755469587 -0.000555096818572 -0.16548927091
-0.000142069869622 -0.000568920037827 -0.165238645934
-0.000100144191562 -0.000576627338851 -0.164988645934
-5.74888161359e-05 -0.000580180522195 -0.16473802484
-1.34211556239e-05 -0.000577706956533 -0.164488020982
3.06677945569e-05 -0.000571254458416 -0.164238020982
7.34227963395e-05 -0.000562041666726 -0.163987399888
0.000117179648 -0.000540972914579 -0.163737399888
0.000162216038526 -0.000500222293588 -0.163488024888
0.000203952395745 -0.000443255686003 -0.163238024888
0.000237509068642 -0.00037736384073 -0.16298864603
0.000259622867347 -0.000309074088937 -0.162739271006
0.000268827883414 -0.000240913222196 -0.162489892124
0.000264937317785 -0.000166847274148 -0.1622405171
0.000247482695381 -8.10355108608e-05 -0.161991145934
0.000215991516897 8.57514610095e-06 -0.161742392028
0.000171166898773 8.52545865075e-05 -0.161493013122
0.000114585071283 0.000140102266552 -0.161243638098
4.8403894873e-05 0.000175180368066 -0.160994259216
-2.43817723546e-05 0.000194434380356 -0.160744259192
-9.98943368165e-05 0.00020021936458 -0.160494259192
-0.000173392810865 0.000195400869792 -0.16024425531
-0.000240627703487 0.000181601744651 -0.159993630334
-0.000299684478578 0.000156839127196 -0.159743001476
-0.000350294043145 0.000118089933505 -0.159491747666
-0.000391590552476 6.5625334578e-05 -0.159241114951
-0.000421434732821 4.66349368584e-06 -0.158989239999
-0.000438265898876 -5.87729749271e-05 -0.158737990023
-0.000442462687426 -0.00012236449119 -0.158486736189
-0.000435245218537 -0.000185681527278 -0.158234861238
-0.000417986407901 -0.000248560451643 -0.157983611262
-0.000391987305045 -0.000309495207064 -0.157732365144
-0.000358836076688 -0.000362716977286 -0.15748111905
-0.000320853384685 -0.000403184920564 -0.157229872932
-0.000280372191421 -0.000431029556305 -0.156979251813
-0.00023887941278 -0.000449371054427 -0.156728626837
-0.00019723788224 -0.000462115941567 -0.156478005719
-0.000155808937738 -0.000470302210138 -0.156228005743
-0.000114010179383 -0.00047092901843 -0.155977388506
-7.01190121992e-05 -0.000460563520604 -0.155728009648
-2.26241854029e-05 -0.000438413479338 -0.155478009672
2.75957667827e-05 -0.000408949249291 -0.155228630814
7.76279043978e-05 -0.000378320967279 -0.154979255814
0.000125704741928 -0.000346926246259 -0.154729880814
0.000171430032712 -0.000310985707234 -0.154480509648
0.000214326631748 -0.000266072942425 -0.154231134648
0.000253005255806 -0.000208836928774 -0.153982380766
0.000284382992417 -0.00014365063047 -0.15373362686
0.000305605177721 -8.1622535414e-05 -0.153484872954
0.000316069597095 -2.8367132458e-05 -0.153236122906
0.000315882963416 2.30259079367e-05 -0.152986755598
0.000303679289614 8.29224436448e-05 -0.15273800555
0.000277822881131 0.000150047423732 -0.152489880454
0.000238365825283 0.000213204148044 -0.152241130406
0.000186431704109 0.000265494066988 -0.151991759216
0.00012351502257 0.000307873196974 -0.151743009144
5.234291408e-05 0.00034176924156 -0.15149363412
-2.32697132323e-05 0.000364121635381 -0.151243634096
-9.96401064907e-05 0.000369997059119 -0.150993630214
-0.000173481230513 0.000357877786105 -0.150743005214
-0.000241287433405 0.000330316078262 -0.150492372498
-0.00030015932796 0.000289117545952 -0.150241118641
-0.000348068164984 0.000235317688463 -0.149989239831
-0.000382478617899 0.000176021510995 -0.149737361022
-0.000401354361174 0.000123053278143 -0.14948610333
-0.000405614868578 8.31387017951e-05 -0.149234849497
-0.000398651398856 5.13402408141e-05 -0.148984216781
-0.000383189027058 1.50944405146e-05 -0.148732962947
-0.000359545640701 -3.10022967174e-05 -0.14848170528
-0.000327783154099 -8.09008502732e-05 -0.148230447612
-0.000289323983266 -0.000127375078587 -0.147979197684
-0.000246361475703 -0.00016622958491 -0.147727947756
-0.000201318580197 -0.000194043979432 -0.147477326661
-0.000156065660059 -0.000209032592506 -0.147226709425
-0.000111017453362 -0.000214539555034 -0.146976713307
-6.58198392982e-05 -0.000218359389991 -0.14672672107
-2.10074654419e-05 -0.000223374091252 -0.146476728809
2.32171555826e-05 -0.000222347311234 -0.146226732691
6.82009322309e-05 -0.000208558801612 -0.145976736572
0.000114232119486 -0.000187104667443 -0.145727361572
0.000159393504864 -0.000168230950779 -0.145477990406
0.00020295717148 -0.000151285950532 -0.145228615382
0.000246053232246 -0.000123392852233 -0.144979244191
0.000287910891087 -7.65292720046e-05 -0.144730494143
0.000325152097569 -1.54927980947e-05 -0.144481747905
0.000354718680367 5.47598495903e-05 -0.144233001691
0.000374237219781 0.000132297505763 -0.143984876595
0.000382146067858 0.000210098051883 -0.143736126522
0.000377758210925 0.000284348537678 -0.143487997568
0.000359657199391 0.000360245099342 -0.143239247496
0.000327020727269 0.00043807010813 -0.142989872449
0.000281676566239 0.000508907540604 -0.142741118519
0.000226318183088 0.000565860154244 -0.142491122353
0.000163341042092 0.000606285449923 -0.142241118471
9.52609994989e-05 0.000627485508706 -0.14199111459
2.42988439291e-05 0.000630239645055 -0.141739864638
-4.67559990201e-05 0.000620315274474 -0.141488614662
-0.000113986041722 0.000599116389699 -0.141237360829
-0.000174266209593 0.000561910939716 -0.140986103138
-0.000225135430077 0.000509464578402 -0.14073422821
-0.000264074348125 0.000447789239302 -0.140482970543
-0.000289650585475 0.000377711631232 -0.140231095639
-0.000301047738046 0.000299370569597 -0.139979845712
-0.000297838758839 0.000219513637038 -0.139728595784
-0.000281014271226 0.000146503834535 -0.13947797088
-0.000253284565746 8.75700431797e-05 -0.13922734981
-0.000218488440453 4.7599209141e-05 -0.138977349859
-0.0001792512859 2.11740027076e-05 -0.138727353813
-0.000135463653205 -3.52642647783e-06 -0.138477982718
-8.78588022415e-05 -2.81381715694e-05 -0.13822860779
-3.89869859194e-05 -4.70082679324e-05 -0.13797861172
9.89507579066e-06 -5.98405614175e-05 -0.137729240602
5.81187298723e-05 -6.69453138438e-05 -0.137479865625
0.000104862570513 -6.53163323194e-05 -0.137230490625
0.000151116070598 -5.70502190904e-05 -0.136980494483
0.000198042111062 -4.91877817033e-05 -0.136731115576
0.000245010793119 -4.12634399565e-05 -0.136481119386
0.000291386236362 -2.50976048309e-05 -0.136231123195
0.000336827958513 -1.08541169803e-06 -0.13598112698
0.000380228116406 1.99350672588e-05 -0.135730505789
0.000420747725753 3.54732880424e-05 -0.135480505693
0.000457652704213 5.72727115205e-05 -0.135230505596
0.000488708348172 9.57964472112e-05 -0.134979259406
0.000511086947852 0.000148341262651 -0.134727388239
0.000523652893212 0.000203026686649 -0.134474888264
0.000526988592182 0.000249879563161 -0.134223009382
0.000520850972232 0.000288310848981 -0.133971130525
0.000501650587123 0.000328091359446 -0.133719244
0.000464916013225 0.000377688924503 -0.133466111405
0.000412056398847 0.000429532694284 -0.133212974929
0.000349144232779 0.000468600835166 -0.132960459594
0.000280334042124 0.000488990440716 -0.132707944284
0.000208161927239 0.000490786999394 -0.132456675044
0.000135590573647 0.000473822487016 -0.132206038519
6.52946578952e-05 0.000441412966307 -0.131956651946
4.68271029904e-07 0.000398565196624 -0.131707273089
-5.52022825788e-05 0.000344209469346 -0.131458523113
-9.91542883525e-05 0.000276972849089 -0.131210398114
-0.000130170984312 0.000206937461612 -0.130962276972
-0.000148223345366 0.000145694997801 -0.130714159688
-0.000153847435566 8.84116933356e-05 -0.130466046285
-0.000146490223147 2.14374076844e-05 -0.130218553977
-0.000125443044139 -5.70826776583e-05 -0.129971686669
-9.23701552399e-05 -0.000135701218164 -0.129724819336
-5.05898747236e-05 -0.000204824221408 -0.129477330862
-2.65258136579e-06 -0.000263342426918 -0.129229834695
4.90648231928e-05 -0.000311328319177 -0.128981717363
0.000101475639454 -0.000346895977194 -0.128733596172
0.000152742712749 -0.000370995722751 -0.128484850006
0.000202919173474 -0.000387733980537 -0.128235474958
0.000252597207083 -0.000401179326272 -0.127986099909
0.00030138236263 -0.000412399505721 -0.127736724837
0.000347814327528 -0.000417802523333 -0.127487349764
0.000391654209021 -0.000414171205422 -0.127237349691
0.000434239491383 -0.000403143250872 -0.126987345736
0.000476151656131 -0.000386047486357 -0.126736720688
0.000516905077154 -0.000360978987626 -0.126486095615
0.000555574009571 -0.000328264815272 -0.126234849424
0.000591087209645 -0.000291492687948 -0.125984224376
0.000622155096214 -0.000252293435566 -0.125732978234
0.000646920038213 -0.000208050411088 -0.125481735925
0.000662536002032 -0.00015437450431 -0.125230493641
0.000665880539758 -8.97318693881e-05 -0.124978626405
0.000655654715104 -1.95707779762e-05 -0.124726134217
0.000633785392628 4.50514831911e-05 -0.124474263172
0.000603138522751 9.60178632324e-05 -0.124222388245
0.000563316979698 0.00013514702302 -0.123971134459
0.000512266804275 0.000167226010643 -0.123719880698
0.000451792060482 0.000189168530283 -0.123468626913
0.00038559711647 0.000195594147628 -0.123217369246
0.000315008337487 0.000188543491587 -0.122966732721
0.000242016415421 0.00017233901278 -0.122716096196
0.000171646162166 0.000145932138903 -0.122466084647
0.000109085842182 0.000105142398896 -0.12221607698
5.77496397384e-05 4.7252647121e-05 -0.121966694312
1.9769885087e-05 -2.77751307587e-05 -0.121717315502
-3.64990844805e-06 -0.000114691470335 -0.121468557835
-1.28197123361e-05 -0.00020055247205 -0.121220421285
-9.23013954634e-06 -0.000275028432615 -0.120971671357
6.55045654047e-06 -0.000341313707691 -0.120723542547
3.47834513539e-05 -0.000406182577027 -0.120474796453
7.44522818767e-05 -0.00046926956778 -0.120226050383
0.000122289276358 -0.000524671202922 -0.119977921525
0.000172732957328 -0.000564100632739 -0.119728550431
0.000221057863256 -0.000584339355344 -0.119479183171
0.000267128093744 -0.00059111153891 -0.119229812004
0.000313289658923 -0.000592075637348 -0.11898043698
0.000361020754222 -0.000591389067041 -0.118730444648
0.000409697993408 -0.000589072972045 -0.118481069552
0.000457272273066 -0.000582130671833 -0.118231694456
0.000503207167358 -0.000569818532563 -0.117981698217
0.000549000518463 -0.00055693329654 -0.117732323073
0.000594492590831 -0.000545377569112 -0.117482326787
0.000637569744774 -0.000528300477383 -0.117232947809
0.0006776331763 -0.000501645247856 -0.116983572712
0.00071524815602 -0.000468941607196 -0.116734197616
0.00074904578972 -0.000427594231745 -0.116484822544
0.00077564971329 -0.000370295588105 -0.116236068638
0.000793337415482 -0.000301013049843 -0.11598793585
0.000803055582576 -0.000231141721812 -0.115739806969
0.000805241089399 -0.000165721973674 -0.115491053111
0.000797734051012 -0.000102012545164 -0.115242924253
0.000775998937505 -3.41982275567e-05 -0.114994795395
0.000737690592557 3.73486804538e-05 -0.114747287631
0.000686010328554 0.000104033589538 -0.114499158749
0.000623415739672 0.000161700743481 -0.114251025985
0.000551774928498 0.00020934737302 -0.114001647151
0.000477438167745 0.000240362726561 -0.113752268317
0.000404717646163 0.000252124343261 -0.113501639506
0.000333667302989 0.000250567089467 -0.11325038572
0.00026685720525 0.000239287629717 -0.112997885816
0.000209233448288 0.000216310769497 -0.11274537822
0.000164469030913 0.000179579229505 -0.112491628364
0.000134402416285 0.000129900200185 -0.112237249627
0.000119596072004 7.15864911992e-05 -0.111982249771
0.000119873446525 1.03723747899e-05 -0.111727249915
0.000134640332985 -4.9174562557e-05 -0.111472875035
0.000162879157323 -0.000104251904699 -0.111218500131
0.000203240482353 -0.000153338595399 -0.110964757847
0.000253339108393 -0.00019406976831 -0.110711644325
0.000309587431517 -0.000223425832793 -0.110459776872
0.0003681249577 -0.000239612037207 -0.110209155538
0.00042540071052 -0.000242214496216 -0.109959159203
0.000479850891225 -0.000233601291189 -0.109709787845
0.000531598936184 -0.00021736138329 -0.109461041534
0.000580794673883 -0.000195873764929 -0.10921229913
0.00062880078995 -0.000172330244605 -0.108963552867
0.000676053500693 -0.000148486641687 -0.108714810511
0.000718911505651 -0.000119369239019 -0.108466685487
0.000755393770606 -7.96430934351e-05 -0.108218560512
0.000789238605599 -3.36770354794e-05 -0.107969810584
0.000823515328813 1.15674027021e-05 -0.107721681751
0.000856251700969 5.79890360836e-05 -0.1074729318
0.000884372151084 0.00011045934136 -0.107224181873
0.000906985961953 0.000167646396803 -0.106974806994
0.000923792860095 0.000226296215422 -0.106725432114
0.000932525517134 0.000287574452204 -0.106476057235
0.000930638884727 0.000352383768878 -0.106226061213
0.000919210998152 0.000414873514097 -0.105976065216
0.0009008735223 0.000468693425879 -0.1057254481
0.000874863972208 0.000513986186526 -0.10547482322
0.000839481069035 0.000551757292429 -0.105223573364
0.000795385064058 0.000579847982068 -0.104972323508
0.000742892209729 0.000597087357357 -0.104721073652
0.000682302810745 0.000603201473625 -0.104469816057
0.000615964679099 0.000597101822069 -0.104217937319
0.000546277164757 0.000579748777129 -0.103966679723
0.000477848283568 0.00055137143146 -0.103715422104
0.000418552186996 0.000507577571556 -0.1034641722
0.000373206748169 0.000446334160741 -0.103214160698
0.000342107766638 0.000372761896846 -0.102964156888
0.000325389202186 0.000292999522734 -0.102715399196
0.000323531771652 0.00021159770428 -0.102466649196
0.000334983997852 0.000135163761076 -0.102217899196
0.00035660047029 7.0296714128e-05 -0.101969774171
0.00038625261243 1.82110594855e-05 -0.101721652981
0.000424215173106 -2.53411889081e-05 -0.101473527909
0.000472958600383 -6.68335615374e-05 -0.101226027812
0.000534348622908 -0.000109616291745 -0.100978527692
0.000604453927197 -0.00014884942037 -0.100731652523
0.00067425116834 -0.000175689305499 -0.100484152355
0.000736650111826 -0.000185970161214 -0.100236652163
0.00079081104919 -0.000182348126542 -0.0999879020185
0.000841055359234 -0.000171317814116 -0.0997391518503
0.00089213950159 -0.000158802096696 -0.0994903978241
0.000944974933373 -0.000146876952471 -0.0992422648918
0.000997396449868 -0.000134432886832 -0.0989935069836
0.00104791513416 -0.000120575004206 -0.0987447452413
0.00109696215163 -0.000106532729918 -0.0984959834992
0.00114367560379 -9.09107366815e-05 -0.0982472256388
0.00118463798878 -6.65602926436e-05 -0.0979978428264
0.00121855472939 -3.07506013158e-05 -0.0977478350382
0.0012470639762 1.12388205386e-05 -0.0974972061558
0.00126938459143 5.76739587854e-05 -0.0972465734397
0.00128317705373 0.000108976874327 -0.0969953196296
0.00128858041564 0.00016099852181 -0.0967440658198
0.00128432587072 0.000212256999081 -0.096492190916
0.00126423702481 0.000267293851454 -0.0962396949182
0.00122331669841 0.000327386697574 -0.0959859528267
0.00116642200888 0.000383176290901 -0.0957322069014
0.00110567941893 0.000421221582552 -0.095478464858
0.0010475745271 0.00043652811959 -0.0952259689088
0.000988721386746 0.000433824237727 -0.0949740940775
0.000924562597156 0.000419186547416 -0.0947222153646
0.000856215250971 0.000395069109755 -0.0944703482255
0.000790047971678 0.000360165767822 -0.09421972718
0.000734799987452 0.00030963344774 -0.0939697311103
0.000697175404455 0.000238206007989 -0.0937209811586
0.000678025472209 0.000147666646852 -0.0934734773248
0.000673687716482 4.88944460276e-05 -0.0932272234427
0.000680172105316 -4.53965202715e-05 -0.0929809734424
0.000694845887245 -0.000127244312295 -0.0927347273239
0.000717403210928 -0.000196323948948 -0.0924878600636
0.000750810702803 -0.000259147712931 -0.0922409889214
0.000797974000802 -0.000320867382192 -0.0919947388731
0.000856698567705 -0.000378863802154 -0.091747863873
0.000920497171863 -0.000426727149093 -0.091500985015
0.000984213909566 -0.000461773354366 -0.091253484991
0.00104510970907 -0.000484717205586 -0.0910047349913
0.00109838119171 -0.000494483705198 -0.0907553561098
0.00114094940985 -0.000491252960741 -0.0905047349681
0.00117880912438 -0.000481455389613 -0.0902541060627
0.00122002035617 -0.000472246445663 -0.090003480991
0.00126361910882 -0.000463736093232 -0.0897528559192
0.00130298655689 -0.000450780004751 -0.0895022308232
0.00133525750857 -0.000429988034748 -0.0892509807512
0.00136284984813 -0.000402815141675 -0.088999734537
0.00138951236509 -0.000373876058648 -0.0887484844649
0.00141602011899 -0.000345409755488 -0.0884972344165
0.00143805704233 -0.000312527612822 -0.0882459882261
0.00144979490094 -0.000268568268122 -0.0879941209659
0.00145012664731 -0.000215057704086 -0.0877428748236
0.00144498833236 -0.000162818277653 -0.0874910075634
0.0014419185588 -0.000121862343943 -0.0872403787054
0.00143814155684 -8.88017296203e-05 -0.0869897460135
0.00141942714965 -5.13724866621e-05 -0.0867384960616
0.0013780232146 -7.29456539258e-06 -0.0864878672276
0.00131962872369 3.44427608588e-05 -0.0862372345359
0.00125059075304 6.70659730396e-05 -0.0859866095597
0.00117653300914 8.63992133313e-05 -0.0857359807016
0.00110651381362 8.73657108046e-05 -0.0854847268676
0.00104317340612 6.97347045451e-05 -0.0852340941517
0.000981846573582 3.88409198663e-05 -0.0849822191756
0.000922387268808 -1.08423617852e-06 -0.0847303403178
0.000870047163049 -4.83232537598e-05 -0.0844778403657
0.000828252038365 -9.96756523669e-05 -0.0842253403897
0.000798286829299 -0.000150803933482 -0.0839728404136
0.000783939371823 -0.000201777882922 -0.0837197192477
0.000789581267402 -0.000255442141077 -0.0834672191759
0.000814071048368 -0.000309268824449 -0.0832140979862
0.000852671720528 -0.000357245569257 -0.0829616017723
0.000901277079128 -0.000395271353766 -0.0827097305583
0.000955732911568 -0.000420681456541 -0.0824578632022
0.00101455085889 -0.000434136290306 -0.0822072419879
0.00107857391162 -0.00043809808848 -0.0819572495834
0.00114391327856 -0.000431639579136 -0.0817072571551
0.00120551622287 -0.000413987237893 -0.0814585147266
0.00126552365032 -0.000388825644989 -0.081209772394
0.00132620383394 -0.000359332936669 -0.0809616550855
0.00138102590903 -0.000324152617386 -0.080713537825
0.00142464129233 -0.000282372425995 -0.080466041731
0.00146114249373 -0.000236975992691 -0.0802185418032
0.00149345175944 -0.00018981392923 -0.0799716591834
0.00151856644055 -0.000138573891444 -0.0797241593278
0.00153600329982 -8.17235945002e-05 -0.0794772767562
0.00154931623555 -2.12631318572e-05 -0.0792303941847
0.00156161947521 3.96222646268e-05 -0.0789835115892
0.00157379170332 9.89480748012e-05 -0.0787366289458
0.00158126291247 0.00015960843995 -0.0784897462303
0.00157372486187 0.000228753564991 -0.0782434846328
0.00154412684291 0.000308430711691 -0.077997223059
0.00149646081678 0.000390671251425 -0.0777509614609
0.00144255594463 0.000463748780739 -0.0775040748389
0.00139231294151 0.000520668147142 -0.0772565670748
0.00134508764281 0.000562444289211 -0.0770084304527
0.00129124609869 0.000593845721236 -0.0767596727124
0.00122508296675 0.000616132554681 -0.0765102938299
0.00115150122851 0.000626173205595 -0.0762609110655
0.00107990460924 0.000620477992757 -0.0760102822311
0.00101769653925 0.000597303050445 -0.0757596534209
0.000966244497184 0.000557683349018 -0.0755083957528
0.000923390110003 0.00050500001336 -0.0752565169668
0.000890844162867 0.000442140531491 -0.0750046342991
0.000870836091906 0.000372493684491 -0.0747521304894
0.000862209272341 0.000301886265589 -0.0745002478218
0.000867113264665 0.000233322969595 -0.0742483651301
0.000890188603883 0.000166361328457 -0.0739964901783
0.000930905400734 0.000103417183089 -0.0737452401783
0.000984990178213 4.89562094619e-05 -0.0734933729184
0.00104530496749 8.04557989086e-06 -0.0732421306341
0.00110027158978 -1.37423217927e-05 -0.072991509468
0.00114353785765 -1.65937552714e-05 -0.0727415171117
0.00118200666278 -8.07569754e-06 -0.0724909036135
0.00122586974035 5.10308406249e-06 -0.0722409112573
0.00127631667443 2.19011476933e-05 -0.0719909189012
0.0013263177731 4.40544414738e-05 -0.0717403092849
0.0013686611131 7.23320973442e-05 -0.0714903169288
0.00140172143911 0.000105641159288 -0.0712403245966
0.00142877861499 0.000142057962773 -0.0709903283826
0.00145323671722 0.000180003484311 -0.0707403321927
0.00147536992091 0.000218887251017 -0.0704897148607
0.00149396829774 0.000258824675583 -0.0702397186707
0.00150933050001 0.000299506620824 -0.0699890974806
0.00152133509662 0.000340807104678 -0.0697390974325
0.00152784326381 0.00038372675774 -0.0694884724086
0.00152894575598 0.000427740341084 -0.0692378512425
0.00152746618002 0.00047024173509 -0.0689866051243
0.00152114926187 0.000511604352021 -0.0687359801242
0.00150157569068 0.000554970960122 -0.0684853551481
0.00146606800035 0.000598877240305 -0.0682341013622
0.00142211638481 0.000636913417125 -0.0679828514342
0.00137661964421 0.000664560397637 -0.0677322187665
0.00132905770118 0.000681012088822 -0.0674815899807
0.00127517585514 0.000686250043406 -0.067231582313
0.00121207727028 0.000679321927977 -0.0669815708114
0.00113960328571 0.000658897783191 -0.0667321842858
0.0010595269139 0.00062443714087 -0.0664834188784
0.000977623425751 0.000576315735727 -0.0662359034227
0.000906591818514 0.000514754083931 -0.0659883918491
0.000858509305746 0.000439635193966 -0.065742130227
0.000832989115089 0.000353384096491 -0.0654971146991
0.000819888259488 0.000263021664311 -0.0652521068869
0.000813166204171 0.000175915248007 -0.0650071029564
0.000818170388737 9.34547751451e-05 -0.0647621029077
0.000843553591572 1.3157792821e-05 -0.064517102859
0.000887974624264 -6.29971756254e-05 -0.0642721028102
0.000942279373904 -0.000129324264753 -0.0640258605017
0.00100392118027 -0.0001844692684 -0.0637796143352
0.00107744624749 -0.00023054775764 -0.0635327393588
0.00116174378331 -0.000266915330737 -0.0632852355246
0.00124346504028 -0.000289816109904 -0.0630364816907
0.00130556884251 -0.000297487835532 -0.062786477905
0.00134609700491 -0.000293822530296 -0.0625352260724
0.00138006997393 -0.00028467091013 -0.06228341208
0.00141928126224 -0.000272936662998 -0.0620315309245
0.00146285536631 -0.000259275815846 -0.0617794610923
0.0015039787568 -0.000244158685668 -0.0615272662433
0.00153495908714 -0.000227704033005 -0.0612749482969
0.00155130825268 -0.000209001326149 -0.0610223845701
0.00155623021498 -0.000187237356798 -0.0607695747081
0.00155581220444 -0.000162705114322 -0.0605165781487
0.00154964238069 -0.000134901693089 -0.0602633941132
0.00153479390735 -0.000103014338368 -0.060009961252
0.0015141131793 -6.92293817399e-05 -0.059756467832
0.00149067089409 -3.63919842516e-05 -0.0595031611668
0.00146398551727 -5.79571739504e-06 -0.0592501651039
0.00143504628697 2.09739251026e-05 -0.0589976042263
0.00140174976551 4.34791256074e-05 -0.0587454788959
0.00135729862789 6.19759516898e-05 -0.0584936656653
0.00130290070225 7.39847854305e-05 -0.0582423516536
0.00124712408229 7.6396722532e-05 -0.0579916618607
0.00119250223482 6.8077618273e-05 -0.057741472825
0.00113513140242 4.84963426636e-05 -0.057491722044
0.00107245012764 1.67494987821e-05 -0.0572422849011
0.00100939091946 -2.75499702471e-05 -0.0569929746751
0.000957301744625 -8.3599081301e-05 -0.0567437913685
0.000922171816427 -0.000149876274 -0.05649461076
0.000899061312083 -0.000223808317755 -0.0562452430372
0.000883577528939 -0.000301055273612 -0.0559955620525
0.000879906129422 -0.00037745156232 -0.0557456908697
0.000892545210112 -0.000449994462371 -0.0554955056463
0.000919856811284 -0.000515439363686 -0.0552451931008
0.000958727267714 -0.000570781929019 -0.0549948157383
0.00100750935569 -0.000614276582571 -0.0547444356728
0.00106452563215 -0.00064499856429 -0.0544941157902
0.00112556599647 -0.000662133046442 -0.0542439810784
0.00118445866376 -0.000665338957269 -0.0539940948139
0.00123930278073 -0.000655991341427 -0.0537443948992
0.00129343288355 -0.000636185350071 -0.0534950071083
0.00135010678218 -0.000607283170622 -0.0532458720371
0.0014100074895 -0.000570054020085 -0.0529970514091
0.00146693284657 -0.000525657480709 -0.0527484198436
0.00150929259593 -0.000476597151801 -0.0525000386758
0.00153372921926 -0.000425338812649 -0.0522517227254
0.00154907658995 -0.000372589960548 -0.0520035340994
0.00156513269086 -0.00031852306966 -0.0517554095334
0.00158439406813 -0.00026422198762 -0.0515073474769
0.00160191808066 -0.000210786536112 -0.0512592854252
0.0016106911952 -0.000157697441808 -0.0510111612617
0.00161091843845 -0.000104051104965 -0.0507630995885
0.00160907934522 -5.05677976734e-05 -0.0505150386773
0.00160419330466 2.75275623376e-06 -0.0502669788992
0.00158596441275 5.75971002354e-05 -0.05001898274
0.00154931859685 0.000113468757195 -0.0497711123186
0.00149880430781 0.000166945204281 -0.0495231203523
0.00143892560862 0.000214676218807 -0.0492748826129
0.00137271855986 0.000254032790374 -0.04902639795
0.00130668489 0.000283020519037 -0.0487775394493
0.00124402352539 0.000300760306024 -0.0485282430797
0.00118019751648 0.000306233842667 -0.0482784474961
0.00111057846486 0.000297722143871 -0.0480280901986
0.00103650082082 0.000274296845654 -0.0477772336847
0.000967135662257 0.000237408168851 -0.0475258139232
0.000913406918636 0.000190142485311 -0.0472738297571
0.000877490879318 0.000134783442699 -0.0470214667478
0.000856020581513 7.33690616575e-05 -0.0467687870023
0.00084970961253 9.06420841084e-06 -0.0465157912872
0.000859713905456 -5.47215737918e-05 -0.0462627284474
0.000882712209722 -0.000114369760043 -0.0460096605971
0.000917157248194 -0.00016648877181 -0.0457567138819
0.00096406728056 -0.000208803005015 -0.0455040140613
0.00102203805286 -0.000239528953628 -0.0452516255713
0.00109113134558 -0.000257554045162 -0.0449995491906
0.00117072498835 -0.00026194194334 -0.0447477857004
0.00125081791714 -0.000251808244023 -0.0444965233603
0.00132098973301 -0.0002281639506 -0.0442459496607
0.00138148499187 -0.000193340341805 -0.0439959407663
0.00143461607158 -0.000149513028791 -0.0437463724581
0.00147493063979 -9.98073793373e-05 -0.0434973068527
0.00149701778363 -4.80952563287e-05 -0.0432486185666
0.00150750960224 4.41523340712e-06 -0.0430001201025
0.00151657395741 5.86584279525e-05 -0.0427518099148
0.00152294245372 0.000113484987637 -0.0425035012801
0.00151945705781 0.000166776428033 -0.0422553180311
0.00150560969166 0.000218878447743 -0.0420072593915
0.00148769157695 0.000271448029419 -0.0417592628613
0.00147069078796 0.000324738993386 -0.04151126555
0.00145278083517 0.000377831795588 -0.0412632057291
0.00142990594066 0.000430131062689 -0.0410151451294
0.00140340009981 0.000480974819976 -0.040767021632
0.0013758579346 0.000529385087069 -0.0405187723581
0.0013425476489 0.000574578367345 -0.0402703973077
0.00129658007768 0.000615132691939 -0.0400220222476
0.00124050115508 0.00064878183714 -0.0397735862257
0.0011832853788 0.000674006245552 -0.0395249032947
0.00112589417749 0.000689538271171 -0.0392759094164
0.00106137653975 0.000692592933462 -0.0390267917027
0.000992504073317 0.000681380437179 -0.0387775493819
0.00093263278935 0.000657698788711 -0.0385281203447
0.000884014260507 0.000621883754785 -0.0382785663147
0.000834954625723 0.000570152171288 -0.0380291368964
0.000782402541616 0.000502185607731 -0.0377799574758
0.000738753811056 0.000424359767144 -0.0375309651647
0.000715859960549 0.000343315446001 -0.0372821607369
0.000716087019439 0.000262479062821 -0.0370334211288
0.000736369029992 0.000184103109807 -0.0367848049775
0.000770210955542 0.000110681498773 -0.0365363103565
0.000808382887633 4.50691218433e-05 -0.0362878118824
0.000848684575888 -1.0145532935e-05 -0.0360392462862
0.000898723283685 -5.351681372e-05 -0.0357903651182
0.000959788200558 -8.44823160637e-05 -0.0355409195405
0.00102304279354 -0.000103338297954 -0.0352909114774
0.00108696028523 -0.000110462003929 -0.0350402163145
0.00115792998018 -0.000104964456746 -0.034788646171
0.00123078592541 -8.76247243457e-05 -0.0345360772018
0.00128849633409 -6.39892951968e-05 -0.0342830672558
0.0013247657146 -3.9344251098e-05 -0.0340299866867
0.00135065375184 -1.30554961901e-05 -0.0337766526263
0.00137521645115 1.66129243643e-05 -0.0335229493359
0.00139412580089 4.63322803592e-05 -0.0332691322141
0.00139983897521 7.12587016737e-05 -0.0330156318094
0.00139457065728 9.17268500106e-05 -0.03276256502
0.00138889825663 0.000111939791085 -0.0325095017049
0.00138503999179 0.000132111108767 -0.0322563870922
0.00137108657746 0.000148821587803 -0.0320035911593
0.00134062370542 0.000162194488773 -0.0317510479436
0.00130316455548 0.000175033227781 -0.0314985051472
0.00126853338758 0.000188144960301 -0.0312460198669
0.00123533941415 0.000200077773156 -0.0309937178648
0.00119545739193 0.000208318398584 -0.030741729532
0.00114327698161 0.000210067208597 -0.0304902415897
0.00108251352663 0.000203817181514 -0.03023937478
0.00102104562833 0.000189665993514 -0.0299891294817
0.000961344295202 0.000166983651192 -0.0297395087762
0.0009030567789 0.000134299631032 -0.029490451323
0.000848669945384 9.13859140257e-05 -0.0292419555718
0.000799573187056 3.77774046619e-05 -0.028993961342
0.000754555822799 -2.81735932323e-05 -0.0287464092152
0.000716972119253 -0.000104768881709 -0.0284991120894
0.000694519324678 -0.000186337836872 -0.0282518789947
0.00069086497802 -0.000268731163313 -0.0280046428112
0.000705360756374 -0.000349830197937 -0.027757274681
0.000736712430609 -0.000427255172939 -0.0275098378758
0.0007829307277 -0.000498279370232 -0.0272622710577
0.000843222799061 -0.000559422136249 -0.0270145121148
0.000915107660912 -0.000608036472337 -0.0267666231543
0.000990411746187 -0.000643445135989 -0.02651854361
0.00106620260431 -0.000664338845547 -0.0262702125273
0.00114579014671 -0.000668852980962 -0.0260217541275
0.00122331656398 -0.000658390392789 -0.0257731699561
0.00129121792508 -0.000636184585399 -0.0255243373327
0.0013511142945 -0.000603320972443 -0.0252753195312
0.00140087461584 -0.000562617014209 -0.0250261153967
0.00143506939837 -0.000519308990621 -0.0247766635866
0.00145687179474 -0.000474830312382 -0.0245269675706
0.00147250126598 -0.000427816101775 -0.0242772133053
0.00148456505392 -0.000378013321719 -0.024027461743
0.0014921974659 -0.000327230159563 -0.0237777117285
0.00149212734487 -0.00027896988979 -0.0235277784697
0.00148373423386 -0.000234396004435 -0.023277785802
0.00147061513972 -0.00019132964336 -0.0230277329538
0.00145742381149 -0.00014744707097 -0.0227777422198
0.00144809556606 -0.000101885626569 -0.0225278135976
0.00144120928953 -5.64638399236e-05 -0.0222780709249
0.00142742485148 -1.48066877996e-05 -0.022028141138
0.00139835641536 2.08209200513e-05 -0.0217779011756
0.00135593626134 5.0741058277e-05 -0.021527475642
0.00131082584745 7.70780529276e-05 -0.021276926654
0.00127058297336 0.000101223254314 -0.0210265655349
0.00123113742716 0.00012073959413 -0.0207761434541
0.00118624990325 0.000131379098648 -0.0205255357999
0.00113533712962 0.000130279426338 -0.0202746785362
0.00107693582146 0.000113348648972 -0.0200235087845
0.00101136448859 7.70280719213e-05 -0.019771964433
0.000947668411006 2.44248592513e-05 -0.019520106822
0.000895966925408 -3.79040068503e-05 -0.0192682457414
0.000860573884626 -0.000105640257908 -0.0190163804148
0.000842455306172 -0.000176116597429 -0.018764573728
0.000840968338832 -0.000247276272193 -0.0185128260645
0.000854359116909 -0.00031711588735 -0.0182611378099
0.00088153351974 -0.000382415997899 -0.018009569533
0.000923733313226 -0.000438427616088 -0.017758184117
0.000982031410329 -0.000481296842654 -0.017507045605
0.00105016920267 -0.000510983087878 -0.0172562176521
0.00111687917939 -0.000529313025824 -0.0170055768088
0.00117941863316 -0.000535371098002 -0.0167551859583
0.00124654973308 -0.00052470962098 -0.0165052951008
0.00132473435636 -0.000493514221559 -0.0162559682718
0.00140542134551 -0.000444392228676 -0.0160071445242
0.00147098736538 -0.000386653386763 -0.0157587621344
0.0015146878616 -0.000327125066022 -0.0155105718932
0.00154526988899 -0.000263993043177 -0.0152626960953
0.00157001328317 -0.000194590484129 -0.0150151339691
0.00158607100334 -0.000123121379168 -0.0147678874413
0.00158911809405 -5.60135292592e-05 -0.0145206444025
0.00157885445662 3.54573301622e-06 -0.0142733396545
0.00155775534276 5.59968191621e-05 -0.0140259095375
0.00153169754562 0.000106080569647 -0.0137785396107
0.00150675431927 0.00015854988581 -0.013531416588
0.00148228373258 0.000212032818636 -0.0132844158502
0.00145325227903 0.000262756023621 -0.0130374150929
0.00141751198068 0.00030994579488 -0.0127903541285
0.00137445213916 0.000353599646835 -0.0125432946809
0.00132081807078 0.000391727958877 -0.0122961742498
0.00125635502842 0.00042291486181 -0.0120488682284
0.00118951323441 0.000449097568446 -0.0118013769974
0.00112776892692 0.000472184795286 -0.0115536357567
0.00106913945865 0.000489928949889 -0.0113055793082
0.0010107757383 0.000499263136697 -0.0110570205449
0.000952709116579 0.000498290853212 -0.0108080211978
0.00089332770608 0.000483344207812 -0.0105583968629
0.000834735254627 0.000453167604897 -0.0103082127506
0.000784650688229 0.000412289837701 -0.0100574696418
0.000747348957157 0.000363880980184 -0.00980622733112
0.000722670169692 0.000307658684899 -0.00955460310257
0.000712557789715 0.000246255316035 -0.00930259694673
0.000720046958023 0.000184516672905 -0.00905040021438
0.000743876994917 0.000123989706195 -0.00879801753982
0.000779456995976 6.48632123563e-05 -0.00854557661629
0.000824192711923 1.07200372619e-05 -0.00829326338372
0.000878775240276 -3.25461924316e-05 -0.00804101418954
0.000943089465572 -6.09769897501e-05 -0.00778870481495
0.00101200084074 -7.46192077316e-05 -0.00753639815049
0.00107757617443 -7.58220844368e-05 -0.00728421648122
0.00113494493198 -6.64477469345e-05 -0.007032095383
0.0011822371716 -4.80963958604e-05 -0.00678009580548
0.00121753147399 -2.36190466661e-05 -0.00652815563207
0.00124046376969 4.3405188064e-06 -0.00627633581723
0.00125388745784 3.55493760184e-05 -0.00602456645069
0.00126252366822 7.24001882767e-05 -0.00577251483159
0.001268688466 0.000116310826777 -0.00552002120662
0.00126842895664 0.000161924031001 -0.00526741542146
0.00125704913193 0.00020129890616 -0.00501522785191
0.00123703102391 0.000234758578453 -0.00476342872193
0.00121483424458 0.000268658730225 -0.00451150749328
0.00119249938793 0.000303735987169 -0.00425938362449
0.00116623121066 0.000333560917454 -0.00400756115098
0.00113324938273 0.000354784116495 -0.00375637482178
0.00109751824927 0.000372090688633 -0.00350544598864
0.0010646591802 0.000390277613623 -0.00325433003921
0.0010327144641 0.000407175832536 -0.00300323441596
0.000993439071008 0.000416854799162 -0.00275278011721
0.000942474289801 0.000416335454731 -0.00250328437053
0.000884847692859 0.000408258971689 -0.00225444367022
0.000827968866278 0.000396587902221 -0.00200580724889
0.000769212518905 0.000377318948625 -0.0017577144007
0.00070129478879 0.000340689570187 -0.00151091376028
0.000629872228773 0.000287355347451 -0.00126517317118
0.000566468839153 0.000226074356302 -0.00101961576421
0.000511856134937 0.000155918651659 -0.000774210307262
0.000463773209507 7.19381829234e-05 -0.000529189252258
0.000426908029283 -2.08492888852e-05 -0.000284111937877
0.000407060060242 -0.000113081367928 -3.84018472925e-05
0.000406318053703 -0.000199161518567 0.000208193541881
0.000423709624167 -0.00027777531526 0.000455651265164
0.000456357234984 -0.000349699520343 0.000703829720405
0.000502472807541 -0.000412862586169 0.000952718292888
0.000561919912763 -0.000462694969681 0.00120242647619
0.000631078139156 -0.000498450593232 0.00145283016653
0.000702817443741 -0.000522084179817 0.0017036914863
0.000774391107402 -0.000531716630233 0.00195495977852
0.000847123683597 -0.000523398500654 0.00220672774921
0.000918006369392 -0.000497807328694 0.00245886991023
0.000979573065215 -0.000460529569075 0.00271107470245
0.0010256357298 -0.000418075194521 0.00296305050564
0.00105614504531 -0.000373103225415 0.00321473567421
0.00107692056636 -0.000322281794609 0.00346630983854
0.00109063206509 -0.000264607879125 0.00371784517829
0.00109231124189 -0.000209247814565 0.00396906626822
0.00107788706863 -0.000166854658012 0.00421971172932
0.00105172020816 -0.00013596560466 0.00446992461189
0.00102165230478 -0.00010662577069 0.00472002843572
0.000990740245537 -7.4602390413e-05 0.00497014911568
0.000957876341077 -4.26170504277e-05 0.00522021998216
0.000922518062392 -1.24912933522e-05 0.00547020959007
0.000885481481098 1.61018103857e-05 0.00572014166607
0.000846735074427 4.24416860672e-05 0.00597001042338
0.000804560592685 6.44018109771e-05 0.00621975529256
0.000758203878854 8.12983316377e-05 0.0064693640465
0.000710696294296 9.55942632224e-05 0.00671892310372
0.000665350907513 0.000109398461541 0.00696854388207
0.000618698993757 0.000118674649706 0.00721804004616
0.000562694269735 0.000114154987515 0.00746728467672
0.000497060927884 9.194630578e-05 0.00771621565954
0.000434116694234 6.12137446329e-05 0.00796520837073
0.000385391609873 3.39603735439e-05 0.00821438780549
0.000348535042344 7.63625619926e-06 0.00846375242069
0.000314680907313 -3.19828698512e-05 0.00871311626911
0.000281321548961 -9.39349070412e-05 0.00896235666552
0.000253931367773 -0.000174133271938 0.00921165917851
0.000241680723689 -0.000257650816933 0.00946108784163
0.000249843989499 -0.000332741120402 0.00971083092399
0.0002747802733 -0.000402766926246 0.00996070324518
0.000310413970123 -0.000473146188971 0.0102107032645
0.000356515617174 -0.00053698742933 0.01046083137
0.000416325891013 -0.000583581667787 0.0107109637191
0.000489164945715 -0.000609793500967 0.0109610995428
0.000567880548451 -0.000619676837272 0.0112111138386
0.000642064479 -0.000619460458316 0.0114610058325
0.000704912665704 -0.000612553710379 0.0117108357049
0.000758345876413 -0.000596160751221 0.0119605398009
0.000809478786802 -0.000563384524804 0.0122100552323
0.000861307260236 -0.000510545374271 0.0124591937349
0.000908845040446 -0.000442213192263 0.012707954144
0.000944406879125 -0.000368306471611 0.0129565220211
0.00096392968807 -0.000297611524841 0.0132050840873
0.00096910036786 -0.000232747084751 0.0134536418927
0.000964869098836 -0.000170388041056 0.0137021965901
0.000954045893019 -0.000109182241647 0.0139506852984
0.000937187842288 -5.14253451987e-05 0.0141991103278
0.000915976992419 3.05442310228e-06 0.0144475345834
0.00089157956413 5.4126107775e-05 0.0146959573127
0.000864057148926 0.000100478254156 0.0149444452737
0.000835507697588 0.000145167730521 0.0151928163793
0.000808083319214 0.000190873277625 0.0154410686911
0.000778624860835 0.00023317213056 0.0156893229631
0.000739682186953 0.000264451362724 0.0159382581864
0.000687061003352 0.000281366014618 0.0161881853036
0.000625550348566 0.000288121339953 0.0164387952939
0.000564884220655 0.000292482741996 0.0166895924106
0.000509627261449 0.000297011396299 0.0169402664803
0.000456388171774 0.000295425988982 0.0171913803842
0.000401768400462 0.000279868522723 0.0174434310069
0.000349197332366 0.000250554845505 0.0176964133162
0.000304761171617 0.000213204581254 0.0179499522952
0.000270957026512 0.000169731644854 0.0182037447081
0.000248899738747 0.000120450649753 0.0184579209604
0.000241224276803 7.02695795182e-05 0.0187119185928
0.000249511595843 2.36283951871e-05 0.0189656072164
0.000272797990005 -2.05131897055e-05 0.0192189235405
0.000309578726765 -6.33684898413e-05 0.0194720573606
0.000358708141639 -0.00010245532809 0.0197248825313
0.000418707378214 -0.000133619743638 0.0199770846381
0.000488019503033 -0.000152158508516 0.0202285390813
0.000565260242695 -0.000153740249758 0.0204791227946
0.000647507178104 -0.000137129175154 0.0207289569131
0.000728168306367 -0.00010631541383 0.0209783496786
0.000799553804456 -6.72399518413e-05 0.021227549936
0.000859285792581 -2.06734406269e-05 0.0214766845977
0.000907509050766 3.40400932223e-05 0.0217258173041
0.000940143198007 8.92507479629e-05 0.021975073441
0.000955648903865 0.00013827019264 0.0222246389795
0.000960728653647 0.0001884707101 0.0224743279892
0.000960421909957 0.000247984087941 0.0227241412418
0.000951939272971 0.000308893832273 0.0229742041205
0.000931961975648 0.000356983632648 0.0232243923995
0.000902355938251 0.000389468577965 0.023474458022
0.000867972693141 0.000416590950122 0.0237245861637
0.000832606591787 0.000449033914375 0.0239748369979
0.000796802514422 0.000485085484881 0.0242253332004
0.000758316513346 0.000513356425871 0.0244756411361
0.000714766340754 0.000527260350468 0.0247255767819
0.000666382993275 0.000530725069857 0.0249751416714
0.000616939914868 0.000532897087299 0.0252246452063
0.000571321766231 0.000540763997595 0.0254743956235
0.000529570128049 0.000552167621158 0.025724328499
0.000485277656888 0.000556400137871 0.025973884824
0.000433133311641 0.000544437480883 0.0262226344503
0.000374175454066 0.000514940492024 0.0264704535305
0.000314882537243 0.000474546118722 0.0267177089557
0.000262505628099 0.000433586918912 0.0269650793382
0.000216701685633 0.000389111787756 0.0272123810529
0.000172689621124 0.000323540654461 0.0274588753141
0.00013360240865 0.000234282474538 0.0277045671372
0.000108354726322 0.000142051195066 0.0279505726152
0.00010075385117 6.16105470401e-05 0.0281976934124
0.000108447017342 -1.40551756146e-05 0.028445553762
0.000129109861874 -9.32166151797e-05 0.0286937258281
0.000163023277401 -0.000167605449003 0.0289425884613
0.0002101185141 -0.000227628500531 0.0291924502869
0.00026644877049 -0.000277232522368 0.0294429378647
0.000325806563048 -0.000321684407128 0.0296938039003
0.000385011718801 -0.000355843129231 0.0299449253321
0.000444295510223 -0.000371475702932 0.0301966725138
0.000503040539067 -0.000366217522223 0.0304489817976
0.000559114133246 -0.000341402340152 0.0307018555008
0.000611012272768 -0.000297074480875 0.0309551682446
0.000656643053437 -0.000234311435507 0.0312087923214
0.000690444736351 -0.000162362154514 0.0314622902552
0.000707126714839 -9.47276335222e-05 0.0317151670807
0.000708251392954 -3.34433805758e-05 0.031967298591
0.000698365774053 2.81072907561e-05 0.032219176663
0.00067877436309 8.84105349635e-05 0.0324707395657
0.000650372766917 0.000142659630237 0.0327218028853
0.000615612048925 0.000191403760603 0.0329726158384
0.000576414185393 0.000232950247537 0.0332230534297
0.000533941063685 0.000261711160071 0.0334730539262
0.000488896833396 0.000274695947728 0.033722493859
0.000441496793041 0.000274925294822 0.0339715587917
0.000392374015848 0.000270575045683 0.0342204979457
0.00034248655637 0.000267072714048 0.0344694363113
0.000291066912778 0.00026135051859 0.0347183129268
0.000236530036642 0.00024897029984 0.0349670035712
0.000179970894717 0.000231517191766 0.0352155082443
0.00012428790778 0.00021276078323 0.0354640125195
7.05229888774e-05 0.000192018666007 0.0357125167802
1.71754607885e-05 0.000162834195105 0.0359608960288
-3.60742359367e-05 0.000119525354537 0.0362088404779
-8.52610488178e-05 6.58961787598e-05 0.036456660689
-0.000125766889881 1.04240889279e-05 0.0367046035781
-0.000156605414945 -4.69708964409e-05 0.0369526691477
-0.000178171187568 -0.000114241851439 0.0372006702978
-0.000188648430924 -0.000192572783031 0.0374486081883
-0.000185087436936 -0.000270309099471 0.0376967952953
-0.000166347435462 -0.000336564280897 0.0379454816116
-0.000133000263001 -0.000392068024296 0.0381946659917
-8.60201384135e-05 -0.000440548564371 0.0384441609524
-2.67926908193e-05 -0.000481236954134 0.0386940297557
4.19084098073e-05 -0.000513539897751 0.0389441500878
0.000115261892274 -0.000539241474118 0.0391943973439
0.000188165579813 -0.000557109818021 0.0394447719197
0.000258483043254 -0.000559674240488 0.0396953968859
0.000326194741415 -0.000539784821625 0.0399463343545
0.000388190779736 -0.000500808350773 0.0401975214421
0.000438137578779 -0.000454865664066 0.0404485835441
0.000473116036392 -0.000408846512982 0.0406994577699
0.000494666219302 -0.000361349216058 0.0409502062265
0.000503737866073 -0.000314173939582 0.0412007664116
0.000501390214275 -0.000270384505676 0.0414511379321
0.000490592785955 -0.000224339359097 0.0417014442426
0.000472948187426 -0.00017088332967 0.0419515626553
0.000448152444822 -0.000116053658302 0.0422015548938
0.00041682263813 -6.83217981574e-05 0.0424514217274
0.000380726064012 -2.8141195551e-05 0.0427011631656
0.000341473250318 8.79145585039e-06 0.0429508413322
0.000300330307275 4.40353523317e-05 0.0432003343208
0.000258321614496 7.58641013647e-05 0.0434498319413
0.000215874131875 0.000102099812056 0.0436993345891
0.000172594973244 0.000121310797944 0.0439489595556
0.000128271024712 0.000135229493474 0.0441988303073
8.44429546253e-05 0.000149977032073 0.0444485791957
4.27091725148e-05 0.000168839640554 0.0446981483601
1.28941904452e-06 0.000184830400283 0.0449477858499
-4.24286780932e-05 0.000188482904823 0.0451981733206
-8.69717197114e-05 0.000180507802526 0.045449306895
-0.000129267958904 0.000165384568853 0.0457008737138
-0.000168202703267 0.000138311103401 0.0459533722288
-0.000201830608326 9.26579924288e-05 0.0462071156828
-0.000225889923797 3.43455660877e-05 0.0464619161708
-0.000237156639777 -2.31933412074e-05 0.0467166579973
-0.00023489607319 -7.64685165013e-05 0.0469712192629
-0.000218594063456 -0.000132643703317 0.0472260316567
-0.000187752584395 -0.000192485430109 0.0474810909303
-0.000143553417484 -0.000247164978214 0.0477358342317
-8.8394727715e-05 -0.000288659256158 0.0479895791098
-2.48448721398e-05 -0.000312718963039 0.0482421399986
4.46725433317e-05 -0.00031794082244 0.0484933922863
0.000117623041702 -0.000305028903721 0.0487433969392
0.000191146597034 -0.000274637064931 0.0489923410692
0.000262000714449 -0.000228222206609 0.0492402879311
0.000326320699901 -0.000169996063147 0.0494876097716
0.000380374937338 -0.000104939797165 0.0497346152256
0.000422284475805 -3.3893083118e-05 0.049981367198
0.000452376433439 4.94233292543e-05 0.0502276199638
0.000470320386728 0.000149200231217 0.0504732504541
0.000473584289901 0.000251898787981 0.0507189430588
0.000461759983113 0.000335252889311 0.0509655677167
0.000438660606884 0.000397654083793 0.0512132505732
0.000407359291417 0.000456231766772 0.0514611251614
0.000369079178554 0.0005148661678 0.0517091293911
0.000326803352353 0.000559328834071 0.0519576332398
0.000283885369127 0.000582432023034 0.0522068847665
0.000240534855567 0.000594194582064 0.0524565105288
0.000195598191077 0.000605877787184 0.0527060745867
0.000149532227553 0.000617112490424 0.0529556394425
0.000103108519274 0.00062334332041 0.0532053293129
5.62762695023e-05 0.000624625386068 0.0534550809188
9.03890290379e-06 0.000621750210643 0.0537048325271
-3.86077814267e-05 0.00061222420636 0.0539546466257
-8.65775520857e-05 0.000594637288782 0.0542044611029
-0.000133883238674 0.000571312739317 0.0544542130778
-0.000179351674791 0.000542912464899 0.0547039654288
-0.000222070272531 0.000506112652933 0.0549536552726
-0.000260392501148 0.000460765859358 0.0552032825995
-0.000292317014762 0.000411985311588 0.055452909907
-0.000316574803061 0.000362240524041 0.0557024122025
-0.000331991424705 0.000310017383721 0.0559519765977
-0.000337301179032 0.000256642884481 0.0562015402166
-0.000331641226311 0.000205735682274 0.0564512276661
-0.000313644679071 0.000155961309362 0.0567009772273
-0.000280859057591 0.000101193326038 0.0569508506264
-0.000232393710324 4.03221322528e-05 0.0572008478632
-0.000171383302735 -1.70202746173e-05 0.0574509700953
-0.000102730457005 -5.92703639623e-05 0.0577014032673
-2.98993062129e-05 -8.44074605131e-05 0.057952086425
4.38651686915e-05 -9.56764145031e-05 0.058203019573
0.00011465539537 -9.11137751438e-05 0.0584542030949
0.000179414026695 -6.86880648505e-05 0.0587056373764
0.000235423162067 -3.46067072034e-05 0.0589573216506
0.000280322539939 6.94095435765e-06 0.0592090070893
0.000313203727002 6.13816545632e-05 0.0594609421446
0.000333141605853 0.000129994035039 0.0597131893117
0.000338963588394 0.00020220091392 0.0599654384222
0.000331139399869 0.000266245111897 0.0602174398763
0.000311777596616 0.000318539367087 0.0604690065719
0.000283028995734 0.000361884303247 0.0607202608059
0.000246743675539 0.000397988130588 0.0609712643091
0.000204413366391 0.000428279734121 0.0612220795816
0.00015655380514 0.000457038269612 0.0614728308445
0.000104954178682 0.000482597736313 0.0617234540429
5.29527938985e-05 0.000499024924848 0.0619737624459
1.42238099186e-06 0.00050914540987 0.0622238825942
-4.93205663967e-05 0.000516972810745 0.0624738777449
-9.68102625686e-05 0.000514749071702 0.0627232498273
-0.000140892744069 0.000494269306538 0.0629726211139
-0.000184739467073 0.000462457429507 0.0632207501404
-0.000229721499369 0.000432182815466 0.063469500213
-0.000274823169886 0.000403186669657 0.0637176291437
-0.000319297965347 0.000365598612665 0.063965758026
-0.000362291654101 0.000316310593642 0.0642132618843
-0.000402127505782 0.000257425910378 0.0644601484343
-0.000436593130891 0.000187966691527 0.0647070311261
-0.000463192149366 0.000108217236195 0.0649526676997
-0.000479962786609 2.29710937077e-05 0.0651989214855
-0.000486065503187 -6.15449665445e-05 0.0654445541534
-0.00048180953057 -0.000139304416715 0.0656908079632
-0.000467055992178 -0.000209657908686 0.0659376790332
-0.000439585023346 -0.000278573436111 0.0661851788892
-0.00039829209274 -0.000346976347399 0.0664320576512
-0.000345929607442 -0.000406662318536 0.0666801864129
-0.000285931096365 -0.000450558223787 0.0669289324351
-0.00022019646836 -0.000477580289497 0.0671789245515
-0.000150248518339 -0.000490239639836 0.067430158904
-7.87903499668e-05 -0.000491744607472 0.0676813932564
-1.04950832631e-05 -0.000479397273681 0.0679332564908
5.01770177553e-05 -0.000444441074123 0.0681863657951
0.000100855345967 -0.000388109150279 0.0684407250513
0.000139744833378 -0.00032757211013 0.0686944709531
0.000165137199852 -0.000272867857937 0.0689475957848
0.000175872038242 -0.000215043292771 0.0692007168066
0.000171650642858 -0.000151514408226 0.0694538378764
0.000155004931888 -9.77814539444e-05 0.0697063378282
0.00012971986432 -6.11743475618e-05 0.0699575917339
9.63958225138e-05 -3.04102210003e-05 0.0702082206876
5.44651061718e-05 2.47474933436e-06 0.0704588458075
6.47072548309e-06 3.24341974275e-05 0.0707094748095
-4.37829500708e-05 5.37400422445e-05 0.0709594749777
-9.38294698333e-05 6.55918980484e-05 0.0712088578616
-0.000141589835105 6.71749834873e-05 0.0714588580058
-0.000186376999337 5.90031224328e-05 0.0717082408898
-0.000231181026486 4.85038126849e-05 0.0719582449157
-0.000279047727824 4.49156126811e-05 0.0722076277996
-0.000327765267153 4.59826689485e-05 0.0724576318015
-0.000373297440019 3.89539025288e-05 0.0727076358276
-0.000415910142125 2.03390018409e-05 0.0729576398295
-0.000458122299738 3.53361648696e-06 0.0732082649496
-0.000500476184582 -9.09767690891e-07 0.0734582689519
-0.000541262057126 -2.0250574127e-06 0.0737082768358
-0.000577380262532 -1.81008637189e-05 0.0739589058141
-0.000605652450171 -5.55795808234e-05 0.0742107808622
-0.000624861221882 -0.00010487906682 0.0744638980985
-0.000634801794386 -0.0001562240621 0.0747170230504
-0.000633668103609 -0.000208947607603 0.0749701556943
-0.000620166771488 -0.000261245833268 0.0752239132899
-0.00059591574642 -0.000305852746058 0.0754776708375
-0.000560874882059 -0.000341423898926 0.0757308072188
-0.000510961156276 -0.000374734455649 0.0759839435523
-0.000444920486063 -0.000407723924569 0.0762376894537
-0.000369472070955 -0.000430899222141 0.0764901853794
-0.000293552554022 -0.000432746864581 0.0767420563531
-0.000220603266315 -0.000411632731424 0.0769914351389
-0.000150154946251 -0.00037516455642 0.0772408062087
-8.43405116498e-05 -0.000328247255581 0.0774889349947
-2.82071637913e-05 -0.000266939815171 0.0777358099949
1.48325852975e-05 -0.000188226120385 0.0779820561374
4.41874412288e-05 -9.88203418423e-05 0.0782270523043
6.02942214127e-05 -9.27264965833e-06 0.0784720407791
6.38955655887e-05 7.36162853635e-05 0.0787176542301
5.55285381422e-05 0.000149392622013 0.0789638926809
3.4567942315e-05 0.000223171380239 0.0792101349895
9.42020655107e-07 0.000296792070905 0.0794563811561
-4.29602181576e-05 0.000365816938481 0.0797026273467
-9.53487381034e-05 0.000429084345515 0.0799494947031
-0.000154070528764 0.000485709029165 0.0801969908935
-0.000211239473345 0.00052615442754 0.0804451159654
-0.000261107728247 0.00054659694638 0.0806944909893
-0.000308521799614 0.000558753198928 0.0809444910131
-0.000356899798151 0.000569997559415 0.0811938699669
-0.000401299006647 0.000573822622165 0.0814444949907
-0.000440184759103 0.000567209150808 0.0816951200384
-0.000477842866988 0.000556662278306 0.0819457450864
-0.000515536729676 0.000544737217599 0.0821963739922
-0.000551537455222 0.000527316383445 0.0824476201343
-0.00058508927575 0.000502252474231 0.0826988663005
-0.000615316042253 0.000468595954041 0.0829507297028
-0.000640711573164 0.000425544729978 0.0832025969631
-0.000661513914729 0.000379349614148 0.0834544642232
-0.000679092964585 0.00033831556297 0.0837063353412
-0.000691933161658 0.000300203393971 0.0839575814594
-0.000694507579808 0.00025505368838 0.0842094486716
-0.000682096677025 0.00019907912172 0.0844613197653
-0.000657266574751 0.000143012535299 0.0847131908353
-0.000627765098701 0.000101841501153 0.0849644408109
-0.000593749703268 7.53797511092e-05 0.0852150735025
-0.00054498531835 5.00551530795e-05 0.0854663234543
-0.000475760516351 1.98862318872e-05 0.0857169561458
-0.000395125000295 -4.25465916635e-06 0.0859682099313
-0.000317905231133 -6.17628328314e-06 0.086218842623
-0.000250144371582 1.95395640284e-05 0.0864688541965
-0.000188304485068 6.41427766721e-05 0.086719486888
-0.000130420597469 0.000116917451524 0.0869694945797
-8.13747605912e-05 0.000177129773839 0.0872195061532
-4.6231070405e-05 0.000247027698071 0.087470134963
-2.47940812219e-05 0.000318811151681 0.0877201426788
-1.52973600362e-05 0.000382893014726 0.0879707714886
-1.86865881915e-05 0.000440621633635 0.0882214002984
-3.63045354208e-05 0.000496360095174 0.0884714080141
-6.65561932928e-05 0.00054802708401 0.0887220291323
-0.000105184838265 0.000589696316845 0.0889720329662
-0.000148390154081 0.000618539904607 0.0892220329664
-0.000197169297702 0.000639820129703 0.0894720329665
-0.000254371888905 0.000659532841687 0.0897220291088
-0.000316298208556 0.000674174820085 0.0899720213933
-0.000375179694162 0.000676786252973 0.0902213925359
-0.000427747220592 0.000666567868 0.0904707637024
-0.000475320183308 0.000647045379698 0.0907201310111
-0.000521150275911 0.000623041573911 0.0909688771776
-0.000567943651551 0.000598967902122 0.0912176233442
-0.000613833906542 0.0005738102528 0.0914663694867
-0.000655432033845 0.000542771209775 0.0917151156052
-0.000693539009842 0.000506077637553 0.0919638617235
-0.000731480488238 0.000469744454561 0.0922119867236
-0.000769859048103 0.000435821947187 0.0924601117236
-0.000804011814811 0.000394875804385 0.0927082366995
-0.000827958311053 0.000336285179595 0.0929551156055
-0.000840322429646 0.000262478968937 0.0932019944872
-0.000841439616839 0.000180415380169 0.0934476311808
-0.00082991693921 9.34031263352e-05 0.0936938851345
-0.000807215365462 8.15474823605e-06 0.0939395179462
-0.000776215292637 -6.88704686629e-05 0.0941863891602
-0.000736404098558 -0.000137116675249 0.0944332642321
-0.000685131501197 -0.000198396522632 0.0946807643042
-0.000619957320156 -0.000254101123161 0.0949288893763
-0.000543923662494 -0.000301084776027 0.0951776432585
-0.000466614819512 -0.000331688970954 0.0954270182588
-0.000395464881849 -0.000341349772634 0.0956782604952
-0.000331429161501 -0.000331969170578 0.0959307565655
-0.000273940420895 -0.000307892589434 0.0961838737537
-0.000225170808645 -0.000271564102898 0.0964376197997
-0.000188109289623 -0.000224718001546 0.0966926119396
-0.000164535233911 -0.000170471595965 0.0969476040796
-0.000157149335 -0.000109523059899 0.0972026001253
-0.000168712184898 -4.13415939907e-05 0.097458217289
-0.000196867481565 2.66580443449e-05 0.0977138306667
-0.000234939948519 8.2480560177e-05 0.0979675768566
-0.00027868743585 0.000121898754966 0.0982206980706
-0.000327265144536 0.000147525621813 0.098472569237
-0.000379743981071 0.000161866081331 0.0987231943333
-0.000434751994891 0.000166641570055 0.0989738155718
-0.000490546686773 0.000163060643495 0.099223194622
-0.000544328744255 0.000151280276222 0.0994731909084
-0.000593623197558 0.000131737394747 0.0997219449108
-0.000638854582674 0.000106824489087 0.0999713161254
-0.000681602271676 7.914088925e-05 0.100220073938
-0.000720927243338 4.86964388008e-05 0.100469448986
-0.000755975763825 1.48574790157e-05 0.10071882401
-0.000788266658809 -2.13525277514e-05 0.100968202892
-0.000818876884737 -5.90191611467e-05 0.101217577892
-0.000847152035999 -9.86280795475e-05 0.101466956774
-0.000872653794081 -0.000140199062515 0.101716960632
-0.000895955317104 -0.000181828208813 0.101966964489
-0.000915719763724 -0.000224079816966 0.102217589489
-0.000926470166552 -0.000272838523996 0.102468214489
-0.000925208519979 -0.000329072870675 0.102719464441
-0.000918243525908 -0.000381719855939 0.102970714417
-0.000912656859316 -0.000421677115434 0.103221968227
-0.000903659994418 -0.000454045154156 0.103473222037
-0.000880912653304 -0.000486798288066 0.103724475847
-0.000842348264204 -0.000518137198205 0.10397635075
-0.000790641440006 -0.000542906503316 0.104228229488
-0.000726376080922 -0.000558916610753 0.104479483249
-0.000654916786251 -0.000561959151237 0.104731354271
-0.000586203189708 -0.000546164850376 0.104981979175
-0.000521922772305 -0.000512125464153 0.105232604078
-0.000456802044744 -0.00046688586929 0.10548197903
-0.000392137957106 -0.000415263863357 0.1057313501
-0.000336824489792 -0.000356321100457 0.10598009617
-0.000297549637579 -0.000288723791374 0.10622821724
-0.000275223640867 -0.00021504189831 0.106476330642
-0.000269415605234 -0.000138483291858 0.106723201785
-0.000281063361485 -5.98842659151e-05 0.106970069045
-0.000309402011537 1.83638312657e-05 0.10721631907
-0.000350453585045 9.07346213721e-05 0.107463190212
-0.000401374463252 0.000154322068617 0.107709440236
-0.000461869866613 0.000209693635322 0.10795694026
-0.000527865917785 0.000254321662344 0.10820381919
-0.000591203526179 0.000283725530256 0.108451948096
-0.000648840725853 0.00029901751737 0.108701319286
-0.000705284196074 0.000306217556364 0.108950077073
-0.000766309685847 0.000310718787797 0.109199459884
-0.000832486639815 0.000314258697372 0.10944884272
-0.000896552559439 0.000314454035577 0.109698233295
-0.000950260577463 0.000308209901639 0.109948245012
-0.000992336314488 0.000295269803468 0.110198252896
-0.00102567348205 0.000276720556223 0.110448885755
-0.00105225370676 0.000252481432395 0.110700139709
-0.00107278783753 0.000221593577086 0.110951389781
-0.00108738578837 0.000183355971854 0.111203264805
-0.00109767637223 0.00014012839184 0.111455760923
-0.00110619319712 9.66523794282e-05 0.111708253136
-0.00111025142508 5.22963849401e-05 0.111960128112
-0.00110441867924 3.88042687371e-06 0.112212624158
-0.00108955430861 -4.48580691197e-05 0.112465741299
-0.00106824869977 -8.92471087312e-05 0.112718237321
-0.00103806123152 -0.000129449060202 0.112971354414
-0.000997507857482 -0.000164524211092 0.113223850412
-0.000947152892834 -0.000192102210807 0.113476342528
-0.000885845430483 -0.0002112603722 0.113728834644
-0.000817353613945 -0.000218899599668 0.113980701784
-0.000752898155515 -0.000209348099174 0.114231947806
-0.000698516853323 -0.000180463206667 0.114482568852
-0.000648155111466 -0.000136445093897 0.114732564922
-0.000595776365147 -8.2980287522e-05 0.114981939874
-0.000547162740275 -2.11564818017e-05 0.115231310968
-0.000512431867344 5.10041658523e-05 0.11548067818
-0.000493614904804 0.000130964831442 0.115728803181
-0.000487924088034 0.000212113220317 0.115976928157
-0.000497811310609 0.000292758999707 0.116225056991
-0.000528702895903 0.000375301202422 0.116473181991
-0.000578292075889 0.000455394700255 0.116720689707
-0.000635616485142 0.000521918827098 0.116968822447
-0.000691781534884 0.000568548002232 0.117217576281
-0.000744995235031 0.000597051408593 0.117466333997
-0.000797425387046 0.000612269842881 0.117715712831
-0.0008527443797 0.00061892962577 0.11796509557
-0.000909945560852 0.000617965315843 0.11821447831
-0.00096158811853 0.0006072018217 0.118463857216
-0.00100434078485 0.000587144088896 0.118713861098
-0.00104172845902 0.000560961776845 0.118963865003
-0.00107801525059 0.000531372146033 0.119213865075
-0.00111588029605 0.000500336347459 0.119463247863
-0.00115414842774 0.000468439474785 0.119713247911
-0.00118746747667 0.000433743322048 0.119963244101
-0.00121128443497 0.000393185071727 0.120212623006
-0.00122619089209 0.000345839840214 0.12046199803
-0.00123758940824 0.000295383651247 0.120711373054
-0.00125052500411 0.000246888310635 0.120960748078
-0.0012633995688 0.000200214360144 0.121210123077
-0.00127023121841 0.000151167395767 0.121458876935
-0.00126772694351 9.8392048257e-05 0.121707623101
-0.00125641540383 4.41626201178e-05 0.121956373124
-0.00123673705451 -9.09537911319e-06 0.12220511929
-0.00120363973007 -6.20847611162e-05 0.122453244338
-0.00115001615453 -0.000115351809797 0.122700748293
-0.0010811759373 -0.00016254409834 0.122948873389
-0.00101046290218 -0.00019572604801 0.123196998486
-0.000938592594508 -0.000214300485701 0.123445748582
-0.000858093903461 -0.000220964075297 0.123694498703
-0.000770904295742 -0.000215622724758 0.1239438738
-0.00068651245541 -0.000197092356176 0.124193873896
-0.000613119772342 -0.000165564780792 0.124445123945
-0.000555320933967 -0.000122531689513 0.124696373994
-0.000513843331539 -7.09280790077e-05 0.124948874018
-0.000486976626856 -1.52067297035e-05 0.125202002876
-0.000474303329064 4.07969780194e-05 0.125455752876
-0.000480073872349 9.71548940453e-05 0.125709502852
-0.000508925397949 0.00015510726259 0.125964498969
-0.000555368627344 0.000208870125469 0.12621949511
-0.000605922484536 0.000248301139543 0.126473862418
-0.00065433226178 0.000270435494973 0.1267269913
-0.000704539941631 0.000279581247653 0.126980112442
-0.000760792211822 0.000279432025489 0.12723260856
-0.000822926059441 0.000270921292682 0.127484475772
-0.000887050415085 0.000253724944217 0.12773696022
-0.000946251355141 0.00022748883766 0.127988198526
-0.000992763359677 0.000192673876406 0.12823881569
-0.00102221876575 0.00015099737132 0.128488811664
-0.00103841784666 0.000105261655838 0.128737561544
-0.0010504092377 5.83951274864e-05 0.128986936376
-0.00106278609572 1.19521946491e-05 0.129236307325
-0.00107288452651 -3.45946144694e-05 0.129485678299
-0.00107679412979 -8.30193724491e-05 0.129734432036
-0.00107382572933 -0.000134462286002 0.129983806916
-0.00106658446107 -0.000187973792132 0.130232560725
-0.00105716720582 -0.000241780056609 0.130481314559
-0.00104321742329 -0.000296165617875 0.130730064558
-0.00101958507333 -0.000352708268843 0.130978822298
-0.000983031965354 -0.000411086812759 0.13122695511
-0.000933382867163 -0.000468600369914 0.131474470686
-0.000874190513896 -0.000520884958964 0.131722603546
-0.000814791024124 -0.000562519151982 0.131970732549
-0.000763593516343 -0.000590427949314 0.132218865386
-0.000715703055948 -0.000606423718713 0.132467615506
-0.000657979736072 -0.000612818469629 0.132716365627
-0.000586891123127 -0.000608334858723 0.132964490771
-0.000510293541396 -0.000590244387019 0.133211990916
-0.000438048488585 -0.000557122823692 0.133460116037
-0.000378121726394 -0.000508798199852 0.133708862251
-0.000331964288293 -0.000446744871783 0.133957604608
-0.00029276731034 -0.000375538032381 0.134206346964
-0.000257014264771 -0.000301330686112 0.134455093178
-0.000232442408855 -0.000227010396955 0.134703839392
-0.00022665357258 -0.00015324519761 0.134953210558
-0.000237158725211 -8.3553708862e-05 0.135202593298
-0.000259057757928 -2.20306584045e-05 0.135452597131
-0.000291319745603 2.9990567904e-05 0.135703225965
-0.000333723977748 7.22983160441e-05 0.13595385475
-0.000385904794408 0.00010492063279 0.136204487417
-0.000444479774744 0.000126872217499 0.136455741178
-0.000500432594631 0.000136099329119 0.136706998774
-0.000549291546004 0.000133454764852 0.136958260226
-0.000596537649588 0.00012243873915 0.137210146655
-0.00064350174543 0.000104714228627 0.137461408084
-0.000681879512579 8.03906117991e-05 0.137712665679
-0.000709232513169 5.09037613804e-05 0.137964544415
-0.000733777152513 1.845072097e-05 0.138215798177
-0.000760668204387 -1.53586386923e-05 0.138467051962
-0.000786539418454 -4.97729660828e-05 0.138718926865
-0.000806888947148 -8.46292704553e-05 0.138970172935
-0.000821683561371 -0.000119762307101 0.139221415171
-0.000833853346733 -0.000154424923735 0.139472657407
-0.000844091607855 -0.000188475087721 0.139723895834
-0.000847430012734 -0.000224131372199 0.139975138142
-0.000835780945501 -0.000264922941123 0.140226380427
-0.000807446208303 -0.000310454890145 0.140477005476
-0.000771504655327 -0.000354957330625 0.140728243927
-0.000734818574437 -0.000394111296615 0.140978861236
-0.00069132804964 -0.000428488796751 0.141229474663
-0.000632427217615 -0.000458167690362 0.141479463138
-0.00055883906174 -0.000479943749589 0.141729451613
-0.000477575690318 -0.000490092373537 0.141978822828
-0.000396092944124 -0.000486418715658 0.142227569067
-0.000321295754356 -0.000468154091862 0.142476932541
-0.000253934823607 -0.000435747810998 0.142725049922
-0.000188274729618 -0.000390273270654 0.142973792278
-0.000125267565847 -0.000333287820473 0.143221917374
-7.43345032266e-05 -0.000266762475916 0.143469421328
-4.14133761038e-05 -0.000192834568009 0.143717546424
-2.70042845479e-05 -0.000114062423731 0.143966292638
-3.25947084305e-05 -3.28336019847e-05 0.144214417709
-6.05961760657e-05 4.88748056511e-05 0.144463171639
-0.000106438050462 0.000126866493715 0.14471193326
-0.000158523847392 0.000194326126452 0.144961315999
-0.000211266393978 0.000247481660529 0.145211319833
-0.000266296795619 0.000286575147296 0.1454613275
-0.00032265850295 0.000311994995328 0.145711339049
-0.000380927241564 0.00032502259664 0.145961971692
-0.000444619655097 0.00032741119106 0.146213229335
-0.000509518756991 0.000319345754206 0.146463862002
-0.000565825231906 0.000301389980422 0.146715111882
-0.000610968987163 0.000275855210747 0.146966365643
-0.000648316114883 0.000245217376795 0.147217615522
-0.000677188822884 0.000211311300935 0.14746886545
-0.000696871671843 0.000175566418168 0.147720111519
-0.000710612474287 0.000138786596583 0.147971357613
-0.000717340781849 0.000101207717862 0.148222599849
-0.000713336212704 6.2057407658e-05 0.148473224849
-0.00070203852268 2.05818249614e-05 0.148723849849
-0.000691126250834 -2.20873387942e-05 0.148975095967
-0.000682555462789 -6.43116991004e-05 0.149225720991
-0.000671111113127 -0.000106212173996 0.149476963276
-0.000652010757476 -0.000148329839713 0.1497275883
-0.000627052807647 -0.000189212308152 0.149978209467
-0.000601516610158 -0.000226394378748 0.150228830633
-0.000576134455553 -0.000258938657141 0.150479455658
-0.000543244269525 -0.000287406331221 0.150730072966
-0.000494018972938 -0.000310948046499 0.150980069157
-0.000431599548224 -0.000326212288165 0.15123006149
-0.000367813122638 -0.000330233611075 0.151480057656
-0.000304393268853 -0.000321867897769 0.151729428846
-0.000234166899318 -0.000299842886425 0.151978800036
-0.00016070336083 -0.000263477782507 0.152227546227
-9.88456495455e-05 -0.000214169038262 0.152476917393
-5.67266431762e-05 -0.000153720820983 0.152725667441
-2.93124585459e-05 -8.34408435415e-05 0.152975038607
-9.12061427846e-06 -6.11836863647e-06 0.153223788655
4.13760780615e-06 7.36280433206e-05 0.153472546419
6.32549794863e-06 0.000151286178865 0.153721921443
-3.9763442193e-06 0.00022320925714 0.153971300348
-2.5929816823e-05 0.000286628526008 0.154220683064
-6.20510643971e-05 0.000340600169031 0.154470686922
-0.000115729898755 0.000385018891998 0.154720690779
-0.000181210041884 0.000417883256489 0.154970698471
-0.000246035508133 0.000436837800013 0.155220706187
-0.000305341447304 0.000442388667807 0.155471338854
-0.000362932583547 0.000436571206589 0.155721967688
-0.00042204281707 0.000420705701843 0.15597259264
-0.000483323914556 0.000395614694673 0.156223221473
-0.000542911129511 0.000362507094246 0.156473846425
-0.000590972627689 0.000324039270191 0.156724471401
-0.000621289914328 0.000283400610302 0.156975096377
-0.000639138104158 0.000241954223864 0.157225717495
-0.000653046683581 0.000199634784176 0.157476338613
-0.000664027116912 0.000157024755998 0.157726959731
-0.000668607994762 0.000114678489803 0.157976959731
-0.000667006460107 7.22759260792e-05 0.158227580849
-0.000662364913088 2.95654580421e-05 0.158477580873
-0.000654041761595 -1.34291846109e-05 0.158728201991
-0.000637349707028 -5.71564176209e-05 0.158978198157
-0.000612780743331 -0.000101010149824 0.159228819276
-0.00058668109214 -0.00014298724326 0.159478819276
-0.000557877079101 -0.000182193020936 0.159728815442
-0.000518204802643 -0.000218185758098 0.15997943656
-0.000466972560872 -0.000248755416577 0.160229436584
-0.000407128532885 -0.000271346050134 0.16047943275
-0.000335436483835 -0.00028343944695 0.160729432774
-0.000252071184286 -0.000282321697842 0.160979428916
-0.000170085187019 -0.000267468673919 0.16122942894
-0.000105380250796 -0.000241216372488 0.161479428964
-6.10399959831e-05 -0.000205135687176 0.161729425107
-2.58541677742e-05 -0.000157645399755 0.161979425131
1.00178848794e-05 -9.75787981343e-05 0.162230046273
4.11018447782e-05 -2.81825895682e-05 0.162480050155
5.35735829401e-05 4.55175851234e-05 0.162730671273
4.29914710147e-05 0.000120562378367 0.162980675155
1.65580506858e-05 0.000194276129644 0.163231300155
-2.03415566318e-05 0.000262640475978 0.163481304013
-6.96488240785e-05 0.000322165051793 0.163731929012
-0.000130550156796 0.000370242459917 0.16398255787
-0.000194022538572 0.000404439712399 0.16423318287
-0.00025408842829 0.00042400202782 0.16448319061
-0.000313245185779 0.000429904464927 0.16473381561
-0.000372634126912 0.000423257926151 0.164983819468
-0.000429533841073 0.000405293964656 0.16523382335
-0.000479117171735 0.000378024908564 0.16548444835
-0.000515914690777 0.000344386126841 0.16573444835
-0.00054410987196 0.000306096705762 0.165984452208
-0.000573967548967 0.000262479855631 0.166234452208
-0.000603898876579 0.000214757507979 0.166484452208
-0.000624318163012 0.000166675421148 0.166734452208
-0.000634162709889 0.000119754112127 0.166984452208
-0.000638365321482 7.33774372616e-05 0.167234452208
-0.000637103271266 2.77080391322e-05 0.167484452208
-0.00062811071384 -1.71602984792e-05 0.167734452208
-0.000613265742555 -6.19144132556e-05 0.167983831089
-0.000597781985067 -0.000106635945996 0.168233827231
-0.000585565506288 -0.000150501893323 0.168483827231
-0.000575108991695 -0.000192846031774 0.168733823397
-0.000559881475538 -0.000233487932747 0.168983823397
-0.000533967564111 -0.000271818213536 0.169233823421
-0.000494213624699 -0.000306207932643 0.169483198469
-0.000439667653158 -0.000334020813162 0.169733198469
-0.000376486590909 -0.000352869858261 0.169983194635
-0.000316352736268 -0.00036221647193 0.170233194659
-0.00025863335978 -0.000360903931037 0.170483190802
-0.000189267637343 -0.000343982305697 0.170733811944
-0.000107641205613 -0.00030868414736 0.170983808086
-3.25742107126e-05 -0.000259537922012 0.171233808086
2.13949114101e-05 -0.000202287149923 0.171484429228
5.46394566273e-05 -0.000138509128503 0.171734429228
7.37862434636e-05 -6.81467410287e-05 0.171985054204
8.35588689231e-05 6.91791213472e-06 0.172235675323
8.36075422018e-05 8.22598597899e-05 0.172485679204
6.93866342217e-05 0.000153008683782 0.17273630418
3.82246022391e-05 0.000215908049047 0.172986929156
-6.42158992199e-06 0.000268917471257 0.17323755799
-6.03317308061e-05 0.000310297241248 0.173487561872
-0.000123592472209 0.000338725861884 0.173738186848
-0.000195462256988 0.000353388613682 0.173988815682
-0.000271138981168 0.000354093783916 0.17423881954
-0.000347189648119 0.000341228993346 0.174489444516
-0.000423047473856 0.000315295263024 0.174739444516
-0.00049540605178 0.000277721720964 0.174990069492
-0.000555555504887 0.000232429363393 0.175240069492
-0.000595674939978 0.0001848994046 0.175490690634
-0.000617179550971 0.000138269723001 0.175740690634
-0.000627823806596 9.23984037529e-05 0.175990690634
-0.000631055113051 4.74354225681e-05 0.176240686776
-0.00062752160599 3.91658890589e-06 0.1764906868
-0.000623172120322 -4.00700202143e-05 0.1767406868
-0.000621856177335 -8.51658087362e-05 0.176991304084
-0.000616258562799 -0.000128677433804 0.177241304084
-0.000598966519561 -0.000169577593066 0.177491304084
-0.000574451000812 -0.000209700105449 0.177741304108
-0.000549511360207 -0.000249680150902 0.17799130025
-0.000521063022103 -0.000288350906418 0.178241300274
-0.000482297647967 -0.000324044098727 0.178491921392
-0.000432121822153 -0.00035508124472 0.178741921416
-0.000374188202617 -0.000379788783074 0.178991917582
-0.000313656460353 -0.000397013381307 0.1792425387
-0.000255047287506 -0.00040619855062 0.179492538724
-0.000198221586819 -0.000406156060419 0.179743159866
-0.000139144979784 -0.000394115908818 0.179993156008
-7.70394530032e-05 -0.000367830249358 0.18024377715
-1.8644006122e-05 -0.00032852100422 0.180494398292
2.51558724295e-05 -0.00028081403209 0.18074501941
4.74645785434e-05 -0.000228601873063 0.180995640552
5.2072686149e-05 -0.000170614443036 0.181246261671
4.90090803283e-05 -0.000103345101987 0.181496882789
4.19081900105e-05 -2.8678885623e-05 0.181747503931
2.41263626216e-05 4.57791247485e-05 0.181998125049
-1.03913707837e-05 0.000113608908165 0.182248750024
-5.79184550371e-05 0.000172125180992 0.182499371142
-0.000112379528934 0.000219296609552 0.182749992284
-0.000174205579248 0.000252622241115 0.182999992284
-0.000241750485242 0.000271063537778 0.183249992284
-0.000305461993567 0.000275962707767 0.183499996142
-0.00036021088045 0.000269258474475 0.183749996142
-0.000409577443063 0.0002517195305 0.184
-0.000454075639939 0.000224762717148 0.18425
-0.000487174136981 0.000192425143196 0.1845