1480
-0.000378571906291 -0.000517220528943 -0.185
-0.0003341712713 -0.000528660094563 -0.18475
-0.000291850580289 -0.000544339371068 -0.184499375024
-0.00025106516505 -0.000561521470002 -0.184248753882
-0.000208643361703 -0.000574443814941 -0.183998128882
-0.000163275952141 -0.000581149119494 -0.183746882764
-0.0001171417746 -0.00058377878438 -0.183495636621
-7.38851179529e-05 -0.000585951929235 -0.183244390479
-3.43361890108e-05 -0.000587989950906 -0.182993765431
5.57617164907e-06 -0.000583333052945 -0.182742519265
4.89112481691e-05 -0.00056459766123 -0.182491276956
9.28524131927e-05 -0.000531648075144 -0.182240030814
0.000131336270397 -0.000491003543522 -0.181988159696
0.000159097872571 -0.000451249027639 -0.181736909672
0.000175067390484 -0.000414158243754 -0.181485655814
0.000182243427221 -0.000369332366969 -0.18123439424
0.00018226999939 -0.000306687980499 -0.180982511549
0.000173129365939 -0.000229862120209 -0.180730628857
0.000152446994936 -0.000150783391874 -0.180478125047
0.000119802855404 -7.95609651885e-05 -0.180225621237
7.51991394505e-05 -2.4587025619e-05 -0.179973117428
1.85542112984e-05 8.59700421176e-06 -0.179719984784
-4.64729253096e-05 2.36231219739e-05 -0.179466234881
-0.000111421946803 2.99806529435e-05 -0.179211856119
-0.000168577673299 3.35104546075e-05 -0.17895871957
-0.000215266348791 3.38714194444e-05 -0.178705575305
-0.000254404002535 2.51970314663e-05 -0.178452431016
-0.000290775384916 -4.2184877705e-07 -0.178198669491
-0.000323629915395 -4.27540297364e-05 -0.17794366573
-0.000346769074604 -9.06461600698e-05 -0.177688650395
-0.00035654658092 -0.000133563534084 -0.177433635036
-0.000355093183794 -0.000170647401229 -0.177179861913
-0.000346281389935 -0.000207100273995 -0.17692548308
-0.000332335307664 -0.000246503904952 -0.176671108104
-0.000314008471295 -0.000288167905271 -0.176416733104
-0.00029135111083 -0.000325643676209 -0.176162369702
-0.000264527246018 -0.000350500215163 -0.175908627418
-0.000234952321984 -0.000363124126383 -0.175656131251
-0.000204606221498 -0.00037116811528 -0.175403635084
-0.000174535479513 -0.000378063226127 -0.175151142799
-0.000144500064932 -0.000382926945511 -0.174898654397
-0.00011433508783 -0.000386204219301 -0.174646787112
-8.42359369489e-05 -0.000389232200767 -0.174394298758
-5.26592682957e-05 -0.000389219998711 -0.174142427663
-1.49122521739e-05 -0.000377118627065 -0.173890560427
3.1585736115e-05 -0.000346222141076 -0.173638693214
8.13682024883e-05 -0.000302926583223 -0.173386829884
0.000125878151081 -0.000260841073323 -0.173134958814
0.00016251565994 -0.000224012595548 -0.17288371272
0.00019372020653 -0.000184320184468 -0.172632470484
0.0002201872294 -0.000134764705678 -0.17238122439
0.000239846941343 -7.49477980977e-05 -0.172130599414
0.000250269925647 -7.032688599e-06 -0.171879357154
0.000249377379124 6.39773654931e-05 -0.171628732178
0.000235828792207 0.000130310106735 -0.17137748606
0.000209485312538 0.000187119807854 -0.171126239942
0.000171137384377 0.00023588483296 -0.170874993824
0.000122220576903 0.000278590091164 -0.170623118872
6.44704146015e-05 0.00031203005457 -0.170370618944
6.30453008828e-07 0.000334491555679 -0.170117494041
-6.45455763644e-05 0.00034928275192 -0.169864361373
-0.000127329488198 0.0003545114942 -0.16961122873
-0.000186917888484 0.000343503846689 -0.169356846111
-0.000240576723484 0.000318273291208 -0.169102463492
-0.000284397675643 0.000285475171629 -0.168848080849
-0.000318158151186 0.000244018088499 -0.168593080921
-0.000341862970663 0.000193406379352 -0.168338081018
-0.000353264240402 0.00014243564935 -0.168082456091
-0.000351899198097 9.99018857833e-05 -0.16782869066
-0.000340133355297 6.79175726391e-05 -0.167574932897
-0.000320965786941 4.46826807942e-05 -0.167321803967
-0.000296820509768 2.64237625004e-05 -0.167069296179
-0.000269240179244 8.85808719194e-06 -0.166816175014
-0.000239049878321 -7.11746487641e-06 -0.166563674941
-0.000207032750688 -1.54935627801e-05 -0.166311174893
-0.000173843845033 -1.68422539966e-05 -0.166058674845
-0.000140055058968 -2.04089601997e-05 -0.16580679982
-0.000106813665336 -2.98268964108e-05 -0.165553686417
-7.45148245843e-05 -3.8043297679e-05 -0.165301194156
-4.21273892558e-05 -3.92301986877e-05 -0.165049323038
-9.23128835238e-06 -3.57412171189e-05 -0.164797455801
2.41054454422e-05 -2.96152878074e-05 -0.164545584707
5.85264150591e-05 -1.89181151412e-05 -0.164293717494
9.31111850751e-05 -5.84023597938e-06 -0.164041850282
0.000126867161729 8.26795515719e-06 -0.163790604164
0.000161150103893 3.27735007639e-05 -0.163539358069
0.000195434988609 7.55781670746e-05 -0.163287490858
0.000225819672712 0.000132848314019 -0.163036248621
0.000248582816449 0.000196994140398 -0.162785002528
0.00026147162031 0.000261426650056 -0.162533760268
0.000263432494054 0.000323758885918 -0.16228251415
0.000253458065613 0.000390250188157 -0.162030643032
0.000230212784413 0.000466950752587 -0.161779393056
0.000194215501231 0.00054631226977 -0.161526896962
0.000148381011491 0.000612266245989 -0.161275022011
9.53505457596e-05 0.000656540101397 -0.161022522035
3.66778319865e-05 0.000681689029112 -0.160769397107
-2.55939084405e-05 0.00069217325635 -0.160516268274
-8.83508488665e-05 0.000690949967944 -0.160261889512
-0.000147737363721 0.0006815606004 -0.160008131869
-0.000200179933754 0.000666206506758 -0.159753745392
-0.000243756639126 0.000643125704126 -0.159499980033
-0.00027792729428 0.000609216891828 -0.159245585863
-0.00030208033648 0.000564676429868 -0.158989953268
-0.000315175784842 0.000514721730301 -0.158734949483
-0.000316836448618 0.000465224057212 -0.158479324556
-0.000307871113949 0.000418068401219 -0.158224316865
-0.000289525495269 0.000373133626257 -0.157969316889
-0.000263094734305 0.000330010042288 -0.157714328511
-0.00022999391784 0.000289627053957 -0.157459351731
-0.000192685781082 0.000257049804647 -0.157204996068
-0.000154204269899 0.000236530299379 -0.156951257665
-0.000116604166775 0.000227323134619 -0.156698765357
-8.05280102356e-05 0.00022597659613 -0.156446269191
-4.58579062664e-05 0.000228430281132 -0.156194398024
-1.25443113944e-05 0.000233555798015 -0.15594253074
1.95861952917e-05 0.000244394736911 -0.155691288479
5.1728534421e-05 0.000264677882463 -0.155439417361
8.53859914925e-05 0.000295552685628 -0.155188792384
0.000120776474614 0.000332581560854 -0.154937542432
0.000156483909459 0.00036931378303 -0.154685679078
0.0001910648392 0.000405175600265 -0.154434432984
0.000223566647731 0.00044396168022 -0.15418381189
0.000252802533691 0.000490097495465 -0.153932565796
0.000276885923928 0.000546807773 -0.15368132356
0.000293826385561 0.000609453593437 -0.153430702418
0.00030322710664 0.000666878824454 -0.153179460158
0.00030571361019 0.000713740658079 -0.152928839016
0.000299930746288 0.000757055961686 -0.152678214016
0.000282300181585 0.000806868900773 -0.15242759285
0.000251389553706 0.000861829699541 -0.152176342874
0.000209479319904 0.000911267099959 -0.151925092875
0.000158929530513 0.000948898757783 -0.151672589065
0.000100708305369 0.000976159279649 -0.151420085279
3.68202852018e-05 0.000995154331162 -0.15116695647
-2.87015487766e-05 0.00100381286859 -0.150913198826
-9.15168735321e-05 0.000998173089936 -0.150659437301
-0.000148418859318 0.000977449819664 -0.150405054682
-0.000196915293281 0.000944783285263 -0.150150047086
-0.000234894087824 0.000902399400618 -0.149894414491
-0.000260855204912 0.000851504468492 -0.14963878573
-0.00027423085603 0.000799256704884 -0.149383778087
-0.000276052834639 0.000757262418142 -0.149128774278
-0.000268900235312 0.00073150876777 -0.148875641514
-0.000254780610758 0.000716169409179 -0.148623754821
-0.000233100933859 0.000698285460423 -0.148370622057
-0.000202688263966 0.000672392241168 -0.148117481626
-0.000164963230552 0.000644089003318 -0.147863095101
-0.000122932803951 0.000619768226765 -0.147609337409
-7.95561845357e-05 0.00060268576684 -0.14735559129
-3.78066586208e-05 0.000595353429141 -0.14710247403
2.84098070158e-07 0.000598903334779 -0.146849981745
3.5401702006e-05 0.00060995883351 -0.146598739437
7.01278133893e-05 0.000621094434459 -0.14634687601
0.000104913817868 0.000629397171361 -0.146095012583
0.000137872577076 0.000641788914691 -0.145843141464
0.000168717668352 0.000665127935786 -0.145591899156
0.00019924667823 0.000694645494526 -0.145340653013
0.000230513747854 0.000720049207373 -0.145089406847
0.000261828663337 0.000741870840996 -0.144838160705
0.000291014940676 0.000772895375578 -0.144587531799
0.000315332058698 0.000820772996547 -0.144336285633
0.000332945628823 0.000880163251336 -0.144085035609
0.000342353023009 0.000945733364751 -0.143833160609
0.000341854649492 0.00101528708923 -0.143581906751
0.000331883415795 0.00108197700828 -0.143330035633
0.00031276763482 0.00114226019677 -0.143078164515
0.000281570952253 0.00120100097989 -0.142825668397
0.000237244206261 0.00125851827719 -0.142573168469
0.000183813045075 0.00130703065512 -0.142320047424
0.000125526034363 0.00134091614472 -0.142066305236
6.51010722511e-05 0.00135845451592 -0.141813180309
5.38188830458e-06 0.00135780715149 -0.141559434263
-5.20812980247e-05 0.00134031029026 -0.141305684384
-0.00010665446539 0.00131214341014 -0.141051309529
-0.000155341199869 0.00127555982841 -0.140797555768
-0.000194055504127 0.00122668127729 -0.140543184794
-0.00022091247425 0.0011666129194 -0.140289434963
-0.000235470268836 0.00110144296093 -0.140036313966
-0.000236698065431 0.00103196188981 -0.139782571874
-0.000223867554438 0.000958093328404 -0.139530072043
-0.000198571112628 0.000885912478081 -0.139277579999
-0.000164220610502 0.000822625564844 -0.13902570905
-0.000125514009948 0.000773839143973 -0.138774463076
-8.74898349419e-05 0.000742645815982 -0.138523213268
-5.07125328575e-05 0.000722838149324 -0.138272584603
-1.09939017962e-05 0.000703073784793 -0.138021334796
3.17594470116e-05 0.000681384378054 -0.137770081082
7.34827569552e-05 0.000662017665865 -0.137519444581
0.000113128581521 0.0006446301672 -0.137268186938
0.000150395053781 0.000628504201762 -0.137016925341
0.000183638049021 0.000615946742048 -0.136765667505
0.000214709232703 0.000605159171248 -0.13651316348
0.000247446816887 0.000589966051475 -0.136261905523
0.000281302561545 0.000570595119721 -0.136010034068
0.000312806335468 0.000554473582081 -0.135757545352
0.000341885225371 0.000541523383007 -0.135503818329
0.000371710545445 0.00052213520416 -0.135251329708
0.000402561945161 0.000494386510196 -0.135000708276
0.000429275094116 0.000468995895754 -0.134749465726
0.000445705038211 0.000454823699968 -0.134493863801
0.000450278363387 0.000448844824762 -0.13423575821
0.000446621733822 0.000440739187536 -0.133977637237
0.000439191053106 0.000422617223202 -0.133721379691
0.000427886786959 0.000394410419034 -0.133468235547
0.000405280003923 0.000363629450004 -0.133215087713
0.000363572506719 0.000336246971553 -0.132959447765
0.000306850484442 0.000306739500158 -0.132703186675
0.000246539289968 0.000265046558134 -0.132450042772
0.000188515627051 0.000208160930235 -0.132200016058
0.000134646690821 0.000137523841513 -0.131953743032
8.72871856776e-05 5.44777938302e-05 -0.131710591004
4.69876375945e-05 -3.67375323127e-05 -0.131468079383
1.39959627512e-05 -0.000130170711579 -0.13122619662
-8.23892254595e-06 -0.000225011399871 -0.13098431388
-1.70781898525e-05 -0.000321258780649 -0.130741806116
-1.62293216528e-05 -0.000409374391148 -0.130497423376
-1.09837735055e-05 -0.000478976680401 -0.130251165636
4.17205390872e-07 -0.000534593792462 -0.13000240792
2.45846709674e-05 -0.00058841219936 -0.129752396346
6.30456548951e-05 -0.000642371509269 -0.129501134748
0.000109745074872 -0.00068763936792 -0.129247380939
0.000158300267006 -0.000717691648192 -0.128993623223
0.000206642091349 -0.000733231592793 -0.128739873175
0.000253316317989 -0.00073585657285 -0.128486127008
0.000295484920204 -0.000725387684825 -0.128233009699
0.000332424699641 -0.000703686709275 -0.127981142367
0.000366067423136 -0.000674902958389 -0.127729903916
0.000398641105394 -0.000642979157258 -0.127479290489
0.000430427846538 -0.000609307686167 -0.127228677134
0.000459468438028 -0.000571051210448 -0.126979306112
0.000485209448988 -0.000525326814643 -0.126730563996
0.000509744393885 -0.000473554024956 -0.126483067999
0.000534298424391 -0.000417029135338 -0.126235575957
0.000558473417161 -0.000354049182391 -0.125989322317
0.000581822941855 -0.000285106654692 -0.125743685961
0.000604089850304 -0.000213854888268 -0.125498678392
0.000624425368263 -0.000141964874236 -0.125253045846
0.00064102127366 -6.68497010532e-05 -0.125008655513
0.000651087373203 1.59203560257e-05 -0.124764261249
0.000651819107162 0.000108126911257 -0.124521113007
0.000642274833141 0.000204806844484 -0.124277343598
0.000624310146285 0.000295440267762 -0.124032956881
0.000600188944663 0.000372282942976 -0.123787320187
0.000569033112608 0.000437478761675 -0.123539816257
0.000528618469869 0.000496208636643 -0.12329106235
0.000479937429329 0.000545465015267 -0.123040437374
0.000425337454762 0.000579587731956 -0.12278917973
0.000365582130844 0.000600364871477 -0.122536050992
0.000302560039944 0.000611565368369 -0.122282293445
0.00024023386255 0.000610970131534 -0.122027910873
0.000181896041445 0.000593083491819 -0.121774157184
0.000129231076768 0.0005541124334 -0.121521032328
8.32627596489e-05 0.000493122600574 -0.121269786307
4.57010728083e-05 0.000414399384403 -0.121019790333
1.9538010971e-05 0.000329927412995 -0.120771665501
6.46992025578e-06 0.000249594236643 -0.120524802291
4.88203196386e-06 0.000170277858365 -0.120279817963
1.25608878927e-05 8.52810353879e-05 -0.120035466423
2.85931822582e-05 -4.95402077118e-06 -0.119792357191
5.22238605251e-05 -9.40086989539e-05 -0.119550482503
8.18116027977e-05 -0.000172334035307 -0.11930674058
0.000114734413317 -0.00023520772774 -0.119062377516
0.000148950790835 -0.000287711679902 -0.118816143309
0.000183681310522 -0.000337570569224 -0.118569280197
0.000218681573651 -0.000388936787441 -0.118322405367
0.000253579038784 -0.000441338463721 -0.118076143867
0.000288143314754 -0.000490982558369 -0.117828643892
0.00032251561836 -0.00053672045939 -0.117581139842
0.000355984850844 -0.000583150747684 -0.117333014386
0.00038768794762 -0.000631528292106 -0.117085502235
0.000419398695588 -0.00067462801996 -0.116837361298
0.000452954746532 -0.000708347933807 -0.116587349363
0.000487382445637 -0.00073557798038 -0.116336716261
0.000523214318962 -0.000752945749639 -0.116084837089
0.000561869923888 -0.000752017110667 -0.11583109466
0.000600224000044 -0.000734496227417 -0.115575477399
0.000633235139788 -0.0007095695642 -0.115320473612
0.000658777047497 -0.000680840426037 -0.115066715944
0.000676773928984 -0.000644036006869 -0.114812962206
0.000686872347452 -0.000590962264624 -0.114560462302
0.000687009168396 -0.00051969429184 -0.114309829609
0.000675077348266 -0.000438250827715 -0.114060454584
0.000650782345192 -0.00035083635414 -0.113814200604
0.000615030454494 -0.000259139984995 -0.113569817742
0.000569573821871 -0.000172432730093 -0.113326059904
0.000516727610685 -9.58178110271e-05 -0.11308167316
0.000459415028173 -2.49742640938e-05 -0.112836649819
0.000401489693728 4.12747617069e-05 -0.112590990025
0.000346442246602 9.8377636142e-05 -0.112342822683
0.000296824042186 0.00014245445149 -0.112091526533
0.000254831838937 0.000172971461242 -0.111835238147
0.000222795028934 0.000192963634225 -0.111575836456
0.000202701049337 0.000206965474013 -0.111314567602
0.000195558258438 0.000218614374294 -0.111052670009
0.000201263997428 0.000230093982413 -0.11079140506
0.000218941642697 0.000242507735333 -0.110530799616
0.000246916486614 0.000257981726213 -0.110271478653
0.000282426505832 0.00027950896505 -0.110014657569
0.00032202684792 0.000308953688426 -0.109761555598
0.000362198293214 0.00034673107237 -0.109510938218
0.000400874286404 0.000390157182379 -0.109262192005
0.000437612054045 0.000435030330998 -0.109013461319
0.000472348935847 0.000478297281868 -0.108765355657
0.000506281857764 0.00051597420657 -0.108515996185
0.000539933971605 0.000545604430109 -0.10826600395
0.00057017914059 0.000571837590369 -0.108014761738
0.000595300753458 0.00059995966206 -0.107763507905
0.000618935376713 0.00062587988122 -0.107511011787
0.000644175379623 0.000643349479871 -0.107257890645
0.000669104316432 0.0006550192869 -0.107004144551
0.000690545258708 0.00066635861806 -0.106749156196
0.000707636231216 0.000676677327013 -0.106493538983
0.000720280144221 0.000683476713721 -0.106236679583
0.000726125407177 0.000688412532673 -0.10597982023
0.000722488700515 0.000692756742055 -0.105721113028
0.000710974253622 0.000691620538132 -0.105463026944
0.000694835526243 0.000679908802075 -0.105206800381
0.000673266111699 0.000658344612205 -0.104952421836
0.000644357933756 0.00062828430161 -0.104699277837
0.000608918874221 0.000588332090964 -0.104448008789
0.000567261814673 0.000537951553046 -0.104199231954
0.00051947392678 0.000477398599047 -0.103951701261
0.000467747292101 0.000406469241627 -0.103706670496
0.000413936441726 0.000326916371778 -0.10346352235
0.000362135740228 0.000240135651806 -0.103221010801
0.000320422299512 0.000143578384036 -0.102981620249
0.00029352302532 3.63126915422e-05 -0.102744104625
0.00028054292582 -7.6556198566e-05 -0.102507831237
0.000280334818978 -0.000188982534942 -0.102270315612
0.000292475693843 -0.000296397724396 -0.102032174963
0.000314343028067 -0.000392519096488 -0.101790917126
0.000341927614862 -0.000471262275819 -0.101547159337
0.000373184862935 -0.00053165005824 -0.101300901549
0.000409247453477 -0.000577832616311 -0.101052768761
0.000453640192077 -0.000616197828999 -0.100803385949
0.000508855714546 -0.000650531699784 -0.10055337035
0.000570910681937 -0.000677191771775 -0.100302112442
0.000630763656979 -0.000688685553071 -0.100050850653
0.000681868783987 -0.000681663537751 -0.0998002176967
0.000724188271974 -0.000659050064246 -0.0995502098127
0.000762672812006 -0.000627487111615 -0.0993014519764
0.000802382855131 -0.000593179195289 -0.0990520770004
0.000844431972484 -0.000558540643268 -0.0988033270965
0.000886974027209 -0.000522642087901 -0.0985551983592
0.000928881595676 -0.000484725208996 -0.0983070773861
0.000970741595175 -0.000446267222474 -0.0980595736976
0.00101212713072 -0.000405991748897 -0.0978120739154
0.00105102529388 -0.000356525783979 -0.0975658163934
0.00108712004321 -0.000295038322526 -0.0973208011078
0.00112152127258 -0.000226992108849 -0.097077031916
0.00115346688418 -0.000153874896095 -0.0968338876518
0.00118108101614 -7.46402093713e-05 -0.0965907433873
0.00120377694845 6.8506454415e-06 -0.0963482201683
0.00122007759415 8.97416213378e-05 -0.0961050757588
0.00122550872549 0.000180449326612 -0.0958619313008
0.00121595569031 0.000282195105595 -0.0956187868182
0.00119314633025 0.000385176230617 -0.0953743923117
0.00116357274824 0.000473136740878 -0.0951275094032
0.00113068517197 0.000539321713448 -0.0948781381404
0.00109223381806 0.000589439610159 -0.0946268919493
0.00104569997707 0.000630884986538 -0.0943737747362
0.000992487227032 0.000665393605137 -0.0941200287136
0.000937075171316 0.000688830301551 -0.0938650327634
0.000884203284656 0.00069252591188 -0.0936087868138
0.000836314472655 0.000668101999619 -0.0933531581245
0.000793993360786 0.000615909838242 -0.0930975332692
0.000758679504661 0.000546279059958 -0.0928431584138
0.00073297715127 0.000471215124531 -0.0925919046042
0.000718581819377 0.00039810969875 -0.0923425257945
0.000715380496567 0.000327011957791 -0.0920950296765
0.00072241946366 0.000250805915363 -0.0918500258187
0.000739326451144 0.000163745750176 -0.091606896937
0.000765702280222 6.93478420885e-05 -0.0913656354114
0.000799625667547 -2.33997530697e-05 -0.0911256278156
0.000838342087432 -0.000109343619332 -0.0908849990783
0.000879341027674 -0.000187442891262 -0.0906431203416
0.0009192895146 -0.000254033618692 -0.090399979936
0.000955645339553 -0.000307375423455 -0.0901543433644
0.00099029844068 -0.000355589910659 -0.0899074567447
0.00102656871 -0.000408386132176 -0.0896611949804
0.00106376043214 -0.000464926792384 -0.0894155580952
0.00109904584153 -0.000517108444513 -0.0891693038531
0.00113188303857 -0.000560201730818 -0.0889205573499
0.00116377786747 -0.000596132078337 -0.08867117813
0.00119582767478 -0.000630097968343 -0.088420552744
0.00122778078888 -0.000663795765304 -0.0881705484516
0.00125848463447 -0.000690412844807 -0.087919302019
0.00128628105814 -0.000700825511822 -0.087664961666
0.00130950870204 -0.000695066557182 -0.0874087541256
0.00132828628832 -0.000684484119537 -0.087152534964
0.00134474103224 -0.000680592669804 -0.0868987849155
0.00135817206401 -0.000678536951688 -0.0866462617678
0.00136148622513 -0.000660504293429 -0.0863925002659
0.00134851725715 -0.000620432783171 -0.0861375042201
0.00132036660566 -0.00056819530247 -0.0858837581016
0.00127995754986 -0.000512031770449 -0.0856306408168
0.00123090996194 -0.000457739888377 -0.0853787735072
0.00118012378405 -0.000413495661456 -0.0851269100316
0.00113035896287 -0.000380968866996 -0.0848744292961
0.00107889325533 -0.000354504610844 -0.084620081325
0.00102674327962 -0.000330860488136 -0.0843644795683
0.00097939490402 -0.000310329049699 -0.08410699905
0.000940794687595 -0.000291144487639 -0.0838495030759
0.000912770948982 -0.000269957917486 -0.0835919839071
0.000898970040426 -0.000247767798887 -0.0833350703536
0.000903490543283 -0.000227963706865 -0.0830775278951
0.000925448278696 -0.000208346090525 -0.0828193643427
0.000960351360834 -0.000183476294496 -0.0825624508139
0.00100409766073 -0.000149994356443 -0.0823086583787
0.00105241471282 -0.000106060086961 -0.0820586236344
0.00110375253738 -5.30027587858e-05 -0.0818111042734
0.00115905495555 6.24458620904e-06 -0.0815654637461
0.00121441252282 7.16507765339e-05 -0.0813216942888
0.0012647928326 0.000142841757291 -0.0810797921633
0.00131281604903 0.000215874607804 -0.0808379055413
0.0013612976571 0.000287337152742 -0.0805954017312
0.00140378291624 0.000356938956821 -0.0803522690878
0.00143504332811 0.00042403135172 -0.0801085114206
0.00145978212682 0.000485749118243 -0.0798628748954
0.00148138255977 0.000540325167497 -0.0796159883462
0.00149658198031 0.000589336830976 -0.0793672267488
0.00150469899105 0.000634471791169 -0.0791172151272
0.00150960961056 0.00067506584104 -0.0788659573393
0.00151502378669 0.000709364122535 -0.0786134534332
0.00152217408703 0.000736357028992 -0.0783609495509
0.00152603012124 0.000758691814043 -0.0781071996224
0.00151506538065 0.000781992103832 -0.0778522074578
0.0014819616703 0.00080761870343 -0.0775947307975
0.00143204610709 0.000829518602182 -0.0773366291855
0.00137874982548 0.000839482024742 -0.0770791449061
0.00133251969262 0.000833280897423 -0.0768241374551
0.00129202783212 0.000812435063977 -0.0765716144766
0.0012465956453 0.000780713581085 -0.0763209625923
0.00118993183772 0.000739220615788 -0.0760721895182
0.00112673855831 0.00068614715823 -0.0758246702539
0.00106606969358 0.00061956468369 -0.0755802720111
0.00101480495984 0.000538655016442 -0.075338990932
0.000973589072507 0.000444525533667 -0.0751002058984
0.000939540315516 0.000340278425135 -0.0748632996503
0.000913795135984 0.000228722774223 -0.0746276434016
0.000898139212482 0.000113081213894 -0.0743926198443
0.000891146890597 -1.15476453356e-06 -0.0741569790267
0.000894941885097 -0.000111248856187 -0.0739200920912
0.000914264234898 -0.000218000790385 -0.0736819552038
0.000948852208281 -0.000319351029283 -0.0734419433648
0.000994992987572 -0.000410932914754 -0.0731994393139
0.00104648972834 -0.000487324416418 -0.0729544314537
0.00109304827751 -0.000541787440773 -0.0727069274996
0.00112917207255 -0.000573297787288 -0.0724569274277
0.00116144485787 -0.000589541511335 -0.072206298426
0.00119943998514 -0.000598083747818 -0.0719550444244
0.00124449869332 -0.000599813758591 -0.0717025442806
0.00129043273552 -0.000591630790041 -0.0714506691367
0.00133080835952 -0.000571409962858 -0.0711994151347
0.00136423070532 -0.000540056644469 -0.0709487938727
0.00139377420105 -0.000500474108484 -0.0706994187767
0.00142260638028 -0.000455354272111 -0.070450668729
0.00145103080307 -0.000405647228409 -0.0702031687296
0.00147812772308 -0.000351167239172 -0.0699562938024
0.00150427053096 -0.000292535587869 -0.0697100439478
0.00152948224827 -0.000230040586851 -0.0694650364016
0.0015522539634 -0.00016219864686 -0.0692206538555
0.00157265608276 -8.96467890004e-05 -0.0689775173795
0.00159249392494 -1.59243384646e-05 -0.0687343808796
0.00160990105504 6.00613328626e-05 -0.0684924904732
0.00161849180811 0.000144462800653 -0.068251224946
0.00161536936531 0.000237183941162 -0.0680112054164
0.00160470742104 0.000329516583762 -0.0677705647203
0.00159060610163 0.000414528824458 -0.0675286817633
0.00157193399266 0.000491747146877 -0.0672855488054
0.00154458580105 0.000563065882275 -0.0670411696806
0.00150520887196 0.000629047694099 -0.066794919462
0.00145263964652 0.000688639318908 -0.0665467904581
0.00138763149006 0.000740481744976 -0.0662961615269
0.00131474447875 0.00078179860951 -0.0660442787618
0.00124419814915 0.000805778103525 -0.0657905248793
0.00118534634346 0.000805232501803 -0.0655348999748
0.0011384669877 0.000781544683083 -0.0652786500945
0.00109838939132 0.000745254413679 -0.0650224040723
0.00106384491538 0.00070496029507 -0.0647680213808
0.00103976474398 0.000658002977665 -0.0645142713813
0.00103174984449 0.000596648447099 -0.0642630174513
0.00103968163756 0.000522473457038 -0.0640130250951
0.00105910168791 0.000444553044785 -0.0637655327383
0.00108861138756 0.000364963085438 -0.0635199153575
0.00113106209708 0.000279515637482 -0.0632755480246
0.00118609456827 0.000189840094252 -0.0630330440935
0.0012442430747 0.000106520965456 -0.0627905363524
0.00129138942878 3.97486314158e-05 -0.0625461502115
0.00132383669616 -1.2667391702e-05 -0.0622990214347
0.00135236416167 -6.20812682821e-05 -0.062051264119
0.00138652684058 -0.00011539889339 -0.0618039333544
0.00142548326543 -0.00017207218267 -0.061557031482
0.00146299835069 -0.000229155128703 -0.0613101889395
0.00149204563884 -0.000283364833341 -0.0610627876475
0.00150878479678 -0.000331913921855 -0.0608141482188
0.00151650702148 -0.000374751638795 -0.0605639594517
0.00152086409719 -0.000413505582187 -0.0603127137408
0.00152158936607 -0.000446943072536 -0.0600599754991
0.00151603881519 -0.000472854827199 -0.0598053114187
0.00150629459924 -0.000493262639187 -0.0595495903223
0.00149459769017 -0.000510745754041 -0.0592938651315
0.00148016940329 -0.000525636942701 -0.0590383854721
0.00146367009668 -0.000538864257903 -0.0587835231164
0.00144297196724 -0.000549761390639 -0.0585291525561
0.00141138775567 -0.000556455498345 -0.0582747148014
0.0013697802046 -0.000560931637461 -0.0580206497173
0.00132640391464 -0.000566399760727 -0.0577673955586
0.00128383887714 -0.00057359595689 -0.0575147030896
0.00123827913306 -0.000582775741402 -0.0572618269589
0.00118731858105 -0.000595237736228 -0.0570078972134
0.00113607564769 -0.000611983146749 -0.0567525354051
0.00109601080607 -0.000632216273724 -0.0564956690272
0.00107309749096 -0.000654304189854 -0.0562372286334
0.00106222351101 -0.000676657718822 -0.0559771555797
0.00105846494116 -0.000696258823519 -0.0557160212297
0.0010652646513 -0.000709151169967 -0.0554549509253
0.00108640079667 -0.000712304832441 -0.0551949353449
0.00111957683065 -0.000703619858808 -0.0549369069082
0.00116106404239 -0.000681631186999 -0.054681621026
0.00120888356136 -0.00064577758136 -0.0544297108142
0.0012612416488 -0.000596255219508 -0.0541812429998
0.00131397740036 -0.000533970771097 -0.0539362796826
0.0013611780747 -0.000460779621584 -0.0536945107202
0.00140151081926 -0.000379022095766 -0.0534553775403
0.00143889243873 -0.000290259911932 -0.0532180044435
0.00147699324234 -0.000195328210492 -0.0529819446808
0.00151687091362 -9.5180984295e-05 -0.0527466303413
0.00155309732712 6.91356525629e-06 -0.052511382029
0.00157550238623 0.000104871815723 -0.0522749551669
0.00158170112736 0.000195011488784 -0.0520366526008
0.001580416466 0.000278818624402 -0.0517964662028
0.00158108900228 0.000358489324142 -0.0515547084245
0.00158649466823 0.000433185115568 -0.0513111358074
0.00159226964359 0.000499979406421 -0.0510656248874
0.00159158285926 0.000557208213708 -0.0508181158675
0.00158435487251 0.000605995776439 -0.0505690466287
0.00157695392879 0.00064794458854 -0.0503187312164
0.00156833458599 0.000683473474122 -0.0500674189119
0.00154798032496 0.000712345791787 -0.0498151109303
0.00151091748843 0.000733703584466 -0.0495617451719
0.00146203219561 0.000746204636977 -0.0493078821742
0.00140602294782 0.000748449775191 -0.0490541453917
0.00134583772226 0.000739273183713 -0.0488010340431
0.00128761950729 0.000718545231788 -0.0485492313103
0.00123405374154 0.000686386193591 -0.0482990484784
0.00118018053322 0.0006415457951 -0.0480507344092
0.00112092651624 0.000582212520214 -0.0478044804818
0.00105697434004 0.000508045711868 -0.0475606003322
0.000996577156532 0.000421449279137 -0.0473190306623
0.000949839508714 0.000326011718266 -0.0470795172281
0.000918389179033 0.000223718230392 -0.0468414370018
0.000898480328513 0.000116133162762 -0.0466042969562
0.000890613891798 6.01423326227e-06 -0.0463675400096
0.000895973609933 -0.000103701148528 -0.0461303540624
0.000911446672778 -0.000209678945959 -0.0458921075804
0.000935963982334 -0.00030877323299 -0.0456522350059
0.0009711043756 -0.000399085222388 -0.0454102371273
0.00101614374829 -0.000478938463424 -0.0451659260518
0.00107186895563 -0.000547398319848 -0.0449190490791
0.0011384828603 -0.000603545352215 -0.0446695448714
0.00120707603639 -0.00064469780033 -0.0444178516761
0.00126810799593 -0.000669376988266 -0.0441648448283
0.0013221498468 -0.000679219776925 -0.0439109644924
0.00137162227874 -0.000676176592104 -0.0436567102682
0.00141105999577 -0.000661104152462 -0.0434028958085
0.00143469442214 -0.000635383485463 -0.0431501484158
0.00144886087925 -0.000601179817367 -0.0428985282801
0.00146380078295 -0.000559895075835 -0.0426478464014
0.00147816217494 -0.000511680629017 -0.0423983551329
0.00148469876943 -0.000455979207522 -0.0421506154362
0.00148315130251 -0.000392344109088 -0.0419047492323
0.00148002723962 -0.000321644153547 -0.0416605061285
0.0014800896577 -0.00024577756932 -0.0414176368795
0.00148129744578 -0.000165387761161 -0.0411762645372
0.00147963422372 -7.99594472e-05 -0.0409363262086
0.00147608953508 9.10718391872e-06 -0.0406975738035
0.00147266281224 9.96821906463e-05 -0.0404596971218
0.00146461529644 0.000192467750933 -0.0402225094442
0.00144493000445 0.000288434806688 -0.0399860709272
0.00141500468038 0.000384377746081 -0.0397493842687
0.00138243185716 0.000475364892253 -0.0395117006261
0.00134740126537 0.000559614833988 -0.0392723333314
0.00130220424875 0.000636852300378 -0.039030904747
0.00124848041693 0.000704068964364 -0.0387866028069
0.00119898139563 0.000757506110651 -0.0385393649988
0.00115565795312 0.000796093064224 -0.038289066713
0.00110601902636 0.000820111881284 -0.0380353325857
0.00104687353584 0.000829620540768 -0.0377785356793
0.000991774540499 0.000825075602101 -0.0375197990027
0.000953970494566 0.000807473250226 -0.0372603053778
0.000936756651507 0.000778481782716 -0.0370008063327
0.000938019954398 0.000740672093194 -0.0367419947732
0.00095244569322 0.000697961163853 -0.036484434728
0.000972104827764 0.000655281177632 -0.0362288086192
0.000995512380955 0.000615056368003 -0.0359751148941
0.00103020946396 0.000576045698435 -0.0357227922846
0.00107744096988 0.000538114594491 -0.0354711560584
0.00112839342704 0.000502892590049 -0.0352200210447
0.00118139067651 0.000470677996354 -0.0349686376366
0.00124277771039 0.000442081667148 -0.0347160058508
0.00130722568871 0.000417920603696 -0.0344616268353
0.0013572543631 0.000395002601011 -0.0342068002823
0.00138636766728 0.000368826648383 -0.0339527602903
0.00140573804349 0.000340000515984 -0.0336990172586
0.00142442315055 0.000310807139675 -0.033444606311
0.00143827837512 0.000278648838172 -0.0331906659162
0.00144024882665 0.000239047355164 -0.0329389217232
0.00143267656666 0.000192940622461 -0.0326891627465
0.00142563088294 0.000146044003845 -0.032439477467
0.00142124443108 9.96394881506e-05 -0.0321897636882
0.00140835600979 4.92362628532e-05 -0.0319412532441
0.00138073526109 -5.93417122996e-06 -0.0316939932456
0.00134707318754 -6.08660251676e-05 -0.0314464811028
0.00131652903106 -0.000111775565193 -0.0311982044666
0.00128798069325 -0.000159550516505 -0.0309494159703
0.00125428178724 -0.000208191275607 -0.03070100136
0.00121100402 -0.000261559030461 -0.0304533961868
0.00116223503013 -0.000319335545705 -0.0302064036564
0.00111528230783 -0.000377967524709 -0.0299593416437
0.00107261271696 -0.00043636682234 -0.0297119065096
0.00103447848981 -0.000495399083268 -0.02946366153
0.00100322376915 -0.00055390588183 -0.0292142934527
0.000980309911884 -0.000611840525064 -0.0289633675047
0.000965489961976 -0.000671761075856 -0.028710506017
0.000960922315787 -0.000731205529987 -0.0284556395645
0.000970429440412 -0.00078212501903 -0.0281993873533
0.000995020994974 -0.000819858608627 -0.0279425614734
0.00103313963714 -0.000843716634796 -0.0276856098247
0.00108260398686 -0.000853154584325 -0.0274291566138
0.0011405577186 -0.000847717448213 -0.0271738217965
0.00120489210541 -0.000825618934082 -0.0269204197681
0.00127254798462 -0.00078659207868 -0.0266694528192
0.00133665944947 -0.000734783021459 -0.0264209209495
0.00139451331633 -0.00067097319424 -0.0261748905288
0.00144850597503 -0.000592217799647 -0.0259318040822
0.00149474079361 -0.000502832932527 -0.0256912260651
0.00152857162864 -0.00040937255496 -0.0254519690567
0.00155224770885 -0.000311998313575 -0.0252137830834
0.00156545702379 -0.000214158340044 -0.0249759278139
0.00156599059747 -0.000122917046747 -0.0247370934923
0.00155729121931 -3.80480533485e-05 -0.0244970748769
0.00154423986282 4.44047402241e-05 -0.0242563619017
0.00152900467622 0.000125680416783 -0.0240150266828
0.00151157105787 0.000203637057056 -0.0237726976753
0.00149036562251 0.00027357842102 -0.0235287352071
0.00146512228455 0.000334016142141 -0.0232830678856
0.00143803588673 0.000388165983694 -0.0230361389591
0.00141227984887 0.000439695867041 -0.0227883940003
0.00139104372325 0.000490567224159 -0.0225400868409
0.00137358972899 0.000538207627005 -0.0222910307451
0.00135237479315 0.000575541160646 -0.0220407874917
0.00132005949603 0.000597322767012 -0.0217892340795
0.00127794276487 0.000604579456795 -0.0215368717018
0.00123498349527 0.000603067076681 -0.0212844472461
0.00119757815394 0.000596846139013 -0.0210323364599
0.00116222028775 0.000582911984266 -0.0207807939631
0.00112364097324 0.000556069440503 -0.0205301951296
0.00108150617149 0.000514010978311 -0.0202810330125
0.00103471943011 0.000452956528097 -0.020034172186
0.000983595823106 0.000369968194749 -0.0197902368398
0.000935570775941 0.000270154360658 -0.0195492335011
0.000898762292384 0.000161743744125 -0.0193104816309
0.000876311886004 4.94243724778e-05 -0.0190732976087
0.000868587557822 -6.43981633701e-05 -0.0188371131716
0.000874610629264 -0.000178161428135 -0.0186014179248
0.000892454945285 -0.000290443233915 -0.0183656536243
0.000920837318739 -0.00039847824982 -0.0181292099542
0.000960887038793 -0.000497728552118 -0.0178909673589
0.00101383245276 -0.000584543030604 -0.0176500393009
0.00107402116537 -0.000659359475735 -0.017406477852
0.00113090955291 -0.000724313971318 -0.0171609743457
0.00118232889952 -0.000778212760788 -0.0169136610974
0.00123752577839 -0.000816187490739 -0.016663292006
0.00130367315026 -0.000834206678111 -0.0164090507382
0.00137296696468 -0.000834227420354 -0.016151929921
0.00142823379405 -0.000824064697079 -0.0158944846037
0.00146290329829 -0.000809156481898 -0.0156381603204
0.00148604281016 -0.000787312887429 -0.0153823486888
0.00150532726871 -0.00075559661661 -0.0151266099253
0.00151782139932 -0.000717131398432 -0.014871744949
0.00151876748813 -0.000677132736212 -0.0146185658668
0.00150760395057 -0.000637994527347 -0.0143670769513
0.00148678425524 -0.000598814102083 -0.0141170274526
0.00146251644234 -0.000554748702906 -0.0138681662422
0.00144117137826 -0.000501075743774 -0.0136208023553
0.00142191604258 -0.000438928981867 -0.0133752444317
0.00139934321531 -0.000371856528457 -0.0131313099863
0.00137112811234 -0.000300900811279 -0.0128888786152
0.00133650369961 -0.000226548660221 -0.0126477037714
0.0012919338511 -0.000151099981572 -0.0124072873959
0.00123692113033 -7.65118436524e-05 -0.0121669470154
0.00117979008888 -1.85682211201e-06 -0.0119268685386
0.00112781215298 7.39460591969e-05 -0.011687413427
0.00107878009505 0.000148237887108 -0.0114476955337
0.00102973638689 0.000217528604592 -0.0112065883727
0.000980675849906 0.000279419770705 -0.0109632227553
0.000930156410899 0.00032972195318 -0.0107161774506
0.00088045355703 0.000366639000041 -0.0104647842923
0.000839027300854 0.000394307385203 -0.0102105451749
0.000809878866912 0.000415529452762 -0.00995436902447
0.000792938844774 0.000429484958723 -0.00969615205411
0.000789871154404 0.000438388312436 -0.00943663033755
0.000802959098174 0.000446866084743 -0.00917720120788
0.000830691263699 0.000455768755265 -0.00891808419323
0.000868625705002 0.000463783876211 -0.00865917549731
0.000913395389244 0.000473021711154 -0.0084011590657
0.000963852152191 0.000488630357525 -0.00814470770718
0.00101831230977 0.000513698963851 -0.00788962705214
0.00107169058074 0.000545660700981 -0.00763511198572
0.00111751406293 0.000578612750335 -0.00738054292571
0.00115221553112 0.000608608005498 -0.00712584889207
0.00117491098325 0.000633643674333 -0.00687083583369
0.00118534861841 0.00065077519127 -0.00661593890949
0.00118466977312 0.000658107101235 -0.00636152690767
0.0011754561496 0.000657495554667 -0.00610746744612
0.00116034396076 0.000654027518699 -0.00585291529172
0.00114032095138 0.000650744069826 -0.00559720842936
0.0011150352793 0.000641797987175 -0.00534176641786
0.0010851454694 0.000618976506309 -0.0050888899957
0.00105244868571 0.000584656454406 -0.00483836512159
0.00101825036258 0.000548160660757 -0.0045879855786
0.000983538967455 0.00051187555967 -0.00433726508775
0.000949005917818 0.000469275398607 -0.00408811763558
0.000914384844579 0.000416760667329 -0.00384161854013
0.000879751047191 0.000360824873665 -0.00359605230642
0.00084629787041 0.000309082086236 -0.00334955591643
0.000813642194859 0.00025928744943 -0.00310278842217
0.000778981309665 0.000202423577868 -0.00285781647625
0.000740717625514 0.000133991395171 -0.00261535421746
0.000700879140088 5.95839895144e-05 -0.00237395605279
0.000662363312677 -1.26731958909e-05 -0.00213194571098
0.000625584857513 -8.7037554162e-05 -0.00188992204752
0.000591306906912 -0.00017515161235 -0.00164906874428
0.000563182815487 -0.000272482637476 -0.00140790256644
0.000543912604895 -0.000364600143958 -0.00116438227873
0.000534633578277 -0.000451719790781 -0.000918330665796
0.000536987025006 -0.000539483295456 -0.000669775382815
0.000551282517998 -0.000621773553819 -0.000418490566854
0.000576025444527 -0.000688670057561 -0.000164956468928
0.000609656391928 -0.000735553006555 8.99702965525e-05
0.000651222264793 -0.000762962089124 0.000345587432086
0.000699687186747 -0.000774138450544 0.000601442890692
0.000753128495263 -0.000769289744649 0.000856963984977
0.000809566668307 -0.000745462854734 0.00111137406696
0.000866558927686 -0.000704620451881 0.00136427410055
0.000920191542147 -0.000652682096345 0.00161561651477
0.000967872859295 -0.000589689080621 0.00186505277799
0.00100936947875 -0.000511566056187 0.00211209547934
0.00104318297168 -0.000420275406433 0.00235681424548
0.00106616096668 -0.000324052300946 0.00259993731263
0.00107622564528 -0.000231115012132 0.00284238759121
0.0010745484103 -0.000143367344635 0.00308467180354
0.00106478139692 -5.48657511878e-05 0.00332649437713
0.00104889774164 3.67315016713e-05 0.00356783528382
0.00102609674116 0.000121364170908 0.00380990537739
0.000996464825382 0.000187952735991 0.00405407569491
0.000962842145748 0.000239617067666 0.00430014324691
0.00092842776283 0.000288357353325 0.00454684108304
0.000894418573894 0.000339023929862 0.0047936650072
0.000860437476061 0.000388519220868 0.00504093097591
0.000826264673823 0.000434764845701 0.005288828169
0.00079229633423 0.000478093392994 0.00553728757587
0.000758382618728 0.000517555671617 0.00578633773068
0.00072305499731 0.000550414743637 0.0060361594112
0.000685338747017 0.000575558914535 0.00628672732945
0.000647306992273 0.000595693478122 0.00653772008884
0.000611476561501 0.000613097345388 0.00678883867037
0.000574800685789 0.000622788341404 0.00704020725439
0.000530228333749 0.000614047376875 0.0072918219493
0.000477271711233 0.000582637882087 0.00754299601706
0.000426466990008 0.000538679614627 0.00779292198257
0.000387839578017 0.000494946092436 0.00804172408133
0.000359087518748 0.000448742280004 0.00828952038349
0.000331894696031 0.000385701062917 0.00853500384788
0.000303631922699 0.000297101340743 0.00877693069773
0.000279115273626 0.000187361294595 0.00901517286131
0.000266968260388 7.14054197779e-05 0.00925153082154
0.000272413242644 -3.9275566989e-05 0.00948794471144
0.00029192817659 -0.000148123214323 0.00972430072357
0.000319515229352 -0.000260433683871 0.00995978175027
0.000355297910436 -0.000369423535722 0.0101957496292
0.000403140313436 -0.000464678628142 0.0104346444689
0.000462920591889 -0.000543054264087 0.0106774164689
0.000527863160758 -0.000608009342211 0.0109233272485
0.00058785211761 -0.000664741499312 0.01117082172
0.000636426585559 -0.000715728019385 0.0114189014772
0.000676035956005 -0.000757833055957 0.0116683766716
0.000714449261823 -0.000784237118712 0.0119211106641
0.000755190211229 -0.000790909670207 0.0121778966388
0.000793377465117 -0.000781232270764 0.0124374186765
0.00082110497644 -0.0007635991275 0.0126973165387
0.000834059189218 -0.000745621620478 0.0129557168267
0.000833939041684 -0.000729281943583 0.0132122927568
0.000825919734959 -0.000710894720574 0.0134679817859
0.000812876682284 -0.000688501127844 0.0137229783409
0.000795321166545 -0.000663664794967 0.0139769691402
0.000774935014816 -0.000635500477437 0.0142299553049
0.000752847659405 -0.000603375647211 0.0144818770167
0.000729106271055 -0.000567930200354 0.0147327346565
0.000705640658941 -0.000525600495623 0.0149822265384
0.000684360997082 -0.000473512511818 0.0152299830801
0.000662169100544 -0.000416514276275 0.0154762469634
0.000632041339058 -0.000363200452367 0.0157228113631
0.000590114879538 -0.000317903563215 0.0159713514028
0.000540747192129 -0.000276877265857 0.0162215603936
0.000492500128277 -0.000232378270211 0.0164712682728
0.000449220252242 -0.000182150359133 0.0167194851336
0.000408386238057 -0.000133368255697 0.0169682726569
0.000368158115153 -9.46653951273e-05 0.0172207395162
0.000331971800714 -6.58601237591e-05 0.0174768023376
0.000304448198804 -4.10527097779e-05 0.0177343415367
0.000287468220154 -1.85348018002e-05 0.0179927016276
0.000281989487576 1.67356874939e-06 0.0182517819437
0.00028897886376 2.41663248151e-05 0.0185099545225
0.000308341023438 5.29005144075e-05 0.0187658274544
0.000339410872842 8.61864152056e-05 0.0190201437094
0.000381221686677 0.000121933440414 0.0192737847953
0.000431737987114 0.000161326558247 0.0195263730495
0.00048781924669 0.000206754175338 0.0197775219368
0.0005458215137 0.000260914889744 0.0200268615064
0.000602241899024 0.000326132621891 0.0202746471475
0.000653776690791 0.000401171326959 0.0205221789549
0.00069704581256 0.000478447874384 0.0207709452923
0.000729264429492 0.000548534103058 0.021021698055
0.00074912126956 0.000609735239162 0.0212741964972
0.000756430608987 0.000663335441304 0.0215282550765
0.000752773789124 0.000701691152851 0.0217829371508
0.000741187978836 0.000719584067032 0.0220369993339
0.000722192913657 0.000727742308604 0.0222911309898
0.000694360290939 0.000736305394999 0.022546516875
0.000660384414708 0.000738259172485 0.0228019680402
0.000626500576726 0.000721598284653 0.0230548681001
0.000595611335474 0.000686124210297 0.0233046603174
0.00056469436907 0.000643215508996 0.02355320064
0.000529674483943 0.000603831627764 0.0238027694085
0.0004917901918 0.00056753291545 0.0240531158128
0.000456130243064 0.00052479406745 0.0243020191986
0.000424610521975 0.000469540582298 0.0245482538993
0.000394675230713 0.00040524315249 0.0247926335676
0.000363406710884 0.000341528812777 0.0250371407994
0.000330195520158 0.000287075728701 0.0252831960908
0.000296224190405 0.000240566727718 0.0255304190932
0.000262668852054 0.000190099088123 0.0257768272898
0.000230419002595 0.000125637180866 0.0260210044499
0.000200779962464 4.68851732855e-05 0.0262635114825
0.000174743863333 -3.69692729069e-05 0.0265057638831
0.000151905126246 -0.00011335104772 0.0267493712677
0.000133671245534 -0.000184811213665 0.0269940960204
0.000126285121816 -0.000268396308402 0.0272391433903
0.000133596479374 -0.000364508938504 0.0274854489005
0.000151088123819 -0.000451276384792 0.0277343751575
0.000173993555456 -0.00051472986047 0.02798567369
0.000204801098443 -0.000562464531114 0.0282388533615
0.000246506860076 -0.000603361986258 0.0284937880145
0.000295533427672 -0.00063113620133 0.0287498449428
0.000347745360987 -0.000638420573402 0.0290059026571
0.000402593723999 -0.000631260345213 0.0292617748122
0.000457912554843 -0.000617781093434 0.0295172665807
0.000509261242398 -0.000595256790203 0.0297716889433
0.000554117070632 -0.00055638556816 0.0300241129189
0.00059186990696 -0.000499284340749 0.0302742900362
0.000621964704817 -0.000425866540174 0.0305223379484
0.000643813444846 -0.000336441731103 0.0307681937723
0.000656552199554 -0.000232326414838 0.0310120538932
0.000658533160177 -0.000123503869 0.0312546686654
0.000649043437383 -2.37761526185e-05 0.03149727645
0.000629873834497 6.59701828025e-05 0.0317402533491
0.000603245691536 0.000153806162286 0.0319831769206
0.000570592263237 0.000239005276048 0.0322263002774
0.000533617523257 0.000317452315931 0.0324699895703
0.000494148294568 0.000390434100335 0.0327143678703
0.000453982401966 0.000456805215792 0.0329595015303
0.000414763914336 0.000511312244522 0.0332059472825
0.000377033334781 0.000551010666726 0.0334540763145
0.000339916308889 0.000578681086397 0.0337036413417
0.000302524691311 0.000602183281516 0.0339537719912
0.000264937182361 0.00062666476275 0.0342039663608
0.000226362800576 0.000648691036004 0.0344544706114
0.000185095589395 0.000663448270595 0.0347057827807
0.000141707214783 0.000672181242177 0.0349576539879
9.86230652167e-05 0.000678247006638 0.0352095251954
5.65191736647e-05 0.000680434713193 0.0354613964055
1.32885466893e-05 0.000671799186571 0.0357134539559
-3.22481880695e-05 0.000646088956461 0.0359656334008
-7.65230245606e-05 0.000606113983012 0.0362171272528
-0.000114690669189 0.000559076624959 0.036467434731
-0.000146062675489 0.00050401656513 0.0367161785324
-0.000172186916609 0.000432553303591 0.0369627938712
-0.000191643861694 0.000343078216816 0.0372065956055
-0.000200050860659 0.000246760979793 0.0374482106404
-0.000194653736416 0.000154342535442 0.0376893256346
-0.0001758913628 6.54091076728e-05 0.0379304301909
-0.000144980579214 -2.33005258495e-05 0.038171454132
-0.000102873500576 -0.000110548681241 0.0384128997363
-5.18755106636e-05 -0.000195034849095 0.0386551562135
3.42104227355e-06 -0.000277441938461 0.0388979265142
5.85341962792e-05 -0.000355483875283 0.0391414626011
0.000112531365509 -0.000421257192227 0.0393876949913
0.000166348461963 -0.000467420244647 0.0396387447687
0.000216740687148 -0.00049633682699 0.0398940506411
0.000256607102334 -0.000518439923639 0.0401503033418
0.000282769198022 -0.000539534147612 0.0404057513854
0.000297001823665 -0.000557855222563 0.0406610209075
0.000300260027639 -0.000574658776645 0.040915805948
0.000293573106424 -0.000592417292059 0.0411694830312
0.000280018205688 -0.000605173372068 0.0414237168516
0.00026106497743 -0.000607233021627 0.0416796154388
0.00023633076544 -0.000603724395101 0.0419356888674
0.000206667260531 -0.000602215736861 0.042190450245
0.000173877800977 -0.000602383700901 0.0424440256518
0.000139177945657 -0.000599139745703 0.042697223684
0.000103535131394 -0.000590032622293 0.042950103767
6.80275399167e-05 -0.000575895382847 0.0432023557299
3.32576350537e-05 -0.000558376837781 0.0434539857429
-1.03022740654e-06 -0.000538953091655 0.0437051782413
-3.54501299513e-05 -0.000516387011876 0.0439561138143
-6.99288799583e-05 -0.000485160439242 0.0442059904697
-0.000103936786982 -0.000442604369067 0.0444540104252
-0.000137626147203 -0.000396586908774 0.0447012349615
-0.000170867557472 -0.000357355925645 0.0449503953592
-0.000202330313772 -0.000324431391836 0.0452016072778
-0.000230468335708 -0.000293414668748 0.0454539302363
-0.000252498955082 -0.000268874224042 0.0457088592384
-0.000263949106817 -0.000256530224219 0.0459685114101
-0.000262880667982 -0.000250153973717 0.0462310831172
-0.000251680134633 -0.000237553743263 0.0464921061886
-0.000231220632873 -0.000216154225259 0.0467506559219
-0.000197863198454 -0.000192402434801 0.0470090821443
-0.000150640278093 -0.000167296522863 0.0472675569149
-9.46341216808e-05 -0.000134696828518 0.0475239619179
-3.58444149757e-05 -8.98353946898e-05 0.0477765596069
2.13292440685e-05 -3.1194254161e-05 0.0480251065429
7.40742626971e-05 4.04541370692e-05 0.0482704121133
0.000120706877336 0.000122521677598 0.0485136580165
0.000159363021936 0.000212217683816 0.0487562805586
0.000188464149993 0.00030581457401 0.0489994671389
0.000207714781778 0.000397106133212 0.0492446501296
0.000217453654231 0.000479726442785 0.0494923295378
0.000216798057657 0.000552215844904 0.0497423831239
0.000201938073842 0.000620398200102 0.0499948116714
0.000169777685881 0.000688209045902 0.0502499226409
0.000126647292397 0.000744620045221 0.0505067824168
8.57204196498e-05 0.00077330210309 0.0507627803962
5.02902465798e-05 0.000776322636229 0.0510169780082
1.16189873338e-05 0.000769663997558 0.051270855136
-3.21581376317e-05 0.000757805478746 0.0515247187947
-7.0675380756e-05 0.000731886736675 0.051776709829
-9.76056146364e-05 0.000688556941728 0.0520257738722
-0.000119076751409 0.000636212153706 0.0522732171903
-0.000142757885687 0.000583570430491 0.0525207198281
-0.000168306370662 0.000530890823954 0.0527681563404
-0.000192851801663 0.000475095479369 0.0530150302116
-0.000216758239068 0.000416398993843 0.0532613464897
-0.000240711384755 0.000355643537424 0.0535072923269
-0.000263702697334 0.000290870173815 0.0537525521921
-0.000285235803439 0.000221013444304 0.0539971241521
-0.000305872042969 0.00014860941248 0.0542413206569
-0.000325126839872 7.48237135363e-05 0.0544853307161
-0.00034084592471 -2.84009731145e-06 0.0547289668655
-0.000351707273582 -8.38376515845e-05 0.0549724757094
-0.000358342552856 -0.000162845572881 0.0552164182667
-0.000360691047215 -0.000237207648782 0.0554612324525
-0.000356986578333 -0.000307895813328 0.0557069198078
-0.000346507312304 -0.000373292576164 0.0559536677897
-0.000329668020932 -0.000429829240811 0.0562018513452
-0.000304377713468 -0.00047827619012 0.0564514720102
-0.000265824677432 -0.000523538810284 0.0567026578708
-0.000212480937743 -0.000566531096132 0.0569555350605
-0.000149854953173 -0.00059948372727 0.0572099137501
-8.51294853275e-05 -0.000613288631958 0.0574647303158
-2.10438692793e-05 -0.000607377214386 0.0577192328575
4.11670203042e-05 -0.000586090887463 0.0579728577299
9.82859520064e-05 -0.000548686305316 0.0582249803116
0.000147935762512 -0.000493870585744 0.0584751638602
0.000189392827612 -0.000428105771947 0.0587235333468
0.000221569892432 -0.000355649245134 0.0589704020311
0.000243449977203 -0.000270923645489 0.0592153344018
0.000254576688588 -0.000172311315751 0.0594582680139
0.000254994678573 -6.98641953258e-05 0.0597001356802
0.000245798724359 2.53088302921e-05 0.0599423084348
0.000228861417414 0.00011017758675 0.060185289347
0.000205857056386 0.000187905924846 0.0604289611854
0.00017824359304 0.000260418471445 0.0606733891435
0.000147159319257 0.000329242304623 0.0609183845449
0.000112989921348 0.000398690746884 0.0611635751691
7.70994606852e-05 0.000467042640636 0.0614091520839
4.18319848078e-05 0.000528090659912 0.0616557375841
7.84711454259e-06 0.000584382219963 0.0619029500876
-2.44231563596e-05 0.000639630925831 0.0621502880802
-5.4164715809e-05 0.000685601839322 0.0623987476871
-8.3290542797e-05 0.000713974632653 0.0626490734737
-0.00011421484649 0.000731754092108 0.062901573689
-0.000145896209476 0.00075130984249 0.0631528278347
-0.000177628571733 0.000771714606105 0.0634047030991
-0.000211586208545 0.000782861979027 0.0636572071256
-0.00024837931136 0.000781056670983 0.0639109494826
-0.000286390654985 0.000767217007089 0.0641646917918
-0.000324407231652 0.000739002545465 0.0644190551233
-0.000360577612067 0.000695025411172 0.0646728011463
-0.00039195333027 0.000638150306883 0.064925922097
-0.000415913435602 0.000572871336616 0.0651765469536
-0.000430752902938 0.000503942105773 0.0654253006677
-0.000436210664618 0.000431165174479 0.0656721755239
-0.000432547736893 0.000347849583839 0.0659165542381
-0.000419013081785 0.000252794484077 0.0661584445741
-0.000394780710102 0.000154915440205 0.0663984715559
-0.000360063114874 6.24280985758e-05 0.0666391080822
-0.00031594311708 -2.25312424728e-05 0.0668809790573
-0.000264464782599 -0.000101242578928 0.0671240922205
-0.000208963733262 -0.000175174073346 0.0673690803114
-0.000152606629139 -0.000239746868173 0.067615947212
-9.65755626565e-05 -0.000285020617168 0.0678690522023
-4.34278509594e-05 -0.000310810371534 0.0681277819757
2.02684428753e-07 -0.000331479370777 0.0683871676834
3.01712131147e-05 -0.000354947885886 0.068645330708
4.80240157007e-05 -0.000372085330069 0.0689041073031
5.41747910371e-05 -0.000379796152857 0.0691647358227
4.74287507854e-05 -0.000392328969378 0.06942287225
3.00667319902e-05 -0.000416808339851 0.0696766493732
5.16988449346e-06 -0.000442266300096 0.0699291689729
-2.64080233041e-05 -0.000460416237158 0.0701835288999
-6.31848002488e-05 -0.000475755437735 0.0704372599939
-0.000102306180317 -0.000493622002754 0.0706897449224
-0.000141413853015 -0.000514362165807 0.070940991425
-0.000178502176143 -0.000538233819221 0.0711916206199
-0.00021281912186 -0.000564051241265 0.0714416286726
-0.000246978081135 -0.000583690734727 0.0716928866293
-0.000283932443985 -0.000587560558311 0.0719447657278
-0.000321900188419 -0.000578080300278 0.0721960275901
-0.000357040114114 -0.000568437733086 0.0724479105701
-0.000389536372035 -0.000562734787792 0.072700410834
-0.000422555548483 -0.000548570011445 0.0729522899802
-0.000457629456169 -0.000516503690555 0.0732016808205
-0.000492670011876 -0.000476078461986 0.0734492045213
-0.000522779614184 -0.000445331337278 0.0736998376465
-0.000543769031306 -0.000430469355622 0.0739548261699
-0.000555529291028 -0.000422594542459 0.0742129239978
-0.000559310728684 -0.000413020625582 0.07447165447
-0.000553408291497 -0.000401475711423 0.0747303925621
-0.000536851414943 -0.000386680381996 0.0749891382733
-0.000512666662584 -0.000362882158599 0.0752460166036
-0.00048108141009 -0.000329472830661 0.0754997776012
-0.000436410980845 -0.000292310828409 0.0757535269046
-0.000376681272468 -0.000253401890959 0.0760078742024
-0.000310544964394 -0.000206358910321 0.0762603389047
-0.000249569661493 -0.000143660226766 0.0765084365392
-0.000197377159712 -6.53448636045e-05 0.0767521787032
-0.000150942667826 2.11920672424e-05 0.0769946709153
-0.000110369105372 0.000110189071951 0.0772365419855
-8.1426129581e-05 0.000203076811965 0.0774784131279
-6.81046138042e-05 0.000300981009117 0.0777215342465
-6.83538580606e-05 0.000397168816572 0.0779659130569
-7.78869951751e-05 0.000482128768113 0.0782134168431
-9.36703767109e-05 0.000550417759093 0.0784634206051
-0.000115294069787 0.000602693113211 0.0787146743909
-0.000145454766684 0.000644472702019 0.078967174319
-0.000185195235762 0.000678399455688 0.0792215454131
-0.000231244641039 0.000702004346965 0.0794765415548
-0.000282084381934 0.000715613748245 0.0797315376969
-0.000336001971639 0.0007198211899 0.0799865260997
-0.000383457828335 0.000708372367406 0.0802396395989
-0.000418691718797 0.00067941945031 0.080490882004
-0.000449904344917 0.000643192882944 0.0807414954793
-0.000482477836183 0.000606267389237 0.0809914839309
-0.000510558339258 0.000563600897772 0.0812408511681
-0.000532472384559 0.000512611817624 0.0814883511211
-0.000553908899474 0.000458972088223 0.0817358510017
-0.000576755590693 0.000405106350742 0.0819833469759
-0.0005990128241 0.000347289428552 0.0822302256655
-0.000620024167032 0.000283544376058 0.0824764831886
-0.000639188979633 0.000213031011168 0.0827214984511
-0.000655327255797 0.000135014190652 0.0829658886894
-0.000669345751627 5.55651912917e-05 0.0832102827373
-0.000683072499168 -1.72164061063e-05 0.0834552902595
-0.000694913969942 -8.5593253266e-05 0.0837003017596
-0.00069941491455 -0.000159608139505 0.0839453133557
-0.000692183546077 -0.000243421757182 0.0841903211181
-0.000675558798368 -0.00032665599622 0.084435336573
-0.000656168734428 -0.000394266341437 0.0846822192885
-0.000633585137559 -0.000446555627344 0.084930352028
-0.000598479846625 -0.000498149712074 0.08517973091
-0.000545690070578 -0.000555994589312 0.0854303636258
-0.000482294565751 -0.000608400453483 0.0856822501753
-0.000419361613407 -0.000637031826697 0.0859353943926
-0.000360503298942 -0.000635099795255 0.086189159704
-0.000302812163787 -0.00061132469179 0.0864435461333
-0.000245867211225 -0.000575928292957 0.0866973075867
-0.00019379668041 -0.000527803341 0.0869498151582
-0.000150120432958 -0.000463006632076 0.0872004439201
-0.000116291989719 -0.000388835923824 0.0874485726822
-9.32531053462e-05 -0.000314836799458 0.0876960686327
-8.13700026042e-05 -0.000239350601704 0.0879416818197
-8.03584004549e-05 -0.000157711933655 0.088185420031
-8.93857526578e-05 -7.22712375725e-05 0.0884285217166
-0.000106690794311 1.00782254274e-05 0.0886709984021
-0.000130026782505 8.54064857227e-05 0.0889140961096
-0.000158602174126 0.000158930248581 0.0891578264606
-0.000192929263351 0.000237212420276 0.0894003300065
-0.000231225665312 0.000315572734342 0.0896434740311
-0.000269573978014 0.00038446591566 0.0898878719368
-0.000305786074002 0.000441604729432 0.0901335160327
-0.000340004200097 0.000490386139222 0.0903810236031
-0.000373460663839 0.000536126731862 0.0906291601993
-0.000406950239858 0.000583539333811 0.0908772930819
-0.000439522556539 0.000630507178177 0.0911254338483
-0.000470628976259 0.000670885959577 0.0913742035687
-0.000501209719708 0.000704760547036 0.0916242194556
-0.000531722855242 0.000738403454557 0.0918742314613
-0.00056198725222 0.000773369594022 0.0921236222536
-0.000592717072465 0.000798735083126 0.0923742591162
-0.000624188922676 0.000801797802497 0.0926280015212
-0.000654424019561 0.000783199199111 0.0928829938059
-0.000680627659638 0.000748187755649 0.0931392282546
-0.00070021768022 0.000697941531646 0.0933948453949
-0.000711345177267 0.000637998256795 0.0936492164168
-0.000713503089261 0.000574449874174 0.0939017163444
-0.000706045023657 0.000506721726962 0.0941517201779
-0.000687472273697 0.000431460488587 0.0944004624855
-0.000656046869149 0.000346310093016 0.094646716415
-0.00061273835081 0.000255929047032 0.0948917203447
-0.00056277072236 0.000172017426507 0.0951360992748
-0.000511190147823 0.000102387224789 0.0953823492987
-0.000459789311458 4.62561081808e-05 0.0956317242026
-0.000409695286923 5.83644301288e-08 0.0958842201042
-0.000363826792151 -3.71085553002e-05 0.0961385986732
-0.000325626507751 -6.53494625326e-05 0.0963961098134
-0.000297714972875 -8.64747444921e-05 0.0966555036209
-0.000282958914919 -9.99372761945e-05 0.0969173896639
-0.000284092800912 -0.000104173624669 0.0971823814406
-0.000300397947571 -0.000105968825627 0.0974473734095
-0.000327255052952 -0.000116929664994 0.0977092560267
-0.000360767410649 -0.000140927602097 0.0979655137895
-0.00039947405707 -0.000174976102538 0.0982180137417
-0.000442021470482 -0.000216184259153 0.0984686271447
-0.000486818486042 -0.000262366969677 0.0987167485037
-0.000532025648061 -0.000311738615841 0.0989642372666
-0.000574840040461 -0.000363430330815 0.099210472172
-0.000612817491929 -0.000416192308443 0.0994573280761
-0.000646512783965 -0.000466864880473 0.0997041916244
-0.000677740155126 -0.000512200142309 0.0999523128642
-0.000705694520586 -0.000551621997714 0.100202305197
-0.000729598324868 -0.000585582252242 0.100452934128
-0.000751165571022 -0.000613508550391 0.1007048092
-0.000771675085502 -0.000635226385191 0.100957309296
-0.000790487421041 -0.000651856396252 0.101210434465
-0.000807225334498 -0.000664084589618 0.101464798012
-0.00082282976218 -0.000670888336334 0.10171916156
-0.000835942705812 -0.000673291588393 0.101973532751
-0.000840066860694 -0.000676592189881 0.102229142274
-0.000832005422352 -0.000681637178815 0.10248661896
-0.000820140645539 -0.000679824490366 0.102743478361
-0.000813331068475 -0.000664841436153 0.102997235934
-0.000805765220187 -0.000641133228654 0.103249755032
-0.000785503857088 -0.000614308154486 0.103502266365
-0.000750846529434 -0.000582636167211 0.103754777626
-0.000705460094381 -0.000542430888316 0.104006046554
-0.000650223328935 -0.000492287756021 0.104255436696
-0.000591097372522 -0.000430165235101 0.104502944193
-0.000538857559411 -0.000353661300448 0.104746709575
-0.000494665648748 -0.000264126010713 0.104987357769
-0.000451218094533 -0.000167004219898 0.105226748295
-0.0004080726179 -6.74753573198e-05 0.105466756058
-0.000373672162448 3.25973145995e-05 0.105706135011
-0.0003545196798 0.000132419647775 0.105945514013
-0.000350558036345 0.000229185642153 0.106186764109
-0.000360371337853 0.000319853449357 0.106428650803
-0.000384633570419 0.00040326416732 0.106673033591
-0.000422096635831 0.000477346299709 0.106919916354
-0.000467805620894 0.00053806998681 0.10716929526
-0.000518773881006 0.000583830062671 0.107419928048
-0.000575415577894 0.000615921337207 0.107672431953
-0.000633883806758 0.000633446383294 0.107924935883
-0.00068609847261 0.000634098905593 0.10817744367
-0.00073000792192 0.000619855272173 0.108429330341
-0.000771572398646 0.000596313406343 0.108681205461
-0.000817635602323 0.000568518887486 0.108931830581
-0.000869365416012 0.000538612070972 0.109183065175
-0.000919799002132 0.000505138667652 0.109433670838
-0.00096104186466 0.00046553892512 0.10968303031
-0.000992299432148 0.000419493830458 0.109931143569
-0.00101687571659 0.000367959108163 0.110178639495
-0.00103708797655 0.000310827828787 0.110425514278
-0.00105403181391 0.000247119951567 0.110671142967
-0.00106820819628 0.000176061682214 0.110916150514
-0.00108131451077 0.000100041684871 0.11116053699
-0.00109554271747 2.39775546589e-05 0.111404923489
-0.00110841310279 -5.31700222374e-05 0.111648688871
-0.00111518324289 -0.000135557511882 0.111893071537
-0.0011162102835 -0.000219652686892 0.112136833157
-0.00111307245308 -0.000300652483817 0.112381219826
-0.00110328296482 -0.000379520268508 0.112626848803
-0.00108498738271 -0.000456023157684 0.112873098923
-0.00105781206301 -0.000528053588384 0.113120595185
-0.00101998621977 -0.000595355933042 0.113369341399
-0.000973613890186 -0.000654108573053 0.113619962541
-0.00092665676081 -0.000695345419275 0.11387245092
-0.000883003010559 -0.000714675697656 0.114126193108
-0.000837544564522 -0.000717842777227 0.114381181391
-0.000786165155469 -0.000712034874169 0.114636802389
-0.00073380479209 -0.000695392043356 0.114892419528
-0.00068790771259 -0.000661020431263 0.115148036644
-0.000650562001041 -0.000609311276388 0.115401782665
-0.000621719337695 -0.000546367558075 0.115654274829
-0.000603873539283 -0.000471528639076 0.115903645923
-0.000600195912543 -0.000379281709516 0.116150517017
-0.000610657783422 -0.000274081252307 0.116393642041
-0.000631478468773 -0.000170941378622 0.11663489209
-0.000658459761526 -7.9954487535e-05 0.11687613816
-0.000689458692339 -7.50257810963e-07 0.117118005252
-0.000724156340958 7.16283321498e-05 0.117360501106
-0.000763555407444 0.000142769983399 0.117603004675
-0.000806541900723 0.000212640913256 0.117845519865
-0.000848120647638 0.000275288550545 0.118089288913
-0.000885440088872 0.000329027226816 0.11833555796
-0.000920166962812 0.000377834379985 0.118582452151
-0.000954799523472 0.000425646583294 0.118829975321
-0.000990838750178 0.000474963574039 0.119077502468
-0.00102724010607 0.000525176582054 0.119324408666
-0.00106068101616 0.000571416186239 0.11957255722
-0.00108911709009 0.000608253858866 0.119822569297
-0.00111376750642 0.000634602981866 0.120074444801
-0.00113756142527 0.000655599082535 0.120327562518
-0.00116240610856 0.000677354637528 0.120580055164
-0.00118722241525 0.000698299681362 0.120831926595
-0.00120920428146 0.000711222390721 0.121084426765
-0.00122637891064 0.000712593527944 0.121338805624
-0.00123817724445 0.000703837874252 0.121593184483
-0.00124385474184 0.00068643877719 0.121847567199
-0.00123941312042 0.000656549794563 0.122101942199
-0.00121883037707 0.00060950005775 0.122355692175
-0.00118364436584 0.000552714406783 0.122608817175
-0.00114211035146 0.000498963576636 0.122860067223
-0.00109466997641 0.000449247366497 0.123110696178
-0.00103555417479 0.000398749689148 0.12336070399
-0.000966397765217 0.000349311927863 0.123611348352
-0.000895698006255 0.000306251007126 0.123862633146
-0.000831467291814 0.000272541240716 0.124115792868
-0.000778812163175 0.000248399135469 0.124370815896
-0.00073938588301 0.000231494611167 0.124628334993
-0.000712580455663 0.000217557485896 0.124887725183
-0.000698651465883 0.00020321480709 0.125146498112
-0.000701790122187 0.000189357899113 0.12540650168
-0.000726544302726 0.000177739793223 0.125668364839
-0.000767990039175 0.000162666374572 0.125929587639
-0.000813043406396 0.000134488710416 0.126186439418
-0.000855216449667 9.10721576796e-05 0.126438295199
-0.000898167033949 3.71911807218e-05 0.126687018289
-0.000946124380474 -2.31968446176e-05 0.126933854783
-0.000998978213302 -8.86618304491e-05 0.127180062323
-0.00105290260907 -0.000158616340147 0.127425640956
-0.00110110374573 -0.000231970139397 0.127669981188
-0.00113605754542 -0.000306453533111 0.127913704135
-0.00115386431933 -0.000378882286626 0.128158055893
-0.00115887482323 -0.00044643828301 0.128403044271
-0.0011606046466 -0.000507481364606 0.128649298105
-0.00116392680888 -0.000561332797818 0.128897423081
-0.00116620175813 -0.000608279963658 0.129146801963
-0.00116326792923 -0.000649719007681 0.129397427035
-0.00115423646897 -0.000687119566545 0.129649298225
-0.00114182151951 -0.000720652375702 0.129901173298
-0.00112846609157 -0.000749621412356 0.130154294513
-0.00111175592358 -0.000774296127064 0.130407419585
-0.00108623673193 -0.000795540979782 0.130661786894
-0.00104872619394 -0.000812780739409 0.130916154155
-0.000999536066811 -0.000823873729555 0.131170521392
-0.000942933591924 -0.000825993246076 0.131424892414
-0.000888949629748 -0.000816673193044 0.131677396152
-0.000846183711846 -0.000795397534839 0.131928036487
-0.000809176380115 -0.000763104852248 0.13217743068
-0.000764373820601 -0.000719317265769 0.132424949921
-0.000708317721808 -0.000662322126483 0.132670598115
-0.000648924442762 -0.000591484369416 0.132913746357
-0.00059574232007 -0.000507692839218 0.133155015813
-0.000556272776088 -0.000412451980703 0.1333937892
-0.000531370342092 -0.000307365787159 0.13363130492
-0.000513254552057 -0.00019533709912 0.13386694183
-0.000497124524783 -8.14986421063e-05 0.134102567166
-0.000489930165241 2.9980463885e-05 0.13433881362
-0.000499009511454 0.000137184423525 0.134575692743
-0.000521355268483 0.000237335852323 0.134814446817
-0.000551578204753 0.000327458691112 0.135054454701
-0.000588665368003 0.000406468941701 0.135296962537
-0.000632640681103 0.000474154915668 0.135541966466
-0.000683451347671 0.000530492777179 0.135789466489
-0.000737929993444 0.000574884100278 0.136038224228
-0.000787210130374 0.000606547983589 0.136289481919
-0.00082735961219 0.000626881108235 0.136542001231
-0.000864632073119 0.00063841679238 0.136795149425
-0.000900856413805 0.00064255400213 0.137048926477
-0.000928118048965 0.000640579779199 0.137303320813
-0.000944414411507 0.000634178770857 0.137557707434
-0.000958340180417 0.000624282469667 0.137811472961
-0.000975349068135 0.000611700493671 0.138066476867
-0.000992357631374 0.000597565146069 0.138320859679
-0.00100503612773 0.000582562461352 0.138574605918
-0.0010134900928 0.000566765339323 0.138828344417
-0.00102075969201 0.000550437276067 0.139082079058
-0.00102761455973 0.000533536109506 0.139335192581
-0.00102887474898 0.000514394335376 0.139588309938
-0.00101611602638 0.000490398942749 0.139841427295
-0.000987649653683 0.000462004792489 0.140095169604
-0.000953099338729 0.00043367418246 0.140348907983
-0.000919609233014 0.000408735081411 0.140602025219
-0.000880926942954 0.000387263124997 0.14085451748
-0.000828320777427 0.000370141392933 0.141107630859
-0.000762637968978 0.000360373906071 0.141360744261
-0.000691003486017 0.00036073699485 0.141613232688
-0.000620755122192 0.000372490475529 0.141865721114
-0.000558527193635 0.000395595706355 0.142117584541
-0.000504723053675 0.000429650417371 0.142369451849
-0.000453260494096 0.000474532518357 0.142621315299
-0.00040462055214 0.000528797882833 0.142873803701
-0.000367642587145 0.000589476153574 0.143125670985
-0.000347747368992 0.00065393424885 0.143378167127
-0.000344975598608 0.00071990321339 0.143630663245
-0.000360440445814 0.000785135704164 0.143883167079
-0.000396305695158 0.000847673417873 0.144136917006
-0.000447602631179 0.000904379577587 0.144390670791
-0.000502135132075 0.000950505691216 0.144644432316
-0.00055413267483 0.000983408362531 0.144897568889
-0.000605536034658 0.00100327146866 0.145150705463
-0.000655737240002 0.00101072692257 0.145403838178
-0.000705774675311 0.00100703325863 0.145656970869
-0.000759639634999 0.000993463156393 0.145910103537
-0.000813493765847 0.000970765330474 0.14616260737
-0.000858010367334 0.000940762844389 0.146415724654
-0.000891184897937 0.000905937986043 0.146667599726
-0.000916869551106 0.000868123906573 0.146919474797
-0.000934780592815 0.000829054653898 0.147171345987
-0.000944496972467 0.000790073720588 0.147422592201
-0.000949408445421 0.000751365605248 0.147673834557
-0.00094850200519 0.000713134641539 0.147925076913
-0.000938014361897 0.000674904434086 0.14817570201
-0.000921220605402 0.000635315371226 0.148426948224
-0.00090583990745 0.000594397781849 0.148678194462
-0.000893959972322 0.000553387790569 0.148929444534
-0.000880349700953 0.000512621277724 0.149180690797
-0.000860135578738 0.000471941247459 0.149431312059
-0.000835206863299 0.000432402384291 0.149682558322
-0.000810965873376 0.000395695339189 0.149933800679
-0.000788139856741 0.000362536971589 0.150184421965
-0.000758944171928 0.000333090673055 0.15043566437
-0.000714559331598 0.000309020638892 0.150686910656
-0.000658267128556 0.000293193113642 0.150938153061
-0.000601865849861 0.000287225767297 0.151190020418
-0.000546931734792 0.000292071012422 0.151441266633
-0.000486192819635 0.000309788232685 0.151693758941
-0.000422967640116 0.000340762352502 0.151946876177
-0.000371561968479 0.000382207290159 0.152199372296
-0.00033963537403 0.000431704908729 0.152452497272
-0.000321882558711 0.000488763025047 0.1527062472
-0.000310462038472 0.0005517135697 0.152959997151
-0.000304534206891 0.000616333866915 0.153213750961
-0.000307718580253 0.000678044218157 0.153467508628
-0.000321077515314 0.000733401645559 0.153720649035
-0.000343577078547 0.000780032515663 0.153973785585
-0.000377757181666 0.000816989987423 0.154227550991
-0.00042716040781 0.000844028268695 0.154480691399
-0.000486107325837 0.000859938432587 0.154734452948
-0.000542281441581 0.000863795048163 0.154987601071
-0.000591209218396 0.000856636149315 0.155240124217
-0.000637156698882 0.00084005519616 0.155493264624
-0.000683735870274 0.000814984702529 0.155745776222
-0.000731931503531 0.000782062633483 0.155998283937
-0.000778303241742 0.000742761546212 0.156251405031
-0.000813571279155 0.000700508607494 0.156503901148
-0.000832049270332 0.000658862258638 0.156755151196
-0.000839215615422 0.000618439767167 0.157007018529
-0.000843602214913 0.000578156109465 0.157258260861
-0.000846299082446 0.000538306222521 0.157509507099
-0.000843929794228 0.000499575367321 0.157760749455
-0.000836682013308 0.000461440550938 0.158011370693
-0.000827645187331 0.000423189375868 0.158262613098
-0.000816142612224 0.000384723824959 0.158513855502
-0.0007974422276 0.0003458130994 0.158765097906
-0.000771998810292 0.00030683075742 0.159015719145
-0.000746197056514 0.00026907084814 0.159266961454
-0.000718824608481 0.000233344358349 0.159518203787
-0.000681653511255 0.000200563485246 0.159769446168
-0.000633987984078 0.000172815464838 0.160020688549
-0.000578745371461 0.000152287758163 0.160271927072
-0.000512630775654 0.000141632746533 0.160523790523
-0.000435708735126 0.000143479933262 0.160776275092
-0.000360669530692 0.000157383114476 0.161028763519
-0.000302847386364 0.000179916647933 0.161280626994
-0.000264947820788 0.000209449061974 0.16153311542
-0.000235732815632 0.000248585851194 0.161785607728
-0.000205314966051 0.000299428159581 0.16203810387
-0.000178756009247 0.000358588837454 0.162291846106
-0.000169358161862 0.000420337998552 0.162545596058
-0.000181304206974 0.000481724034477 0.162799970985
-0.000207276577547 0.000540955657947 0.163054349747
-0.000241749948257 0.000594759652922 0.163308728532
-0.000286599214038 0.000639806257828 0.163563111175
-0.000341065583286 0.000673804140591 0.163817493818
-0.000396272527696 0.000695206233577 0.164071259201
-0.000446512825433 0.000703821690608 0.164325016892
-0.000494629464753 0.000700483295587 0.164577532371
-0.000542107081486 0.000686226178202 0.164830040135
-0.000586584225112 0.000662426338559 0.165082547874
-0.000623638970844 0.000631334941312 0.165334434519
-0.000648226494054 0.000596124857127 0.165586309567
-0.000664791496002 0.000558044091423 0.165837563521
-0.000683621756934 0.000515562489839 0.16608881745
-0.000703337192835 0.000469830629001 0.166340692474
-0.000714742101695 0.000425001154465 0.166591946404
-0.000716916660706 0.000382440190175 0.166843196452
-0.000714769434077 0.000341027426517 0.167093825406
-0.000708497724674 0.000300725876902 0.167345071644
-0.000695816169369 0.000261572691686 0.167595696765
-0.00067850916519 0.00022259376055 0.167846939145
-0.000661722850153 0.000183252607521 0.168097560384
-0.000649323161446 0.000144007893782 0.168348181646
-0.000639787234364 0.000105444625385 0.168598802909
-0.00062655943313 6.78987403646e-05 0.168849424196
-0.000603695214141 3.20746144643e-05 0.169100670458
-0.000568004190619 -4.40484232155e-07 0.169351291697
-0.000518482084928 -2.71419026512e-05 0.169602534078
-0.000461147672681 -4.60287111437e-05 0.169854397577
-0.000407420646192 -5.70998316853e-05 0.170105639981
-0.000356451711352 -5.91871816229e-05 0.170357507314
-0.000294122783743 -4.68026824817e-05 0.170609374647
-0.000219603444381 -1.71210668571e-05 0.170863113026
-0.000151151849813 2.47702626979e-05 0.171116851405
-0.000102756471133 7.28265405022e-05 0.171369972523
-7.37706913685e-05 0.000125768568725 0.171623714759
-5.74381972532e-05 0.00018420780699 0.171877460829
-4.88817675515e-05 0.000246767480362 0.172131828041
-4.82435016304e-05 0.000309351777247 0.172385578016
-5.98927452168e-05 0.000367247335161 0.172639956801
-8.64528493395e-05 0.000417401145678 0.172893714445
-0.000124535691671 0.000458187640565 0.173147475994
-0.000170062004531 0.000488266358627 0.173401237519
-0.000223308094522 0.000506481008683 0.17365500676
-0.000283783404866 0.000512166423539 0.17390939326
-0.000347007840017 0.0005053891643 0.174163158667
-0.000409910533624 0.000486672897675 0.174416912477
-0.000472285349004 0.000456476353788 0.17467065857
-0.00053123187701 0.000416242411755 0.174924400806
-0.000578538415886 0.000370070278272 0.1751775219
-0.000606871504825 0.000323531842534 0.175429396924
-0.000617919953245 0.000279461205895 0.175680646947
-0.000619493403987 0.000237180799528 0.175931896995
-0.000615073194102 0.000196504286847 0.176183143185
-0.000605326342391 0.000157753215744 0.176433764423
-0.000596116202329 0.000118631201756 0.176684385661
-0.000591255071022 7.8205214849e-05 0.176935631851
-0.000583516379911 3.92300734131e-05 0.177186878042
-0.00056549706932 2.77465887453e-06 0.177437499256
-0.000541553350344 -3.33005913891e-05 0.177688745446
-0.000518381749551 -6.99743140586e-05 0.177939366709
-0.000492837613256 -0.000106157481988 0.178190612972
-0.000458047073878 -0.000140192358571 0.178441238092
-0.000412805721765 -0.000170543583176 0.178693101591
-0.000360597646755 -0.000195758882143 0.178944347854
-0.000306364314352 -0.00021488950783 0.179196211353
-0.000254377907648 -0.000227520894925 0.179448070994
-0.000204272408409 -0.000232482776586 0.179699938374
-0.000151816955978 -0.000226939621645 0.179951805755
-9.60066750103e-05 -0.000208588336376 0.180204919206
-4.32880652411e-05 -0.00017862861671 0.18045803649
-4.23852721165e-06 -0.000141626416469 0.180711786466
1.44619573773e-05 -0.000101302598369 0.180964926897
1.66672170776e-05 -5.60879691782e-05 0.181218063446
1.23940752355e-05 -2.1127378847e-06 0.181471817256
5.28713160498e-06 5.90719091988e-05 0.181726813301
-1.12824524554e-05 0.000120157958886 0.181981192087
-4.34350238744e-05 0.000175032613072 0.182235570848
-8.76114313334e-05 0.000221351495933 0.182489324681
-0.000137967588603 0.000257388187323 0.182742457373
-0.000195197064928 0.000280842735681 0.182994965088
-0.000257953503399 0.000290828427836 0.183246847827
-0.000317015694001 0.000288809645868 0.183498105567
-0.000367563028602 0.000276746940651 0.183749359449
-0.000413442857056 0.000255341884141 0.183999371094
-0.000455415042367 0.00022592528717 0.184249996118
-0.000487174136981 0.000192425143196 0.1845