1480
-0.000378571906291 -0.000517220528943 -0.185
-0.0003341712713 -0.000528660094563 -0.18475
-0.000290403825212 -0.00054432894014 -0.1845
-0.000246942715358 -0.000561341454248 -0.18425
-0.000200863442581 -0.00057377302517 -0.184
-0.000151115774763 -0.000579528521445 -0.183750003882
-0.000100156161609 -0.000580643294906 -0.183500003882
-5.1915743046e-05 -0.000580655807924 -0.183250003882
-7.49373491178e-06 -0.000579818871132 -0.183000003906
3.69365520669e-05 -0.000571514462265 -0.182750003906
8.41828638324e-05 -0.00054833797162 -0.182500007788
0.000131152145142 -0.000510210191788 -0.182250007788
0.000171503291135 -0.000463792466438 -0.182000003931
0.000199733013759 -0.000417863361223 -0.181750003931
0.000214614935931 -0.000374394295803 -0.181500000097
0.000219063956413 -0.000323177867669 -0.181249992381
0.000214682345946 -0.000254366041409 -0.180999988523
0.000199433368175 -0.000171929672716 -0.180749980784
0.00017095360646 -8.82082055856e-05 -0.180499973068
0.000128896032119 -1.37280419531e-05 -0.18024996921
7.33870892895e-05 4.27686682163e-05 -0.179999965352
4.53029716082e-06 7.54992411078e-05 -0.179749961494
-7.3654558731e-05 8.79049080183e-05 -0.179500578754
-0.000152151449573 8.92838742522e-05 -0.179250574872
-0.000222708501609 8.53394201893e-05 -0.179000574872
-0.000282299279385 7.57137623309e-05 -0.178750574848
-0.000333715353915 5.46763258972e-05 -0.178500574848
-0.000381746449091 1.45512832625e-05 -0.178250574824
-0.000425416126834 -4.42642505893e-05 -0.178001199776
-0.000457934358825 -0.000110512310017 -0.177751203634
-0.000475109318865 -0.000173428679264 -0.177501207468
-0.000478954963214 -0.000231747124697 -0.177251832444
-0.000473543204906 -0.00029022525705 -0.177001836278
-0.000461279943264 -0.000352061326583 -0.176751840135
-0.000442954096006 -0.000416205596 -0.176502465087
-0.000418426340815 -0.000475855285351 -0.176252465087
-0.000387620208813 -0.000522252015176 -0.176003090063
-0.000352136402812 -0.000555490341392 -0.175753090063
-0.000314492872977 -0.000582975606434 -0.175503090063
-0.000276083070963 -0.000607955831763 -0.175253090087
-0.000236817942565 -0.000629435222472 -0.175003093945
-0.000196753356885 -0.000647766295661 -0.174753093969
-0.000156344536077 -0.000664175698147 -0.174503093993
-0.000114118798527 -0.000675865359006 -0.174253093993
-6.51794314587e-05 -0.000673952789657 -0.174003094017
-6.88211547141e-06 -0.000651861706357 -0.173753094017
5.4708286209e-05 -0.000615819361898 -0.173503090183
0.000110060531646 -0.00057918890085 -0.173252469065
0.00015609220552 -0.000546086017219 -0.173002469065
0.000195413664527 -0.000508703434947 -0.172752469089
0.00022886386774 -0.000460280666462 -0.172501847971
0.000254212863754 -0.000400560617738 -0.172251847971
0.000268782153022 -0.000331887381 -0.172001222995
0.00027014839692 -0.000259503822447 -0.171751222995
0.000256538062916 -0.000191473578092 -0.171500601877
0.00022761135987 -0.000132972962494 -0.171250598019
0.00018438931337 -8.28733777945e-05 -0.171000598019
0.000128637275228 -3.95397081114e-05 -0.170749976901
6.21707530037e-05 -6.50800704099e-06 -0.170499973043
-1.2045830272e-05 1.41596221715e-05 -0.170249973043
-8.86611179581e-05 2.53314701148e-05 -0.169999973043
-0.00016368236836 2.47983211976e-05 -0.169749973043
-0.000236401815093 5.83521821533e-06 -0.169500594161
-0.000303579432483 -2.9666716829e-05 -0.169250590303
-0.000360463379208 -7.51878111585e-05 -0.169000590279
-0.000406626772674 -0.000131613901105 -0.168751211398
-0.000441880778801 -0.000199167109153 -0.168501211398
-0.000463078692892 -0.000268909858068 -0.168251211398
-0.000468911204743 -0.000331746343482 -0.168001832516
-0.000461527789384 -0.000385053179761 -0.167751832516
-0.000444121443383 -0.000430109430091 -0.167501832516
-0.000419541617916 -0.000470255599082 -0.167251832516
-0.000389824544041 -0.000509439552503 -0.167001832492
-0.000355865969561 -0.000546500798056 -0.166751832492
-0.000318101722347 -0.000575199168691 -0.166501832492
-0.00027742721234 -0.000595918069879 -0.166251832492
-0.000235409083922 -0.000617730315725 -0.166001832492
-0.000193704199966 -0.000644053485631 -0.165751832492
-0.000152303151787 -0.000667678710196 -0.165501832492
-0.000109882178254 -0.000682788087347 -0.165251832492
-6.64275520354e-05 -0.000691674056428 -0.165001832468
-2.23881712457e-05 -0.000696328307265 -0.164751832468
2.28255099243e-05 -0.000694844512562 -0.164501832468
6.78906842039e-05 -0.000689330155663 -0.164251832468
0.000111492796812 -0.000681059234355 -0.164001832443
0.000155568423644 -0.000660856733741 -0.163751832443
0.000200033668106 -0.000620894934337 -0.163501836301
0.000240425534344 -0.000564843555258 -0.163251836301
0.000272161518037 -0.000500219610067 -0.163001836301
0.000292257647386 -0.000433709106218 -0.162751836301
0.000299358059096 -0.000367926395794 -0.162501836301
0.000293003654694 -0.000296877183981 -0.162251219041
0.000272454750604 -0.000214775608064 -0.162001219041
0.000237591546551 -0.000129611590414 -0.161751222899
0.000189883452719 -5.80977061145e-05 -0.161501222899
0.00013132814834 -9.07517897653e-06 -0.161251226757
6.40133949694e-05 1.95989635959e-05 -0.161000605639
-9.22401603707e-06 3.19902120462e-05 -0.160750605639
-8.45959073653e-05 3.06183868374e-05 -0.160500609497
-0.000157473797915 1.85576526286e-05 -0.160249988403
-0.00022366492409 -2.37429288383e-06 -0.159999988403
-0.000281147536697 -3.40613915895e-05 -0.159749984545
-0.000329497187647 -7.9497730562e-05 -0.159499363427
-0.000367837374041 -0.000138359074431 -0.159249359569
-0.000394247229741 -0.000205314292844 -0.158999359569
-0.000407435165245 -0.000274250703073 -0.158748734617
-0.000407884962572 -0.000342843248513 -0.158498730759
-0.000396831798013 -0.000410690221449 -0.158248730759
-0.000375652809281 -0.000477663630595 -0.157998726902
-0.000345727211575 -0.000542295228786 -0.157748726902
-0.000308933098127 -0.000598873720407 -0.157498723044
-0.000267854310011 -0.000642460631882 -0.157248723044
-0.000224837090146 -0.000673277792749 -0.156998723044
-0.000181233880601 -0.000694514990386 -0.156748719186
-0.000137730452264 -0.000710106462042 -0.156498719186
-9.46500548917e-05 -0.000721102918639 -0.156248719186
-5.15847604384e-05 -0.000724477807397 -0.155998719186
-7.01594118557e-06 -0.000716718915455 -0.155748719186
4.05001375572e-05 -0.000696948394318 -0.155499336446
9.0304206908e-05 -0.000669680570803 -0.155249336446
0.000139802356404 -0.000641224879929 -0.154999336446
0.000187238868504 -0.000612078096312 -0.154749336446
0.000231993271107 -0.000578504706548 -0.154499957564
0.000273322124873 -0.000536124175373 -0.154249957564
0.000309626634756 -0.000481685478666 -0.153999957564
0.000338059411393 -0.000419752523824 -0.153749957564
0.000356406436038 -0.000361606864147 -0.153500578682
0.000364400371322 -0.000312913919102 -0.153250578682
0.000361747979502 -0.000266791787191 -0.153000582564
0.000346458841154 -0.000213002221198 -0.152750582563
0.000316967495152 -0.000152947982197 -0.152500582563
0.000274019446135 -9.78364283177e-05 -0.152250586421
0.000219185224715 -5.45157247016e-05 -0.152000586421
0.000153918244056 -2.19646943844e-05 -0.151750590279
8.08722270451e-05 1.39510935928e-06 -0.151500590279
4.08620977273e-06 1.27455501972e-05 -0.151250594137
-7.2406083397e-05 7.40156606793e-06 -0.150999973019
-0.000145186480757 -1.59318296098e-05 -0.150749976877
-0.000210890907323 -5.44629659598e-05 -0.150499976877
-0.000266714956061 -0.000106172251077 -0.150249976877
-0.000310673954672 -0.000169858691085 -0.149999980735
-0.000340709032814 -0.000238226344107 -0.149749980711
-0.000355617598436 -0.000299299584729 -0.149500601829
-0.000356807411559 -0.000346399463632 -0.149250601805
-0.000347324217608 -0.000384670058536 -0.149000601805
-0.000328985060908 -0.000426821252953 -0.148750601781
-0.000301715209529 -0.000478245828111 -0.148500601757
-0.000266021457951 -0.000532889246618 -0.148250601757
-0.000223865410004 -0.000583617764618 -0.148001222851
-0.00017776283159 -0.000626381489163 -0.147751222851
-0.00013041116486 -0.00065793762699 -0.147501222827
-8.3839504403e-05 -0.000676627087899 -0.147251222827
-3.82293580772e-05 -0.000685805258513 -0.147001222827
7.34983422977e-06 -0.000693216472918 -0.146751218969
5.25718539621e-05 -0.00070175828928 -0.146501840087
9.66525444325e-05 -0.000704231119482 -0.146251840087
0.000140385419869 -0.000693817787919 -0.146001840111
0.000184438098784 -0.000675574484527 -0.145751840111
0.000227699073038 -0.000659860502166 -0.145501219017
0.000269379988964 -0.00064608820279 -0.145251219041
0.000309551088909 -0.000621319483186 -0.145001219065
0.000346766760572 -0.000577626876999 -0.144751219065
0.000378023916428 -0.000520070396501 -0.144501219089
0.000400660924874 -0.000453850410516 -0.144250597995
0.000412451733535 -0.000381103483302 -0.144000594137
0.000412413818347 -0.000308976071843 -0.143749973043
0.000400187072125 -0.000241339866162 -0.143499973043
0.000373929343474 -0.000173151331466 -0.143249973068
0.000332800517308 -0.00010421894612 -0.142999351949
0.000279392641543 -4.32901050813e-05 -0.142749348092
0.000217012080106 2.97601975558e-06 -0.142499348092
0.000148311810656 3.21497878725e-05 -0.142249348091
7.60764001937e-05 4.17657996201e-05 -0.141999348091
2.49039743482e-06 3.2816019966e-05 -0.141749348115
-7.0144931249e-05 1.13188703216e-05 -0.141499348115
-0.000138026796578 -2.09488878868e-05 -0.141249348115
-0.00019759563318 -6.83728419176e-05 -0.140999348115
-0.000246446372281 -0.000129918979354 -0.140749348115
-0.000282601857008 -0.000199316821551 -0.140499348115
-0.000304702485978 -0.000275558505508 -0.140249348115
-0.000311944473182 -0.000358375648569 -0.139999348091
-0.00030451498343 -0.000440957280707 -0.139749351949
-0.000284162613233 -0.000515015656482 -0.139498730807
-0.000254247070428 -0.000573558995405 -0.139248730807
-0.000219040804599 -0.000612037439797 -0.138998730783
-0.00018067599092 -0.000636050937315 -0.138748113523
-0.000137977902554 -0.000657334892114 -0.138498113499
-9.15296477583e-05 -0.000677541559827 -0.138248113499
-4.43850890891e-05 -0.000691235186485 -0.137998117333
2.16558940941e-06 -0.000698216416724 -0.137747496215
4.74759966634e-05 -0.000698809503769 -0.137497496215
9.04522230759e-05 -0.000690071688537 -0.137247496191
0.000132258804371 -0.000673950477264 -0.136997496191
0.00017467270828 -0.000657321885098 -0.136747496191
0.000217016522674 -0.000639778334068 -0.136497500049
0.000257915134293 -0.000613268173493 -0.136247500073
0.000297062667024 -0.000578293090775 -0.135997500073
0.000334324855696 -0.000545814583861 -0.135747500073
0.000369090401481 -0.000518457328694 -0.135497500073
0.000399574412866 -0.000484648306048 -0.135247500073
0.00042261352828 -0.00043421974115 -0.134997500073
0.000435638941107 -0.000370170352128 -0.134747500073
0.000438591199766 -0.000304500783298 -0.134498121191
0.000432957863515 -0.000247162189464 -0.134248121191
0.000418566313363 -0.000198827566529 -0.133998742309
0.00039097679752 -0.00015014374697 -0.133748738475
0.000344977912988 -9.31409034301e-05 -0.133498738475
0.000282681069206 -3.53044232856e-05 -0.133249355735
0.000211545865351 8.88619480748e-06 -0.132999355735
0.000136296265335 3.38707488233e-05 -0.132749972995
5.94938104656e-05 3.99176117173e-05 -0.132499969138
-1.58495468685e-05 2.71027113095e-05 -0.13224996528
-8.73435023948e-05 -1.0367832304e-06 -0.13199996528
-0.000152256012828 -3.92165317168e-05 -0.131749961422
-0.000206779239798 -8.81355475052e-05 -0.131499340304
-0.000248194718878 -0.000148895872418 -0.131249340304
-0.000276267805286 -0.000211320155285 -0.130999340304
-0.000292128051669 -0.000263845162076 -0.130748715328
-0.000295827103738 -0.000311317231286 -0.130498719186
-0.000285415714551 -0.000367240559142 -0.130248719186
-0.000259983249708 -0.000433361667452 -0.129998719186
-0.000222371987674 -0.000498433716383 -0.129748098068
-0.000176906417098 -0.000553234155313 -0.129498101926
-0.000126263770662 -0.000596907068696 -0.129248105784
-7.28272355639e-05 -0.000629765666583 -0.128998105784
-1.98989079348e-05 -0.000650253546308 -0.128748109618
3.07704506079e-05 -0.000659526228207 -0.128498109618
7.96595587382e-05 -0.000661648682266 -0.128248113476
0.000127787073677 -0.000660615870203 -0.127998113476
0.00017485793909 -0.000657535318374 -0.127748117334
0.000218999075751 -0.000649010766815 -0.127498117333
0.000259581240918 -0.000631878611014 -0.127248742309
0.000298093458893 -0.000607623287554 -0.126998742309
0.000335236947525 -0.00057750676258 -0.126748742309
0.000370275321158 -0.000539707901746 -0.126498742333
0.000402299476361 -0.000494671489715 -0.126248746191
0.000430646366937 -0.000446098690953 -0.125998746191
0.000454208159891 -0.000395778131251 -0.125749367309
0.00047080481026 -0.00034135502969 -0.125499367332
0.000477048558694 -0.000278841797304 -0.12524937119
0.000469635962865 -0.000207125741539 -0.12499937119
0.000447924739256 -0.000131805425391 -0.12474937119
0.000415194273291 -6.36450229075e-05 -0.124499992308
0.000375312746653 -1.03648018009e-05 -0.124249992308
0.000327673455161 2.97658333267e-05 -0.123999992308
0.000269656399112 6.12182640098e-05 -0.123749992308
0.000203470556098 8.11524670323e-05 -0.123499992308
0.000133514325531 8.47115540931e-05 -0.123249988474
6.08786876212e-05 7.40976979313e-05 -0.122999988474
-1.29843713608e-05 5.38658139005e-05 -0.122749984617
-8.29226351136e-05 2.36533075673e-05 -0.122499984617
-0.000143215311626 -1.99720934776e-05 -0.122249980759
-0.000190084956769 -7.92058497744e-05 -0.121999980759
-0.000221380724211 -0.000153747938858 -0.121749976901
-0.00023657371407 -0.000238173240219 -0.121499976901
-0.000237679904618 -0.000319635303074 -0.121249976901
-0.000227570155233 -0.000388071266787 -0.120999976901
-0.000206392170279 -0.000446746615746 -0.120749976901
-0.000172972029208 -0.000502377832659 -0.120499976901
-0.000128367346251 -0.000554784504218 -0.120249355784
-7.66365452192e-05 -0.000598623107295 -0.119999355784
-2.44543861544e-05 -0.000626521780138 -0.119749355784
2.30292922843e-05 -0.000636030594345 -0.119499355784
6.64698369576e-05 -0.000632889262647 -0.11924935576
0.000109268954634 -0.00062440554256 -0.11899935576
0.000153482045671 -0.000614543794464 -0.11874935576
0.000198494960652 -0.000603463025158 -0.118499359618
0.000241850700055 -0.00058854338792 -0.118249359618
0.000282908752061 -0.000569167060928 -0.117999359594
0.000323848092804 -0.000549891194501 -0.117749359594
0.000364788246685 -0.000532647564827 -0.117499359594
0.000402630155986 -0.000510998152601 -0.11724935957
0.000436177152727 -0.000481041018199 -0.11699935957
0.000466505161011 -0.000446201555592 -0.116749363404
0.000491872070702 -0.000404134660156 -0.116499363403
0.000507850503214 -0.000348138919096 -0.116249363403
0.000513329541444 -0.000282408776425 -0.115999363403
0.000510935211561 -0.000218082138069 -0.115749367237
0.000501855525773 -0.000160086331765 -0.115499367237
0.000483548398564 -0.00010603914671 -0.115249367237
0.000450652689058 -5.08667439809e-05 -0.114999371095
0.000400923450081 4.71950106619e-06 -0.114749371119
0.000338778474832 5.26939888473e-05 -0.114499374977
0.000267236485951 8.93115710197e-05 -0.114249374977
0.000188275449686 0.000113882457861 -0.113999996095
0.000109092745304 0.000120831254082 -0.113749996119
3.42844453883e-05 0.000108231830486 -0.113499996119
-3.69710961962e-05 8.20311475913e-05 -0.113249996119
-0.000102661835788 4.62109316787e-05 -0.112999996143
-0.000157654799685 -4.50363756471e-07 -0.112749996143
-0.000198070661 -5.94470799442e-05 -0.112499375049
-0.000222234498675 -0.000129685796094 -0.112249375049
-0.000230188786442 -0.000206763080036 -0.111999371215
-0.000222878311466 -0.000284954095081 -0.111749371215
-0.000201488588065 -0.000359734912856 -0.111498746239
-0.000167384757521 -0.000428378473092 -0.111248746263
-0.000122086491 -0.00048946041161 -0.110998746263
-6.82481421663e-05 -0.000540842560706 -0.110748742405
-9.79335337519e-06 -0.000579875315105 -0.110498742429
4.92356304651e-05 -0.000605149955188 -0.110248121311
0.000105274981467 -0.000616577551881 -0.109998121311
0.000157060008584 -0.000616587260778 -0.109748117429
0.000205140295713 -0.000608614077101 -0.109498117429
0.000249934994217 -0.000594894648553 -0.109248117405
0.000293161493134 -0.00057833444135 -0.108998117405
0.000335443906073 -0.000560517369069 -0.108748738499
0.000372595765148 -0.00053680737076 -0.108498738475
0.000402017365542 -0.000502025438606 -0.108248738451
0.000427921413511 -0.000460022623347 -0.107998738451
0.000454148368687 -0.000417415093216 -0.107748738427
0.000478518940191 -0.000372654276484 -0.107498738427
0.000497423496573 -0.000321357800214 -0.107248738427
0.000510116591761 -0.000265048734694 -0.106998738428
0.000516667264249 -0.000207088779884 -0.106749359546
0.00051467512188 -0.000146675588846 -0.106499359546
0.000501491772876 -8.32995832773e-05 -0.106249359546
0.000478849626979 -2.27379874979e-05 -0.105999359546
0.000450091705894 2.89201704313e-05 -0.105749359546
0.000414451134404 7.16432092081e-05 -0.10549935957
0.000370122540981 0.000106146364858 -0.10524935957
0.000318032619036 0.000130288667529 -0.104999363451
0.000258664224191 0.00014288212971 -0.104749363451
0.000192367841753 0.000143632727418 -0.104499363451
0.000121648224952 0.000131702837449 -0.104249363475
4.88080078552e-05 0.000108310648563 -0.103998742357
-2.15701131183e-05 7.4244320381e-05 -0.103748746215
-8.10666169881e-05 2.61638329863e-05 -0.103498746239
-0.000124586350181 -3.72958682679e-05 -0.103248746239
-0.00015246466535 -0.000110986848656 -0.102998746239
-0.000165359618159 -0.000188774479688 -0.102748746239
-0.000163397349939 -0.000266050729142 -0.102498746263
-0.000149025938733 -0.00033645601819 -0.102248746263
-0.000126294765224 -0.000393868292618 -0.101998746263
-9.75068169886e-05 -0.000437371685517 -0.101748746263
-6.18081626067e-05 -0.000471119171445 -0.101498746263
-1.58336488047e-05 -0.000501146998349 -0.101248746239
4.27470076325e-05 -0.000530473743944 -0.100999367357
0.000109325578557 -0.000554864164963 -0.100749363499
0.000173645090373 -0.000566904898201 -0.100499363475
0.00022803373752 -0.000563549257137 -0.100249363475
0.000272036303305 -0.000547568085452 -0.0999993634508
0.000310899448783 -0.000524733737049 -0.0997499807111
0.000350239614567 -0.000500162198135 -0.0994999807111
0.000391276435246 -0.000475759580476 -0.0992499807111
0.000431699117092 -0.000450761776094 -0.0989999807111
0.000469903359576 -0.000424518491748 -0.0987499807112
0.000506520790666 -0.000398173574768 -0.0984999807112
0.000540477206478 -0.000370489670397 -0.0982506018292
0.000567232164029 -0.000334977239969 -0.0980006018294
0.000585061168236 -0.000289163186017 -0.0977506018294
0.000596455764618 -0.000237992985655 -0.0975006018294
0.000600938808954 -0.000183318659792 -0.0972506018533
0.000596136275968 -0.000125133843357 -0.0970006018533
0.000582922173932 -6.75170761179e-05 -0.0967506018535
0.000560316206824 -1.21606845807e-05 -0.0965006018535
0.000521480001209 4.43312316162e-05 -0.0962506018533
0.000461301831395 0.00010232753429 -0.0960006018533
0.000386233463135 0.000153429520736 -0.0957506018533
0.000310632829681 0.00018651904057 -0.0955006018533
0.000241829756458 0.000197839588467 -0.0952499807353
0.000175698133858 0.000191475225737 -0.0949999768775
0.000106702504459 0.000172625636541 -0.0947499768775
3.55283469077e-05 0.000143938690759 -0.0944993557593
-3.12980574469e-05 0.000105320677161 -0.0942493557593
-8.42920831687e-05 5.3640744558e-05 -0.0939993557593
-0.000115890848837 -1.50033564591e-05 -0.0937487346413
-0.000125580344258 -9.86391164013e-05 -0.0934987307834
-0.000118927637686 -0.000187156477331 -0.0932481096654
-0.000102155234207 -0.000268699751994 -0.0929981135233
-7.92985644563e-05 -0.000335844755613 -0.0927481135233
-5.07326459315e-05 -0.00038827580566 -0.0924981135233
-1.23607781222e-05 -0.000431896554965 -0.0922481135233
3.95846492265e-05 -0.000471371476946 -0.091997496263
0.000102486175501 -0.000504644905048 -0.0917474962869
0.000168817996967 -0.000526691016123 -0.0914974962869
0.000233033878241 -0.000535905650878 -0.0912475001448
0.000292576781821 -0.000533592935959 -0.0909981212628
0.000342532479141 -0.000519642636727 -0.0907481212628
0.000379917881522 -0.000494861906927 -0.0904981251207
0.000411739390228 -0.000464654192169 -0.0902481251207
0.000447152665572 -0.000434794534979 -0.0899981251207
0.000485213821017 -0.000405657031677 -0.0897481251207
0.000518514084156 -0.000373367424385 -0.0894987500966
0.00054366489169 -0.000335120274331 -0.0892487500966
0.000563280790123 -0.000292005356536 -0.0889987500966
0.000581821711061 -0.000248015135517 -0.0887487500966
0.000600417911952 -0.000205294035954 -0.0884987500966
0.000614019503974 -0.000159770229249 -0.0882493711908
0.000615833534942 -0.000105838270611 -0.0879993711908
0.000605030498585 -4.52094216818e-05 -0.0877493711908
0.000589168686816 1.23254689654e-05 -0.0874993711909
0.00057723061793 5.80020679465e-05 -0.0872493711909
0.000565933817765 9.47086869626e-05 -0.086999992309
0.000539375139536 0.000132423342918 -0.086749992309
0.000489563362559 0.000172276890727 -0.0864999884512
0.000423444259079 0.000206234669218 -0.0862499884512
0.000348225012206 0.000228508693117 -0.0859999884512
0.000269983845926 0.0002357532947 -0.0857499845934
0.00019831357168 0.000224195996295 -0.0854999807594
0.000135779224923 0.000193970350722 -0.0852493596413
7.69937891079e-05 0.000149774920367 -0.0849993557834
2.12444615094e-05 9.5822818048e-05 -0.0847493519255
-2.65134821578e-05 3.44933028548e-05 -0.0844987308075
-6.3289181342e-05 -3.0603598997e-05 -0.0842487269736
-8.83150845678e-05 -9.49892082172e-05 -0.0839987269734
-9.7827713257e-05 -0.000158284045993 -0.0837487269734
-8.71630925116e-05 -0.000222831503443 -0.0834987269974
-5.77229893452e-05 -0.000286251013456 -0.0832481058794
-1.48474309489e-05 -0.000343056071558 -0.0829981058793
3.69809063369e-05 -0.000389566872092 -0.0827481097611
9.33743288577e-05 -0.000423512217827 -0.0824981097611
0.000152953521104 -0.000445637649351 -0.0822481097611
0.000216832661805 -0.000458245612489 -0.0819981136188
0.000281073926186 -0.000460725581509 -0.0817481136188
0.000340600952964 -0.000452723674194 -0.0814981174767
0.000397919830735 -0.000437629001884 -0.0812481174767
0.000455610045924 -0.000418321739286 -0.0809987385947
0.000507053164841 -0.000393998940824 -0.0807487424524
0.000546850120787 -0.000364180853111 -0.0804987424285
0.000579371011286 -0.000331378642053 -0.0802487424285
0.000607703750718 -0.000297100158096 -0.0799987424045
0.000628644089147 -0.00025925466596 -0.0797487423805
0.000641590079303 -0.000216305451237 -0.0794987423805
0.000650231644952 -0.000169874593844 -0.0792487423567
0.000657980267692 -0.000122811768447 -0.0789987423328
0.000665870230707 -7.69818460016e-05 -0.0787487423328
0.000669082937162 -2.98732792198e-05 -0.0784987423088
0.000656732237395 2.47679571177e-05 -0.0782487423088
0.000621600860101 8.84052658979e-05 -0.077998742309
0.000568362957731 0.000153478486633 -0.077748742309
0.000509810011279 0.000209350065895 -0.077498742309
0.000456394683258 0.000249912084845 -0.077248742309
0.000407375103797 0.000276120491581 -0.0769981211911
0.000352719869254 0.000291896070842 -0.0767481173332
0.000286631176469 0.000298009624933 -0.0764981173332
0.000214252273972 0.000291757764451 -0.0762481173334
0.000145219667767 0.000270447540099 -0.0759981134755
8.7052623924e-05 0.00023296358739 -0.0757481134995
4.09915658844e-05 0.000180437325365 -0.0754981134995
4.59589834023e-06 0.00011604909097 -0.0752481134996
-2.06989273318e-05 4.28081809402e-05 -0.0749981096417
-3.29689840079e-05 -3.57346195799e-05 -0.0747481096657
-3.38557701402e-05 -0.000113882430479 -0.0744981096657
-2.14689680853e-05 -0.000188486883402 -0.0742481096657
8.85016328795e-06 -0.000259641606587 -0.0739981096896
5.63918846886e-05 -0.000325009113105 -0.0737481096896
0.000116550900677 -0.000380494589955 -0.0734987346895
0.000181850923868 -0.000421607761747 -0.0732487346896
0.000240359054289 -0.000443660742578 -0.0729987347136
0.000285790878106 -0.000447290897349 -0.0727487385954
0.000325580770114 -0.000439536348328 -0.0724987385954
0.000370386173948 -0.000426365093443 -0.0722487386194
0.000421462102767 -0.00040873748207 -0.0719987386194
0.000471692999038 -0.000385395367185 -0.0717487386194
0.000513838443716 -0.000356037302888 -0.0714987424771
0.000546356360205 -0.000321837687853 -0.0712487424771
0.000572634510219 -0.000284481027419 -0.070998742477
0.000596180214999 -0.000245301585858 -0.070748742453
0.000617292332555 -0.000204854082681 -0.070498742453
0.000634741947725 -0.00016307728734 -0.0702487424529
0.000648857290465 -0.000120239971629 -0.0699987424289
0.000659504531699 -7.64525232302e-05 -0.0697481212868
0.000664488231396 -3.08218803281e-05 -0.0694981212866
0.00066391063746 1.61549611913e-05 -0.0692481212627
0.000660756158518 6.20637551081e-05 -0.0689981174047
0.000652725996154 0.000107168890929 -0.0687481174047
0.000631239253146 0.000154146550663 -0.0684981173807
0.000593704216048 0.000201405935025 -0.0682474962627
0.000547947113992 0.000243003674412 -0.0679974962627
0.000501134878212 0.00027484327038 -0.0677474962627
0.00045278398622 0.000296114464314 -0.0674974962627
0.000398671551143 0.000306543799117 -0.067247492405
0.000335965811569 0.000305026852013 -0.066997492405
0.000264591896587 0.000290237160324 -0.0667474924051
0.000186350610372 0.000261742113555 -0.0664974924051
0.000106991593503 0.00022027713925 -0.0662474885474
3.91692969312e-05 0.000166842071275 -0.0659974885474
-5.06260416338e-06 0.000102060084441 -0.0657481096654
-2.62338132147e-05 2.83075979846e-05 -0.0654981096655
-3.49282561025e-05 -4.80662114345e-05 -0.0652481096895
-3.76257179852e-05 -0.000120104406675 -0.0649981058316
-2.90928390822e-05 -0.000186109685128 -0.0647481058316
-5.29194085145e-07 -0.000248056872348 -0.0644987269496
4.66052680288e-05 -0.000304089774962 -0.0642487269496
0.000102853288476 -0.000349115740553 -0.0639987269496
0.000165607357557 -0.000381977669341 -0.0637487269498
0.000239564624046 -0.000404589923863 -0.0634981058318
0.000323619652264 -0.000416453651714 -0.0632481058316
0.000404269932571 -0.000414627422726 -0.0629981058316
0.000464484604343 -0.000398314166467 -0.0627481058316
0.000502567042957 -0.00037153702909 -0.0624979827654
0.000533839602233 -0.00033943291664 -0.0622478581464
0.000570254448634 -0.000304404093837 -0.0619977339227
0.000610994791388 -0.000267233336886 -0.0617476093156
0.000649280042681 -0.000228776004197 -0.0614974847086
0.000677458849284 -0.000189541528103 -0.0612473604873
0.000690991196025 -0.000148843219265 -0.0609972362685
0.000693074466365 -0.000105781219415 -0.0607471741614
0.000689811958816 -6.04725414412e-05 -0.0604971120544
0.000680771929285 -1.24948942937e-05 -0.0602470495615
0.000663022613301 3.88034663651e-05 -0.0599969874545
0.000639492262403 9.1250860606e-05 -0.0597469249618
0.000613327563369 0.00014200694941 -0.0594969249642
0.000584072945776 0.000189685380799 -0.0592468628549
0.000552735721201 0.000232639648638 -0.0589968624715
0.00051721740687 0.000270304482448 -0.0587468624716
0.000470678625831 0.000302732105208 -0.0584968624741
0.000414364330688 0.00032740001252 -0.0582469249718
0.000356837597012 0.000341250390743 -0.0579969253576
0.000300621171146 0.000343089051845 -0.0577469878529
0.000241760261958 0.00033227062267 -0.0574970507339
0.000177672717895 0.000307875506284 -0.0572471757267
0.00011324784358 0.00026959750614 -0.0569972386077
5.97886653169e-05 0.000218310938878 -0.0567473018745
2.32480113951e-05 0.000155563612033 -0.0564974272531
-1.32636525702e-06 8.39688969076e-05 -0.0562474909056
-1.83313201461e-05 7.92447650494e-06 -0.0559976166676
-2.35490818356e-05 -6.83804801623e-05 -0.0557476795485
-1.24571846794e-05 -0.000141933440253 -0.0554978045413
1.33656893483e-05 -0.000209437330477 -0.0552478674199
5.08371551837e-05 -0.000267813029065 -0.054997929915
9.83660432908e-05 -0.000315241487644 -0.0547480541362
0.000154289471918 -0.000350731198104 -0.0544981783574
0.000214440628277 -0.000373372676361 -0.054248240081
0.000272661818995 -0.000382722790624 -0.053998363533
0.000327048698946 -0.000380093370464 -0.0537484244898
0.000380913010232 -0.000367562967409 -0.0534985471702
0.000437510536043 -0.000346483356399 -0.0532486081294
0.000497509796161 -0.000317582906855 -0.0529987315861
0.000554684990614 -0.000281933254436 -0.0527487925453
0.000597420083455 -0.000241919378147 -0.0524988535069
0.000622327684636 -0.000199948017956 -0.0522489148542
0.000638235400291 -0.000156737051899 -0.0519988519756
0.000654923705672 -0.000112472447732 -0.0517488515969
0.000674905996721 -6.82038028848e-05 -0.0514989133277
0.000693221179825 -2.49524868497e-05 -0.0512489133325
0.000702893362038 1.78955402385e-05 -0.0509989133349
0.000704121549073 6.12858771635e-05 -0.0507488512231
0.000703403324979 0.000104485794019 -0.0504987891089
0.000699744825583 0.000147506184538 -0.0502487273805
0.000682868379418 0.000192094955412 -0.0499986035403
0.000647700153269 0.000237785668824 -0.0497484175883
0.000598770516384 0.000281124795684 -0.0494981695222
0.000540556664559 0.000318735208925 -0.04924785973
0.000476083943835 0.00034797233838 -0.048997550326
0.000411830981167 0.000366800346386 -0.0487472405362
0.000351000254888 0.000374317675454 -0.0484969932416
0.000289044526184 0.000369547324084 -0.0482467455636
0.000221323309245 0.000350812124674 -0.0479964357714
0.000149168206494 0.000317176237687 -0.04774618771
8.17435864607e-05 0.000270006620447 -0.0474960021438
3.00033941916e-05 0.00021227572647 -0.047245815806
-3.85949253355e-06 0.000146236430912 -0.0469958158036
-2.31915780579e-05 7.39572915288e-05 -0.0467458154154
-2.72515221827e-05 -1.41284525736e-06 -0.0464958767556
-1.48315065451e-05 -7.6487560333e-05 -0.0462460619313
1.07815594106e-05 -0.000147607870976 -0.0459962467235
4.80958814294e-05 -0.000211362741964 -0.04574643113
9.81781446494e-05 -0.000265499236187 -0.0454966151507
0.000159650285412 -0.000308214605481 -0.0452467995596
0.000232595399024 -0.000338398427808 -0.0449969839684
0.000316417690369 -0.000355107390128 -0.0447471062655
0.000401129327005 -0.0003572603042 -0.0444972289484
0.000476286513369 -0.000345649487258 -0.0442472899052
0.000542072116016 -0.00032260434301 -0.0439972270266
0.000600736115613 -0.000290344675484 -0.0437471645362
0.000646744132919 -0.000251870452779 -0.043497102815
0.000674585673812 -0.000210925579266 -0.043246978982
0.000690849237708 -0.000168864747103 -0.0429968555348
0.000705695852932 -0.000124984879166 -0.0427467945827
0.000717820315614 -8.04071665656e-05 -0.0424966715189
0.000720003401399 -3.70697727474e-05 -0.0422465488408
0.000711724524881 5.43177648758e-06 -0.0419964257721
0.000699292990907 4.86682511353e-05 -0.0417463030893
0.000687678267962 9.28320513437e-05 -0.0414962421301
0.000675029290146 0.000137100281215 -0.0412461194448
0.000657271415944 0.000181026892059 -0.0409960584855
0.000635725982728 0.000223970104193 -0.0407459979097
0.000612940911022 0.000264942103424 -0.0404959369456
0.000584186970663 0.000303320581958 -0.0402459380933
0.000542556670516 0.000337893820465 -0.0399959392411
0.000490537940528 0.000366393362812 -0.0397459407746
0.000437092328066 0.00038715669637 -0.0394960048081
0.000383149586599 0.000398963226364 -0.0392461309559
0.00032171794948 0.000399236645955 -0.0389962574894
0.000255530776584 0.000386194444251 -0.0387463836371
0.000197965729967 0.000361411195427 -0.0384965097848
0.0001512837935 0.000325223827995 -0.0382466976634
0.000103688885292 0.000274165952521 -0.037996823042
5.21216929161e-05 0.00020805547176 -0.0377469480372
9.0734102891e-06 0.000133061667792 -0.0374970726466
-1.34626484806e-05 5.55965046657e-05 -0.0372470722608
-1.30539542886e-05 -2.09564357341e-05 -0.0369970093799
7.29900576499e-06 -9.42647135333e-05 -0.036746883999
4.11648167225e-05 -0.000161660095738 -0.0364966336228
7.9425676222e-05 -0.000220017090627 -0.0362464445894
0.000119992155398 -0.000266659500615 -0.0359961930559
0.000170546031023 -0.000300364619252 -0.0357458786438
0.000232433513666 -0.000320610995508 -0.0354955646152
0.000296844426042 -0.000327415069636 -0.0352452505841
0.000362281005255 -0.000321188412946 -0.0349949369412
0.000435198299201 -0.000301419442122 -0.0347446236818
0.000510467181879 -0.000268766845964 -0.0344943729199
0.000570855598345 -0.000228033550081 -0.0342441842698
0.000609817681017 -0.000184226499053 -0.0339941202267
0.000638453587439 -0.000137381256864 -0.0337440561836
0.000665921859515 -8.63890800217e-05 -0.0334941171333
0.000687697797808 -3.44171696968e-05 -0.0332441167427
0.000695947302306 1.41009446985e-05 -0.0329941788497
0.000692874593126 5.92856402583e-05 -0.0327443651827
0.000689316087793 0.000104490414575 -0.0324944897873
0.000687493317095 0.000149641041723 -0.0322446143942
0.000675261429963 0.000192148740992 -0.0319947397751
0.000646226362277 0.000232601806861 -0.0317449889962
0.000610084620499 0.000272935819066 -0.0314952386031
0.000576665584093 0.000312990182618 -0.0312454261005
0.000544461851933 0.000351314238725 -0.0309956128312
0.00050510820469 0.000386048575151 -0.0307458624452
0.000452723205672 0.000414852927864 -0.0304961120593
0.000390806428163 0.000435770923261 -0.0302463616733
0.000327158561586 0.000447984946696 -0.0299965491732
0.000264114777503 0.000450478729388 -0.0297467366754
0.000201125964484 0.000441694195809 -0.0294968624517
0.000140600004604 0.000420994543186 -0.0292470499541
8.38356299036e-05 0.000387700100657 -0.0289971140044
2.9432617562e-05 0.000340352692801 -0.0287471780524
-1.90961642185e-05 0.000280334911607 -0.0284972424861
-5.34549590157e-05 0.000212461369303 -0.0282472448081
-6.95217945757e-05 0.000140494264873 -0.0279972467419
-6.76733045363e-05 6.66776395728e-05 -0.0277472479042
-4.89020067578e-05 -6.40530003843e-06 -0.0274972486806
-1.48485785902e-05 -7.57399541282e-05 -0.0272472490689
3.41310466041e-05 -0.000137698612645 -0.0269972486856
9.58857114607e-05 -0.000189276713209 -0.0267472479117
0.000162397877219 -0.00022877012395 -0.0264972471379
0.000230913040083 -0.000254469001237 -0.0262473080828
0.000304933527885 -0.000264818997149 -0.0259973061444
0.000378474622176 -0.000260517399092 -0.0257473666964
0.000443651907927 -0.000243888439359 -0.0254973647507
0.000501961544198 -0.000216167054546 -0.0252473628027
0.000550984314002 -0.000179910519143 -0.0249973604713
0.000584762772827 -0.000139734832328 -0.0247473577541
0.000606312070367 -9.74061919201e-05 -0.0244972936919
0.000621987157318 -5.22243174966e-05 -0.0242472300179
0.000634404070204 -4.20185157147e-06 -0.0239971659604
0.000642534818818 4.49569565174e-05 -0.0237471022936
0.000642767285757 9.21050282711e-05 -0.0234969765196
0.000634383367215 0.000136151681779 -0.0232469140221
0.000621190535413 0.000178899342345 -0.0229967898009
0.000608045581986 0.000222199846089 -0.0227466655844
0.000598952916278 0.000266527935513 -0.0224966030963
0.000592323832657 0.000310229531081 -0.022246478506
0.000578510731255 0.000350631763238 -0.0219964156417
0.000548948953486 0.000386310826779 -0.0217462293277
0.000505610219013 0.000417395176705 -0.0214961047349
0.000459314155602 0.00044495817654 -0.0212459809114
0.000417726889354 0.000469649260402 -0.020995856702
0.000376581714402 0.00048943827081 -0.0207457332618
0.000329255693326 0.000500702875415 -0.0204956098241
0.00027492250837 0.000500644289636 -0.0202454867673
0.000211731762006 0.000485325968619 -0.0199954254342
0.000139671866943 0.000451163747335 -0.0197453015987
6.80653326581e-05 0.000400359903045 -0.0194952402584
7.63201745969e-06 0.000338447485054 -0.0192452410299
-3.68971768758e-05 0.000269297625339 -0.0189952417991
-6.42960288082e-05 0.00019546866896 -0.0187452421801
-7.49876877863e-05 0.000119069692797 -0.0184953050587
-7.04969700992e-05 4.22634150973e-05 -0.0182453050539
-5.159157339e-05 -3.16400649495e-05 -0.0179953675443
-1.65418088757e-05 -9.8035951592e-05 -0.0177454300372
3.60843441985e-05 -0.000153184723378 -0.0174954925276
0.000100059206061 -0.000196427505651 -0.017245555018
0.000163994974025 -0.000228489673964 -0.0169956171203
0.000225240296137 -0.00024820827848 -0.0167456174966
0.000292909983343 -0.000252002578868 -0.0164956795964
0.000373782810827 -0.00023669556827 -0.0162457420845
0.000459061096485 -0.000204084387211 -0.0159958041844
0.000530315144831 -0.000161826863341 -0.0157458666701
0.000580201360549 -0.000116146424427 -0.0154959912651
0.000617566249736 -6.60744884267e-05 -0.0152460533626
0.000649894804728 -9.64334572685e-06 -0.0149961158459
0.000673963765857 4.9183405394e-05 -0.0147462404458
0.000684884878589 0.00010434540472 -0.0144963029363
0.000682096477946 0.000152649945921 -0.0142463654315
0.000668110942531 0.000194286362219 -0.0139964279316
0.000649184061131 0.00023344325143 -0.0137464904316
0.000631774259768 0.000274342461247 -0.0134965529365
0.000615122371463 0.000315745660366 -0.0132466154413
0.000593908850078 0.000354422399335 -0.0129966158367
0.000565928817888 0.000389888494077 -0.0127466783415
0.000530569138736 0.00042229995561 -0.0124967408487
0.000484444133236 0.000450047406678 -0.0122467416298
0.000427189722835 0.000471849876615 -0.0119966799134
0.000367402201572 0.000489052084351 -0.0117466185827
0.000312685517187 0.000503047037701 -0.0114966189757
0.000260890128 0.000511842098708 -0.0112465572544
0.000208924576381 0.000512698640508 -0.0109964334237
0.000156650663295 0.000503808240173 -0.0107463092048
0.000102144872719 0.000481732131569 -0.0104961845978
4.73809059466e-05 0.000445126908459 -0.010245997879
3.99092704871e-07 0.000397935311808 -0.00999574904596
-3.42972931e-05 0.000343005750936 -0.00974550021294
-5.68882321875e-05 0.000280108324089 -0.00949525060595
-6.52356174791e-05 0.000211737554023 -0.00924506272257
-5.59184550037e-05 0.000142482459963 -0.00899487368421
-3.00812541583e-05 7.40125090658e-05 -0.00874474714347
7.72081557502e-06 6.95004800378e-06 -0.00849468310032
5.52226581934e-05 -5.48771976484e-05 -0.00824461982635
0.000113692068684 -0.00010565944291 -0.00799468077599
0.000183446671509 -0.000141445599119 -0.00774480422321
0.000259417251873 -0.000161751169465 -0.00749498978224
0.000333504528887 -0.000168054457372 -0.00724523822464
0.000400705347646 -0.000161658251903 -0.00699548743863
0.000459019465543 -0.000143956419256 -0.00674573742657
0.000506242360881 -0.000117590434411 -0.00649598779791
0.000541708871796 -8.51651969861e-05 -0.00624618855961
0.00056823343057 -4.72689081035e-05 -0.00599637736284
0.000590799513338 -2.12060337207e-06 -0.00574655999419
0.000611876833661 5.13643294021e-05 -0.00549674864479
0.000626886302252 0.000108300207277 -0.00524691850802
0.000630148638423 0.000161335675454 -0.00499703837365
0.000624139280823 0.000210422473588 -0.00474710199098
0.000616051160592 0.000260984184805 -0.0044971653766
0.000607976895797 0.000313409633139 -0.00424722231814
0.000595289413367 0.000361723059131 -0.00399725422088
0.000574761238914 0.000402880621612 -0.00374724252795
0.000550907337573 0.000440926876489 -0.00349721821882
0.000529924727855 0.000479781271634 -0.00324719984939
0.000509563573975 0.000517449428971 -0.00299718105464
0.000480827467218 0.000549058094019 -0.00274713074058
0.000438952722526 0.000572151760919 -0.00249704300609
0.000389272478411 0.000588567862596 -0.00224693062074
0.00033965375084 0.00060111085985 -0.00199681827611
0.000286932739647 0.000606043142256 -0.00174670574051
0.000222541964098 0.000594559916288 -0.00149657453302
0.000152146680798 0.000566397615166 -0.00124644351744
8.83961604989e-05 0.000528501778118 -0.000996337115342
3.19294175275e-05 0.000479715702305 -0.000746254942121
-2.01583843477e-05 0.000415361170271 -0.000496203838175
-6.25050156355e-05 0.000339800279923 -0.000246185650016
-8.80559371488e-05 0.00026162341151 3.79837764428e-06
-9.39552166792e-05 0.000186198676313 0.000253758198897
-8.09763523137e-05 0.000115061112546 0.000503706844319
-5.20691698702e-05 4.79257559835e-05 0.000753655736294
-8.73462995856e-06 -1.28225359708e-05 0.00100361395269
4.9476256229e-05 -6.25474070977e-05 0.00125359678184
0.000119042917832 -9.99559208331e-05 0.00150361043398
0.000192613053662 -0.00012600173593 0.00175366131342
0.000267668734632 -0.000138426085241 0.00200374938279
0.00034595479183 -0.000133436375651 0.00225389327586
0.000424359452561 -0.000111310870418 0.00250408674144
0.000494730049028 -7.66767871835e-05 0.0027543173574
0.000550113420208 -3.52712756776e-05 0.00300454164668
0.000590134919529 1.02438256098e-05 0.00325475960928
0.000620941564344 6.2476850334e-05 0.00350498370543
0.000645279691359 0.000122100910563 0.00375522006961
0.000657186958104 0.000180552054858 0.00400542518691
0.000651458681949 0.000227669940711 0.00425555550311
0.000632628643694 0.000264410391772 0.00450561719033
0.000609576865044 0.000299814434609 0.00475566005349
0.00058580682925 0.000337772258935 0.00500570893707
0.000559926372955 0.000375705001956 0.00525574536233
0.000531218445352 0.000411861907848 0.00550576932927
0.000500545402803 0.000446485753769 0.00575578076001
0.000467802670012 0.000478862090655 0.00600577969073
0.00043108157958 0.000507035507552 0.00625575365905
0.000389568064138 0.000530384063735 0.00650569078753
0.000346529134824 0.000551057123765 0.00675556541844
0.000305453134815 0.00057083624878 0.00700550215875
0.000262519407482 0.000586010245117 0.00725537717069
0.00020891119195 0.000588052284032 0.00750512718747
0.000144039858893 0.000573077653526 0.00775481470427
8.09913443721e-05 0.00054913574848 0.00800444049028
3.22762272433e-05 0.000527220108759 0.00825419011414
-4.65884153733e-06 0.000505019156467 0.0085039401214
-3.97928264609e-05 0.00046910361648 0.00875362763111
-7.63065367216e-05 0.000410670948269 0.00900325341242
-0.000108381990932 0.000333372117861 0.00925287919612
-0.000125724659077 0.000251420162721 0.00950250536322
-0.000122229648751 0.000176192032981 0.0097522565231
-0.000101799265983 0.000104661933267 0.0100021322947
-7.08862237506e-05 3.18977057899e-05 0.010252070564
-2.92794062518e-05 -3.51829206488e-05 0.0105020092166
2.68919043893e-05 -8.60804064783e-05 0.0107521345928
9.70681016498e-05 -0.000117599373617 0.0110023849618
0.000173792645276 -0.000133345980952 0.0112526970568
0.000246267623364 -0.00013895237421 0.0115030095376
0.000307492257858 -0.000137491908505 0.011753322016
0.000359524835127 -0.000126344536829 0.0120035719992
0.000409810808513 -9.90637897576e-05 0.0122538219799
0.000461515625054 -5.21882034556e-05 0.0125041333033
0.000509419128627 9.90208381185e-06 0.0127544450149
0.000545377144718 7.76006851643e-05 0.0130046938431
0.000564934702116 0.000142244165437 0.0132548801736
0.000569693139401 0.000201063928711 0.0135049422854
0.000564779302671 0.000257084211004 0.0137550040114
0.000553075561878 0.000311460756552 0.0140050036279
0.000535085078438 0.000361809452562 0.0142549411327
0.00051251854903 0.000408165495024 0.014504878254
0.000486562533504 0.000450283941676 0.014754815766
0.000457257973501 0.000486789947435 0.0150046911662
0.000426858759291 0.000520631456987 0.0152545669545
0.000397670179983 0.000554465773338 0.0155044423571
0.000366340596699 0.000584133586764 0.0157543181431
0.00032508475763 0.000602482975954 0.0160041939291
0.000269577837819 0.000606480955434 0.0162539454891
0.000204799867521 0.000600227745245 0.0165037591609
0.000140852371962 0.000591134138105 0.0167535103304
8.24387889183e-05 0.000581641479406 0.0170033239974
2.58521230825e-05 0.000565741760178 0.0172532001621
-3.27303085729e-05 0.000535858805572 0.0175030138291
-8.99075612644e-05 0.000492133975846 0.0177528899913
-0.000139309232664 0.00044004020239 0.0180028278796
-0.000178346903385 0.000381425344132 0.018252828263
-0.000205901265691 0.000316607797813 0.018502891144
-0.000219053451881 0.000250389604725 0.0187529540249
-0.000215938468482 0.000187150209246 0.0190030790201
-0.000197575498092 0.000125950596085 0.0192532661247
-0.000165532746936 6.57229045663e-05 0.0195034536126
-0.000120759362349 9.06938223067e-06 0.0197537032148
-6.43981973351e-05 -3.97127609684e-05 0.0200038907051
2.40787599457e-06 -7.5769759496e-05 0.0202541399191
7.86835416443e-05 -9.46311596437e-05 0.0205042652952
0.00016168452242 -9.47737404937e-05 0.0207543906738
0.000244561065063 -7.95510182075e-05 0.0210044531666
0.000319197058287 -5.41267563821e-05 0.0212544535476
0.000383171746153 -1.89966651002e-05 0.0215043914334
0.000436713371525 2.64940253226e-05 0.0217542672049
0.000475073400706 7.51112878604e-05 0.0220040804813
0.000496079903608 0.000120343121934 0.0222539558696
0.000507107161102 0.000168879198403 0.0225037066484
0.000513956367887 0.000228308959158 0.0227534570438
0.000513103632401 0.000291010503152 0.0230032070534
0.000499877451745 0.000343134978149 0.0232529574512
0.00047584752407 0.000381692612564 0.0235027695751
0.000446851853984 0.000416352387721 0.0237526438107
0.000417712861922 0.000457322273059 0.0240023945943
0.000388816358224 0.000502799976841 0.0242522074921
0.000356837718196 0.000541619287532 0.0245020207733
0.000318767849773 0.000567394285676 0.0247518340545
0.000275220146126 0.000583939197674 0.0250017715569
0.000230834901566 0.000599914581227 0.0252516469499
0.00019115356434 0.000621723287245 0.0255015844547
0.000156001549123 0.000647126714369 0.0257513981193
0.000117966763872 0.000665995874548 0.0260013360075
7.08898766008e-05 0.000669741059729 0.0262512738957
1.56750937114e-05 0.000656834313162 0.0265013360099
-4.05976434325e-05 0.000633154879863 0.0267513985075
-8.97425907258e-05 0.000608209692609 0.027001461391
-0.00013238335036 0.000578986718226 0.0272515867743
-0.000174904693232 0.000528315881678 0.0275017742671
-0.000214415598294 0.000453219517551 0.0277520238718
-0.000240150738389 0.000373450052479 0.0280022730905
-0.000247004420407 0.000303381626987 0.0282525226951
-0.000237976185506 0.000236298276105 0.0285027101879
-0.00021615463607 0.000164232964677 0.0287529597925
-0.000180567081109 9.54559942365e-05 0.0290032093971
-0.000130476600858 3.95853116255e-05 0.0292533961183
-7.01999881215e-05 -6.90946856982e-06 0.0295035207253
-6.41930195343e-06 -4.86866584866e-05 0.029753706675
5.80994732289e-05 -8.03069767935e-05 0.030003830127
0.000124255991722 -9.35503112411e-05 0.0302539531908
0.000191590073239 -8.59743716409e-05 0.0305040762571
0.000257809850008 -5.87040228116e-05 0.0307541364375
0.000321361901021 -1.16402561607e-05 0.031004196618
0.000380021700038 5.43244314209e-05 0.0312542564151
0.000427438565853 0.000130432932057 0.0315043169813
0.000457185850638 0.000203654543174 0.0317543771642
0.000470646899455 0.000271808951619 0.0320043760044
0.000472901479862 0.000341092040824 0.0322543127352
0.00046513025693 0.000409867447726 0.032504312347
0.000447844684996 0.00047325287323 0.0327542498494
0.000423531461001 0.000531582708599 0.0330041881234
0.000393998032477 0.000583004988124 0.0332540642856
0.000359989795954 0.000621849719289 0.0335040025596
0.000322011127718 0.000645070948255 0.0337538791099
0.000280534421082 0.000655669349835 0.0340037556579
0.000236818440841 0.000661740622369 0.0342536325941
0.000192219747906 0.000668625437196 0.0345035095302
0.000145761650139 0.000673333633261 0.0347533239664
9.55671861274e-05 0.000671529594563 0.0350032009025
4.28544672108e-05 0.000664728127901 0.0352530157269
-9.21446291945e-06 0.000656488291174 0.0355028922772
-5.96342247617e-05 0.000646049300806 0.0357527071016
-0.000110308907912 0.000627071970129 0.0360025840377
-0.000161897237166 0.00059390329666 0.0362524609738
-0.000210173390303 0.000550087077798 0.0365023379123
-0.000249982961603 0.000503807157128 0.0367522148484
-0.000280333004598 0.000454943761716 0.0370021542844
-0.000302072524568 0.000395601857367 0.0372521558323
-0.000313434075492 0.00032451673217 0.0375021573778
-0.000310810844289 0.000253185015539 0.0377522210375
-0.000292481340154 0.000192442978752 0.0380023464208
-0.000259083731154 0.000141627836579 0.0382524714207
-0.000211804338754 9.70996661957e-05 0.0385026581443
-0.000152019837047 5.97155733392e-05 0.0387528444821
-8.25091370422e-05 3.02116738631e-05 0.0390030304341
-8.2072212193e-06 7.02539975662e-06 0.0392532156145
6.58115157381e-05 -8.40458440935e-06 0.0395034004092
0.000137702283842 -8.55995204573e-06 0.0397535852039
0.000207695569699 1.36518952455e-05 0.0400036450034
0.000272506205227 5.49338042167e-05 0.0402537048005
0.000325309821675 0.000103355692986 0.0405037024858
0.000362920644176 0.000152066593904 0.0407536380593
0.000386933429407 0.000202328017997 0.0410035740186
0.000398234515661 0.00025222906916 0.0412535103613
0.000397774780502 0.000298594762497 0.0415034470898
0.000388752104318 0.000346871308673 0.0417533217041
0.000372983232122 0.00040206355002 0.0420032588184
0.000349948946308 0.000458065964249 0.0422531342019
0.000319949318933 0.000506305731888 0.0425030099735
0.000284744092844 0.000546163168512 0.0427529482404
0.000246130070629 0.000581768598614 0.0430028865097
0.000205456322734 0.000614512281681 0.0432527626647
0.000163693816938 0.000642521112172 0.0435027630434
0.000121186490906 0.000663537048511 0.0437527016984
7.74830816951e-05 0.000676192597091 0.044002702077
3.24577756784e-05 0.000682342779243 0.0442527024556
-1.20531282427e-05 0.000688133966395 0.0445027028342
-5.42777136352e-05 0.000696878487076 0.0447527035986
-9.63156202156e-05 0.000701772463238 0.0450027039772
-0.000141239971536 0.000693573802702 0.0452527043582
-0.000187551958815 0.000673005700814 0.0455027672367
-0.000231956902092 0.000644461043353 0.0457528297295
-0.000273602558012 0.000603170024572 0.0460028922247
-0.000310924390001 0.000542475318376 0.0462529547175
-0.000339355071419 0.000468136035412 0.046503017215
-0.000354905516601 0.000393480058676 0.0467530797103
-0.000356624716129 0.000322033722565 0.047003080096
-0.000344423762242 0.000246679183616 0.0472530804794
-0.000317856698754 0.000166694125433 0.0475030804819
-0.000277547599576 9.10612659231e-05 0.0477530187558
-0.000225366431722 2.80340142775e-05 0.048002894918
-0.000163586287959 -1.79011160562e-05 0.0482527710802
-9.45186115623e-05 -4.51157341984e-05 0.0485027093542
-2.07269075073e-05 -5.40851865334e-05 0.0487525855164
5.49010377388e-05 -4.52107715367e-05 0.0490025241762
0.000129040424201 -1.96715952928e-05 0.0492525249477
0.000197550084884 1.86434021368e-05 0.0495025257217
0.000256359510915 6.50574248348e-05 0.0497526507193
0.000303537076292 0.000118882166681 0.0500027136074
0.000339855555906 0.000186367483313 0.050252962831
0.000365284630551 0.000271723284633 0.0505032737806
0.000376339150523 0.000361618565223 0.0507535847302
0.00037104148576 0.000433852605627 0.0510039570224
0.000353100200984 0.000486538644763 0.0512542672028
0.000326795150243 0.00053654771084 0.0515045770022
0.000293625858364 0.000587668793531 0.0517548871874
0.000255608547176 0.000625504904161 0.0520051965986
0.00021562927293 0.00064266727196 0.0522553821744
0.000174588961285 0.000649139557836 0.0525055052502
0.00013209031035 0.000656247648562 0.0527556904378
8.85723379923e-05 0.000663606089313 0.0530058756231
4.45223208791e-05 0.000666625967152 0.0532559986942
-1.00624217921e-07 0.000665352482155 0.0535061217628
-4.523683978e-05 0.000660574853763 0.0537561827197
-9.10355918206e-05 0.000649784781749 0.0540063057836
-0.000137485495796 0.000631556005026 0.0542563050097
-0.000183457299445 0.000608120177768 0.0545063038475
-0.000227733961056 0.00058004664268 0.0547563030688
-0.000269588623219 0.000543938501877 0.0550061776783
-0.000307373517249 0.000499527782187 0.0552560522854
-0.000338798459541 0.000451780169454 0.0555058651664
-0.000362457904537 0.000403063036855 0.0557556776641
-0.000377259457631 0.000351776470169 0.0560054284381
-0.000381866336772 0.000299152372035 0.0562551788263
-0.000375226941802 0.000248730316221 0.0565048678742
-0.00035605336256 0.000199082102095 0.0567545569222
-0.000322226166931 0.000143941263176 0.0570041838607
-0.000272924916646 8.21640862725e-05 0.0572537494614
-0.000210780569937 2.35694022857e-05 0.0575032533337
-0.000140091777183 -2.00021815832e-05 0.0577528818154
-6.42337742362e-05 -4.63153719781e-05 0.0580025106853
1.33488877731e-05 -5.84062418597e-05 0.0582522637764
8.88330662194e-05 -5.40795602994e-05 0.0585020172534
0.000159248886279 -3.11278083097e-05 0.0587518953421
0.000221518247731 4.40920140047e-06 0.0590017734308
0.000273036046473 4.84776270782e-05 0.0592517757431
0.000313177516401 0.000106535576387 0.0595018401696
0.000341073428649 0.000179898076715 0.0597519042103
0.000354964105615 0.000258049783166 0.0600020928604
0.000354678906614 0.000329197435015 0.0602522186272
0.000342138075647 0.000389612533372 0.0605024065082
0.000319653236512 0.000441949576697 0.0607525936176
0.000289175721427 0.000487794644536 0.0610027182318
0.000252285908592 0.000528478157144 0.061252904572
0.000209731517375 0.000568231976339 0.0615030905289
0.000163228294105 0.00060528755316 0.0617532139857
0.000115831995335 0.000633538997335 0.062003399171
6.85735479407e-05 0.000655752377531 0.0622535222445
2.19799323132e-05 0.000675912004031 0.0625037691678
-2.18391417455e-05 0.000686142282153 0.0627537691678
-6.3089111536e-05 0.000678217502629 0.06300376531
-0.000104591947446 0.000659193925512 0.06325376531
-0.000147119896378 0.000641985256977 0.06350376531
-0.000189661340812 0.000626286571214 0.0637543825943
-0.00023189494735 0.000602179650954 0.0640043825943
-0.000273080217441 0.000566510362392 0.0642543825943
-0.000311435080293 0.000521304765456 0.0645043787364
-0.0003447686272 0.000465492273267 0.0647543787364
-0.0003705586897 0.000399260854536 0.0650043787364
-0.000386639683491 0.000327335322466 0.0652543748547
-0.000391922752316 0.000255920062314 0.0655043748547
-0.000386487053658 0.000191063652743 0.0657549921149
-0.000370179747382 0.000133414943145 0.0660049921149
-0.000341019265885 7.69270103762e-05 0.066254988257
-0.000297948414722 2.06371041969e-05 0.066504988257
-0.000243444095835 -2.71535760016e-05 0.066754988257
-0.000180724939066 -5.92656329162e-05 0.067004988257
-0.000111695012218 -7.45816757916e-05 0.067254988233
-3.80076652162e-05 -7.56074989014e-05 0.067504988233
3.74869859666e-05 -6.55264877155e-05 0.0677549882329
0.000110170936907 -4.15640405397e-05 0.0680043671149
0.000175838555496 5.09013814978e-06 0.0682543671149
0.000232060951038 7.31714395055e-05 0.0685043709727
0.000276489861603 0.000145444446429 0.0687543748306
0.000307094843279 0.000211816027117 0.0690043786644
0.000323007110821 0.000281183459188 0.0692543786644
0.000324017129723 0.000356044065061 0.0695043825223
0.000312141578831 0.000420725618493 0.0697537652621
0.000290899558231 0.000467696059474 0.0700037691199
0.000261280213233 0.000508134459202 0.0702537691199
0.000223012212998 0.000549935902701 0.0705037730017
0.000178447985885 0.000587870515616 0.0707537730017
0.000131160182804 0.000615973989013 0.0710037730015
8.35723510736e-05 0.000633255545249 0.0712537730015
3.77181668558e-05 0.000638711782451 0.0715037730255
-5.69807922992e-06 0.000632725136887 0.0717537730255
-4.93272142405e-05 0.000622767116867 0.0720031519075
-9.57746521425e-05 0.000618223046803 0.0722531519315
-0.000142926507904 0.000616841026317 0.0725031519315
-0.000187365923665 0.000605800597585 0.0727531519315
-0.000229540163902 0.000581731343126 0.0730031519315
-0.000271274618522 0.000558238262664 0.0732531519315
-0.000312533711099 0.000545989607195 0.0735031519316
-0.000352077069244 0.000535952691393 0.0737531480737
-0.000387825916034 0.000509755501661 0.0740031480739
-0.000416995918835 0.000460840639202 0.0742525269559
-0.000437835235348 0.000398770604504 0.074502526956
-0.000449564766234 0.000333373004906 0.0747525230981
-0.000450333990182 0.000265279901366 0.0750025230742
-0.000438755095379 0.000196295601059 0.0752518980984
-0.000415978350052 0.00013386432895 0.0755018980984
-0.000381879022164 7.94140638587e-05 0.0757518942406
-0.000332814860923 2.59878064863e-05 0.0760018942406
-0.000267668933794 -2.83522600878e-05 0.0762518903587
-0.000192545621969 -7.35879386619e-05 0.0765012692407
-0.000115633093231 -9.75378234368e-05 0.0767512692407
-4.02727254512e-05 -9.8268475575e-05 0.0770012692407
3.34945475734e-05 -8.33555207493e-05 0.0772518903587
0.000103203991447 -5.75176703158e-05 0.0775018864769
0.000164057548733 -1.64578574052e-05 0.0777518864769
0.000212827334814 4.30735410425e-05 0.0780018864769
0.000248470154003 0.000114407802454 0.0782525075949
0.00027072041032 0.000186965138498 0.0785025075949
0.000279873305448 0.000253890366939 0.0787531287129
0.00027643960685 0.000314689096028 0.0790031287128
0.000260142873035 0.000374513207792 0.0792531287128
0.000231043357614 0.000435205177968 0.0795037498308
0.000191248510809 0.000492173432601 0.0797537498308
0.000142486655078 0.000544139017283 0.0800037498308
8.68680091218e-05 0.000590074366556 0.0802543709727
3.16641315006e-05 0.000619941477319 0.0805043748306
-1.76123042014e-05 0.000629559463799 0.0807543748306
-6.50097301546e-05 0.000630963672279 0.0810043748306
-0.000113438135157 0.000631759719118 0.0812543748306
-0.00015836188905 0.00062514661635 0.0815043786885
-0.000198423185257 0.000608037246302 0.0817543787125
-0.00023746336065 0.000587219595212 0.0820043787125
-0.000276565539164 0.000565348505002 0.0822543825703
-0.000314252625052 0.000538221002144 0.0825043825703
-0.000349891832704 0.000503666224037 0.0827543825702
-0.000382649593617 0.000460700656343 0.0830043825462
-0.000411059606331 0.000408451850152 0.0832537652861
-0.000434931927371 0.000353201864312 0.0835037652859
-0.000455104351427 0.000303354227577 0.0837537652859
-0.000470176060052 0.000256595030547 0.0840037691437
-0.000475274165087 0.00020264711366 0.0842531480257
-0.00046591730934 0.000137449594038 0.0845031480257
-0.000443978679143 7.19063631299e-05 0.0847531518834
-0.000416203032514 2.14965932744e-05 0.0850025307654
-0.000382755579187 -1.39457490979e-05 0.0852525307654
-0.000334330062223 -4.86356240762e-05 0.0855025345993
-0.000265638472342 -8.89135441094e-05 0.0857519135052
-0.000184985018219 -0.000123302866171 0.0860019135054
-0.000106047200059 -0.000134622893817 0.0862519135054
-3.44728910215e-05 -0.000117042550039 0.0865019135054
3.26445991451e-05 -7.9534617847e-05 0.0867512923874
9.64903509493e-05 -3.29303238844e-05 0.0870012885295
0.000152131513421 2.23820291815e-05 0.0872512885296
0.000194670235476 8.90038310094e-05 0.0875012885296
0.000223721380547 0.000159130227321 0.0877512846718
0.000240335484623 0.000223057011165 0.088001280814
0.000243659446893 0.000282181119841 0.088251901956
0.000232671810046 0.000340939937994 0.0885018980981
0.000208810965155 0.000397132912553 0.0887518980983
0.000175897445844 0.000444529148055 0.0890018942644
0.000137528036068 0.000480025197242 0.0892518904065
9.31015424747e-05 0.00050893789324 0.0895018865488
4.02188984833e-05 0.000537454206197 0.0897518865727
-1.76635709923e-05 0.000561819978206 0.090001882715
-7.32736553382e-05 0.000574537995234 0.090251882715
-0.000123389883746 0.000574586207202 0.0905018827152
-0.000169068677794 0.000565579725708 0.0907518827391
-0.000213212529355 0.0005525498746 0.0910018788814
-0.000258208950147 0.000540094069555 0.0912518788574
-0.000302264675784 0.000527060255795 0.0915018788574
-0.000342331846594 0.000508415791805 0.0917518788574
-0.000379182702137 0.000484426924539 0.0920018788335
-0.000415722672332 0.000461308431972 0.0922518788333
-0.000452403792517 0.000441132559421 0.0925018788094
-0.000485229799976 0.000414142798491 0.0927518788092
-0.000508954253351 0.000369310163703 0.0930025037611
-0.000522044631697 0.000308960173866 0.093252503737
-0.000524358505852 0.000240064032999 0.093502503737
-0.000514291109473 0.00016583105389 0.093752503737
-0.000492838623251 9.30703273404e-05 0.0940025075708
-0.000462434670946 2.84345584821e-05 0.0942525114287
-0.000422537186403 -2.75583916822e-05 0.0945025152865
-0.000370639436883 -7.69152826349e-05 0.0947525152865
-0.000304428206909 -0.000121215080953 0.0950025191444
-0.000226716741838 -0.000157123394523 0.0952525191444
-0.000146510532395 -0.00017632352563 0.0955025229783
-7.08875947975e-05 -0.000173755001413 0.0957525229783
-9.49575309108e-07 -0.000151304378378 0.0960025268362
6.35273429483e-05 -0.000113430211802 0.0962519057423
0.000120180785858 -6.24814066394e-05 0.0965019057423
0.000165894405847 -3.94212389749e-08 0.0967519057423
0.000198639487159 7.08402390752e-05 0.0970019057423
0.000215672321491 0.000149598646127 0.0972512846243
0.000214296781628 0.000236915623958 0.0975012846243
0.000196224782032 0.000325102148926 0.0977512807904
0.0001670348186 0.000401512799914 0.0980012807904
0.000130547007457 0.000461465986827 0.0982512769326
8.78150511968e-05 0.000507405868335 0.0985006558386
3.99775521238e-05 0.000541655167476 0.0987506558386
-1.14492972506e-05 0.000565708097216 0.0990006520047
-6.46180861808e-05 0.000580507922246 0.0992506520047
-0.000116727984002 0.000585841950034 0.0995006520286
-0.000165272129886 0.000581793626203 0.0997506520286
-0.000210425727909 0.000570677072696 0.100000652029
-0.000253481174365 0.000555123657096 0.100250652053
-0.000293488135573 0.000534956281702 0.100501269313
-0.000329650718727 0.000509448442432 0.100751269313
-0.000363350241534 0.000479851317849 0.101001269313
-0.000395533798326 0.000447291753326 0.101251269313
-0.000425592917956 0.000411318168719 0.101501269313
-0.000453067362913 0.00037195440435 0.101751269313
-0.000478312163164 0.000331246006122 0.102001269313
-0.000500041389579 0.000288568253759 0.102251269313
-0.000513447238042 0.000237543220213 0.102501269313
-0.000515650782285 0.000176946523898 0.102751269313
-0.000511672459905 0.000118547528579 0.103001890431
-0.000507547419025 7.22587346904e-05 0.103251890431
-0.000499081909407 3.25453953708e-05 0.103501890431
-0.000476879338966 -9.61693852257e-06 0.103751890431
-0.000438699083324 -5.26125799462e-05 0.104001894265
-0.000386641296481 -9.09558266652e-05 0.104251894265
-0.000321063224964 -0.000122341688624 0.104501894265
-0.000246872323544 -0.000141928242275 0.104751898122
-0.000173344644144 -0.000142727474302 0.105001898122
-0.000102275325149 -0.000125097593684 0.10525190198
-2.92307706411e-05 -9.65902720782e-05 0.10550190198
4.39399095381e-05 -6.18418271005e-05 0.105751284696
0.000108454379931 -1.8954850945e-05 0.106001288554
0.000157767725502 3.41071660876e-05 0.106251288554
0.000190678128489 9.48711459635e-05 0.106501292412
0.000207262372355 0.000160084006445 0.106751292388
0.000206499010649 0.000228989674179 0.107001292388
0.00018890834004 0.000299104762848 0.107250671246
0.000157898441061 0.000364494718264 0.107500671246
0.000116026369553 0.00042195727009 0.107750671246
6.36720933602e-05 0.00047201458116 0.108000671222
4.66382141264e-06 0.00051172336762 0.108250667364
-5.32939293534e-05 0.000535801690391 0.108500663482
-0.000107022457085 0.000545065514065 0.108750659624
-0.00016038060504 0.000545979169255 0.109000659624
-0.000218542034389 0.000544503448451 0.109250655767
-0.000281883969033 0.000542441877223 0.109500651885
-0.000343382463483 0.000536719473591 0.109750648051
-0.000395108125316 0.000523458752579 0.110000648051
-0.000435792665269 0.000502300453395 0.110250648051
-0.000468187194029 0.000474632576969 0.110500644217
-0.000494252426237 0.00044059270166 0.110750644217
-0.000514781534308 0.000399323120987 0.111000023123
-0.000529937764614 0.00035016432207 0.111250019265
-0.000541102241829 0.000295653615621 0.11150001929
-0.000550341108405 0.000240794130738 0.11175001929
-0.000555043506679 0.000184734005865 0.112000015456
-0.000550093005036 0.000123820392174 0.112250015456
-0.000535996657211 6.18994817469e-05 0.11250001548
-0.000514895465037 3.91220776202e-06 0.11275001548
-0.000484385755853 -5.04997166312e-05 0.11300001548
-0.000442931288926 -0.000100503047198 0.113249390504
-0.000390873673194 -0.00014364473249 0.113499390528
-0.000327024508307 -0.000179075066072 0.113749390528
-0.000254867400496 -0.000203315882464 0.113999390528
-0.000185084604587 -0.000209629432911 0.114249394386
-0.00012353004611 -0.000195294243102 0.114499394386
-6.46029395465e-05 -0.000165068576901 0.114749394386
-2.89074307624e-06 -0.000125186153878 0.115000019361
5.57156242903e-05 -7.61902515472e-05 0.115250019337
0.000101288032746 -1.51621611474e-05 0.115500023195
0.000131529454913 5.55435524208e-05 0.115750027053
0.000148562417914 0.000129050783349 0.116000027053
0.000149768297144 0.000203877958011 0.116250030887
0.00012995327524 0.000282894885021 0.116500652005
9.10036813792e-05 0.000361530051139 0.116750655838
4.28216059579e-05 0.000427671165198 0.117000655838
-6.28061532951e-06 0.000474196172353 0.117250655814
-5.43243446918e-05 0.000502713224092 0.117500659672
-0.000103005622817 0.000518255137148 0.11775003853
-0.000155549631363 0.000525875216962 0.11800003853
-0.000210843345315 0.000526441721497 0.11825003853
-0.000261643936908 0.000517180765809 0.11850003853
-0.000304558346173 0.000498352375786 0.118750038506
-0.000342816672321 0.000473459474079 0.11900003853
-0.000380427788837 0.000445606493173 0.119249417412
-0.000419885232345 0.000417009371317 0.119499413554
-0.000459964772014 0.000388187399914 0.119749413578
-0.000495471466323 0.000356804969916 0.119999413578
-0.000522107975974 0.000319474691024 0.120248792484
-0.000540534088751 0.000275351595966 0.120498792484
-0.000555846032058 0.0002285528997 0.120748788626
-0.000572674695969 0.000184546168101 0.12099878865
-0.00058945527331 0.000143074825749 0.12124878865
-0.000600541500159 9.94908398271e-05 0.121498167532
-0.00060277079395 5.21858736676e-05 0.121748167532
-0.000596500556447 3.46443785147e-06 0.121998163675
-0.000581983995271 -4.42235066693e-05 0.122248163675
-0.00055424592214 -9.19652674159e-05 0.122498159817
-0.000506256610779 -0.000140840717695 0.122748159793
-0.000442839142999 -0.00018410538805 0.122998155935
-0.000376691052407 -0.00021284000878 0.123248155935
-0.000308484860902 -0.000226434261635 0.123498152077
-0.00023099195075 -0.000228204612534 0.123748152054
-0.000146136707577 -0.000217953239976 0.123998152054
-6.32943206244e-05 -0.000193785555106 0.124248148196
9.35640033398e-06 -0.000155270133094 0.124498148196
6.71210937671e-05 -0.000103554434633 0.124748148172
0.000109047958727 -4.15414110638e-05 0.124998148172
0.000136474517798 2.61392501188e-05 0.125248148172
0.000149492381737 9.55823464759e-05 0.125498148172
0.00014388578988 0.00016720683315 0.125748148172
0.000115164415345 0.000242651937685 0.125998152006
6.82720782621e-05 0.000315594880761 0.126248773124
1.56693273184e-05 0.000374563214941 0.126498773123
-3.6711926979e-05 0.000415910787806 0.126748776981
-9.23810378564e-05 0.000444258611902 0.126998776981
-0.000155196131225 0.000463666692818 0.127249398123
-0.000224898585207 0.000474993201056 0.127499398123
-0.0002976406919 0.000477447901871 0.127749398123
-0.000366581246658 0.000469881975331 0.127999398123
-0.000423928976666 0.000451856398704 0.128250019265
-0.000465150507455 0.000424547062123 0.128500019265
-0.000493698566413 0.000391098218608 0.128750019265
-0.00051823880111 0.000355369610702 0.129000019289
-0.000543136157536 0.00031940484718 0.129250019289
-0.000565779102716 0.000282410096955 0.129500019289
-0.000582435622112 0.000242215787235 0.129750019289
-0.000592531891393 0.0001976409512 0.130000019289
-0.000598521227838 0.000149943546302 0.130250019289
-0.000602302773112 0.000101149689141 0.130500019289
-0.000601538303728 5.07456037801e-05 0.130750019289
-0.000591276291934 -3.37654409252e-06 0.131000023123
-0.000568264175463 -6.12176898189e-05 0.131250023123
-0.000532035566812 -0.000120069117367 0.131500023123
-0.000485664355999 -0.000175157992638 0.131750023099
-0.000437863177846 -0.00022004659071 0.132000023099
-0.000396699659236 -0.000250744607802 0.132250023075
-0.00035752574579 -0.00026955072774 0.132500023075
-0.000307542671903 -0.000280125118628 0.132750023075
-0.000243124695175 -0.00028153702492 0.133000026933
-0.00017184965281 -0.000270231534142 0.133250026909
-0.000103428896021 -0.000243766944724 0.133499405791
-4.58212427895e-05 -0.000201172232615 0.133749405791
-6.59577323037e-07 -0.000143788676617 0.133999405791
3.8351144292e-05 -7.68601112468e-05 0.134249405791
7.40966698298e-05 -6.86724687161e-06 0.134499405791
9.85850445778e-05 6.40289058777e-05 0.134749405791
0.000104179545866 0.000135840759021 0.134999405791
9.30370993866e-05 0.000204797524834 0.135249405791
6.96843520596e-05 0.000266348503759 0.135498780815
3.50540351918e-05 0.000319052435782 0.135748780815
-1.06236138465e-05 0.000362661975182 0.135998776957
-6.69510334922e-05 0.000397159878863 0.136248155839
-0.000130611714389 0.00042125924701 0.136498155863
-0.000192765565779 0.000432129354099 0.136747530887
-0.000248848277511 0.000430243306771 0.136997530887
-0.000303989986308 0.000419572935469 0.137247527053
-0.000359347050659 0.000401900107951 0.137497527053
-0.000406611825839 0.000376640663938 0.137746905959
-0.000443215726913 0.000345040644997 0.137996905959
-0.000477136580217 0.000310007435884 0.138246905959
-0.000513367739517 0.000273600323944 0.138496905959
-0.000548483738238 0.000236304681237 0.138746905959
-0.00057795721877 0.000197922655102 0.138996905959
-0.00060175061483 0.000158642029799 0.139246909817
-0.000622706593852 0.000119472458062 0.139496909817
-0.000641496893126 8.06336836225e-05 0.139746909817
-0.000653358667975 3.95230889961e-05 0.139996909793
-0.000650519198225 -8.02632533152e-06 0.140246913651
-0.000631248518415 -6.1731981122e-05 0.140497534769
-0.000604126403264 -0.000115058663591 0.140747534745
-0.000575635302338 -0.000163100318295 0.140997534745
-0.000539801701562 -0.000206897346862 0.141248159721
-0.000488072166855 -0.000247203780883 0.141498159721
-0.000420912739581 -0.000280734140498 0.141748780839
-0.000345035809729 -0.000303171382811 0.141998784697
-0.000267718201754 -0.00031169437263 0.142249405815
-0.000195811738554 -0.000304964717255 0.142499409673
-0.000130135284678 -0.000283370863839 0.142749409673
-6.50917219587e-05 -0.000248462265512 0.143000030791
-1.78786870063e-06 -0.000201724414719 0.143250034648
5.01991438844e-05 -0.000144374351932 0.143500034648
8.47553863534e-05 -7.80846615717e-05 0.143750034648
0.000101159949957 -5.39716184442e-06 0.144000038506
9.7729626952e-05 7.13910360168e-05 0.144250038506
7.19014643307e-05 0.00015046178942 0.144499421246
2.790142195e-05 0.000227221857038 0.144749421246
-2.32363233768e-05 0.000293909690147 0.144998800128
-7.6212788311e-05 0.000346297078141 0.145248803986
-0.00013260389559 0.000384734317398 0.145498803986
-0.000191393794331 0.000409520654183 0.145748182868
-0.000253024040338 0.000421969612651 0.145998182868
-0.000320833287444 0.000424093868418 0.146248179034
-0.000390568654287 0.000415752447805 0.146498179034
-0.000452380172636 0.000396778769734 0.146747554058
-0.000503503113486 0.000369303739485 0.146997554058
-0.000547083864006 0.000336066345574 0.1472475502
-0.00058230009414 0.000298871163408 0.1474975502
-0.000608309165052 0.00025911384464 0.147747546343
-0.000628298512123 0.000217855581695 0.147997546343
-0.000641157021492 0.000175277912297 0.148247542485
-0.000643245003611 0.000130374913488 0.148497542509
-0.00063803400174 8.26597790941e-05 0.148746917533
-0.000633102128291 3.3814140051e-05 0.148996917533
-0.00063030397994 -1.43756556681e-05 0.149246913675
-0.000624433986292 -6.23621473998e-05 0.149496913675
-0.000610771610804 -0.000110979613646 0.149746909817
-0.000591015751963 -0.000158633851444 0.149996909817
-0.000570277042854 -0.000202492779427 0.150246905959
-0.000549238216698 -0.000241554494203 0.150496905959
-0.000520300761821 -0.000276848965879 0.150746905959
-0.000474612331892 -0.000308063831991 0.150996902102
-0.000415117787328 -0.000331625849793 0.151246902102
-0.000353460603117 -0.000343815963533 0.151496902102
-0.000291333555352 -0.000343374891557 0.151746902102
-0.00022153040094 -0.000329465970497 0.151996902102
-0.000147611137351 -0.000301187594908 0.15224690596
-8.45115847339e-05 -0.00025905137883 0.15249690596
-4.04951359763e-05 -0.000204403302599 0.152746909817
-1.06405615218e-05 -0.000138879522715 0.152996909817
1.23386286024e-05 -6.57303603372e-05 0.153246913675
2.8451686356e-05 1.03869444092e-05 0.153496913675
3.33060534469e-05 8.51658570131e-05 0.153746917533
2.52819659505e-05 0.000155004798641 0.153996917533
5.07360794885e-06 0.000217050620303 0.154246917533
-2.98668168627e-05 0.000270458741382 0.154496921391
-8.29094225095e-05 0.00031526453453 0.154746921367
-0.000148383189018 0.000349133965404 0.154996921367
-0.000213935452419 0.000369049167947 0.155246921367
-0.000274644968762 0.000375264380264 0.155496921367
-0.000334174290725 0.000370000731636 0.155746921367
-0.000395658001635 0.000354737056632 0.155996921343
-0.000459674658686 0.000330326154864 0.156247542461
-0.000522274664593 0.000297798318615 0.156497542461
-0.000573483134756 0.000259364346888 0.156747542461
-0.000606922144289 0.000217952517459 0.156997542437
-0.000627780482769 0.000175190777998 0.157247542437
-0.000644588213332 0.000131412795725 0.157497542437
-0.000658317423129 8.72609955835e-05 0.157747546295
-0.000665469649687 4.31574774169e-05 0.157997546295
-0.000666273727858 -1.19005548922e-06 0.158247542437
-0.000663887106683 -4.58832216124e-05 0.158497542437
-0.00065766289867 -9.09082369491e-05 0.158747542437
-0.000642949706684 -0.000136883503133 0.158997542437
-0.00062021665765 -0.000183162846047 0.159247542437
-0.000595740406706 -0.000227475771787 0.159497542461
-0.00056832635843 -0.000268957592258 0.159747542461
-0.000529817604286 -0.000307462811484 0.159997542461
-0.000479457032683 -0.000340791654824 0.160247542485
-0.000420118798071 -0.00036625871609 0.160497542485
-0.00034850388861 -0.000381456795598 0.160746921367
-0.000264718995501 -0.00038365529003 0.160996917509
-0.000181827331318 -0.000371839461093 0.161246917533
-0.000115843122774 -0.000347760387148 0.161496913675
-6.9937107018e-05 -0.000312893040623 0.161746913675
-3.28697056234e-05 -0.000266092286205 0.161996913675
5.22063995879e-06 -0.000206573409396 0.162246909841
3.87280278059e-05 -0.000137403678431 0.162496909841
5.36413587675e-05 -6.31354514939e-05 0.162746905983
4.54082543122e-05 1.33955792444e-05 0.162996905984
2.1131280035e-05 8.92184372595e-05 0.163246905984
-1.39413047624e-05 0.000160088190994 0.163496905984
-6.18569392228e-05 0.000222550217277 0.163746284866
-0.000121871035388 0.000273939669817 0.16399628489
-0.000185020300686 0.000311485638083 0.164246909841
-0.000245322160199 0.000334212641363 0.164496913699
-0.000305206068365 0.000343168694381 0.164746917557
-0.000365742125295 0.000339495788424 0.164996917557
-0.000424138851035 0.000324333809233 0.165246921415
-0.000475476838348 0.000299545200593 0.165496925249
-0.000514170064409 0.000267902292299 0.165746929107
-0.00054432990698 0.000231273894862 0.165996929107
-0.000576221114467 0.000189310664704 0.166246932941
-0.000608203906558 0.000143197781202 0.166496932941
-0.000630571402306 9.64140095694e-05 0.166746936799
-0.000642219407846 5.04689852945e-05 0.166996936799
-0.000648082355454 4.90661494658e-06 0.167246936799
-0.000648336047331 -4.00868191923e-05 0.167496940656
-0.000640718642224 -8.44621550452e-05 0.167746936798
-0.000627114473889 -0.000128837435451 0.16799755794
-0.000612764442019 -0.000173143986847 0.16824755794
-0.000601548360898 -0.000216449668009 0.168497557964
-0.000591950651238 -0.000258117002781 0.168747554107
-0.000577445554863 -0.000298106620171 0.168997554107
-0.000552111785355 -0.000335928726874 0.169247550273
-0.000512772981616 -0.000370001171473 0.169497550273
-0.000458437258696 -0.000397681915544 0.169747546415
-0.00039523648621 -0.000416432509544 0.169997546415
-0.000334869483662 -0.00042546421395 0.170247542557
-0.000276711709023 -0.000423632751375 0.170496917581
-0.000206643682075 -0.000406256094081 0.170746913723
-0.000124042612229 -0.000370571394239 0.170996909865
-4.78540640458e-05 -0.000320772949271 0.171246906008
7.24757787884e-06 -0.000262382194222 0.171496281008
4.15837960077e-05 -0.000197024841442 0.171746281008
6.17648971105e-05 -0.000124791500619 0.17199627715
7.24738770558e-05 -4.7675973495e-05 0.172245656008
7.3291379237e-05 2.98631868431e-05 0.172495656008
5.96083998211e-05 0.000102980451812 0.172745659866
2.87209842182e-05 0.000168419352745 0.172995038724
-1.59223618531e-05 0.000224055397953 0.173245042582
-7.01004984197e-05 0.000268066119867 0.17349504644
-0.000133888741738 0.000299110910647 0.173745050274
-0.000206525328045 0.000316347160468 0.173995057989
-0.000283176225518 0.000319512419973 0.174245061823
-0.000360368814559 0.000308944420302 0.174495061823
-0.000437495082509 0.000285139161637 0.174745065681
-0.000511197945384 0.000249490610624 0.174995690657
-0.000572689781516 0.000205827247815 0.175245690657
-0.000614056498296 0.000159552898627 0.175495690657
-0.000636663483227 0.0001138484824 0.175746311775
-0.000648250219393 6.86867357376e-05 0.175996311775
-0.000652262293847 2.42778774373e-05 0.176246311775
-0.000649339923274 -1.88180013606e-05 0.176496932893
-0.000645455109882 -6.24278878866e-05 0.176746929059
-0.00064446144186 -0.000107135506901 0.176996929059
-0.000639015130878 -0.000150315459782 0.177246929059
-0.000621697019015 -0.00019100198683 0.177496929083
-0.00059699947207 -0.000230964568999 0.177747546343
-0.000571737063371 -0.000270752659225 0.177997546343
-0.000542822322438 -0.000309217455106 0.178247542509
-0.00050343926054 -0.000344746235095 0.178497542509
-0.000452492511904 -0.000375658537015 0.178747542509
-0.000393634879059 -0.000400230176758 0.178997538675
-0.000332038298813 -0.000417247189894 0.179247538675
-0.000272240613367 -0.000426106203365 0.179497538675
-0.00021411540405 -0.000425618182103 0.179747534818
-0.000153627499042 -0.000413061026708 0.179997534842
-9.00003174594e-05 -0.000386198343957 0.180247530984
-3.00161831392e-05 -0.000346189208896 0.180497530984
1.53639924378e-05 -0.000297563860346 0.180748148244
3.91837973916e-05 -0.00024416484042 0.180998144386
4.52341470886e-05 -0.000184794030945 0.181248144386
4.35695054844e-05 -0.000116073623544 0.181498761646
3.77974792335e-05 -3.99509735707e-05 0.181748761646
2.1199091117e-05 3.59986305764e-05 0.181999378906
-1.23337550545e-05 0.000105371477551 0.182249378906
-5.90825336531e-05 0.000165415494599 0.182500000024
-0.000112965883802 0.000214020295671 0.182749996166
-0.000174404792569 0.000248668043959 0.182999996166
-0.000241729286734 0.000268290283209 0.183249996166
-0.000305345245658 0.000274163286256 0.183499996166
-0.000360081625308 0.000268202851569 0.183749996142
-0.000409485644503 0.000251204524641 0.184
-0.000454038788718 0.00022460018126 0.18425
-0.000487174136981 0.000192425143196 0.1845