1480
-0.000378571906291 -0.000517220528943 -0.185
-0.0003341712713 -0.000528660094563 -0.18475
-0.000290421147431 -0.000544345049939 -0.1845
-0.00024699283014 -0.000561391103135 -0.18425
-0.000200964924607 -0.000573875428533 -0.184
-0.000151287214434 -0.000579701108285 -0.183750003882
-0.00010041741218 -0.000580905863341 -0.183500003882
-5.22805943485e-05 -0.000581031339203 -0.183250003882
-7.97609906998e-06 -0.000580332830891 -0.183000003906
3.63107783199e-05 -0.000572184240818 -0.182749382788
8.33698443777e-05 -0.000549171603201 -0.18249938667
0.000130103940458 -0.000511220097078 -0.18224938667
0.000170186865515 -0.000465005973787 -0.181999382837
0.00019814075176 -0.000419323366057 -0.181749382837
0.000212744834836 -0.000376148041138 -0.181499378979
0.000216882342764 -0.00032526458697 -0.181249371263
0.000212118924329 -0.000256817545759 -0.180999367405
0.000196429706241 -0.000174785871428 -0.180749359689
0.000167497960551 -9.15183328895e-05 -0.180499351974
0.00012501896421 -1.75421865013e-05 -0.180249348116
6.91557877856e-05 3.83998435263e-05 -0.179999344258
4.03521804296e-08 7.05276012442e-05 -0.1797493404
-7.83191629484e-05 8.23022907006e-05 -0.179499336542
-0.000156941444302 8.30613854158e-05 -0.179249332684
-0.000227595505319 7.85405207576e-05 -0.178999328802
-0.000287251870611 6.8394990007e-05 -0.178749953778
-0.00033867998213 4.68870267497e-05 -0.178499953754
-0.000386641104242 6.32400207381e-06 -0.178249953754
-0.00043016051579 -5.28911852162e-05 -0.178000578706
-0.000462487673807 -0.000119475957916 -0.177750582564
-0.000479468729117 -0.000182651438509 -0.177501207516
-0.000483122541407 -0.000241158431814 -0.177251211373
-0.000477503898557 -0.000299768869119 -0.177001215207
-0.000465010941578 -0.000361688504448 -0.176751836325
-0.00044643443978 -0.000425869498695 -0.176501840159
-0.000421659590847 -0.000485508632426 -0.176252465135
-0.000390635931428 -0.00053184628411 -0.176002465111
-0.000354965722819 -0.000564982017062 -0.175752465111
-0.000317142039464 -0.000592329286695 -0.175502468969
-0.000278547429189 -0.000617140500911 -0.175253090111
-0.000239096634248 -0.0006384231245 -0.175003090111
-0.000198845241269 -0.000656517135835 -0.174753090135
-0.000158246405763 -0.000672677015869 -0.174503090135
-0.000115836860919 -0.000684086214268 -0.174253090159
-6.67468020922e-05 -0.000681849665495 -0.174003090159
-8.35340034972e-06 -0.000659391162817 -0.173753090159
5.32971059598e-05 -0.000622954652423 -0.173503090183
0.000108711525029 -0.000585937479302 -0.173252469065
0.000154818537083 -0.000552464692592 -0.173002465207
0.000194206295353 -0.00051472470665 -0.172752465231
0.000227694484949 -0.000465957072386 -0.172502465231
0.000253052089769 -0.000405912847799 -0.172251844113
0.000267607512607 -0.000336945465247 -0.172001840255
0.000268949327622 -0.000264306540469 -0.171751219137
0.000255324695611 -0.000196065905014 -0.171501219137
0.00022640500175 -0.000137403002298 -0.171251215279
0.00018320733288 -8.7189952e-05 -0.171000594161
0.000127493881387 -4.37884273457e-05 -0.170750594161
6.10866523115e-05 -1.07295985842e-05 -0.170500590303
-1.3043162429e-05 9.93262970037e-06 -0.170250590303
-8.95521573514e-05 2.10810004195e-05 -0.170000590303
-0.000164440498063 2.05171278822e-05 -0.169750590303
-0.000236984979977 1.51892084364e-06 -0.169500590303
-0.000303949269013 -3.4013367892e-05 -0.169250590303
-0.000360597827492 -7.95467283665e-05 -0.169001211397
-0.000406502118492 -0.00013596416628 -0.168751211397
-0.000441471899405 -0.000203485976381 -0.168501211397
-0.000462385040338 -0.000273165203249 -0.168251832516
-0.000467954815398 -0.000335901065736 -0.168001832516
-0.00046033809546 -0.000389075205066 -0.167751828658
-0.000442725557814 -0.000433972973217 -0.167501828658
-0.000417955889038 -0.000473942977058 -0.167251828658
-0.000388057913113 -0.000512935678443 -0.167001828658
-0.000353928666715 -0.000549792513551 -0.166751828658
-0.000316018621919 -0.00057827393633 -0.166501828658
-0.000275224389313 -0.000598762654044 -0.166251828658
-0.000233088677951 -0.000620337417971 -0.166001828658
-0.000191260365747 -0.000646415768709 -0.165751828658
-0.000149748467875 -0.000669798191834 -0.165501828658
-0.000107242718176 -0.000684652422039 -0.165251828658
-6.37244824036e-05 -0.000693289493327 -0.165001828658
-1.96386487481e-05 -0.000697688788541 -0.164751828657
2.55995136072e-05 -0.000695950037033 -0.164501828657
7.06715298311e-05 -0.000690186972143 -0.164251828657
0.00011426487089 -0.000681679880462 -0.164001828633
0.000158294360319 -0.000661247458887 -0.163751832491
0.000202656560457 -0.000621055193786 -0.163501832491
0.000242895889443 -0.000564794504543 -0.163251832467
0.000274446759736 -0.000499988577401 -0.163001832467
0.000294339103012 -0.000433332902734 -0.162751832467
0.000301224687344 -0.000367445683121 -0.162501836325
0.000294627609569 -0.000296334001171 -0.162251836325
0.000273790555562 -0.000214215693914 -0.162001215207
0.000238615884644 -0.00012908301775 -0.161751219065
0.000190621608486 -5.76433230158e-05 -0.161501219065
0.000131835667323 -8.73337257281e-06 -0.161251219065
6.43420658678e-05 1.97963592719e-05 -0.161001222923
-9.0328626969e-06 3.20209633853e-05 -0.160751222923
-8.4507293031e-05 3.0473577907e-05 -0.160500601805
-0.000157463218572 1.82457267894e-05 -0.160250605663
-0.000223712588932 -2.82742743367e-06 -0.160000605663
-0.000281224233677 -3.46197987349e-05 -0.159750601805
-0.000329559489714 -8.01220673727e-05 -0.159499980687
-0.00036784166033 -0.000139004413109 -0.159249976829
-0.00039417255638 -0.000205928077651 -0.158999355711
-0.000407286405375 -0.000274774047538 -0.158749351853
-0.000407675422625 -0.000343217794852 -0.158499351853
-0.000396576497089 -0.000410862708272 -0.158249347995
-0.000375366739386 -0.000477588431349 -0.157998723043
-0.000345430777465 -0.00054193118048 -0.157748723044
-0.000308673547631 -0.000598190739934 -0.157498723044
-0.000267701102297 -0.000641436672211 -0.157248719186
-0.000224858500529 -0.000671910721141 -0.156998719186
-0.00018148210971 -0.000692798442058 -0.156748715328
-0.000138236730914 -0.000708046571744 -0.156498715328
-9.54401303859e-05 -0.000718699802891 -0.156248715352
-5.26984536954e-05 -0.000721737678021 -0.155998715352
-8.50984153122e-06 -0.000713629118951 -0.155748715352
3.85658344829e-05 -0.000693496276964 -0.155498715352
8.78928750134e-05 -0.000665859998636 -0.155248715352
0.000136910456738 -0.000637029641619 -0.154998715352
0.000183865551901 -0.000607528688247 -0.154748715352
0.000228121045695 -0.00057361095066 -0.15449933647
0.000268911335912 -0.000530903968395 -0.15424933647
0.000304622176288 -0.000476163499266 -0.15399933647
0.000332431553409 -0.000413967789863 -0.153749336469
0.000350183648225 -0.000355609646947 -0.153499957587
0.000357640139435 -0.000306753969748 -0.153249957587
0.000354476031652 -0.000260521453202 -0.152999961445
0.000338652638897 -0.000206681909098 -0.152749961445
0.000308614020889 -0.000146646118801 -0.152499965303
0.000265160877283 -9.16159316943e-05 -0.152249965303
0.000209895998503 -4.84274667795e-05 -0.151999969161
0.000144268005985 -1.60512787537e-05 -0.151749973019
7.09245154283e-05 7.10518388186e-06 -0.151499973019
-6.08565432819e-06 1.8241344001e-05 -0.151249976877
-8.27125648101e-05 1.26871537912e-05 -0.150999980734
-0.000155535651581 -1.08417420301e-05 -0.150749980734
-0.000221205682514 -4.95444306035e-05 -0.150499980734
-0.000276927007759 -0.000101394006604 -0.150249980734
-0.000320721861157 -0.000165186273302 -0.149999984592
-0.000350557487453 -0.000233620591716 -0.149749984568
-0.000365265448308 -0.000294720726131 -0.149499984568
-0.000366270871869 -0.000341815200383 -0.149249984544
-0.000356605217756 -0.000380058056986 -0.149000605662
-0.000338057575917 -0.000422164784982 -0.148750601781
-0.000310542674582 -0.000473530063683 -0.148500601781
-0.000274582171895 -0.000528101840038 -0.148250601757
-0.00023215186437 -0.000578752535045 -0.148001222875
-0.000185777395896 -0.000621441503077 -0.147751222851
-0.000138163033477 -0.0006529247472 -0.147501218969
-9.13397529989e-05 -0.000671550592079 -0.147251218969
-4.54842251876e-05 -0.000680677529855 -0.147001840087
3.48180424481e-07 -0.000688043760602 -0.146751840087
4.58349870382e-05 -0.000696559187656 -0.146501840087
9.0179833734e-05 -0.000699011993348 -0.146251840087
0.000134163965738 -0.000688591020205 -0.146001840111
0.000178463642769 -0.000670346362526 -0.145751840135
0.000221982865187 -0.000654649735281 -0.145501840135
0.000263930181059 -0.000640907288992 -0.145251840159
0.000304358522524 -0.000616184624102 -0.145001840183
0.000341811772787 -0.000572551813168 -0.144751840207
0.000373294933761 -0.000515075040974 -0.144501840231
0.000396153185339 -0.000448957816309 -0.144251219137
0.000408162261241 -0.000376337973021 -0.144001219137
0.000408347034391 -0.000304363257127 -0.143750594185
0.000396349924769 -0.000236903464612 -0.143500594185
0.00037032264955 -0.000168917479394 -0.143249973091
0.00032942385078 -0.000100213139506 -0.142999973091
0.000276250465454 -3.95357048009e-05 -0.142749351973
0.0002141131797 6.45912521027e-06 -0.142499348115
0.000145665592258 3.53452628808e-05 -0.142249348139
7.36947729597e-05 4.46601981014e-05 -0.141999348139
3.82070917811e-07 3.53987255478e-05 -0.141749348139
-7.19766328183e-05 1.35823397207e-05 -0.141499344282
-0.000139581928836 -1.90063669352e-05 -0.141249344305
-0.000198867997543 -6.67453431453e-05 -0.140999344305
-0.000247430372166 -0.000128593273389 -0.140749344305
-0.00028330305228 -0.000198273951029 -0.140499344281
-0.000305128324783 -0.000274773992674 -0.140249344281
-0.00031210303333 -0.000357822577252 -0.139999348139
-0.000304427907171 -0.000440607462174 -0.139749348115
-0.000283869389805 -0.000514843330184 -0.139498730855
-0.000253804460153 -0.000573544504157 -0.139248730831
-0.000218513057155 -0.000612171654518 -0.138998734665
-0.000180113250178 -0.000636331630961 -0.138748734665
-0.000137401756997 -0.000657749255688 -0.138498117381
-9.09571736817e-05 -0.000678077212472 -0.138248121215
-4.38430570534e-05 -0.000691892053372 -0.137998121215
2.65069932536e-06 -0.000698988365617 -0.137747500072
4.78796505082e-05 -0.000699702862824 -0.13749750393
9.07463702062e-05 -0.000691080208881 -0.13724750393
0.000132420100332 -0.000675067793411 -0.13699750393
0.000174690546146 -0.000658541785354 -0.136747507788
0.000216880199146 -0.000641082261226 -0.136497507788
0.000257603478619 -0.000614652982007 -0.136247507788
0.000296556463339 -0.000579744338931 -0.135996890528
0.000333620987336 -0.000547318520701 -0.135746890528
0.000368188757643 -0.000519998425127 -0.135496890528
0.000398460631541 -0.000486212259739 -0.135246890528
0.00042126653799 -0.000435792755195 -0.13499751167
0.00043404026215 -0.000371738544749 -0.13474751167
0.000436735901156 -0.00030604717145 -0.13449751167
0.00043084947872 -0.000248666128781 -0.134248132788
0.000416210315071 -0.000200267777006 -0.13399812893
0.000388368680788 -0.000151498809703 -0.133748750048
0.00034210824373 -9.43917952497e-05 -0.13349874619
0.000279544727998 -3.64280375522e-05 -0.133249363451
0.000208150008225 7.91957006196e-06 -0.132999359593
0.000132650454873 3.30951812942e-05 -0.132749976853
5.56054326927e-05 3.93683575527e-05 -0.132499972995
-1.99747200295e-05 2.68145987946e-05 -0.132249969161
-9.17045139507e-05 -1.03079949296e-06 -0.131999969161
-0.00015685685718 -3.88846766148e-05 -0.131749965304
-0.000211623350239 -8.74468910671e-05 -0.131499965304
-0.000253283613484 -0.0001478229712 -0.131249961446
-0.00028161041973 -0.000209839955571 -0.130999340328
-0.000297737645365 -0.000261938977017 -0.130749340328
-0.000301713197273 -0.000308969476457 -0.13049871921
-0.000291579751568 -0.000364438146597 -0.13024871921
-0.000266426652267 -0.000430093990043 -0.12999810195
-0.000229098009307 -0.000494695116867 -0.12974810195
-0.000183917664694 -0.000549022066834 -0.129497480808
-0.000133562205588 -0.000592222628063 -0.129247484666
-8.04110814498e-05 -0.000624610624082 -0.128997484666
-2.77664653854e-05 -0.000644640870842 -0.128747488524
2.2623885635e-05 -0.000653453283307 -0.128497492382
7.12394621098e-05 -0.000655133948916 -0.128247492382
0.000119097997938 -0.000653665406148 -0.127997492381
0.000165907179413 -0.000650167680085 -0.127747496239
0.000209794567798 -0.00064123837601 -0.127497496239
0.000250134738228 -0.000623714239529 -0.127247500121
0.000288416749505 -0.000599078568553 -0.126997500121
0.000325342356515 -0.00056859962128 -0.126747500121
0.000360178282385 -0.000530454488352 -0.126497500121
0.000392015359664 -0.000485087321312 -0.126248125096
0.000420188836069 -0.000436199246155 -0.12599812512
0.000443590181415 -0.000385577048925 -0.12574812512
0.000460042417481 -0.000330864147331 -0.125498128978
0.000466164652842 -0.000268068585491 -0.125248750096
0.000458656588081 -0.00019607011447 -0.124998750096
0.000436869884645 -0.000120467181761 -0.124748750096
0.000404065256885 -5.2025273825e-05 -0.124499375072
0.00036409590189 1.52790391752e-06 -0.124249375072
0.000316356824781 4.19263582017e-05 -0.123999375072
0.000258235364945 7.36485138732e-05 -0.123749375096
0.000191931948083 9.38503503603e-05 -0.123499375096
0.000121827609739 9.76614494768e-05 -0.123249996214
4.90167151644e-05 8.72799873531e-05 -0.122999992356
-2.50373105459e-05 6.72571124716e-05 -0.122749992356
-9.5183809096e-05 3.72137495437e-05 -0.122499992356
-0.000155712806772 -6.30249144084e-06 -0.122249992356
-0.000202856994969 -6.55023087534e-05 -0.121999992356
-0.000234464144181 -0.000140094059738 -0.121749988498
-0.000249987659647 -0.000224656863692 -0.121499988499
-0.000251393037513 -0.000306334992348 -0.121249988499
-0.000241510889988 -0.000375054023486 -0.120999988499
-0.000220502083636 -0.000434077112397 -0.120749988499
-0.000187222315135 -0.000490125548933 -0.120499984641
-0.000142728907136 -0.000543012400563 -0.120249984641
-9.10566440471e-05 -0.000587376652634 -0.119999984641
-3.88498135194e-05 -0.000615816714349 -0.119749984641
8.75254146304e-06 -0.00062584975721 -0.119499984641
5.2379766183e-05 -0.000623227225369 -0.119249984641
9.54004864585e-05 -0.000615268479919 -0.118999984641
0.000139850685143 -0.000605939122818 -0.118749984617
0.000185116487695 -0.000595397500358 -0.118499988475
0.000228750088742 -0.0005810096641 -0.118249988475
0.000270114034682 -0.00056215399925 -0.117999988451
0.000311366304162 -0.000543396721759 -0.117749988427
0.000352616437977 -0.000526668924322 -0.117499988427
0.000390795847724 -0.000505517780319 -0.117249988403
0.000424722772457 -0.000476035840876 -0.116999988403
0.000455458737356 -0.000441650479072 -0.116749988379
0.000481270986735 -0.000400009854366 -0.116499992237
0.000497761331356 -0.000344390714783 -0.116249992213
0.000503800451866 -0.000278981725811 -0.115999992213
0.000501961542302 -0.000214931900945 -0.115749992213
0.00049341188635 -0.000157173054387 -0.115499374953
0.000475617318199 -0.000103310029294 -0.115249374953
0.000443239755231 -4.82470247455e-05 -0.114999374953
0.000394030638313 7.31533882881e-06 -0.114749378834
0.000332372746517 5.53321883341e-05 -0.114499378834
0.000261267325145 9.20458562343e-05 -0.114249378858
0.000182692771069 0.000116756556672 -0.113999378858
0.000103824703552 0.000123859305882 -0.113749382716
2.92540485236e-05 0.000111411825576 -0.11349938274
-4.18159828495e-05 8.53616903922e-05 -0.11324938274
-0.000107357295449 4.96823888113e-05 -0.112999382764
-0.000162240254058 3.13413191104e-06 -0.112749382764
-0.000202590523799 -5.57915589147e-05 -0.11249937893
-0.00022672873672 -0.000126007080178 -0.112248757836
-0.000234684200849 -0.000203109125381 -0.111998757836
-0.000227380498209 -0.000281369379703 -0.11174875786
-0.000205989463325 -0.000356260284739 -0.111498754002
-0.000171866749114 -0.000425050911347 -0.111248132908
-0.000126526778867 -0.000486311592208 -0.110998132908
-7.26164419124e-05 -0.000537895989746 -0.110748132908
-1.40504547724e-05 -0.000577140432709 -0.11049812905
4.51349599511e-05 -0.000602622748051 -0.11024812905
0.000101375858349 -0.000614240318657 -0.10999812905
0.000153400009661 -0.000614419448883 -0.10974812905
0.000201742775278 -0.000606596513902 -0.109498129026
0.000246816362638 -0.000593009996992 -0.109248129026
0.000290326792993 -0.000576571937794 -0.108998129002
0.000332893677823 -0.000558868277552 -0.108748746239
0.00037034558298 -0.00053524858286 -0.108498746215
0.000400104466129 -0.000500523263073 -0.108248746215
0.000426366878635 -0.000458560868045 -0.107998746191
0.000452949012963 -0.000415990015308 -0.107748746191
0.000477677829609 -0.000371256435078 -0.107498746191
0.000496959344966 -0.000319963391477 -0.107249367309
0.000510043067714 -0.000263631493448 -0.106999367309
0.000516984445286 -0.000205623753433 -0.106749367309
0.00051538661592 -0.000145128011479 -0.106499367309
0.00050260297568 -8.16247980109e-05 -0.106249367309
0.000480342489104 -2.0897744577e-05 -0.105999367309
0.00045192655283 3.09511855233e-05 -0.105749367333
0.000416587667508 7.38938973453e-05 -0.105499367333
0.000372523452834 0.000108653888202 -0.105249367333
0.00032065299638 0.000133088041136 -0.104999367333
0.000261454881849 0.000146005882206 -0.104749371215
0.000195277097356 0.000147112857971 -0.104499371214
0.000124621191236 0.0001355613466 -0.104249371214
5.17952485041e-05 0.000112558183608 -0.103999371214
-1.86153562383e-05 7.88715597657e-05 -0.103748753978
-7.82064124354e-05 3.11198137158e-05 -0.103498753978
-0.000121890002573 -3.20864452922e-05 -0.103248753978
-0.000149978274055 -0.000105600364747 -0.102998753978
-0.000163102539844 -0.000183284423737 -0.102748753978
-0.000161368426342 -0.000260533040444 -0.102498753978
-0.00014719540554 -0.000330972980704 -0.102248753978
-0.000124602337214 -0.000388463445475 -0.101998753978
-9.58896193613e-05 -0.000432076658978 -0.101748753978
-6.02248657098e-05 -0.000465971217327 -0.101498753978
-1.42719827844e-05 -0.000496197778082 -0.101248750096
4.42824189853e-05 -0.000525786735845 -0.100999371214
0.000110850515178 -0.000550481671525 -0.100749371214
0.00017521094234 -0.000562818212738 -0.100499367356
0.000229708993013 -0.000559712284781 -0.100249367332
0.000273873276193 -0.000543932179852 -0.0999999884503
0.000312922464618 -0.000521275747658 -0.0997499884503
0.000352446193816 -0.000496889458942 -0.0994999884505
0.000393655439714 -0.000472684398126 -0.0992499845926
0.000434242434793 -0.000447885253627 -0.0989999845928
0.000472607846026 -0.000421832433996 -0.0987506057108
0.000509377090143 -0.000395674195247 -0.0985006057109
0.000543483494144 -0.000368167024925 -0.0982506095688
0.000570421902583 -0.000332798422243 -0.0980006095689
0.000588480357743 -0.000287086540318 -0.0977506095689
0.00060012555996 -0.000235989853792 -0.0975006095691
0.000604870465907 -0.000181357313034 -0.0972506095691
0.000600343419099 -0.00012317087488 -0.0970006095691
0.000587395445368 -6.55134698585e-05 -0.0967506095691
0.00056503883261 -1.0072588718e-05 -0.0965006095692
0.00052645314359 4.65835901219e-05 -0.0962506095692
0.000466528594321 0.000104849922112 -0.0960006095692
0.00039167405345 0.000156293305946 -0.0957506095691
0.000316188975553 0.0001897216018 -0.0955006095691
0.000247387027472 0.000201341061322 -0.0952506095691
0.000181162614514 0.000195255796616 -0.0949999884511
0.000112008817011 0.000176692794783 -0.0947499884511
4.06263541858e-05 0.000148297209094 -0.0944999884509
-2.64577642101e-05 0.00010994231578 -0.0942493673329
-7.97708246917e-05 5.84528245639e-05 -0.0939993673329
-0.000111765808566 -1.0106332482e-05 -0.0937493634749
-0.000121915634695 -9.37629674736e-05 -0.0934987423569
-0.000115742010198 -0.000182380202049 -0.0932487423808
-9.94183381454e-05 -0.000264074793678 -0.0929987423808
-7.69507361661e-05 -0.000331407503684 -0.0927487462386
-4.87160048668e-05 -0.000384060032965 -0.0924981251206
-1.06410803223e-05 -0.000427950844219 -0.0922481251206
4.10236707154e-05 -0.000467756846609 -0.0919981251206
0.000103668929646 -0.000501411963652 -0.0917481290022
0.00016978620024 -0.000523860608749 -0.0914981290022
0.000233836253521 -0.000533478594426 -0.0912481328601
0.000293256510853 -0.000531561650566 -0.09099813286
0.000343132099954 -0.000517982474412 -0.0907481328839
0.000380477342684 -0.000493538937641 -0.0904981328839
0.000412280530565 -0.000463656506371 -0.0902481328839
0.000447680457099 -0.000434139727162 -0.0899981367418
0.000485732070535 -0.000405357895948 -0.0897487578598
0.000519038943184 -0.000373413510241 -0.0894987578598
0.000544219887411 -0.000335491968159 -0.0892487578359
0.000563886382409 -0.000292687901258 -0.0889987578359
0.000582487839283 -0.000249007681425 -0.0887487578359
0.000601148847457 -0.000206596593753 -0.088498757836
0.000614828832299 -0.000161368698508 -0.0882487578121
0.000616750445526 -0.000107701819718 -0.0879987616701
0.000606078554823 -4.73044459343e-05 -0.0877493827881
0.000590348587691 1.00148508027e-05 -0.0874993827882
0.000578523414496 5.54719024798e-05 -0.0872493827882
0.000567325993849 9.19634906033e-05 -0.0869993789305
0.000540876514009 0.000129503283743 -0.0867493789305
0.000491187523243 0.000169238674188 -0.0864993789305
0.000425185927898 0.000203120104063 -0.0862493750726
0.000350068349252 0.000225345299017 -0.0859993750726
0.000271907344395 0.000232557492733 -0.0857493750726
0.000200289442168 0.000220966346807 -0.0854987501207
0.000137780843211 0.000190702235893 -0.0852487462628
7.90050819475e-05 0.000146475789559 -0.0849987462628
2.32571357095e-05 9.25010205334e-05 -0.084748742405
-2.45014850064e-05 3.115024759e-05 -0.0844981212868
-6.12736561155e-05 -3.39708235129e-05 -0.0842481174529
-8.62862073432e-05 -9.83843260448e-05 -0.0839981174529
-9.57719033003e-05 -0.000161716395701 -0.0837481174529
-8.50721922245e-05 -0.000226318992048 -0.0834981174527
-5.55852345934e-05 -0.000289807721976 -0.0832474963587
-1.26409290829e-05 -0.000346687517788 -0.0829975002166
3.92837660052e-05 -0.000393271035362 -0.0827475002166
9.58046654182e-05 -0.000427281039999 -0.0824975002404
0.000155540814723 -0.00044946097417 -0.0822481252163
0.000219601734006 -0.00046211493611 -0.0819981252163
0.000284050142491 -0.000464627196242 -0.0817481252163
0.000343809086843 -0.000456636019626 -0.0814981290741
0.000401378415383 -0.000441533578682 -0.08124812905
0.000459332552533 -0.000422205584128 -0.0809981329079
0.000511052870521 -0.000397838084394 -0.0807487540259
0.000551141467529 -0.000367942394564 -0.080498754002
0.000583962735164 -0.000335038421775 -0.080248754002
0.000612600821766 -0.000300638904325 -0.079998753978
0.000633859628626 -0.00026265005882 -0.0797487578119
0.000647124670709 -0.000219532242274 -0.0794987578119
0.000656103922333 -0.0001729156192 -0.0792487539301
0.000664184172876 -0.000125655910177 -0.0789993750481
0.000672399665528 -7.96206687861e-05 -0.0787493750241
0.000675950399089 -3.22906910777e-05 -0.0784993750243
0.000663937803604 2.26071186446e-05 -0.0782493750243
0.000629162659587 8.65475828364e-05 -0.0779993750243
0.000576277340427 0.000151963481707 -0.0777493750003
0.000518056555519 0.00020819430411 -0.0774987538823
0.000464940468439 0.000249112505958 -0.0772487538824
0.000416188298363 0.000275676339932 -0.0769987500246
0.00036177481418 0.000291822931998 -0.0767487500485
0.000295901471758 0.00029833145195 -0.0764987461908
0.000223708395167 0.000292489220689 -0.0762481250728
0.000154823333609 0.000271587314293 -0.0759981250729
9.6766089266e-05 0.000234495565277 -0.0757481212151
5.07777495962e-05 0.000182343555918 -0.0754981212151
1.4423578505e-05 0.0001183171898 -0.075247500121
-1.08552363727e-05 4.5422892228e-05 -0.0749975001212
-2.31284830257e-05 -3.27902963761e-05 -0.0747474962633
-2.40285433877e-05 -0.000110622075014 -0.0744974962872
-1.16605701585e-05 -0.000184927308488 -0.0742474962872
1.8634312316e-05 -0.000255804522449 -0.0739975001451
6.61500509981e-05 -0.00032091638623 -0.0737475001692
0.000126285663496 -0.000376161899809 -0.0734975001692
0.000191570343069 -0.000417043125858 -0.0732481251691
0.000250075475163 -0.00043885820559 -0.0729981251691
0.000295513555737 -0.0004422392847 -0.0727481290509
0.00033531332759 -0.00043423432655 -0.0724981290509
0.000380124106434 -0.000420823202928 -0.0722481329088
0.000431199589812 -0.000402968763045 -0.0719981329328
0.000481427244761 -0.000379405904072 -0.0717481329328
0.000523565992726 -0.000349827446808 -0.0714981329328
0.000556071700739 -0.000315407087642 -0.0712481329326
0.000582332168601 -0.000277833791833 -0.0709981329326
0.00060585332053 -0.000238445723925 -0.0707481329085
0.000626932112705 -0.000197798066584 -0.0704981329085
0.000644345687056 -0.000155829333334 -0.0702481329083
0.00065840177644 -0.000112809020024 -0.0699981328844
0.000668995820824 -6.8848383549e-05 -0.0697481328603
0.000673913823185 -2.305080355e-05 -0.0694981328601
0.000673270453738 2.40861917293e-05 -0.0692481328601
0.000670031564942 7.01442274239e-05 -0.068997511718
0.000661916991795 0.000115391191524 -0.068747511718
0.000640339625531 0.000162514031177 -0.0684975078601
0.000602700222207 0.000209926279543 -0.0682475078362
0.000556826836283 0.00025167366913 -0.0679975078362
0.000509877044036 0.00028365024216 -0.0677475078362
0.000461363518905 0.000305044554822 -0.0674975039784
0.000407064500559 0.000315591286515 -0.0672475039784
0.00034414441613 0.000314189301489 -0.0669975040025
0.000272524517768 0.000299513067024 -0.0667475001447
0.000194004996195 0.000271126041525 -0.0664975001448
0.000114336741993 0.000229754814035 -0.0662481212628
4.61735066268e-05 0.000176376572766 -0.065998121263
1.57173140272e-06 0.000111594396913 -0.0657481174051
-1.99921463869e-05 3.77865493827e-05 -0.0654981174053
-2.90882992092e-05 -3.86765632626e-05 -0.0652487385233
-3.21823064257e-05 -0.000110825772876 -0.0649987385233
-2.40364655385e-05 -0.000176974181446 -0.0647487385233
4.14820230813e-06 -0.000239110193884 -0.0644987385233
5.09171596746e-05 -0.000295375287502 -0.0642487385233
0.000106821943032 -0.000340662432365 -0.0639987385233
0.000169255432592 -0.000373807993285 -0.0637487385233
0.000242911709891 -0.000396734773667 -0.0634987385233
0.000326684127878 -0.000408938230722 -0.0632487385233
0.00040707446672 -0.000407459431178 -0.0629981174053
0.000467051128919 -0.000391477486118 -0.0627481174051
0.000504912482331 -0.000365012501731 -0.0624979912526
0.000535970981366 -0.000333221672776 -0.0622478049147
0.000572176308028 -0.000298521653863 -0.0619976185768
0.000612710236557 -0.000261693118541 -0.0617474318556
0.000650790936964 -0.000223581370546 -0.0614971834083
0.000678758827147 -0.000184685905222 -0.061246997461
0.000692086275696 -0.000144314339532 -0.0609968732398
0.000693964455106 -0.000101568757334 -0.0607467494067
0.000690496857029 -5.65747652499e-05 -0.0604966255736
0.000681251814564 -8.90822283036e-06 -0.0602465017382
0.000663297447445 4.20864253421e-05 -0.0599963775194
0.000639555796151 9.42349389062e-05 -0.0597463154148
0.000613177235803 0.000144693710415 -0.0594961915794
0.00058370192548 0.000192077895731 -0.0592461915819
0.000552136555341 0.000234739136825 -0.0589961298584
0.000516383845932 0.000272115665691 -0.0587461298609
0.000469603683469 0.000304266163456 -0.0584961306325
0.000413038536379 0.000328666633298 -0.0582461935184
0.000355250160893 0.000342251009879 -0.0579962563995
0.000298759833378 0.000343822127013 -0.0577463817805
0.000239612766402 0.000332739997011 -0.0574965692709
0.000175226792805 0.000308085311995 -0.0572467567613
0.000110490437756 0.000269549491044 -0.0569969442493
5.67077305668e-05 0.000217994081363 -0.0567471321255
1.98323312737e-05 0.000154961867777 -0.0564973821135
-5.08486942815e-06 8.30706194732e-05 -0.0562475703755
-2.24350599423e-05 6.72175943038e-06 -0.0559977578634
-2.79949062706e-05 -6.99012739154e-05 -0.0557479453538
-1.72376011195e-05 -0.000143792459725 -0.0554981324559
8.2634256445e-06 -0.000211655005712 -0.0552483191747
4.54319512727e-05 -0.000270404799669 -0.0549984437793
9.26819439975e-05 -0.000318223095783 -0.0547485679981
0.000148353303642 -0.000354115895196 -0.0544986297217
0.000208283721535 -0.000377168366766 -0.0542487531713
0.000266318068529 -0.000386925546628 -0.0539988141233
0.000320550862141 -0.000384695128816 -0.0537488746919
0.000374289442361 -0.000372562616869 -0.0534988731511
0.000430788516052 -0.000351885560994 -0.0532489341102
0.000490715951022 -0.000323392203344 -0.0529989329576
0.000547842259188 -0.000288141464069 -0.0527489939168
0.000590549656954 -0.00024849501212 -0.0524989927665
0.000615445283774 -0.000206851847648 -0.0522489295069
0.000631353022928 -0.000163947969003 -0.0519988666306
0.000648062161035 -0.000119987247086 -0.0517488662543
0.000668071302943 -7.60247261695e-05 -0.0514988041473
0.000686425527655 -3.30710300949e-05 -0.0512487416569
0.00069614882647 9.50086196527e-06 -0.0509986795498
0.000697446416274 5.26374171363e-05 -0.0507486174404
0.000696809747105 9.55952765447e-05 -0.0504984936026
0.000693245224772 0.000138388014002 -0.0502484318742
0.00067648154334 0.000182782220191 -0.0499982459222
0.000641438542629 0.000228319146058 -0.0497479978584
0.000592645233948 0.000271539348462 -0.0494976880663
0.000534568720877 0.000309057807083 -0.0492473786623
0.000470231814828 0.000338225299073 -0.0489970071465
0.000406108818167 0.000356995995063 -0.0487466977425
0.000345401024918 0.000364464155789 -0.0484963883361
0.000283560494059 0.000359658470002 -0.0482460785463
0.000215942735314 0.000340908428681 -0.0479957687565
0.000143879709897 0.000307277139056 -0.0477455214643
7.65359060294e-05 0.000260120528992 -0.0474952734005
2.48711984524e-05 0.000202399891285 -0.0472450874486
-8.92020108487e-06 0.000136367391105 -0.0469950253368
-2.81834433366e-05 6.40981175054e-05 -0.0467450874462
-3.21769860514e-05 -1.12571297135e-05 -0.0464951487864
-1.96932087901e-05 -8.63096588534e-05 -0.0462452718527
5.98090598662e-06 -0.000157395888849 -0.0459954566449
4.33528539972e-05 -0.000221103540225 -0.0457456414372
9.34874760605e-05 -0.000275178725061 -0.0454958254603
0.000155004819592 -0.000317816011917 -0.0452460098691
0.000227985051975 -0.000347906363025 -0.044996194278
0.000311830652682 -0.000364505080335 -0.0447463786869
0.000396552501327 -0.000366537314072 -0.0444964392579
0.000471704198105 -0.000354801106566 -0.0442465002171
0.000537472212786 -0.000331626220254 -0.0439964994504
0.000596104516094 -0.000299233018568 -0.0437464369552
0.000642070196952 -0.000260624220217 -0.0434963752339
0.00066985884219 -0.000219547045475 -0.0432462513985
0.000686057126409 -0.000177353039935 -0.0429961904465
0.000700832674841 -0.000133338654992 -0.0427460673826
0.000712880052116 -8.86248435513e-05 -0.0424960064258
0.000714973128368 -4.51524709526e-05 -0.0422458837453
0.000706603856394 -2.518396035e-06 -0.041995822786
0.00069406950464 4.08488899753e-05 -0.0417457622126
0.000682345598749 8.51424730315e-05 -0.0414956395249
0.000669580957237 0.000129538736545 -0.041245578949
0.000651701054394 0.00017359164828 -0.040995580485
0.000630027459291 0.000216658390965 -0.0407455199091
0.000607113836998 0.00025775152083 -0.0404955210568
0.000578225872695 0.000296247638084 -0.040245522588
0.000536458289816 0.000330937195489 -0.0399955858475
0.000484298555637 0.00035955162221 -0.0397456498762
0.000430708676713 0.000380429074112 -0.0394957139121
0.000376618483319 0.000392346383119 -0.0392458408314
0.000315036601854 0.000392727013541 -0.0389960294767
0.000248699188853 0.000379787127286 -0.038746218122
0.000190984057301 0.000355104898941 -0.0384964067674
0.000144152853823 0.000319016744267 -0.0382465329199
9.64140919575e-05 0.000268050864477 -0.0379966586843
4.47098680303e-05 0.000202021161567 -0.037746846177
1.52907346735e-06 0.000127106377322 -0.0374969707864
-2.11397408157e-05 4.9729896505e-05 -0.0372469707889
-2.08667926096e-05 -2.67177343212e-05 -0.0369968461795
-6.54301080567e-07 -9.99069483507e-05 -0.036746658301
3.30636982512e-05 -0.000167176636495 -0.0364964079273
7.11651445241e-05 -0.000225415139196 -0.0362460946678
0.000111557137412 -0.000271946453849 -0.0359957806392
0.000161918193774 -0.000305534519112 -0.0357454662247
0.000223593239158 -0.000325653345836 -0.0354950896985
0.000287773789389 -0.000332332636103 -0.035244713558
0.000352961537585 -0.000325986190376 -0.0349943374176
0.000425612839244 -0.000306090681598 -0.0347439616605
0.000500598413743 -0.000273312728564 -0.0344936487868
0.000560695507175 -0.000232484634319 -0.0342433976392
0.000599368891998 -0.000188625470949 -0.0339932711009
0.0006277189264 -0.000141749268985 -0.0337432070578
0.000654895113405 -9.07295738898e-05 -0.0334932055123
0.00067639049999 -3.87415554038e-05 -0.033243204736
0.000684371333711 9.76721298888e-06 -0.0329932664596
0.000681036395668 5.49201273055e-05 -0.0327433906809
0.000677233986314 0.00010009209632 -0.0324935770162
0.000675172365705 0.00014521602122 -0.0322436395114
0.000662719375406 0.000187677800237 -0.0319938266207
0.000633475319221 0.000228053618779 -0.0317440758442
0.000597133907184 0.000268298702062 -0.0314943250677
0.000563531204371 0.000308273684837 -0.0312445742936
0.000531159693592 0.000346524883021 -0.0309947610242
0.000491659166922 0.000381177545753 -0.0307450102525
0.000439153098924 0.00040987973649 -0.0304952594831
0.000377145109604 0.000430682531712 -0.0302455090947
0.000313438291566 0.00044278570356 -0.0299956962088
0.000250368020619 0.000445178348896 -0.029745883711
0.000187388159616 0.000436299236074 -0.0294960712109
0.000126906042811 0.000415515601849 -0.0292461966015
7.02193372365e-05 0.000382149133727 -0.0289962602636
1.5926857568e-05 0.000334739518938 -0.0287463243115
-3.24622770496e-05 0.000274671583031 -0.0284963887453
-6.66605570377e-05 0.000206769208876 -0.0282463910673
-8.25507123181e-05 0.000134794476059 -0.0279963929987
-8.05112087066e-05 6.0988094652e-05 -0.0277463945443
-6.15366567576e-05 -1.20690434504e-05 -0.0274963957042
-2.72701440236e-05 -8.13650152377e-05 -0.0272463960924
2.19311995014e-05 -0.000143274509551 -0.0269963964807
8.39155821435e-05 -0.000194793962528 -0.0267464582045
0.00015066640511 -0.000234221165055 -0.02649651954
0.0002194285852 -0.000259847827548 -0.0262466429825
0.000293704858996 -0.000270119010349 -0.0259967035393
0.000367509902165 -0.000265736091467 -0.0257468262031
0.000432959669683 -0.000249024699284 -0.0254969488645
0.000491549691594 -0.000221220998499 -0.0252470090306
0.000540861024722 -0.000184885159034 -0.024997068811
0.000574938546949 -0.000144636722911 -0.0247471285914
0.000596795918712 -0.000102239164847 -0.0244970645316
0.000612786416509 -5.69911108646e-05 -0.024247062586
0.000625524915847 -8.90401948699e-06 -0.0239969989144
0.000633984661358 4.03159647755e-05 -0.0237469973617
0.000634564257028 8.75186037476e-05 -0.0234968715902
0.00062652584703 0.000131611878505 -0.0232468090926
0.000613692254438 0.000174401436117 -0.0229966848714
0.000600906182316 0.000217742766266 -0.022746560655
0.000592174046318 0.000262114403013 -0.0224964360551
0.000585909791349 0.000305860129078 -0.0222463735717
0.0005724651159 0.000346294445112 -0.0219962489814
0.0005432771096 0.000381982510566 -0.0217460622768
0.000500316442917 0.000413053495397 -0.0214958138439
0.000454398823748 0.000440596749644 -0.0212456275203
0.000413187607853 0.0004652732841 -0.0209954415825
0.000372419237165 0.000485047270171 -0.0207452560281
0.000325475712146 0.000496283139097 -0.0204950708619
0.000271535672254 0.000496179125001 -0.0202448856934
0.00020875787419 0.000480791779043 -0.0199947001343
0.000137136038124 0.00044653585998 -0.019744452461
6.5989595174e-05 0.000395633758845 -0.0194943290089
6.02354180497e-06 0.000333645166571 -0.0192442055568
-3.80402296147e-05 0.000264455200152 -0.0189940821024
-6.49820827232e-05 0.000190626013007 -0.0187440828716
-7.52308334141e-05 0.000114268575956 -0.0184940832526
-7.0318012502e-05 3.75428493246e-05 -0.0182441457454
-5.10245192289e-05 -3.62399414851e-05 -0.0179941461265
-1.56334227098e-05 -0.00010246710448 -0.0177442082335
3.72761482234e-05 -0.000157393237983 -0.0174942707264
0.00010147652893 -0.000200379011507 -0.0172443332192
0.000165583040866 -0.00023219071852 -0.0169943953239
0.000226941969361 -0.000251671938043 -0.0167444578143
0.000294654334678 -0.0002552088204 -0.016494519919
0.000375491049555 -0.000239596809468 -0.0162445820213
0.000460662243763 -0.00020666731585 -0.0159946445094
0.000531768887588 -0.000164145891518 -0.0157447687234
0.000581489795548 -0.000118282070379 -0.0154948312091
0.000618669023722 -6.80722567876e-05 -0.0152448936924
0.000650785033036 -1.15203285944e-05 -0.0149949561757
0.000674629733271 4.7396402365e-05 -0.0147450807755
0.000685345602234 0.000102598086008 -0.0144951432636
0.000682375874846 0.000150888841162 -0.0142452057564
0.00066823276037 0.000192468329125 -0.0139952682493
0.000649159853356 0.000231549572741 -0.0137453307469
0.000631584532589 0.000272381560408 -0.0134953932446
0.000614767110414 0.000313722673599 -0.013245455747
0.000593396721622 0.000352318578923 -0.012995518247
0.000565270803734 0.000387674928383 -0.01274551864
0.000529776872775 0.000419945179712 -0.0124955811424
0.000483534098667 0.00044750193753 -0.0122455815354
0.000426186546823 0.000469062876389 -0.011995519819
0.000366321730669 0.000486013225775 -0.0117455202144
0.000311535445788 0.000499785087831 -0.0114954584955
0.000259687806356 0.000508376849848 -0.0112453967743
0.000207701262443 0.000509034470545 -0.0109953350554
0.000155448378578 0.000499949723582 -0.0107452108389
0.000101024777088 0.000477671777149 -0.0104950241249
4.64149549968e-05 0.000440868179221 -0.0102448377943
-3.60553523483e-07 0.000393525269118 -0.00999458934943
-3.48151650208e-05 0.000338516918508 -0.00974434051641
-5.71306329388e-05 0.000275615362965 -0.00949409168337
-6.5184258973e-05 0.000207325983391 -0.00924384207637
-5.55787239946e-05 0.000138255978791 -0.00899359247175
-2.94661980931e-05 7.0067778849e-05 -0.00874346670497
8.59671190147e-06 3.35803661982e-06 -0.00849327959796
5.63241177913e-05 -5.8059547523e-05 -0.00824321671216
0.000114950066824 -0.000108368035021 -0.00799321632156
0.000184770863726 -0.000143611883504 -0.00774327804517
0.000260714666489 -0.000163335143832 -0.00749340226636
0.000334693525347 -0.00016906159367 -0.00724358898274
0.000401714005703 -0.000162119752067 -0.00699383819672
0.000459784587413 -0.000143913913616 -0.00674408818466
0.000506716083364 -0.000117097663494 -0.00649427605841
0.000541858438726 -8.42783222908e-05 -0.00624450775858
0.000568030313936 -4.60291764744e-05 -0.00599470863457
0.000590206107727 -5.41695359799e-07 -0.00574492193388
0.000610851803373 5.32819259349e-05 -0.00549514746338
0.000625414772778 0.000110530396294 -0.00524536658905
0.000628257963554 0.000163820098551 -0.00499552950571
0.000621856525688 0.000213117862953 -0.0047456485969
0.000613375167217 0.000263882161661 -0.00449576128379
0.000604905230014 0.000316513954448 -0.00424587377756
0.000591851114027 0.000365011113225 -0.00399595502158
0.000571001683368 0.000406314023174 -0.00374599888255
0.000546848849135 0.000444490057007 -0.00349602399353
0.000525572347318 0.000483488048134 -0.00324605508376
0.000504929302378 0.000521304028184 -0.00299607953773
0.000475948243015 0.000553020564804 -0.0027460724731
0.000433879117623 0.000576157583313 -0.0024960155652
0.000384046885709 0.000592578026019 -0.00224593392927
0.000334304935429 0.000605123155751 -0.00199584612194
0.000281503462721 0.000610042082559 -0.00174575187339
0.000217117177535 0.000598487776535 -0.00149562035751
0.000146811851116 0.000570221748605 -0.00124547657309
8.32037454393e-05 0.000532246486165 -0.00099534501812
2.6934085872e-05 0.000483407226277 -0.000745231403212
-2.4881398113e-05 0.000419010817597 -0.000495133293928
-6.68958701766e-05 0.000343441573076 -0.000245061958644
-9.20911637182e-05 0.000265319477143 4.97507745417e-06
-9.7636773159e-05 0.000190028443518 0.000254983478126
-8.43164802256e-05 0.000119105790835 0.000504975036111
-5.50822163599e-05 5.22552972258e-05 0.000754959942839
-1.14461962776e-05 -8.14304292413e-06 0.00100494910107
4.70155974651e-05 -5.74484151939e-05 0.00125495654539
0.000116772967302 -9.43837326079e-05 0.00150498852459
0.000190475867281 -0.000119939967769 0.00175505140442
0.000265591649077 -0.000131870925661 0.00200514522465
0.000343843089238 -0.000126373531295 0.0022552886186
0.000422117641253 -0.000103741550383 0.0025054753741
0.000492291096416 -6.86501694888e-05 0.00275569310739
0.000547444864251 -2.6878198232e-05 0.00300591068636
0.000587220265433 1.89100997435e-05 0.00325611568866
0.000617749277833 7.13601048248e-05 0.00350632670828
0.000641772123299 0.000131163507413 0.00375655620664
0.00065337227696 0.000189720829853 0.00400674824623
0.000647422708563 0.000236842582885 0.00425687184924
0.000628425799705 0.000273510974748 0.00450693314947
0.000605226002644 0.000308819442046 0.00475697570184
0.000581298531239 0.000346678107588 0.00500702439014
0.000555269687441 0.000384499658858 0.00525706675389
0.000526431255937 0.000420528956854 0.0055070903705
0.000495643143672 0.00045501435851 0.00575710781617
0.000462805979601 0.000487240680593 0.0060071128397
0.000426022249948 0.00051524238194 0.00625709313494
0.00038448240576 0.000538393017508 0.00650702948706
0.000341440507693 0.000558859573771 0.00675696622736
0.000300375010854 0.000578442247255 0.00700684085587
0.000257485484884 0.000593410784425 0.00725677720804
0.000203996883542 0.000595192429365 0.00750658972
0.000139339745696 0.000579901888638 0.00775627762259
7.6559028821e-05 0.000555653081348 0.00800596513462
2.81117364387e-05 0.000533500651395 0.00825571514426
-8.54577191055e-06 0.000511119585859 0.00850546515154
-4.3328039592e-05 0.000475032551368 0.00875521554462
-7.93748983079e-05 0.000416420472919 0.00900490421171
-0.000110887529941 0.000338961337651 0.00925453115039
-0.000127640305998 0.000256913729686 0.00950415886064
-0.000123578166013 0.000181678884389 0.00975391118028
-0.000102590040039 0.00011021217487 0.0100037263833
-7.11100610454e-05 3.75512206487e-05 0.0102536044697
-2.8957187209e-05 -2.93866925509e-05 0.010503545437
2.76983751992e-05 -8.00878836595e-05 0.0107536110162
9.82899896911e-05 -0.000111362371432 0.0110037387047
0.000175381630273 -0.000126846256848 0.0112539285051
0.00024820022241 -0.000132211035128 0.0115041796432
0.000309757736999 -0.000130550074903 0.011754368672
0.000362104685777 -0.000119236157966 0.0120045569267
0.000412666180087 -9.17957683302e-05 0.0122547444123
0.000464596752821 -4.47566044981e-05 0.0125049928523
0.000512689630517 1.74864786529e-05 0.0127552409089
0.000548828191273 8.53049742679e-05 0.0130054260822
0.000568578331391 0.000150025328338 0.0132555483744
0.000573545668619 0.000208885308401 0.0135056702832
0.000568848033304 0.000264921040418 0.0137556679685
0.00055736505598 0.000319297647747 0.0140056652727
0.000539603532607 0.000369630739898 0.0142556629627
0.00051727231723 0.000415960727916 0.0145055981575
0.000491559098076 0.000458044805357 0.0147555337406
0.000462505381086 0.000494509604068 0.015005469326
0.000432355897957 0.000528307186748 0.0152554060688
0.000403407554468 0.000562101031631 0.0155053431998
0.000372322017749 0.000591725037214 0.0157552186024
0.000331329961667 0.000610007561304 0.0160051557286
0.000276114738471 0.000613905021082 0.0162549686312
0.000211644002591 0.000607530835078 0.0165048436409
0.000147999761945 0.000598321262329 0.0167547186506
8.98771929333e-05 0.000588730844728 0.0170045936554
3.35832139941e-05 0.000572741672727 0.0172544690485
-2.46860661894e-05 0.000542769227095 0.0175044069367
-8.15294649941e-05 0.000498962288004 0.0177543444368
-0.000130591810735 0.000446810326544 0.0180043444344
-0.000169290449712 0.000388167412958 0.018254344432
-0.000196511305229 0.000323353760064 0.0185044073106
-0.00020934205135 0.000257175631897 0.0187545326868
-0.000205927755939 0.000194012646009 0.0190046580629
-0.00018728299649 0.000132923056736 0.0192548459391
-0.000154974243422 7.28325270159e-05 0.0195050338128
-0.000109956431103 1.63396682865e-05 0.0197552837959
-5.33764105071e-05 -3.22601151756e-05 0.0200054720555
1.36147454856e-05 -6.81160133743e-05 0.0202556599268
9.00377062351e-05 -8.67596522388e-05 0.0205057856887
0.000173150166811 -8.66761067792e-05 0.0207558489507
0.00025610725319 -7.12250120863e-05 0.0210058497151
0.000330801605288 -4.55798805995e-05 0.0212558504818
0.000394812759771 -1.02362666461e-05 0.0215057266392
0.000448369691454 3.54608621828e-05 0.0217555406824
0.000486730558522 8.42732643956e-05 0.0220053547256
0.000507728702277 0.000129687783039 0.0222551683854
0.000518736044723 0.00017839785722 0.0225049203216
0.000525551114753 0.000237994726454 0.0227546722601
0.000524654008669 0.000300852355155 0.0230043620869
0.000511379654321 0.00035312061051 0.0232540523019
0.000487300602239 0.000391808913729 0.0235038667428
0.000458249025727 0.000426587834692 0.0237536811838
0.000429043357241 0.000467665485604 0.0240034335129
0.000400067676048 0.000513240859331 0.0242531858421
0.000368003990415 0.000552145764689 0.0245029998972
0.000329846383848 0.000577993738389 0.0247528139524
0.000286206328867 0.000594598425633 0.0250026901218
0.000241722816609 0.00061062260053 0.0252525666745
0.000201936109555 0.000632466554112 0.0255024428415
0.000166670057826 0.000657901855961 0.025752319006
0.000128513679679 0.000676779990635 0.026002195173
8.1309405308e-05 0.000680528173513 0.0262521330636
2.59608644984e-05 0.000667612157422 0.0265021338376
-3.04547910108e-05 0.000643911419602 0.0267521959518
-7.97520344373e-05 0.000618936117129 0.0270021959542
-0.000122554346154 0.000589666922065 0.0272523197945
-0.000165248669573 0.000538936866696 0.0275024440181
-0.000204942274134 0.00046376809578 0.0277526299678
-0.00023086743066 0.000383908642357 0.0280028780292
-0.000237916315294 0.00031373287373 0.0282530639789
-0.00022909233783 0.00024652476543 0.0285032491569
-0.00020748153864 0.000174319616267 0.0287534339492
-0.000172107586171 0.000105388758976 0.0290036808533
-0.000122236970947 4.93527877949e-05 0.0292538656432
-6.21846128232e-05 2.68142330818e-06 0.0295040500497
1.36882629964e-06 -3.92849329746e-05 0.0297542344537
6.56549036932e-05 -7.11067909659e-05 0.0300044192436
0.000131561574647 -8.45607601437e-05 0.0302545415383
0.000198623125051 -7.72035469452e-05 0.0305047259424
0.000264545362718 -5.01587120563e-05 0.030754910344
0.00032777169305 -3.32880453163e-06 0.0310050955197
0.000386073294975 6.23912754532e-05 0.031255342419
0.000433111608995 0.000138234616811 0.0315055279804
0.000462483210094 0.000211160077642 0.0317557139276
0.000475574901348 0.000278989154825 0.0320058381488
0.00047745481459 0.000347925709162 0.0322559002582
0.000469305414876 0.000416335443062 0.0325059627534
0.000451651360002 0.000479335083762 0.0327559635226
0.000426978258814 0.000537263710226 0.0330059646776
0.000397098357617 0.000588272621322 0.0332559037231
0.000362771610769 0.000626689613486 0.0335058427687
0.000324509500007 0.000649484105074 0.0337557200907
0.000282780145423 0.000659632085248 0.034005534915
0.000238824448625 0.000665252819289 0.0342554118488
0.000193988204306 0.000671687133827 0.0345052266731
0.000147303887832 0.000675926464504 0.0347550418833
9.69061981506e-05 0.00067365367536 0.03500485671
4.40109227781e-05 0.000666377403643 0.0352546715343
-8.2292813269e-06 0.000657656747225 0.0355044242469
-5.88061829496e-05 0.000646749516494 0.035754239457
-0.000109604634107 0.000627304101 0.0360040542813
-0.000161263719103 0.000593668234822 0.0362538073796
-0.000209568433504 0.000549394840637 0.0365036222063
-0.000249387632977 0.000502687638827 0.0367534374187
-0.000279729166566 0.000453429031916 0.0370033147406
-0.000301415559716 0.00039372425945 0.0372531920649
-0.000312673553019 0.000322313130182 0.037503131501
-0.000309932209174 0.000250705843566 0.0377531330488
-0.000291506848437 0.000189744873313 0.0380031342086
-0.000258033705384 0.000138766888026 0.0382532592085
-0.000210690412176 9.41268359471e-05 0.0385033838227
-0.00015085607459 5.66768648428e-05 0.0387535705462
-8.13116867439e-05 2.71422839268e-05 0.0390037565006
-6.98693860804e-06 3.94338440263e-06 0.0392539420692
6.70374459881e-05 -1.14992568928e-05 0.0395041272497
0.000138888149767 -1.16744378272e-05 0.0397542499349
0.000208769992762 1.05111739873e-05 0.0400043718486
0.00027340564786 5.17481878302e-05 0.0402544937623
0.000326011517741 0.000100079911747 0.0405045531784
0.000363427127868 0.000148643234376 0.0407545512519
0.00038724072316 0.000198704873439 0.0410045489396
0.000398345873309 0.00024835597161 0.0412545470131
0.000397706926037 0.000294426588272 0.04150454547
0.000388497783948 0.000342373408823 0.0417544818151
0.000372510533353 0.000397209721898 0.0420044185436
0.000349254361875 0.000452827208127 0.0422543556579
0.000319067414345 0.00050065228667 0.0425043552674
0.000283715120866 0.000540074329812 0.0427542931509
0.000244973870001 0.000575230185667 0.0430042931438
0.000204186208482 0.000607517456934 0.0432542310225
0.000162329748403 0.000635065686506 0.0435042313988
0.000119762987781 0.000655622424212 0.0437542321608
7.60453144189e-05 0.000667818811994 0.044004232537
3.10421497848e-05 0.000673497410671 0.0442542329108
-1.34452265128e-05 0.000678834953461 0.0445042332846
-5.56642043394e-05 0.000687137559016 0.0447542957679
-9.76765849641e-05 0.000691595641672 0.0450042965274
-0.000142502712533 0.000682954998234 0.0452543594012
-0.000188645828787 0.000661939133335 0.0455043601632
-0.000232834761603 0.000632971793085 0.0457544230417
-0.00027418982471 0.000591280415468 0.0460044855321
-0.000311109143693 0.00053022037126 0.0462544862989
-0.000339057514171 0.000455576677007 0.0465045491799
-0.000354123953064 0.000380701091188 0.0467545495633
-0.00035537981049 0.000309126208664 0.0470045503324
-0.000342693877535 0.000233735829257 0.0472544886064
-0.000315613940874 0.000153813388593 0.0475044272686
-0.000274818589122 7.83398874391e-05 0.0477543034308
-0.000222229302691 1.55578734557e-05 0.0480041795954
-0.000160148614039 -3.00582847242e-05 0.0482540557576
-9.09008096189e-05 -5.6894474074e-05 0.048503994034
-1.70495585688e-05 -6.5441959897e-05 0.0487538701986
5.85172768026e-05 -5.61195471802e-05 0.0490038084726
0.000132479030877 -3.01286296237e-05 0.0492538092441
0.000200719158717 8.61407389977e-06 0.0495038096347
0.000259199188176 5.54031239028e-05 0.0497539346371
0.000305990638461 0.000109535914151 0.0500040592561
0.000341818461184 0.000177265525847 0.0502542459868
0.000366616837247 0.000262801331735 0.050504556553
0.000376999802283 0.00035278577228 0.0507549292334
0.00037115746769 0.000425003939303 0.051005239802
0.000352810843892 0.000477595482982 0.0512555496014
0.000326107885744 0.000527462894545 0.0515057976796
0.000292519216831 0.000578405666092 0.0517561695956
0.000254170942223 0.000616042336218 0.0520064172856
0.000214006685199 0.000633001954563 0.0522566028615
0.000172851949158 0.000639282276183 0.0525067263279
0.000130225513763 0.00064620495641 0.0527568494037
8.65698357728e-05 0.000653377866517 0.0530070349772
4.24060738405e-05 0.000656212017731 0.0532571584317
-2.30322723311e-06 0.00065475913285 0.0535072193885
-4.75040028779e-05 0.000649808357821 0.0537573424548
-9.33273736536e-05 0.00063884429674 0.0540074037951
-0.000139752767052 0.000620439951634 0.0542574030212
-0.000185664933483 0.000596836869768 0.0545074022448
-0.000229850454742 0.000568609202963 0.0547573393519
-0.000271555608128 0.000532366227129 0.055007276459
-0.00030913349882 0.000487849601493 0.0552571514495
-0.000340327251774 0.000440041163343 0.0555069639447
-0.000363748679081 0.00039131632166 0.0557567768281
-0.000378293755657 0.000340081541131 0.0560065897115
-0.000382634909596 0.000287576560911 0.0562563404854
-0.000375746508676 0.000237347117521 0.0565060912594
-0.000356331267927 0.000187971209025 0.0567557803073
-0.000322228794753 0.00013319478785 0.0570054693577
-0.000272609210757 7.18764130677e-05 0.0572550970678
-0.000210171137432 1.38163924259e-05 0.0575046626661
-0.000139291431825 -2.91762033636e-05 0.057754290762
-6.33572791255e-05 -5.48894906331e-05 0.0580039813555
1.42122843701e-05 -6.6383510812e-05 0.0582537344466
8.95816119932e-05 -6.1487569564e-05 0.0585035496495
0.000159770904796 -3.80130158077e-05 0.0587534273524
0.0002217425408 -2.01669370755e-06 0.0590033675529
0.000272915334254 4.24332220267e-05 0.0592533694794
0.000312630341326 0.000100792955063 0.0595033717941
0.000340012481356 0.000174374101948 0.0597534983324
0.000353364152531 0.000252650742523 0.0600036244849
0.000352586203117 0.000323830277246 0.0602537506375
0.000339618791659 0.000384195691094 0.0605039385161
0.000316754313825 0.000436414620751 0.0607540639019
0.000285935655457 0.000482084537832 0.0610042510113
0.000248731846061 0.000522544438748 0.0612543756255
0.00020586832094 0.000562031466048 0.0615045615799
0.000159067800353 0.000598785190996 0.061754685425
0.000111423538444 0.000626717470464 0.0620048709961
6.39506549653e-05 0.000648601242301 0.0622549940696
1.71538190535e-05 0.000668425008309 0.0625049921383
-2.68100127494e-05 0.000678324941643 0.0627549921623
-6.80955701238e-05 0.000670081352963 0.0630049921625
-0.000109565704403 0.000650726739609 0.0632556094466
-0.000152073827552 0.000633174926223 0.0635056094466
-0.000194607761808 0.00061712274182 0.0637556094467
-0.000236784259989 0.000592657675365 0.0640056094467
-0.000277840087237 0.000556632419918 0.0642556056128
-0.000316006304491 0.000511084123349 0.0645056056128
-0.000349087832181 0.000454956391619 0.064755605613
-0.000374563065292 0.000388456129256 0.0650056017551
-0.000390297335472 0.000316321299809 0.0652556017551
-0.000395242284535 0.000244766797575 0.0655055978972
-0.000389516972978 0.000179839510417 0.0657555978974
-0.000372972462875 0.000122193197219 0.0660055940155
-0.000343581495642 6.57966394776e-05 0.0662555940155
-0.0003002768897 9.69782921396e-06 0.0665055940155
-0.000245587396839 -3.78168857995e-05 0.0667555901577
-0.000182778255028 -6.95890415387e-05 0.0670055901577
-0.000113760036093 -8.4512893455e-05 0.0672562112517
-4.01658621604e-05 -8.51026161325e-05 0.0675062112517
3.51759235638e-05 -7.455773186e-05 0.0677555901336
0.00010763037587 -5.01309595123e-05 0.0680055939914
0.000172937395111 -3.03536548216e-06 0.0682555939914
0.000228677826836 6.54496751645e-05 0.0685055978253
0.000272611350056 0.000138075298561 0.0687555978253
0.000302769054314 0.0002047328755 0.0690056016831
0.000318227243023 0.000274314314654 0.069255605517
0.000318762146071 0.000349316402991 0.0695049882568
0.000306481924952 0.000414079636785 0.0697549921147
0.000284948529181 0.000461090615514 0.0700049959724
0.000255086410387 0.000501534736689 0.0702549959724
0.000216579629129 0.000543303431272 0.0705049998303
0.000171809663614 0.00058117737974 0.0707549998302
0.000124378795817 0.000609210393942 0.0710043787122
7.67142612868e-05 0.000626423305471 0.071254382594
3.08536073882e-05 0.00063181671426 0.0715043825939
-1.25021255509e-05 0.000625785676949 0.0717543825939
-5.60405204485e-05 0.00061577394916 0.0720043826178
-0.000102410319236 0.000611159248882 0.0722543826178
-0.00014948732276 0.00060969848946 0.0725043826418
-0.000193799940356 0.000598585732239 0.0727543826418
-0.000235780564361 0.000574447995237 0.0730043787839
-0.000277313537195 0.000550883461962 0.0732543787839
-0.000318408662078 0.000538559264725 0.0735037576659
-0.000357789248194 0.000528448308267 0.073753757666
-0.000393308156706 0.000502186885766 0.074003757666
-0.000422160720887 0.000453226228848 0.0742537576662
-0.000442630190036 0.000391134832065 0.0745037537843
-0.000453976280341 0.000325743044562 0.0747537537845
-0.000454350411199 0.000257688659257 0.0750037537846
-0.000442371879769 0.000188778266243 0.0752531287848
-0.000419216426423 0.000126454191756 0.0755031249269
-0.000384762000972 7.21443010562e-05 0.0757531249271
-0.000335346339541 1.89045235482e-05 0.0760031210692
-0.000269845353279 -3.51970598922e-05 0.0762524999512
-0.000194394774032 -8.01585484386e-05 0.0765024960933
-0.000117222173642 -0.000103822403646 0.0767524960693
-4.16771972853e-05 -0.000104264947461 0.0770024960693
3.22198837671e-05 -8.90605641499e-05 0.0772524960693
0.000102018233697 -6.29335638563e-05 0.0775024922115
0.000162903784374 -2.16001588936e-05 0.0777524922115
0.000211636606955 3.81787572843e-05 0.0780024922115
0.000247194271701 0.000109729454813 0.0782531133295
0.000269344946655 0.00018246649028 0.0785031133295
0.000278405442971 0.000249532902495 0.0787531094716
0.000274888917884 0.000310433311517 0.0790037305895
0.000258500495104 0.000370316979634 0.0792537305895
0.000229295094963 0.000431025872707 0.0795037305895
0.000189398450316 0.000487974229691 0.0797543517314
0.00014054397725 0.000539886363783 0.0800043555893
8.4846973845e-05 0.000585742213108 0.0802543555893
2.96190328031e-05 0.000615528117633 0.0805049767073
-1.96078928915e-05 0.000625083380337 0.0807549767073
-6.69274883404e-05 0.000626429873038 0.0810049805892
-0.000115279697559 0.000627162692761 0.0812549805892
-0.000160098594989 0.00062049707926 0.0815049805892
-0.000200011231955 0.00060334795362 0.0817549805892
-0.0002388879448 0.000582491903661 0.082004984447
-0.000277821572548 0.000560577951158 0.0822549844469
-0.000315314678169 0.000533411564459 0.0825049844469
-0.000350723106987 0.000498824365606 0.0827549883048
-0.000383209974548 0.000455835860625 0.0830049882808
-0.000411305211735 0.000403579433356 0.0832549882807
-0.000434843447637 0.000348340013358 0.0835043671626
-0.00045470098121 0.000298517507003 0.0837543710204
-0.000469464946461 0.000251803690424 0.0840043710204
-0.000474215988556 0.000197946471535 0.0842543710202
-0.000464454496702 0.000132903782172 0.0845037537361
-0.000442101747819 6.75694869894e-05 0.084753753736
-0.00041397094224 1.73932632417e-05 0.085003753736
-0.000380225673347 -1.77908781207e-05 0.0852537575938
-0.000331495830124 -5.2156134619e-05 0.0855031364758
-0.0002624692906 -9.20222090762e-05 0.0857531364758
-0.000181499004115 -0.000125950795378 0.0860025153578
-0.000102334193302 -0.000136816691942 0.086252515358
-3.06466662122e-05 -0.000118811754334 0.086502515358
3.65060711006e-05 -8.08971905866e-05 0.08675189424
0.000100351031961 -3.3897517061e-05 0.08700189424
0.000155955471507 2.17812554864e-05 0.0872518942401
0.000198407539059 8.8720835637e-05 0.0875018903822
0.000227351143283 0.00015911433373 0.0877518903824
0.000243873198409 0.000223261573269 0.0880018865245
0.000247115601417 0.000282556993976 0.0882518865245
0.000236037586731 0.000341431483306 0.0885018826668
0.000212087901081 0.000397689580564 0.0887518788329
0.000179108245955 0.000445113140202 0.089001878833
0.000140707625689 0.000480611093864 0.0892518749751
9.62646210646e-05 0.000509495370975 0.0895018711173
4.3354599764e-05 0.000537941013654 0.0897518711414
-1.45501616191e-05 0.000562205492136 0.0900018672836
-7.01447958964e-05 0.000574820858806 0.0902518672838
-0.000120200338686 0.000574781788447 0.0905018673079
-0.000165785755246 0.000565698228168 0.0907518673079
-0.000209825919823 0.00055258987521 0.0910024845682
-0.000254726410619 0.000540041029209 0.0912524845682
-0.000298690499494 0.000526906468377 0.0915024845442
-0.00033864523949 0.000508166224981 0.0917524845442
-0.000375363168684 0.000484082526887 0.0920024845442
-0.000411779414425 0.000460859624528 0.0922524845203
-0.000448353120034 0.000440565357718 0.0925024845203
-0.000481041395031 0.000413462329808 0.092752488354
-0.000504540728241 0.000368548239909 0.093002488354
-0.000517329276206 0.000308155994061 0.0932524883299
-0.000519298657182 0.000239257400742 0.0935024883298
-0.000508859823781 0.000165073110402 0.0937524921876
-0.000487046491344 9.24023999039e-05 0.0940024921875
-0.000456328270408 2.78888118644e-05 0.0942524960214
-0.000416164971187 -2.79466271854e-05 0.0945024998793
-0.000364038252305 -7.70921983615e-05 0.0947525037372
-0.000297627400955 -0.000121112664713 0.0950025037372
-0.000219765572408 -0.000156691075367 0.095252507595
-0.00013950860358 -0.000175565185322 0.0955025114529
-6.39652142249e-05 -0.000172713262269 0.0957525114529
5.77297050965e-06 -0.000150027664727 0.0960025153108
6.99557663505e-05 -0.000111963954014 0.0962525153108
0.000126233790006 -6.08870646445e-05 0.0965025114529
0.00017149928411 1.60292770737e-06 0.0967525114769
0.000203742768225 7.24369608473e-05 0.097002511477
0.000220221509351 0.000151038869976 0.0972525076192
0.000218233269843 0.00023807016354 0.0975018826433
0.000199539803511 0.000325853128023 0.0977518788094
0.000169798404389 0.000401778756106 0.0980018749515
0.000132857415589 0.000461184141756 0.0982518710936
8.97578738211e-05 0.000506520431031 0.0985018711176
4.16262697116e-05 0.000540117992079 0.0987518672597
-1.00282830741e-05 0.000563483461239 0.0990018634018
-6.33633754602e-05 0.000577570125495 0.0992518634258
-0.000115575177661 0.000582180633557 0.0995018634258
-0.000164156343982 0.000577416641983 0.0997518634258
-0.00020929219063 0.000565593507757 0.100001863426
-0.000252291179038 0.000549336901296 0.10025186345
-0.000292198916581 0.000528477187705 0.100501867308
-0.000328214358457 0.000502296764842 0.100751867308
-0.000361723724621 0.000472036311407 0.101001867308
-0.000393682170053 0.000438818476062 0.101251867308
-0.00042347584019 0.000402193299507 0.101501867308
-0.000450643527137 0.000362190112291 0.101751867308
-0.000475554545436 0.000320851566846 0.102001867308
-0.00049691803752 0.000277562706682 0.102251871166
-0.000509882338084 0.000225982265881 0.102501871166
-0.000511561142934 0.000164906216826 0.102751871166
-0.000507060986733 0.000106066625014 0.103001871166
-0.000502486700507 5.93346449433e-05 0.103251875024
-0.000493608671422 1.92057443022e-05 0.103501875024
-0.000470969090033 -2.32791383252e-05 0.103751875024
-0.000432342082187 -6.64909769666e-05 0.104001878882
-0.00037987108783 -0.000104960418032 0.104251878882
-0.000313928870911 -0.000136385167322 0.104501261597
-0.000239460109387 -0.000155954099901 0.104751261597
-0.000165792551699 -0.000156745496675 0.105001265455
-9.47218960072e-05 -0.000139135292043 0.105251265455
-2.17646666282e-05 -0.000110645366688 0.105501269313
5.12628534416e-05 -7.59196692145e-05 0.105751273171
0.000115565869909 -3.31173974584e-05 0.106001273147
0.000164584948155 1.97555671049e-05 0.106251277005
0.000197135103788 8.02200331174e-05 0.106501277004
0.000213316694465 0.000145024978551 0.106751280838
0.000212113687505 0.000213411318004 0.107001280838
0.000194062528641 0.000282903295355 0.107251280814
0.00016261047691 0.000347594977872 0.107501280814
0.00012033777125 0.000404304051915 0.10775128079
6.76214098566e-05 0.000453559616798 0.108001276932
8.31080612793e-06 0.000492451948688 0.108251276909
-4.98562045023e-05 0.000515749257097 0.108501273051
-0.000103707050415 0.000524287671188 0.108751269169
-0.000157138764737 0.000524508883063 0.109001265311
-0.000215359534773 0.000522343872186 0.109251261453
-0.000278757523438 0.0005195930179 0.109501257595
-0.000340290744679 0.000513220890472 0.109751253737
-0.000392008422329 0.000499395316269 0.110001253738
-0.000432640952305 0.000477765703735 0.110250628762
-0.00046494794913 0.000449705201613 0.110500624928
-0.000490891525599 0.000415341497037 0.110750624952
-0.000511261980801 0.000373811328786 0.111000621094
-0.000526221786181 0.000324455724257 0.111250621118
-0.000537163714977 0.000269807915978 0.111500617285
-0.000546177589028 0.000214860574071 0.111750617285
-0.000550649712651 0.000158773526983 0.112000613451
-0.000545448358359 9.79158461471e-05 0.112250613475
-0.000531098283277 3.61296503607e-05 0.112500609617
-0.000509758386713 -2.16539426132e-05 0.112749988499
-0.000479021352806 -7.57823848664e-05 0.112999988523
-0.00043735013016 -0.00012541729643 0.113249984665
-0.000385096029546 -0.000168109668443 0.113499984665
-0.000321072470367 -0.000203012708646 0.113749984665
-0.000248771488249 -0.00022666231462 0.113999984665
-0.000178895125251 -0.000232353903771 0.114249984665
-0.000117302626862 -0.000217387008404 0.114499988523
-5.83779984125e-05 -0.000186506710734 0.114749988523
3.31010140167e-06 -0.000145935904172 0.11499999238
6.18738316014e-05 -9.62307484111e-05 0.115249996238
0.000107379861293 -3.44963303377e-05 0.115500000096
0.000137539376201 3.69061023579e-05 0.11575000393
0.000154488278001 0.000111105265303 0.116000007787
0.000155610222308 0.000186616628655 0.116250011645
0.000135708043604 0.000266301910097 0.116499394361
9.66732454626e-05 0.000345595429541 0.116749394361
4.84257888034e-05 0.000412399520543 0.116999398195
-7.17220591409e-07 0.000459600136159 0.117249402052
-4.87827072707e-05 0.000488801029259 0.11749878091
-9.74739673848e-05 0.000505032385546 0.117748784744
-0.000150022280751 0.000513343529697 0.117998784744
-0.000205316740358 0.000514603418339 0.118248784744
-0.000256114005269 0.000506038529443 0.11849878472
-0.000299023545971 0.000487912064534 0.11874878472
-0.000337276730439 0.000463727232683 0.118998163602
-0.000374885842639 0.000436586561151 0.119248163602
-0.000414344381156 0.000408702709216 0.119498159768
-0.000454429592992 0.000380592931695 0.119748159768
-0.000489943743454 0.000349922067481 0.119998159768
-0.000516589416285 0.000313301028935 0.120248159792
-0.000535026400134 0.000269886545985 0.120498155934
-0.000550352786551 0.000223794934413 0.120748155934
-0.000567199080208 0.000180491159742 0.120998155959
-0.000584001481005 0.00013971683316 0.121248155959
-0.000595115195041 9.68181267202e-05 0.121498152101
-0.000597376937604 5.0184785131e-05 0.121748152077
-0.000591144850788 2.12109084464e-06 0.121998148219
-0.000576672107217 -4.4924424965e-05 0.122248148219
-0.000548982589094 -9.20421283097e-05 0.122498144362
-0.000501047542684 -0.000140317335711 0.12274814048
-0.000437689120113 -0.000183007562008 0.12299814048
-0.000371600082483 -0.000211191642321 0.12324875774
-0.000303452585074 -0.000224261395906 0.123498753858
-0.000226016455499 -0.000225537227343 0.123748753858
-0.000141215018514 -0.000214824687154 0.12399875
-5.84209075176e-05 -0.000190224846073 0.12424875
1.41889434375e-05 -0.000151299967735 0.124498746143
7.19207105626e-05 -9.91924666904e-05 0.124748125001
0.000113820913174 -3.6804428171e-05 0.124998125001
0.000141225045774 3.12336965409e-05 0.125248125001
0.000154223604092 0.000101018886267 0.125498125001
0.000148598535909 0.000172970288441 0.125748128858
0.000119860556116 0.000248725659741 0.125998128858
7.29498160031e-05 0.000321959179433 0.126248132716
2.03294256208e-05 0.000381200545157 0.126498753834
-3.20677268142e-05 0.000422806748617 0.126748757692
-8.77523775769e-05 0.000451399169068 0.126998757692
-0.00015058618856 0.000471032187291 0.127248757716
-0.000220309035386 0.000482563233145 0.127498761574
-0.000293073244801 0.000485207858976 0.127749382692
-0.000362035042786 0.000477824667651 0.127999382716
-0.000419401586611 0.000459981418551 0.128249382716
-0.000460638703249 0.000432855471513 0.128499386573
-0.000489201064411 0.000399588529351 0.128750007715
-0.000513752573866 0.000364034994865 0.129000007715
-0.000538660585207 0.000328239159004 0.129250007715
-0.000561309800038 0.000291410604567 0.129500007715
-0.000577966301062 0.000251383223351 0.129750007715
-0.000588056340403 0.00020697742956 0.130000007715
-0.000594033081117 0.000159450635332 0.130250007715
-0.000597795935115 0.000110828365458 0.130500007715
-0.000597006173552 6.05989257817e-05 0.130750007691
-0.000586711531307 6.66240061274e-06 0.131000007691
-0.000563657894751 -5.09785890169e-05 0.131250007667
-0.00052738240621 -0.000109616876741 0.131500011525
-0.000480964738588 -0.000164485592585 0.131750011525
-0.000433120983111 -0.000209150689944 0.132000011501
-0.000391921991751 -0.000239627365532 0.132250011501
-0.000352717187629 -0.000258209573897 0.132500011501
-0.000302703577698 -0.000268552256438 0.132750011477
-0.000238256731213 -0.000269721142919 0.133000011477
-0.000166953551268 -0.000258165235865 0.133250015335
-9.85045978996e-05 -0.00023144654848 0.133500015311
-4.08668232522e-05 -0.000188595847251 0.133750015311
4.32928196443e-06 -0.000130953142238 0.133999394193
4.33804064346e-05 -6.37625111264e-05 0.134249394193
7.91709131043e-05 6.49551252987e-06 0.134499394193
0.00010370822113 7.76658085551e-05 0.134749394193
0.000109353555142 0.00014977169028 0.134998773075
9.82573157923e-05 0.000219041430343 0.135248773075
7.49383771042e-05 0.000280918495497 0.135498769217
4.03232085197e-05 0.000333958580484 0.135748148099
-5.36217502942e-06 0.000377913803698 0.135998144241
-6.1723604931e-05 0.000412765224073 0.136247523123
-0.000125448662569 0.000437216836976 0.136497523147
-0.000187704308523 0.000448420757745 0.136746898171
-0.000243928736671 0.000446835610751 0.136996898195
-0.000299242096411 0.00043644145834 0.137246894337
-0.00035479806192 0.000419020499042 0.137496273243
-0.000402290392884 0.000393969483185 0.137746273243
-0.000439146303451 0.000362527360842 0.137996273267
-0.00047333713904 0.000327620639463 0.138246273268
-0.000509850585631 0.000291321002042 0.138496273268
-0.000545258150547 0.00025410450098 0.138746273268
-0.000575033331471 0.000215763731878 0.13899565215
-0.000599135846573 0.000176486970411 0.13924565215
-0.00062040622674 0.000137290193555 0.13949565215
-0.000639513527509 9.83985493724e-05 0.13974565215
-0.00065170503399 5.71979580223e-05 0.139995652126
-0.000649207986802 9.50621313213e-06 0.140245655984
-0.000630298592059 -4.43983325997e-05 0.140496277078
-0.000603541057177 -9.79630392413e-05 0.140746277078
-0.000575401683276 -0.000146268775883 0.140996277078
-0.000539912393301 -0.000190367608222 0.141246902053
-0.000488520105219 -0.000231032329994 0.141496905911
-0.000421683874044 -0.000264975204267 0.141747527005
-0.000346107316621 -0.000287865314769 0.141997530863
-0.000269062045294 -0.000296868084604 0.142248151981
-0.000197396403254 -0.000290631680204 0.142498776957
-0.000131930945184 -0.000269544039651 0.142748780815
-6.70700574171e-05 -0.000235161197397 0.142999401933
-3.92290691766e-06 -0.000188962291965 0.143249405791
4.79313128858e-05 -0.000132146938212 0.143499405791
8.23761498782e-05 -6.63729608966e-05 0.143750030767
9.86866641056e-05 5.81961952683e-06 0.144000034624
9.51759628359e-05 8.2140369647e-05 0.144250034624
6.92774326553e-05 0.000160779053766 0.144500038482
2.52105107112e-05 0.000237137070076 0.144749417364
-2.60047393566e-05 0.000303436657008 0.144999417364
-7.90769568381e-05 0.000355441870836 0.145249417364
-0.000135583755713 0.000393506356043 0.145498796246
-0.00019451051975 0.000417929955291 0.145748792389
-0.000256298282195 0.00043002795744 0.145998792389
-0.000324283778842 0.000431821969608 0.146248167413
-0.000394215654656 0.000423162009111 0.146498167413
-0.00045624743607 0.000403860463466 0.146748163555
-0.000507610047118 0.000376043900739 0.146997538579
-0.000551445451065 0.000342457051502 0.147247538603
-0.000586927788524 0.00030490344342 0.147497534745
-0.000613210192204 0.00026477453421 0.147747530887
-0.000633475787139 0.000223140681902 0.147996909769
-0.000646620950319 0.000180180930929 0.148246909769
-0.000649008086546 0.00013487689073 0.148496905911
-0.000644102682001 8.67545692007e-05 0.148746905935
-0.00063948878978 3.75210232626e-05 0.148996902077
-0.000637008313736 -1.102933017e-05 0.149246902077
-0.000631464186167 -5.9368328688e-05 0.149496277125
-0.00061813416133 -0.000108349060498 0.149746277125
-0.000598711855727 -0.000156369456189 0.149996273267
-0.000578296062583 -0.000200576988112 0.150246273267
-0.000557566371401 -0.000239964846183 0.150496273291
-0.000528926523772 -0.000275598956274 0.150746269434
-0.000483523941744 -0.000307209947802 0.150996269434
-0.000424284230888 -0.000331211020987 0.151246269434
-0.000362832660901 -0.000343824962353 0.151496273292
-0.000300851051607 -0.000343783686571 0.151746273292
-0.000231128607786 -0.000330286998747 0.151996273292
-0.000157217275017 -0.000302415161523 0.152246273292
-9.40545988539e-05 -0.000260593369163 0.15249627715
-4.9911135396e-05 -0.000206117492506 0.15274627715
-1.9875047863e-05 -0.000140649778959 0.152996280984
3.32103724208e-06 -6.74832136471e-05 0.153246280984
1.96584375657e-05 8.72149258947e-06 0.153496284841
2.47199769104e-05 8.36860283989e-05 0.153746284841
1.6864890013e-05 0.000153816623457 0.153996288699
-3.23007772471e-06 0.000216255656674 0.154246288699
-3.81172189517e-05 0.00027017117766 0.154495667557
-9.11656819306e-05 0.000315618136682 0.154745671415
-0.000156718544748 0.000350223602266 0.154995671415
-0.000222442320157 0.000370887801403 0.155245671391
-0.000283412608422 0.00037782998902 0.155495671391
-0.000343278116109 0.000373290213918 0.155745675249
-0.00040516094277 0.000358765234232 0.155995675225
-0.00046963393261 0.00033510794082 0.156245675225
-0.000532740463324 0.000303320984 0.156495679083
-0.000584490434468 0.000265549884069 0.156745679059
-0.000618486435028 0.000224678248022 0.156995679059
-0.000639906580196 0.000182367593253 0.157245679059
-0.000657279729423 0.000139006750081 0.157496300177
-0.000671568108601 9.52427714194e-05 0.157746300177
-0.000679279080203 5.14741734477e-05 0.157996300177
-0.000680641363561 7.40998818429e-06 0.158246300177
-0.000678806621143 -3.70317873127e-05 0.158496300177
-0.000673128157773 -8.18423899217e-05 0.158746300177
-0.000658960555294 -0.000127672962381 0.158996300177
-0.000636762265601 -0.00017387554884 0.159246300177
-0.000612795268785 -0.000218139001166 0.159496296319
-0.000585858330452 -0.000259608407622 0.159746296343
-0.000547789650518 -0.000298191947072 0.159996296343
-0.000497815852444 -0.000331695118276 0.160246296343
-0.000438790983329 -0.000357414922635 0.160496296367
-0.000367398408581 -0.000372964499088 0.160746292509
-0.000283724071869 -0.000375611122626 0.160996292509
-0.00020082245547 -0.000364256998788 0.161246288675
-0.000134716180861 -0.000340555393497 0.161496288675
-8.85834154337e-05 -0.000305961345514 0.161746284817
-5.11775837344e-05 -0.000259399118856 0.161995663723
-1.2636964461e-05 -0.000200141647216 0.162245659865
2.14117809926e-05 -0.000131221663101 0.162495659865
3.69293007066e-05 -5.71106941447e-05 0.162745656031
2.93443698e-05 1.93804855263e-05 0.162995656031
5.73974237005e-06 9.52397258455e-05 0.163245656031
-2.86622568488e-05 0.000166193959042 0.163495656031
-7.59298934478e-05 0.000228798159058 0.163746277149
-0.00013533313876 0.000280381946874 0.163996277173
-0.000197924678088 0.00031813032918 0.164246281031
-0.000257726563555 0.000341038276241 0.164496284889
-0.000317163188786 0.000350169527479 0.164746288747
-0.000377299710705 0.00034667105519 0.164996913699
-0.000435339784601 0.00033167371069 0.165246917557
-0.000486357062777 0.000307016150006 0.165496921415
-0.000524754099114 0.000275446050645 0.165746925249
-0.000554634713631 0.000238850922317 0.165996929107
-0.00058626505114 0.000196929006262 0.166246929107
-0.000618002264413 0.000150858078782 0.166497554059
-0.000640124334512 0.000104073811352 0.166747557917
-0.000651523769353 5.80834960477e-05 0.166997557917
-0.000657131972719 1.24520723658e-05 0.167247557917
-0.000657130958089 -3.26330201438e-05 0.167497557917
-0.000649246115393 -7.71317300963e-05 0.167747557917
-0.000635386624007 -0.000121654651779 0.16799755794
-0.000620773778251 -0.000166110186415 0.16824755794
-0.000609291971562 -0.000209549831147 0.168497554083
-0.000599421782059 -0.000251342980503 0.168747554107
-0.00058463865532 -0.000291478426374 0.168997554107
-0.000559018743513 -0.000329490083032 0.169247550249
-0.00051938019176 -0.000363809301965 0.169497550249
-0.000464721215492 -0.000391799503306 0.169746925297
-0.000401162407534 -0.000410895663963 0.169996925297
-0.000340401202273 -0.000420263278625 0.170246921439
-0.000281807980735 -0.000418761851293 0.170496917581
-0.000211245211442 -0.000401767048979 0.170746292581
-0.000128078368456 -0.00036651890135 0.170996288724
-5.12709962353e-05 -0.000317133907404 0.171245663748
4.47903779261e-06 -0.000259071363551 0.17149565989
3.94847498369e-05 -0.000193958209255 0.171745034914
6.03538306391e-05 -0.000121912935045 0.17199503489
7.17585675587e-05 -4.49494824161e-05 0.17224503489
7.326015799e-05 3.24765694362e-05 0.172494413772
6.02282808082e-05 0.000105539840121 0.172744413748
2.99452485943e-05 0.000170993993159 0.172994417606
-1.41496360756e-05 0.000226700718703 0.173244421464
-6.7842618987e-05 0.000270818437855 0.173494425298
-0.000131214149299 0.000302005344002 0.173744429156
-0.000203503981007 0.00031941553984 0.173994433013
-0.000279877978245 0.000322765126949 0.174244436847
-0.000356860311569 0.000312379178991 0.174495061823
-0.000433839924409 0.000288751945181 0.174745065681
-0.000507451766264 0.000253265847518 0.174995065681
-0.000568893864219 0.000209717603506 0.175245686775
-0.00061023327994 0.00016348853912 0.175495690633
-0.00063282057123 0.000117764622089 0.175745690657
-0.000644402597551 7.25478132966e-05 0.175996311775
-0.000648422307221 2.80601216201e-05 0.176246307917
-0.000645513667237 -1.51342663002e-05 0.176496307917
-0.000641654891134 -5.88443029774e-05 0.176746307941
-0.000640706009854 -0.000103643034586 0.176996925201
-0.000635316985492 -0.000146922620952 0.177246925225
-0.000618054220194 -0.000187735527702 0.177496925225
-0.00059342620183 -0.000227837621158 0.177746921367
-0.000568246269172 -0.000267762205162 0.177996921391
-0.000539423256116 -0.000306366090859 0.178246921391
-0.00050014059537 -0.000342047683127 0.178496917533
-0.000449299256092 -0.000373123938896 0.178746917557
-0.0003905520601 -0.000397863170488 0.178997534817
-0.000329070280575 -0.00041504212002 0.179247534817
-0.000269392334466 -0.000424051936276 0.179497534817
-0.000211393573819 -0.000423702993768 0.179747534841
-0.000151038155401 -0.000411273309046 0.179997530984
-8.75538269085e-05 -0.000384525752128 0.180247530984
-2.77228072647e-05 -0.000344621882537 0.180497527126
1.74928537635e-05 -0.000296098142413 0.180748148244
4.11391904269e-05 -0.000242806915426 0.18099814441
4.70061192848e-05 -0.000183548636579 0.181248140552
4.51448352756e-05 -0.000114938572535 0.18149876167
3.91653374179e-05 -3.89223665079e-05 0.18174876167
2.23580834622e-05 3.69182336174e-05 0.18199937893
-1.13762310677e-05 0.0001061720942 0.18224937893
-5.83143750926e-05 0.000166091172069 0.182500000024
-0.000112370878711 0.000214573060813 0.182749996166
-0.000173962777271 0.000249099248285 0.182999996166
-0.000241416806547 0.000268604377473 0.183249996166
-0.000305140105762 0.000274375290621 0.183499996166
-0.00035996034616 0.00026833265701 0.183749996142
-0.000409425915472 0.000251271306713 0.184
-0.000454018866229 0.000224621825857 0.18425
-0.000487174136981 0.000192425143196 0.1845