1480
-0.000378571906291 -0.000517220528943 -0.185
-0.0003341712713 -0.000528660094563 -0.18475
-0.000290432929887 -0.000544347457015 -0.1845
-0.000247026935103 -0.000561399605248 -0.18425
-0.000201033129228 -0.000573889948312 -0.184
-0.000151402547753 -0.000579719666307 -0.183750003882
-0.000100592288902 -0.000580927876923 -0.183500003882
-5.25243906583e-05 -0.000581057973637 -0.183250003882
-8.29670485207e-06 -0.000580365911057 -0.182999382788
3.58956653061e-05 -0.000572219962384 -0.182749382788
8.28288690359e-05 -0.000549200065777 -0.18249938667
0.000129403425832 -0.000511235670931 -0.18224938667
0.000169305026663 -0.000465013550168 -0.181999386694
0.00019707380411 -0.000419340957359 -0.181749382837
0.000211495212711 -0.000376196803632 -0.181499378979
0.000215426404379 -0.00032535825004 -0.181249375145
0.00021040632749 -0.000256967929236 -0.180999367429
0.000194419456989 -0.000175007947413 -0.18074935969
0.00016518389822 -9.18345234713e-05 -0.180499355832
0.000122427257327 -1.79756671126e-05 -0.180249348116
6.6341156724e-05 3.78259675883e-05 -0.179999344258
-2.92360625494e-06 6.9790139925e-05 -0.1797493404
-8.13677721265e-05 8.13928015196e-05 -0.179499336542
-0.000160039504852 8.19984714083e-05 -0.179249332684
-0.000230726048753 7.73695250838e-05 -0.178999332684
-0.000290395469098 6.71705844069e-05 -0.17874933266
-0.000341799914743 4.56531092982e-05 -0.178499953778
-0.000389674013353 5.10979521672e-06 -0.178249953754
-0.000433043580277 -5.40545685272e-05 -0.177999957612
-0.000465195224015 -0.000120536768394 -0.177750578706
-0.000482008678282 -0.000183545854076 -0.177500582564
-0.000485506174707 -0.000241831609772 -0.177250586398
-0.000479728338895 -0.000300179029727 -0.177001211373
-0.00046706261011 -0.000361801367819 -0.176751215207
-0.00044830534361 -0.000425654496461 -0.176501219065
-0.000423361747235 -0.000484936496656 -0.176251840159
-0.000392210514967 -0.000530888445417 -0.176001844017
-0.000356452519092 -0.000563616039901 -0.175751844017
-0.000318559087421 -0.000590539683399 -0.175501844017
-0.000279904803576 -0.000614917995045 -0.175251844017
-0.000240406310881 -0.000635757818247 -0.175001844041
-0.000200119067017 -0.000653403439944 -0.174752465159
-0.000159493041781 -0.000669108758077 -0.174502465183
-0.000117073080799 -0.000680050895218 -0.174252465183
-6.80167932995e-05 -0.000677328690039 -0.174002465206
-9.7188816435e-06 -0.000654353474674 -0.173751844088
5.17921758147e-05 -0.000617386587062 -0.173501844089
0.000107060985889 -0.000579855730169 -0.173251844089
0.000153027905945 -0.00054589534686 -0.173001844113
0.000192259905382 -0.0005076857765 -0.172751844113
0.000225557418363 -0.000458465948835 -0.172501844113
0.000250691975128 -0.000397992535358 -0.172251219137
0.000264995107546 -0.000328627089495 -0.172001219137
0.000266070948228 -0.000255627414901 -0.171751219137
0.000252185977855 -0.00018706769459 -0.171501215279
0.000223024621151 -0.000128129243072 -0.171250594161
0.000179601403424 -7.76817225617e-05 -0.171000594161
0.000123673528968 -3.40818605351e-05 -0.170750594137
5.70729248479e-05 -8.56044274221e-07 -0.170500594137
-1.72246796494e-05 1.99497674409e-05 -0.170250590279
-9.38820594767e-05 3.12318510166e-05 -0.170000590279
-0.000168895148539 3.08016877191e-05 -0.169750590279
-0.000241522649557 1.19390196738e-05 -0.169501211397
-0.000308532566002 -2.34479387553e-05 -0.169251211397
-0.000365205569785 -6.88148537946e-05 -0.169001211374
-0.000411110087786 -0.000125042450094 -0.168751211374
-0.000446055198116 -0.000192351240532 -0.168501211374
-0.000466940402108 -0.000261786789316 -0.168251832492
-0.000472500794381 -0.000324243963687 -0.168001832492
-0.000464899677267 -0.000377109400842 -0.167751828658
-0.000447323445073 -0.000421677808804 -0.167501828658
-0.000422603248561 -0.000461303419966 -0.167251828658
-0.000392755497041 -0.000499941024649 -0.167001828658
-0.00035868159493 -0.000536436475725 -0.166751828658
-0.000320846804707 -0.000564549605905 -0.166501828682
-0.00028014523487 -0.00058466564572 -0.166251824824
-0.000238098583784 -0.000605867111702 -0.166001824824
-0.000196347684732 -0.000631575930568 -0.165751824824
-0.000154916994508 -0.000654589443142 -0.165501824824
-0.000112510463053 -0.000669074800949 -0.165251203706
-6.91038777567e-05 -0.000677343075932 -0.165001203705
-2.51367429197e-05 -0.000681367323081 -0.164751203682
1.99723248722e-05 -0.000679253559365 -0.164501203681
6.49099986635e-05 -0.000673115441367 -0.164251203681
0.000108367385267 -0.000664227084278 -0.164001203681
0.000152238940606 -0.000643413473471 -0.163751203657
0.000196403972969 -0.000602840676701 -0.163501207515
0.000236414548195 -0.00054620314054 -0.163251207515
0.000267725014928 -0.000481037796793 -0.163001207491
0.00028738256522 -0.000414047570873 -0.162751207491
0.000294046283185 -0.000347853856827 -0.162501211349
0.000287224730666 -0.000276465639751 -0.162251211349
0.000266145817823 -0.00019410260076 -0.162001215207
0.000230732547665 -0.00010875880958 -0.161751215207
0.00018254893298 -3.71379325409e-05 -0.161501219065
0.000123652665369 1.19291378556e-05 -0.161251219065
5.61208050297e-05 4.05970481952e-05 -0.161001222923
-1.7230795672e-05 5.29487263313e-05 -0.160751222923
-9.26275355363e-05 5.15289595566e-05 -0.160500605663
-0.000165460375706 3.94444656787e-05 -0.160250605663
-0.000231547945657 1.85446215973e-05 -0.160000605663
-0.00028885096893 -1.30371863613e-05 -0.159749984545
-0.000336917756815 -5.82896378018e-05 -0.159499980687
-0.000374873002318 -0.000116879455755 -0.159249355735
-0.000400837876175 -0.000183458802584 -0.158999355735
-0.000413573225987 -0.000251903214878 -0.158748730759
-0.000413582998401 -0.0003198900021 -0.158498726901
-0.000402104230325 -0.000387028167769 -0.158248101925
-0.000380516083662 -0.000453201804211 -0.157998101925
-0.00035020934425 -0.000516954608006 -0.157747476949
-0.000313116130558 -0.000572593130427 -0.157497476949
-0.000271865440148 -0.000615201219662 -0.157247476949
-0.000228802349088 -0.000645029935712 -0.156996851974
-0.00018524833735 -0.000665269879331 -0.156746851974
-0.000141852093969 -0.00067987648306 -0.156496848116
-9.89270501181e-05 -0.000689888266806 -0.156246848116
-5.60932107016e-05 -0.000692290906016 -0.155996848116
-1.18669088897e-05 -0.000683540937054 -0.155747469234
3.51875892345e-05 -0.00066275426073 -0.155497469234
8.44548182417e-05 -0.000634464146036 -0.155247469234
0.000133404050974 -0.000604984957221 -0.154997469258
0.000180283923299 -0.000574843902301 -0.154748090376
0.000224439351406 -0.000540305935967 -0.154498090376
0.0002650824141 -0.000497000435806 -0.154248090376
0.000300584593132 -0.000441690666006 -0.153998711518
0.000328143718251 -0.000378969110467 -0.153748711518
0.000345655506501 -0.000320136677993 -0.153499336493
0.000352910181554 -0.000270860766186 -0.153249336493
0.000349547342428 -0.000224262695938 -0.152999336493
0.000333482371707 -0.000170121595138 -0.152749340375
0.000303164924635 -0.000109855065662 -0.152499965351
0.000259446020865 -5.46599809281e-05 -0.152249965351
0.000203957012045 -1.13641337442e-05 -0.151999969209
0.00013814093585 2.10689635223e-05 -0.151749973067
6.46379380284e-05 4.42426052942e-05 -0.151499976924
-1.24937247724e-05 5.53718808901e-05 -0.151249976924
-8.91889651728e-05 4.9802044577e-05 -0.150999980782
-0.000162025641449 2.62604385899e-05 -0.150749980782
-0.000227666511982 -1.2441451025e-05 -0.150499984616
-0.00028332526342 -6.42685428523e-05 -0.150249984616
-0.000327028436136 -0.00012801018522 -0.149999984616
-0.000356768671289 -0.000196359153842 -0.149749984592
-0.000371412265689 -0.000257336745596 -0.149499984592
-0.000372404216541 -0.000304274616982 -0.14924998071
-0.000362759254585 -0.000342337390274 -0.148999980687
-0.000344228658731 -0.000384244325309 -0.148749980663
-0.000316711681182 -0.000435390769391 -0.148500601757
-0.000280746034211 -0.000489724638172 -0.148250601757
-0.000238327178592 -0.00054012380354 -0.148000597875
-0.000191990567669 -0.000582551929308 -0.147750597851
-0.00014444856221 -0.000613773598482 -0.147501218945
-9.77371351026e-05 -0.000632141405905 -0.147251218945
-5.20223312544e-05 -0.000641012677731 -0.147001218945
-6.33867188766e-06 -0.000648129301105 -0.146751218945
3.90003244776e-05 -0.000656382814603 -0.146501218945
8.31781787902e-05 -0.000658586128172 -0.146251218969
0.000126958187894 -0.00064791554485 -0.146001218969
0.000171031463176 -0.000629414985031 -0.145751218993
0.000214330494022 -0.000613459383962 -0.145501219041
0.00025606445491 -0.000599456688881 -0.145251219065
0.000296249138424 -0.000574476208249 -0.145001219089
0.000333406791651 -0.00053058796224 -0.144751219113
0.000364556703417 -0.000472866201807 -0.144500598043
0.000387060122384 -0.000406521888103 -0.144250598067
0.000398698214205 -0.000333699125415 -0.144000598067
0.00039851935226 -0.000261547564161 -0.143749976973
0.000386175359105 -0.000193938809906 -0.143499976997
0.000359806925102 -0.0001258353499 -0.143249355879
0.000318571428754 -5.70478441917e-05 -0.142999355903
0.000265092997605 3.68565284779e-06 -0.142749355903
0.000202702738528 4.97195365801e-05 -0.142499352045
0.00013406296111 7.8634860803e-05 -0.142248730927
6.19701847053e-05 8.79781443274e-05 -0.141998730927
-1.13937328553e-05 7.87510206976e-05 -0.141748727093
-8.37507451429e-05 5.69824041411e-05 -0.141498727093
-0.000151306445396 2.44680902411e-05 -0.141248727093
-0.000210477299458 -2.31580224343e-05 -0.140998723235
-0.000258860029071 -8.4845079334e-05 -0.140748723235
-0.000294511565132 -0.000154310541247 -0.140498723235
-0.000316077320018 -0.000230534106255 -0.140248723211
-0.000322754126691 -0.000313241279391 -0.139998723211
-0.000314771775947 -0.000395621675573 -0.139748102069
-0.000293933772437 -0.00046939734999 -0.139498105903
-0.000263646724165 -0.000527599921433 -0.139248105879
-0.000228214223311 -0.000565708673954 -0.138997488595
-0.000189729078439 -0.000589342957503 -0.138747488571
-0.000146935838814 -0.000610221341607 -0.138497492405
-0.000100404174783 -0.00063000377794 -0.138246875145
-5.32227462597e-05 -0.000643282889085 -0.137996875121
-6.68327901088e-06 -0.000649849726679 -0.137746878978
3.85712072851e-05 -0.000650059675214 -0.137496257836
8.14302713239e-05 -0.000640944743567 -0.137246261694
0.000123073232265 -0.000624474679314 -0.136996261694
0.000165317862219 -0.000607496611154 -0.136746265552
0.000207484677808 -0.000589604367947 -0.136496265576
0.000248154037856 -0.000562767186937 -0.136246269434
0.000287024640656 -0.000527478490109 -0.135996269434
0.000324023616519 -0.000494700551753 -0.135746269434
0.000358554367831 -0.000467061359318 -0.135496273316
0.000388769944119 -0.000432996562272 -0.135246273316
0.000411458217212 -0.000382351815089 -0.134996273316
0.00042406616692 -0.00031813683504 -0.134746894434
0.000426596182742 -0.000252350431802 -0.134496894434
0.000420584468885 -0.000194935239463 -0.134247515552
0.000405861505698 -0.000146563599622 -0.133997515552
0.00037794044615 -9.79018978956e-05 -0.133747511694
0.000331572082169 -4.10042027923e-05 -0.133498132812
0.000268902370495 1.66558210541e-05 -0.133248750072
0.00019746090955 6.06350772865e-05 -0.132998746215
0.000121996828531 8.53966752343e-05 -0.132748742357
4.50693017874e-05 9.12207576055e-05 -0.132499355759
-3.03128040412e-05 7.81950592227e-05 -0.132249351901
-0.000101778592335 4.98662257198e-05 -0.131999351901
-0.000166622511521 1.15278004744e-05 -0.131749348043
-0.00022103570788 -3.75046367004e-05 -0.131498726949
-0.000262293945421 -9.83245327633e-05 -0.131248723092
-0.000290212153059 -0.000160759637215 -0.130998723092
-0.000305971973819 -0.000213254806903 -0.130748101998
-0.000309602056462 -0.000260659529712 -0.130498101998
-0.000299094169842 -0.000316473085645 -0.130248102022
-0.000273533247792 -0.000382441959305 -0.129997484762
-0.000235803049732 -0.000447334743044 -0.129747484786
-0.000190260910479 -0.000501948060856 -0.129497488644
-0.000139584615852 -0.000545437725918 -0.129247488667
-8.61517411015e-05 -0.000578125570635 -0.128997492525
-3.32695309809e-05 -0.000598475708125 -0.128747492549
1.73192305138e-05 -0.000607636709587 -0.128497492549
6.61081117663e-05 -0.000609685887999 -0.128247496407
0.000114129180569 -0.000608604536851 -0.127997496407
0.000161091456407 -0.000605509766061 -0.127747496407
0.000205113839994 -0.000597005856474 -0.127497500241
0.000245560454977 -0.000579928273662 -0.127247500217
0.000283924109462 -0.000555752701839 -0.126997500217
0.000320912081399 -0.000525745747502 -0.126747500193
0.000355783553707 -0.000488082710138 -0.126497500168
0.000387633195293 -0.000443210802983 -0.12624750012
0.000415806150593 -0.00039483047321 -0.125998125072
0.000439200802236 -0.000344730394493 -0.125748125048
0.000455631282683 -0.000290557129188 -0.125498125024
0.000461705628264 -0.00022832862578 -0.125248125024
0.000454121129104 -0.000156930118573 -0.124998125
0.000432246337512 -8.19599599555e-05 -0.124748125
0.000399370503536 -1.41716503975e-05 -0.124498125
0.00035936844632 3.87208422611e-05 -0.124248125
0.00031162818521 7.84520035125e-05 -0.123998125
0.000253526581771 0.000109497177405 -0.123748125024
0.000187270858297 0.000129021392555 -0.123498125024
0.000117252676101 0.000132168187753 -0.123248125024
4.45613722424e-05 0.000121138174463 -0.122998125024
-2.9350409504e-05 0.000100486067312 -0.122748125024
-9.93329351026e-05 6.98417806204e-05 -0.122498125024
-0.00015967101914 2.5762104218e-05 -0.122248746166
-0.000206596593889 -3.39603636456e-05 -0.121998746166
-0.000237957940399 -0.000109032750723 -0.12174874619
-0.000253219465658 -0.000194035052843 -0.121498746215
-0.000254365804743 -0.000276116838541 -0.12124875012
-0.000244243212099 -0.000345210087753 -0.120999371263
-0.000223007686344 -0.000404580564892 -0.120749371311
-0.000189506712861 -0.000460948824634 -0.120499371335
-0.000144794896071 -0.000514130809955 -0.120249371383
-9.29169218974e-05 -0.000558771640535 -0.119999371407
-4.05264354691e-05 -0.000587480970541 -0.119749371431
7.23529091592e-06 -0.000597784069022 -0.119499371455
5.10047225342e-05 -0.000595431063443 -0.119249371479
9.41603196732e-05 -0.0005877386848 -0.118999371479
0.000138743457448 -0.000578671892041 -0.118749371479
0.00018413924848 -0.000568389066959 -0.118499371455
0.000227897942226 -0.000554261932043 -0.118249371455
0.000269380235879 -0.000535670682985 -0.117999371431
0.000310750357504 -0.000517178262925 -0.117749371383
0.000352120297431 -0.000500716946009 -0.117499371335
0.00039041221286 -0.000479838327146 -0.117249371311
0.00042444057777 -0.000450636252744 -0.116999371263
0.000455270652963 -0.000416539427139 -0.116749367381
0.00048116711743 -0.000375197321083 -0.116499367357
0.000497723850137 -0.000319892821391 -0.116249367333
0.000503815878669 -0.000254816937511 -0.115999367309
0.00050203006657 -0.000191114910607 -0.115748746191
0.00049353924831 -0.000133718641724 -0.115498750024
0.000475806617474 -8.02373966006e-05 -0.115248750024
0.000443487296862 -2.55812837459e-05 -0.114998750048
0.000394332102841 2.95445224336e-05 -0.114748750048
0.000332733752077 7.70998537149e-05 -0.114498750048
0.00026170070869 0.000113329249158 -0.114248128954
0.000183209505677 0.000137534329916 -0.113998128954
0.00010444563341 0.000144119617894 -0.113748128954
3.0002928316e-05 0.000131149048648 -0.113498128978
-4.09242038652e-05 0.000104568311033 -0.113248128978
-0.000106314874492 6.83537856593e-05 -0.11299813286
-0.0001610363118 2.12736670823e-05 -0.11274813286
-0.000201213488143 -3.81732315662e-05 -0.11249813286
-0.000225168204029 -0.000108895001218 -0.112248132884
-0.00023293772307 -0.00018648809452 -0.111998132884
-0.00022545736065 -0.000265224748875 -0.111748132884
-0.000203907624708 -0.000340580589203 -0.111498132884
-0.000169648363302 -0.000409825201303 -0.111248132884
-0.000124196900511 -0.00047153175301 -0.110998132884
-7.02038153229e-05 -0.000523558196202 -0.11074813286
-1.15882896446e-05 -0.000563247865244 -0.11049813286
4.76100876466e-05 -0.000589186855959 -0.110248132836
0.000103827998745 -0.000601278762024 -0.109998132836
0.000155797206205 -0.000601950192083 -0.109748132812
0.000204061215533 -0.000594637703873 -0.109498132789
0.000249037114359 -0.00058157603304 -0.109248132789
0.000292435662784 -0.000565675671322 -0.108998128907
0.000334879589126 -0.000548520237801 -0.108748128907
0.00037218929688 -0.000525467284576 -0.108498128907
0.00040177564173 -0.000491332793847 -0.108248128931
0.000427844362298 -0.00044997486398 -0.107998128931
0.000454224138996 -0.000408016541328 -0.107748128931
0.00047873945175 -0.000363905944201 -0.107498128955
0.000497787631532 -0.000313254338003 -0.107248125097
0.000510621448891 -0.000257582952821 -0.106998125121
0.000517304262897 -0.00020025427434 -0.106748125145
0.000515435982218 -0.000140461866997 -0.106498125145
0.000502370006894 -7.76900544434e-05 -0.106248125169
0.000479828390995 -1.77202090447e-05 -0.105998125169
0.000451142657712 3.3354086448e-05 -0.105747504075
0.000415546426916 7.55031969621e-05 -0.105497500217
0.000371236079383 0.000109447142323 -0.105247500241
0.000319134939728 0.000133044352145 -0.104997500241
0.000259722093889 0.000145105620778 -0.10474750024
0.000193348038452 0.000145337737081 -0.10449750024
0.000122514243466 0.000132896733106 -0.10424750024
4.95263735548e-05 0.000108991702666 -0.103997504098
-2.10314437083e-05 7.43969244965e-05 -0.103747504098
-8.07488788678e-05 2.57450433523e-05 -0.103497504098
-0.000124533891355 -3.8348815822e-05 -0.103247507956
-0.000152707649622 -0.000112738970076 -0.10299812905
-0.000165907650844 -0.000191289806306 -0.10274812905
-0.000164247561709 -0.000269395619763 -0.102498129026
-0.000150153025826 -0.000340686910696 -0.102248750144
-0.000127652722521 -0.000399027098065 -0.10199875012
-9.90462827028e-05 -0.000443490112569 -0.10174875012
-6.34946742134e-05 -0.000478232730966 -0.101499371214
-1.76528616748e-05 -0.000509299535638 -0.101249371214
4.07978882293e-05 -0.00053971659672 -0.10099937119
0.000107264949511 -0.000565232996769 -0.100749992308
0.000171516009475 -0.00057839665714 -0.100499992284
0.000225892476182 -0.000576133911621 -0.100249988427
0.000269927261147 -0.000561213549765 -0.0999999884267
0.000308846457358 -0.000539425375549 -0.0997499884267
0.00034824649653 -0.0005159053619 -0.0994999884268
0.000389341961373 -0.000492562085487 -0.0992499845689
0.000429823253765 -0.000468622683519 -0.0989999845931
0.000468089096278 -0.000443432546941 -0.0987499845931
0.00050476688479 -0.000418136272247 -0.0984999845932
0.000538788550591 -0.000391493516797 -0.0982499845932
0.000565634184447 -0.000356999850362 -0.0979999845932
0.000583588643613 -0.0003121783339 -0.0977499845932
0.000595126894774 -0.000261981123657 -0.0974999845934
0.00059976616548 -0.00020825909182 -0.0972499845934
0.000595132781819 -0.000151001183837 -0.0969993634753
0.000582088364128 -9.42872658704e-05 -0.0967493634753
0.000559647681029 -3.9807851003e-05 -0.0964993596175
0.000520983465722 1.58526871279e-05 -0.0962487384995
0.000460984733796 7.30756465614e-05 -0.0959987384995
0.000386080110058 0.000123443430659 -0.0957481173814
0.000310600630988 0.000155799221072 -0.0954981173814
0.000241871133653 0.000166370395408 -0.0952481173814
0.000175776729406 0.000159251421541 -0.0949974962634
0.000106798650107 0.000139655592063 -0.0947474962634
3.56310849094e-05 0.000110229551311 -0.0944974962872
-3.11978541126e-05 7.08663256758e-05 -0.0942474962872
-8.42061148013e-05 1.84250753876e-05 -0.0939974962872
-0.000115834693359 -5.10016361764e-05 -0.0937474962872
-0.000125563657978 -0.00013543598997 -0.0934974962872
-0.000118951959471 -0.000224758424185 -0.093247500145
-0.000102217646617 -0.000307104740668 -0.0929975001689
-7.93952519805e-05 -0.000375049183371 -0.0927475001689
-5.08648794346e-05 -0.000428275148432 -0.0924975040508
-1.25305160666e-05 -0.000472683597956 -0.0922475040506
3.93752465583e-05 -0.00051293842538 -0.0919975040746
0.000102234332994 -0.000546981179704 -0.0917475079325
0.000168517983058 -0.000569788009525 -0.0914975079563
0.000232678261697 -0.000579756295729 -0.0912475118381
0.000292159483391 -0.000578191947794 -0.0909975118381
0.000342044883148 -0.000564988470141 -0.0907475118381
0.0003793517666 -0.000540956203307 -0.090497511838
0.000411090659885 -0.000511491732665 -0.090247511838
0.000446425802696 -0.000482360826595 -0.089997511838
0.000484413300328 -0.000453936693775 -0.0897481368138
0.000517639332617 -0.0004223544632 -0.0894981367899
0.000542711491951 -0.000384812705967 -0.0892481367899
0.000562246885334 -0.000342395991007 -0.0889981367659
0.000580712859202 -0.000299089833587 -0.0887481367659
0.000599244636985 -0.000257035456502 -0.088498136742
0.000612784828814 -0.000212171933027 -0.0882481367421
0.000614529298343 -0.00015890759285 -0.0879981367181
0.000603652352015 -9.89550861963e-05 -0.0877481367183
0.000587735575988 -4.20874010327e-05 -0.0874981366943
0.000575785969738 2.95584984855e-06 -0.0872481328365
0.000564513364075 3.90554688695e-05 -0.0869981328366
0.000537989934582 7.61446993514e-05 -0.0867481328366
0.000488221251647 0.000115332392398 -0.0864975078369
0.000422177037903 0.000148601669161 -0.0862475078369
0.000347082325009 0.000170185645072 -0.085997503979
0.000269028871329 0.000176761174957 -0.085747504003
0.000197621770498 0.000164584674219 -0.0854975001451
0.000135427751977 0.000133800714827 -0.0852468751692
7.70429967243e-05 8.90890830919e-05 -0.0849968751692
2.17419643749e-05 3.4657382744e-05 -0.0847468751692
-2.55281693664e-05 -2.70962274391e-05 -0.0844968713352
-6.17899386388e-05 -9.25516108442e-05 -0.0842462502172
-8.62939436052e-05 -0.000157228900856 -0.0839962502172
-9.52769098936e-05 -0.00022073592687 -0.083746254075
-8.40664221441e-05 -0.000285398009239 -0.083496254099
-5.40736083837e-05 -0.000348839320202 -0.083246254099
-1.06579769142e-05 -0.000405596007825 -0.0829962579808
4.16843997933e-05 -0.000452004241289 -0.0827462579807
9.85579845385e-05 -0.000485808587037 -0.0824962618386
0.00015858610695 -0.000507760903236 -0.0822462618386
0.000222889865314 -0.000520159570318 -0.0819962656964
0.000287528788324 -0.000522411035089 -0.0817468868384
0.000347426009647 -0.000514177923697 -0.0814968906963
0.000405097431761 -0.000498839177768 -0.0812468906961
0.000463132319357 -0.000479265523892 -0.0809968906722
0.0005149080832 -0.000454677991396 -0.0807475156481
0.000555023599611 -0.000424613687253 -0.0804975156481
0.000587856847543 -0.000391570190608 -0.0802475156241
0.000616497562872 -0.000357044730235 -0.0799975117662
0.000637737766856 -0.000318958482236 -0.0797475117423
0.000650961112303 -0.000275774366749 -0.0794975117421
0.000659873824247 -0.000229102665398 -0.0792481328601
0.000667887490756 -0.000181781624997 -0.0789981328362
0.000676042636822 -0.000135672814259 -0.0787481328362
0.000679520630229 -8.82813697316e-05 -0.0784981289783
0.000667391854161 -3.33887524022e-05 -0.0782481289783
0.000632450843182 3.04429615387e-05 -0.0779981289545
0.000579392821186 9.56711865798e-05 -0.0777481289545
0.000521039657237 0.000151704332013 -0.0774981289545
0.000467865678973 0.000192469312106 -0.0772475039786
0.000419123706983 0.000218921710084 -0.0769975039787
0.000364768479851 0.000234945354352 -0.0767475001209
0.000298996424952 0.000241289871979 -0.076497500145
0.000226960083473 0.000235270563695 -0.0762468751691
0.000158301400691 0.000214228409492 -0.0759968751692
0.000100544430054 0.000177074983117 -0.0757468751692
5.49251445966e-05 0.000124944879626 -0.0754962501935
1.89916944842e-05 6.10090208633e-05 -0.0752462501935
-5.82949364155e-06 -1.17174244725e-05 -0.0749962501935
-1.7626045726e-05 -8.96770034328e-05 -0.0747462501936
-1.80602143348e-05 -0.000167178049794 -0.0744956290756
-5.25346785794e-06 -0.000241065444465 -0.0742456290996
2.54547751726e-05 -0.000311412770351 -0.0739956290996
7.33461416948e-05 -0.000375884768912 -0.0737456290996
0.000133796514993 -0.000430407825584 -0.0734956329576
0.000199309482041 -0.000470526650994 -0.0732456329576
0.000257929190985 -0.000491609871486 -0.0729956368395
0.000303372526609 -0.000494327254311 -0.0727456368395
0.00034310858143 -0.000485684420175 -0.0724956368395
0.000387822650211 -0.00047160108423 -0.0722456406973
0.000438773356981 -0.000453032680564 -0.0719956406973
0.000488841301616 -0.000428757429614 -0.0717462618393
0.000530784631733 -0.000398512089938 -0.0714962618392
0.000563065969219 -0.000363480811412 -0.0712462618392
0.000589082933067 -0.000325332202653 -0.0709962656969
0.00061234955836 -0.000285386658356 -0.0707462656969
0.000633165093841 -0.000244197910055 -0.0704962656967
0.000650307111604 -0.000201712822922 -0.0702462656728
0.000664097124077 -0.000158198550512 -0.0699962656726
0.000674412554536 -0.00011376855544 -0.0697462656725
0.000679039556227 -6.75404269018e-05 -0.0694962656725
0.000678105259643 -2.00112620963e-05 -0.0692462656484
0.000674581768093 2.6417257906e-05 -0.0689962656484
0.000666195241995 7.19983677592e-05 -0.0687462656484
0.000644333608393 0.000119371039904 -0.0684962656484
0.000606421302698 0.000166936866954 -0.0682462656484
0.000560307929824 0.00020878331467 -0.0679962617665
0.000513175253468 0.000240841162175 -0.0677462617665
0.000464541457843 0.000262297179005 -0.0674962617667
0.000410184626936 0.000272862855058 -0.0672462617667
0.000347275138907 0.000271424306604 -0.0669962617668
0.000275739734056 0.000256651166408 -0.0667462579089
0.000197379775854 0.000228117104552 -0.0664962579089
0.000117942430591 0.000186575787192 -0.0662468790271
5.00747719923e-05 0.000133068463501 -0.0659968751692
5.8279329754e-06 6.8258660535e-05 -0.0657468751692
-1.53355143555e-05 -5.4744849224e-06 -0.0654968713114
-2.40194914422e-05 -8.18145875975e-05 -0.0652468713115
-2.67261747092e-05 -0.000153824573837 -0.0649974924295
-1.82267843428e-05 -0.000219789210417 -0.0647474885716
1.02877897201e-05 -0.00028165366953 -0.0644974885716
5.73542726758e-05 -0.000337565379787 -0.0642474885716
0.000113498270642 -0.00038246498745 -0.0639974885716
0.000176107176971 -0.000415198728986 -0.0637474885716
0.000249883309291 -0.000437661463931 -0.0634968674535
0.000333718807088 -0.000449354022588 -0.0632468674535
0.00041409798001 -0.000447383651968 -0.0629968674535
0.000473985952032 -0.000431014621437 -0.0627468674535
0.000511700114989 -0.000404274643599 -0.0624964334183
0.000542579632442 -0.000372239239681 -0.0622462478641
0.000578584783714 -0.000337261304697 -0.0619960623002
0.000618901457673 -0.000300124036498 -0.0617458767363
0.000656750658962 -0.000261707905569 -0.0614956286773
0.00068448130952 -0.000222552129107 -0.0612455052276
0.000697552541633 -0.000181987694179 -0.0609953196709
0.00069915552398 -0.000139101937162 -0.0607452583379
0.00069539416919 -9.39878025893e-05 -0.0604951345072
0.000685836965273 -4.62261296996e-05 -0.0602450731718
0.000667545629472 4.82438366257e-06 -0.0599949493436
0.000643448219375 5.70056554239e-05 -0.0597449501224
0.000616718747798 0.000107491413815 -0.0594948884036
0.00058689694415 0.000154892223498 -0.0592448891801
0.000555001187421 0.000197567593625 -0.0589948899541
0.000518933503764 0.000234944102703 -0.0587448903424
0.000471856768531 0.000267046119102 -0.0584950153425
0.000415024434433 0.000291356642222 -0.0582451407259
0.000357014911362 0.000304855245559 -0.0579952657211
0.000300356081302 0.000306358658689 -0.0577453911021
0.000241097312997 0.000295202960886 -0.0574955782044
0.000176660784929 0.000270454577177 -0.0572457656947
0.000111936632465 0.000231828137968 -0.0569960149087
5.82236464571e-05 0.000180245278841 -0.0567462020133
2.14686886727e-05 0.000117278511115 -0.0564963891155
-3.29050614863e-06 4.55146014362e-05 -0.0562465144917
-2.04673189194e-05 -3.06699325675e-05 -0.0559967012081
-2.58597161017e-05 -0.000107072012537 -0.0557468254268
-1.49565845599e-05 -0.000180663233065 -0.0554968875338
1.06522041604e-05 -0.000248153328266 -0.0552469492526
4.78758530106e-05 -0.000306476802482 -0.0549970109714
9.51198376761e-05 -0.000353822864025 -0.0547470101926
0.000150719653975 -0.000389207472295 -0.0544970711398
0.000210507727104 -0.000411735076636 -0.0542470699752
0.00026832656498 -0.000420982957699 -0.0539970688106
0.000322276446629 -0.000418269107629 -0.0537470672603
0.0003756757516 -0.000405660215247 -0.0534970036029
0.000431781864578 -0.000384494158019 -0.0532470024455
0.000491266610926 -0.000355494649818 -0.0529970012904
0.000547905158659 -0.000319754996237 -0.0527470005236
0.00059009160229 -0.000279696948449 -0.0524969376474
0.000614443450425 -0.00023773548055 -0.0522469372687
0.000629785056495 -0.000194559198744 -0.0519968747807
0.000645913858989 -0.000150321196057 -0.0517468130666
0.000665323648089 -0.000106062344481 -0.0514968130786
0.000683078057933 -6.28200931506e-05 -0.0512467513645
0.000692182406218 -2.0005446848e-05 -0.0509967517623
0.000692841716607 2.33279129974e-05 -0.0507466900483
0.000691553958299 6.64723457217e-05 -0.0504966287201
0.000687338304065 0.000109434631021 -0.0502465673871
0.000669898716804 0.000153920405214 -0.0499964443281
0.00063416742103 0.000199441491255 -0.0497463212643
0.000584687522195 0.000242564996817 -0.0494961360887
0.000525956948047 0.000279931033126 -0.0492458895704
0.000461013895349 0.000308909784233 -0.0489957051616
0.000396347625869 0.000327492228458 -0.048745458641
0.000335169438944 0.000334793035358 -0.0484952738463
0.000272939340105 0.000329815568167 -0.0482450890517
0.000205027906719 0.000310862712555 -0.0479949038713
0.000132775398655 0.000277007822699 -0.0477446565767
6.53427216688e-05 0.00022966505775 -0.0474944713938
1.36725819227e-05 0.00017186676588 -0.0472443475536
-2.00527427706e-05 0.000105881744547 -0.0469942850536
-3.91906340695e-05 3.37674536194e-05 -0.0467442225512
-4.30187246585e-05 -4.13180066466e-05 -0.0464942213891
-3.0349682133e-05 -0.00011597505208 -0.0462442819553
-4.49259468586e-06 -0.000186559685112 -0.0459943417476
3.30371273041e-05 -0.000249668931948 -0.0457444011565
8.32878820983e-05 -0.000303038443935 -0.045494460563
0.00014486820136 -0.000344871785825 -0.0452445199694
0.000217850521822 -0.000374058274252 -0.0449945793759
0.000301629434721 -0.000389660443691 -0.0447446391682
0.000386210159732 -0.000390668504404 -0.0444946993487
0.000461151092165 -0.000377952430992 -0.0442447599149
0.000526653377432 -0.000353840949574 -0.0439947587527
0.000584980399503 -0.000320539422541 -0.0437447583645
0.000630618010701 -0.000281086046613 -0.0434947587503
0.000658081267438 -0.000239264080152 -0.0432447595195
0.000673973031315 -0.000196383695954 -0.0429947606769
0.000688442833601 -0.000151676653276 -0.0427447618318
0.000700197198018 -0.000106274706679 -0.042494763375
0.000702034067421 -6.21637368021e-05 -0.0422447649181
0.000693426721793 -1.89435910608e-05 -0.0419947668471
0.00068066683455 2.49939522403e-05 -0.0417448304996
0.000668735987096 6.98712861881e-05 -0.0414948945404
0.000655788900395 0.000114853897093 -0.0412449581953
0.000637745069129 0.000159469108759 -0.0409950222337
0.000615933279943 0.00020307974325 -0.0407450858862
0.000592917833918 0.000244712931466 -0.0404951495388
0.000563963834043 0.000283716293872 -0.0402452131889
0.000522174120509 0.000318839331335 -0.0399953389509
0.000470048080763 0.000347829927942 -0.0397454650986
0.000416558677638 0.000369077839773 -0.0394955916321
0.000362642065416 0.000381363888533 -0.0392456564419
0.000301323946512 0.000382067214411 -0.0389957833612
0.000235348760628 0.000369418782326 -0.0387458477853
0.000178087037018 0.000345074504894 -0.0384959122094
0.00013179922671 0.000309384558408 -0.0382459137501
8.47150998829e-05 0.000258802831099 -0.0379958527933
3.3778519835e-05 0.000193121736923 -0.0377457293412
-8.55900562575e-06 0.00011859578999 -0.0374956051152
-3.03508118514e-05 4.17238102891e-05 -0.0372453562822
-2.91906244187e-05 -3.4088440849e-05 -0.0369951066753
-8.0961634838e-06 -0.000106532240486 -0.0367447320755
2.64805201994e-05 -0.00017299126522 -0.0364943570876
6.53948577352e-05 -0.000230413971322 -0.0362440434423
0.000106534076505 -0.000276141193721 -0.0359936672995
0.000157567335534 -0.000308885536166 -0.035743353266
0.000219833326396 -0.000328112433052 -0.0354930388491
0.000284521485956 -0.000333907922277 -0.0352427869299
0.000350135517235 -0.000326694122455 -0.0349925978916
0.000423127543758 -0.000305903707666 -0.0347424088557
0.000498373049625 -0.000272236612224 -0.0344922205891
0.000558680934997 -0.000230636582593 -0.034242156546
0.000597547892343 -0.000186164781487 -0.0339921550005
0.000626069326285 -0.000138758843197 -0.0337422776786
0.000653398748131 -8.72287831666e-05 -0.0334923390165
0.00067502746489 -3.47756425436e-05 -0.0332424632377
0.000683165665041 1.40993299637e-05 -0.0329926499566
0.000680013170864 5.95345236268e-05 -0.0327427741778
0.000676374032492 0.000104979397995 -0.032492960899
0.000674480158511 0.000150383945775 -0.0322431480084
0.000662206025788 0.000193054188287 -0.0319933351178
0.000633152593387 0.000233524209162 -0.0317435843413
0.000596987441158 0.000273815313874 -0.031493771453
0.000563559249512 0.000313855009662 -0.0312440206789
0.000531367075422 0.000352180424112 -0.0309942077954
0.00049206039414 0.000386865939812 -0.0307443949119
0.000439777474766 0.000415520680613 -0.0304946445283
0.000378034861499 0.000436220188714 -0.0302447695306
0.000314640504561 0.000448218189619 -0.0299949566447
0.000251932808481 0.00045051889648 -0.0297450199185
0.000189374736973 0.000441560225618 -0.0294950831972
0.00012937682252 0.000420721839611 -0.0292450839759
7.32384990894e-05 0.000387333380229 -0.0289950851405
1.9565106505e-05 0.000339926224967 -0.0287450241908
-2.81465988892e-05 0.000279904600867 -0.0284949015176
-6.16399009932e-05 0.000212140421068 -0.0282447784561
-7.68203845598e-05 0.000140417450087 -0.0279946550065
-7.40785948464e-05 6.69699842318e-05 -0.0277445311712
-5.44264276396e-05 -5.62763796026e-06 -0.0274944690618
-1.95245588232e-05 -7.43740526981e-05 -0.0272444065643
3.02504337685e-05 -0.000135644690678 -0.0269944057928
9.27312067409e-05 -0.00018644900677 -0.0267444046331
0.000159892213252 -0.000225127936848 -0.0264945273088
0.000228969851322 -0.00024998635001 -0.0262445882562
0.000303460144576 -0.000259453216503 -0.0259947109247
0.000377384076395 -0.000254261800677 -0.0257448957027
0.000442869615863 -0.000236779121427 -0.0254950179806
0.00050141976969 -0.000208233868247 -0.025245203142
0.000550631647342 -0.000171200604654 -0.0249953258105
0.000584574088114 -0.000130330204377 -0.0247454484743
0.00060626917431 -8.73690341952e-05 -0.0244955090286
0.00062206819938 -4.15816260041e-05 -0.0242455703546
0.000634588330162 7.03202208214e-06 -0.0239956316829
0.000642810561499 5.67586348436e-05 -0.023745693016
0.000643145506753 0.000104429307175 -0.0234956926255
0.000634865957602 0.000148947135156 -0.0232456926279
0.00062178035075 0.000192137344069 -0.0229956309068
0.000608729926744 0.000235879577532 -0.0227455695737
0.000599716853482 0.000280672427143 -0.0224955695833
0.000593164693479 0.000324848627004 -0.022245569981
0.000579440614951 0.000365670668976 -0.0219955078859
0.000549986525678 0.000401656074002 -0.021745445786
0.000506773466442 0.000432945496079 -0.0214952598483
0.000460613596086 0.000460684950131 -0.02124513602
0.000419164753869 0.000485580384002 -0.020995012575
0.00037817470467 0.000505571622129 -0.0207448891301
0.00033104463817 0.000516984123522 -0.0204947039591
0.000276971669101 0.000517008487043 -0.0202445808975
0.000214138438923 0.000501688072799 -0.019994395336
0.000142559805322 0.000467436551615 -0.0197441476602
7.15410516546e-05 0.000416528585565 -0.0194939620963
1.17564384993e-05 0.00035458451582 -0.0192437761442
-3.20944015513e-05 0.000285516857843 -0.018993652304
-5.880513344e-05 0.000211894751337 -0.0187435280755
-6.88140832532e-05 0.000135824942887 -0.0184934038471
-6.36666280391e-05 5.94601872788e-05 -0.0182433417305
-4.41657557465e-05 -1.38928499553e-05 -0.0179932792305
-8.62550366665e-06 -7.96092847664e-05 -0.0177432167281
4.4353702214e-05 -0.000133934168063 -0.0174931542258
0.000108541248722 -0.000176269024917 -0.0172431538352
0.000172557241485 -0.000207455864741 -0.0169930917162
0.000233738598326 -0.000226355168351 -0.0167430292115
0.000301164261063 -0.000229288785963 -0.016493028821
0.000381584259521 -0.000213005724471 -0.0162429667021
0.000466223017088 -0.000179398489195 -0.0159929666949
0.00053673547203 -0.000136318255437 -0.0157429670736
0.000585843651086 -9.00613975288e-05 -0.0154930295616
0.00062238144111 -3.95615238543e-05 -0.0152430299379
0.000653815324155 1.72301045495e-05 -0.0149930928118
0.000676967513483 7.6310931568e-05 -0.014743155688
0.000687022390862 0.000131565647899 -0.0144932181809
0.000683452356561 0.000179796523499 -0.0142432810596
0.000668756630222 0.000221219157481 -0.0139933439407
0.000649154447554 0.00026009120035 -0.0137434068242
0.000631054541857 0.000300707927115 -0.0134934693243
0.000613702681089 0.000341822445646 -0.0132435322077
0.000591831269804 0.00038014018492 -0.0129935947102
0.000563239759132 0.000415150253846 -0.0127436575984
0.000527313219205 0.00044699977543 -0.0124936579866
0.000480685533791 0.000474037135033 -0.012243658763
0.000423009572081 0.000494975466731 -0.011993659156
0.000362863388024 0.000511265976572 -0.0117436599348
0.000307831072461 0.00052439969512 -0.0114936603229
0.000255786111112 0.000532360986684 -0.0112435986017
0.000203672079817 0.000532374380011 -0.0109935372662
0.00015137616799 0.000522628277083 -0.0107434755449
9.70233953126e-05 0.00049965877124 -0.0104933513236
4.26108610046e-05 0.000462146619404 -0.0102432274882
-3.86986627601e-06 0.000414139967718 -0.00999304115511
-3.79568893271e-05 0.000358551771841 -0.00974285481967
-5.98349107858e-05 0.00029515390853 -0.00949273059362
-6.74018098267e-05 0.000226469312483 -0.0092425434842
-5.72915527485e-05 0.000157130641502 -0.00899241848898
-3.06636437855e-05 8.87895388384e-05 -0.00874235560318
7.92520135202e-06 2.20080321458e-05 -0.008492292334
5.61626689119e-05 -3.94156019609e-05 -0.00824229156003
0.000115238888229 -8.96530143262e-05 -0.00799241539304
0.000185419804694 -0.000124743688663 -0.00774253922845
0.000261630596241 -0.000144265433893 -0.00749278728748
0.000335799225796 -0.000149801948272 -0.0072430357299
0.000402942542509 -0.000142717014292 -0.0069932845605
0.000461077409753 -0.000124426759839 -0.00674353377449
0.000508030129897 -9.75975552459e-05 -0.00649378337666
0.000543170844241 -6.48409888214e-05 -0.00624396465443
0.000569321125871 -2.67078070482e-05 -0.00599415249152
0.000591438892606 1.86485760956e-05 -0.00574433411792
0.00061197983093 7.23455858234e-05 -0.00549452187905
0.000626428174671 0.000129436569172 -0.00524469706349
0.000629203018977 0.000182497797623 -0.00499480986607
0.000622771581939 0.00023151148869 -0.00474487274749
0.000614264317108 0.000281991159072 -0.00449492926341
0.000605766926013 0.000334352810662 -0.0042449855857
0.000592727549062 0.000382560400732 -0.00399501069754
0.000571958942158 0.000423527690989 -0.00374499225324
0.000547922473518 0.000461357314909 -0.00349495505944
0.000526763497632 0.000500045542274 -0.00324492392228
0.000506255110454 0.000537572367507 -0.00299489247626
0.000477462027529 0.000568952690691 -0.00274481728218
0.000435656056105 0.000591671229778 -0.00249467982296
0.000386149096796 0.00060762955976 -0.00224450517457
0.000336771221212 0.000619729500191 -0.00199432435479
0.000284399703976 0.000624197291767 -0.00174413092074
0.000220577881811 0.000612119607765 -0.00149388162489
0.000150974235149 0.000583301831316 -0.00124360138865
8.81475309355e-05 0.000544844385448 -0.000993345881391
3.2742998039e-05 0.000495599061151 -0.000743121199045
-1.80859719643e-05 0.000430850771181 -0.000492910637442
-5.90227297763e-05 0.000355023418444 -0.000242739403069
-8.31121061332e-05 0.00027679142217 7.37199638179e-06
-8.75689110561e-05 0.000201562765222 0.000257420630588
-7.31940373155e-05 0.000130869330396 0.00050741837217
-4.29387439523e-05 6.43921675288e-05 0.00075737931343
1.66808227697e-06 4.49788886685e-06 0.00100731708398
6.10131181916e-05 -4.41690998938e-05 0.00125724235503
0.000131554626194 -8.03608504994e-05 0.00150716141419
0.000205948447005 -0.000105131287036 0.00175709922191
0.000281640017901 -0.000116255567801 0.00200705581747
0.000360316688181 -0.000109915437068 0.00225703752805
0.000438866923929 -8.64302117931e-05 0.00250706298647
0.00050920426583 -5.05475216772e-05 0.00275711977012
0.000564464909166 -8.10812070733e-06 0.00300720174618
0.000604313337415 3.82197306334e-05 0.00325729672352
0.000634853971999 9.11370938455e-05 0.00350740462498
0.000658821907621 0.000151359950317 0.0037575375643
0.00067037517262 0.000210237548416 0.00400766406264
0.000664470140045 0.000257534868493 0.00425775287144
0.000645602355326 0.000294273318513 0.00450781008614
0.000622529646026 0.000329623307292 0.0047578605129
0.000598697751611 0.000367525651046 0.00500791063269
0.000572755357183 0.000405378034124 0.00525796079272
0.000544008289882 0.000441420321721 0.0055079922823
0.000513311283195 0.000475907205144 0.00575802334869
0.000480569738209 0.000508121965296 0.00600804168337
0.000443906232819 0.000536081904926 0.00625803528808
0.000402515859014 0.000559153670027 0.0065079728
0.00035963128917 0.000579532351929 0.00675797280713
0.000318714293217 0.000599047532299 0.00700791031667
0.000275995072341 0.000613936462316 0.00725784782386
0.000222772412322 0.000615551068525 0.00750772244528
0.00015850840609 0.00060000050571 0.00775753456672
9.61793233862e-05 0.000575510463055 0.0080072841882
4.81433585932e-05 0.000553244515642 0.00825709591911
1.18745866857e-05 0.000530856143392 0.00850690726423
-2.24237055213e-05 0.000494779428598 0.00875671822119
-5.78134599893e-05 0.000436167388273 0.00900646706636
-8.85288296503e-05 0.000358745935785 0.00925621552572
-0.00010446873975 0.000276863022769 0.0095059635993
-9.96749570951e-05 0.000201972259176 0.00975583666802
-7.80049280553e-05 0.000130991373293 0.0100057105083
-4.58463157106e-05 5.88995245514e-05 0.0102556468462
-3.07990964358e-06 -7.38566110014e-06 0.0105056452959
5.40366387807e-05 -5.73191960482e-05 0.0107557687383
0.000124914682053 -8.77189230061e-05 0.0110059554524
0.000202155882517 -0.000102286826061 0.0112561429355
0.000275038804194 -0.000106792147313 0.0115063929163
0.000336605369748 -0.000104391957213 0.0117565815568
0.00038888297611 -9.24397714327e-05 0.0120067705831
0.000439241109856 -6.43962310323e-05 0.0122568975
0.000490800960393 -1.67597152563e-05 0.0125071486429
0.000538391466713 4.60309199882e-05 0.0127573369024
0.00057398082241 0.000114276565364 0.0130074630549
0.000593208551229 0.000179265045519 0.0132575884359
0.000597701890204 0.000238249427733 0.0135076509358
0.00059255117843 0.00029430847901 0.0137576509405
0.000580627065461 0.000348632468232 0.0140076501761
0.000562457499947 0.000398841707585 0.014257649414
0.000539751968229 0.000444988980577 0.0145075861568
0.000513698956509 0.000486843984607 0.014757522902
0.000484351478457 0.000523031800844 0.0150074596472
0.000453925188922 0.000556525146507 0.0152573963948
0.000424695505414 0.000590009160959 0.0155073339117
0.000393363804142 0.000619287345883 0.0157572714285
0.000352231280945 0.000637114844127 0.0160071468311
0.000297009995353 0.00064041208655 0.0162570218432
0.000232628789006 0.000633335464275 0.0165068972387
0.000169099670355 0.000623417741032 0.01675671052
0.000111094516411 0.000613156239108 0.0170066480249
5.49760213106e-05 0.000596499080804 0.0172565237989
-2.98673499503e-06 0.000565828518991 0.0175063999588
-5.93903155473e-05 0.000521323853098 0.0177563382304
-0.000107930403632 0.000468535581684 0.0180062764996
-0.000146046653918 0.000409344791595 0.0182562772639
-0.000172630103097 0.000344082598361 0.0185062788023
-0.000184815503666 0.000277582923692 0.0187563432215
-0.000180788862797 0.000214245083584 0.0190064076408
-0.000161554492142 0.000153117058491 0.0192565345577
-0.00012867503125 9.31111165305e-05 0.0195067235888
-8.31303091314e-05 3.68160998267e-05 0.0197568508914
-2.61099951137e-05 -1.14857900968e-05 0.0200070399201
4.11841497692e-05 -4.6957649974e-05 0.0202571664489
0.000117725496614 -6.51428173735e-05 0.02050729298
0.000200757707132 -6.45516492459e-05 0.0207574187395
0.00028346907538 -4.86105099029e-05 0.0210074820015
0.00035779957718 -2.25707544336e-05 0.0212574819943
0.000421332989376 1.30494163248e-05 0.0215074819872
0.000474292358136 5.89097205198e-05 0.0217574194824
0.000512003717647 0.000107731481721 0.0220072948658
0.000532362975707 0.000152982659219 0.022257170254
0.000542686361096 0.00020142602554 0.0225070456423
0.000548707860509 0.00026070485149 0.0227568585353
0.000546974215496 0.000323164236417 0.023006609319
0.000532941178914 0.000374914843674 0.0232564226026
0.000508210481687 0.000412981279501 0.0235062362745
0.000478529125923 0.000447084714166 0.0237560495581
0.000448626002207 0.000487476460359 0.0240058636157
0.000418903660774 0.000532356070454 0.0242556772876
0.000386139819346 0.000570529968772 0.0245054913452
0.000347385534262 0.00059558894208 0.0247553050146
0.00030322337372 0.000611353934062 0.0250051190698
0.000258222324101 0.00062652584133 0.0252549952344
0.000217873638313 0.000647545172498 0.0255048713989
0.000182017753435 0.000672186872048 0.0257546850658
0.000143323361339 0.000690246519601 0.0260045608422
9.57026564126e-05 0.000693107814256 0.0262544370067
4.00683026587e-05 0.000679248854996 0.026504312783
-1.6548566984e-05 0.000654592944249 0.0267541885593
-6.60325585939e-05 0.000628713784729 0.0270041256759
-0.000108983293916 0.000598590616987 0.0272540627924
-0.000151665020655 0.00054700760653 0.0275040612492
-0.000191162559306 0.000471006932374 0.0277539983658
-0.00021683966846 0.000390408634541 0.0280040593178
-0.000223687228229 0.000319617719967 0.0282540577747
-0.00021466662909 0.00025189790329 0.028504117186
-0.000192807300739 0.000179261772055 0.0287541762139
-0.000157183110027 0.000109984296407 0.0290042356252
-0.00010712375866 5.3689167996e-05 0.0292543575341
-4.69269651554e-05 6.81566405024e-06 0.0295044790573
1.67589617921e-05 -3.53413256291e-05 0.029754601352
8.1129428762e-05 -6.73617016649e-05 0.0300047244183
0.000147015993671 -8.10168601838e-05 0.0302548482561
0.000213936217162 -7.38649496546e-05 0.0305050967034
0.000279604385584 -4.7044206651e-05 0.030755346308
0.000342461336072 -4.66424296589e-07 0.0310057209077
0.000400282567321 6.49595339499e-05 0.0312560966625
0.000446785393359 0.000140425781381 0.0315065341456
0.000475653983061 0.000212851975473 0.0317569106743
0.000488287185024 0.000280068788624 0.0320071633653
0.000489705833798 0.000348317943213 0.0322574777822
0.000481100745794 0.000415971446527 0.0325077293133
0.000463030828225 0.000478150501661 0.032757918735
0.000437980065879 0.000535211790939 0.0330080456592
0.000407769508957 0.000585317256704 0.0332581100857
0.000373195529159 0.00062280351474 0.0335081737383
0.000334789254854 0.000644631639664 0.0337581127839
0.000292997518355 0.000653795752224 0.0340079893319
0.000249006175213 0.000658413059988 0.0342578651083
0.000204128966585 0.00066383723574 0.0345076787728
0.000157418319697 0.000667059831414 0.0347575545492
0.000107036073721 0.00066373882729 0.035007306102
5.41878058347e-05 0.000655395358571 0.0352571197689
2.00285326322e-06 0.000645613328624 0.0355068717075
-4.85067728736e-05 0.000633650741119 0.0357566232626
-9.91853760691e-05 0.000613146009819 0.0360063744296
-0.000150636597821 0.00057844263686 0.0362560634871
-0.000198668131801 0.000533122736814 0.0365056908187
-0.000238204209053 0.000485421552346 0.0367553794928
-0.000268253244808 0.000435225563886 0.037005067393
-0.000289589687721 0.000374632681071 0.03725481625
-0.000300432547043 0.000302394533507 0.0375045022213
-0.000297280208613 0.000230040371575 0.0377542503067
-0.000278513465125 0.000168422009289 0.0380041226158
-0.00024476535932 0.000116869127942 0.0382540570343
-0.000197193129494 7.17268604356e-05 0.0385040527954
-0.000137179204126 3.38392730808e-05 0.0387541102825
-6.75044903061e-05 3.91532531142e-06 0.039004229879
6.91197241766e-06 -1.96517704826e-05 0.0392543506353
8.09836207265e-05 -3.54683095193e-05 0.039504472549
0.000152795451976 -3.60320408904e-05 0.039754657346
0.00022251618469 -1.42476968541e-05 0.0400048436862
0.000286886764388 2.655832057e-05 0.040255093298
0.000339185269013 7.43938951969e-05 0.0405052811814
0.000376282860281 0.00012237909056 0.0407554694529
0.000399762084879 0.000171791043316 0.0410056577245
0.000410525199666 0.000220725553075 0.0412557838818
0.000409551770666 0.00026601843996 0.0415059104226
0.000399982465398 0.000313144968722 0.0417559748515
0.000383579789462 0.00036712557223 0.0420061006207
0.000359885008834 0.000421850974432 0.0422562260017
0.000329283155506 0.00046874912292 0.0425062888852
0.000293542273008 0.000507219062588 0.0427563513781
0.000254419640522 0.000541407876561 0.0430064138709
0.000213248381031 0.000572718976776 0.0432564138638
0.000171014648998 0.000599282923653 0.0435064755803
0.000128091307145 0.000618854021439 0.0437564755707
8.40495098915e-05 0.000630059171528 0.0440064759446
3.87456907163e-05 0.000634753356819 0.0442564755444
-6.05259329201e-06 0.000639100544565 0.0445064134159
-4.86117302432e-05 0.000646431427226 0.0447564141707
-9.09566101605e-05 0.00064992480553 0.0450064149231
-0.000136057814304 0.000640302053982 0.0452563543401
-0.000182419383227 0.000618306637294 0.0455062941452
-0.000226793413172 0.000588376334478 0.0457561714528
-0.000268276026304 0.000545743800558 0.0460060491486
-0.000305231296813 0.000483768896442 0.0462558647325
-0.000333154847629 0.000408262432288 0.0465056185928
-0.000348202737697 0.000332593666474 0.0467554349508
-0.000349463913686 0.000260298832489 0.0470051895851
-0.000336769008116 0.000184260792739 0.0472549449933
-0.000309659800716 0.000103765610178 0.0475047000158
-0.000268856796518 2.77906902554e-05 0.0477543925407
-0.000216320556732 -3.5430719195e-05 0.04800420852
-0.0001543757193 -8.14364289829e-05 0.0482540237254
-8.53525656112e-05 -0.000108623386394 0.048503962771
-1.18126568846e-05 -0.000117494686883 0.0487539631567
6.33581832932e-05 -0.000108482614778 0.0490040248804
0.000136844275911 -8.28048553538e-05 0.049254210056
0.000204547265695 -4.43962629154e-05 0.0495043948507
0.000262455264079 2.01731478743e-06 0.0497547027188
0.000308641682044 5.57240660414e-05 0.0500050094295
0.000343797110102 0.000122981653737 0.0502554399805
0.000367833107542 0.000207998478637 0.0505059943668
0.000377432407453 0.000297401573055 0.0507566108698
0.000370899412045 0.000368968663916 0.0510071027634
0.00035196236678 0.000420857629769 0.0512574708263
0.000324678457614 0.000469993589146 0.0515078404372
0.000290497422927 0.000520182076644 0.0517582729315
0.00025162131265 0.000557054608883 0.0520085819738
0.000211029048165 0.000573255369552 0.0522587054522
0.000169496230238 0.000578785180217 0.052508829314
0.000126487013457 0.000584959446217 0.0527588910593
8.2445364548e-05 0.000591391748308 0.0530090152997
3.79153799802e-05 0.000593495932809 0.0532590774211
-7.1397981877e-06 0.00059132744454 0.053509077426
-5.26693165837e-05 0.000585663318585 0.0537591395402
-9.87945840021e-05 0.00057399841251 0.0540090774284
-0.00014548875842 0.0005548992857 0.0542590156976
-0.000191646525683 0.000530614430258 0.0545088922384
-0.000236055494609 0.000501724749777 0.0547587066602
-0.000277948802343 0.000464842471154 0.0550085210772
-0.000315678055647 0.000419716552002 0.0552582741491
-0.000347009694436 0.000371337902679 0.0555079651116
-0.000370563503965 0.000322088131706 0.0557576564623
-0.000385228815472 0.000270377700991 0.0560073478129
-0.000389681059252 0.000217452168019 0.0562570391684
-0.000382908696828 0.000166860348687 0.0565066680286
-0.000363607024568 0.000117186398332 0.0567563593865
-0.000329590337634 6.21827212602e-05 0.0570059886325
-0.000280021763278 7.11251299894e-07 0.0572555561573
-0.000217636377204 -5.74376530802e-05 0.0575051229106
-0.000146851919618 -0.000100470909713 0.0577548138851
-7.10613996208e-05 -0.000126188977874 0.0580045661998
6.32990462919e-06 -0.000137663493817 0.0582543185146
8.1480591606e-05 -0.000132738413132 0.0585041942837
0.000151403860778 -0.000109234073172 0.0587541321647
0.000213082953474 -7.32185399453e-05 0.0590041321623
0.000263950631729 -2.87671663276e-05 0.0592541946575
0.000303329305471 2.95737597143e-05 0.0595043188787
0.000330339929573 0.000103113182313 0.0597544434881
0.000343317777559 0.000181320283844 0.0600046302093
0.000342196032302 0.000252400270785 0.060254816933
0.000328924153661 0.000312640163788 0.0605050040424
0.000305783317313 0.000364713923261 0.0607551286591
0.000274710452601 0.000410221671323 0.0610053157757
0.000237272567512 0.000450506069321 0.0612554403948
0.000194179032623 0.000489804549416 0.0615055650186
0.000147159456968 0.000526359213775 0.0617557513661
9.93228337075e-05 0.000554087786876 0.0620058752184
5.16792609416e-05 0.000575768753436 0.0622559365731
4.72278706852e-06 0.000595392589814 0.0625062459965
-3.93664718474e-05 0.000605093921685 0.0627562459966
-8.07176902345e-05 0.000596654340072 0.0630062460207
-0.000122214193098 0.000577103540873 0.0632562460207
-0.000164746310952 0.000559349368095 0.0635062421868
-0.000207303596738 0.000543086713158 0.0637562421868
-0.00024947070532 0.000518406795504 0.0640062421868
-0.000290472763197 0.000482164943563 0.0642562421868
-0.000328547747561 0.000436403127499 0.0645062383289
-0.00036149650789 0.000380071160643 0.0647562383289
-0.00038679991308 0.000313383606046 0.0650062383289
-0.000402336126462 0.000241085414177 0.065256234471
-0.000407076733474 0.000169395784707 0.0655062306131
-0.000401161526547 0.000104360529038 0.0657562306131
-0.000384442240638 4.66355890681e-05 0.0660062267313
-0.000354870719558 -9.80339958681e-06 0.0662562267313
-0.000311373418753 -6.59022410431e-05 0.0665062228734
-0.000256511155681 -0.000113384624799 0.0667562228734
-0.000193574152583 -0.000145102454009 0.0670062228495
-0.000124477665877 -0.000159958057538 0.0672562189916
-5.08460719252e-05 -0.000160469929889 0.0675062189916
2.45050637814e-05 -0.000149845001304 0.0677562189916
9.69334770105e-05 -0.000125350718907 0.0680062189676
0.000162151606398 -7.8213409382e-05 0.0682562189675
0.000217746569174 -9.71830795337e-06 0.0685062228253
0.000261537536707 6.28776223633e-05 0.0687562266832
0.000291588444827 0.000129460927306 0.0690062305171
0.000306946012379 0.000198920519345 0.069256234375
0.00030737837987 0.000273753298396 0.0695056171149
0.000295044846589 0.000338305659773 0.0697556209727
0.000273528467698 0.00038507788294 0.0700056248306
0.000243718764768 0.000425256688911 0.0702556286885
0.000205272538714 0.00046673352809 0.0705056325464
0.000160586695867 0.000504296530508 0.0707556325462
0.000113279521467 0.000532011995994 0.0710056364041
6.57800806373e-05 0.000548904810488 0.0712556364281
2.01267567746e-05 0.000553990279839 0.0715056402859
-2.29831244918e-05 0.000547651111262 0.0717556403098
-6.62581324448e-05 0.000537334867866 0.0720056403098
-0.000112372158335 0.000532408739118 0.0722556403098
-0.000159195137605 0.000530635806401 0.0725056403337
-0.000203224801698 0.000519219065329 0.0727556364758
-0.000244886074118 0.000494786185638 0.0730056364758
-0.000286096162487 0.0004709297259 0.0732556364998
-0.000326889167155 0.000458316926406 0.0735056364998
-0.000365970087931 0.0004479231842 0.0737556364758
-0.00040115505022 0.000421389394694 0.074005636476
-0.000429627900938 0.00037217291576 0.0742550115001
-0.00044969377505 0.000309844522355 0.0745050115002
-0.000460631952766 0.000244235451463 0.0747550076184
-0.000460595832578 0.000175985486694 0.0750050076184
-0.000448208749969 0.000106904764079 0.0752543826427
-0.000424658832209 4.44325978058e-05 0.0755043787608
-0.000389826671584 -1.00025032894e-05 0.075754374903
-0.000340037501497 -6.33374459579e-05 0.0760037499272
-0.000274163129537 -0.000117500552504 0.0762537499272
-0.000198355788399 -0.000162497588243 0.0765031249513
-0.000120861976798 -0.00018618348968 0.0767531249274
-4.50346523038e-05 -0.000186639695791 0.0770031249274
2.91164973116e-05 -0.000171438711112 0.0772531210695
9.91474404603e-05 -0.000145309695808 0.0775031210695
0.000160237014086 -0.000103974046356 0.0777531210695
0.000209140810181 -4.41980704861e-05 0.0780031210455
0.000244844712332 2.73423036857e-05 0.0782531171877
0.000267133912609 0.000100059993174 0.0785037383057
0.000276333245283 0.00016709602324 0.0787537383057
0.000272955843539 0.000227953977212 0.0790037383057
0.00025669772825 0.000287782318561 0.0792543594237
0.000227612811729 0.000348422442632 0.0795043594237
0.000187834541665 0.000405291894986 0.0797543632816
0.000139098345225 0.000457116439318 0.0800049843996
8.35196881352e-05 0.000502877286894 0.0802549843996
2.8429683435e-05 0.000532572837526 0.0805056055176
-2.06311791584e-05 0.000542051521918 0.0807556055415
-6.77779867022e-05 0.000543329625264 0.0810056093993
-0.000115963682454 0.000543992348798 0.0812556093993
-0.000160609062315 0.000537270023739 0.0815056093993
-0.000200334133056 0.000520075741886 0.0817556093993
-0.000239023293007 0.000499179177231 0.0820056093993
-0.000277774743232 0.000477227225367 0.0822556132571
-0.000315080703208 0.000450029925971 0.0825056132811
-0.000350291266026 0.000415421385506 0.082755613281
-0.00038256803181 0.00037242053155 0.083005613281
-0.000410439593559 0.000320165994836 0.0832556171388
-0.000433755941755 0.000264941832893 0.0835056171388
-0.00045340999269 0.000215148661911 0.0837556171626
-0.000467984951267 0.000168480214392 0.0840049999025
-0.000472536233072 0.000114697021494 0.0842549999025
-0.000462556502276 4.97678758104e-05 0.0845049999025
-0.000439993972167 -1.54190730926e-05 0.0847550037604
-0.000411696624252 -6.54308012094e-05 0.0850043826424
-0.000377826001797 -0.000100431223428 0.0852543865002
-0.000328980690273 -0.0001345718905 0.0855043865002
-0.000259834853415 -0.000174162086355 0.0857537653822
-0.000178767232034 -0.000207782935506 0.0860037692401
-9.95628783326e-05 -0.000218337401693 0.0862537692401
-2.79056882648e-05 -0.000200027387275 0.0865031481221
3.91669540778e-05 -0.000161806314728 0.0867531481221
0.000102903090513 -0.000114495251193 0.0870031481221
0.000158369455567 -5.8508007435e-05 0.0872531442644
0.000200649947979 8.72845259362e-06 0.0875025231224
0.000229400236496 7.94072535432e-05 0.0877525192645
0.000245722545326 0.000143831767969 0.0880025154066
0.000248758124533 0.000203393552235 0.0882525153827
0.000237458098942 0.000262523762696 0.088502511525
0.000213273521572 0.000319027000358 0.0887525076431
0.000180058666385 0.000366690432134 0.0890025037852
0.000141426828291 0.000402428013134 0.0892524999274
9.67470986662e-05 0.000431549477813 0.0895024960457
4.35840192821e-05 0.000460222445304 0.0897524921878
-1.45823358692e-05 0.000484709416015 0.090002492188
-7.04305563195e-05 0.000497557209945 0.0902518672121
-0.00012072705248 0.000497766446274 0.0905018672122
-0.000166546790278 0.000488947379864 0.0907518672122
-0.000210822121299 0.000476111844713 0.0910018672124
-0.000255970463573 0.00046383929029 0.0912524844725
-0.000300190347167 0.000450986584954 0.0915024844725
-0.000340396691731 0.000432540449751 0.0917524844726
-0.000377362392955 0.000408762606331 0.0920024844966
-0.000414034990466 0.000385851336439 0.0922524883545
-0.000450878907734 0.000365874904015 0.0925024883545
-0.000483825125974 0.00033910587339 0.0927524883304
-0.000507537600728 0.0002945557357 0.0930024883304
-0.000520499610066 0.000234564800592 0.0932524921882
-0.000522621366173 0.000166105490468 0.0935024921881
-0.000512323101227 9.24049259091e-05 0.093753117164
-0.000490659491954 2.02603038961e-05 0.094003117164
-0.000460122277425 -4.36934702988e-05 0.0942531248797
-0.000420171934408 -9.89302033529e-05 0.0945037498556
-0.000368281707772 -0.000147425272308 0.0947537537134
-0.000302126699651 -0.000190734098538 0.0950037537134
-0.000224553456299 -0.000225550660577 0.0952537575714
-0.000144648931797 -0.000243645172498 0.0955043825473
-6.9541129454e-05 -0.000240020933917 0.0957543864051
-3.15342187385e-07 -0.000216571545118 0.0960043864051
6.32939020869e-05 -0.0001777526641 0.0962543864051
0.000118947317598 -0.000125940721345 0.0965043864051
0.000163542854343 -6.27493544005e-05 0.0967537614293
0.000195082347089 8.74126007531e-06 0.0970037575953
0.000210826716409 8.79417776756e-05 0.0972537537375
0.000208070844896 0.000175500252556 0.0975031287616
0.000188609547819 0.000263746083041 0.0977531249277
0.000158156718298 0.000340091827528 0.0980031172359
0.00012057950385 0.000399889571644 0.0982524922839
7.69077257692e-05 0.000445591533898 0.0985024884261
2.8259465022e-05 0.000479533479895 0.0987524845682
-2.38606351612e-05 0.000503228110953 0.0990018596163
-7.76141256577e-05 0.000517635492405 0.0992518596402
-0.000130197508319 0.000522566682783 0.0995018557824
-0.000179099744427 0.000518135490744 0.0997518596642
-0.000224517754446 0.000506656308817 0.100001859664
-0.000267769393463 0.000490748831624 0.100251859664
-0.000307898158496 0.000470248860104 0.100501859664
-0.000344099115768 0.000444442063808 0.100751859664
-0.000377764044193 0.000414561255385 0.101001863522
-0.000409852473509 0.000381723968207 0.101251863498
-0.000439747478279 0.000345482106495 0.101501863498
-0.000466987538295 0.000305866362712 0.101751863498
-0.00049195361138 0.000264917263818 0.102001867332
-0.000513348551864 0.000222028726567 0.102251867332
-0.000526288982597 0.000170883808971 0.102501867332
-0.00052788103013 0.000110294555412 0.102752492308
-0.000523287395961 5.19650543168e-05 0.103002492308
-0.000518662600857 5.7366392356e-06 0.103252496142
-0.000509747067844 -3.38727686429e-05 0.1035025
-0.000487038695181 -7.5774433457e-05 0.1037525
-0.000448318749806 -0.00011832946302 0.104002503858
-0.000395756021835 -0.000156079514917 0.104252507716
-0.00032973595193 -0.000186721580595 0.104502507716
-0.000255225358232 -0.00020546676928 0.104752511573
-0.000181589341303 -0.000205442744685 0.105002511573
-0.000110622808362 -0.000187036731172 0.105252515407
-3.78044071828e-05 -0.000157746810477 0.105501898147
3.50733040386e-05 -0.000122225026797 0.105751898147
9.92038218808e-05 -7.86737277049e-05 0.106001902005
0.000148015803036 -2.51341487234e-05 0.106251902005
0.00018033340758 3.59074655512e-05 0.106501901981
0.000196273323449 0.000101198495122 0.106751901981
0.000194821446636 0.000169974725 0.107001280863
0.000176526861241 0.000239761508829 0.107251280839
0.000144868121554 0.000304672781806 0.107501276981
0.000102439046382 0.000361539123363 0.107751276957
4.96137206417e-05 0.000410892367963 0.108001273075
-9.7422143259e-06 0.00044984288367 0.108251273075
-6.78643359825e-05 0.000473202632188 0.108501269217
-0.000121584996149 0.000481822853804 0.108751261477
-0.000174835605499 0.000482123721304 0.109001257619
-0.000232856944783 0.000480008665192 0.109251253761
-0.000296045162157 0.000477274292059 0.109501249904
-0.000357344224646 0.00047092070734 0.109751249904
-0.000408782747242 0.000457159142554 0.110001246046
-0.000449090080433 0.000435648705075 0.11025124607
-0.000481033176569 0.000407749288198 0.110501242236
-0.000506575429789 0.000373576642977 0.11075124226
-0.000526504886354 0.000332263388226 0.111001242285
-0.000540980835135 0.000283152542203 0.111251238451
-0.00055141010427 0.000228769849158 0.111501238451
-0.000559908174304 0.000174098924749 0.111751238475
-0.000563858941278 0.000118310951471 0.112001234641
-0.000558113556727 5.78009224571e-05 0.112251234666
-0.000543216732208 -3.59279321345e-06 0.112501230808
-0.000521349727822 -6.09496653274e-05 0.112751230832
-0.000490104609973 -0.000114605455845 0.113001230832
-0.000447946699763 -0.000163712430094 0.113251230832
-0.000395238213961 -0.000205826879537 0.113501230832
-0.000330798003402 -0.000240100438566 0.113751226974
-0.000258131849438 -0.000263088132883 0.114001230831
-0.000187970157367 -0.000268129186556 0.114251230831
-0.000126179992632 -0.000252546298202 0.114501230831
-6.71248401027e-05 -0.000221064253977 0.114751234665
-5.34800255637e-06 -0.000179883441161 0.115000613546
5.32648715188e-05 -0.000129578532703 0.115250617404
9.8770075414e-05 -6.72879078316e-05 0.11550061738
0.000128886891146 4.62358309426e-06 0.11575000012
0.000145773521591 7.92938015922e-05 0.116000003953
0.000146819960781 0.000155232432611 0.116250007787
0.000126816725223 0.000235288167438 0.116499386645
8.76718499407e-05 0.000314903280164 0.116749390479
3.93405916384e-05 0.000382013810281 0.116998773195
-9.83935301079e-06 0.000429529432267 0.117248777028
-5.79003217171e-05 0.000459061494652 0.117498777004
-0.000106559741013 0.000475634855388 0.117748780838
-0.000159063571347 0.000484293781671 0.117998159696
-0.000214302915631 0.00048590843393 0.118248159696
-0.000265025795047 0.000477727735418 0.11849816353
-0.000307842007732 0.000460026110589 0.11874816353
-0.000345989915703 0.000436299855767 0.11899816353
-0.000383489827222 0.000409642822156 0.11924816353
-0.000422840132906 0.00038226131521 0.119498163554
-0.000462817265883 0.000354673677871 0.119748163578
-0.000498217241535 0.000324557684767 0.119998163578
-0.000524730611002 0.000288537110542 0.120248163602
-0.000543014833433 0.00024576801759 0.120498159768
-0.000558177784701 0.000200352960444 0.12074878091
-0.000574864178473 0.000157744729043 0.120998780935
-0.000591510330692 0.000117685883503 0.121248780935
-0.00060245894446 7.55361625688e-05 0.121498780935
-0.000604543938309 2.96921475782e-05 0.121748780959
-0.000598130521443 -1.75446288221e-05 0.12199939822
-0.000583479010881 -6.37273091114e-05 0.122249394362
-0.000555613289306 -0.000109933790312 0.122499394362
-0.000507501228418 -0.000157233779466 0.122750011598
-0.000443984196483 -0.000198898984256 0.12300000774
-0.000377781430392 -0.000226044241009 0.12325000774
-0.00030956619589 -0.000238063694825 0.123500003883
-0.00023210322446 -0.000238260737343 0.123750000001
-0.000147316292434 -0.000226447230563 0.124000000001
-6.45834026453e-05 -0.000200750374461 0.124249996143
7.91722661439e-06 -0.000160752388864 0.124499992285
6.54943773477e-05 -0.00010760660239 0.124749992285
0.000107203043573 -4.42202364977e-05 0.124999371143
0.000134392657171 2.47815003401e-05 0.125249371143
0.000147162822705 9.5496807713e-05 0.125498750025
0.000141295931608 0.000168334408223 0.125748750025
0.000112297343494 0.000244917516564 0.125998128907
6.51246743234e-05 0.000318934383042 0.12624813274
1.22739749964e-05 0.000378950541289 0.12649813274
-4.03118738451e-05 0.0004213400042 0.12674813274
-9.61564759378e-05 0.00045071381955 0.126998136598
-0.000159132263203 0.000471114987528 0.127248136598
-0.000228982367938 0.000483400656506 0.127498136598
-0.000301854475908 0.000486797018685 0.127748136598
-0.000370900746932 0.000480182780233 0.127998140456
-0.000428328176027 0.000463146112779 0.128248761573
-0.000469603658684 0.000436873573651 0.128498761573
-0.0004981897869 0.00040449482548 0.128748761573
-0.000522760170804 0.000369841405827 0.128999386549
-0.000547687017029 0.00033494329725 0.129249386549
-0.000570351921702 0.00029901733173 0.129499386549
-0.000587015377933 0.000259906883586 0.129750007667
-0.000597099213179 0.000216431815319 0.130000007667
-0.000603059229158 0.00016984185115 0.130250007667
-0.000606799031132 0.000122156400838 0.130500632643
-0.000605979539208 7.28671873878e-05 0.130750632643
-0.000595640842114 1.98886356045e-05 0.131000632643
-0.00057252999143 -3.67706456216e-05 0.131251253761
-0.00053619107753 -9.44064546979e-05 0.131501253761
-0.00048971638856 -0.00014826220004 0.131751257595
-0.000441839175581 -0.000191928620236 0.132001878713
-0.000400639568749 -0.000221442705721 0.132251878713
-0.000361461169482 -0.000239089445097 0.132501878713
-0.000311492250245 -0.000248495883029 0.132751882571
-0.000247108696613 -0.000248723830055 0.133001882571
-0.000175894151501 -0.000236240239388 0.133251882571
-0.000107562199512 -0.000208628589539 0.133501261429
-5.00689817817e-05 -0.000164931432766 0.133751261429
-5.0424859607e-06 -0.000106486271384 0.134001261429
3.38231986819e-05 -3.85240029683e-05 0.134250640311
6.94206675226e-05 3.24821124986e-05 0.134500640311
9.37597301878e-05 0.000104372373175 0.134750019193
9.91994662619e-05 0.000177165479614 0.134999398075
8.78945012033e-05 0.000247095544032 0.135249394217
6.43666791126e-05 0.000309612258789 0.135498773099
2.95395289076e-05 0.000363273313283 0.135748148123
-1.636043074e-05 0.000407833703827 0.135998144266
-7.29404421834e-05 0.000443274917684 0.136247523148
-0.00013688917811 0.000468303508037 0.136496898172
-0.000199375406823 0.000480071308524 0.136746898172
-0.00025583732593 0.000479038100864 0.136996273196
-0.000311396924934 0.000469181030958 0.13724627322
-0.000367207812207 0.000452285025054 0.13749627322
-0.000414963492891 0.000427743913161 0.137745652126
-0.000452090475044 0.00039679652972 0.137995652126
-0.000486559328573 0.000362372314258 0.138245652126
-0.000523357623836 0.000326545059907 0.13849565215
-0.000559055510282 0.0002897905566 0.13874565215
-0.00058912318723 0.00025189981935 0.13899565215
-0.000613519674559 0.000213059202986 0.13924565215
-0.00063508130963 0.000174287469457 0.139495656007
-0.000654477225226 0.000135809565369 0.139745656007
-0.000666943098227 9.50110550305e-05 0.139995656007
-0.000664720416494 4.77064977362e-05 0.140245655983
-0.000646072848183 -5.82574083485e-06 0.140496280959
-0.000619560989816 -5.90312353966e-05 0.140746280959
-0.000591651725099 -0.000106991415584 0.140996902053
-0.00055637321166 -0.000150759924292 0.141246905911
-0.00050517225176 -0.000191111370796 0.141497530887
-0.000438506581057 -0.000224757644002 0.141748152005
-0.000363079168371 -0.000247367746543 0.141998155839
-0.000286164079619 -0.000256109906352 0.142248776957
-0.000214611999802 -0.00024963446183 0.142499401933
-0.000149243429612 -0.000228327935263 0.142749401933
-8.44659574681e-05 -0.000193742105894 0.143000026909
-2.1387517618e-05 -0.000147355845998 0.143250030742
3.04115579302e-05 -9.03739670837e-05 0.143500030743
6.48154617745e-05 -2.44630617613e-05 0.143750651861
8.11019039158e-05 4.78371056252e-05 0.144000655718
7.75859803928e-05 0.000124232637303 0.144250659576
5.17015060102e-05 0.000202908947174 0.144500038458
7.6736486482e-06 0.000279272245465 0.144750038458
-4.34675900206e-05 0.00034556070287 0.145000038458
-9.64257866033e-05 0.000397542425239 0.145250038458
-0.000152779594773 0.000435570942082 0.14549941734
-0.00021151589269 0.000459947519439 0.14574941734
-0.000273078865869 0.000471987600156 0.145999413482
-0.000340810165092 0.000473706267766 0.146249413483
-0.00041045903296 0.000464959886138 0.146498788531
-0.000472179466632 0.000445573292372 0.146748788531
-0.000523208057427 0.000417675932264 0.146998784673
-0.00056669100086 0.000384010109491 0.147248784697
-0.000601804223792 0.000346377156429 0.147498780839
-0.000627704508442 0.000306170255342 0.147748155863
-0.000647577969626 0.000264456181972 0.147998155887
-0.000660325447885 0.000221413560774 0.148248155887
-0.000662302554343 0.000176027299134 0.148498152029
-0.000656981024987 0.000127819810931 0.148748152029
-0.000651944874413 7.84933811589e-05 0.148997527053
-0.000649042140603 2.98417729127e-05 0.149247527053
-0.000643075640159 -1.86057541661e-05 0.149497523219
-0.000629313964876 -6.77008368734e-05 0.149747523219
-0.000609469365049 -0.000115843479915 0.149997519361
-0.000588632675107 -0.000160181315121 0.150246898243
-0.000567485853128 -0.000199707759736 0.150496898243
-0.000538435086432 -0.000235490988626 0.150746894385
-0.000492626593486 -0.000267264162069 0.150996894385
-0.000432987650438 -0.000291441961931 0.151246894386
-0.000371141158194 -0.000304242695925 0.151496894386
-0.000308770032086 -0.00030439908117 0.151746894386
-0.000238660880472 -0.000291115822296 0.151996277126
-0.000164366301277 -0.000263472306149 0.152246277126
-0.000100823198808 -0.000221880035103 0.152496277126
-5.63023589354e-05 -0.000167625636296 0.152746280983
-2.58926085192e-05 -0.000102376731115 0.152996284841
-2.33104875071e-06 -2.94352041914e-05 0.153246284841
1.43567420011e-05 4.65407182332e-05 0.153496288699
1.97470602152e-05 0.000121278105872 0.153746288699
1.21945731731e-05 0.000191186757295 0.153996292557
-7.6265677162e-06 0.000253409958186 0.154246292557
-4.22682118023e-05 0.00030712182627 0.154496292557
-9.50976247332e-05 0.000352383407672 0.154746296391
-0.000160460759137 0.000386812538319 0.154996296391
-0.000226027652323 0.000407289588962 0.155246296391
-0.000286872623352 0.000414022985514 0.155496296391
-0.000346638117652 0.000409262378854 0.155746296391
-0.000408442396148 0.000394507617361 0.155996300225
-0.000472854614776 0.000370614724858 0.156246300225
-0.000535915473808 0.000338576934597 0.156496300225
-0.000587631767392 0.000300519875783 0.156746300225
-0.000621599136477 0.000259312889953 0.156996300201
-0.000642993717123 0.000216628686203 0.157246300201
-0.000660345067137 0.000172876135216 0.157496300201
-0.000674605435987 0.000128706114352 0.157746300177
-0.000682294531414 8.45084167922e-05 0.157996300177
-0.000683622323448 3.99934064637e-05 0.158246300177
-0.000681765473554 -4.91283377723e-06 0.158496300177
-0.000676058691776 -5.02024443825e-05 0.158746300153
-0.000661862732848 -9.65380517605e-05 0.158996300177
-0.000639642221481 -0.000143270407318 0.159246296319
-0.000615644230861 -0.000188070634492 0.159496296319
-0.000588665778757 -0.000230086668329 0.159746296319
-0.00055054634576 -0.000269248931992 0.159996296319
-0.000500506189933 -0.000303364880356 0.160245675225
-0.000441392526276 -0.000329724197022 0.160495675225
-0.000369881853154 -0.000345948851849 0.160745671391
-0.000286054358161 -0.000349305618238 0.160995671391
-0.000202962050501 -0.000338661147337 0.161245671391
-0.000136632616919 -0.000315623085423 0.161495046439
-9.0249189848e-05 -0.000281640854138 0.161745046439
-5.25634010279e-05 -0.000235669306812 0.161995042605
-1.37147016835e-05 -0.000177005554565 0.162245042605
2.06600063993e-05 -0.000108669814955 0.162495659865
3.65089920024e-05 -3.50976489978e-05 0.162745659889
2.9253169202e-05 4.09106736454e-05 0.162995659889
5.96668633269e-06 0.000116324967049 0.163245659889
-2.81395990266e-05 0.000186858398206 0.163496281031
-7.51418674367e-05 0.000249070484684 0.163746281031
-0.000134317291433 0.000300287730012 0.163996284889
-0.000196723311049 0.000337674008942 0.164246909865
-0.000256383190503 0.000360213649064 0.164496913747
-0.000315716966682 0.000368974026056 0.164746917605
-0.000375787304561 0.000365108964518 0.164997538699
-0.00043379351843 0.000349741890431 0.165247542557
-0.00048480367048 0.000324702119712 0.165497546415
-0.000523215264613 0.000292728575828 0.165747550249
-0.000553126546094 0.000255716234773 0.165997554107
-0.000584803038372 0.000213384515972 0.166247554107
-0.000616600069609 0.000166908721745 0.16649755794
-0.000638791157663 0.000119705245653 0.16674755794
-0.000650252777342 7.32787697602e-05 0.166997561798
-0.000655929337255 2.72050662396e-05 0.167247561774
-0.000656002735239 -1.83289802163e-05 0.167497561774
-0.000648198477681 -6.32878727554e-05 0.167747561774
-0.000634413245288 -0.000108278293695 0.167997561798
-0.000619878968855 -0.000153198605798 0.168246936822
-0.000608475693864 -0.000197093085423 0.168496936822
-0.000598682794566 -0.000239333607407 0.168746936822
-0.000583972572541 -0.000279922026839 0.168996932988
-0.000558423043457 -0.000318404681288 0.169246932988
-0.000518846183646 -0.000353218501091 0.169496929131
-0.000464235219972 -0.000381730624969 0.169746304155
-0.000400705170296 -0.000401362989705 0.169996304155
-0.000339950371126 -0.000411255620439 0.170246300297
-0.000281338105615 -0.000410269881533 0.170496296439
-0.000210720302474 -0.000393812488445 0.170745671463
-0.000127454993732 -0.000359125352887 0.170995667605
-5.05140544849e-05 -0.000310281502816 0.17124504263
5.3929719148e-06 -0.000252707327201 0.171495038772
4.05745278421e-05 -0.000188027906372 0.171745034914
6.16374715894e-05 -0.000116377895278 0.171995034914
7.32491208061e-05 -3.97809829141e-05 0.172244413772
7.49593685633e-05 3.73079895076e-05 0.172494413772
6.21262773354e-05 0.000110074596459 0.17274441763
3.20249604036e-05 0.000175280569628 0.172994421464
-1.19110454403e-05 0.000230776984661 0.173244425322
-6.54720264309e-05 0.00027471294512 0.173494429179
-0.000128740102238 0.00030574603023 0.173744433037
-0.000200956975851 0.000323028482393 0.173995057989
-0.000277287874635 0.000326265814835 0.174245061847
-0.000354255711315 0.000315775628683 0.174495065705
-0.000431246948661 0.000292050319223 0.174745065681
-0.00050489284023 0.000256466127852 0.174995690657
-0.000566383886389 0.00021280485839 0.175245690657
-0.000607776636072 0.000166434777904 0.175496311775
-0.000630417881792 0.000120546224375 0.175746311775
-0.000642050135233 7.51548261492e-05 0.175996311775
-0.000646120032895 3.04898515936e-05 0.176246307941
-0.000643261541892 -1.28826960243e-05 0.176496307941
-0.000639459164242 -5.67629377771e-05 0.176746929059
-0.000638560392993 -0.000101718916213 0.176996925201
-0.000633221478789 -0.000145150675499 0.177246925225
-0.000616014996445 -0.000186117587079 0.177496921367
-0.00059144136308 -0.00022636993071 0.177746921367
-0.000566317007699 -0.000266434177913 0.177996921367
-0.000537551389342 -0.000305169003597 0.178246917533
-0.000498326092917 -0.000340975918614 0.178496917533
-0.000447543966371 -0.000372170602888 0.178746913675
-0.000388855968103 -0.000397018255437 0.178996913699
-0.000327435226903 -0.00041429376286 0.179246913699
-0.000267821390307 -0.000423386414452 0.179497530959
-0.000209891037094 -0.000423107884705 0.179747530984
-0.00014960953924 -0.000410734909403 0.179997530984
-8.62058904106e-05 -0.00038403035883 0.180247527126
-2.64653183277e-05 -0.000344159557607 0.180497527126
1.86533957814e-05 -0.000295666351113 0.180748144386
4.21985090719e-05 -0.000242410572597 0.180998140528
4.79589367423e-05 -0.000183191943375 0.181248140552
4.59827744071e-05 -0.000114616972507 0.18149876167
3.98819530178e-05 -3.86286556205e-05 0.181748757812
2.29539692601e-05 3.7183091727e-05 0.18199937893
-1.08942129191e-05 0.000106401837022 0.18224937893
-5.79368062122e-05 0.000166281462498 0.182499996166
-0.000112086445488 0.000214725874365 0.182749996166
-0.000173757389196 0.000249213421829 0.182999996166
-0.000241276906631 0.000268681234036 0.183249996166
-0.000305050906669 0.000274422359501 0.183499996166
-0.000359910150714 0.000268359297561 0.183749996142
-0.000409402355173 0.000251283711647 0.184
-0.000454011424311 0.000224625552953 0.18425
-0.000487174136981 0.000192425143196 0.1845