1480
-0.000378571906291 -0.000517220528943 -0.185
-0.0003341712713 -0.000528660094563 -0.18475
-0.000290380253791 -0.000544363182019 -0.1845
-0.000246873841323 -0.000561431213563 -0.18425
-0.000200728765932 -0.000573930338055 -0.184
-0.000150894159416 -0.000579757465525 -0.183750000024
-9.98270788233e-05 -0.000580940455474 -0.183500003882
-5.14628106257e-05 -0.000581010976079 -0.183250003882
-6.90155964303e-06 -0.00058021884831 -0.183000003906
3.7688109595e-05 -0.000571949079339 -0.182750003906
8.5121079061e-05 -0.000548800864292 -0.18250000393
0.000132306094683 -0.000510692627087 -0.182250007788
0.000172893020991 -0.000464278102836 -0.182000003931
0.000201365587701 -0.000418328557397 -0.181750003931
0.00021649241093 -0.000374812228184 -0.181500000097
0.000221203273369 -0.000323526018749 -0.181250617357
0.000217115936162 -0.000254625597191 -0.181000613499
0.000202186103982 -0.000172078709202 -0.180750609617
0.00017402967768 -8.82223214993e-05 -0.180500601902
0.000132282094192 -1.35856654574e-05 -0.180250598044
7.70536837181e-05 4.30875206269e-05 -0.180000594186
8.44086408288e-06 7.60119589377e-05 -0.179750590328
-6.95304235386e-05 8.86215070881e-05 -0.179500586446
-0.000147834573609 9.02012688451e-05 -0.179250586446
-0.000218213359559 8.64432682932e-05 -0.179000586422
-0.000277639622051 7.69871809201e-05 -0.178750586422
-0.000328909571891 5.61006469262e-05 -0.178500586398
-0.000376812720062 1.61063658938e-05 -0.178250586398
-0.000420371598124 -4.26014854276e-05 -0.17800121135
-0.000452792825175 -0.000108766598666 -0.177751211326
-0.000469883807221 -0.000171622412671 -0.177501215184
-0.000473657084518 -0.000229902693351 -0.177251840135
-0.00046818233256 -0.000288366243261 -0.177001843969
-0.000455865234697 -0.000350211246935 -0.176751847827
-0.000437493482221 -0.000414387812518 -0.176502472779
-0.000412930419441 -0.000474093746006 -0.176252472779
-0.000382104030278 -0.000520571678437 -0.176002472779
-0.000346616692014 -0.000553914923745 -0.175753097755
-0.000308982038137 -0.000581532007358 -0.175503097755
-0.000270592499775 -0.000606672466826 -0.175253097779
-0.000231359516667 -0.000628339963743 -0.175003097803
-0.00019133812705 -0.000646882668588 -0.174753097803
-0.000150983845751 -0.000663528548577 -0.174503097827
-0.000108824444937 -0.000675479571633 -0.174253097851
-5.99669612323e-05 -0.000673840750216 -0.174003097875
-1.77380910023e-06 -0.00065202974402 -0.173753097875
5.96945080223e-05 -0.000616283005962 -0.173503097875
0.000114916843452 -0.00057996682388 -0.173252476781
0.000160815802639 -0.000547198095854 -0.173002472923
0.000199994558397 -0.000510165083069 -0.172751851829
0.000233284652105 -0.000462106676812 -0.172501851829
0.00025845588032 -0.000402766824012 -0.172251230711
0.000272832131278 -0.000334490839101 -0.172000605735
0.000273996729533 -0.000262525249617 -0.171749984617
0.000260187640009 -0.000194934926404 -0.171499984617
0.000231073157655 -0.000136897402989 -0.171249363499
0.000187674006921 -8.72814231523e-05 -0.170999363499
0.000131756881942 -4.44488397875e-05 -0.170749359641
6.51401917844e-05 -1.19308888274e-05 -0.170498738523
-9.20715432003e-06 8.21455399449e-06 -0.170248738523
-8.59375289922e-05 1.88641684622e-05 -0.169998738523
-0.0001610558229 1.78152476302e-05 -0.169749359641
-0.000233845613861 -1.65490518833e-06 -0.169499355759
-0.00030107192166 -3.76504463828e-05 -0.169249355759
-0.000357990106532 -8.3646085244e-05 -0.168999976877
-0.000404172339616 -0.000140525178943 -0.168749976877
-0.00043943191259 -0.00020850839318 -0.168500597995
-0.000460632509797 -0.000278654531456 -0.168251219113
-0.000466471895846 -0.000341864722323 -0.168001219089
-0.000459102940137 -0.000395517354627 -0.167751215231
-0.000441715882384 -0.000440890749572 -0.16750183635
-0.000417158015857 -0.000481328446649 -0.16725183635
-0.000387463013856 -0.000520777609807 -0.16700183635
-0.000353525924992 -0.000558079448936 -0.16675183635
-0.000315789236708 -0.000586992593383 -0.16650183635
-0.000275149057225 -0.000607899711523 -0.166251836326
-0.000233164679003 -0.000629874084323 -0.166001836326
-0.00019149093235 -0.000656332983117 -0.165751836326
-0.000150125619056 -0.000680076427994 -0.165501836326
-0.00010775024795 -0.00069527289176 -0.165251836302
-6.43503817096e-05 -0.00070422090997 -0.165001836302
-2.03740989703e-05 -0.000708906078001 -0.164751836302
2.47662969982e-05 -0.000707428396204 -0.164501836301
6.97488370056e-05 -0.000701895308888 -0.164251836301
0.000113259922232 -0.000693580851325 -0.164001836277
0.000157231120463 -0.00067330360435 -0.163751840135
0.000201574173252 -0.000633250328239 -0.163501840135
0.000241829254437 -0.000577079524521 -0.163251843993
0.000273420380953 -0.000512321909951 -0.163001843993
0.000293368109425 -0.000445663965712 -0.162751222875
0.000300319384269 -0.000379719641833 -0.162501226733
0.000293815835303 -0.000308493142403 -0.162251226757
0.000273120703357 -0.000226198666441 -0.162001230615
0.000238111965889 -0.000140827069914 -0.161751230615
0.000190245681103 -6.90888539229e-05 -0.161501234473
0.000131508090141 -1.98257603452e-05 -0.161251234473
6.3983963156e-05 9.10483241891e-06 -0.161001234497
-9.48782000789e-06 2.17664634419e-05 -0.160751234497
-8.51176899875e-05 2.06741377862e-05 -0.160501234497
-0.000158275397624 8.89355601593e-06 -0.160250613403
-0.000224764812487 -1.17688285365e-05 -0.160000613403
-0.000282571843551 -4.32055900378e-05 -0.159750609545
-0.000331281211082 -8.84146691244e-05 -0.159500609545
-0.000370017350189 -0.000147073907785 -0.159249984593
-0.000396845046437 -0.000213859022919 -0.158999984593
-0.000410454022286 -0.000282663176392 -0.158749980735
-0.000411321767901 -0.000351157761811 -0.158499355759
-0.000400680556199 -0.000418937733299 -0.158249355759
-0.00037990620628 -0.00048587210933 -0.157999355783
-0.000350373943719 -0.000550484421798 -0.157749351925
-0.000313941831927 -0.000607059848852 -0.157498730783
-0.000273176010203 -0.000650647533062 -0.157248730783
-0.000230422599294 -0.000681464879403 -0.156998730783
-0.000187045682766 -0.000702690264088 -0.156748730783
-0.000143744946501 -0.000718257577121 -0.156498730783
-0.000100847159628 -0.000729217182365 -0.156248730783
-5.7932189389e-05 -0.00073254283645 -0.155999351877
-1.34686771434e-05 -0.000724722713506 -0.155749351877
3.39915920895e-05 -0.000704891272207 -0.155499351877
8.3772255952e-05 -0.000677562492121 -0.155249351877
0.00013325622977 -0.000649026905315 -0.154999972995
0.000180684218397 -0.00061977588984 -0.154749972995
0.000225452098661 -0.000586076026454 -0.154499972995
0.000266832636499 -0.000543541856064 -0.154249972995
0.000303242264971 -0.00048891622117 -0.154000594113
0.000331814613925 -0.000426752915117 -0.153750594113
0.000350290231153 -0.000368323332998 -0.153500594113
0.000358378752605 -0.000319292522512 -0.153251215231
0.000355813890479 -0.00027277885148 -0.153001215231
0.000340646209677 -0.000218534737011 -0.152751215231
0.00031130396594 -0.000157959367785 -0.152501215231
0.000268488177633 -0.000102263504395 -0.15225183635
0.000213742207452 -5.83008491431e-05 -0.15200183635
0.000148523018605 -2.50596402117e-05 -0.15175183635
7.54881770006e-05 -9.7313318245e-07 -0.151501836349
-1.33376693874e-06 1.11242990403e-05 -0.151251836325
-7.79265823776e-05 6.53272137301e-06 -0.151001836325
-0.000150876552703 -1.60548444631e-05 -0.150751219065
-0.000216813539593 -5.38575624406e-05 -0.150501219065
-0.000272928006025 -0.000104864472656 -0.150251219065
-0.000317230974582 -0.000167880356944 -0.150001222923
-0.000347644405543 -0.000235613842452 -0.149751222923
-0.000362928130814 -0.000296090575945 -0.149501222899
-0.000364470003386 -0.000342627904577 -0.149251222899
-0.000355328415336 -0.000380359419834 -0.149001222899
-0.000337357374866 -0.000421987639789 -0.148751222875
-0.000310494742948 -0.000472906063108 -0.148501226733
-0.000275230185209 -0.000527056259908 -0.148251226733
-0.000233499764319 -0.000577298522264 -0.148001226733
-0.000187805860038 -0.000619577583139 -0.147751226733
-0.000140833591079 -0.000650634966874 -0.147501226709
-9.46047448384e-05 -0.000668805333663 -0.147251222875
-4.93105683283e-05 -0.000677451523806 -0.147001222875
-4.04451184249e-06 -0.000684305680827 -0.146751222875
4.08586821736e-05 -0.000692284189714 -0.146501222875
8.46397565338e-05 -0.0006941627338 -0.146251222899
0.000128115980312 -0.000683142424321 -0.146001222899
0.00017193933552 -0.000664273356182 -0.145750601805
0.000214964573579 -0.000647915054205 -0.145500601829
0.000256405220548 -0.000633473515344 -0.145250597971
0.000296377153457 -0.000608020574054 -0.145000597995
0.000333464144107 -0.000563613771534 -0.144750597995
0.000364648187762 -0.000505309343471 -0.144500598019
0.000387253219792 -0.000438305209475 -0.144250598019
0.000399047863876 -0.000364735572108 -0.144000594161
0.000399030731966 -0.000291748854884 -0.143750594161
0.000386828888878 -0.000223219116188 -0.143500594185
0.000360622900728 -0.000154101309119 -0.143250594185
0.000319575747435 -8.42050850773e-05 -0.143000594185
0.00026624936399 -2.22899183365e-05 -0.142750590303
0.000203922655389 2.49695289364e-05 -0.142500590303
0.000135237480904 5.51308086348e-05 -0.142250590303
6.29651244523e-05 6.571511265e-05 -0.142001211421
-1.07082384415e-05 5.77009688845e-05 -0.141751211421
-8.34526619931e-05 3.70933829882e-05 -0.141501211421
-0.000151458104025 5.6449804078e-06 -0.141251211421
-0.000211190539149 -4.10532237195e-05 -0.141001211421
-0.000260242314447 -0.000101983553258 -0.140750594161
-0.000296600172732 -0.000170890892007 -0.140500594161
-0.000318902032057 -0.000246777026592 -0.140250594137
-0.000326345957719 -0.000329379813255 -0.140000594137
-0.000319076150347 -0.000411887011113 -0.139749976853
-0.000298788891165 -0.000485997771752 -0.139499976853
-0.000268796580898 -0.000544696622664 -0.139249976829
-0.000233341267704 -0.000583400798672 -0.138999976829
-0.000194596886389 -0.000607696593992 -0.138749355687
-0.000151476297923 -0.000629318856758 -0.138499359545
-0.000104579249965 -0.0006499165444 -0.138249359545
-5.69231388257e-05 -0.000664038375787 -0.137999359521
-9.79854466071e-06 -0.000671460229036 -0.137749359521
3.61421906674e-05 -0.000672512646514 -0.137499359521
7.98237174048e-05 -0.000664227870984 -0.137249359521
0.000122393850005 -0.000648578254741 -0.136999359521
0.000165572554507 -0.00063244610237 -0.136749359521
0.000208683599246 -0.000615404037832 -0.136499359545
0.000250410944393 -0.000589410931781 -0.136249359545
0.000290440733834 -0.000554954692061 -0.135999980663
0.000328550476158 -0.000522996924294 -0.135749980687
0.000364105840064 -0.000496158006296 -0.135499984545
0.000395408864 -0.000462851265777 -0.135249984545
0.000419375266159 -0.0004128840024 -0.134999984569
0.000433409564071 -0.000349235004343 -0.134749984569
0.000437355373259 -0.000283903684963 -0.134500601829
0.000432615587769 -0.000226854299783 -0.134250601853
0.000419011495151 -0.000178758594183 -0.134000601853
0.000392176560262 -0.000130227252362 -0.133750601853
0.000346963430354 -7.32505984903e-05 -0.133501219113
0.000285421350518 -1.53317140974e-05 -0.133251219113
0.000214887452203 2.89872610341e-05 -0.133001215255
0.000140040837136 5.41066183575e-05 -0.132751215255
6.34464585462e-05 6.02734990568e-05 -0.132501211397
-1.18803779448e-05 4.75403010884e-05 -0.132251207539
-8.35175262857e-05 1.94262445248e-05 -0.13200120754
-0.000148688181289 -1.88042575258e-05 -0.13175120754
-0.00020358604142 -6.78769787759e-05 -0.13150120754
-0.000245496883741 -0.000128908933863 -0.13125120754
-0.00027411144904 -0.000191721361762 -0.13100120754
-0.000290476613417 -0.000244737394698 -0.13075120754
-0.000294675690496 -0.000292798440712 -0.13050120754
-0.000284848903447 -0.000349419914224 -0.130251207516
-0.000260095489216 -0.000416348919206 -0.130001211374
-0.000223180601919 -0.000482316768612 -0.129751211374
-0.000178367197597 -0.000538069169037 -0.129501215232
-0.000128325029889 -0.000582728951797 -0.129251215208
-7.54385493818e-05 -0.000616590681924 -0.129001219066
-2.29989713137e-05 -0.000638082390403 -0.128751219066
2.72368633391e-05 -0.000648334093508 -0.128501222899
7.57245607638e-05 -0.000651429356706 -0.128250601781
0.000123460619768 -0.000651350720374 -0.128000601781
0.000170146244071 -0.000649218095591 -0.127750601781
0.000213928226228 -0.000641610417168 -0.127500605639
0.00025419598578 -0.000625364043051 -0.127250605639
0.000292430457331 -0.000601970844593 -0.127000605639
0.000329327283085 -0.000572694643743 -0.126750605639
0.000364160652634 -0.000535708045165 -0.126500605639
0.000396019578458 -0.000491450232239 -0.126250605639
0.000424224920325 -0.000443619263734 -0.126000605663
0.000447660730847 -0.000393996901697 -0.125750605663
0.000464160707133 -0.000340217755653 -0.125500605663
0.000470355105416 -0.000278281185317 -0.125250605663
0.000462946618627 -0.000207059022998 -0.125000609545
0.000441271183638 -0.000132150514062 -0.124750609545
0.000408567812009 -6.43341641228e-05 -0.124500605687
0.000368681781892 -1.1346091125e-05 -0.124250605687
0.000321016558065 2.85473394672e-05 -0.124000605687
0.000262970695772 5.98262888531e-05 -0.123750605711
0.000196747029675 7.96415913496e-05 -0.123500605711
0.000126730220937 8.31212909029e-05 -0.123250601853
5.40178724037e-05 7.24622986886e-05 -0.123000601853
-1.99252952589e-05 5.22149367522e-05 -0.122750597995
-8.9950037933e-05 2.19997493839e-05 -0.122500597995
-0.000150346814316 -2.16332662559e-05 -0.122250594137
-0.000197347392882 -8.08916112929e-05 -0.122001215279
-0.0002287998065 -0.000155482646206 -0.121751211422
-0.000244162974813 -0.000239981957294 -0.121500590304
-0.000245420079083 -0.00032153753387 -0.121250590304
-0.000235415788693 -0.00039007763718 -0.121000586446
-0.000214308259072 -0.000448868252731 -0.120750586446
-0.000180942364136 -0.000504627872226 -0.120500586446
-0.000136375993533 -0.000557173879002 -0.120250586446
-8.46545786009e-05 -0.000601152916069 -0.120000586446
-3.24385494113e-05 -0.000629175649587 -0.119750586446
1.51284512334e-05 -0.000638779721039 -0.119500586446
5.86860210718e-05 -0.000635708740068 -0.119250586446
0.000101618121002 -0.000627278520248 -0.11900059028
0.00014596947987 -0.000617461728698 -0.11875059028
0.000191126779935 -0.00060641164796 -0.11850059028
0.000234635640371 -0.000591507101554 -0.11825059028
0.000275856800314 -0.000572129064775 -0.118000594138
0.000316958626033 -0.00055284246189 -0.117750594114
0.00035805679903 -0.000535580419994 -0.117500594114
0.000396064105431 -0.000513901082005 -0.117250594114
0.000429790088306 -0.000483902408154 -0.117000597972
0.000460303177357 -0.000449012735905 -0.116750597947
0.000485865765485 -0.000406886829433 -0.116500597947
0.00050206088171 -0.000350816585895 -0.116250601805
0.000507769924125 -0.000284999882624 -0.116000601805
0.00050559706274 -0.000220580948412 -0.115750605663
0.000496723901945 -0.000162491893809 -0.115500605663
0.000478610374308 -0.000108349115284 -0.115250609521
0.000445905859527 -5.30718529161e-05 -0.115000609521
0.000396364091879 2.62915362446e-06 -0.114751230639
0.000334389936775 5.07186890744e-05 -0.114501234497
0.000262995089429 8.74459437681e-05 -0.114251234497
0.000184158366771 0.000112117209977 -0.114001234521
0.000105066675224 0.000119143477454 -0.113751234521
3.03118814144e-05 0.000106591206286 -0.113501234521
-4.09175994501e-05 8.04080318837e-05 -0.113251234521
-0.000106604015864 4.45729234304e-05 -0.113001230663
-0.000161617425779 -2.14552186658e-06 -0.112751230687
-0.000202084054364 -6.1248479097e-05 -0.112501226829
-0.000226324817089 -0.000131644040258 -0.112251226829
-0.00023437381414 -0.000208927347704 -0.112001222971
-0.000227164835414 -0.000287367045994 -0.111750601877
-0.000205873553668 -0.000362435873385 -0.111500598019
-0.000171860533408 -0.000431400226224 -0.111250594162
-0.00012664236931 -0.000492832116988 -0.111000594162
-7.28691556526e-05 -0.000544586132114 -0.110750594186
-1.44605029636e-05 -0.000584002832831 -0.110500594186
4.45451625367e-05 -0.000609663662691 -0.110250590328
0.000100583562452 -0.000621474106664 -0.110000590328
0.000152384682307 -0.000621860496619 -0.109750590304
0.000200493041045 -0.000614260903465 -0.109500590304
0.000245324321705 -0.00060091082186 -0.10925059028
0.000288593326102 -0.000584717928956 -0.109000594138
0.000330923141667 -0.000567264422355 -0.108750594114
0.000368131561545 -0.000543909523955 -0.108500594114
0.00039763017661 -0.000509468698108 -0.10825059409
0.00042362358305 -0.000467799515481 -0.10800059409
0.000449946147781 -0.000425520571026 -0.107750594066
0.000474420909209 -0.000381081730589 -0.107500594066
0.000493443669464 -0.000330094012811 -0.107250594066
0.000506268245218 -0.000274077988073 -0.107000597924
0.000512960181647 -0.000216395105198 -0.106750597924
0.000511121183184 -0.000156238279071 -0.106500597924
0.000498104292377 -9.30940232077e-05 -0.106250597924
0.000475636095807 -3.27422801241e-05 -0.106000597924
0.000447052359415 1.87229766158e-05 -0.105750597948
0.000411587413057 6.12700152439e-05 -0.105500597948
0.000367436270308 9.56151216826e-05 -0.105250597948
0.000315524030327 0.000119616250891 -0.105000597972
0.000256333121153 0.00013208206825 -0.104750597972
0.000190212878859 0.000132717563089 -0.104499980711
0.000119668812372 0.000120683475474 -0.104249980735
4.70055959348e-05 9.7196841137e-05 -0.103999980735
-2.31932976981e-05 6.30452148404e-05 -0.103749980759
-8.25084402476e-05 1.4886130492e-05 -0.103499980759
-0.000125844293217 -4.86434068372e-05 -0.103249980759
-0.000153533176168 -0.000122392469976 -0.102999359665
-0.000166230184854 -0.000200223726891 -0.102749359665
-0.000164061549972 -0.00027752811467 -0.102499359665
-0.000149476749733 -0.000347942919133 -0.102249980807
-0.000126527497721 -0.000405350311538 -0.101999980807
-9.75191560612e-05 -0.000448833163253 -0.101749980807
-6.15978242294e-05 -0.000482545575205 -0.101499980807
-1.53914330994e-05 -0.000512518934235 -0.101249980807
4.34309950941e-05 -0.000541768018069 -0.100999980807
0.000110257634561 -0.000566062876446 -0.100750601925
0.000174821384063 -0.00057799926262 -0.100500598067
0.000229447138005 -0.000574542851271 -0.100250598043
0.000273681002097 -0.000558466735764 -0.100001219161
0.000312776099102 -0.000535538158574 -0.0997512191371
0.000352356562397 -0.00051087037064 -0.0995012191373
0.000393646490794 -0.000486368908683 -0.0992512191133
0.000434332063022 -0.000461274139637 -0.0990018363735
0.000472807775424 -0.000434940638996 -0.0987518363736
0.00050970533302 -0.000408511374693 -0.0985018363497
0.000543948629875 -0.000380750600851 -0.0982518363497
0.000570984102537 -0.000345177420446 -0.0980024574678
0.000589082094473 -0.000299322724927 -0.0977524574678
0.00060074137332 -0.000248129201957 -0.0975024574678
0.000605484289486 -0.000193450523545 -0.097252457468
0.000600937708805 -0.000135285333128 -0.097002457468
0.000587980801845 -7.77113762388e-05 -0.096752457468
0.000565635757712 -2.24223901216e-05 -0.096502457468
0.000527058419599 3.39677976521e-05 -0.0962524574678
0.000467138342164 9.18209936208e-05 -0.0960024574678
0.000392341187911 0.00014274988921 -0.0957518363498
0.00031703962384 0.000175656740467 -0.0955018363738
0.000248570302887 0.000186796827226 -0.0952512191136
0.00018279959901 0.000180248931569 -0.0950012191135
0.000114186633901 0.000161206673757 -0.0947505979955
4.3414571718e-05 0.000132321573154 -0.0945005979955
-2.29935780141e-05 9.35058793948e-05 -0.0942499730194
-7.55539722648e-05 4.16346196688e-05 -0.0939999730434
-0.000106705723259 -2.71907809917e-05 -0.0937499730434
-0.000115941004179 -0.000111000857602 -0.0934993519254
-0.000108834398397 -0.000199688789555 -0.0932493519254
-9.16129588308e-05 -0.000281402144666 -0.0929993519254
-6.83125139604e-05 -0.000348718530997 -0.0927493480915
-3.93087134564e-05 -0.000401321471757 -0.0924993480913
-5.04517110528e-07 -0.000445114959598 -0.0922493480913
5.18661325554e-05 -0.000484764037594 -0.0919993480913
0.00011518583244 -0.000518212015096 -0.0917493480913
0.000181929964653 -0.000540429218542 -0.0914993481153
0.000246552819901 -0.000549806953047 -0.0912493481153
0.000306496000936 -0.000547650268558 -0.0909993481153
0.000356844746329 -0.000533844158825 -0.0907499692333
0.000394614409453 -0.00050919442338 -0.0904999692333
0.000426808602892 -0.000479105611338 -0.0902499692333
0.000462578666247 -0.00044935999171 -0.0899999730672
0.000500979683004 -0.000420329991129 -0.0897505941852
0.000534605404229 -0.000388136468305 -0.0895005941852
0.000560068547889 -0.000349973938638 -0.0892505941613
0.000579982534448 -0.000306934345585 -0.0890005941613
0.000598804772541 -0.000263015130625 -0.0887512152793
0.000617663579975 -0.000220361929702 -0.0885012191373
0.00063150922434 -0.000174898822155 -0.0882512191133
0.000633561253941 -0.000121015261333 -0.0880012191133
0.00062298309673 -6.04231875003e-05 -0.0877512191135
0.000607324660398 -2.92293863545e-06 -0.0875018402315
0.000595561479627 4.27099873213e-05 -0.0872518440894
0.000584411935352 7.93663584701e-05 -0.0870018440894
0.000557985648116 0.000117039131894 -0.0867518440894
0.00050829368181 0.000156868890366 -0.0865018440895
0.000442272647039 0.000190811633763 -0.0862518440895
0.000367126234123 0.000213070668129 -0.0860018440895
0.000288930946177 0.000220293304613 -0.0857518441135
0.000217276101557 0.000208694907666 -0.0855018441135
0.000154729405236 0.000178403613163 -0.0852512191376
9.59082313217e-05 0.000134123789852 -0.0850012191376
4.01066942634e-05 8.00674927726e-05 -0.0847512191374
-7.71588866462e-06 1.86100192934e-05 -0.0845012153035
-4.45631652059e-05 -4.66396927038e-05 -0.0842512153035
-6.96618431181e-05 -0.000111201915846 -0.0840005941855
-7.924524339e-05 -0.000174701814684 -0.0837505941855
-6.86512376988e-05 -0.000239485585969 -0.0835005903516
-3.92801825222e-05 -0.0003031710641 -0.0832505903516
3.53302810402e-06 -0.000360265200795 -0.0830005903515
5.5308946317e-05 -0.000407080922382 -0.0827505903515
0.000111661839558 -0.000441341233107 -0.0825005903515
0.000171211491882 -0.000463789092075 -0.0822505903754
0.000235068133408 -0.000476724752382 -0.0820005903754
0.000299295976251 -0.000479531222045 -0.0817505903753
0.000358817306503 -0.000471846203181 -0.0815005942331
0.000416133974708 -0.000457062790946 -0.0812505942331
0.000473820155365 -0.00043806498328 -0.0810012153272
0.000525258230176 -0.000414038908543 -0.080751215327
0.00056505013958 -0.000384494772028 -0.080501215327
0.000597560622571 -0.000351951722511 -0.0802512153031
0.000625874334473 -0.000317920133819 -0.0800012153029
0.000646794633518 -0.000280304163259 -0.079751215279
0.000659709711246 -0.000237566853828 -0.079501215279
0.00066832051762 -0.000191336509122 -0.079251215255
0.00067602599839 -0.000144467963593 -0.079001215255
0.000683854266151 -9.88275148466e-05 -0.078751215255
0.000686999029916 -5.18954380906e-05 -0.0785012152552
0.00067458042561 2.60263251947e-06 -0.0782505941132
0.000639380636854 6.61432741984e-05 -0.0780005941132
0.000586063220598 0.000131156106424 -0.0777505941133
0.000527398619111 0.000186978628815 -0.0775005941133
0.00047383029313 0.000227481248405 -0.0772505941135
0.000424619125699 0.000253623400339 -0.0770005941135
0.000369740985417 0.000269345517528 -0.0767505941135
0.000303398015712 0.000275427179744 -0.0765005902558
0.000230731755387 0.000269156883706 -0.0762505902797
0.000161373887258 0.000247827632763 -0.0760005902799
0.0001028438935 0.000210312643422 -0.0757505902799
5.6385617282e-05 0.000157742047106 -0.0755005902799
1.95646685519e-05 9.32999618465e-05 -0.075250586422
-6.17750677753e-06 1.99925410242e-05 -0.075000586422
-1.89110738852e-05 -5.86313099696e-05 -0.0747505864459
-2.02690099065e-05 -0.000136872290967 -0.0745005864459
-8.35745842298e-06 -0.000211586498031 -0.0742505864459
2.14808611047e-05 -0.000282874502488 -0.0740012075879
6.85385380401e-05 -0.000348398452268 -0.0737512114458
0.000128214354094 -0.000404056025694 -0.0735012114458
0.000193038419843 -0.000445346218866 -0.0732512114698
0.000251084392832 -0.000467561983227 -0.0730012153276
0.000296066578992 -0.000471330080916 -0.0727512153516
0.000335410092799 -0.000463700031281 -0.0725012192095
0.00037976381173 -0.000450653946115 -0.0722512192095
0.000430382228064 -0.000433152132506 -0.0720012192334
0.00048015365765 -0.000409924322258 -0.0717506019732
0.000521838510121 -0.000380656976443 -0.0715006019732
0.000553893115606 -0.000346521585537 -0.071250601973
0.000579704770327 -0.000309206134052 -0.071000601973
0.000602780175257 -0.000270050040637 -0.0707506019729
0.000623419156293 -0.000229607171772 -0.0705006019489
0.000640398618893 -0.000187815675246 -0.0702499808309
0.000654029402079 -0.000144943454669 -0.0699999808307
0.000664204814933 -0.000101101553826 -0.0697499808068
0.000668716881017 -5.53917434941e-05 -0.0694999808066
0.000667673943889 -8.31278680925e-06 -0.0692499808066
0.000664041623733 3.77173706191e-05 -0.0689999807827
0.000655546006028 8.29668512499e-05 -0.0687499807825
0.000633599906782 0.000130122913572 -0.0684999807825
0.000595602450109 0.000177597104474 -0.0682499769007
0.000549388092196 0.000219435714326 -0.0679999769007
0.000502112737407 0.000251532884888 -0.0677499730429
0.000453295348514 0.000273078840816 -0.0674999730429
0.0003987140075 0.000283806546521 -0.0672499691851
0.000335538028354 0.00028261670143 -0.0669999691852
0.000263690753116 0.000268184843849 -0.0667499653273
0.000184976191804 0.000240077641964 -0.0665005864454
0.000105148962136 0.000199021569581 -0.0662505825876
3.6867107382e-05 0.000145993644846 -0.0660005825876
-7.81198110409e-06 8.15952947713e-05 -0.0657505825878
-2.94112829121e-05 8.2019060162e-06 -0.0655005825878
-3.8500083521e-05 -6.78167677796e-05 -0.0652505825878
-4.15427547346e-05 -0.00013949143956 -0.0650005825878
-3.33016411735e-05 -0.00020513868468 -0.0647505825879
-4.98097433085e-06 -0.0002667507969 -0.0645005864458
4.1961924806e-05 -0.000322467352067 -0.0642505864458
9.80783741372e-05 -0.000367175419402 -0.0640005903037
0.000160760287019 -0.00039971325708 -0.0637505941376
0.000234697787029 -0.00042200846318 -0.0635005941376
0.000318784133911 -0.000433558092379 -0.0632505979955
0.000399518206212 -0.000431396229086 -0.0630005979955
0.000459868730251 -0.000414694164566 -0.0627499768775
0.000498126890205 -0.000387473583189 -0.0624999780588
0.000529601957407 -0.000354903118963 -0.0622501639988
0.000566241052246 -0.000319409588206 -0.0620001640012
0.000607224626048 -0.000281776484204 -0.0617501015084
0.000645769915357 -0.000242850734346 -0.0615001007416
0.00067421201759 -0.000203128132486 -0.0612500999747
0.000688026715487 -0.000161919144066 -0.0610000988245
0.000690405105464 -0.00011833115748 -0.0607501601719
0.000687443851685 -7.24934257293e-05 -0.0605001590217
0.000678723323521 -2.39833741291e-05 -0.0602501578714
0.000661299526374 2.78520941445e-05 -0.0600002192188
0.000638094771105 8.08332495598e-05 -0.0597502805662
0.000612260016514 0.000132114401824 -0.059500279416
0.000583328940978 0.000180306269663 -0.0592503407586
0.000552305710716 0.000223762287969 -0.0590003396036
0.000517089588417 0.000261916917837 -0.0587504009486
0.000470840653531 0.000294829905264 -0.0585003997937
0.000414797220742 0.000319976823294 -0.0582503986388
0.000357518755125 0.000334286588729 -0.0580004595932
0.000301527007406 0.000336561649635 -0.0577504588217
0.000242866171427 0.000326160779495 -0.0575004584335
0.000178952798672 0.000302167585592 -0.0572504580454
0.00011467649796 0.000264269423697 -0.0570003959312
6.13425365349e-05 0.000213330144901 -0.056750396317
2.49070037933e-05 0.000150895200699 -0.0565003970862
4.19491983321e-07 7.95834170431e-05 -0.0562503978554
-1.65151249597e-05 3.79705838244e-06 -0.0560003990104
-2.16778504809e-05 -7.22754366198e-05 -0.0557504622772
-1.05464939195e-05 -0.000145621797284 -0.0555004634322
1.52979964911e-05 -0.000212941545504 -0.0552505266989
5.27696479167e-05 -0.000271151268947 -0.0550005895775
0.000100273217876 -0.000318428897231 -0.0547506524585
0.000156142344429 -0.000353780460856 -0.0545007145679
0.000216205057232 -0.00037629840674 -0.0542507766773
0.00027430166326 -0.000385543406593 -0.0540008384009
0.000328525142779 -0.000382825624835 -0.0537508997388
0.000382188015674 -0.000370221447051 -0.0535008985814
0.000438545408935 -0.000349078953244 -0.0532509599216
0.000498266922885 -0.000320123017002 -0.0530010212618
0.000555123887363 -0.000284429791333 -0.0527510201044
0.000597503800551 -0.000244397408458 -0.0525010193352
0.000622022255041 -0.000202437965867 -0.052251018566
0.000637504639106 -0.000159259086367 -0.0520009560708
0.000653745597968 -0.000115029067593 -0.0517509556874
0.000673243466462 -7.07935731622e-05 -0.051500893578
0.000691043401611 -2.75788681073e-05 -0.0512508935803
0.000700169742989 1.52173419472e-05 -0.0510008318543
0.000700827746346 5.85398771232e-05 -0.0507507697449
0.000699508553539 0.00010166613555 -0.0505007084047
0.000695224011856 0.000144604832527 -0.0502506466787
0.0006777026239 0.000189084253548 -0.0500005232242
0.000641858249332 0.000234625723638 -0.0497503997722
0.000592236938773 0.000277785126299 -0.049500276706
0.000533332967078 0.000315195567229 -0.0492500919113
0.000468181139703 0.00034422047126 -0.0489999696167
0.000403269375646 0.000362841358654 -0.048749784822
0.000341808103006 0.000370168007027 -0.0484996621416
0.000279257706611 0.000365215801064 -0.0482496015729
0.000210986937293 0.000346300567188 -0.0479994785043
0.000138334075244 0.000312492946759 -0.0477493558238
7.0465794923e-05 0.000265184973966 -0.0474992944836
1.83335869319e-05 0.000207376249473 -0.0472492952552
-1.58733324949e-05 0.000141327867726 -0.0469992952528
-3.5501298053e-05 6.91059728167e-05 -0.0467492944812
-3.98096644242e-05 -6.13829412202e-06 -0.0464993558214
-2.75916262132e-05 -8.10140945716e-05 -0.0462494163901
-2.13627377936e-06 -0.00015186587549 -0.0459994761872
3.50616349841e-05 -0.000215285660393 -0.0457495980984
8.50666799785e-05 -0.000269019848711 -0.0454997192357
0.000146500233354 -0.000311270383713 -0.0452497782636
0.000219440183734 -0.000340932830964 -0.0449998994009
0.000303285572867 -0.000357068460263 -0.0447500205406
0.000388043086487 -0.000358614284159 -0.0445001424495
0.000463264805202 -0.000346380163757 -0.044250202249
0.00052913258461 -0.000322700898733 -0.0440002628201
0.000587893518777 -0.000289798246519 -0.0437503241627
0.000634008216291 -0.00025068205498 -0.0435003858911
0.000661977475103 -0.000209108642916 -0.0432503862769
0.00067837481119 -0.000166428067555 -0.0430003870485
0.000693366847157 -0.000121929234071 -0.0427503882059
0.000705642746876 -7.67399242475e-05 -0.0425003893632
0.000707990307747 -3.28116238848e-05 -0.0422503287922
0.000699888906458 1.02574400122e-05 -0.0420003303329
0.000687628675231 5.40441417332e-05 -0.0417503322595
0.000676197832817 9.87460390152e-05 -0.0415003337978
0.000663733238321 0.000143537241726 -0.0412503353361
0.000646160018743 0.000187965476471 -0.0410003372603
0.000624806541005 0.000231390808399 -0.0407503387962
0.00060222437539 0.000272827622762 -0.0405003399488
0.000573676915304 0.000311647797466 -0.0402503410989
0.000532262140269 0.000346627766128 -0.0400003426373
0.000480470577089 0.000375501852655 -0.0397504066708
0.000427266990671 0.000396616199721 -0.0395004089831
0.000373580458565 0.00040875121512 -0.039250473793
0.000312422014152 0.000409323429639 -0.039000538603
0.000246526687503 0.000396552932453 -0.0387506034153
0.0001892694595 0.000372025961556 -0.0385006678419
0.0001429106386 0.000336078820821 -0.0382506697708
9.56540430845e-05 0.000285236216045 -0.038000733814
4.44400143819e-05 0.00021931579515 -0.037750734588
1.75588277484e-06 0.000144489340311 -0.037500735362
-2.04069301521e-05 6.71647974569e-05 -0.0372506728668
-1.96180235918e-05 -9.27810737889e-06 -0.0370006103716
1.11941453421e-06 -8.25078288334e-05 -0.0367504228813
3.537222138e-05 -0.000149856192504 -0.0365002967335
7.40215551565e-05 -0.00020819434638 -0.0362501077
0.000114977881666 -0.000254846055186 -0.0359999182831
0.000165921620196 -0.00028859526853 -0.0357497284804
0.000228197176021 -0.000308920381623 -0.035499476566
0.000292993989736 -0.000315833611622 -0.0352492871467
0.000358811104171 -0.000309745021195 -0.0349990977274
0.000432104076462 -0.000290142914998 -0.0347488469678
0.00050773903928 -0.00025768245554 -0.0344986583201
0.000568482066539 -0.000217160097629 -0.0342485325509
0.000607783475267 -0.000173578010936 -0.0339984685102
0.000636741984019 -0.000126974155276 -0.0337484669622
0.000664520123765 -7.62409589238e-05 -0.0334984036907
0.000686594780677 -2.45438940711e-05 -0.0332484032977
0.000695131353179 2.36864374607e-05 -0.0329984657905
0.000692320751863 6.85724043102e-05 -0.0327485278974
0.000689006300025 0.000113467750908 -0.0324985900044
0.000687422915384 0.000158299000676 -0.032248652883
0.000675412977417 0.000200477739486 -0.0319987778757
0.00064658805478 0.000240594515153 -0.0317489028709
0.000610630426454 0.000280585833782 -0.0314990899802
0.000577383842533 0.000320294229049 -0.0312492149777
0.000545336688898 0.000358268331712 -0.0309993395919
0.000506125733119 0.000392649574603 -0.0307494645942
0.000453868994737 0.000421095711846 -0.0304996520941
0.000392067501288 0.000441651126363 -0.0302498392058
0.000328523272877 0.000453503877894 -0.0300000263199
0.000265573267075 0.00045563900102 -0.0297501513199
0.000202669765018 0.000446497945362 -0.0295003388198
0.000142223044498 0.000425449301607 -0.0292504642055
8.55330025861e-05 0.000391816855811 -0.0290005899795
3.12039454188e-05 0.00034414456972 -0.028750715751
-1.72512323038e-05 0.000283820478592 -0.0285007797966
-5.15421475034e-05 0.000215674784405 -0.0282509059539
-6.75526066725e-05 0.00014347928842 -0.0280009699971
-6.56631056806e-05 6.94787376949e-05 -0.0277510332687
-4.68707685837e-05 -3.7442871434e-06 -0.0275010340427
-1.28200978998e-05 -7.31772711452e-05 -0.0272510348167
3.6126894593e-05 -0.000135190924642 -0.0270010352025
9.78130525752e-05 -0.000186783509637 -0.0267510352026
0.000164216426605 -0.000226271438956 -0.0265010348144
0.000232579023145 -0.000251952063386 -0.0262510344239
0.000306400835478 -0.000262264808355 -0.0260009719191
0.00037970022774 -0.000257923393356 -0.0257509711356
0.000444599289093 -0.000241269986647 -0.0255009078569
0.000502598522568 -0.000213537649532 -0.0252508449616
0.000551284594318 -0.000177288175304 -0.0250007816829
0.000584711409775 -0.000137147704873 -0.0247506559042
0.000605896309883 -9.48759104395e-05 -0.0245005926231
0.000621195290835 -4.97616611791e-05 -0.024250467616
0.00063322434677 -1.81054229462e-06 -0.0240004043373
0.000640955946583 4.72724718223e-05 -0.0237502789492
0.000640789805021 9.43356353254e-05 -0.0235001535635
0.000632002610129 0.000138287128061 -0.0232500906802
0.000618407061519 0.000180935719465 -0.0229999660732
0.000604855903871 0.00022414078019 -0.0227499035804
0.000595354047983 0.000268380085024 -0.0224997789758
0.000588317579649 0.00031199855917 -0.022249654376
0.000574102074024 0.000352313603656 -0.0219995918903
0.000544146695669 0.000387893257943 -0.0217494672928
0.000500426069197 0.000418869460672 -0.0214994048048
0.00045375877681 0.000446324004875 -0.0212492802025
0.000411812449082 0.000470910209531 -0.020999217712
0.000370325268043 0.000490595513734 -0.0207491556073
0.000322675534671 0.000501754128483 -0.0204990931168
0.00026803947322 0.000501588777557 -0.0202490310097
0.000204567477647 0.000486162445325 -0.019999031012
0.000132248237697 0.000451892648681 -0.0197490306261
6.04053784833e-05 0.000400983250667 -0.019499030626
-2.41528016111e-07 0.000338965526111 -0.0192490927354
-4.49600038575e-05 0.000269708986609 -0.0189991548447
-7.25246655893e-05 0.000195769342235 -0.0187492169517
-8.3359491922e-05 0.000119253031065 -0.0184993411706
-7.89894272699e-05 4.23196470957e-05 -0.0182494036634
-6.01812703391e-05 -3.17215965881e-05 -0.0179994657704
-2.52017911064e-05 -9.82706283629e-05 -0.017749590375
2.73814674674e-05 -0.000153591477163 -0.0174996528654
9.13404693293e-05 -0.000197019947166 -0.0172497153583
0.000155286104777 -0.00022927453144 -0.0169998399605
0.000216568656893 -0.000249188700508 -0.0167499028343
0.000284304422876 -0.000253190575274 -0.0164999653224
0.000365275862059 -0.000238107176271 -0.0162500278129
0.000450681291803 -0.000205728727413 -0.0160000906867
0.000522084527838 -0.000163696164278 -0.0157502152866
0.000572135509154 -0.000118226460376 -0.0155002781604
0.000609683600602 -6.83604148688e-05 -0.0152503406485
0.000642214812995 -1.21329051907e-05 -0.0150004031389
0.000666497630585 4.64954433314e-05 -0.0147504656294
0.000677644828602 0.000101468817577 -0.0145005281246
0.000675095706315 0.000149596337937 -0.0142505285129
0.000661344147639 0.000191065973492 -0.0140005285177
0.000642670631506 0.000230062899557 -0.0137505289108
0.000625521138059 0.000270802894928 -0.0135005910298
0.000609132576444 0.000312050861196 -0.0132505910394
0.000588189304476 0.000350580901124 -0.0130005910514
0.000560480483688 0.000385915210727 -0.0127505914491
0.000525392341233 0.000418211100794 -0.0125005293468
0.000479534919394 0.000445865425623 -0.0122505293564
0.000422542839545 0.000467599159307 -0.0120004055305
0.000363010570939 0.000484747089033 -0.0117502817046
0.000308545657172 0.000498690481798 -0.0115002196023
0.000256994232079 0.00050743938158 -0.0112500957692
0.000205259475649 0.000508260482873 -0.0109999711669
0.000153197421094 0.000499345243309 -0.0107497848411
9.8876108268e-05 0.000477259123978 -0.010499598127
4.42644199407e-05 0.000440655025826 -0.0102493492988
-2.59207362307e-06 0.000393461129896 -0.00999910046818
-3.71846467302e-05 0.000338514939085 -0.00974885163519
-5.9691897833e-05 0.000275585324878 -0.00949860241401
-6.79705572081e-05 0.000207160210291 -0.00924841491647
-5.85902980408e-05 0.00013782250517 -0.00899822664976
-3.26938664702e-05 6.92465688832e-05 -0.00874816299482
5.16401029558e-06 2.06303047093e-06 -0.0084980993375
5.27252212763e-05 -5.98948448811e-05 -0.00824809778959
0.000111268025347 -0.00011081872349 -0.00799822123444
0.000181117978255 -0.000146757605877 -0.00774840679111
0.000257204312507 -0.000167220514505 -0.00749865446198
0.000331425024146 -0.00017367387588 -0.00724890251383
0.000398772008277 -0.000167409754851 -0.00699921345146
0.000457243553276 -0.000149819350912 -0.00674946266067
0.000504628833978 -0.000123540965396 -0.00649971225567
0.000540257017682 -9.11764364006e-05 -0.00624996223647
0.000566938910419 -5.33178127507e-05 -0.00600016295266
0.000589659882448 -8.19160799764e-06 -0.00575035765152
0.000610890657906 4.52838123594e-05 -0.00550055860182
0.000626040516028 0.000102229365557 -0.00525074092025
0.000629425566138 0.000155299783794 -0.0050008609347
0.000623521404785 0.000204444438193 -0.00475093727896
0.000615523261736 0.000255076651142 -0.00450101350915
0.000607526860136 0.000307583573277 -0.0042510834141
0.000594899648422 0.000355992041557 -0.0040011282443
0.000574414055435 0.000397260798664 -0.0037511356924
0.000550586936158 0.00043542958475 -0.00350112431407
0.000529623039625 0.000474412218974 -0.00325113129947
0.000509270920917 0.0005122151408 -0.00300113161075
0.000480531632735 0.000543970023987 -0.00275110047987
0.000438642713187 0.000567220778398 -0.0025010257931
0.000388938593933 0.000583802698818 -0.00225092645425
0.000339289076833 0.000596516402027 -0.00200083340351
0.000286530821946 0.000601625366157 -0.0017507340256
0.000222096679576 0.000590324373064 -0.00150060351487
0.000151652286619 0.0005623502052 -0.00125046073633
8.78512798997e-05 0.000524647470179 -0.00100033636009
3.13330776336e-05 0.000476058571302 -0.000750229922951
-2.08057725572e-05 0.000411906182317 -0.000500135873467
-6.32030578596e-05 0.000336552376238 -0.000250063382029
-8.88028784202e-05 0.00025858601426 -1.80887419001e-08
-9.47479413377e-05 0.000183370712783 0.000250004535616
-8.18075217427e-05 0.000112439457209 0.00050001422432
-5.29333528553e-05 4.55048496852e-05 0.000750021829563
-9.62357341589e-06 -1.50512220666e-05 0.00100003019881
4.85762009485e-05 -6.45954537296e-05 0.00125005083562
0.000118150147883 -0.000101833729338 0.00150008995116
0.000191748996869 -0.000127711487542 0.00175015379521
0.00026685797792 -0.000139966452416 0.00200023619541
0.000345231802798 -0.000134807423451 0.00225034324768
0.000423757534163 -0.000112507264937 0.00250048733531
0.000494276957145 -7.76808802202e-05 0.00275064982429
0.000549827505066 -3.60564768224e-05 0.00300079965991
0.000590029458822 9.70459146051e-06 0.00325094305312
0.000621034852251 6.21993681182e-05 0.00350108629202
0.000645589057749 0.000122095295555 0.00375124179943
0.00065771145299 0.000180835949267 0.00400137227019
0.000652198731693 0.000228266989533 0.004251446611
0.000633566110575 0.000265335617048 0.00450147103256
0.000610718494643 0.000301071168482 0.00475148287888
0.000587157248227 0.000339360245996 0.00500150078349
0.000561486808008 0.00037762467057 0.00525151865142
0.000532987749605 0.000414114396686 0.00550151788746
0.000502522757133 0.000449070873218 0.00575150462541
0.000469987162598 0.000481780308283 0.00600148507477
0.000433468251281 0.000510289269495 0.0062514655622
0.000392154373979 0.000533977021744 0.00650134057556
0.000349313301521 0.000554991028416 0.00675127770166
0.000308434596454 0.000575110403048 0.00700121482778
0.000265697043224 0.000590628803543 0.00725108945393
0.000212281092156 0.000593020488228 0.00750090196829
0.000147598750451 0.000578403189864 0.00775065198029
8.4738074967e-05 0.000554820361167 0.00800040199228
3.62153681554e-05 0.000533265504031 0.00825015200191
-5.23185526101e-07 0.000511427119533 0.00849996373757
-3.54579107571e-05 0.000475879659834 0.00874977585662
-7.17689262261e-05 0.000417820117224 0.00899952547811
-0.000103634381648 0.00034089944561 0.0092492750996
-0.000120757207719 0.000259329030749 0.00949902510688
-0.000117029294549 0.000184485965599 0.00974889933538
-9.63532427596e-05 0.000113343892583 0.00999889855905
-6.51788835049e-05 4.09673435078e-05 0.0102488364425
-2.3299310193e-05 -2.5726670938e-05 0.0104988981637
3.31492185017e-05 -7.62385958911e-05 0.0107490227659
0.000103600411898 -0.000107376034892 0.01099927198
0.000180596211086 -0.000122747712584 0.0112495215774
0.000253339671898 -0.000127995216984 0.0114997715582
0.000314830116958 -0.000126199515258 0.0117499598129
0.000367120176551 -0.000114741911428 0.0120001480677
0.00041764720325 -8.71667101194e-05 0.0122503367082
0.000469570745657 -4.00091757521e-05 0.0125005870772
0.000517673425513 2.23435727015e-05 0.0127507753319
0.000553823448417 9.02736110712e-05 0.0130009632057
0.000573575414284 0.000155111123349 0.0132510268535
0.000578536737041 0.000214089463783 0.0135010897344
0.000573828591601 0.000270240484037 0.0137510905036
0.000562330018857 0.000324724402871 0.0140010908893
0.000544549920434 0.000375159121205 0.0142510291657
0.000522197124569 0.000421581702943 0.0145009670563
0.000496458081397 0.000463749224767 0.0147509049517
0.000467377091822 0.000500287540328 0.0150007807376
0.000437203243163 0.000534148280983 0.0152507186354
0.000408236693897 0.000567991347365 0.0155006561498
0.0003771329884 0.000597653662656 0.0157505315525
0.000336119162176 0.000615967699791 0.0160004073385
0.000280875346539 0.000619893717885 0.0162502827387
0.000216375450253 0.000613540010772 0.0165000964105
0.000152707377011 0.00060433468503 0.016749971806
9.45702414627e-05 0.000594728481059 0.0169998475872
3.82681350515e-05 0.00057870531674 0.0172497229803
-2.00078998941e-05 0.000548684048049 0.0174996608709
-7.685676097e-05 0.000504811041662 0.0177495983758
-0.000125918720509 0.000452573668089 0.017999536264
-0.000164608429288 0.000393826464077 0.0182495358782
-0.0001918077068 0.000328891673712 0.0184995979876
-0.000204606478698 0.000262579387456 0.0187496600969
-0.00020115228985 0.000199275292197 0.0189997843181
-0.000182459371968 0.000138041613822 0.0192499085393
-0.000150095266765 7.78092563385e-05 0.0195000948723
-0.000105016598843 2.11798345266e-05 0.0197502815886
-4.83793811504e-05 -2.75482689827e-05 0.0200004679216
1.86544595103e-05 -6.35223594804e-05 0.0202505921404
9.50914205616e-05 -8.22734231426e-05 0.0205007167426
0.000178179194032 -8.22868845969e-05 0.0207507788495
0.000261076684123 -6.6938002611e-05 0.0210008409565
0.00033568454596 -4.14253259966e-05 0.0212508409493
0.000399584534099 -6.25530743303e-06 0.0215007784469
0.00045300242666 3.92258180727e-05 0.0217507163279
0.00049122014563 8.77620471223e-05 0.0220005917113
0.000512094928755 0.000132831336262 0.0222504667089
0.000522971815982 0.000181155358758 0.0225002799829
0.00052961783667 0.000240348401364 0.0227500928735
0.000528542652513 0.000302771783994 0.0229999053783
0.000515137513293 0.000354556157228 0.0232497182714
0.000490986999445 0.000392717980979 0.0234995928928
0.000461880666366 0.000426954157006 0.0237494679
0.00043259314953 0.000467498116804 0.0239993429096
0.000403516473037 0.00051254954785 0.0242491561933
0.000371380622887 0.000550927876395 0.0244990319769
0.000333206890966 0.000576233479785 0.0247489077629
0.000289590628431 0.000592283765594 0.0249988452725
0.000245129284341 0.000607764134089 0.0252487831703
0.000205333886227 0.000629104103801 0.0254986585681
0.00017003917846 0.000654078153705 0.0257485343518
0.000131883362204 0.000672495105666 0.025998472633
8.47517777768e-05 0.00067576350505 0.0262484109118
2.95558119237e-05 0.000662342898075 0.0264984734118
-2.66540463763e-05 0.000638155968632 0.0267484738024
-7.57405199411e-05 0.000612755686064 0.0269985374598
-0.000118312143169 0.000583124465279 0.0272486011147
-0.000160665127944 0.000532061100418 0.0274987272649
-0.000199893608635 0.000456605387766 0.0277489151435
-0.000225333483232 0.000376564407878 0.0279991651314
-0.000231952856389 0.000306339006455 0.0282493533934
-0.000222717658081 0.000239197098211 0.0284995420411
-0.000200677460185 0.000167156764356 0.0287497314604
-0.000164900093658 9.84907627201e-05 0.0289999818317
-0.000114693340063 4.28178473365e-05 0.0292501700937
-5.43518851674e-05 -3.41421249872e-06 0.029500357584
9.46269859582e-06 -4.48966939493e-05 0.029750606798
7.39665129493e-05 -7.62063714303e-05 0.0300007310168
0.000140031699816 -8.91232240443e-05 0.0302509165758
0.000207198212029 -8.12125911995e-05 0.0305010396372
0.000273184920322 -5.36089297655e-05 0.0307511615413
0.000336445249067 -6.22291764721e-06 0.0310012209478
0.000394764739664 6.00433819128e-05 0.0312513424661
0.000441824464827 0.000136410388947 0.031501339375
0.000471237460509 0.000209828482701 0.0317513987838
0.000484392062766 0.000278120822691 0.0320013335809
0.000486350193028 0.000347499426754 0.0322513312638
0.000478294419701 0.000416332305366 0.0325012672206
0.000460749145945 0.000479738974175 0.0327511418396
0.000436197947789 0.000538062029777 0.0330010785705
0.000406450827008 0.000589454397202 0.0332509535753
0.000372265577004 0.000628247986371 0.0335008293517
0.000334150899166 0.000651403638583 0.0337507051304
0.000292570537241 0.000661912749282 0.034000581295
0.000248762134628 0.000667876059508 0.0342504578454
0.000204070993481 0.000674652718634 0.0345002722839
0.00015752597302 0.000679227760764 0.0347501484461
0.000107256333663 0.000677277914229 0.0349999628847
5.44767667682e-05 0.000670318136927 0.0352497773232
2.34164158556e-06 0.000661901081312 0.0354995917594
-4.81432101938e-05 0.000651278541545 0.035749467924
-9.88731043499e-05 0.000632111178175 0.0359992827459
-0.000150501430888 0.000598733643859 0.0362490971844
-0.000198808968665 0.000554700293687 0.036498911623
-0.000238653010934 0.000508201104297 0.0367487881734
-0.000269041771429 0.000459115215202 0.0369986654953
-0.000290817398823 0.000399545651993 0.037248604929
-0.000302213087726 0.000328229022882 0.0374985443627
-0.000299632759812 0.000256664478383 0.0377485459083
-0.000281368111257 0.000195688279234 0.0379986095656
-0.000248054058675 0.000144635844683 0.0382487349514
-0.000200873028576 9.98636274308e-05 0.0384988603347
-0.000141203032339 6.22272705158e-05 0.0387490478299
-7.18238371593e-05 3.24599622846e-05 0.0389992349393
2.33054785316e-06 8.99700862204e-06 0.0392494837747
7.61859747889e-05 -6.72444845737e-06 0.0394996701125
0.000147891727119 -7.18526577147e-06 0.0397498560645
0.000217675776987 1.47105861078e-05 0.0400000420166
0.000282256718197 5.56675350819e-05 0.0402502275828
0.000334817868672 0.000103754852585 0.0405003506539
0.000372176715061 0.000152124434086 0.0407504119965
0.000395928584771 0.00020204095997 0.0410004733392
0.000406957877991 0.000251594110687 0.0412504729558
0.000406217360706 0.00029761136036 0.0415004100725
0.000396903251537 0.000345540782423 0.0417504093009
0.000380832529521 0.000400387299146 0.0420003468034
0.000357486031314 0.000456049076416 0.0422502843034
0.000327158209272 0.000503952134737 0.0425002218058
0.000291607552775 0.000543479391214 0.0427500971917
0.000252633349893 0.000578759268582 0.0430000346917
0.00021158740454 0.000611183537313 0.043249972187
0.000169439828855 0.000638873187902 0.0434998479586
0.000126531245688 0.00065958687081 0.0437497854538
8.24097192094e-05 0.000671946339735 0.043999722949
3.69502993001e-05 0.000677800327402 0.0442496608276
-7.99958518195e-06 0.000683301647676 0.044499536211
-5.06613423111e-05 0.000691762705412 0.0447494737038
-9.31447187811e-05 0.000696379466833 0.0449994733108
-0.000138537659929 0.000687915894813 0.045249410806
-0.000185341706939 0.000667082761864 0.0454993483036
-0.000230253686146 0.000638291550537 0.0457492854178
-0.000272429275328 0.000596752812016 0.0459992229154
-0.000310319923912 0.000535808560065 0.0462490979179
-0.000339344056585 0.00046120812928 0.0464990354203
-0.00035548450264 0.000386268334998 0.0467489725345
-0.000357778872359 0.000314511341715 0.046998910037
-0.000346153380597 0.000238815660382 0.04724878543
-0.000320161835592 0.000158455209337 0.0474987229324
-0.000280403077419 8.24101836559e-05 0.0477485987112
-0.000228719767495 1.89345436479e-05 0.0479984748734
-0.000167366897241 -2.74806909553e-05 0.0482484135356
-9.86435491706e-05 -5.52009880409e-05 0.0484983521954
-2.51105649993e-05 -6.46918404633e-05 0.0487483537386
5.03497413377e-05 -5.63410016232e-05 0.0489983552841
0.00012441197596 -3.13122125316e-05 0.0492484193248
0.000192921255637 6.52581002959e-06 0.0494984833655
0.000251787482871 5.25176981251e-05 0.0497486091371
0.000299077761227 0.000105988163992 0.0499987974038
0.000335593658375 0.000173186115778 0.0502490473989
0.000361329310013 0.000258323444019 0.0504994208437
0.000372730086439 0.000348088317013 0.0507497942909
0.000367699085132 0.000420293004494 0.0510001673522
0.00034993349975 0.00047302910639 0.0512504158066
0.000323807130552 0.000523144990719 0.051500725987
0.000290839494661 0.000574421188164 0.0517510978958
0.000252966250155 0.000612447045955 0.052001345581
0.000213030429268 0.000629812713403 0.052251592878
0.000171988721436 0.000636511283369 0.0525017159538
0.00012950509414 0.000643858044767 0.0527518390272
8.60161916434e-05 0.000651467658445 0.0530020242125
4.19820778445e-05 0.000654738942742 0.0532521472835
-2.63875381935e-06 0.000653735536883 0.053502270738
-4.77834351884e-05 0.00064924048579 0.0537523938042
-9.36142994326e-05 0.000638739585136 0.0540024547587
-0.000140129439538 0.000620813598957 0.054252516099
-0.000186185869113 0.00059768642055 0.0545025153227
-0.000230566852806 0.00056991908742 0.0547525145463
-0.000272561492824 0.000534112332319 0.05500245127
-0.000310525370044 0.00048999014449 0.0552523262653
-0.000342141083636 0.000442505901914 0.0555021391488
-0.000365993421684 0.000394021349091 0.0557520141464
-0.000380997392321 0.000342931148595 0.0560017649204
-0.000385811905458 0.000290460526415 0.0562515160802
-0.000379368314731 0.000240144732693 0.0565012672424
-0.000360386537673 0.000190550876198 0.0567509566786
-0.00032677764517 0.00013540437659 0.0570006461148
-0.000277727741865 7.35566603945e-05 0.0572502120989
-0.000215823306594 1.48430517031e-05 0.0574997780855
-0.000145308904402 -2.88754510094e-05 0.0577494065672
-6.95538955305e-05 -5.53448982994e-05 0.0579990971607
7.98387155059e-06 -6.75841895523e-05 0.0582487881401
8.34874480048e-05 -6.3379643056e-05 0.0584986029572
0.000153992049072 -4.05116812466e-05 0.0587484181625
0.000216395906924 -5.0085919747e-06 0.0589982954797
0.000268076341927 3.90838315191e-05 0.0592482345228
0.000308424776967 9.7223135778e-05 0.0594982356802
0.000336573699173 0.000170725101502 0.0597482989469
0.00035072804498 0.000249076596922 0.0599983622161
0.000350682038647 0.000320481868458 0.0602484872137
0.000338346518572 0.000381205095476 0.0604985500994
0.000316040470507 0.000433893597764 0.0607486747112
0.00028572097535 0.000480126125056 0.0609987993254
0.000248970072499 0.000521227615542 0.0612489235562
0.000206546620991 0.000561428106608 0.0614989856753
0.00016016250732 0.000598953494345 0.0617491095203
0.000112856267959 0.000627690820597 0.0619992333653
6.5664320609e-05 0.000650394664379 0.0622493568246
1.91252162793e-05 0.000671063350796 0.0624994174004
-2.46742149444e-05 0.000681796748575 0.0627494174124
-6.59630484673e-05 0.000674375474655 0.0629994174125
-0.000107543239631 0.000655867709059 0.0632500385305
-0.000150149707944 0.000639187079376 0.0635000385305
-0.000192773080106 0.000624014719546 0.0637500385305
-0.000235121133596 0.000600439205686 0.0640000346727
-0.000276463775467 0.000565301786864 0.0642500346727
-0.000315013921826 0.000520619796275 0.0645006557907
-0.000348583740738 0.000465316200578 0.0647506557907
-0.000374650166826 0.000399569193939 0.0650006557907
-0.000391034302778 0.000328094211611 0.0652506519326
-0.000396625881876 0.000257091927401 0.0655012730267
-0.000391483344137 0.000192609284837 0.0657512730267
-0.000375452984594 0.000135294524627 0.0660012691688
-0.000346572568658 7.9091029284e-05 0.0662512691688
-0.000303787086541 2.30323701598e-05 0.0665018902867
-0.000249542578803 -2.45711998803e-05 0.0667518864288
-0.000187032214843 -5.65268790188e-05 0.0670018864288
-0.000118154960846 -7.17085790735e-05 0.0672518864288
-4.45718309817e-05 -7.26142943084e-05 0.0675018864288
3.08559220957e-05 -6.24187375358e-05 0.0677518825709
0.000103518882583 -3.83322401342e-05 0.0680018825709
0.000169236025477 8.46742709375e-06 0.0682518825709
0.000225571836386 7.67214373385e-05 0.0685012614529
0.000270126584855 0.000149199642855 0.0687512653106
0.000300848037445 0.000215812238174 0.0690012653106
0.000316886096778 0.000285455472532 0.0692512691685
0.000318038305858 0.000360624775717 0.0695006480505
0.000306290188494 0.000425638490042 0.0697506519084
0.000285155257217 0.000472957098941 0.0700006557663
0.000255639727786 0.000513756803803 0.0702506557663
0.000217483031572 0.00055593047966 0.0705000385061
0.000173031781815 0.000594244456459 0.0707500385061
0.000125855330116 0.000622730679226 0.0710000385061
7.8380319781e-05 0.000640393555234 0.0712500423642
3.2641480196e-05 0.000646240317963 0.0715000423642
-1.06536054342e-05 0.000640650451522 0.0717500423642
-5.4157154615e-05 0.000631083311271 0.0720000423642
-0.000100481236109 0.000626940874961 0.072250046246
-0.000147512368457 0.00062595582799 0.072500046246
-0.000191820524053 0.000615326189938 0.0727500462461
-0.000233845749479 0.000591670130661 0.0729994251281
-0.000275432712184 0.00056859138374 0.0732494251281
-0.000316566699666 0.000556758446925 0.0734994251281
-0.000355991090545 0.00054714046331 0.0737494251522
-0.000391586774865 0.000521369056485 0.0739994212944
-0.000420548761068 0.000472894311497 0.0742494212944
-0.00044114504379 0.00041128439687 0.0744994212944
-0.000452624475991 0.000346370157685 0.0747494212944
-0.000453136964348 0.000278791918828 0.0749994212944
-0.000441301176004 0.000210359027002 0.0752494174365
-0.000418296141426 0.000148513231327 0.0754994174365
-0.000384002833848 9.46837911942e-05 0.0757494135546
-0.000334757674076 4.19276051048e-05 0.0759994135548
-0.000269437209094 -1.16894327242e-05 0.0762494096969
-0.000194186970065 -5.61747857058e-05 0.0764994096969
-0.000117244710218 -7.93814980031e-05 0.0767494096969
-4.19625373452e-05 -7.93928671159e-05 0.0769994096969
3.16488104668e-05 -6.3786390412e-05 0.077249405839
0.000101143893997 -3.72926251878e-05 0.0775000269569
0.000161707590817 4.36531070604e-06 0.0777500269569
0.000210100533784 6.44229522465e-05 0.0780000269569
0.000245309861755 0.00013620716474 0.0782500269329
0.000267116977887 0.000209136626946 0.078500648051
0.000275847699374 0.000276358962596 0.078750648051
0.000272017673076 0.000337381188501 0.079000648051
0.000255329265746 0.000397355634297 0.079250648051
0.000225835563868 0.000458125740883 0.079501269169
0.000185663182759 0.000515107932401 0.0797512691929
0.000136546232798 0.000567031498918 0.0800012691929
8.05997145557e-05 0.000612879337414 0.0802518903108
2.51394953124e-05 0.000642646904289 0.0805018903108
-2.43044954201e-05 0.000652172760916 0.0807518903108
-7.18310936938e-05 0.000653481890485 0.0810018903108
-0.000120382768579 0.000654164496182 0.0812518903108
-0.000165394916991 0.000647444278963 0.0815018903108
-0.000205494262212 0.000630233506049 0.0817518903108
-0.000244553046735 0.000609308584686 0.0820018941687
-0.000283665619999 0.000587321130388 0.0822518941687
-0.000321337204487 0.000560074484274 0.0825012730505
-0.000356922017285 0.000525402131402 0.0827512730505
-0.000389582444848 0.000482323443771 0.0830012730507
-0.000417846431969 0.000429976651359 0.0832512730267
-0.00044155444899 0.000374643681582 0.0835012768846
-0.000461586674949 0.000324726161139 0.0837506557666
-0.00047653052428 0.000277916358 0.0840006557426
-0.00048145903535 0.00022396561974 0.0842506557426
-0.000471868612085 0.000158838641457 0.0845006596005
-0.000449690441872 9.34309892109e-05 0.0847500384825
-0.000421755691668 4.31859933267e-05 0.0850000384825
-0.000388232360334 7.93888855694e-06 0.0852500423403
-0.000339730685649 -2.64677969165e-05 0.0854994212223
-0.000270924589755 -6.63379682537e-05 0.0857494212223
-0.000190187738509 -0.000100243887036 0.0859994250802
-0.000111309062558 -0.000111090116745 0.0862494250802
-3.99808419698e-05 -9.30838222407e-05 0.0864988039622
2.67632446249e-05 -5.51841544369e-05 0.0867488039622
9.01823033739e-05 -8.21563759247e-06 0.0869988039622
0.000145345586167 4.73960972591e-05 0.0872488039622
0.000187333426905 0.000114213850018 0.0874994251042
0.000215819915253 0.000184427122572 0.0877494251042
0.00023192958481 0.00024833955068 0.0879994212702
0.00023480004256 0.000307338582012 0.0882494212702
0.000223372589393 0.000365852169902 0.0884994174363
0.000199105564254 0.000421689043329 0.0887494174363
0.000165869372176 0.000468648815485 0.0889994135785
0.000127287147159 0.000503658069992 0.0892494097445
8.27132865664e-05 0.000532026542059 0.0895000308626
2.96939387547e-05 0.000559920611869 0.0897500270286
-2.82826279171e-05 0.000583614298859 0.0900000270286
-8.38805166713e-05 0.000595672928453 0.0902500270286
-0.000133868887785 0.000595104382755 0.0905000231708
-0.000179335793972 0.000585514455106 0.0907500231708
-0.000223227198929 0.000571910869505 0.0910000231708
-0.000267970998527 0.000558868406649 0.0912500193129
-0.000311764498838 0.000545252193981 0.0915000193129
-0.00035151384969 0.000526055402147 0.0917500193129
-0.00038799374622 0.000501538366994 0.0920000192889
-0.000424165900895 0.000477889111271 0.0922500192889
-0.000460499776752 0.000457174097099 0.092500019265
-0.00049291079835 0.000429674982219 0.092750019265
-0.000516051012397 0.000384409596666 0.093000640383
-0.000528408391695 0.000323718397766 0.0932506442169
-0.000529903276729 0.000254571969474 0.0935000230989
-0.000518958815133 0.000180196564818 0.0937500230989
-0.000496635011023 0.000107389859819 0.0940000230989
-0.000465427792437 4.2782604891e-05 0.0942500269566
-0.000424799242617 -1.31026193394e-05 0.0945000307905
-0.000372225384503 -6.22479407396e-05 0.0947500307905
-0.000305377954557 -0.000106210216097 0.0950000307905
-0.000227102168933 -0.000141680416114 0.0952500346484
-0.000146486099064 -0.000160434055852 0.0954994173884
-7.06596987726e-05 -0.000157480333467 0.0957494173884
-7.06822290504e-07 -0.00013471751821 0.0959994173884
6.36405929568e-05 -9.65997673827e-05 0.0962494212463
0.000120044364794 -4.55007067768e-05 0.0964994212463
0.000165401914648 1.6967261716e-05 0.0967488001283
0.000197717631309 8.77269332094e-05 0.0969988001283
0.000214252440603 0.00016619120725 0.0972488001283
0.000212304167884 0.000253010962773 0.0974988001283
0.000193665451159 0.000340514202106 0.0977488001283
0.000164052252264 0.000416117084096 0.0979994212464
0.000127334333374 0.000475179679411 0.0982494173886
8.45401557353e-05 0.000520158240364 0.0984994173886
3.67837153264e-05 0.000553387523788 0.0987494174125
-1.44358307695e-05 0.000576378978266 0.0989994135546
-6.72813032511e-05 0.000590096766933 0.0992494135546
-0.000118949486984 0.00059435989902 0.0995000346727
-0.000166935829096 0.000589279730163 0.0997500308387
-0.000211440011267 0.000577170107729 0.100000030839
-0.000253786268079 0.000560645948337 0.100250030839
-0.000293021851159 0.000539542420563 0.100500030863
-0.000328344681337 0.000513141640812 0.100750030863
-0.000361150393762 0.000482678795472 0.101000030863
-0.000392401551384 0.000449269803738 0.101250648123
-0.000421484758225 0.000412469527675 0.101500648123
-0.000447941484085 0.000372310043838 0.101750648147
-0.000472153931191 0.000330833271873 0.102000648147
-0.000492828753746 0.000287432230565 0.102250648147
-0.000505080003502 0.000235789399846 0.102500648123
-0.000506013964666 0.000174717680871 0.102750648123
-0.000500794864787 0.000115926047045 0.103000648123
-0.000495579006628 6.92538157419e-05 0.103250648123
-0.000486106916982 2.92190924593e-05 0.103500648123
-0.00046286973626 -1.30840069852e-05 0.103750648123
-0.000423649121652 -5.60109463582e-05 0.104000027005
-0.000370613472473 -9.41010921567e-05 0.104250026981
-0.000304149693287 -0.000125054789895 0.104500030839
-0.00022922623722 -0.000144090732079 0.104750030839
-0.00015520613096 -0.000144338804586 0.104999409721
-8.38800065612e-05 -0.000126182014805 0.105249413578
-1.07221136796e-05 -9.71141440435e-05 0.105499413554
6.24779847971e-05 -6.17903798366e-05 0.105748796294
0.000126912169868 -1.84245332395e-05 0.105998796294
0.000176006491509 3.49370359825e-05 0.106248800152
0.000208590150929 9.58065934686e-05 0.106498800128
0.000224781686407 0.000160931562862 0.106748800128
0.000223567894262 0.000229542593288 0.106998803986
0.000205501508141 0.000299163077283 0.107248803986
0.000174066503087 0.00036390380623 0.107498803962
0.000131863670766 0.000420597562618 0.107748803962
7.92675001233e-05 0.000469771624759 0.107998800104
2.01479779929e-05 0.000508537644732 0.108248800104
-3.77169430789e-05 0.000531719774983 0.108498800104
-9.11582627927e-05 0.000540177867748 0.108748796246
-0.000144122374805 0.000540322617972 0.108998796246
-0.00020186671387 0.000538042509535 0.109248792389
-0.000264793978795 0.00053513228633 0.109498792389
-0.000325839454921 0.000528615962447 0.109749409673
-0.00037701936119 0.000514729219526 0.109999409673
-0.000417062533719 0.000493131943011 0.110249409697
-0.000448739919733 0.000465170946833 0.110499409721
-0.000474013436415 0.00043095621753 0.110749405863
-0.000493665773971 0.000389617193982 0.110999405887
-0.000507851988283 0.000340491519879 0.111249405887
-0.000517989382218 0.00028609572389 0.111499405911
-0.000526219874852 0.00023140017409 0.111749405911
-0.000529920616099 0.000175590495618 0.111999402053
-0.000523921757802 0.000115089762853 0.112249402053
-0.000508788621059 5.37346069135e-05 0.112499402077
-0.000486734372731 -3.5672395872e-06 0.112749402077
-0.000455349399911 -5.71388385714e-05 0.112999402077
-0.000413108368472 -0.000106125027853 0.113249402053
-0.000360390583163 -0.000148080631142 0.113499398195
-0.000296018708769 -0.000182140969579 0.113749398195
-0.000223528834201 -0.000204885109272 0.113999398195
-0.000153705428592 -0.000209740472558 0.114249402053
-9.24430102156e-05 -0.000194079647373 0.114499402029
-3.40713796912e-05 -0.000162579323043 0.114749402029
2.69147830521e-05 -0.000121394429262 0.114999402029
8.46334626883e-05 -7.11569674309e-05 0.115249405887
0.000129115354292 -9.10218580882e-06 0.115499405863
0.000158101501931 6.23797181077e-05 0.115749405863
0.000173825152831 0.000136446880353 0.116000030815
0.000173692187486 0.000211579856201 0.116250030815
0.000152467478044 0.000290564931326 0.116499413531
0.00011210893218 0.000368862602353 0.116749413531
6.27141559627e-05 0.000434521941717 0.116999413531
1.27099894941e-05 0.000480555133662 0.117249417365
-3.59513264043e-05 0.000508602049359 0.117499417364
-8.50459628801e-05 0.000523666139304 0.11774941734
-0.000137880369977 0.000530750652744 0.11799941734
-0.000193355750816 0.000530741041872 0.118248796222
-0.000244185768753 0.000520978486593 0.118498796222
-0.000286983135201 0.000501778268854 0.118748796222
-0.000325032843185 0.000476591565268 0.118998796222
-0.000362393536475 0.000448458370048 0.119248175128
-0.000401591670588 0.000419553558177 0.119498175128
-0.000441413727747 0.000390415471177 0.119748175152
-0.000476627032449 0.000358788597144 0.119998171294
-0.00050288393464 0.000321352325755 0.120248171318
-0.000520831760969 0.000277251439459 0.1204975502
-0.000535631450748 0.000230522110883 0.120747550224
-0.000551999569826 0.00018655839425 0.120997550224
-0.00056836878797 0.000145127470983 0.12124754639
-0.000579022851858 0.000101667576838 0.12149754639
-0.000580776043247 5.4619568462e-05 0.12174754639
-0.00057402186561 6.28077332482e-06 0.12199754639
-0.000559053702099 -4.09039614449e-05 0.122247542533
-0.000530880292807 -8.79468189476e-05 0.122497542533
-0.000482457703566 -0.000135822367179 0.122747538675
-0.000418712974536 -0.000177861816961 0.122997538675
-0.000352477954434 -0.000205342187321 0.123247538675
-0.000284434662748 -0.00021766511074 0.123497534817
-0.000207303743138 -0.000218037331742 0.123747534793
-0.000123011066756 -0.000206290696377 0.123998155911
-4.09562973023e-05 -0.00018067282426 0.124248152053
3.06780482239e-05 -0.000140872227597 0.124498152053
8.72182321727e-05 -8.81019780757e-05 0.124748152053
0.000127760294257 -2.52747518493e-05 0.124998152053
0.000153712377043 4.30054171825e-05 0.125248152029
0.000165223493108 0.000112841260208 0.125498155887
0.000158075640296 0.000184599417179 0.125748155887
0.00012776030481 0.000259865662006 0.125998155887
7.93051730206e-05 0.000332394590818 0.126248159745
2.53198261553e-05 0.000390882222299 0.126498159745
-2.82214409503e-05 0.000431763342405 0.126748159745
-8.48898423239e-05 0.000459615358052 0.126998163603
-0.000148596661649 0.000478454048296 0.127248163603
-0.000219094083952 0.000489143011875 0.127498163603
-0.000292530377711 0.000490940341111 0.127748163603
-0.000362051090413 0.000482776309837 0.127998163603
-0.000419865666258 0.000464295700295 0.128248163603
-0.000461455247771 0.000436721260955 0.128498163603
-0.000490309440065 0.000403154214559 0.128748163603
-0.000515135852882 0.000367356006129 0.128998163603
-0.000540321830373 0.000331322940807 0.129248163603
-0.000563245203808 0.000294286137009 0.129498163603
-0.000580153579625 0.000254111220716 0.129748163627
-0.000590460635707 0.000209618394531 0.129998163627
-0.000596632227288 0.000162039196285 0.130248163627
-0.000600584770808 0.000113380550221 0.130498163627
-0.000599975579324 6.31457819694e-05 0.130748784721
-0.000589832745068 9.26902771881e-06 0.130998784721
-0.000566903124391 -4.82254603388e-05 0.131248784721
-0.000530742613157 -0.000106629328404 0.131498784721
-0.0004844652426 -0.000161201599956 0.131748784721
-0.00043683430589 -0.000205580755273 0.131998784721
-0.000395944797852 -0.000235845586002 0.132248784721
-0.000357127814662 -0.000254257014649 0.132498784721
-0.000307553066165 -0.000264374917809 0.132748784721
-0.000243598825963 -0.000265244564127 0.132998784721
-0.000172868012393 -0.000253372869021 0.133248784721
-0.00010508761322 -0.000226395528287 0.133499405839
-4.82218179947e-05 -0.000183403667463 0.133749405839
-3.89227435779e-06 -0.000125751013279 0.133999405839
3.42385553222e-05 -5.86290912492e-05 0.134249405839
6.91087510465e-05 1.15056951054e-05 0.134499405839
9.27455423008e-05 8.24291912157e-05 0.134749405839
9.75121038381e-05 0.000154093626189 0.134999405839
8.55965879283e-05 0.000222748311628 0.135249401981
6.15612154479e-05 0.000283881929851 0.135498780863
2.63481084135e-05 0.000336062630375 0.135748780863
-1.98117131939e-05 0.000379047715166 0.135998780863
-7.65236093722e-05 0.000412825196973 0.136248155887
-0.00014046282425 0.00043613725698 0.136498155887
-0.000202769799378 0.000446227837361 0.136748155887
-0.000258887685238 0.000443608704108 0.136997534769
-0.000313982051273 0.000432210089976 0.137247534769
-0.000369226225212 0.000413804471106 0.137497534769
-0.000416312758554 0.000387875390421 0.137746913651
-0.0004526846086 0.000355686448189 0.137996913651
-0.000486346386226 0.000320082926692 0.138246913651
-0.000522308332201 0.000283085263763 0.138496913651
-0.000557150843629 0.000245204680764 0.138746913675
-0.000586346214388 0.000206277340173 0.138996917533
-0.000609859515999 0.000166489870736 0.139246917533
-0.000630540597561 0.000126830410792 0.139496296415
-0.000649066012246 8.75150368464e-05 0.139746296415
-0.000660648539874 4.59723660742e-05 0.139996296391
-0.000657498691735 -1.91211527651e-06 0.140246296391
-0.000637880409508 -5.58467674882e-05 0.140496917509
-0.000610425644 -0.000109354867625 0.140746921367
-0.000581641067077 -0.000157574647925 0.140996921367
-0.000545549589106 -0.000201507713449 0.141246921367
-0.000493591678433 -0.000241859589281 0.141497542485
-0.000426253290345 -0.000275350265522 0.141747546343
-0.000350269260677 -0.000297705646754 0.141998167461
-0.000272932679404 -0.000306150134218 0.142248167461
-0.000201100519277 -0.000299384068485 0.142498788579
-0.000135585502531 -0.000277800471575 0.142748788579
-7.0780453782e-05 -0.000242915916443 0.142998792436
-7.7790556532e-06 -0.000196221173272 0.143249413554
4.38479827295e-05 -0.000138980837398 0.143499413554
7.79970054623e-05 -7.28951067436e-05 0.143749413554
9.39609552362e-05 -5.06771602483e-07 0.143999413554
9.00677565908e-05 7.58840673579e-05 0.144249413554
6.37633623612e-05 0.000154452350794 0.144499413554
1.92976427638e-05 0.000230630601916 0.144749413554
-3.22604862301e-05 0.000296714035615 0.144998792436
-8.55934056154e-05 0.000348501476858 0.145248792436
-0.000142278881527 0.000386339602733 0.145498792436
-0.000201302604616 0.000410532983115 0.145748788579
-0.000263110416094 0.00042239303718 0.145998167485
-0.000331050928292 0.00042391852809 0.146248167485
-0.000400869473458 0.000414988355212 0.146498163627
-0.000462714950173 0.000395481842385 0.146747542509
-0.000513830659728 0.000367544237098 0.146997542533
-0.000557374749383 0.000333897682748 0.147247538675
-0.000592533231779 0.000296350309675 0.147497538675
-0.00061846859151 0.000256302296402 0.147746917557
-0.000638367024028 0.000214797236159 0.147996913723
-0.000651132830254 0.000172021325593 0.148246913723
-0.000653097052194 0.000126986996426 0.148496913699
-0.000647743617201 7.91892312497e-05 0.148746913699
-0.00064265060023 3.02687735814e-05 0.148996913699
-0.000639679119007 -1.7997091455e-05 0.149246909841
-0.000633626049108 -6.60336254326e-05 0.149496909841
-0.000619760141319 -0.000114651147073 0.149746909817
-0.000599788991671 -0.000162262845763 0.149996909817
-0.000578838645698 -0.000206067067973 0.150246909817
-0.00055759625969 -0.000245063459522 0.150496905959
-0.000528455867342 -0.000280242287776 0.150746905959
-0.000482567838747 -0.000311242073015 0.150996905936
-0.000422894349091 -0.000334506306381 0.151246909794
-0.00036110131062 -0.000346383866882 0.151496288676
-0.000298885433831 -0.000345624531523 0.151746288676
-0.000229045556263 -0.0003313513996 0.151996288676
-0.000155142886163 -0.000302683153896 0.152246292533
-9.21102149605e-05 -0.000260219678659 0.152496292533
-4.81993730279e-05 -0.000205354087679 0.152746296391
-1.84778587166e-05 -0.000139693082671 0.152996296391
4.36018387321e-06 -6.64446110802e-05 0.153246300249
2.03497395603e-05 9.73341182087e-06 0.153496300249
2.51204788742e-05 8.45124484357e-05 0.153746304131
1.70695949797e-05 0.000154283164449 0.153996304131
-3.09692402604e-06 0.000216201130695 0.154246304131
-3.79255588504e-05 0.000269410869361 0.154496304131
-9.07893807475e-05 0.000313933066909 0.154746307989
-0.000156007779319 0.000347466517697 0.154996929107
-0.000221218190402 0.000367056692093 0.155246929107
-0.000281503146452 0.000372983803146 0.155496929131
-0.000340540848575 0.000367450293541 0.155746925273
-0.000401474613285 0.00035192075178 0.155997546391
-0.000464891166556 0.000327244213349 0.156247546391
-0.000526847897469 0.000294469778812 0.156497546391
-0.000577383703084 0.000255853618531 0.156748167509
-0.000610135021865 0.000214350068248 0.156998167509
-0.000630303257693 0.000171561600406 0.157248167509
-0.000646414669892 0.000127782492629 0.157498167509
-0.000659447520519 8.36494281632e-05 0.157748167509
-0.000665909791763 3.95984401098e-05 0.157998167509
-0.000666030356373 -4.66422838153e-06 0.158248163627
-0.000662960258588 -4.92553631045e-05 0.158498163627
-0.000656064958566 -9.41592939526e-05 0.158748163627
-0.000640686928874 -0.000139975578583 0.158998163627
-0.000617295413516 -0.000186062620162 0.159248163627
-0.000592186128212 -0.000230174298326 0.159498163627
-0.000564166921063 -0.000271443846672 0.159748163627
-0.000525081503525 -0.000309694279331 0.159998159769
-0.000474182779895 -0.00034272379448 0.160248159769
-0.000414355483908 -0.000367861668524 0.160497538651
-0.00034230949196 -0.000382688053 0.160747538651
-0.000258160992641 -0.000384475233717 0.160997538651
-0.000174975061152 -0.000372254695949 0.161246913675
-0.000108758315966 -0.000347833274575 0.161496913675
-6.2675162498e-05 -0.000312695293411 0.161746913675
-2.54889017401e-05 -0.000265656854046 0.161996909817
1.26575373528e-05 -0.000205899154199 0.162246288699
4.61668082805e-05 -0.000136511367002 0.162496288699
6.10417906647e-05 -6.20944298313e-05 0.162746288699
5.27388826414e-05 1.44999944062e-05 0.162996288699
2.83696894912e-05 9.03258909679e-05 0.163246288699
-6.80419845892e-06 0.000161157183112 0.163496288699
-5.48198218316e-05 0.000223532699721 0.163746288699
-0.000114925461722 0.000274789439121 0.163996292557
-0.000178151109477 0.000312189430536 0.164246292557
-0.000238511845842 0.000334777210506 0.164496296415
-0.000298442136638 0.000343592875722 0.164746300273
-0.00035901826845 0.000339775298066 0.164996300249
-0.000417452464714 0.000324474858374 0.165246304107
-0.000468832802523 0.000299568332178 0.165496304107
-0.000507582020431 0.000267846790166 0.165746307965
-0.000537816411253 0.000231164111561 0.165996307965
-0.000569798898642 0.000189142297691 0.166246311799
-0.0006018933907 0.000142970246413 0.166496311799
-0.000624402362187 9.6154109809e-05 0.166746932917
-0.000636214787177 5.02069415225e-05 0.166996932917
-0.000642272512775 4.65758374291e-06 0.167246932941
-0.00064274582846 -4.03086229673e-05 0.167496932941
-0.000635366682389 -8.46363158011e-05 0.167746932941
-0.00062201999152 -0.000128950285939 0.167996932965
-0.000607938542687 -0.000173195446676 0.168246929107
-0.000597007119031 -0.000216448984653 0.168496929131
-0.000587708860349 -0.000258069067909 0.168746929131
-0.000573515524089 -0.000298000157262 0.168996925297
-0.000548505824142 -0.000335737538004 0.169246925297
-0.0005095040166 -0.000369687890529 0.169496921463
-0.000455523806193 -0.000397210410403 0.169747542581
-0.000392700152428 -0.000415779069775 0.169997538723
-0.000332731855356 -0.00042463683329 0.170247538723
-0.000274993720892 -0.000422637538279 0.170497534865
-0.000205376796796 -0.000405062538648 0.170747531007
-0.000123262636015 -0.000369145837532 0.170997527149
-4.75825946279e-05 -0.000319133230254 0.171247523292
7.0064118523e-06 -0.000260585267241 0.171496898316
4.08321286708e-05 -0.000195125161709 0.171746898316
6.05074526297e-05 -0.000122822991707 0.171996894458
7.07229702773e-05 -4.56571974987e-05 0.172246273316
7.10720387215e-05 3.19140917327e-05 0.172496273316
5.69579596957e-05 0.000105033923196 0.172746277174
2.5682350139e-05 0.000170439368528 0.172995656032
-1.93038786034e-05 0.000226015370473 0.17324565989
-7.37784264945e-05 0.000269950664024 0.173495663748
-0.000137816337811 0.000300902764857 0.173745667582
-0.000210657315203 0.000318032096888 0.173995675274
-0.000287469776958 0.000321081691601 0.174245679131
-0.00036478293156 0.000310394203192 0.174495682965
-0.000441992523489 0.000286464429505 0.174745682965
-0.000515745210709 0.000250693865639 0.174995686799
-0.000577262074776 0.000206923403098 0.175245686799
-0.000618639531744 0.000160572999513 0.175496311775
-0.000641242386506 0.000114818008201 0.175746311751
-0.000652828717156 6.96156521575e-05 0.175996311751
-0.000656827961772 2.51691978013e-05 0.176246932869
-0.000653880375881 -1.79632009171e-05 0.176496929011
-0.000649957846454 -6.16185548572e-05 0.176746929035
-0.000648920366112 -0.000106386656517 0.176996929035
-0.000643417819974 -0.000149632417999 0.177247546295
-0.000626037222721 -0.000190384698541 0.177497546295
-0.000601264200119 -0.000230417349137 0.177747546319
-0.000575917599921 -0.000270288510755 0.177997542461
-0.000546908736814 -0.00030884567865 0.178247542485
-0.000507422875924 -0.000344473636041 0.178497542485
-0.000456363412876 -0.000375490686208 0.178747538651
-0.000397383157766 -0.000400177625538 0.178997538651
-0.000335653418429 -0.000417322356999 0.179247538651
-0.000275710181334 -0.000426319651841 0.179497534817
-0.000217427652667 -0.000425982372979 0.179747534817
-0.000156766328089 -0.000413587799966 0.179997534817
-9.29471459389e-05 -0.000386898297486 0.18024753096
-3.27506716126e-05 -0.00034706176041 0.180497527126
1.28554216578e-05 -0.000298585434501 0.180747527126
3.69089895786e-05 -0.000245295195874 0.180998144386
4.32029486528e-05 -0.000185993678551 0.181248140528
4.17970488984e-05 -0.000117316819742 0.181498140528
3.62939236347e-05 -4.12137215836e-05 0.181748757788
1.99588473139e-05 3.47542752226e-05 0.181998757788
-1.33283689119e-05 0.000104194418008 0.182249378906
-5.98544050336e-05 0.00016434581422 0.182499378906
-0.000113541578422 0.000213086323288 0.182749996166
-0.000174815631123 0.000247892606981 0.182999996166
-0.000242006163066 0.00026768880363 0.183249996166
-0.000305519023206 0.000273730750067 0.183499996142
-0.000360178889318 0.00026792074497 0.18375
-0.000409530584655 0.000251051411947 0.184
-0.000454053156685 0.000224546055724 0.18425
-0.000487174136981 0.000192425143196 0.1845