-0.00000200 0.00000059 -0.00000012 0.00000069 -0.00000125 -0.00000000 0.00000037 0.00000013 -0.00000019 
-0.00000163 0.00000049 0.00000002 0.00000053 -0.00000052 -0.00000002 0.00000032 0.00000027 -0.00000008 
-0.00000133 0.00000029 0.00000007 0.00000030 -0.00000031 -0.00000003 0.00000013 0.00000034 -0.00000004 
-0.00000149 0.00000011 0.00000013 0.00000010 -0.00000020 -0.00000002 0.00000023 0.00000051 -0.00000004 
-0.00000131 -0.00000020 -0.00000014 -0.00000009 -0.00000014 -0.00000001 0.00000010 0.00000072 -0.00000010 
-0.00000117 -0.00000051 -0.00000005 -0.00000040 -0.00000035 -0.00000005 0.00000013 0.00000078 -0.00000003 
-0.00000178 -0.00000084 -0.00000009 -0.00000072 -0.00000110 -0.00000005 -0.00000008 0.00000147 -0.00000013 
-0.00000139 -0.00000082 -0.00000023 -0.00000056 -0.00000142 -0.00000012 -0.00000047 0.00000117 -0.00000010 
-0.00000110 -0.00000056 -0.00000024 -0.00000031 -0.00000185 -0.00000013 -0.00000066 0.00000096 -0.00000013 
-0.00000086 -0.00000015 -0.00000015 0.00000004 -0.00000194 -0.00000011 -0.00000073 0.00000057 -0.00000015 
-0.00000111 0.00000037 -0.00000012 0.00000045 -0.00000182 -0.00000006 -0.00000066 0.00000024 -0.00000016 
-0.00000167 0.00000063 -0.00000013 0.00000072 -0.00000199 -0.00000012 -0.00000080 -0.00000002 -0.00000028 
-0.00000193 0.00000070 -0.00000006 0.00000063 -0.00000113 -0.00000007 -0.00000009 -0.00000029 -0.00000026 
-0.00000292 0.00000100 -0.00000001 0.00000083 -0.00000157 -0.00000016 0.00000037 -0.00000099 -0.00000034 
-0.00000311 0.00000098 0.00000008 0.00000070 -0.00000148 -0.00000010 0.00000124 -0.00000103 -0.00000041 
-0.00000222 0.00000039 0.00000011 0.00000020 -0.00000059 -0.00000001 0.00000153 -0.00000030 -0.00000031 
-0.00000226 -0.00000002 0.00000010 -0.00000010 -0.00000015 -0.00000002 0.00000143 -0.00000005 -0.00000023 
-0.00000264 -0.00000011 0.00000017 -0.00000025 -0.00000078 -0.00000014 0.00000158 0.00000022 -0.00000022 
-0.00000191 -0.00000028 0.00000009 -0.00000030 -0.00000061 0.00000001 0.00000136 0.00000062 -0.00000012 
-0.00000068 0.00000006 0.00000001 0.00000013 -0.00000020 0.00000002 0.00000047 0.00000042 -0.00000005 
-0.00000055 -0.00000002 -0.00000009 0.00000012 -0.00000009 0.00000003 0.00000023 0.00000041 -0.00000005 
-0.00000107 -0.00000047 -0.00000016 -0.00000011 -0.00000171 0.00000014 0.00000032 0.00000139 -0.00000009 
-0.00000145 -0.00000071 -0.00000023 -0.00000026 -0.00000107 0.00000006 0.00000040 0.00000169 -0.00000013 
-0.00000371 -0.00000259 -0.00000053 -0.00000137 -0.00000456 0.00000013 0.00000032 0.00000525 -0.00000045 
-0.00000370 -0.00000237 -0.00000060 -0.00000094 -0.00000876 0.00000017 -0.00000051 0.00000640 -0.00000037 
-0.00000327 -0.00000152 -0.00000046 -0.00000025 -0.00000787 -0.00000021 -0.00000157 0.00000569 -0.00000043 
-0.00000269 -0.00000044 -0.00000045 0.00000091 -0.00000937 -0.00000031 -0.00000285 0.00000543 -0.00000050 
-0.00000318 0.00000015 -0.00000050 0.00000258 -0.00001609 -0.00000055 -0.00000605 0.00000886 -0.00000082 
-0.00000329 0.00000155 -0.00000034 0.00000397 -0.00001712 -0.00000061 -0.00000734 0.00000823 -0.00000091 
-0.00000369 0.00000361 -0.00000010 0.00000585 -0.00001602 -0.00000079 -0.00000739 0.00000571 -0.00000079 
-0.00000759 0.00000754 0.00000023 0.00000988 -0.00001610 -0.00000099 -0.00000849 0.00000416 -0.00000067 
-0.00000967 0.00000843 0.00000055 0.00001008 -0.00001255 -0.00000075 -0.00000557 0.00000123 -0.00000053 
-0.00001045 0.00000624 0.00000032 0.00000684 -0.00000792 -0.00000042 -0.00000054 0.00000022 -0.00000021 
-0.00001412 0.00000732 0.00000026 0.00000768 -0.00000887 -0.00000076 0.00000266 -0.00000044 -0.00000033 
-0.00001312 0.00000556 0.00000039 0.00000517 -0.00000924 0.00000048 0.00000618 0.00000039 -0.00000009 
-0.00000586 0.00000173 0.00000026 0.00000148 -0.00000149 -0.00000006 0.00000415 0.00000050 -0.00000009 
-0.00000665 0.00000027 0.00000008 0.00000063 -0.00000396 -0.00000016 0.00000348 0.00000098 0.00000008 
-0.00000558 -0.00000041 0.00000003 0.00000003 -0.00000348 0.00000042 0.00000414 0.00000227 0.00000038 
-0.00000374 -0.00000110 0.00000016 -0.00000093 -0.00000295 0.00000015 0.00000260 0.00000282 0.00000014 
-0.00000159 -0.00000086 -0.00000011 -0.00000049 -0.00000333 0.00000020 0.00000072 0.00000245 -0.00000005 
-0.00000324 -0.00000237 -0.00000075 -0.00000151 -0.00000600 0.00000007 0.00000063 0.00000348 -0.00000014 
-0.00000198 -0.00000114 -0.00000043 -0.00000029 -0.00000713 0.00000031 0.00000024 0.00000483 -0.00000029 
-0.00000189 -0.00000076 -0.00000022 0.00000145 -0.00001212 0.00000135 -0.00000058 0.00001248 -0.00000120 
-0.00000437 -0.00000108 -0.00000071 0.00000377 -0.00002586 0.00000192 -0.00000295 0.00002313 -0.00000193 
-0.00001071 0.00000105 -0.00000187 0.00000730 -0.00003956 0.00000210 -0.00000578 0.00003190 -0.00000220 
-0.00001681 0.00000483 -0.00000205 0.00000949 -0.00006099 0.00000215 -0.00000395 0.00003313 -0.00000189 
-0.00002701 0.00002597 -0.00000110 0.00001788 -0.00017995 0.00000679 0.00000984 0.00009111 -0.00001060 
-0.00011069 0.00005436 0.00001368 0.00005191 -0.00055418 0.00002299 0.00003946 0.00006766 -0.00001738 
-0.00011127 0.00005233 0.00001454 0.00005749 -0.00057229 0.00004622 0.00005802 0.00003244 -0.00001661 
-0.00009077 0.00004481 0.00001066 0.00005801 -0.00052964 0.00005825 0.00006915 -0.00000554 -0.00001058 
-0.00004254 0.00002506 0.00000291 0.00003814 -0.00029984 0.00002404 0.00005047 -0.00004522 -0.00000014 
-0.00001144 0.00000815 0.00000078 0.00001222 -0.00010157 0.00000693 0.00002092 -0.00002861 0.00000253 
-0.00000835 -0.00000268 0.00000048 -0.00000224 -0.00002768 0.00000416 0.00000563 -0.00001094 0.00000268 
-0.00000862 -0.00000322 0.00000009 -0.00000463 -0.00001889 0.00000365 -0.00000273 -0.00001187 0.00000231 
-0.00001234 -0.00000350 -0.00000095 -0.00000776 -0.00002895 0.00000541 -0.00001164 -0.00001307 0.00000137 
-0.00001041 -0.00000656 -0.00000028 -0.00001144 -0.00002413 0.00000302 -0.00001608 -0.00001425 0.00000046 
-0.00000631 -0.00000634 0.00000019 -0.00000939 -0.00001500 0.00000109 -0.00001126 -0.00000997 -0.00000007 
-0.00000065 -0.00000092 0.00000009 -0.00000162 -0.00000348 0.00000036 -0.00000200 -0.00000218 0.00000007 
-0.00000083 0.00000062 0.00000027 0.00000090 -0.00000073 -0.00000031 -0.00000049 -0.00000103 -0.00000015 
-0.00000088 0.00000046 0.00000026 0.00000071 -0.00000060 -0.00000025 -0.00000031 -0.00000102 -0.00000012 
-0.00000123 0.00000016 0.00000028 0.00000064 -0.00000176 -0.00000028 -0.00000040 -0.00000240 -0.00000017 
-0.00000253 0.00000027 0.00000056 0.00000122 -0.00000362 -0.00000045 0.00000012 -0.00000507 -0.00000037 
-0.00000200 -0.00000116 0.00000040 0.00000001 -0.00000578 -0.00000029 0.00000120 -0.00000611 -0.00000060 
-0.00001146 -0.00000692 0.00000317 -0.00000154 -0.00001902 0.00000056 0.00000626 -0.00002047 -0.00000127 
-0.00001090 -0.00001117 0.00000365 -0.00000556 -0.00002005 0.00000243 0.00000891 -0.00001849 -0.00000143 
-0.00000811 -0.00000820 0.00000234 -0.00000187 -0.00002757 0.00000293 0.00001160 -0.00002170 -0.00000081 
-0.00001186 -0.00000569 0.00000299 0.00000496 -0.00005812 0.00000696 0.00001911 -0.00003594 0.00000084 
-0.00001336 0.00000870 0.00000074 0.00002120 -0.00007859 0.00001022 0.00002323 -0.00004244 0.00000343 
-0.00001677 0.00001415 -0.00000089 0.00002325 -0.00007559 0.00001124 0.00001509 -0.00003372 0.00000492 
-0.00002450 0.00001708 -0.00000226 0.00002198 -0.00006926 0.00001083 0.00000140 -0.00002826 0.00000662 
-0.00002646 0.00002124 -0.00000377 0.00002001 -0.00006527 0.00001213 -0.00001845 -0.00002583 0.00000724 
-0.00003023 0.00001705 -0.00000430 0.00001322 -0.00006924 0.00001076 -0.00003678 -0.00002366 0.00000712 
-0.00003299 0.00000881 -0.00000607 0.00000065 -0.00013358 0.00001577 -0.00005714 -0.00003523 0.00000617 
-0.00006090 -0.00000788 -0.00001020 -0.00002237 -0.00032655 0.00003341 -0.00008201 -0.00004808 0.00000218 
-0.00010325 -0.00003025 -0.00001712 -0.00005128 -0.00062197 0.00006603 -0.00010302 -0.00001645 -0.00001346 
-0.00013839 -0.00003997 -0.00002372 -0.00005707 -0.00082853 0.00008713 -0.00009118 0.00007897 -0.00003269 
-0.00016414 -0.00003021 -0.00002128 -0.00003606 -0.00089752 0.00008114 -0.00004525 0.00018101 -0.00004005 
-0.00006371 -0.00000493 0.00000140 0.00000219 -0.00034943 0.00002814 0.00000491 0.00019597 -0.00002646 
-0.00004760 -0.00000312 0.00000572 -0.00001026 -0.00010451 0.00000783 0.00002851 0.00009376 -0.00001014 
-0.00004714 -0.00000072 0.00000450 -0.00000854 -0.00006193 0.00000528 0.00001810 0.00007583 -0.00000778 
-0.00003590 0.00000281 0.00000403 -0.00000452 -0.00003816 0.00000392 0.00000502 0.00005776 -0.00000629 
-0.00002877 -0.00000166 0.00000455 -0.00000924 -0.00002455 0.00000559 -0.00000145 0.00004529 -0.00000532 
-0.00002267 -0.00000509 0.00000128 -0.00000792 -0.00002037 0.00000436 -0.00000785 0.00003649 -0.00000521 
-0.00001950 -0.00000991 -0.00000125 -0.00000664 -0.00003570 0.00000198 -0.00002134 0.00003890 -0.00000600 
-0.00001624 -0.00000806 -0.00000163 -0.00000563 -0.00002306 0.00000049 -0.00001897 0.00002481 -0.00000403 
-0.00001382 -0.00000780 -0.00000256 -0.00000566 -0.00001546 -0.00000011 -0.00001699 0.00001564 -0.00000279 
-0.00001203 -0.00000728 -0.00000153 -0.00000610 -0.00001401 -0.00000002 -0.00001585 0.00001061 -0.00000190 
-0.00000898 -0.00000343 -0.00000068 -0.00000370 -0.00000925 0.00000043 -0.00000857 0.00000505 -0.00000117 
-0.00000964 -0.00000477 -0.00000005 -0.00000518 -0.00001518 0.00000139 -0.00000710 0.00000385 -0.00000085 
-0.00001027 -0.00000423 0.00000009 -0.00000409 -0.00003811 0.00000060 -0.00000167 0.00000054 -0.00000068 
-0.00000934 0.00000054 0.00000072 0.00000005 -0.00002471 0.00000049 0.00000997 0.00000324 -0.00000021 
-0.00001134 0.00000203 -0.00000035 0.00000225 -0.00001551 0.00000100 0.00000977 0.00000474 -0.00000045 
-0.00001241 0.00000258 0.00000047 0.00000138 -0.00001727 -0.00000082 0.00001359 0.00000903 -0.00000072 
-0.00000771 -0.00000051 0.00000064 -0.00000188 -0.00001284 -0.00000024 0.00001044 0.00000968 -0.00000059 
-0.00000903 -0.00000148 0.00000021 -0.00000269 -0.00002051 0.00000149 0.00001451 0.00002058 -0.00000207 
-0.00000969 -0.00000199 -0.00000002 -0.00000203 -0.00004683 0.00000407 0.00002454 0.00004393 -0.00000409 
-0.00001613 -0.00000997 0.00000028 -0.00001041 -0.00015218 0.00000914 0.00004905 0.00011710 -0.00000918 
-0.00009432 -0.00002055 0.00000816 -0.00003153 -0.00051266 0.00001347 0.00010323 0.00024124 -0.00002287 
-0.00012889 -0.00001882 0.00000748 -0.00003599 -0.00074393 0.00000732 0.00010605 0.00022163 -0.00002289 
-0.00013602 -0.00001119 0.00001133 -0.00001762 -0.00080673 0.00000665 0.00009088 0.00005237 -0.00002008 
-0.00009652 -0.00000214 0.00000925 0.00000430 -0.00066368 0.00000907 0.00009142 -0.00011401 -0.00001770 
-0.00006352 -0.00000317 0.00000663 0.00000376 -0.00038088 0.00000509 0.00007063 -0.00012726 -0.00000756 
-0.00002775 -0.00000326 0.00000163 -0.00000433 -0.00008711 -0.00000254 0.00003547 -0.00005958 0.00000178 
-0.00002508 0.00000119 0.00000331 0.00000072 -0.00003073 -0.00000081 0.00001841 -0.00002346 0.00000205 
-0.00001423 -0.00000215 0.00000160 -0.00000201 -0.00001365 -0.00000058 0.00001150 -0.00001186 0.00000167 
-0.00001661 -0.00000175 0.00000188 -0.00000054 -0.00000743 0.00000050 0.00000919 -0.00000825 0.00000104 
-0.00003160 -0.00000731 0.00000290 -0.00000475 -0.00001663 0.00000223 0.00001857 -0.00001359 0.00000248 
-0.00004328 -0.00001335 0.00000320 -0.00001010 -0.00002358 0.00000283 0.00001990 -0.00001494 0.00000296 
-0.00004364 -0.00001695 0.00000209 -0.00001430 -0.00003262 0.00000462 0.00002047 -0.00001135 0.00000319 
-0.00003253 -0.00001308 0.00000161 -0.00001218 -0.00004349 0.00000095 0.00001172 -0.00000983 0.00000240 
-0.00001837 -0.00001111 0.00000111 -0.00001201 -0.00002971 0.00000260 0.00000277 -0.00000795 0.00000170 
-0.00001269 -0.00001149 0.00000061 -0.00001472 -0.00003423 0.00000358 -0.00000619 -0.00001233 0.00000159 
-0.00001868 -0.00001051 -0.00000060 -0.00001640 -0.00003323 0.00000306 -0.00001556 -0.00002105 0.00000131 
-0.00001697 -0.00000781 -0.00000126 -0.00001372 -0.00003130 0.00000211 -0.00001387 -0.00002388 0.00000100 
-0.00001142 -0.00000327 -0.00000128 -0.00000826 -0.00002860 0.00000161 -0.00001081 -0.00001996 0.00000009 
-0.00000325 -0.00000004 -0.00000056 -0.00000381 -0.00002127 0.00000068 -0.00000803 -0.00001502 -0.00000084 
-0.00000320 -0.00000000 -0.00000059 -0.00000176 -0.00000886 0.00000019 -0.00000196 -0.00000710 -0.00000006 
-0.00000112 -0.00000054 -0.00000008 -0.00000146 -0.00000998 0.00000002 -0.00000134 -0.00000490 -0.00000034 
-0.00000088 -0.00000044 -0.00000010 -0.00000119 -0.00000721 -0.00000010 0.00000042 -0.00000344 0.00000007 
-0.00000080 -0.00000032 -0.00000017 -0.00000113 -0.00000518 -0.00000026 0.00000067 -0.00000351 0.00000016 
-0.00000097 -0.00000047 -0.00000025 -0.00000095 -0.00000351 -0.00000036 0.00000111 -0.00000198 0.00000026 
-0.00000084 0.00000077 -0.00000001 0.00000028 -0.00000571 -0.00000032 0.00000102 -0.00000330 -0.00000005 
-0.00000200 -0.00000049 -0.00000001 -0.00000074 -0.00000568 -0.00000040 0.00000173 -0.00000150 0.00000014 
-0.00000083 0.00000095 -0.00000009 0.00000102 -0.00000172 -0.00000000 0.00000107 -0.00000051 0.00000005 
-0.00000397 0.00000113 -0.00000021 0.00000112 -0.00000651 0.00000069 0.00000140 -0.00000020 -0.00000012 
-0.00000213 0.00000094 0.00000000 0.00000107 -0.00000260 -0.00000034 0.00000158 0.00000010 0.00000007 
-0.00000398 0.00000046 0.00000013 0.00000078 -0.00000157 0.00000001 0.00000205 0.00000038 -0.00000017 
-0.00000668 -0.00000088 0.00000031 -0.00000053 -0.00000081 0.00000008 0.00000223 0.00000169 -0.00000041 
-0.00001218 -0.00000372 -0.00000014 -0.00000355 -0.00000788 0.00000175 0.00000158 0.00000311 -0.00000076 
-0.00000897 -0.00000319 -0.00000009 -0.00000372 -0.00000544 0.00000063 -0.00000170 0.00000109 -0.00000052 
-0.00000548 -0.00000246 -0.00000011 -0.00000327 -0.00000590 0.00000042 -0.00000320 -0.00000025 -0.00000043 
-0.00000361 -0.00000172 -0.00000020 -0.00000293 -0.00000696 0.00000055 -0.00000442 -0.00000238 -0.00000040 
-0.00000266 -0.00000009 -0.00000044 -0.00000133 -0.00000864 0.00000071 -0.00000420 -0.00000325 -0.00000046 
-0.00000137 0.00000114 -0.00000026 0.00000017 -0.00000578 0.00000032 -0.00000269 -0.00000327 -0.00000040 
-0.00000191 0.00000121 -0.00000023 0.00000069 -0.00000308 0.00000009 -0.00000161 -0.00000245 -0.00000033 
-0.00000132 0.00000100 -0.00000019 0.00000073 -0.00000103 0.00000014 -0.00000078 -0.00000127 -0.00000019 
-0.00000137 0.00000099 -0.00000010 0.00000081 -0.00000117 0.00000004 -0.00000043 -0.00000125 -0.00000011 
-0.00000156 0.00000084 -0.00000007 0.00000073 -0.00000130 -0.00000003 -0.00000010 -0.00000104 -0.00000008 
-0.00000139 0.00000035 0.00000012 0.00000031 -0.00000042 0.00000001 0.00000012 -0.00000081 -0.00000006 
-0.00000087 0.00000002 -0.00000006 -0.00000006 -0.00000015 -0.00000003 0.00000019 -0.00000050 -0.00000004 
-0.00000164 -0.00000011 -0.00000009 -0.00000022 -0.00000028 -0.00000013 0.00000056 -0.00000071 -0.00000011 
-0.00000135 -0.00000028 0.00000016 -0.00000028 -0.00000042 0.00000005 0.00000018 -0.00000035 0.00000003 
-0.00000139 -0.00000093 0.00000013 -0.00000089 -0.00000097 0.00000006 0.00000047 -0.00000064 0.00000003 
-0.00000117 -0.00000120 0.00000010 -0.00000127 -0.00000158 0.00000009 0.00000032 -0.00000041 0.00000009 
-0.00000100 -0.00000111 0.00000004 -0.00000133 -0.00000204 0.00000014 0.00000017 -0.00000001 0.00000010 
-0.00000095 -0.00000108 -0.00000007 -0.00000127 -0.00000278 0.00000008 0.00000004 -0.00000004 0.00000009 
-0.00000088 -0.00000066 -0.00000007 -0.00000092 -0.00000146 -0.00000011 0.00000033 0.00000016 0.00000009 
-0.00000061 -0.00000053 -0.00000004 -0.00000075 -0.00000284 -0.00000036 0.00000012 0.00000004 -0.00000000 
-0.00000211 -0.00000147 -0.00000006 -0.00000191 -0.00001004 -0.00000147 0.00000063 0.00000031 -0.00000001 
