-0.00003213 -0.00000173 -0.00000252 0.00000311 -0.00001602 0.00000235 0.00001128 0.00002132 -0.00000445 
-0.00001980 0.00000196 -0.00000044 0.00000341 -0.00000560 0.00000063 0.00000450 0.00000671 -0.00000125 
-0.00001511 -0.00000121 0.00000008 -0.00000035 -0.00000207 0.00000000 0.00000215 0.00000485 -0.00000069 
-0.00001072 -0.00000304 0.00000013 -0.00000299 -0.00000321 -0.00000003 0.00000030 0.00000494 -0.00000067 
-0.00000467 -0.00000398 -0.00000070 -0.00000269 -0.00000660 0.00000012 0.00000148 0.00000434 -0.00000007 
-0.00000675 -0.00000745 -0.00000084 -0.00000552 -0.00001117 -0.00000033 0.00000154 0.00000816 -0.00000025 
-0.00001186 -0.00000983 -0.00000236 -0.00000713 -0.00001474 -0.00000149 -0.00000354 0.00001061 -0.00000122 
-0.00000858 -0.00001117 -0.00000248 -0.00000749 -0.00001499 -0.00000243 -0.00000070 0.00001071 -0.00000020 
-0.00000875 -0.00000885 -0.00000257 -0.00000581 -0.00002030 -0.00000265 -0.00000135 0.00000792 -0.00000018 
-0.00000731 -0.00000337 -0.00000168 -0.00000173 -0.00002310 -0.00000214 0.00000100 0.00000515 0.00000021 
-0.00001149 0.00000716 -0.00000148 0.00000715 -0.00002834 -0.00000096 0.00000365 0.00000077 0.00000022 
-0.00001439 0.00001508 -0.00000040 0.00001435 -0.00002337 -0.00000051 0.00000485 -0.00000105 0.00000016 
-0.00002049 0.00001645 -0.00000068 0.00001437 -0.00001917 -0.00000040 0.00000706 -0.00000568 -0.00000083 
-0.00002353 0.00001370 -0.00000055 0.00001168 -0.00001179 0.00000004 0.00001045 -0.00000576 -0.00000070 
-0.00001832 0.00000645 -0.00000085 0.00000552 -0.00000487 0.00000015 0.00000873 -0.00000342 -0.00000031 
-0.00002777 0.00000299 -0.00000172 0.00000420 -0.00001273 -0.00000061 0.00001298 0.00000009 -0.00000112 
-0.00001736 0.00000136 0.00000002 0.00000266 -0.00000220 -0.00000043 0.00001177 0.00000258 -0.00000078 
-0.00001905 -0.00000109 0.00000118 0.00000107 -0.00000448 -0.00000073 0.00001157 0.00000538 -0.00000080 
-0.00001356 -0.00000716 -0.00000015 -0.00000482 -0.00000723 -0.00000027 0.00001240 0.00000796 -0.00000030 
-0.00000770 -0.00000474 -0.00000088 -0.00000174 -0.00001401 0.00000202 0.00000706 0.00000843 -0.00000005 
-0.00001372 -0.00000348 -0.00000243 0.00000056 -0.00001925 0.00000262 0.00000647 0.00001319 -0.00000070 
-0.00002015 -0.00000413 -0.00000382 0.00000239 -0.00002023 0.00000236 0.00001045 0.00002237 -0.00000058 
-0.00003082 -0.00000470 -0.00000596 0.00000399 -0.00002163 0.00000297 0.00000901 0.00003189 -0.00000185 
-0.00004300 -0.00001364 -0.00000805 0.00000064 -0.00003918 0.00000283 0.00000541 0.00005608 -0.00000388 
-0.00004120 -0.00001657 -0.00000769 -0.00000141 -0.00005504 0.00000203 -0.00000259 0.00006259 -0.00000485 
-0.00002602 -0.00001103 -0.00000445 0.00000053 -0.00006265 0.00000097 -0.00000832 0.00004846 -0.00000330 
-0.00002441 -0.00000559 -0.00000481 0.00000953 -0.00008991 0.00000126 -0.00002107 0.00006198 -0.00000405 
-0.00002528 0.00000940 -0.00000423 0.00002680 -0.00009928 0.00000097 -0.00003493 0.00006746 -0.00000435 
-0.00003217 0.00002653 -0.00000480 0.00003957 -0.00010563 0.00000134 -0.00004009 0.00004740 -0.00000594 
-0.00005567 0.00003213 -0.00000745 0.00004052 -0.00010478 -0.00000087 -0.00003680 0.00002710 -0.00000589 
-0.00007282 0.00004845 -0.00000149 0.00005445 -0.00009691 -0.00000018 -0.00002602 0.00001630 -0.00000202 
-0.00007705 0.00005104 0.00000078 0.00005444 -0.00007643 0.00000031 -0.00000619 0.00000829 0.00000117 
-0.00010247 0.00004716 -0.00000002 0.00004839 -0.00007688 0.00000083 0.00001425 0.00000515 0.00000004 
-0.00011056 0.00004481 0.00000194 0.00004293 -0.00005523 -0.00000026 0.00004271 -0.00000439 0.00000089 
-0.00005778 0.00001255 0.00000321 0.00001047 -0.00003168 0.00000291 0.00004102 -0.00000187 -0.00000019 
-0.00002467 -0.00000337 0.00000152 -0.00000092 -0.00003044 0.00000285 0.00002213 0.00000640 0.00000150 
-0.00004712 -0.00000651 0.00000423 -0.00000241 -0.00003796 0.00000207 0.00003556 0.00001517 0.00000257 
-0.00004082 -0.00000961 0.00000323 -0.00000493 -0.00003801 0.00000269 0.00004271 0.00002793 0.00000326 
-0.00001720 -0.00000735 0.00000081 -0.00000384 -0.00002937 0.00000257 0.00002082 0.00002481 0.00000036 
-0.00001586 -0.00000814 -0.00000054 -0.00000356 -0.00003483 0.00000248 0.00001102 0.00002660 0.00000031 
-0.00002812 -0.00002018 -0.00000639 -0.00000969 -0.00006410 0.00000191 0.00001645 0.00004075 0.00000090 
-0.00001608 -0.00001024 -0.00000345 -0.00000015 -0.00008859 0.00000522 0.00000592 0.00006202 -0.00000279 
-0.00001688 -0.00000217 -0.00000362 0.00001657 -0.00014923 0.00001106 -0.00000532 0.00011495 -0.00000903 
-0.00004194 -0.00000206 -0.00000801 0.00002774 -0.00025654 0.00001102 -0.00003010 0.00016752 -0.00001331 
-0.00008562 0.00002365 -0.00001426 0.00005735 -0.00037187 0.00000736 -0.00003590 0.00018781 -0.00001094 
-0.00009544 0.00002927 -0.00001088 0.00005783 -0.00042322 -0.00000525 0.00000944 0.00018247 -0.00000008 
-0.00011094 0.00007192 0.00000220 0.00005623 -0.00075028 0.00000928 0.00011937 0.00035137 -0.00003955 
-0.00026429 0.00018452 0.00004593 0.00012626 -0.00215631 0.00001744 0.00026066 0.00054980 -0.00007252 
-0.00033500 0.00023934 0.00005104 0.00024640 -0.00244172 0.00006785 0.00036844 0.00016671 -0.00007635 
-0.00032082 0.00023239 0.00004347 0.00028887 -0.00216587 0.00009684 0.00044496 -0.00009239 -0.00005946 
-0.00029991 0.00022282 0.00004289 0.00026775 -0.00155698 0.00001559 0.00040988 -0.00015586 -0.00002824 
-0.00020822 0.00012830 0.00002411 0.00014216 -0.00091356 -0.00006366 0.00025462 -0.00013143 -0.00001474 
-0.00011454 0.00003716 0.00001092 0.00003745 -0.00031298 -0.00004346 0.00008288 -0.00007015 -0.00000625 
-0.00009780 0.00002028 0.00000777 0.00001744 -0.00012880 -0.00001052 0.00003154 -0.00004423 0.00000355 
-0.00010736 -0.00000197 0.00000316 -0.00001205 -0.00015366 -0.00000683 -0.00001616 -0.00007155 0.00000577 
-0.00009664 -0.00002170 -0.00000622 -0.00004128 -0.00012293 -0.00000369 -0.00006587 -0.00008613 -0.00000479 
-0.00006164 -0.00001133 -0.00000767 -0.00002190 -0.00005349 -0.00000382 -0.00006608 -0.00005215 -0.00001081 
-0.00003648 0.00000639 -0.00000036 0.00000599 -0.00002218 -0.00000426 -0.00003564 -0.00001609 -0.00000611 
-0.00001633 -0.00000317 -0.00000154 -0.00000338 -0.00001163 -0.00000236 -0.00001775 -0.00001316 -0.00000557 
-0.00002478 0.00000708 0.00000644 0.00001420 -0.00002360 -0.00000753 -0.00000739 -0.00003389 -0.00000772 
-0.00002649 0.00000794 0.00000747 0.00001548 -0.00001661 -0.00000591 0.00000098 -0.00003796 -0.00000786 
-0.00004315 0.00000720 0.00001172 0.00001885 -0.00002155 -0.00000788 0.00000681 -0.00005706 -0.00001196 
-0.00003862 0.00000763 0.00000904 0.00002128 -0.00004771 -0.00001141 0.00001363 -0.00008113 -0.00001447 
-0.00012534 -0.00003364 0.00002422 0.00000765 -0.00012452 -0.00001601 0.00005169 -0.00020623 -0.00003714 
-0.00014068 -0.00004623 0.00001778 -0.00000125 -0.00019237 -0.00001831 0.00007334 -0.00025688 -0.00003862 
-0.00009432 0.00000141 0.00001128 0.00004796 -0.00022053 -0.00001237 0.00007757 -0.00024213 -0.00001946 
-0.00010538 0.00001154 0.00001840 0.00008108 -0.00041021 0.00001149 0.00011728 -0.00032751 -0.00000000 
-0.00014546 0.00005836 0.00000836 0.00013122 -0.00056869 0.00002926 0.00013041 -0.00035118 0.00001548 
-0.00019870 0.00011315 -0.00000909 0.00017727 -0.00067590 0.00004645 0.00008397 -0.00031378 0.00003310 
-0.00026159 0.00016527 -0.00001885 0.00019315 -0.00064563 0.00006426 -0.00002943 -0.00023549 0.00004038 
-0.00026818 0.00015804 -0.00003770 0.00013800 -0.00070858 0.00006887 -0.00024128 -0.00018720 0.00002432 
-0.00031038 0.00010268 -0.00004200 0.00005371 -0.00085308 0.00000803 -0.00040078 -0.00020015 -0.00002506 
-0.00037537 0.00001937 -0.00006014 -0.00004670 -0.00126261 0.00001887 -0.00056895 -0.00023980 -0.00003899 
-0.00037153 -0.00007249 -0.00006372 -0.00024260 -0.00222450 0.00017086 -0.00095172 -0.00040333 -0.00006014 
-0.00044601 -0.00021287 -0.00007059 -0.00043612 -0.00346302 0.00036089 -0.00101849 -0.00036883 -0.00012556 
-0.00056707 -0.00033443 -0.00007338 -0.00051571 -0.00448728 0.00049241 -0.00077203 0.00027535 -0.00022497 
-0.00057368 -0.00029485 -0.00004956 -0.00033294 -0.00443190 0.00048797 -0.00033251 0.00129396 -0.00032210 
-0.00036580 -0.00012272 0.00000092 -0.00010589 -0.00238400 0.00027019 -0.00001803 0.00135651 -0.00026681 
-0.00027968 -0.00004644 0.00001778 -0.00009264 -0.00096472 0.00009335 0.00012905 0.00069680 -0.00010316 
-0.00027188 -0.00000210 0.00001136 -0.00004828 -0.00060882 0.00006422 0.00010657 0.00058187 -0.00007757 
-0.00021683 0.00005028 0.00002272 -0.00002567 -0.00046920 0.00004944 0.00005231 0.00054723 -0.00007923 
-0.00022093 0.00005272 0.00002941 -0.00002706 -0.00031239 0.00006049 0.00001049 0.00048349 -0.00009398 
-0.00018073 0.00000152 0.00002039 -0.00005055 -0.00015862 0.00004698 -0.00004484 0.00033721 -0.00007506 
-0.00011389 -0.00001460 0.00000976 -0.00004667 -0.00011202 0.00002649 -0.00007185 0.00020576 -0.00004279 
-0.00006622 -0.00000617 0.00000884 -0.00003283 -0.00010604 0.00002331 -0.00007024 0.00014257 -0.00002946 
-0.00002342 0.00001083 0.00000009 0.00000177 -0.00004770 0.00000834 -0.00002200 0.00003847 -0.00000654 
-0.00001801 0.00001325 -0.00000083 0.00000560 -0.00003501 0.00000582 -0.00002471 0.00002312 -0.00000416 
-0.00002199 0.00001232 -0.00000165 0.00000533 -0.00002357 0.00000450 -0.00002510 0.00001537 -0.00000219 
-0.00003527 0.00000857 -0.00000138 0.00000558 -0.00002475 0.00000247 -0.00003027 0.00000186 -0.00000144 
-0.00008492 -0.00000210 0.00000223 -0.00000250 -0.00002811 0.00000516 -0.00003258 -0.00000705 -0.00000203 
-0.00013025 -0.00002893 0.00000464 -0.00002538 -0.00006234 0.00000747 0.00000464 -0.00001446 -0.00000510 
-0.00011195 -0.00003035 0.00000363 -0.00002523 -0.00007469 0.00000891 0.00003954 0.00000328 -0.00001020 
-0.00012359 -0.00003201 0.00000529 -0.00002687 -0.00013757 0.00001870 0.00007387 0.00004108 -0.00001849 
-0.00007772 -0.00005067 0.00001260 -0.00006005 -0.00015666 0.00002078 0.00011477 0.00008769 -0.00002553 
-0.00003327 -0.00005846 0.00000978 -0.00008861 -0.00021065 0.00003038 0.00013376 0.00015166 -0.00003979 
-0.00005068 -0.00002957 0.00000190 -0.00006082 -0.00043617 0.00006383 0.00021374 0.00033741 -0.00008692 
-0.00008330 -0.00008327 0.00001479 -0.00011690 -0.00122194 0.00015681 0.00043754 0.00077123 -0.00018387 
-0.00024926 -0.00016561 0.00004724 -0.00017300 -0.00246780 0.00028053 0.00052968 0.00113455 -0.00023542 
-0.00035443 -0.00020318 0.00004611 -0.00015574 -0.00299410 0.00029636 0.00043153 0.00078525 -0.00016718 
-0.00028640 -0.00017851 0.00002581 -0.00007041 -0.00271716 0.00023063 0.00032481 0.00000437 -0.00007934 
-0.00019801 -0.00013167 0.00002188 0.00001231 -0.00218727 0.00013155 0.00030401 -0.00065237 -0.00003341 
-0.00022296 -0.00006674 0.00003288 0.00002499 -0.00121574 0.00002631 0.00025583 -0.00059526 -0.00001454 
-0.00019860 -0.00004043 0.00003447 -0.00001167 -0.00047143 -0.00001079 0.00021533 -0.00029457 -0.00001598 
-0.00014929 -0.00000768 0.00002621 0.00000085 -0.00019246 -0.00000464 0.00012491 -0.00013860 0.00000408 
-0.00013835 -0.00002665 0.00002733 -0.00001025 -0.00011351 0.00000230 0.00010894 -0.00009830 -0.00000030 
-0.00013717 -0.00003928 0.00002610 -0.00002162 -0.00007419 0.00000440 0.00009823 -0.00007752 -0.00000082 
-0.00017722 -0.00003502 0.00001937 -0.00002330 -0.00010270 0.00000970 0.00009101 -0.00006665 0.00000924 
-0.00024022 -0.00007851 0.00002164 -0.00006584 -0.00011792 0.00001877 0.00009474 -0.00006053 0.00001128 
-0.00022439 -0.00009603 0.00001636 -0.00008871 -0.00013327 0.00001862 0.00008128 -0.00003610 0.00001093 
-0.00018707 -0.00007945 0.00000782 -0.00007908 -0.00015242 0.00001226 0.00003472 -0.00002478 0.00000668 
-0.00012367 -0.00007405 0.00000743 -0.00008510 -0.00014690 0.00001089 -0.00001745 -0.00004411 0.00000701 
-0.00009665 -0.00008059 0.00000400 -0.00010594 -0.00017857 0.00001537 -0.00006633 -0.00008849 0.00000805 
-0.00009673 -0.00007188 -0.00000121 -0.00010521 -0.00018882 0.00001319 -0.00009406 -0.00011864 0.00000410 
-0.00009269 -0.00005761 -0.00000572 -0.00009539 -0.00019606 0.00000775 -0.00009480 -0.00015143 0.00000195 
-0.00005482 -0.00002578 -0.00000654 -0.00005790 -0.00017018 0.00000425 -0.00006633 -0.00013734 -0.00000109 
-0.00003592 -0.00000816 -0.00000617 -0.00002976 -0.00012435 0.00000062 -0.00003532 -0.00009494 -0.00000359 
-0.00001355 0.00000106 -0.00000209 -0.00000536 -0.00004978 -0.00000105 -0.00001313 -0.00003321 -0.00000379 
-0.00000660 -0.00000500 -0.00000137 -0.00000980 -0.00003104 -0.00000237 -0.00001141 -0.00002672 -0.00000329 
-0.00001167 -0.00000436 -0.00000227 -0.00001454 -0.00004807 -0.00000409 -0.00000037 -0.00004851 -0.00000146 
-0.00000765 -0.00000116 -0.00000175 -0.00001195 -0.00005288 -0.00000484 0.00000813 -0.00004851 -0.00000014 
-0.00000318 0.00000100 -0.00000080 -0.00000330 -0.00002421 -0.00000230 0.00000342 -0.00001611 -0.00000008 
-0.00000370 0.00000148 -0.00000089 -0.00000277 -0.00002233 -0.00000263 0.00000763 -0.00001450 0.00000095 
-0.00001307 0.00000805 -0.00000009 0.00000354 -0.00002916 -0.00000182 0.00001705 -0.00001865 0.00000081 
-0.00001282 0.00000942 -0.00000010 0.00000589 -0.00002613 -0.00000340 0.00001652 -0.00001613 0.00000035 
-0.00002351 0.00001260 -0.00000042 0.00001138 -0.00002808 -0.00000252 0.00002230 -0.00000911 0.00000079 
-0.00003460 0.00001245 -0.00000032 0.00001036 -0.00002922 -0.00000246 0.00002043 -0.00000545 0.00000166 
-0.00003720 0.00000654 -0.00000072 0.00000724 -0.00002064 -0.00000235 0.00001434 -0.00000185 0.00000043 
-0.00002643 -0.00000490 -0.00000055 -0.00000338 -0.00000809 0.00000020 0.00001026 0.00000382 0.00000050 
-0.00003910 -0.00001140 -0.00000250 -0.00000867 -0.00001382 0.00000140 0.00001068 0.00000607 0.00000004 
-0.00004105 -0.00001432 -0.00000499 -0.00001481 -0.00003514 0.00000436 0.00000036 -0.00000013 -0.00000038 
-0.00004166 -0.00002805 -0.00000364 -0.00002948 -0.00005140 0.00000194 0.00000588 -0.00000987 0.00000200 
-0.00003331 -0.00002141 -0.00000340 -0.00002646 -0.00006608 0.00000233 -0.00000392 -0.00001797 0.00000093 
-0.00002280 -0.00000796 -0.00000375 -0.00001360 -0.00006436 0.00000253 -0.00000397 -0.00001986 0.00000076 
-0.00002055 0.00000388 -0.00000475 -0.00000113 -0.00005119 0.00000294 -0.00000485 -0.00001524 -0.00000073 
-0.00001538 0.00001073 -0.00000393 0.00000714 -0.00002986 0.00000292 -0.00000109 -0.00001045 -0.00000005 
-0.00000953 0.00001205 -0.00000242 0.00000814 -0.00001805 0.00000220 -0.00000374 -0.00001148 -0.00000099 
-0.00001878 0.00001315 -0.00000328 0.00000996 -0.00001775 0.00000185 -0.00000562 -0.00001241 -0.00000235 
-0.00001827 0.00001030 -0.00000234 0.00000719 -0.00001884 0.00000011 0.00000016 -0.00001217 -0.00000095 
-0.00002011 0.00000779 -0.00000269 0.00000455 -0.00001436 -0.00000000 0.00000323 -0.00001156 -0.00000038 
-0.00001176 0.00000395 -0.00000229 0.00000142 -0.00000863 -0.00000072 0.00000349 -0.00000732 -0.00000018 
-0.00000599 0.00000092 -0.00000125 -0.00000045 -0.00000481 -0.00000078 -0.00000014 -0.00000467 -0.00000079 
-0.00000651 -0.00000087 0.00000004 -0.00000123 -0.00000375 -0.00000024 0.00000201 -0.00000352 -0.00000017 
-0.00001122 -0.00000631 -0.00000162 -0.00000783 -0.00000519 -0.00000138 0.00000366 -0.00000780 -0.00000151 
-0.00001328 -0.00000927 -0.00000014 -0.00001072 -0.00001217 -0.00000011 0.00000832 -0.00000583 -0.00000021 
-0.00001082 -0.00000966 0.00000003 -0.00001044 -0.00001505 -0.00000093 0.00000753 -0.00000557 0.00000039 
-0.00000478 -0.00000326 0.00000026 -0.00000318 -0.00000550 -0.00000037 0.00000435 -0.00000273 -0.00000013 
-0.00000420 -0.00000309 0.00000011 -0.00000329 -0.00000961 -0.00000072 0.00000177 -0.00000148 0.00000014 
-0.00000681 -0.00000474 0.00000046 -0.00000468 -0.00002083 0.00000005 0.00000370 -0.00000276 0.00000106 
-0.00002192 -0.00001339 0.00000013 -0.00001506 -0.00004820 0.00000202 0.00000264 -0.00000444 -0.00000031 
