1.000256 1.000238 -3.702748 6.274958 
1.000149 1.000549 -3.930100 6.274927 
1.000092 1.000745 -3.701460 6.274866 
1.000041 1.000907 -3.573758 6.274805 
1.000048 1.001000 -3.474212 6.274752 
1.000123 1.000982 -3.383231 6.274714 
1.000265 1.000870 -3.284186 6.274696 
1.000425 1.000703 -3.124069 6.274702 
1.000613 1.000513 -3.094157 6.274744 
1.001142 1.000526 -3.168514 6.274993 
1.001686 1.000659 -3.121798 6.275248 
1.001958 1.000705 -3.052571 6.275325 
1.002258 1.000755 -2.995021 6.275411 
1.002588 1.000809 -2.944118 6.275503 
1.002949 1.000869 -2.898424 6.275600 
1.003338 1.000939 -2.857827 6.275700 
1.003752 1.001021 -2.823275 6.275798 
1.004188 1.001115 -2.798372 6.275890 
1.004642 1.001223 -2.776590 6.275975 
1.005099 1.001340 -2.753254 6.276043 
1.005557 1.001457 -2.736307 6.276093 
1.006023 1.001569 -2.727251 6.276131 
1.006497 1.001674 -2.723861 6.276159 
1.006971 1.001771 -2.725104 6.276180 
1.007438 1.001856 -2.731614 6.276195 
1.007892 1.001921 -2.744164 6.276205 
1.008327 1.001958 -2.762774 6.276214 
1.008742 1.001958 -2.787008 6.276225 
1.009136 1.001911 -2.817002 6.276242 
1.009513 1.001804 -2.853117 6.276270 
1.009881 1.001631 -2.892312 6.276311 
1.010240 1.001396 -2.930958 6.276372 
1.010582 1.001110 -2.969733 6.276457 
1.010909 1.000774 -3.011183 6.276569 
1.011233 1.000389 -3.055446 6.276708 
1.011562 0.999958 -3.100674 6.276872 
1.011898 0.999488 -3.145864 6.277061 
1.012248 0.998981 -3.190474 6.277268 
1.012624 0.998446 -3.233566 6.277487 
1.013032 0.997908 -3.273407 6.277708 
1.013471 0.997395 -3.309891 6.277924 
1.013940 0.996932 -3.345500 6.278123 
1.014452 0.996532 -3.381817 6.278286 
1.015019 0.996206 -3.414189 6.278389 
1.015648 0.995959 -3.437885 6.278417 
1.016335 0.995791 -3.453211 6.278354 
1.017088 0.995710 -3.460417 6.278184 
1.017911 0.995741 -3.459431 6.277892 
1.018798 0.995910 -3.450467 6.277471 
1.019736 0.996225 -3.434236 6.276908 
1.020716 0.996680 -3.411293 6.276191 
1.021728 0.997263 -3.380853 6.275302 
1.022773 0.997930 -3.334124 6.274232 
1.023859 0.998603 -3.271002 6.272986 
1.024976 0.999236 -3.199774 6.271573 
1.026104 0.999820 -3.120866 6.270005 
1.027223 1.000343 -3.034267 6.268296 
1.028311 1.000791 -2.940097 6.266459 
1.029348 1.001147 -2.838427 6.264511 
1.030319 1.001400 -2.729140 6.262463 
1.031208 1.001530 -2.612020 6.260336 
1.032021 1.001474 -2.480563 6.258161 
1.032759 1.001188 -2.346105 6.255980 
1.033376 1.000703 -2.220016 6.253838 
1.033833 1.000061 -2.096531 6.251769 
1.034118 0.999293 -1.976816 6.249794 
1.034223 0.998433 -1.861777 6.247931 
1.034143 0.997529 -1.751884 6.246203 
1.033882 0.996607 -1.647316 6.244633 
1.033444 0.995664 -1.548197 6.243249 
1.032841 0.994696 -1.454955 6.242081 
1.032077 0.993738 -1.374956 6.241157 
1.031143 0.992850 -1.308836 6.240491 
1.030061 0.992091 -1.251280 6.240077 
1.028865 0.991509 -1.202970 6.239894 
1.027585 0.991132 -1.162658 6.239934 
1.026246 0.990972 -1.129262 6.240197 
1.024869 0.990985 -1.102329 6.240681 
1.023476 0.991110 -1.081565 6.241378 
1.022097 0.991307 -1.066939 6.242277 
1.020758 0.991558 -1.058431 6.243359 
1.019490 0.991856 -1.054415 6.244587 
1.018324 0.992201 -1.053670 6.245921 
1.017285 0.992582 -1.054108 6.247329 
1.016377 0.992979 -1.052222 6.248793 
1.015589 0.993359 -1.047467 6.250302 
1.014925 0.993671 -1.040433 6.251842 
1.014399 0.993886 -1.031246 6.253397 
1.014028 0.994007 -1.020178 6.254945 
1.013811 0.994052 -1.007585 6.256457 
1.013744 0.994046 -0.993630 6.257907 
1.013813 0.994003 -0.977967 6.259275 
1.013994 0.993935 -0.959185 6.260557 
1.014260 0.993854 -0.936768 6.261758 
1.014592 0.993763 -0.912237 6.262882 
1.014996 0.993663 -0.886769 6.263928 
1.015482 0.993579 -0.860552 6.264888 
1.016040 0.993544 -0.840680 6.265743 
1.016642 0.993593 -0.834073 6.266477 
1.017265 0.993744 -0.840253 6.267084 
1.017883 0.994006 -0.858775 6.267573 
1.018475 0.994386 -0.889557 6.267960 
1.019032 0.994883 -0.932979 6.268255 
1.019554 0.995471 -0.989579 6.268460 
1.020044 0.996120 -1.059570 6.268567 
1.020498 0.996816 -1.142779 6.268565 
1.020896 0.997543 -1.181862 6.268448 
1.021214 0.998284 -1.169364 6.268220 
1.021435 0.999018 -1.304712 6.267896 
1.021551 0.999735 -1.588342 6.267493 
1.021561 1.000426 -1.871304 6.267026 
1.021467 1.001073 -2.154106 6.266496 
1.021272 1.001651 -2.437279 6.265907 
1.020980 1.002148 -2.721488 6.265262 
1.020592 1.002566 -3.007186 6.264570 
1.020105 1.002908 -3.102219 6.263846 
1.019520 1.003172 -3.128083 6.263107 
1.018845 1.003361 -1.774747 6.262372 
1.018099 1.003476 -0.310925 6.261651 
1.017303 1.003519 -0.232924 6.260955 
1.016476 1.003487 -0.144380 6.260286 
1.015633 1.003386 -0.045105 6.259654 
1.014785 1.003229 0.065188 6.259066 
1.013942 1.003034 0.187291 6.258527 
1.013110 1.002813 0.421960 6.258043 
1.012296 1.002573 0.598930 6.257617 
1.011513 1.002319 0.611928 6.257251 
1.010774 1.002057 0.525969 6.256943 
1.010086 1.001789 0.441879 6.256691 
1.009452 1.001516 0.460705 6.256494 
1.008874 1.001237 0.481568 6.256360 
1.008350 1.000962 0.505998 6.256283 
1.007872 1.000706 0.537755 6.256240 
1.007437 1.000465 0.577621 6.256224 
1.007038 1.000231 0.576255 6.256229 
1.006668 1.000001 0.533578 6.256251 
1.006316 0.999777 0.499285 6.256283 
1.005977 0.999556 0.523573 6.256318 
1.005651 0.999335 0.606912 6.256353 
1.005547 0.998862 0.598579 6.256706 
1.005428 0.998536 0.614922 6.257034 
1.005128 0.998645 0.752229 6.256999 
1.004846 0.998699 0.896046 6.256950 
1.004472 0.998599 1.048598 6.256910 
1.003998 0.998430 1.199346 6.256844 
1.003445 0.998230 1.345549 6.256712 
1.002914 0.997962 1.497301 6.256549 
1.002561 0.997631 1.656880 6.256404 
1.002449 0.997300 1.811154 6.256284 
