1.016704 0.998816 -2.481444 5.849113 
1.016621 1.000326 -2.374243 5.848220 
1.016980 1.000969 -2.259775 5.847023 
1.017519 1.001017 -2.158716 5.845822 
1.018060 1.001139 -2.083884 5.844828 
1.018669 1.002280 -2.026777 5.844122 
1.019037 1.004726 -1.983148 5.843559 
1.018893 1.008037 -1.959825 5.842905 
1.018389 1.012001 -1.998343 5.842178 
1.015617 1.022057 -1.906059 5.840813 
1.013046 1.032347 -1.735630 5.839313 
1.012906 1.037221 -1.670361 5.838312 
1.012949 1.042291 -1.607856 5.837299 
1.013221 1.047527 -1.547221 5.836270 
1.013792 1.052876 -1.487291 5.835212 
1.014729 1.058229 -1.427355 5.834101 
1.016102 1.063457 -1.366772 5.832922 
1.017982 1.068441 -1.304609 5.831673 
1.020417 1.073065 -1.237839 5.830345 
1.023562 1.077058 -1.174914 5.828959 
1.027410 1.080348 -1.121659 5.827512 
1.031820 1.083025 -1.067262 5.825992 
1.036765 1.085039 -1.009934 5.824422 
1.042198 1.086375 -0.953647 5.822834 
1.048049 1.086989 -0.898770 5.821256 
1.054222 1.086822 -0.845833 5.819715 
1.060619 1.085825 -0.795395 5.818247 
1.067145 1.083964 -0.747855 5.816879 
1.073690 1.081240 -0.703465 5.815629 
1.080124 1.077694 -0.664233 5.814534 
1.086344 1.073369 -0.621918 5.813656 
1.092238 1.068362 -0.578593 5.813065 
1.097688 1.062784 -0.542878 5.812809 
1.102626 1.056679 -0.511603 5.812899 
1.107005 1.050132 -0.485241 5.813321 
1.110809 1.043245 -0.463612 5.814055 
1.114023 1.036091 -0.445956 5.815062 
1.116639 1.028786 -0.431362 5.816292 
1.118671 1.021500 -0.419233 5.817724 
1.120149 1.014395 -0.406783 5.819365 
1.121099 1.007635 -0.397858 5.821183 
1.121590 1.001298 -0.402168 5.823072 
1.121750 0.995445 -0.422581 5.824889 
1.121702 0.990240 -0.457675 5.826513 
1.121543 0.985778 -0.505084 5.827859 
1.121328 0.982063 -0.562530 5.828857 
1.121117 0.979218 -0.628817 5.829455 
1.120972 0.977393 -0.703687 5.829640 
1.120926 0.976628 -0.787108 5.829406 
1.121011 0.976874 -0.879578 5.828698 
1.121288 0.977982 -1.072973 5.827420 
1.121812 0.979853 -1.358226 5.825532 
1.122590 0.982413 -1.633837 5.823068 
1.123614 0.985383 -1.897816 5.820097 
1.124870 0.988443 -2.150519 5.816710 
1.126350 0.991436 -2.394169 5.813002 
1.128045 0.994224 -2.630186 5.809064 
1.129930 0.996593 -2.859330 5.804965 
1.131974 0.998328 -3.082058 5.800739 
1.134142 0.999265 -1.660063 5.796430 
1.136373 0.999335 -0.060845 5.792106 
1.138598 0.998478 0.084264 5.787848 
1.140794 0.996578 0.248880 5.783761 
1.142944 0.993620 0.428516 5.779989 
1.145010 0.989793 0.618844 5.776633 
1.146990 0.985300 1.267352 5.773714 
1.148888 0.980225 1.774794 5.771190 
1.150675 0.974646 1.691866 5.769024 
1.152309 0.968700 1.616752 5.767213 
1.153749 0.962594 1.627546 5.765741 
1.154980 0.956589 1.716440 5.764634 
1.156005 0.950961 1.796410 5.763961 
1.156785 0.945977 1.865264 5.763761 
1.157322 0.941913 1.921468 5.763945 
1.157746 0.938863 1.965779 5.764311 
1.158123 0.936741 2.001060 5.764680 
1.158372 0.935524 2.029570 5.764972 
1.158416 0.935238 2.052060 5.765172 
1.158234 0.935903 2.068817 5.765271 
1.157853 0.937465 2.080007 5.765281 
1.157303 0.939741 2.085873 5.765182 
1.156616 0.942447 2.086817 5.764860 
1.155920 0.945276 2.082846 5.764145 
1.155389 0.947878 2.077252 5.762897 
1.154904 0.950086 2.075538 5.761084 
1.154185 0.951987 2.078638 5.758791 
1.153121 0.953662 2.085014 5.756133 
1.151763 0.955143 2.093544 5.753220 
1.150247 0.956357 2.103342 5.750138 
1.148701 0.957176 2.114077 5.746925 
1.147247 0.957530 2.125784 5.743567 
1.145972 0.957446 2.139040 5.740080 
1.144836 0.957026 2.155935 5.736563 
1.143652 0.956531 2.177531 5.733172 
1.142312 0.956285 2.201628 5.730099 
1.140893 0.956496 2.225616 5.727520 
1.139643 0.957166 2.247422 5.725554 
1.138848 0.958164 2.267158 5.724230 
1.138574 0.959495 2.286985 5.723495 
1.138716 0.961319 2.308302 5.723270 
1.139110 0.963787 2.331882 5.723534 
1.139606 0.966997 2.358137 5.724319 
1.140170 0.971027 2.386798 5.725660 
1.140860 0.975860 2.417075 5.727562 
1.141751 0.981302 2.448050 5.729976 
1.143016 0.986926 2.479228 5.732750 
1.144694 0.992406 2.513897 5.735669 
1.146447 0.997774 2.555628 5.738532 
1.147909 1.003097 2.604379 5.741210 
1.148905 1.008315 2.660642 5.743650 
1.149410 1.013316 2.725657 5.745831 
1.149503 1.017968 2.799533 5.747721 
1.149231 1.022102 2.881466 5.749265 
1.148581 1.025552 2.970638 5.750388 
1.147526 1.028234 3.067150 5.751004 
1.145938 1.030255 3.172475 5.751061 
1.143603 1.031814 3.279404 5.750578 
1.140470 1.032974 3.378927 5.749627 
1.136679 1.033691 3.473543 5.748291 
1.132483 1.033878 3.564778 5.746642 
1.128087 1.033478 3.648167 5.744736 
1.123540 1.032536 3.720634 5.742619 
1.118836 1.031168 3.781842 5.740339 
1.113990 1.029523 3.832017 5.737949 
1.109039 1.027699 3.871413 5.735508 
1.104039 1.025728 3.956784 5.733086 
1.099099 1.023592 3.945354 5.730743 
1.094373 1.021273 3.790725 5.728528 
1.090044 1.018726 3.638992 5.726470 
1.086127 1.016004 3.481126 5.724586 
1.082660 1.013120 3.315567 5.722987 
1.079515 1.010157 3.145526 5.721675 
1.076471 1.007285 2.974089 5.720521 
1.073582 1.004481 2.801837 5.719475 
1.070869 1.001689 2.771621 5.718517 
1.068297 0.998873 4.258592 5.717644 
1.065797 0.996064 5.780968 5.716823 
1.063317 0.993338 5.967192 5.716007 
1.060816 0.990765 6.161754 5.715170 
1.063368 0.984618 6.562615 5.716296 
1.064443 0.979200 6.928986 5.717670 
1.059469 0.978602 7.061938 5.716919 
1.055457 0.978268 7.199188 5.715523 
1.052030 0.977247 7.339858 5.714076 
1.048067 0.975533 7.485043 5.712869 
1.042717 0.974085 7.634849 5.711278 
1.036778 0.973602 7.788131 5.708985 
1.032219 0.973308 7.948000 5.706479 
1.030392 0.971913 8.110514 5.704129 
