1.039979 0.999202 -8.880669 5.631817 
1.036263 1.001983 -8.783993 5.630113 
1.033802 1.003224 -8.667986 5.628106 
1.032263 1.003199 -8.556221 5.626171 
1.031155 1.002906 -8.477585 5.624582 
1.030516 1.004107 -8.432513 5.623626 
1.030272 1.007621 -8.410936 5.623095 
1.030125 1.013108 -8.433176 5.622522 
1.030052 1.019478 -8.600614 5.621784 
1.026721 1.036987 -8.455274 5.618818 
1.022999 1.055318 -8.133411 5.615355 
1.022438 1.063444 -8.063641 5.613519 
1.022353 1.071880 -7.996853 5.611637 
1.022781 1.080602 -7.932597 5.609703 
1.023809 1.089535 -7.869306 5.607702 
1.025521 1.098500 -7.805472 5.605599 
1.027991 1.107273 -7.739958 5.603374 
1.031288 1.115637 -7.670537 5.601034 
1.035456 1.123415 -7.589770 5.598590 
1.040743 1.130098 -7.516352 5.596130 
1.047201 1.135523 -7.461683 5.593685 
1.054598 1.139937 -7.407395 5.591218 
1.062860 1.143264 -7.351111 5.588782 
1.071928 1.145430 -7.295975 5.586442 
1.081688 1.146359 -7.242605 5.584259 
1.091976 1.145969 -7.191557 5.582300 
1.102612 1.144192 -7.143442 5.580632 
1.113430 1.140974 -7.098813 5.579300 
1.124253 1.136339 -7.058190 5.578327 
1.134890 1.130364 -7.024400 5.577746 
1.145116 1.123180 -6.989456 5.577637 
1.154736 1.114924 -6.952924 5.578089 
1.163603 1.105708 -6.922637 5.579166 
1.171552 1.095648 -6.896457 5.580892 
1.178445 1.084906 -6.874619 5.583238 
1.184220 1.073637 -6.857160 5.586123 
1.188879 1.061969 -6.843433 5.589424 
1.192431 1.050143 -6.832528 5.593011 
1.194892 1.038435 -6.824076 5.596818 
1.196276 1.027091 -6.814625 5.600852 
1.196615 1.016299 -6.813644 5.605075 
1.196014 1.006148 -6.831126 5.609338 
1.194635 0.996775 -6.863685 5.613451 
1.192667 0.988412 -6.910365 5.617188 
1.190326 0.981185 -6.969742 5.620329 
1.187781 0.975157 -7.039637 5.622758 
1.185115 0.970562 -7.118382 5.624435 
1.182378 0.967556 -7.205301 5.625378 
1.179597 0.966135 -7.299860 5.625644 
1.176817 0.966151 -7.495008 5.625188 
1.174190 0.967346 -7.783288 5.623874 
1.171886 0.969569 -8.063717 5.621655 
1.170001 0.972665 -8.335618 5.618493 
1.168562 0.976331 -8.598101 5.614436 
1.167525 0.980210 -8.850462 5.609696 
1.166837 0.984052 -9.092928 5.604467 
1.166491 0.987576 -9.326465 5.598907 
1.166516 0.990408 -9.552349 5.593140 
1.166961 0.992173 -8.133435 5.587203 
1.167874 0.992615 -6.537992 5.581127 
1.169224 0.991631 -6.397650 5.574976 
1.170910 0.989197 -6.238195 5.568744 
1.172823 0.985292 -6.060468 5.562501 
1.174886 0.979926 -5.865889 5.556533 
1.177103 0.973331 -5.207905 5.551077 
1.179552 0.965793 -4.688037 5.546185 
1.182335 0.957400 -4.758117 5.541780 
1.185495 0.948200 -4.821286 5.537753 
1.188991 0.938418 -4.799299 5.534019 
1.192733 0.928393 -4.699152 5.530481 
1.196642 0.918569 -4.606749 5.527059 
1.200646 0.909398 -4.522818 5.523878 
1.204652 0.901331 -4.447986 5.521242 
1.208613 0.894875 -4.383538 5.519157 
1.212660 0.890137 -4.332067 5.517282 
1.216970 0.886764 -4.292819 5.515251 
1.221469 0.884578 -4.262025 5.512843 
1.225931 0.883732 -4.237602 5.509970 
1.230187 0.884356 -4.218686 5.506618 
1.234161 0.886444 -4.204940 5.502849 
1.237792 0.889861 -4.196016 5.498798 
1.241040 0.894353 -4.191400 5.494454 
1.243991 0.899424 -4.191137 5.489517 
1.246921 0.904262 -4.195355 5.483651 
1.249888 0.908279 -4.198434 5.476718 
1.252428 0.911571 -4.195605 5.468794 
1.254118 0.914476 -4.188060 5.460068 
1.254836 0.917138 -4.176660 5.450772 
1.254509 0.919688 -4.160491 5.441118 
1.253144 0.922175 -4.138779 5.431271 
1.250901 0.924525 -4.112071 5.421296 
1.247977 0.926642 -4.080399 5.411204 
1.244469 0.928521 -4.042852 5.401099 
1.240235 0.930443 -3.997075 5.391224 
1.235032 0.932926 -3.943671 5.381877 
1.228838 0.936401 -3.885664 5.373369 
1.221820 0.941134 -3.824507 5.365986 
1.213883 0.947631 -3.754913 5.359931 
1.205304 0.955915 -3.677616 5.355284 
1.196558 0.965682 -3.597862 5.352028 
1.187635 0.976949 -3.513828 5.350077 
1.178488 0.989648 -3.424767 5.349381 
1.169115 1.003734 -3.330464 5.349981 
1.159589 1.019221 -3.231426 5.351902 
1.149956 1.036091 -3.128282 5.355134 
1.140315 1.054152 -3.021367 5.359585 
1.130552 1.073297 -2.904235 5.365025 
1.121357 1.092402 -2.785188 5.371120 
1.113134 1.110470 -2.670364 5.377554 
1.105421 1.127374 -2.558352 5.384053 
1.098237 1.142710 -2.456147 5.390441 
1.091535 1.156408 -2.363268 5.396650 
1.085221 1.168526 -2.279808 5.402609 
1.079180 1.179058 -2.206323 5.408209 
1.073423 1.187850 -2.143344 5.413299 
1.068055 1.194669 -2.090729 5.417717 
1.063399 1.199004 -2.053959 5.421350 
1.059304 1.200853 -2.031992 5.424175 
1.055371 1.200652 -2.111008 5.426230 
1.051598 1.198687 -2.283951 5.427602 
1.047902 1.195396 -2.452219 5.428397 
1.044226 1.191070 -2.618286 5.428694 
1.040614 1.185823 -2.783548 5.428535 
1.037161 1.179743 -2.948447 5.427965 
1.033896 1.172967 -3.112899 5.427043 
1.030729 1.165681 -3.276763 5.425839 
1.027468 1.158202 -3.438518 5.424438 
1.023983 1.150898 -1.958119 5.422927 
1.020257 1.144079 -0.303740 5.421392 
1.016305 1.137913 -0.110478 5.419891 
1.012048 1.132666 0.091460 5.418595 
1.007622 1.128105 0.302840 5.417542 
1.003290 1.123775 1.125087 5.416586 
0.999041 1.119732 1.810879 5.415666 
0.994793 1.115992 1.762169 5.414734 
0.990487 1.112494 1.727090 5.413787 
0.986163 1.109102 1.705499 5.412828 
0.981922 1.105685 1.774797 5.411821 
0.977846 1.102201 1.926375 5.410714 
0.969136 1.107834 2.061792 5.412043 
0.961225 1.111360 2.189485 5.414044 
0.959376 1.104453 2.326554 5.413517 
0.958075 1.098964 2.467947 5.411780 
0.956039 1.094190 2.611613 5.409413 
0.953070 1.088443 2.757931 5.407178 
0.950342 1.079982 2.909167 5.404952 
0.948551 1.069520 3.065916 5.401921 
0.947274 1.060687 3.226916 5.398058 
0.945191 1.056588 3.385039 5.393960 
