0.999867 1.001566 -4.011210 6.189627 
0.999917 1.002259 -3.766203 6.189528 
0.999866 1.002878 -3.613495 6.189371 
0.999786 1.003446 -3.495997 6.189269 
0.999788 1.003926 -3.419799 6.189262 
1.000037 1.004308 -3.379225 6.189360 
1.000693 1.004624 -3.361729 6.189533 
1.001611 1.004864 -3.366418 6.189738 
1.002575 1.004941 -3.394758 6.189956 
1.005136 1.004225 -3.321448 6.189883 
1.007832 1.003610 -3.193764 6.189698 
1.009118 1.003775 -3.134940 6.189687 
1.010493 1.003955 -3.085441 6.189663 
1.011962 1.004146 -3.041686 6.189620 
1.013528 1.004353 -3.002205 6.189546 
1.015183 1.004580 -2.965563 6.189430 
1.016904 1.004827 -2.930714 6.189260 
1.018670 1.005093 -2.896651 6.189031 
1.020464 1.005390 -2.862352 6.188735 
1.022218 1.005761 -2.832054 6.188378 
1.023909 1.006198 -2.812230 6.187961 
1.025577 1.006637 -2.801610 6.187477 
1.027223 1.007061 -2.796337 6.186936 
1.028831 1.007469 -2.795357 6.186346 
1.030373 1.007855 -2.798909 6.185717 
1.031827 1.008195 -2.807522 6.185060 
1.033174 1.008462 -2.821569 6.184387 
1.034405 1.008628 -2.841235 6.183712 
1.035515 1.008658 -2.866807 6.183044 
1.036519 1.008508 -2.899494 6.182399 
1.037451 1.008140 -2.936514 6.181795 
1.038313 1.007561 -2.972746 6.181254 
1.039075 1.006808 -3.008172 6.180797 
1.039731 1.005894 -3.045132 6.180434 
1.040301 1.004820 -3.084448 6.180169 
1.040815 1.003591 -3.125184 6.180002 
1.041285 1.002214 -3.166239 6.179932 
1.041727 1.000698 -3.206960 6.179948 
1.042175 0.999071 -3.246579 6.180036 
1.042650 0.997396 -3.283069 6.180186 
1.043146 0.995762 -3.315606 6.180384 
1.043658 0.994236 -3.346469 6.180602 
1.044219 0.992855 -3.377405 6.180794 
1.044880 0.991649 -3.405689 6.180913 
1.045667 0.990633 -3.427146 6.180926 
1.046579 0.989818 -3.440549 6.180803 
1.047626 0.989240 -3.445882 6.180511 
1.048824 0.988975 -3.443037 6.180020 
1.050163 0.989095 -3.432126 6.179317 
1.051620 0.989622 -3.413750 6.178382 
1.053185 0.990524 -3.388438 6.177187 
1.054850 0.991760 -3.355256 6.175704 
1.056622 0.993238 -3.308136 6.173925 
1.058519 0.994787 -3.246283 6.171865 
1.060524 0.996289 -3.175073 6.169549 
1.062602 0.997709 -3.095809 6.166998 
1.064726 0.999024 -3.008753 6.164241 
1.066853 1.000175 -2.914131 6.161307 
1.068942 1.001090 -2.812020 6.158222 
1.070963 1.001711 -2.702266 6.155014 
1.072878 1.001993 -2.584415 6.151716 
1.074687 1.001833 -2.455094 6.148383 
1.076395 1.001140 -2.322509 6.145087 
1.077913 0.999965 -2.195376 6.141910 
1.079160 0.998417 -2.071375 6.138899 
1.080112 0.996568 -1.951261 6.136079 
1.080741 0.994470 -1.835908 6.133471 
1.081033 0.992191 -1.725776 6.131109 
1.080986 0.989807 -1.621149 6.129033 
1.080601 0.987363 -1.522427 6.127278 
1.079890 0.984903 -1.430652 6.125888 
1.078846 0.982513 -1.351123 6.124912 
1.077448 0.980329 -1.284782 6.124367 
1.075732 0.978483 -1.228542 6.124215 
1.073778 0.977061 -1.182081 6.124403 
1.071639 0.976099 -1.143638 6.124910 
1.069348 0.975614 -1.112018 6.125744 
1.066935 0.975571 -1.086911 6.126901 
1.064434 0.975883 -1.068197 6.128363 
1.061893 0.976461 -1.055784 6.130106 
1.059367 0.977216 -1.049480 6.132094 
1.056929 0.978093 -1.048066 6.134262 
1.054663 0.979051 -1.050425 6.136523 
1.052627 0.980035 -1.053487 6.138823 
1.050805 0.981005 -1.053403 6.141146 
1.049155 0.981926 -1.050089 6.143489 
1.047667 0.982731 -1.044614 6.145845 
1.046380 0.983363 -1.037487 6.148195 
1.045342 0.983794 -1.029002 6.150509 
1.044580 0.984033 -1.019351 6.152748 
1.044108 0.984124 -1.008467 6.154868 
1.043911 0.984107 -0.995634 6.156848 
1.043931 0.984022 -0.979077 6.158699 
1.044096 0.983937 -0.958451 6.160453 
1.044370 0.983896 -0.935837 6.162146 
1.044778 0.983903 -0.912963 6.163794 
1.045379 0.983979 -0.890252 6.165383 
1.046189 0.984180 -0.874324 6.166877 
1.047167 0.984581 -0.871439 6.168235 
1.048254 0.985237 -0.880739 6.169441 
1.049383 0.986178 -0.901597 6.170512 
1.050503 0.987425 -0.933931 6.171474 
1.051601 0.988991 -0.978303 6.172349 
1.052681 0.990816 -1.035551 6.173131 
1.053761 0.992786 -1.106106 6.173782 
1.054856 0.994831 -1.189417 6.174249 
1.055918 0.996927 -1.227268 6.174485 
1.056857 0.999047 -1.361457 6.174473 
1.057607 1.001143 -1.642147 6.174226 
1.058134 1.003177 -1.920593 6.173767 
1.058438 1.005116 -2.197809 6.173114 
1.058526 1.006918 -2.474614 6.172269 
1.058398 1.008513 -2.751698 6.171221 
1.058050 1.009858 -3.029654 6.169960 
1.057473 1.010974 -3.308689 6.168495 
1.056640 1.011894 -3.389580 6.166851 
1.055530 1.012620 -1.898567 6.165070 
1.054162 1.013136 -0.432898 6.163198 
1.052586 1.013435 -0.361072 6.161275 
1.050864 1.013517 -0.279679 6.159329 
1.049039 1.013381 -0.188484 6.157383 
1.047138 1.013047 -0.087284 6.155457 
1.045182 1.012557 0.024184 6.153577 
1.043191 1.011958 0.146456 6.151768 
1.041187 1.011272 0.394082 6.150053 
1.039195 1.010502 0.582238 6.148455 
1.037249 1.009649 0.476891 6.146989 
1.035384 1.008726 0.372197 6.145665 
1.033622 1.007754 0.383932 6.144487 
1.031962 1.006752 0.399201 6.143453 
1.030415 1.005712 0.416286 6.142587 
1.028957 1.004653 0.436418 6.141874 
1.027556 1.003621 0.463439 6.141266 
1.026220 1.002616 0.498164 6.140744 
1.024943 1.001619 0.484472 6.140300 
1.023710 1.000624 0.423328 6.139927 
1.022502 0.999649 0.429283 6.139613 
1.021301 0.998714 0.502302 6.139338 
1.020115 0.997829 0.585200 6.139091 
1.019915 0.995839 0.574754 6.139458 
1.019382 0.994168 0.586370 6.139804 
1.017646 0.994110 0.720946 6.139441 
1.016091 0.994085 0.861061 6.139012 
1.014535 0.993742 1.007951 6.138671 
1.012859 0.993159 1.161134 6.138407 
1.011066 0.992555 1.317059 6.138070 
1.009307 0.992084 1.478251 6.137596 
1.008107 0.991698 1.647352 6.137095 
1.007803 0.991136 1.813161 6.136666 
