1.012768 0.999977 -0.850577 2.115045 
1.013185 1.000040 -0.883671 0.632111 
1.013561 1.000033 -0.917999 0.609535 
1.013902 0.999933 -0.951090 0.572714 
1.014198 0.999746 -0.978790 0.521670 
1.014431 0.999488 -1.002126 0.456418 
1.014593 0.999176 -1.022642 0.376973 
1.014675 0.998837 -1.041058 0.283344 
1.014674 0.998500 -1.057716 0.175540 
1.014587 0.998169 -1.072675 3.195166 
1.014414 0.997830 -1.085812 6.271880 
1.014161 0.997478 -1.096809 6.271226 
1.013834 0.997124 -1.103662 6.270695 
1.013432 0.996792 -1.106542 6.270292 
1.012960 0.996511 -1.108642 6.270016 
1.012428 0.996317 -1.110939 6.269858 
1.011846 0.996234 -1.112913 6.269812 
1.011225 0.996259 -1.114333 6.269875 
1.010577 0.996351 -1.114883 6.270046 
1.009920 0.996472 -1.114216 6.270322 
1.009272 0.996608 -1.112496 6.263573 
1.008646 0.996753 -1.109965 6.242664 
1.008056 0.996907 -1.107338 6.207582 
1.007514 0.997077 -1.104872 6.165431 
1.007025 0.997268 -1.100918 6.123322 
1.006593 0.997473 -1.094339 6.074119 
1.006220 0.997662 -1.085490 6.010692 
1.005912 0.997803 -1.074381 5.933034 
1.005679 0.997887 -1.060754 5.841139 
1.005525 0.997921 -1.044883 5.777738 
1.005450 0.997910 -1.027098 5.749943 
1.005446 0.997870 -1.007420 5.722120 
