1.000000 1.000000 0.000000 0.000000 
1.000000 1.000000 0.785398 0.000000 
1.000000 1.000000 0.785398 0.000000 
1.000000 1.000000 0.000000 0.000000 
1.000000 1.000000 0.000000 0.000000 
1.000000 1.000000 0.000000 0.000000 
1.000000 1.000000 0.000000 0.000000 
1.000000 1.000000 0.000000 0.000000 
1.000000 1.000000 0.000000 0.000000 
1.000000 1.000000 0.000000 0.000000 
1.000000 1.000000 0.000000 0.000000 
1.000000 1.000000 0.000000 0.000000 
1.000000 1.000000 0.000000 0.000000 
1.000000 1.000000 0.785398 0.000000 
1.000000 1.000000 0.785398 0.000000 
1.000000 1.000000 0.000000 0.000000 
1.000000 1.000000 0.000000 0.000000 
1.000000 1.000000 0.000000 0.000000 
1.000000 1.000000 0.000000 0.000000 
1.000000 1.000000 0.000000 0.000000 
1.000000 1.000000 0.785398 0.000000 
1.000000 1.000000 0.785398 0.000000 
1.000000 1.000000 0.000000 0.000000 
1.000000 1.000000 0.000000 0.000000 
1.000000 1.000000 0.000000 0.000000 
1.000000 1.000000 0.000000 0.000000 
1.000000 1.000000 0.000000 0.000000 
1.000000 1.000000 0.000000 0.000000 
1.000000 1.000000 0.000000 0.000000 
1.000000 1.000000 0.785398 0.000000 
1.000000 1.000000 0.785398 0.000000 
1.000000 1.000000 0.000000 0.000000 
