1.112866 1.001421 -2.687267 6.006934 
1.115351 1.001683 -2.568995 6.003326 
1.117781 1.001181 -2.442236 5.999706 
1.120175 0.999775 -2.310786 5.996181 
1.122467 0.997494 -2.181809 5.992870 
1.124564 0.994535 -2.057139 5.989848 
1.126451 0.991051 -1.936905 5.987134 
1.128100 0.987127 -1.821906 5.984719 
1.129470 0.982847 -1.712607 5.982609 
1.130533 0.978323 -1.609305 5.980833 
1.131274 0.973685 -1.512404 5.979411 
1.131707 0.969099 -1.422831 5.978380 
1.131837 0.964754 -1.343800 5.977805 
1.131617 0.960869 -1.277446 5.977704 
1.131069 0.957674 -1.223112 5.977996 
1.130306 0.955291 -1.179300 5.978542 
1.129368 0.953716 -1.143628 5.979247 
1.128222 0.952941 -1.114623 5.980089 
1.126856 0.952941 -1.091870 5.981067 
1.125298 0.953666 -1.075224 5.982159 
1.123603 0.955029 -1.064553 5.983346 
1.121813 0.956855 -1.059628 5.984592 
1.119984 0.958936 -1.059745 5.985792 
1.118249 0.961101 -1.064150 5.986805 
1.116703 0.963165 -1.068955 5.987532 
1.115249 0.965034 -1.069729 5.987963 
1.113731 0.966716 -1.066555 5.988151 
1.112109 0.968203 -1.060830 5.988151 
1.110457 0.969464 -1.053565 5.988001 
1.108884 0.970429 -1.045343 5.987721 
1.107466 0.971022 -1.036311 5.987305 
1.106266 0.971239 -1.026307 5.986711 
