-0.00000276 0.00000150 0.00000025 0.00000173 -0.00000148 -0.00000041 -0.00000224 -0.00000270 -0.00000027  -0.00000562 0.00000230 0.00000189 0.00000426 -0.00000196 -0.00000149 -0.00000288 -0.00000531 -0.00000042  -0.00000166 0.00000012 0.00000047 0.00000060 0.00000006 -0.00000015 -0.00000025 -0.00000142 -0.00000023  
-0.00000562 0.00000230 0.00000189 0.00000426 -0.00000196 -0.00000149 -0.00000288 -0.00000531 -0.00000042  -0.00000166 0.00000012 0.00000047 0.00000060 0.00000006 -0.00000015 -0.00000025 -0.00000142 -0.00000023  -0.00000386 -0.00000039 0.00000113 0.00000074 0.00000028 -0.00000019 0.00000018 -0.00000341 -0.00000054  
-0.00000166 0.00000012 0.00000047 0.00000060 0.00000006 -0.00000015 -0.00000025 -0.00000142 -0.00000023  -0.00000386 -0.00000039 0.00000113 0.00000074 0.00000028 -0.00000019 0.00000018 -0.00000341 -0.00000054  -0.00000361 -0.00000090 0.00000088 0.00000034 -0.00000370 -0.00000044 0.00000194 -0.00000671 -0.00000104  
-0.00000386 -0.00000039 0.00000113 0.00000074 0.00000028 -0.00000019 0.00000018 -0.00000341 -0.00000054  -0.00000361 -0.00000090 0.00000088 0.00000034 -0.00000370 -0.00000044 0.00000194 -0.00000671 -0.00000104  -0.00003127 -0.00002121 0.00000852 -0.00000943 -0.00003086 0.00000168 0.00001597 -0.00004441 -0.00000475  
-0.00000361 -0.00000090 0.00000088 0.00000034 -0.00000370 -0.00000044 0.00000194 -0.00000671 -0.00000104  -0.00003127 -0.00002121 0.00000852 -0.00000943 -0.00003086 0.00000168 0.00001597 -0.00004441 -0.00000475  -0.00003120 -0.00003018 0.00001019 -0.00001669 -0.00003331 0.00000560 0.00002231 -0.00004322 -0.00000446  
-0.00003127 -0.00002121 0.00000852 -0.00000943 -0.00003086 0.00000168 0.00001597 -0.00004441 -0.00000475  -0.00003120 -0.00003018 0.00001019 -0.00001669 -0.00003331 0.00000560 0.00002231 -0.00004322 -0.00000446  -0.00001891 -0.00002157 0.00000572 -0.00001093 -0.00004061 0.00000446 0.00002285 -0.00004109 -0.00000331  
-0.00003120 -0.00003018 0.00001019 -0.00001669 -0.00003331 0.00000560 0.00002231 -0.00004322 -0.00000446  -0.00001891 -0.00002157 0.00000572 -0.00001093 -0.00004061 0.00000446 0.00002285 -0.00004109 -0.00000331  -0.00002322 -0.00002302 0.00000801 -0.00000033 -0.00011330 0.00001343 0.00004118 -0.00007765 -0.00000027  
-0.00001891 -0.00002157 0.00000572 -0.00001093 -0.00004061 0.00000446 0.00002285 -0.00004109 -0.00000331  -0.00002322 -0.00002302 0.00000801 -0.00000033 -0.00011330 0.00001343 0.00004118 -0.00007765 -0.00000027  -0.00002700 0.00000290 0.00000440 0.00002736 -0.00015026 0.00001844 0.00004621 -0.00008896 0.00000557  
-0.00002322 -0.00002302 0.00000801 -0.00000033 -0.00011330 0.00001343 0.00004118 -0.00007765 -0.00000027  -0.00002700 0.00000290 0.00000440 0.00002736 -0.00015026 0.00001844 0.00004621 -0.00008896 0.00000557  -0.00003880 0.00001493 0.00000053 0.00003343 -0.00015707 0.00001936 0.00003339 -0.00007853 0.00000941  
-0.00002700 0.00000290 0.00000440 0.00002736 -0.00015026 0.00001844 0.00004621 -0.00008896 0.00000557  -0.00003880 0.00001493 0.00000053 0.00003343 -0.00015707 0.00001936 0.00003339 -0.00007853 0.00000941  -0.00005394 0.00001979 -0.00000106 0.00002865 -0.00013603 0.00001797 0.00000240 -0.00005731 0.00001180  
-0.00003880 0.00001493 0.00000053 0.00003343 -0.00015707 0.00001936 0.00003339 -0.00007853 0.00000941  -0.00005394 0.00001979 -0.00000106 0.00002865 -0.00013603 0.00001797 0.00000240 -0.00005731 0.00001180  -0.00006829 0.00003792 -0.00000677 0.00003625 -0.00015670 0.00002513 -0.00003737 -0.00005388 0.00001491  
-0.00005394 0.00001979 -0.00000106 0.00002865 -0.00013603 0.00001797 0.00000240 -0.00005731 0.00001180  -0.00006829 0.00003792 -0.00000677 0.00003625 -0.00015670 0.00002513 -0.00003737 -0.00005388 0.00001491  -0.00007493 0.00003143 -0.00000965 0.00002231 -0.00017469 0.00002585 -0.00008131 -0.00004471 0.00001317  
-0.00006829 0.00003792 -0.00000677 0.00003625 -0.00015670 0.00002513 -0.00003737 -0.00005388 0.00001491  -0.00007493 0.00003143 -0.00000965 0.00002231 -0.00017469 0.00002585 -0.00008131 -0.00004471 0.00001317  -0.00007673 0.00000557 -0.00001201 -0.00000737 -0.00021651 0.00001634 -0.00011189 -0.00004637 0.00000736  
-0.00007493 0.00003143 -0.00000965 0.00002231 -0.00017469 0.00002585 -0.00008131 -0.00004471 0.00001317  -0.00007673 0.00000557 -0.00001201 -0.00000737 -0.00021651 0.00001634 -0.00011189 -0.00004637 0.00000736  -0.00007904 0.00000145 -0.00001391 -0.00003911 -0.00056245 0.00005978 -0.00021869 -0.00010399 0.00000157  
-0.00007673 0.00000557 -0.00001201 -0.00000737 -0.00021651 0.00001634 -0.00011189 -0.00004637 0.00000736  -0.00007904 0.00000145 -0.00001391 -0.00003911 -0.00056245 0.00005978 -0.00021869 -0.00010399 0.00000157  -0.00011440 -0.00004911 -0.00001758 -0.00009944 -0.00106098 0.00011754 -0.00022696 -0.00001837 -0.00003157  
-0.00007904 0.00000145 -0.00001391 -0.00003911 -0.00056245 0.00005978 -0.00021869 -0.00010399 0.00000157  -0.00011440 -0.00004911 -0.00001758 -0.00009944 -0.00106098 0.00011754 -0.00022696 -0.00001837 -0.00003157  -0.00015522 -0.00009372 -0.00002238 -0.00012028 -0.00130598 0.00013521 -0.00015206 0.00020738 -0.00006681  
-0.00011440 -0.00004911 -0.00001758 -0.00009944 -0.00106098 0.00011754 -0.00022696 -0.00001837 -0.00003157  -0.00015522 -0.00009372 -0.00002238 -0.00012028 -0.00130598 0.00013521 -0.00015206 0.00020738 -0.00006681  -0.00018245 -0.00006870 -0.00001574 -0.00006032 -0.00122499 0.00011370 -0.00005147 0.00042449 -0.00008021  
-0.00015522 -0.00009372 -0.00002238 -0.00012028 -0.00130598 0.00013521 -0.00015206 0.00020738 -0.00006681  -0.00018245 -0.00006870 -0.00001574 -0.00006032 -0.00122499 0.00011370 -0.00005147 0.00042449 -0.00008021  -0.00010704 -0.00001029 0.00000545 -0.00000347 -0.00046462 0.00003369 0.00003691 0.00033174 -0.00004214  
-0.00018245 -0.00006870 -0.00001574 -0.00006032 -0.00122499 0.00011370 -0.00005147 0.00042449 -0.00008021  -0.00010704 -0.00001029 0.00000545 -0.00000347 -0.00046462 0.00003369 0.00003691 0.00033174 -0.00004214  -0.00009066 0.00000403 0.00001152 -0.00001343 -0.00018830 0.00001084 0.00006402 0.00017593 -0.00001795  
-0.00010704 -0.00001029 0.00000545 -0.00000347 -0.00046462 0.00003369 0.00003691 0.00033174 -0.00004214  -0.00009066 0.00000403 0.00001152 -0.00001343 -0.00018830 0.00001084 0.00006402 0.00017593 -0.00001795  -0.00009738 0.00000711 0.00000902 -0.00000979 -0.00013298 0.00000813 0.00003962 0.00015330 -0.00001605  
-0.00009066 0.00000403 0.00001152 -0.00001343 -0.00018830 0.00001084 0.00006402 0.00017593 -0.00001795  -0.00009738 0.00000711 0.00000902 -0.00000979 -0.00013298 0.00000813 0.00003962 0.00015330 -0.00001605  -0.00007510 0.00001787 0.00000871 -0.00000015 -0.00007543 0.00000555 0.00001275 0.00011843 -0.00001338  
-0.00009738 0.00000711 0.00000902 -0.00000979 -0.00013298 0.00000813 0.00003962 0.00015330 -0.00001605  -0.00007510 0.00001787 0.00000871 -0.00000015 -0.00007543 0.00000555 0.00001275 0.00011843 -0.00001338  -0.00006864 0.00000922 0.00000930 -0.00000812 -0.00004993 0.00001021 -0.00000188 0.00010252 -0.00001406  
-0.00007510 0.00001787 0.00000871 -0.00000015 -0.00007543 0.00000555 0.00001275 0.00011843 -0.00001338  -0.00006864 0.00000922 0.00000930 -0.00000812 -0.00004993 0.00001021 -0.00000188 0.00010252 -0.00001406  -0.00006521 -0.00000886 0.00000431 -0.00001716 -0.00003373 0.00001012 -0.00001580 0.00009069 -0.00001485  
-0.00006864 0.00000922 0.00000930 -0.00000812 -0.00004993 0.00001021 -0.00000188 0.00010252 -0.00001406  -0.00006521 -0.00000886 0.00000431 -0.00001716 -0.00003373 0.00001012 -0.00001580 0.00009069 -0.00001485  -0.00005191 -0.00002309 -0.00000326 -0.00002047 -0.00005627 0.00000625 -0.00004469 0.00008694 -0.00001535  
-0.00006521 -0.00000886 0.00000431 -0.00001716 -0.00003373 0.00001012 -0.00001580 0.00009069 -0.00001485  -0.00005191 -0.00002309 -0.00000326 -0.00002047 -0.00005627 0.00000625 -0.00004469 0.00008694 -0.00001535  -0.00003832 -0.00002101 -0.00000214 -0.00001904 -0.00003291 0.00000262 -0.00003624 0.00005167 -0.00000971  
-0.00005191 -0.00002309 -0.00000326 -0.00002047 -0.00005627 0.00000625 -0.00004469 0.00008694 -0.00001535  -0.00003832 -0.00002101 -0.00000214 -0.00001904 -0.00003291 0.00000262 -0.00003624 0.00005167 -0.00000971  -0.00002765 -0.00001736 -0.00000328 -0.00001555 -0.00001640 0.00000097 -0.00003140 0.00002995 -0.00000638  
-0.00003832 -0.00002101 -0.00000214 -0.00001904 -0.00003291 0.00000262 -0.00003624 0.00005167 -0.00000971  -0.00002765 -0.00001736 -0.00000328 -0.00001555 -0.00001640 0.00000097 -0.00003140 0.00002995 -0.00000638  -0.00001803 -0.00001452 -0.00000162 -0.00001387 -0.00001477 0.00000074 -0.00002472 0.00001830 -0.00000373  
-0.00002765 -0.00001736 -0.00000328 -0.00001555 -0.00001640 0.00000097 -0.00003140 0.00002995 -0.00000638  -0.00001803 -0.00001452 -0.00000162 -0.00001387 -0.00001477 0.00000074 -0.00002472 0.00001830 -0.00000373  -0.00001816 -0.00000887 -0.00000144 -0.00000820 -0.00001266 -0.00000019 -0.00001815 0.00000933 -0.00000141  
-0.00001803 -0.00001452 -0.00000162 -0.00001387 -0.00001477 0.00000074 -0.00002472 0.00001830 -0.00000373  -0.00001816 -0.00000887 -0.00000144 -0.00000820 -0.00001266 -0.00000019 -0.00001815 0.00000933 -0.00000141  -0.00001384 -0.00001205 -0.00000007 -0.00001204 -0.00002060 0.00000188 -0.00001131 0.00000678 -0.00000096  
-0.00001816 -0.00000887 -0.00000144 -0.00000820 -0.00001266 -0.00000019 -0.00001815 0.00000933 -0.00000141  -0.00001384 -0.00001205 -0.00000007 -0.00001204 -0.00002060 0.00000188 -0.00001131 0.00000678 -0.00000096  -0.00001335 -0.00000882 0.00000069 -0.00000822 -0.00004060 0.00000188 -0.00000434 0.00000157 -0.00000123  
-0.00001384 -0.00001205 -0.00000007 -0.00001204 -0.00002060 0.00000188 -0.00001131 0.00000678 -0.00000096  -0.00001335 -0.00000882 0.00000069 -0.00000822 -0.00004060 0.00000188 -0.00000434 0.00000157 -0.00000123  -0.00002027 -0.00000158 0.00000050 -0.00000140 -0.00003144 0.00000076 0.00001319 0.00000214 -0.00000099  
-0.00001335 -0.00000882 0.00000069 -0.00000822 -0.00004060 0.00000188 -0.00000434 0.00000157 -0.00000123  -0.00002027 -0.00000158 0.00000050 -0.00000140 -0.00003144 0.00000076 0.00001319 0.00000214 -0.00000099  -0.00002880 -0.00000034 -0.00000069 0.00000098 -0.00001699 0.00000023 0.00001827 0.00000786 -0.00000111  
