-0.00033236 -0.00019622 -0.00001294 -0.00010548 -0.00031570 -0.00011106 -0.00015217 -0.00026182 -0.00009501  -0.00027574 -0.00014830 0.00000094 -0.00005523 -0.00030042 -0.00011937 -0.00012691 -0.00023652 -0.00007585  -0.00028552 -0.00010510 0.00003377 -0.00002065 -0.00032786 -0.00014365 -0.00008517 -0.00024835 -0.00008208  
-0.00027574 -0.00014830 0.00000094 -0.00005523 -0.00030042 -0.00011937 -0.00012691 -0.00023652 -0.00007585  -0.00028552 -0.00010510 0.00003377 -0.00002065 -0.00032786 -0.00014365 -0.00008517 -0.00024835 -0.00008208  -0.00031378 -0.00003664 0.00007515 0.00002987 -0.00033781 -0.00015243 -0.00003619 -0.00021918 -0.00007801  
-0.00028552 -0.00010510 0.00003377 -0.00002065 -0.00032786 -0.00014365 -0.00008517 -0.00024835 -0.00008208  -0.00031378 -0.00003664 0.00007515 0.00002987 -0.00033781 -0.00015243 -0.00003619 -0.00021918 -0.00007801  -0.00029414 0.00001954 0.00005766 0.00007001 -0.00039762 -0.00016949 -0.00002755 -0.00022016 -0.00006405  
-0.00031378 -0.00003664 0.00007515 0.00002987 -0.00033781 -0.00015243 -0.00003619 -0.00021918 -0.00007801  -0.00029414 0.00001954 0.00005766 0.00007001 -0.00039762 -0.00016949 -0.00002755 -0.00022016 -0.00006405  -0.00034684 -0.00003990 0.00006963 0.00005819 -0.00052581 -0.00018896 0.00000365 -0.00041356 -0.00012709  
-0.00029414 0.00001954 0.00005766 0.00007001 -0.00039762 -0.00016949 -0.00002755 -0.00022016 -0.00006405  -0.00034684 -0.00003990 0.00006963 0.00005819 -0.00052581 -0.00018896 0.00000365 -0.00041356 -0.00012709  -0.00043524 -0.00002816 0.00007020 0.00008914 -0.00087986 -0.00025392 0.00010316 -0.00069945 -0.00021891  
-0.00034684 -0.00003990 0.00006963 0.00005819 -0.00052581 -0.00018896 0.00000365 -0.00041356 -0.00012709  -0.00043524 -0.00002816 0.00007020 0.00008914 -0.00087986 -0.00025392 0.00010316 -0.00069945 -0.00021891  -0.00043925 0.00007282 0.00007447 0.00021664 -0.00109138 -0.00028490 0.00019184 -0.00089276 -0.00024942  
-0.00043524 -0.00002816 0.00007020 0.00008914 -0.00087986 -0.00025392 0.00010316 -0.00069945 -0.00021891  -0.00043925 0.00007282 0.00007447 0.00021664 -0.00109138 -0.00028490 0.00019184 -0.00089276 -0.00024942  -0.00040367 0.00014953 0.00006281 0.00033836 -0.00134963 -0.00026938 0.00025147 -0.00106811 -0.00022881  
-0.00043925 0.00007282 0.00007447 0.00021664 -0.00109138 -0.00028490 0.00019184 -0.00089276 -0.00024942  -0.00040367 0.00014953 0.00006281 0.00033836 -0.00134963 -0.00026938 0.00025147 -0.00106811 -0.00022881  -0.00045908 0.00030968 0.00004746 0.00051481 -0.00168681 -0.00026784 0.00029925 -0.00125252 -0.00024670  
-0.00040367 0.00014953 0.00006281 0.00033836 -0.00134963 -0.00026938 0.00025147 -0.00106811 -0.00022881  -0.00045908 0.00030968 0.00004746 0.00051481 -0.00168681 -0.00026784 0.00029925 -0.00125252 -0.00024670  -0.00062807 0.00055039 0.00004912 0.00076125 -0.00211235 -0.00032064 0.00027620 -0.00133128 -0.00024458  
-0.00045908 0.00030968 0.00004746 0.00051481 -0.00168681 -0.00026784 0.00029925 -0.00125252 -0.00024670  -0.00062807 0.00055039 0.00004912 0.00076125 -0.00211235 -0.00032064 0.00027620 -0.00133128 -0.00024458  -0.00098326 0.00080863 0.00006389 0.00097920 -0.00264477 -0.00036201 -0.00001823 -0.00146273 -0.00033990  
-0.00062807 0.00055039 0.00004912 0.00076125 -0.00211235 -0.00032064 0.00027620 -0.00133128 -0.00024458  -0.00098326 0.00080863 0.00006389 0.00097920 -0.00264477 -0.00036201 -0.00001823 -0.00146273 -0.00033990  -0.00136811 0.00082002 0.00000471 0.00094686 -0.00365934 -0.00076334 -0.00087459 -0.00198493 -0.00073990  
-0.00098326 0.00080863 0.00006389 0.00097920 -0.00264477 -0.00036201 -0.00001823 -0.00146273 -0.00033990  -0.00136811 0.00082002 0.00000471 0.00094686 -0.00365934 -0.00076334 -0.00087459 -0.00198493 -0.00073990  -0.00191525 0.00042001 -0.00011754 0.00047885 -0.00628059 -0.00126430 -0.00237119 -0.00280120 -0.00106103  
-0.00136811 0.00082002 0.00000471 0.00094686 -0.00365934 -0.00076334 -0.00087459 -0.00198493 -0.00073990  -0.00191525 0.00042001 -0.00011754 0.00047885 -0.00628059 -0.00126430 -0.00237119 -0.00280120 -0.00106103  -0.00192118 -0.00006352 -0.00016167 -0.00020993 -0.00955797 -0.00115542 -0.00383259 -0.00341617 -0.00095796  
-0.00191525 0.00042001 -0.00011754 0.00047885 -0.00628059 -0.00126430 -0.00237119 -0.00280120 -0.00106103  -0.00192118 -0.00006352 -0.00016167 -0.00020993 -0.00955797 -0.00115542 -0.00383259 -0.00341617 -0.00095796  -0.00192890 -0.00059574 -0.00012058 -0.00107910 -0.01233614 -0.00034982 -0.00427468 -0.00316229 -0.00060135  
-0.00192118 -0.00006352 -0.00016167 -0.00020993 -0.00955797 -0.00115542 -0.00383259 -0.00341617 -0.00095796  -0.00192890 -0.00059574 -0.00012058 -0.00107910 -0.01233614 -0.00034982 -0.00427468 -0.00316229 -0.00060135  -0.00173609 -0.00115941 -0.00008179 -0.00187520 -0.01427210 0.00049926 -0.00329663 -0.00148849 -0.00045387  
-0.00192890 -0.00059574 -0.00012058 -0.00107910 -0.01233614 -0.00034982 -0.00427468 -0.00316229 -0.00060135  -0.00173609 -0.00115941 -0.00008179 -0.00187520 -0.01427210 0.00049926 -0.00329663 -0.00148849 -0.00045387  -0.00191449 -0.00152687 -0.00003106 -0.00214958 -0.01532620 0.00117318 -0.00160460 0.00184993 -0.00065884  
-0.00173609 -0.00115941 -0.00008179 -0.00187520 -0.01427210 0.00049926 -0.00329663 -0.00148849 -0.00045387  -0.00191449 -0.00152687 -0.00003106 -0.00214958 -0.01532620 0.00117318 -0.00160460 0.00184993 -0.00065884  -0.00237364 -0.00163251 0.00004443 -0.00192252 -0.01551534 0.00171321 -0.00018017 0.00618782 -0.00121593  
-0.00191449 -0.00152687 -0.00003106 -0.00214958 -0.01532620 0.00117318 -0.00160460 0.00184993 -0.00065884  -0.00237364 -0.00163251 0.00004443 -0.00192252 -0.01551534 0.00171321 -0.00018017 0.00618782 -0.00121593  -0.00214881 -0.00134396 0.00015893 -0.00134560 -0.01246855 0.00216941 0.00062846 0.00871402 -0.00201622  
-0.00237364 -0.00163251 0.00004443 -0.00192252 -0.01551534 0.00171321 -0.00018017 0.00618782 -0.00121593  -0.00214881 -0.00134396 0.00015893 -0.00134560 -0.01246855 0.00216941 0.00062846 0.00871402 -0.00201622  -0.00156827 -0.00076464 0.00023066 -0.00087919 -0.00726314 0.00194682 0.00068713 0.00738255 -0.00260992  
-0.00214881 -0.00134396 0.00015893 -0.00134560 -0.01246855 0.00216941 0.00062846 0.00871402 -0.00201622  -0.00156827 -0.00076464 0.00023066 -0.00087919 -0.00726314 0.00194682 0.00068713 0.00738255 -0.00260992  -0.00085379 -0.00018246 0.00008420 -0.00036916 -0.00328379 0.00089174 0.00044208 0.00425824 -0.00163354  
-0.00156827 -0.00076464 0.00023066 -0.00087919 -0.00726314 0.00194682 0.00068713 0.00738255 -0.00260992  -0.00085379 -0.00018246 0.00008420 -0.00036916 -0.00328379 0.00089174 0.00044208 0.00425824 -0.00163354  -0.00043030 0.00015664 0.00002853 -0.00014012 -0.00154338 0.00037462 0.00028340 0.00217705 -0.00062225  
-0.00085379 -0.00018246 0.00008420 -0.00036916 -0.00328379 0.00089174 0.00044208 0.00425824 -0.00163354  -0.00043030 0.00015664 0.00002853 -0.00014012 -0.00154338 0.00037462 0.00028340 0.00217705 -0.00062225  -0.00030604 0.00020644 0.00001343 -0.00009697 -0.00080732 0.00025978 0.00004207 0.00151557 -0.00047755  
-0.00043030 0.00015664 0.00002853 -0.00014012 -0.00154338 0.00037462 0.00028340 0.00217705 -0.00062225  -0.00030604 0.00020644 0.00001343 -0.00009697 -0.00080732 0.00025978 0.00004207 0.00151557 -0.00047755  -0.00027438 0.00013370 0.00002795 -0.00010039 -0.00050610 0.00018835 -0.00010087 0.00093798 -0.00030844  
-0.00030604 0.00020644 0.00001343 -0.00009697 -0.00080732 0.00025978 0.00004207 0.00151557 -0.00047755  -0.00027438 0.00013370 0.00002795 -0.00010039 -0.00050610 0.00018835 -0.00010087 0.00093798 -0.00030844  -0.00015480 0.00017510 -0.00002963 -0.00001366 -0.00058486 0.00020392 -0.00026161 0.00077116 -0.00026776  
-0.00027438 0.00013370 0.00002795 -0.00010039 -0.00050610 0.00018835 -0.00010087 0.00093798 -0.00030844  -0.00015480 0.00017510 -0.00002963 -0.00001366 -0.00058486 0.00020392 -0.00026161 0.00077116 -0.00026776  -0.00029059 0.00013157 0.00002033 -0.00004396 -0.00058396 0.00020935 -0.00022266 0.00066255 -0.00022861  
-0.00015480 0.00017510 -0.00002963 -0.00001366 -0.00058486 0.00020392 -0.00026161 0.00077116 -0.00026776  -0.00029059 0.00013157 0.00002033 -0.00004396 -0.00058396 0.00020935 -0.00022266 0.00066255 -0.00022861  -0.00024912 0.00008335 0.00002299 -0.00003149 -0.00038196 0.00014402 -0.00014312 0.00037953 -0.00013197  
-0.00029059 0.00013157 0.00002033 -0.00004396 -0.00058396 0.00020935 -0.00022266 0.00066255 -0.00022861  -0.00024912 0.00008335 0.00002299 -0.00003149 -0.00038196 0.00014402 -0.00014312 0.00037953 -0.00013197  -0.00021314 0.00008729 0.00000366 0.00000593 -0.00022803 0.00008454 -0.00011510 0.00021777 -0.00007459  
-0.00024912 0.00008335 0.00002299 -0.00003149 -0.00038196 0.00014402 -0.00014312 0.00037953 -0.00013197  -0.00021314 0.00008729 0.00000366 0.00000593 -0.00022803 0.00008454 -0.00011510 0.00021777 -0.00007459  -0.00024144 0.00003363 0.00000505 -0.00004157 -0.00021287 0.00008171 -0.00012962 0.00019086 -0.00006649  
-0.00021314 0.00008729 0.00000366 0.00000593 -0.00022803 0.00008454 -0.00011510 0.00021777 -0.00007459  -0.00024144 0.00003363 0.00000505 -0.00004157 -0.00021287 0.00008171 -0.00012962 0.00019086 -0.00006649  -0.00032552 0.00001562 0.00004405 -0.00005801 -0.00021250 0.00007947 -0.00013049 0.00013694 -0.00003217  
-0.00024144 0.00003363 0.00000505 -0.00004157 -0.00021287 0.00008171 -0.00012962 0.00019086 -0.00006649  -0.00032552 0.00001562 0.00004405 -0.00005801 -0.00021250 0.00007947 -0.00013049 0.00013694 -0.00003217  -0.00039808 -0.00003054 0.00009025 -0.00012705 -0.00021218 0.00009738 -0.00016599 0.00011828 -0.00001673  
-0.00032552 0.00001562 0.00004405 -0.00005801 -0.00021250 0.00007947 -0.00013049 0.00013694 -0.00003217  -0.00039808 -0.00003054 0.00009025 -0.00012705 -0.00021218 0.00009738 -0.00016599 0.00011828 -0.00001673  -0.00041798 -0.00017531 0.00013969 -0.00025734 -0.00028743 0.00013953 -0.00016071 0.00007307 0.00000073  
-0.00039808 -0.00003054 0.00009025 -0.00012705 -0.00021218 0.00009738 -0.00016599 0.00011828 -0.00001673  -0.00041798 -0.00017531 0.00013969 -0.00025734 -0.00028743 0.00013953 -0.00016071 0.00007307 0.00000073  -0.00034604 -0.00025974 0.00015371 -0.00030354 -0.00041921 0.00019102 -0.00013418 0.00005244 0.00000773  
