1 1 
2 1 
3 1 
4 1 
5 1 
6 1 
7 1 
8 1 
9 1 
10 1 
11 1 
12 1 
13 1 
14 1 
15 1 
17 1 
18 1 
19 1 
20 1 
21 1 
28 1 
29 1 
30 1 
31 1 
32 1 
33 1 
34 1 
35 1 
36 1 
37 1 
38 1 
44 1 
45 1 
46 1 
47 1 
48 1 
55 1 
56 1 
57 1 
58 1 
59 1 
60 1 
61 1 
62 1 
63 1 
64 1 
65 1 
71 1 
72 1 
73 1 
74 1 
75 1 
82 1 
83 1 
84 1 
85 1 
86 1 
87 1 
88 1 
89 1 
90 1 
91 1 
92 1 
98 1 
99 1 
100 1 
101 1 
102 1 
109 1 
110 1 
111 1 
112 1 
113 1 
114 1 
115 1 
116 1 
117 1 
118 1 
119 1 
125 1 
126 1 
127 1 
128 1 
129 1 
136 1 
137 1 
138 1 
139 1 
140 1 
141 1 
142 1 
143 1 
144 1 
145 1 
146 1 
152 1 
153 1 
154 1 
155 1 
156 1 
163 1 
164 1 
165 1 
166 1 
167 1 
168 1 
169 1 
170 1 
171 1 
172 1 
173 1 
179 1 
180 1 
181 1 
182 1 
183 1 
190 1 
191 1 
192 1 
193 1 
194 1 
195 1 
196 1 
197 1 
198 1 
199 1 
200 1 
206 1 
207 1 
208 1 
209 1 
210 1 
217 1 
218 1 
219 1 
220 1 
221 1 
222 1 
223 1 
224 1 
225 1 
226 1 
227 1 
233 1 
234 1 
235 1 
236 1 
237 1 
244 1 
245 1 
246 1 
247 1 
248 1 
249 1 
250 1 
251 1 
252 1 
253 1 
254 1 
260 1 
261 1 
262 1 
263 1 
264 1 
271 1 
272 1 
273 1 
274 1 
275 1 
276 1 
277 1 
278 1 
279 1 
280 1 
281 1 
287 1 
288 1 
289 1 
290 1 
291 1 
298 1 
299 1 
300 1 
301 1 
302 1 
303 1 
304 1 
305 1 
306 1 
307 1 
308 1 
314 1 
315 1 
316 1 
317 1 
318 1 
325 1 
326 1 
327 1 
328 1 
329 1 
330 1 
331 1 
332 1 
333 1 
334 1 
335 1 
341 1 
342 1 
343 1 
344 1 
345 1 
352 1 
353 1 
354 1 
355 1 
356 1 
357 1 
358 1 
359 1 
360 1 
361 1 
362 1 
368 1 
369 1 
370 1 
371 1 
372 1 
379 1 
380 1 
381 1 
382 1 
383 1 
384 1 
385 1 
386 1 
387 1 
388 1 
389 1 
395 1 
396 1 
397 1 
398 1 
399 1 
406 1 
407 1 
408 1 
409 1 
410 1 
411 1 
412 1 
413 1 
414 1 
415 1 
416 1 
422 1 
423 1 
424 1 
425 1 
426 1 
433 1 
434 1 
435 1 
436 1 
437 1 
438 1 
439 1 
440 1 
441 1 
442 1 
443 1 
449 1 
450 1 
451 1 
452 1 
453 1 
460 1 
461 1 
462 1 
463 1 
464 1 
465 1 
466 1 
467 1 
468 1 
469 1 
470 1 
476 1 
477 1 
478 1 
479 1 
480 1 
487 1 
488 1 
489 1 
490 1 
491 1 
492 1 
493 1 
494 1 
495 1 
496 1 
497 1 
503 1 
504 1 
505 1 
506 1 
507 1 
514 1 
515 1 
516 1 
517 1 
518 1 
519 1 
520 1 
521 1 
522 1 
523 1 
524 1 
530 1 
531 1 
532 1 
533 1 
534 1 
541 1 
542 1 
543 1 
544 1 
545 1 
546 1 
547 1 
548 1 
549 1 
550 1 
551 1 
557 1 
558 1 
559 1 
560 1 
561 1 
568 1 
569 1 
570 1 
571 1 
572 1 
573 1 
574 1 
575 1 
576 1 
577 1 
578 1 
584 1 
585 1 
586 1 
587 1 
588 1 
595 1 
596 1 
597 1 
598 1 
599 1 
600 1 
601 1 
602 1 
603 1 
604 1 
605 1 
611 1 
612 1 
613 1 
614 1 
615 1 
622 1 
623 1 
624 1 
625 1 
626 1 
627 1 
628 1 
629 1 
630 1 
631 1 
632 1 
638 1 
639 1 
640 1 
641 1 
642 1 
649 1 
650 1 
651 1 
652 1 
653 1 
654 1 
655 1 
656 1 
657 1 
658 1 
659 1 
665 1 
666 1 
667 1 
668 1 
669 1 
673 1 
674 1 
675 1 
676 1 
677 1 
678 1 
679 1 
680 1 
681 1 
682 1 
683 1 
684 1 
685 1 
686 1 
688 1 
696 1 
697 1 
713 1 
714 1 
715 1 
716 1 
725 1 
726 1 
727 1 
738 1 
739 1 
755 1 
756 1 
757 1 
758 1 
767 1 
768 1 
769 1 
780 1 
781 1 
797 1 
798 1 
799 1 
800 1 
809 1 
810 1 
811 1 
822 1 
823 1 
839 1 
840 1 
841 1 
842 1 
851 1 
852 1 
853 1 
864 1 
865 1 
881 1 
882 1 
883 1 
884 1 
893 1 
894 1 
895 1 
906 1 
907 1 
923 1 
924 1 
925 1 
926 1 
935 1 
936 1 
937 1 
948 1 
949 1 
965 1 
966 1 
967 1 
968 1 
977 1 
978 1 
979 1 
990 1 
991 1 
1007 1 
1008 1 
1009 1 
1010 1 
1019 1 
1020 1 
1021 1 
1032 1 
1033 1 
1049 1 
1050 1 
1051 1 
1052 1 
1061 1 
1062 1 
1063 1 
1074 1 
1075 1 
1091 1 
1092 1 
1093 1 
1094 1 
1103 1 
1104 1 
1105 1 
1116 1 
1117 1 
1133 1 
1134 1 
1135 1 
1136 1 
1145 1 
1146 1 
1147 1 
1158 1 
1159 1 
1175 1 
1176 1 
1177 1 
1178 1 
1187 1 
1188 1 
1189 1 
1200 1 
1201 1 
1217 1 
1218 1 
1219 1 
1220 1 
1229 1 
1230 1 
1231 1 
1242 1 
1243 1 
1259 1 
1260 1 
1261 1 
1262 1 
1271 1 
1272 1 
1273 1 
1284 1 
1285 1 
1301 1 
1302 1 
1303 1 
1304 1 
1313 1 
1314 1 
1315 1 
1326 1 
1327 1 
1343 1 
1344 1 
1345 1 
1346 1 
1355 1 
1356 1 
1357 1 
1368 1 
1369 1 
1385 1 
1386 1 
1387 1 
1388 1 
1397 1 
1398 1 
1399 1 
1410 1 
1411 1 
1427 1 
1428 1 
1429 1 
1430 1 
1439 1 
1440 1 
1441 1 
1452 1 
1453 1 
1469 1 
1470 1 
1471 1 
1472 1 
1481 1 
1482 1 
1483 1 
1494 1 
1495 1 
1511 1 
1512 1 
1513 1 
1514 1 
1523 1 
1524 1 
1525 1 
1536 1 
1537 1 
1553 1 
1554 1 
1555 1 
1556 1 
1565 1 
1566 1 
1567 1 
1578 1 
1579 1 
1595 1 
1596 1 
1597 1 
1598 1 
1607 1 
1608 1 
1609 1 
1620 1 
1621 1 
1637 1 
1638 1 
1639 1 
1640 1 
1649 1 
1650 1 
1651 1 
1662 1 
1663 1 
1679 1 
1680 1 
1681 1 
1682 1 
1691 1 
1692 1 
1693 1 
1704 1 
1705 1 
1716 1 
1717 1 
1721 1 
1722 1 
1723 1 
1724 1 
1725 1 
1726 1 
1727 1 
1728 1 
1729 1 
1730 1 
1731 1 
1732 1 
1733 1 
1734 1 
1735 1 
1736 1 
1737 1 
1738 1 
1739 1 
1740 1 
1741 1 
1742 1 
2400 1 
2401 1 
2402 1 
2403 1 
2407 1 
2408 1 
2409 1 
2410 1 
2411 1 
2412 1 
2413 1 
2415 1 
3443 1 
3444 1 
3450 1 
3451 1 
3452 1 
3453 1 
3454 1 
3455 1 
3456 1 
3457 1 
3458 1 
3459 1 
3460 1 
3461 1 
3462 1 
3463 1 
3464 1 
3465 1 
3466 1 
3467 1 
3468 1 
3469 1 
4127 1 
4128 1 
4129 1 
4130 1 
4134 1 
4135 1 
4136 1 
4137 1 
4138 1 
4139 1 
4140 1 
4142 1 
5170 1 
5171 1 
5177 1 
5178 1 
5179 1 
5180 1 
5181 1 
5182 1 
5183 1 
5184 1 
5185 1 
5186 1 
5187 1 
5188 1 
5189 1 
5190 1 
5191 1 
5192 1 
5193 1 
5194 1 
5195 1 
5196 1 
5854 1 
5855 1 
5856 1 
5857 1 
5861 1 
5862 1 
5863 1 
5864 1 
5865 1 
5866 1 
5867 1 
5869 1 
6897 1 
6898 1 
6904 1 
6905 1 
6906 1 
6907 1 
6908 1 
6909 1 
6910 1 
6911 1 
6912 1 
6913 1 
6914 1 
6915 1 
6916 1 
6917 1 
6918 1 
6919 1 
6920 1 
6921 1 
6922 1 
6923 1 
7581 1 
7582 1 
7583 1 
7584 1 
7588 1 
7589 1 
7590 1 
7591 1 
7592 1 
7593 1 
7594 1 
7596 1 
8624 1 
8625 1 
8631 1 
8632 1 
8633 1 
8634 1 
8635 1 
8636 1 
8637 1 
8638 1 
8639 1 
8640 1 
8641 1 
8642 1 
8643 1 
8644 1 
8645 1 
8646 1 
8647 1 
8648 1 
8649 1 
8650 1 
9308 1 
9309 1 
9310 1 
9311 1 
9315 1 
9316 1 
9317 1 
9318 1 
9319 1 
9320 1 
9321 1 
9323 1 
10351 1 
10352 1 
10358 1 
10359 1 
10360 1 
10361 1 
10362 1 
10363 1 
10364 1 
10365 1 
10366 1 
10367 1 
10368 1 
10369 1 
10370 1 
10371 1 
10372 1 
10373 1 
10374 1 
10375 1 
10376 1 
10377 1 
11035 1 
11036 1 
11037 1 
11038 1 
11042 1 
11043 1 
11044 1 
11045 1 
11046 1 
11047 1 
11048 1 
11050 1 
12078 1 
12079 1 
12085 1 
12086 1 
12087 1 
12088 1 
12089 1 
12090 1 
12091 1 
12092 1 
12093 1 
12094 1 
12095 1 
12096 1 
12097 1 
12098 1 
12099 1 
12100 1 
12101 1 
12102 1 
12103 1 
12104 1 
12762 1 
12763 1 
12764 1 
12765 1 
12769 1 
12770 1 
12771 1 
12772 1 
12773 1 
12774 1 
12775 1 
12777 1 
13805 1 
13806 1 
13812 1 
13813 1 
13814 1 
13815 1 
13816 1 
13817 1 
13818 1 
13819 1 
13820 1 
13821 1 
13822 1 
13823 1 
13824 1 
13825 1 
13826 1 
13827 1 
13828 1 
13829 1 
13830 1 
13831 1 
14489 1 
14490 1 
14491 1 
14492 1 
14496 1 
14497 1 
14498 1 
14499 1 
14500 1 
14501 1 
14502 1 
14504 1 
15532 1 
15533 1 
15539 1 
15540 1 
15541 1 
15542 1 
15543 1 
15544 1 
15545 1 
15546 1 
15547 1 
15548 1 
15549 1 
15550 1 
15551 1 
15552 1 
15553 1 
15554 1 
15555 1 
15556 1 
15557 1 
15558 1 
16216 1 
16217 1 
16218 1 
16219 1 
16223 1 
16224 1 
16225 1 
16226 1 
16227 1 
16228 1 
16229 1 
16231 1 
17259 1 
17260 1 
17266 1 
17267 1 
17268 1 
17269 1 
17270 1 
17271 1 
17272 1 
17273 1 
17274 1 
17275 1 
17276 1 
17277 1 
17278 1 
17279 1 
17280 1 
17281 1 
17282 1 
17283 1 
17284 1 
17285 1 
17943 1 
17944 1 
17945 1 
17946 1 
17950 1 
17951 1 
17952 1 
17953 1 
17954 1 
17955 1 
17956 1 
17958 1 
18986 1 
18987 1 
18993 1 
18994 1 
18995 1 
18996 1 
18997 1 
18998 1 
18999 1 
19000 1 
19001 1 
19002 1 
19003 1 
19004 1 
19005 1 
19006 1 
19007 1 
19008 1 
19009 1 
19010 1 
19011 1 
19012 1 
19670 1 
19671 1 
19672 1 
19673 1 
19677 1 
19678 1 
19679 1 
19680 1 
19681 1 
19682 1 
19683 1 
19685 1 
20713 1 
20714 1 
20720 1 
20721 1 
20722 1 
20723 1 
20724 1 
20725 1 
20726 1 
20727 1 
20728 1 
20729 1 
20730 1 
20731 1 
20732 1 
20733 1 
20734 1 
20735 1 
20736 1 
20737 1 
20738 1 
20739 1 
21397 1 
21398 1 
21399 1 
21400 1 
21404 1 
21405 1 
21406 1 
21407 1 
21408 1 
21409 1 
21410 1 
21412 1 
22440 1 
22441 1 
22447 1 
22448 1 
22449 1 
22450 1 
22451 1 
22452 1 
22453 1 
22454 1 
22455 1 
22456 1 
22457 1 
22458 1 
22459 1 
22460 1 
22461 1 
22462 1 
22463 1 
22464 1 
22465 1 
22466 1 
23124 1 
23125 1 
23126 1 
23127 1 
23131 1 
23132 1 
23133 1 
23134 1 
23135 1 
23136 1 
23137 1 
23139 1 
24167 1 
24168 1 
24174 1 
24175 1 
24176 1 
24177 1 
24178 1 
24179 1 
24180 1 
24181 1 
24182 1 
24183 1 
24184 1 
24185 1 
24186 1 
24187 1 
24188 1 
24189 1 
24190 1 
24191 1 
24192 1 
24193 1 
24851 1 
24852 1 
24853 1 
24854 1 
24858 1 
24859 1 
24860 1 
24861 1 
24862 1 
24863 1 
24864 1 
24866 1 
25894 1 
25895 1 
25901 1 
25902 1 
25903 1 
25904 1 
25905 1 
25906 1 
25907 1 
25908 1 
25909 1 
25910 1 
25911 1 
25912 1 
25913 1 
25914 1 
25915 1 
25916 1 
25917 1 
25918 1 
25919 1 
25920 1 
26578 1 
26579 1 
26580 1 
26581 1 
26585 1 
26586 1 
26587 1 
26588 1 
26589 1 
26590 1 
26591 1 
26593 1 
27621 1 
27622 1 
27628 1 
27629 1 
27630 1 
27631 1 
27632 1 
27633 1 
27634 1 
27635 1 
27636 1 
27637 1 
27638 1 
27639 1 
27640 1 
27641 1 
27642 1 
27643 1 
27644 1 
27645 1 
27646 1 
27647 1 
28305 1 
28306 1 
28307 1 
28308 1 
28312 1 
28313 1 
28314 1 
28315 1 
28316 1 
28317 1 
28318 1 
28320 1 
29348 1 
29349 1 
29355 1 
29356 1 
29357 1 
29358 1 
29359 1 
29360 1 
29361 1 
29362 1 
29363 1 
29364 1 
29365 1 
29366 1 
29367 1 
29368 1 
29369 1 
29370 1 
29371 1 
29372 1 
29373 1 
29374 1 
30032 1 
30033 1 
30034 1 
30035 1 
30039 1 
30040 1 
30041 1 
30042 1 
30043 1 
30044 1 
30045 1 
30047 1 
31075 1 
31076 1 
31082 1 
31083 1 
31084 1 
31085 1 
31086 1 
31087 1 
31088 1 
31089 1 
31090 1 
31091 1 
31092 1 
31093 1 
31094 1 
31095 1 
31096 1 
31097 1 
31098 1 
31099 1 
31100 1 
31101 1 
31759 1 
31760 1 
31761 1 
31762 1 
31766 1 
31767 1 
31768 1 
31769 1 
31770 1 
31771 1 
31772 1 
31774 1 
32802 1 
32803 1 
32809 1 
32810 1 
32811 1 
32812 1 
32813 1 
32814 1 
32815 1 
32816 1 
32817 1 
32818 1 
32819 1 
32820 1 
32821 1 
32822 1 
32823 1 
32824 1 
32825 1 
32826 1 
32827 1 
32828 1 
33486 1 
33487 1 
33488 1 
33489 1 
33493 1 
33494 1 
33495 1 
33496 1 
33497 1 
33498 1 
33499 1 
33501 1 
34529 1 
34530 1 
34536 1 
34537 1 
34538 1 
34539 1 
34540 1 
34541 1 
34542 1 
34543 1 
34544 1 
34545 1 
34546 1 
34547 1 
34548 1 
34549 1 
34550 1 
34551 1 
34552 1 
34553 1 
34554 1 
34555 1 
35213 1 
35214 1 
35215 1 
35216 1 
35220 1 
35221 1 
35222 1 
35223 1 
35224 1 
35225 1 
35226 1 
35228 1 
36256 1 
36257 1 
36263 1 
36264 1 
36265 1 
36266 1 
36267 1 
36268 1 
36269 1 
36270 1 
36271 1 
36272 1 
36273 1 
36274 1 
36275 1 
36276 1 
36277 1 
36278 1 
36279 1 
36280 1 
36281 1 
36282 1 
36940 1 
36941 1 
36942 1 
36943 1 
36947 1 
36948 1 
36949 1 
36950 1 
36951 1 
36952 1 
36953 1 
36955 1 
37983 1 
37984 1 
37990 1 
37991 1 
37992 1 
37993 1 
37994 1 
37995 1 
37996 1 
37997 1 
37998 1 
37999 1 
38000 1 
38001 1 
38002 1 
38003 1 
38004 1 
38005 1 
38006 1 
38007 1 
38008 1 
38009 1 
38667 1 
38668 1 
38669 1 
38670 1 
38674 1 
38675 1 
38676 1 
38677 1 
38678 1 
38679 1 
38680 1 
38682 1 
39710 1 
39711 1 
39717 1 
39718 1 
39719 1 
39720 1 
39721 1 
39722 1 
39723 1 
39724 1 
39725 1 
39726 1 
39727 1 
39728 1 
39729 1 
39730 1 
39731 1 
39732 1 
39733 1 
39734 1 
39735 1 
39736 1 
40394 1 
40395 1 
40396 1 
40397 1 
40401 1 
40402 1 
40403 1 
40404 1 
40405 1 
40406 1 
40407 1 
40409 1 
41437 1 
41438 1 
41444 1 
41445 1 
41446 1 
41447 1 
41448 1 
41449 1 
41450 1 
41451 1 
41452 1 
41453 1 
41454 1 
41455 1 
41456 1 
41457 1 
41458 1 
41459 1 
41460 1 
41461 1 
41462 1 
41463 1 
42121 1 
42122 1 
42123 1 
42124 1 
42128 1 
42129 1 
42130 1 
42131 1 
42132 1 
42133 1 
42134 1 
42136 1 
43164 1 
43165 1 
43171 1 
43172 1 
43173 1 
43174 1 
43175 1 
43176 1 
43177 1 
43178 1 
43179 1 
43180 1 
43181 1 
43182 1 
43183 1 
43184 1 
43185 1 
43186 1 
43187 1 
43188 1 
43189 1 
43190 1 
43848 1 
43849 1 
43850 1 
43851 1 
43855 1 
43856 1 
43857 1 
43858 1 
43859 1 
43860 1 
43861 1 
43863 1 
44891 1 
44892 1 
44898 1 
44899 1 
44900 1 
44901 1 
44902 1 
44903 1 
44904 1 
44905 1 
44906 1 
44907 1 
44908 1 
44909 1 
44910 1 
44911 1 
44912 1 
44913 1 
44914 1 
44915 1 
44916 1 
44917 1 
45575 1 
45576 1 
45577 1 
45578 1 
45582 1 
45583 1 
45584 1 
45585 1 
45586 1 
45587 1 
45588 1 
45590 1 
46618 1 
46619 1 
46625 1 
46626 1 
46627 1 
46628 1 
46629 1 
46630 1 
46631 1 
46632 1 
46633 1 
46634 1 
46635 1 
46636 1 
46637 1 
46638 1 
46639 1 
46640 1 
46641 1 
46642 1 
46643 1 
46644 1 
47302 1 
47303 1 
47304 1 
47305 1 
47309 1 
47310 1 
47311 1 
47312 1 
47313 1 
47314 1 
47315 1 
47317 1 
48345 1 
48346 1 
48352 1 
48353 1 
48354 1 
48355 1 
48356 1 
48357 1 
48358 1 
48359 1 
48360 1 
48361 1 
48362 1 
48363 1 
48364 1 
48365 1 
48366 1 
48367 1 
48368 1 
48369 1 
48370 1 
48371 1 
49029 1 
49030 1 
49031 1 
49032 1 
49036 1 
49037 1 
49038 1 
49039 1 
49040 1 
49041 1 
49042 1 
49044 1 
50072 1 
50073 1 
50079 1 
50080 1 
50081 1 
50082 1 
50083 1 
50084 1 
50085 1 
50086 1 
50087 1 
50088 1 
50089 1 
50090 1 
50091 1 
50092 1 
50093 1 
50094 1 
50095 1 
50096 1 
50097 1 
50098 1 
50756 1 
50757 1 
50758 1 
50759 1 
50763 1 
50764 1 
50765 1 
50766 1 
50767 1 
50768 1 
50769 1 
50771 1 
51799 1 
51800 1 
51806 1 
51807 1 
51808 1 
51809 1 
51810 1 
51811 1 
51812 1 
51813 1 
51814 1 
51815 1 
51816 1 
51817 1 
51818 1 
51819 1 
51820 1 
51821 1 
51822 1 
51823 1 
51824 1 
51825 1 
52483 1 
52484 1 
52485 1 
52486 1 
52490 1 
52491 1 
52492 1 
52493 1 
52494 1 
52495 1 
52496 1 
52498 1 
53526 1 
53527 1 
53533 1 
53534 1 
53535 1 
53536 1 
53537 1 
53538 1 
53539 1 
53540 1 
53541 1 
53542 1 
53543 1 
53544 1 
53545 1 
53546 1 
53547 1 
53548 1 
53549 1 
53550 1 
53551 1 
53552 1 
54210 1 
54211 1 
54212 1 
54213 1 
54217 1 
54218 1 
54219 1 
54220 1 
54221 1 
54222 1 
54223 1 
54225 1 
55253 1 
55254 1 
55260 1 
55261 1 
55262 1 
55263 1 
55264 1 
55265 1 
55266 1 
55267 1 
55268 1 
55269 1 
55270 1 
55271 1 
55272 1 
55273 1 
55274 1 
55275 1 
55276 1 
55277 1 
55278 1 
55279 1 
55937 1 
55938 1 
55939 1 
55940 1 
55944 1 
55945 1 
55946 1 
55947 1 
55948 1 
55949 1 
55950 1 
55952 1 
56980 1 
56981 1 
56987 1 
56988 1 
56989 1 
56990 1 
56991 1 
56992 1 
56993 1 
56994 1 
56995 1 
56996 1 
56997 1 
56998 1 
56999 1 
57000 1 
57001 1 
57002 1 
57003 1 
57004 1 
57005 1 
57006 1 
57664 1 
57665 1 
57666 1 
57667 1 
57671 1 
57672 1 
57673 1 
57674 1 
57675 1 
57676 1 
57677 1 
57679 1 
58707 1 
58708 1 
58714 1 
58715 1 
58716 1 
58717 1 
58718 1 
58719 1 
58720 1 
58721 1 
58722 1 
58723 1 
58724 1 
58725 1 
58726 1 
58727 1 
58728 1 
58729 1 
58730 1 
58731 1 
58732 1 
58733 1 
59391 1 
59392 1 
59393 1 
59394 1 
59398 1 
59399 1 
59400 1 
59401 1 
59402 1 
59403 1 
59404 1 
59406 1 
60434 1 
60435 1 
60441 1 
60442 1 
60443 1 
60444 1 
60445 1 
60446 1 
60447 1 
60448 1 
60449 1 
60450 1 
60451 1 
60452 1 
60453 1 
60454 1 
60455 1 
60456 1 
60457 1 
60458 1 
60459 1 
60460 1 
61118 1 
61119 1 
61120 1 
61121 1 
61125 1 
61126 1 
61127 1 
61128 1 
61129 1 
61130 1 
61131 1 
61133 1 
62161 1 
62162 1 
62168 1 
62169 1 
62170 1 
62171 1 
62172 1 
62173 1 
62174 1 
62175 1 
62176 1 
62177 1 
62178 1 
62179 1 
62180 1 
62181 1 
62182 1 
62183 1 
62184 1 
62185 1 
62186 1 
62187 1 
62845 1 
62846 1 
62847 1 
62848 1 
62852 1 
62853 1 
62854 1 
62855 1 
62856 1 
62857 1 
62858 1 
62860 1 
63888 1 
63889 1 
63895 1 
63896 1 
63897 1 
63898 1 
63899 1 
63900 1 
63901 1 
63902 1 
63903 1 
63904 1 
63905 1 
63906 1 
63907 1 
63908 1 
63909 1 
63910 1 
63911 1 
63912 1 
63913 1 
63914 1 
64572 1 
64573 1 
64574 1 
64575 1 
64579 1 
64580 1 
64581 1 
64582 1 
64583 1 
64584 1 
64585 1 
64587 1 
65615 1 
65616 1 
65622 1 
65623 1 
65624 1 
65625 1 
65626 1 
65627 1 
65628 1 
65629 1 
65630 1 
65631 1 
65632 1 
65633 1 
65634 1 
65635 1 
65636 1 
65637 1 
65638 1 
65639 1 
65640 1 
65641 1 
66299 1 
66300 1 
66301 1 
66302 1 
66306 1 
66307 1 
66308 1 
66309 1 
66310 1 
66311 1 
66312 1 
66314 1 
67342 1 
67343 1 
67349 1 
67350 1 
67351 1 
67352 1 
67353 1 
67354 1 
67355 1 
67356 1 
67357 1 
67358 1 
67359 1 
67360 1 
67361 1 
67362 1 
67363 1 
67364 1 
67365 1 
67366 1 
67367 1 
67368 1 
68026 1 
68027 1 
68028 1 
68029 1 
68033 1 
68034 1 
68035 1 
68036 1 
68037 1 
68038 1 
68039 1 
68041 1 
69069 1 
69070 1 
69076 1 
69077 1 
69078 1 
69079 1 
69080 1 
69081 1 
69082 1 
69083 1 
69084 1 
69085 1 
69086 1 
69087 1 
69088 1 
69089 1 
69090 1 
69091 1 
69092 1 
69093 1 
69094 1 
69095 1 
69753 1 
69754 1 
69755 1 
69756 1 
69760 1 
69761 1 
69762 1 
69763 1 
69764 1 
69765 1 
69766 1 
69768 1 
70796 1 
70797 1 
70803 1 
70804 1 
70805 1 
70806 1 
70807 1 
70808 1 
70809 1 
70810 1 
70811 1 
70812 1 
70813 1 
70814 1 
70815 1 
70816 1 
70817 1 
70818 1 
70819 1 
70820 1 
70821 1 
70822 1 
71480 1 
71481 1 
71482 1 
71483 1 
71487 1 
71488 1 
71489 1 
71490 1 
71491 1 
71492 1 
71493 1 
71495 1 
72523 1 
72524 1 
72530 1 
72531 1 
72532 1 
72533 1 
72534 1 
72535 1 
72536 1 
72537 1 
72538 1 
72539 1 
72540 1 
72541 1 
72542 1 
72543 1 
72544 1 
72545 1 
72546 1 
72547 1 
72548 1 
72549 1 
73207 1 
73208 1 
73209 1 
73210 1 
73214 1 
73215 1 
73216 1 
73217 1 
73218 1 
73219 1 
73220 1 
73222 1 
74250 1 
74251 1 
74257 1 
74258 1 
74259 1 
74260 1 
74261 1 
74262 1 
74263 1 
74264 1 
74265 1 
74266 1 
74267 1 
74268 1 
74269 1 
74270 1 
74271 1 
74272 1 
74273 1 
74274 1 
74275 1 
74276 1 
74934 1 
74935 1 
74936 1 
74937 1 
74941 1 
74942 1 
74943 1 
74944 1 
74945 1 
74946 1 
74947 1 
74949 1 
75977 1 
75978 1 
75984 1 
75985 1 
75986 1 
75987 1 
75988 1 
75989 1 
75990 1 
75991 1 
75992 1 
75993 1 
75994 1 
75995 1 
75996 1 
75997 1 
75998 1 
75999 1 
76000 1 
76001 1 
76002 1 
76003 1 
76661 1 
76662 1 
76663 1 
76664 1 
76668 1 
76669 1 
76670 1 
76671 1 
76672 1 
76673 1 
76674 1 
76676 1 
77704 1 
77705 1 
77711 1 
77712 1 
77713 1 
77714 1 
77715 1 
77716 1 
77717 1 
77718 1 
77719 1 
77720 1 
77721 1 
77722 1 
77723 1 
77724 1 
77725 1 
77726 1 
77727 1 
77728 1 
77729 1 
77730 1 
78388 1 
78389 1 
78390 1 
78391 1 
78395 1 
78396 1 
78397 1 
78398 1 
78399 1 
78400 1 
78401 1 
78403 1 
79431 1 
79432 1 
79438 1 
79439 1 
79440 1 
79441 1 
79442 1 
79443 1 
79444 1 
79445 1 
79446 1 
79447 1 
79448 1 
79449 1 
79450 1 
79451 1 
79452 1 
79453 1 
79454 1 
79455 1 
79456 1 
79457 1 
80115 1 
80116 1 
80117 1 
80118 1 
80122 1 
80123 1 
80124 1 
80125 1 
80126 1 
80127 1 
80128 1 
80130 1 
81158 1 
81159 1 
81165 1 
81166 1 
81167 1 
81168 1 
81169 1 
81170 1 
81171 1 
81172 1 
81173 1 
81174 1 
81175 1 
81176 1 
81177 1 
81178 1 
81179 1 
81180 1 
81181 1 
81182 1 
81183 1 
81184 1 
81842 1 
81843 1 
81844 1 
81845 1 
81849 1 
81850 1 
81851 1 
81852 1 
81853 1 
81854 1 
81855 1 
81857 1 
82885 1 
82886 1 
82892 1 
82893 1 
82894 1 
82895 1 
82896 1 
82897 1 
82898 1 
82899 1 
82900 1 
82901 1 
82902 1 
82903 1 
82904 1 
82905 1 
82906 1 
82907 1 
82908 1 
82909 1 
82910 1 
82911 1 
83569 1 
83570 1 
83571 1 
83572 1 
83576 1 
83577 1 
83578 1 
83579 1 
83580 1 
83581 1 
83582 1 
83584 1 
83597 1 
83598 1 
83599 1 
83600 1 
83601 1 
83602 1 
83603 1 
83604 1 
83605 1 
83616 1 
83639 1 
83640 1 
83641 1 
83642 1 
83643 1 
83644 1 
83645 1 
83646 1 
83647 1 
83658 1 
83681 1 
83682 1 
83683 1 
83684 1 
83685 1 
83686 1 
83687 1 
83688 1 
83689 1 
83700 1 
83723 1 
83724 1 
83725 1 
83726 1 
83727 1 
83728 1 
83729 1 
83730 1 
83731 1 
83742 1 
83765 1 
83766 1 
83767 1 
83768 1 
83769 1 
83770 1 
83771 1 
83772 1 
83773 1 
83784 1 
83807 1 
83808 1 
83809 1 
83810 1 
83811 1 
83812 1 
83813 1 
83814 1 
83815 1 
83826 1 
83849 1 
83850 1 
83851 1 
83852 1 
83853 1 
83854 1 
83855 1 
83856 1 
83857 1 
83868 1 
83891 1 
83892 1 
83893 1 
83894 1 
83895 1 
83896 1 
83897 1 
83898 1 
83899 1 
83910 1 
83933 1 
83934 1 
83935 1 
83936 1 
83937 1 
83938 1 
83939 1 
83940 1 
83941 1 
83952 1 
83975 1 
83976 1 
83977 1 
83978 1 
83979 1 
83980 1 
83981 1 
83982 1 
83983 1 
83994 1 
84017 1 
84018 1 
84019 1 
84020 1 
84021 1 
84022 1 
84023 1 
84024 1 
84025 1 
84036 1 
84059 1 
84060 1 
84061 1 
84062 1 
84063 1 
84064 1 
84065 1 
84066 1 
84067 1 
84078 1 
84101 1 
84102 1 
84103 1 
84104 1 
84105 1 
84106 1 
84107 1 
84108 1 
84109 1 
84120 1 
84143 1 
84144 1 
84145 1 
84146 1 
84147 1 
84148 1 
84149 1 
84150 1 
84151 1 
84162 1 
84185 1 
84186 1 
84187 1 
84188 1 
84189 1 
84190 1 
84191 1 
84192 1 
84193 1 
84204 1 
84227 1 
84228 1 
84229 1 
84230 1 
84231 1 
84232 1 
84233 1 
84234 1 
84235 1 
84246 1 
84269 1 
84270 1 
84271 1 
84272 1 
84273 1 
84274 1 
84275 1 
84276 1 
84277 1 
84288 1 
84311 1 
84312 1 
84313 1 
84314 1 
84315 1 
84316 1 
84317 1 
84318 1 
84319 1 
84330 1 
84353 1 
84354 1 
84355 1 
84356 1 
84357 1 
84358 1 
84359 1 
84360 1 
84361 1 
84372 1 
84395 1 
84396 1 
84397 1 
84398 1 
84399 1 
84400 1 
84401 1 
84402 1 
84403 1 
84414 1 
84437 1 
84438 1 
84439 1 
84440 1 
84441 1 
84442 1 
84443 1 
84444 1 
84445 1 
84456 1 
84479 1 
84480 1 
84481 1 
84482 1 
84483 1 
84484 1 
84485 1 
84486 1 
84487 1 
84498 1 
84521 1 
84522 1 
84523 1 
84524 1 
84525 1 
84526 1 
84527 1 
84528 1 
84529 1 
84540 1 
84563 1 
84564 1 
84565 1 
84566 1 
84567 1 
84568 1 
84569 1 
84570 1 
84571 1 
84582 1 
84605 1 
84606 1 
84607 1 
84608 1 
84609 1 
84610 1 
84611 1 
84612 1 
84613 1 
84619 1 
84620 1 
84621 1 
84622 1 
84623 1 
84624 1 
84625 1 
84626 1 
84627 1 
84628 1 
84629 1 
84630 1 
84631 1 
84632 1 
84633 1 
84634 1 
84635 1 
84636 1 
84637 1 
84638 1 
84639 1 
84640 1 
84645 1 
84646 1 
84647 1 
84648 1 
84649 1 
84650 1 
84651 1 
84652 1 
84660 1 
84661 1 
84662 1 
84663 1 
84664 1 
84665 1 
84666 1 
84667 1 
84672 1 
84673 1 
84674 1 
84675 1 
84676 1 
84677 1 
84678 1 
84679 1 
84687 1 
84688 1 
84689 1 
84690 1 
84691 1 
84692 1 
84693 1 
84694 1 
84699 1 
84700 1 
84701 1 
84702 1 
84703 1 
84704 1 
84705 1 
84706 1 
84714 1 
84715 1 
84716 1 
84717 1 
84718 1 
84719 1 
84720 1 
84721 1 
84726 1 
84727 1 
84728 1 
84729 1 
84730 1 
84731 1 
84732 1 
84733 1 
84741 1 
84742 1 
84743 1 
84744 1 
84745 1 
84746 1 
84747 1 
84748 1 
84753 1 
84754 1 
84755 1 
84756 1 
84757 1 
84758 1 
84759 1 
84760 1 
84768 1 
84769 1 
84770 1 
84771 1 
84772 1 
84773 1 
84774 1 
84775 1 
84780 1 
84781 1 
84782 1 
84783 1 
84784 1 
84785 1 
84786 1 
84787 1 
84795 1 
84796 1 
84797 1 
84798 1 
84799 1 
84800 1 
84801 1 
84802 1 
84807 1 
84808 1 
84809 1 
84810 1 
84811 1 
84812 1 
84813 1 
84814 1 
84822 1 
84823 1 
84824 1 
84825 1 
84826 1 
84827 1 
84828 1 
84829 1 
84834 1 
84835 1 
84836 1 
84837 1 
84838 1 
84839 1 
84840 1 
84841 1 
84849 1 
84850 1 
84851 1 
84852 1 
84853 1 
84854 1 
84855 1 
84856 1 
84861 1 
84862 1 
84863 1 
84864 1 
84865 1 
84866 1 
84867 1 
84868 1 
84876 1 
84877 1 
84878 1 
84879 1 
84880 1 
84881 1 
84882 1 
84883 1 
84888 1 
84889 1 
84890 1 
84891 1 
84892 1 
84893 1 
84894 1 
84895 1 
84903 1 
84904 1 
84905 1 
84906 1 
84907 1 
84908 1 
84909 1 
84910 1 
84915 1 
84916 1 
84917 1 
84918 1 
84919 1 
84920 1 
84921 1 
84922 1 
84930 1 
84931 1 
84932 1 
84933 1 
84934 1 
84935 1 
84936 1 
84937 1 
84942 1 
84943 1 
84944 1 
84945 1 
84946 1 
84947 1 
84948 1 
84949 1 
84957 1 
84958 1 
84959 1 
84960 1 
84961 1 
84962 1 
84963 1 
84964 1 
84969 1 
84970 1 
84971 1 
84972 1 
84973 1 
84974 1 
84975 1 
84976 1 
84984 1 
84985 1 
84986 1 
84987 1 
84988 1 
84989 1 
84990 1 
84991 1 
84996 1 
84997 1 
84998 1 
84999 1 
85000 1 
85001 1 
85002 1 
85003 1 
85011 1 
85012 1 
85013 1 
85014 1 
85015 1 
85016 1 
85017 1 
85018 1 
85023 1 
85024 1 
85025 1 
85026 1 
85027 1 
85028 1 
85029 1 
85030 1 
85038 1 
85039 1 
85040 1 
85041 1 
85042 1 
85043 1 
85044 1 
85045 1 
85050 1 
85051 1 
85052 1 
85053 1 
85054 1 
85055 1 
85056 1 
85057 1 
85065 1 
85066 1 
85067 1 
85068 1 
85069 1 
85070 1 
85071 1 
85072 1 
85077 1 
85078 1 
85079 1 
85080 1 
85081 1 
85082 1 
85083 1 
85084 1 
85092 1 
85093 1 
85094 1 
85095 1 
85096 1 
85097 1 
85098 1 
85099 1 
85104 1 
85105 1 
85106 1 
85107 1 
85108 1 
85109 1 
85110 1 
85111 1 
85119 1 
85120 1 
85121 1 
85122 1 
85123 1 
85124 1 
85125 1 
85126 1 
85131 1 
85132 1 
85133 1 
85134 1 
85135 1 
85136 1 
85137 1 
85138 1 
85146 1 
85147 1 
85148 1 
85149 1 
85150 1 
85151 1 
85152 1 
85153 1 
85158 1 
85159 1 
85160 1 
85161 1 
85162 1 
85163 1 
85164 1 
85165 1 
85173 1 
85174 1 
85175 1 
85176 1 
85177 1 
85178 1 
85179 1 
85180 1 
85185 1 
85186 1 
85187 1 
85188 1 
85189 1 
85190 1 
85191 1 
85192 1 
85200 1 
85201 1 
85202 1 
85203 1 
85204 1 
85205 1 
85206 1 
85207 1 
85212 1 
85213 1 
85214 1 
85215 1 
85216 1 
85217 1 
85218 1 
85219 1 
85227 1 
85228 1 
85229 1 
85230 1 
85231 1 
85232 1 
85233 1 
85234 1 
85239 1 
85240 1 
85241 1 
85242 1 
85243 1 
85244 1 
85245 1 
85246 1 
85254 1 
85255 1 
85256 1 
85257 1 
85258 1 
85259 1 
85260 1 
85261 1 
85266 1 
85267 1 
85268 1 
85269 1 
85270 1 
85271 1 
85272 1 
85273 1 
85281 1 
85282 1 
85283 1 
85284 1 
85285 1 
85286 1 
85287 1 
85288 1 
85293 1 
85294 1 
85295 1 
85296 1 
85297 1 
85298 1 
85299 1 
85300 1 
85303 1 
85304 1 
85305 1 
85306 1 
85307 1 
85308 1 
85309 1 
85310 1 
85311 1 
85312 1 
85313 1 
85314 1 
85315 1 
85316 1 
85317 1 
85318 1 
85319 1 
85320 1 
85321 1 
85322 1 
85323 1 
85324 1 
85325 1 
85326 1 
85327 1 
85328 1 
85329 1 
85330 1 
85331 1 
85332 1 
85333 1 
85334 1 
85335 1 
85336 1 
85337 1 
85338 1 
85339 1 
85340 1 
85341 1 
85342 1 
85343 1 
85344 1 
85345 1 
85346 1 
85347 1 
85348 1 
85349 1 
85350 1 
85351 1 
85352 1 
85353 1 
85354 1 
85355 1 
85356 1 
85357 1 
85358 1 
85359 1 
85360 1 
85361 1 
85362 1 
85363 1 
85364 1 
85365 1 
85366 1 
85367 1 
85368 1 
85369 1 
85370 1 
85371 1 
85372 1 
85373 1 
85374 1 
85375 1 
85376 1 
85377 1 
85378 1 
85379 1 
85380 1 
85381 1 
85382 1 
85383 1 
85384 1 
85385 1 
85386 1 
85387 1 
85388 1 
85389 1 
85390 1 
85391 1 
85392 1 
85393 1 
85394 1 
85395 1 
85396 1 
85397 1 
85398 1 
85399 1 
85400 1 
85401 1 
85402 1 
85403 1 
85404 1 
85405 1 
85406 1 
85407 1 
85408 1 
85409 1 
85410 1 
85411 1 
85412 1 
85413 1 
85414 1 
85415 1 
85416 1 
85417 1 
85418 1 
85419 1 
85420 1 
85421 1 
85422 1 
85423 1 
85424 1 
85425 1 
85426 1 
85427 1 
85428 1 
85429 1 
85430 1 
85431 1 
85432 1 
85433 1 
85434 1 
85435 1 
85436 1 
85437 1 
85438 1 
85439 1 
85440 1 
85441 1 
85442 1 
85443 1 
85444 1 
85445 1 
85446 1 
85447 1 
85448 1 
85449 1 
85450 1 
85451 1 
85452 1 
85453 1 
85454 1 
85455 1 
85456 1 
85457 1 
85458 1 
85459 1 
85460 1 
85461 1 
85462 1 
85463 1 
85464 1 
85465 1 
85466 1 
85467 1 
85468 1 
85469 1 
85470 1 
85471 1 
85472 1 
85473 1 
85474 1 
85475 1 
85476 1 
85477 1 
85478 1 
85479 1 
85480 1 
85481 1 
85482 1 
85483 1 
85484 1 
85485 1 
85486 1 
85487 1 
85488 1 
85489 1 
85490 1 
85491 1 
85492 1 
85493 1 
85494 1 
85495 1 
85496 1 
85497 1 
85498 1 
85499 1 
85500 1 
85501 1 
85502 1 
85503 1 
85504 1 
85505 1 
85506 1 
85507 1 
85508 1 
85509 1 
85510 1 
85511 1 
85512 1 
85513 1 
85514 1 
85515 1 
85516 1 
85517 1 
85518 1 
85519 1 
85520 1 
85521 1 
85522 1 
85523 1 
85524 1 
85525 1 
85526 1 
85527 1 
85528 1 
85529 1 
85530 1 
85531 1 
85532 1 
85533 1 
85534 1 
85535 1 
85536 1 
85537 1 
85538 1 
85539 1 
85540 1 
85541 1 
85542 1 
85543 1 
85544 1 
85545 1 
85546 1 
85547 1 
85548 1 
85549 1 
85550 1 
85551 1 
85552 1 
85553 1 
85554 1 
85555 1 
85556 1 
85557 1 
85558 1 
85559 1 
85560 1 
85561 1 
85562 1 
85563 1 
85564 1 
85565 1 
85566 1 
85567 1 
85568 1 
85569 1 
85570 1 
85571 1 
85572 1 
85573 1 
85574 1 
85575 1 
85576 1 
85577 1 
85578 1 
85579 1 
85580 1 
85581 1 
85582 1 
85583 1 
85584 1 
85585 1 
85586 1 
85587 1 
85588 1 
85589 1 
85590 1 
85591 1 
85592 1 
85593 1 
85594 1 
85595 1 
85596 1 
85597 1 
85598 1 
85599 1 
85600 1 
85601 1 
85602 1 
85603 1 
85604 1 
85605 1 
85606 1 
85607 1 
85608 1 
85609 1 
85610 1 
85611 1 
85612 1 
85613 1 
85614 1 
85615 1 
85616 1 
85617 1 
85618 1 
85619 1 
85620 1 
85621 1 
85622 1 
85623 1 
85624 1 
85625 1 
85626 1 
85627 1 
85628 1 
85629 1 
85630 1 
85631 1 
85632 1 
85633 1 
85634 1 
85635 1 
85636 1 
85637 1 
85638 1 
85639 1 
85640 1 
85641 1 
85642 1 
85643 1 
85644 1 
85645 1 
85646 1 
85647 1 
85648 1 
85649 1 
85650 1 
85651 1 
85652 1 
85653 1 
85654 1 
85655 1 
85656 1 
85657 1 
85658 1 
85659 1 
85660 1 
85661 1 
85662 1 
85663 1 
85664 1 
85665 1 
85666 1 
85667 1 
85668 1 
85669 1 
85670 1 
85671 1 
85672 1 
85673 1 
85674 1 
85675 1 
85676 1 
85677 1 
85678 1 
85679 1 
85680 1 
85681 1 
85682 1 
85683 1 
85684 1 
85685 1 
85686 1 
85687 1 
85688 1 
85689 1 
85690 1 
85691 1 
85692 1 
85693 1 
85694 1 
85695 1 
85696 1 
85697 1 
85698 1 
85699 1 
85700 1 
85701 1 
85702 1 
85703 1 
85704 1 
85705 1 
85706 1 
85707 1 
85708 1 
85709 1 
85710 1 
85711 1 
85712 1 
85713 1 
85714 1 
85715 1 
85716 1 
85717 1 
85718 1 
85719 1 
85720 1 
85721 1 
85722 1 
85723 1 
85724 1 
85725 1 
85726 1 
85727 1 
85728 1 
85729 1 
85730 1 
85731 1 
85732 1 
85733 1 
85734 1 
85735 1 
85736 1 
85737 1 
85738 1 
85739 1 
85740 1 
85741 1 
85742 1 
85743 1 
85744 1 
85745 1 
85746 1 
85747 1 
85748 1 
85749 1 
85750 1 
85751 1 
85752 1 
85753 1 
85754 1 
85755 1 
85756 1 
85757 1 
85758 1 
85759 1 
85760 1 
85761 1 
85762 1 
85763 1 
85764 1 
85765 1 
85766 1 
85767 1 
85768 1 
85769 1 
85770 1 
85771 1 
85772 1 
85773 1 
85774 1 
85775 1 
85776 1 
85777 1 
85778 1 
85779 1 
85780 1 
85781 1 
85782 1 
85783 1 
85784 1 
85785 1 
85786 1 
85787 1 
85788 1 
85789 1 
85790 1 
85791 1 
85792 1 
85793 1 
85794 1 
85795 1 
85796 1 
85797 1 
85798 1 
85799 1 
85800 1 
85801 1 
85802 1 
85803 1 
85804 1 
85805 1 
85806 1 
85807 1 
85808 1 
85809 1 
85810 1 
85811 1 
85812 1 
85813 1 
85814 1 
85815 1 
85816 1 
85817 1 
85818 1 
85819 1 
85820 1 
85821 1 
85822 1 
85823 1 
85824 1 
85825 1 
85826 1 
85827 1 
85828 1 
85829 1 
85830 1 
85831 1 
85832 1 
