1 1 
2 1 
3 1 
4 1 
5 1 
6 1 
7 1 
8 1 
9 1 
10 1 
11 1 
12 1 
13 1 
14 1 
15 1 
16 1 
17 1 
18 1 
19 1 
20 1 
21 1 
22 1 
26 1 
27 1 
28 1 
29 1 
30 1 
31 1 
32 1 
33 1 
34 1 
35 1 
36 1 
37 1 
38 1 
39 1 
40 1 
41 1 
42 1 
43 1 
44 1 
45 1 
46 1 
47 1 
48 1 
49 1 
53 1 
54 1 
55 1 
56 1 
57 1 
58 1 
59 1 
60 1 
61 1 
62 1 
63 1 
64 1 
65 1 
66 1 
67 1 
68 1 
69 1 
70 1 
71 1 
72 1 
73 1 
74 1 
75 1 
76 1 
80 1 
81 1 
82 1 
83 1 
84 1 
85 1 
86 1 
87 1 
88 1 
89 1 
90 1 
91 1 
92 1 
93 1 
94 1 
95 1 
96 1 
97 1 
98 1 
99 1 
100 1 
101 1 
102 1 
103 1 
107 1 
108 1 
109 1 
110 1 
111 1 
112 1 
113 1 
114 1 
115 1 
116 1 
117 1 
118 1 
119 1 
120 1 
121 1 
122 1 
123 1 
124 1 
125 1 
126 1 
127 1 
128 1 
129 1 
130 1 
134 1 
135 1 
136 1 
137 1 
138 1 
139 1 
140 1 
141 1 
142 1 
143 1 
144 1 
145 1 
146 1 
147 1 
148 1 
149 1 
150 1 
151 1 
152 1 
153 1 
154 1 
155 1 
156 1 
157 1 
161 1 
162 1 
163 1 
164 1 
165 1 
166 1 
167 1 
168 1 
169 1 
170 1 
171 1 
172 1 
173 1 
174 1 
175 1 
176 1 
177 1 
178 1 
179 1 
180 1 
181 1 
182 1 
183 1 
184 1 
188 1 
189 1 
190 1 
191 1 
192 1 
193 1 
194 1 
195 1 
196 1 
197 1 
198 1 
199 1 
200 1 
201 1 
202 1 
203 1 
204 1 
205 1 
206 1 
207 1 
208 1 
209 1 
210 1 
211 1 
215 1 
216 1 
217 1 
218 1 
219 1 
220 1 
221 1 
222 1 
223 1 
224 1 
225 1 
226 1 
227 1 
228 1 
229 1 
230 1 
231 1 
232 1 
233 1 
234 1 
235 1 
236 1 
237 1 
238 1 
242 1 
243 1 
244 1 
245 1 
246 1 
247 1 
248 1 
249 1 
250 1 
251 1 
252 1 
253 1 
254 1 
255 1 
256 1 
257 1 
258 1 
259 1 
260 1 
261 1 
262 1 
263 1 
264 1 
265 1 
269 1 
270 1 
271 1 
272 1 
273 1 
274 1 
275 1 
276 1 
277 1 
278 1 
279 1 
280 1 
281 1 
282 1 
283 1 
284 1 
285 1 
286 1 
287 1 
288 1 
289 1 
290 1 
291 1 
292 1 
296 1 
297 1 
298 1 
299 1 
300 1 
301 1 
302 1 
303 1 
304 1 
305 1 
306 1 
307 1 
308 1 
309 1 
310 1 
311 1 
312 1 
313 1 
314 1 
315 1 
316 1 
317 1 
318 1 
319 1 
323 1 
324 1 
325 1 
326 1 
327 1 
328 1 
329 1 
330 1 
331 1 
332 1 
333 1 
334 1 
335 1 
336 1 
337 1 
338 1 
339 1 
340 1 
341 1 
342 1 
343 1 
344 1 
345 1 
346 1 
350 1 
351 1 
352 1 
353 1 
354 1 
355 1 
356 1 
357 1 
358 1 
359 1 
360 1 
361 1 
362 1 
363 1 
364 1 
365 1 
366 1 
367 1 
368 1 
369 1 
370 1 
371 1 
372 1 
373 1 
377 1 
378 1 
379 1 
380 1 
381 1 
382 1 
383 1 
384 1 
385 1 
386 1 
387 1 
388 1 
389 1 
390 1 
391 1 
392 1 
393 1 
394 1 
395 1 
396 1 
397 1 
398 1 
399 1 
400 1 
404 1 
405 1 
406 1 
407 1 
408 1 
409 1 
410 1 
411 1 
412 1 
413 1 
414 1 
415 1 
416 1 
417 1 
418 1 
419 1 
420 1 
421 1 
422 1 
423 1 
424 1 
425 1 
426 1 
427 1 
431 1 
432 1 
433 1 
434 1 
435 1 
436 1 
437 1 
438 1 
439 1 
440 1 
441 1 
442 1 
443 1 
444 1 
445 1 
446 1 
447 1 
448 1 
449 1 
450 1 
451 1 
452 1 
453 1 
454 1 
458 1 
459 1 
460 1 
461 1 
462 1 
463 1 
464 1 
465 1 
466 1 
467 1 
468 1 
469 1 
470 1 
471 1 
472 1 
473 1 
474 1 
475 1 
476 1 
477 1 
478 1 
479 1 
480 1 
481 1 
485 1 
486 1 
487 1 
488 1 
489 1 
490 1 
491 1 
492 1 
493 1 
494 1 
495 1 
496 1 
497 1 
498 1 
499 1 
500 1 
501 1 
502 1 
503 1 
504 1 
505 1 
506 1 
507 1 
508 1 
512 1 
513 1 
514 1 
515 1 
516 1 
517 1 
518 1 
519 1 
520 1 
521 1 
522 1 
523 1 
524 1 
525 1 
526 1 
527 1 
528 1 
529 1 
530 1 
531 1 
532 1 
533 1 
534 1 
535 1 
539 1 
540 1 
541 1 
542 1 
543 1 
544 1 
545 1 
546 1 
547 1 
548 1 
549 1 
550 1 
551 1 
552 1 
553 1 
554 1 
555 1 
556 1 
557 1 
558 1 
559 1 
560 1 
561 1 
562 1 
566 1 
567 1 
568 1 
569 1 
570 1 
571 1 
572 1 
573 1 
574 1 
575 1 
576 1 
577 1 
578 1 
579 1 
580 1 
581 1 
582 1 
583 1 
584 1 
585 1 
586 1 
587 1 
588 1 
589 1 
593 1 
594 1 
595 1 
596 1 
597 1 
598 1 
599 1 
600 1 
601 1 
602 1 
603 1 
604 1 
605 1 
606 1 
607 1 
608 1 
609 1 
610 1 
611 1 
612 1 
613 1 
614 1 
615 1 
616 1 
620 1 
621 1 
622 1 
623 1 
624 1 
625 1 
626 1 
627 1 
628 1 
629 1 
630 1 
631 1 
632 1 
633 1 
634 1 
635 1 
636 1 
637 1 
638 1 
639 1 
640 1 
641 1 
642 1 
643 1 
647 1 
648 1 
649 1 
650 1 
651 1 
652 1 
653 1 
654 1 
655 1 
656 1 
657 1 
658 1 
659 1 
660 1 
661 1 
662 1 
663 1 
664 1 
665 1 
666 1 
667 1 
668 1 
669 1 
670 1 
674 1 
675 1 
676 1 
677 1 
678 1 
679 1 
680 1 
681 1 
682 1 
683 1 
684 1 
685 1 
686 1 
687 1 
688 1 
689 1 
690 1 
691 1 
692 1 
693 1 
694 1 
695 1 
696 1 
697 1 
701 1 
702 1 
703 1 
704 1 
705 1 
706 1 
707 1 
708 1 
709 1 
710 1 
711 1 
712 1 
713 1 
714 1 
715 1 
716 1 
717 1 
718 1 
719 1 
720 1 
721 1 
722 1 
723 1 
724 1 
728 1 
729 1 
730 1 
731 1 
732 1 
733 1 
734 1 
735 1 
736 1 
737 1 
738 1 
739 1 
740 1 
741 1 
742 1 
743 1 
744 1 
745 1 
746 1 
747 1 
748 1 
749 1 
750 1 
751 1 
755 1 
756 1 
757 1 
758 1 
759 1 
760 1 
761 1 
762 1 
763 1 
764 1 
765 1 
766 1 
767 1 
768 1 
769 1 
770 1 
771 1 
772 1 
773 1 
774 1 
775 1 
776 1 
777 1 
778 1 
782 1 
783 1 
784 1 
785 1 
786 1 
787 1 
788 1 
789 1 
790 1 
791 1 
792 1 
793 1 
794 1 
795 1 
796 1 
797 1 
798 1 
799 1 
800 1 
801 1 
802 1 
803 1 
804 1 
805 1 
809 1 
810 1 
811 1 
812 1 
813 1 
814 1 
815 1 
816 1 
817 1 
818 1 
819 1 
820 1 
821 1 
822 1 
823 1 
824 1 
825 1 
826 1 
827 1 
828 1 
829 1 
830 1 
831 1 
832 1 
836 1 
837 1 
838 1 
839 1 
840 1 
841 1 
842 1 
843 1 
844 1 
845 1 
846 1 
847 1 
848 1 
849 1 
850 1 
851 1 
852 1 
853 1 
854 1 
855 1 
856 1 
857 1 
858 1 
859 1 
863 1 
864 1 
865 1 
866 1 
867 1 
868 1 
869 1 
870 1 
871 1 
872 1 
873 1 
874 1 
875 1 
876 1 
877 1 
878 1 
879 1 
880 1 
881 1 
882 1 
883 1 
884 1 
885 1 
886 1 
890 1 
891 1 
892 1 
893 1 
894 1 
895 1 
896 1 
897 1 
898 1 
899 1 
900 1 
901 1 
902 1 
903 1 
904 1 
905 1 
906 1 
907 1 
908 1 
909 1 
910 1 
911 1 
912 1 
913 1 
917 1 
918 1 
919 1 
920 1 
921 1 
922 1 
923 1 
924 1 
925 1 
926 1 
927 1 
928 1 
929 1 
930 1 
931 1 
932 1 
933 1 
934 1 
935 1 
936 1 
937 1 
938 1 
939 1 
940 1 
944 1 
945 1 
946 1 
947 1 
948 1 
949 1 
950 1 
951 1 
952 1 
953 1 
954 1 
955 1 
956 1 
957 1 
958 1 
959 1 
960 1 
961 1 
962 1 
963 1 
964 1 
965 1 
966 1 
967 1 
971 1 
972 1 
973 1 
974 1 
975 1 
976 1 
977 1 
978 1 
979 1 
980 1 
981 1 
982 1 
983 1 
984 1 
985 1 
986 1 
987 1 
988 1 
989 1 
990 1 
991 1 
992 1 
993 1 
994 1 
998 1 
999 1 
1000 1 
1001 1 
1002 1 
1003 1 
1004 1 
1005 1 
1006 1 
1007 1 
1008 1 
1009 1 
1010 1 
1011 1 
1012 1 
1013 1 
1014 1 
1015 1 
1016 1 
1017 1 
1018 1 
1019 1 
1020 1 
1021 1 
1025 1 
1026 1 
1027 1 
1028 1 
1029 1 
1030 1 
1031 1 
1032 1 
1033 1 
1034 1 
1035 1 
1036 1 
1037 1 
1038 1 
1039 1 
1040 1 
1041 1 
1042 1 
1043 1 
1044 1 
1045 1 
1046 1 
1047 1 
1048 1 
1052 1 
1053 1 
1054 1 
1055 1 
1056 1 
1057 1 
1058 1 
1059 1 
1060 1 
1061 1 
1062 1 
1063 1 
1064 1 
1065 1 
1066 1 
1067 1 
1068 1 
1069 1 
1070 1 
1071 1 
1072 1 
1073 1 
1074 1 
1075 1 
1079 1 
1080 1 
1081 1 
1082 1 
1083 1 
1084 1 
1085 1 
1086 1 
1087 1 
1088 1 
1089 1 
1090 1 
1091 1 
1092 1 
1093 1 
1094 1 
1095 1 
1096 1 
1097 1 
1098 1 
1099 1 
1100 1 
1101 1 
1102 1 
1106 1 
1107 1 
1108 1 
1109 1 
1110 1 
1111 1 
1112 1 
1113 1 
1114 1 
1115 1 
1116 1 
1117 1 
1118 1 
1119 1 
1120 1 
1121 1 
1122 1 
1123 1 
1124 1 
1125 1 
1126 1 
1127 1 
1128 1 
1129 1 
1133 1 
1134 1 
1135 1 
1136 1 
1137 1 
1138 1 
1139 1 
1140 1 
1141 1 
1142 1 
1143 1 
1144 1 
1145 1 
1146 1 
1147 1 
1148 1 
1149 1 
1150 1 
1151 1 
1152 1 
1153 1 
1154 1 
1155 1 
1156 1 
1160 1 
1161 1 
1162 1 
1163 1 
1164 1 
1165 1 
1166 1 
1167 1 
1168 1 
1169 1 
1170 1 
1171 1 
1172 1 
1173 1 
1174 1 
1175 1 
1176 1 
1177 1 
1178 1 
1179 1 
1180 1 
1181 1 
1182 1 
1183 1 
1187 1 
1188 1 
1189 1 
1190 1 
1191 1 
1192 1 
1193 1 
1194 1 
1195 1 
1196 1 
1197 1 
1198 1 
1199 1 
1200 1 
1201 1 
1202 1 
1203 1 
1204 1 
1205 1 
1206 1 
1207 1 
1208 1 
1209 1 
1210 1 
1214 1 
1215 1 
1216 1 
1217 1 
1218 1 
1219 1 
1220 1 
1221 1 
1222 1 
1223 1 
1224 1 
1225 1 
1226 1 
1227 1 
1228 1 
1229 1 
1230 1 
1231 1 
1232 1 
1233 1 
1234 1 
1235 1 
1236 1 
1237 1 
1241 1 
1242 1 
1243 1 
1244 1 
1245 1 
1246 1 
1247 1 
1248 1 
1249 1 
1250 1 
1251 1 
1252 1 
1253 1 
1254 1 
1255 1 
1256 1 
1257 1 
1258 1 
1259 1 
1260 1 
1261 1 
1262 1 
1263 1 
1264 1 
1268 1 
1269 1 
1270 1 
1271 1 
1272 1 
1273 1 
1274 1 
1275 1 
1276 1 
1277 1 
1278 1 
1279 1 
1280 1 
1281 1 
1282 1 
1283 1 
1284 1 
1285 1 
1286 1 
1287 1 
1288 1 
1289 1 
1290 1 
1291 1 
1295 1 
1296 1 
1297 1 
1298 1 
1299 1 
1300 1 
1301 1 
1302 1 
1303 1 
1304 1 
1305 1 
1306 1 
1307 1 
1308 1 
1309 1 
1310 1 
1311 1 
1312 1 
1313 1 
1314 1 
1315 1 
1316 1 
1317 1 
1318 1 
1322 1 
1323 1 
1324 1 
1325 1 
1326 1 
1327 1 
1328 1 
1329 1 
1330 1 
1331 1 
1332 1 
1333 1 
1334 1 
1335 1 
1336 1 
1337 1 
1338 1 
1339 1 
1340 1 
1341 1 
1342 1 
1343 1 
1344 1 
1345 1 
1347 1 
1348 1 
1349 1 
1350 1 
1351 1 
1352 1 
1353 1 
1354 1 
1355 1 
1356 1 
1357 1 
1358 1 
1359 1 
1360 1 
1361 1 
1362 1 
1363 1 
1364 1 
1370 1 
1371 1 
1372 1 
1373 1 
1375 1 
1376 1 
1377 1 
1378 1 
1379 1 
1387 1 
1388 1 
1389 1 
1390 1 
1391 1 
1399 1 
1400 1 
1401 1 
1402 1 
1403 1 
1412 1 
1413 1 
1414 1 
1415 1 
1429 1 
1430 1 
1431 1 
1432 1 
1433 1 
1441 1 
1442 1 
1443 1 
1444 1 
1445 1 
1454 1 
1455 1 
1456 1 
1457 1 
1471 1 
1472 1 
1473 1 
1474 1 
1475 1 
1483 1 
1484 1 
1485 1 
1486 1 
1487 1 
1496 1 
1497 1 
1498 1 
1499 1 
1513 1 
1514 1 
1515 1 
1516 1 
1517 1 
1525 1 
1526 1 
1527 1 
1528 1 
1529 1 
1538 1 
1539 1 
1540 1 
1541 1 
1555 1 
1556 1 
1557 1 
1558 1 
1559 1 
1567 1 
1568 1 
1569 1 
1570 1 
1571 1 
1580 1 
1581 1 
1582 1 
1583 1 
1597 1 
1598 1 
1599 1 
1600 1 
1601 1 
1609 1 
1610 1 
1611 1 
1612 1 
1613 1 
1622 1 
1623 1 
1624 1 
1625 1 
1639 1 
1640 1 
1641 1 
1642 1 
1643 1 
1651 1 
1652 1 
1653 1 
1654 1 
1655 1 
1664 1 
1665 1 
1666 1 
1667 1 
1681 1 
1682 1 
1683 1 
1684 1 
1685 1 
1693 1 
1694 1 
1695 1 
1696 1 
1697 1 
1706 1 
1707 1 
1708 1 
1709 1 
1723 1 
1724 1 
1725 1 
1726 1 
1727 1 
1735 1 
1736 1 
1737 1 
1738 1 
1739 1 
1748 1 
1749 1 
1750 1 
1751 1 
1765 1 
1766 1 
1767 1 
1768 1 
1769 1 
1777 1 
1778 1 
1779 1 
1780 1 
1781 1 
1790 1 
1791 1 
1792 1 
1793 1 
1807 1 
1808 1 
1809 1 
1810 1 
1811 1 
1819 1 
1820 1 
1821 1 
1822 1 
1823 1 
1832 1 
1833 1 
1834 1 
1835 1 
1849 1 
1850 1 
1851 1 
1852 1 
1853 1 
1861 1 
1862 1 
1863 1 
1864 1 
1865 1 
1874 1 
1875 1 
1876 1 
1877 1 
1891 1 
1892 1 
1893 1 
1894 1 
1895 1 
1903 1 
1904 1 
1905 1 
1906 1 
1907 1 
1916 1 
1917 1 
1918 1 
1919 1 
1933 1 
1934 1 
1935 1 
1936 1 
1937 1 
1945 1 
1946 1 
1947 1 
1948 1 
1949 1 
1958 1 
1959 1 
1960 1 
1961 1 
1975 1 
1976 1 
1977 1 
1978 1 
1979 1 
1987 1 
1988 1 
1989 1 
1990 1 
1991 1 
2000 1 
2001 1 
2002 1 
2003 1 
2017 1 
2018 1 
2019 1 
2020 1 
2021 1 
2029 1 
2030 1 
2031 1 
2032 1 
2033 1 
2042 1 
2043 1 
2044 1 
2045 1 
2059 1 
2060 1 
2061 1 
2062 1 
2063 1 
2071 1 
2072 1 
2073 1 
2074 1 
2075 1 
2084 1 
2085 1 
2086 1 
2087 1 
2101 1 
2102 1 
2103 1 
2104 1 
2105 1 
2113 1 
2114 1 
2115 1 
2116 1 
2117 1 
2126 1 
2127 1 
2128 1 
2129 1 
2143 1 
2144 1 
2145 1 
2146 1 
2147 1 
2155 1 
2156 1 
2157 1 
2158 1 
2159 1 
2168 1 
2169 1 
2170 1 
2171 1 
2185 1 
2186 1 
2187 1 
2188 1 
2189 1 
2197 1 
2198 1 
2199 1 
2200 1 
2201 1 
2210 1 
2211 1 
2212 1 
2213 1 
2227 1 
2228 1 
2229 1 
2230 1 
2231 1 
2239 1 
2240 1 
2241 1 
2242 1 
2243 1 
2252 1 
2253 1 
2254 1 
2255 1 
2269 1 
2270 1 
2271 1 
2272 1 
2273 1 
2281 1 
2282 1 
2283 1 
2284 1 
2285 1 
2294 1 
2295 1 
2296 1 
2297 1 
2311 1 
2312 1 
2313 1 
2314 1 
2315 1 
2323 1 
2324 1 
2325 1 
2326 1 
2327 1 
2336 1 
2337 1 
2338 1 
2339 1 
2353 1 
2354 1 
2355 1 
2356 1 
2357 1 
2365 1 
2366 1 
2367 1 
2368 1 
2369 1 
2378 1 
2379 1 
2380 1 
2381 1 
2395 1 
2396 1 
2397 1 
2398 1 
2399 1 
2407 1 
2408 1 
2409 1 
2410 1 
2411 1 
2420 1 
2421 1 
2422 1 
2423 1 
2437 1 
2438 1 
2439 1 
2440 1 
2441 1 
2449 1 
2450 1 
2451 1 
2452 1 
2453 1 
2462 1 
2463 1 
2464 1 
2465 1 
2479 1 
2480 1 
2481 1 
2482 1 
2483 1 
2491 1 
2492 1 
2493 1 
2494 1 
2495 1 
2504 1 
2505 1 
2506 1 
2507 1 
2521 1 
2522 1 
2523 1 
2524 1 
2525 1 
2533 1 
2534 1 
2535 1 
2536 1 
2537 1 
2546 1 
2547 1 
2548 1 
2549 1 
2563 1 
2564 1 
2565 1 
2566 1 
2567 1 
2575 1 
2576 1 
2577 1 
2578 1 
2579 1 
2588 1 
2589 1 
2590 1 
2591 1 
2605 1 
2606 1 
2607 1 
2608 1 
2609 1 
2617 1 
2618 1 
2619 1 
2620 1 
2621 1 
2630 1 
2631 1 
2632 1 
2633 1 
2647 1 
2648 1 
2649 1 
2650 1 
2651 1 
2659 1 
2660 1 
2661 1 
2662 1 
2663 1 
2672 1 
2673 1 
2674 1 
2675 1 
2689 1 
2690 1 
2691 1 
2692 1 
2693 1 
2701 1 
2702 1 
2703 1 
2704 1 
2705 1 
2714 1 
2715 1 
2716 1 
2717 1 
2731 1 
2732 1 
2733 1 
2734 1 
2735 1 
2743 1 
2744 1 
2745 1 
2746 1 
2747 1 
2756 1 
2757 1 
2758 1 
2759 1 
2773 1 
2774 1 
2775 1 
2776 1 
2777 1 
2785 1 
2786 1 
2787 1 
2788 1 
2789 1 
2798 1 
2799 1 
2800 1 
2801 1 
2815 1 
2816 1 
2817 1 
2818 1 
2819 1 
2827 1 
2828 1 
2829 1 
2830 1 
2831 1 
2840 1 
2841 1 
2842 1 
2843 1 
2857 1 
2858 1 
2859 1 
2860 1 
2861 1 
2869 1 
2870 1 
2871 1 
2872 1 
2873 1 
2882 1 
2883 1 
2884 1 
2885 1 
2899 1 
2900 1 
2901 1 
2902 1 
2903 1 
2911 1 
2912 1 
2913 1 
2914 1 
2915 1 
2924 1 
2925 1 
2926 1 
2927 1 
2941 1 
2942 1 
2943 1 
2944 1 
2945 1 
2953 1 
2954 1 
2955 1 
2956 1 
2957 1 
2966 1 
2967 1 
2968 1 
2969 1 
2983 1 
2984 1 
2985 1 
2986 1 
2987 1 
2995 1 
2996 1 
2997 1 
2998 1 
2999 1 
3008 1 
3009 1 
3010 1 
3011 1 
3025 1 
3026 1 
3027 1 
3028 1 
3029 1 
3037 1 
3038 1 
3039 1 
3040 1 
3041 1 
3050 1 
3051 1 
3052 1 
3053 1 
3067 1 
3068 1 
3069 1 
3070 1 
3071 1 
3079 1 
3080 1 
3081 1 
3082 1 
3083 1 
3092 1 
3093 1 
3094 1 
3095 1 
3109 1 
3110 1 
3111 1 
3112 1 
3113 1 
3121 1 
3122 1 
3123 1 
3124 1 
3125 1 
3134 1 
3135 1 
3136 1 
3137 1 
3151 1 
3152 1 
3153 1 
3154 1 
3155 1 
3163 1 
3164 1 
3165 1 
3166 1 
3167 1 
3176 1 
3177 1 
3178 1 
3179 1 
3193 1 
3194 1 
3195 1 
3196 1 
3197 1 
3205 1 
3206 1 
3207 1 
3208 1 
3209 1 
3218 1 
3219 1 
3220 1 
3221 1 
3235 1 
3236 1 
3237 1 
3238 1 
3239 1 
3247 1 
3248 1 
3249 1 
3250 1 
3251 1 
3260 1 
3261 1 
3262 1 
3263 1 
3277 1 
3278 1 
3279 1 
3280 1 
3281 1 
3289 1 
3290 1 
3291 1 
3292 1 
3293 1 
3302 1 
3303 1 
3304 1 
3305 1 
3319 1 
3320 1 
3321 1 
3322 1 
3323 1 
3331 1 
3332 1 
3333 1 
3334 1 
3335 1 
3344 1 
3345 1 
3346 1 
3347 1 
3361 1 
3362 1 
3363 1 
3364 1 
3365 1 
3373 1 
3374 1 
3375 1 
3376 1 
3377 1 
3386 1 
3387 1 
3388 1 
3389 1 
3403 1 
3404 1 
3405 1 
3406 1 
3407 1 
3415 1 
3416 1 
3417 1 
3418 1 
3419 1 
3428 1 
3429 1 
3430 1 
3431 1 
3439 1 
3440 1 
3441 1 
3442 1 
3443 1 
3444 1 
3445 1 
3446 1 
3447 1 
3448 1 
3449 1 
3450 1 
3451 1 
3452 1 
3453 1 
3454 1 
3455 1 
3456 1 
3457 1 
3458 1 
3459 1 
3460 1 
3461 1 
3462 1 
3463 1 
3464 1 
3465 1 
3466 1 
3467 1 
3468 1 
3470 1 
4799 1 
4800 1 
4801 1 
4802 1 
4803 1 
4804 1 
4805 1 
4806 1 
4807 1 
4808 1 
4809 1 
4810 1 
4811 1 
4812 1 
4813 1 
4814 1 
4815 1 
4816 1 
4822 1 
4823 1 
4827 1 
4828 1 
4829 1 
4830 1 
4831 1 
6891 1 
6892 1 
6893 1 
6894 1 
6895 1 
6896 1 
6899 1 
6900 1 
6901 1 
6902 1 
6903 1 
6904 1 
6905 1 
6906 1 
6907 1 
6908 1 
6909 1 
6910 1 
6911 1 
6912 1 
6913 1 
6914 1 
6915 1 
6916 1 
6917 1 
6918 1 
6919 1 
6920 1 
6922 1 
8251 1 
8252 1 
8253 1 
8254 1 
8255 1 
8256 1 
8257 1 
8258 1 
8259 1 
8260 1 
8261 1 
8262 1 
8263 1 
8264 1 
8265 1 
8266 1 
8267 1 
8268 1 
8274 1 
8275 1 
8279 1 
8280 1 
8281 1 
8282 1 
8283 1 
10343 1 
10344 1 
10345 1 
10346 1 
10347 1 
10348 1 
10351 1 
10352 1 
10353 1 
10354 1 
10355 1 
10356 1 
10357 1 
10358 1 
10359 1 
10360 1 
10361 1 
10362 1 
10363 1 
10364 1 
10365 1 
10366 1 
10367 1 
10368 1 
10369 1 
10370 1 
10371 1 
10372 1 
10374 1 
11703 1 
11704 1 
11705 1 
11706 1 
11707 1 
11708 1 
11709 1 
11710 1 
11711 1 
11712 1 
11713 1 
11714 1 
11715 1 
11716 1 
11717 1 
11718 1 
11719 1 
11720 1 
11726 1 
11727 1 
11731 1 
11732 1 
11733 1 
11734 1 
11735 1 
13795 1 
13796 1 
13797 1 
13798 1 
13799 1 
13800 1 
13803 1 
13804 1 
13805 1 
13806 1 
13807 1 
13808 1 
13809 1 
13810 1 
13811 1 
13812 1 
13813 1 
13814 1 
13815 1 
13816 1 
13817 1 
13818 1 
13819 1 
13820 1 
13821 1 
13822 1 
13823 1 
13824 1 
13826 1 
15155 1 
15156 1 
15157 1 
15158 1 
15159 1 
15160 1 
15161 1 
15162 1 
15163 1 
15164 1 
15165 1 
15166 1 
15167 1 
15168 1 
15169 1 
15170 1 
15171 1 
15172 1 
15178 1 
15179 1 
15183 1 
15184 1 
15185 1 
15186 1 
15187 1 
17247 1 
17248 1 
17249 1 
17250 1 
17251 1 
17252 1 
17255 1 
17256 1 
17257 1 
17258 1 
17259 1 
17260 1 
17261 1 
17262 1 
17263 1 
17264 1 
17265 1 
17266 1 
17267 1 
17268 1 
17269 1 
17270 1 
17271 1 
17272 1 
17273 1 
17274 1 
17275 1 
17276 1 
17278 1 
18607 1 
18608 1 
18609 1 
18610 1 
18611 1 
18612 1 
18613 1 
18614 1 
18615 1 
18616 1 
18617 1 
18618 1 
18619 1 
18620 1 
18621 1 
18622 1 
18623 1 
18624 1 
18630 1 
18631 1 
18635 1 
18636 1 
18637 1 
18638 1 
18639 1 
20699 1 
20700 1 
20701 1 
20702 1 
20703 1 
20704 1 
20707 1 
20708 1 
20709 1 
20710 1 
20711 1 
20712 1 
20713 1 
20714 1 
20715 1 
20716 1 
20717 1 
20718 1 
20719 1 
20720 1 
20721 1 
20722 1 
20723 1 
20724 1 
20725 1 
20726 1 
20727 1 
20728 1 
20730 1 
22059 1 
22060 1 
22061 1 
22062 1 
22063 1 
22064 1 
22065 1 
22066 1 
22067 1 
22068 1 
22069 1 
22070 1 
22071 1 
22072 1 
22073 1 
22074 1 
22075 1 
22076 1 
22082 1 
22083 1 
22087 1 
22088 1 
22089 1 
22090 1 
22091 1 
24151 1 
24152 1 
24153 1 
24154 1 
24155 1 
24156 1 
24159 1 
24160 1 
24161 1 
24162 1 
24163 1 
24164 1 
24165 1 
24166 1 
24167 1 
24168 1 
24169 1 
24170 1 
24171 1 
24172 1 
24173 1 
24174 1 
24175 1 
24176 1 
24177 1 
24178 1 
24179 1 
24180 1 
24182 1 
25511 1 
25512 1 
25513 1 
25514 1 
25515 1 
25516 1 
25517 1 
25518 1 
25519 1 
25520 1 
25521 1 
25522 1 
25523 1 
25524 1 
25525 1 
25526 1 
25527 1 
25528 1 
25534 1 
25535 1 
25539 1 
25540 1 
25541 1 
25542 1 
25543 1 
27603 1 
27604 1 
27605 1 
27606 1 
27607 1 
27608 1 
27611 1 
27612 1 
27613 1 
27614 1 
27615 1 
27616 1 
27617 1 
27618 1 
27619 1 
27620 1 
27621 1 
27622 1 
27623 1 
27624 1 
27625 1 
27626 1 
27627 1 
27628 1 
27629 1 
27630 1 
27631 1 
27632 1 
27634 1 
28963 1 
28964 1 
28965 1 
28966 1 
28967 1 
28968 1 
28969 1 
28970 1 
28971 1 
28972 1 
28973 1 
28974 1 
28975 1 
28976 1 
28977 1 
28978 1 
28979 1 
28980 1 
28986 1 
28987 1 
28991 1 
28992 1 
28993 1 
28994 1 
28995 1 
31055 1 
31056 1 
31057 1 
31058 1 
31059 1 
31060 1 
31063 1 
31064 1 
31065 1 
31066 1 
31067 1 
31068 1 
31069 1 
31070 1 
31071 1 
31072 1 
31073 1 
31074 1 
31075 1 
31076 1 
31077 1 
31078 1 
31079 1 
31080 1 
31081 1 
31082 1 
31083 1 
31084 1 
31086 1 
32415 1 
32416 1 
32417 1 
32418 1 
32419 1 
32420 1 
32421 1 
32422 1 
32423 1 
32424 1 
32425 1 
32426 1 
32427 1 
32428 1 
32429 1 
32430 1 
32431 1 
32432 1 
32438 1 
32439 1 
32443 1 
32444 1 
32445 1 
32446 1 
32447 1 
34507 1 
34508 1 
34509 1 
34510 1 
34511 1 
34512 1 
34515 1 
34516 1 
34517 1 
34518 1 
34519 1 
34520 1 
34521 1 
34522 1 
34523 1 
34524 1 
34525 1 
34526 1 
34527 1 
34528 1 
34529 1 
34530 1 
34531 1 
34532 1 
34533 1 
34534 1 
34535 1 
34536 1 
34538 1 
35867 1 
35868 1 
35869 1 
35870 1 
35871 1 
35872 1 
35873 1 
35874 1 
35875 1 
35876 1 
35877 1 
35878 1 
35879 1 
35880 1 
35881 1 
35882 1 
35883 1 
35884 1 
35890 1 
35891 1 
35895 1 
35896 1 
35897 1 
35898 1 
35899 1 
37959 1 
37960 1 
37961 1 
37962 1 
37963 1 
37964 1 
37967 1 
37968 1 
37969 1 
37970 1 
37971 1 
37972 1 
37973 1 
37974 1 
37975 1 
37976 1 
37977 1 
37978 1 
37979 1 
37980 1 
37981 1 
37982 1 
37983 1 
37984 1 
37985 1 
37986 1 
37987 1 
37988 1 
37990 1 
39319 1 
39320 1 
39321 1 
39322 1 
39323 1 
39324 1 
39325 1 
39326 1 
39327 1 
39328 1 
39329 1 
39330 1 
39331 1 
39332 1 
39333 1 
39334 1 
39335 1 
39336 1 
39342 1 
39343 1 
39347 1 
39348 1 
39349 1 
39350 1 
39351 1 
41411 1 
41412 1 
41413 1 
41414 1 
41415 1 
41416 1 
41419 1 
41420 1 
41421 1 
41422 1 
41423 1 
41424 1 
41425 1 
41426 1 
41427 1 
41428 1 
41429 1 
41430 1 
41431 1 
41432 1 
41433 1 
41434 1 
41435 1 
41436 1 
41437 1 
41438 1 
41439 1 
41440 1 
41442 1 
42771 1 
42772 1 
42773 1 
42774 1 
42775 1 
42776 1 
42777 1 
42778 1 
42779 1 
42780 1 
42781 1 
42782 1 
42783 1 
42784 1 
42785 1 
42786 1 
42787 1 
42788 1 
42794 1 
42795 1 
42799 1 
42800 1 
42801 1 
42802 1 
42803 1 
44863 1 
44864 1 
44865 1 
44866 1 
44867 1 
44868 1 
44871 1 
44872 1 
44873 1 
44874 1 
44875 1 
44876 1 
44877 1 
44878 1 
44879 1 
44880 1 
44881 1 
44882 1 
44883 1 
44884 1 
44885 1 
44886 1 
44887 1 
44888 1 
44889 1 
44890 1 
44891 1 
44892 1 
44894 1 
46223 1 
46224 1 
46225 1 
46226 1 
46227 1 
46228 1 
46229 1 
46230 1 
46231 1 
46232 1 
46233 1 
46234 1 
46235 1 
46236 1 
46237 1 
46238 1 
46239 1 
46240 1 
46246 1 
46247 1 
46251 1 
46252 1 
46253 1 
46254 1 
46255 1 
48315 1 
48316 1 
48317 1 
48318 1 
48319 1 
48320 1 
48323 1 
48324 1 
48325 1 
48326 1 
48327 1 
48328 1 
48329 1 
48330 1 
48331 1 
48332 1 
48333 1 
48334 1 
48335 1 
48336 1 
48337 1 
48338 1 
48339 1 
48340 1 
48341 1 
48342 1 
48343 1 
48344 1 
48346 1 
49675 1 
49676 1 
49677 1 
49678 1 
49679 1 
49680 1 
49681 1 
49682 1 
49683 1 
49684 1 
49685 1 
49686 1 
49687 1 
49688 1 
49689 1 
49690 1 
49691 1 
49692 1 
49698 1 
49699 1 
49703 1 
49704 1 
49705 1 
49706 1 
49707 1 
51767 1 
51768 1 
51769 1 
51770 1 
51771 1 
51772 1 
51775 1 
51776 1 
51777 1 
51778 1 
51779 1 
51780 1 
51781 1 
51782 1 
51783 1 
51784 1 
51785 1 
51786 1 
51787 1 
51788 1 
51789 1 
51790 1 
51791 1 
51792 1 
51793 1 
51794 1 
51795 1 
51796 1 
51798 1 
53127 1 
53128 1 
53129 1 
53130 1 
53131 1 
53132 1 
53133 1 
53134 1 
53135 1 
53136 1 
53137 1 
53138 1 
53139 1 
53140 1 
53141 1 
53142 1 
53143 1 
53144 1 
53150 1 
53151 1 
53155 1 
53156 1 
53157 1 
53158 1 
53159 1 
55219 1 
55220 1 
55221 1 
55222 1 
55223 1 
55224 1 
55227 1 
55228 1 
55229 1 
55230 1 
55231 1 
55232 1 
55233 1 
55234 1 
55235 1 
55236 1 
55237 1 
55238 1 
55239 1 
55240 1 
55241 1 
55242 1 
55243 1 
55244 1 
55245 1 
55246 1 
55247 1 
55248 1 
55250 1 
56579 1 
56580 1 
56581 1 
56582 1 
56583 1 
56584 1 
56585 1 
56586 1 
56587 1 
56588 1 
56589 1 
56590 1 
56591 1 
56592 1 
56593 1 
56594 1 
56595 1 
56596 1 
56602 1 
56603 1 
56607 1 
56608 1 
56609 1 
56610 1 
56611 1 
58671 1 
58672 1 
58673 1 
58674 1 
58675 1 
58676 1 
58679 1 
58680 1 
58681 1 
58682 1 
58683 1 
58684 1 
58685 1 
58686 1 
58687 1 
58688 1 
58689 1 
58690 1 
58691 1 
58692 1 
58693 1 
58694 1 
58695 1 
58696 1 
58697 1 
58698 1 
58699 1 
58700 1 
58702 1 
60031 1 
60032 1 
60033 1 
60034 1 
60035 1 
60036 1 
60037 1 
60038 1 
60039 1 
60040 1 
60041 1 
60042 1 
60043 1 
60044 1 
60045 1 
60046 1 
60047 1 
60048 1 
60054 1 
60055 1 
60059 1 
60060 1 
60061 1 
60062 1 
60063 1 
62123 1 
62124 1 
62125 1 
62126 1 
62127 1 
62128 1 
62131 1 
62132 1 
62133 1 
62134 1 
62135 1 
62136 1 
62137 1 
62138 1 
62139 1 
62140 1 
62141 1 
62142 1 
62143 1 
62144 1 
62145 1 
62146 1 
62147 1 
62148 1 
62149 1 
62150 1 
62151 1 
62152 1 
62154 1 
63483 1 
63484 1 
63485 1 
63486 1 
63487 1 
63488 1 
63489 1 
63490 1 
63491 1 
63492 1 
63493 1 
63494 1 
63495 1 
63496 1 
63497 1 
63498 1 
63499 1 
63500 1 
63506 1 
63507 1 
63511 1 
63512 1 
63513 1 
63514 1 
63515 1 
65575 1 
65576 1 
65577 1 
65578 1 
65579 1 
65580 1 
65583 1 
65584 1 
65585 1 
65586 1 
65587 1 
65588 1 
65589 1 
65590 1 
65591 1 
65592 1 
65593 1 
65594 1 
65595 1 
65596 1 
65597 1 
65598 1 
65599 1 
65600 1 
65601 1 
65602 1 
65603 1 
65604 1 
65606 1 
66935 1 
66936 1 
66937 1 
66938 1 
66939 1 
66940 1 
66941 1 
66942 1 
66943 1 
66944 1 
66945 1 
66946 1 
66947 1 
66948 1 
66949 1 
66950 1 
66951 1 
66952 1 
66958 1 
66959 1 
66963 1 
66964 1 
66965 1 
66966 1 
66967 1 
69027 1 
69028 1 
69029 1 
69030 1 
69031 1 
69032 1 
69035 1 
69036 1 
69037 1 
69038 1 
69039 1 
69040 1 
69041 1 
69042 1 
69043 1 
69044 1 
69045 1 
69046 1 
69047 1 
69048 1 
69049 1 
69050 1 
69051 1 
69052 1 
69053 1 
69054 1 
69055 1 
69056 1 
69058 1 
70387 1 
70388 1 
70389 1 
70390 1 
70391 1 
70392 1 
70393 1 
70394 1 
70395 1 
70396 1 
70397 1 
70398 1 
70399 1 
70400 1 
70401 1 
70402 1 
70403 1 
70404 1 
70410 1 
70411 1 
70415 1 
70416 1 
70417 1 
70418 1 
70419 1 
72479 1 
72480 1 
72481 1 
72482 1 
72483 1 
72484 1 
72487 1 
72488 1 
72489 1 
72490 1 
72491 1 
72492 1 
72493 1 
72494 1 
72495 1 
72496 1 
72497 1 
72498 1 
72499 1 
72500 1 
72501 1 
72502 1 
72503 1 
72504 1 
72505 1 
72506 1 
72507 1 
72508 1 
72510 1 
73839 1 
73840 1 
73841 1 
73842 1 
73843 1 
73844 1 
73845 1 
73846 1 
73847 1 
73848 1 
73849 1 
73850 1 
73851 1 
73852 1 
73853 1 
73854 1 
73855 1 
73856 1 
73862 1 
73863 1 
73867 1 
73868 1 
73869 1 
73870 1 
73871 1 
75931 1 
75932 1 
75933 1 
75934 1 
75935 1 
75936 1 
75939 1 
75940 1 
75941 1 
75942 1 
75943 1 
75944 1 
75945 1 
75946 1 
75947 1 
75948 1 
75949 1 
75950 1 
75951 1 
75952 1 
75953 1 
75954 1 
75955 1 
75956 1 
75957 1 
75958 1 
75959 1 
75960 1 
75962 1 
77291 1 
77292 1 
77293 1 
77294 1 
77295 1 
77296 1 
77297 1 
77298 1 
77299 1 
77300 1 
77301 1 
77302 1 
77303 1 
77304 1 
77305 1 
77306 1 
77307 1 
77308 1 
77314 1 
77315 1 
77319 1 
77320 1 
77321 1 
77322 1 
77323 1 
79383 1 
79384 1 
79385 1 
79386 1 
79387 1 
79388 1 
79391 1 
79392 1 
79393 1 
79394 1 
79395 1 
79396 1 
79397 1 
79398 1 
79399 1 
79400 1 
79401 1 
79402 1 
79403 1 
79404 1 
79405 1 
79406 1 
79407 1 
79408 1 
79409 1 
79410 1 
79411 1 
79412 1 
79414 1 
80743 1 
80744 1 
80745 1 
80746 1 
80747 1 
80748 1 
80749 1 
80750 1 
80751 1 
80752 1 
80753 1 
80754 1 
80755 1 
80756 1 
80757 1 
80758 1 
80759 1 
80760 1 
80766 1 
80767 1 
80771 1 
80772 1 
80773 1 
80774 1 
80775 1 
82835 1 
82836 1 
82837 1 
82838 1 
82839 1 
82840 1 
82843 1 
82844 1 
82845 1 
82846 1 
82847 1 
82848 1 
82849 1 
82850 1 
82851 1 
82852 1 
82853 1 
82854 1 
82855 1 
82856 1 
82857 1 
82858 1 
82859 1 
82860 1 
82861 1 
82862 1 
82863 1 
82864 1 
82866 1 
84195 1 
84196 1 
84197 1 
84198 1 
84199 1 
84200 1 
84201 1 
84202 1 
84203 1 
84204 1 
84205 1 
84206 1 
84207 1 
84208 1 
84209 1 
84210 1 
84211 1 
84212 1 
84218 1 
84219 1 
84223 1 
84224 1 
84225 1 
84226 1 
84227 1 
86287 1 
86288 1 
86289 1 
86290 1 
86291 1 
86292 1 
86295 1 
86296 1 
86297 1 
86298 1 
86299 1 
86300 1 
86301 1 
86302 1 
86303 1 
86304 1 
86305 1 
86306 1 
86307 1 
86308 1 
86309 1 
86310 1 
86311 1 
86312 1 
86313 1 
86314 1 
86315 1 
86316 1 
86318 1 
87647 1 
87648 1 
87649 1 
87650 1 
87651 1 
87652 1 
87653 1 
87654 1 
87655 1 
87656 1 
87657 1 
87658 1 
87659 1 
87660 1 
87661 1 
87662 1 
87663 1 
87664 1 
87670 1 
87671 1 
87675 1 
87676 1 
87677 1 
87678 1 
87679 1 
89739 1 
89740 1 
89741 1 
89742 1 
89743 1 
89744 1 
89747 1 
89748 1 
89749 1 
89750 1 
89751 1 
89752 1 
89753 1 
89754 1 
89755 1 
89756 1 
89757 1 
89758 1 
89759 1 
89760 1 
89761 1 
89762 1 
89763 1 
89764 1 
89765 1 
89766 1 
89767 1 
89768 1 
89770 1 
91099 1 
91100 1 
91101 1 
91102 1 
91103 1 
91104 1 
91105 1 
91106 1 
91107 1 
91108 1 
91109 1 
91110 1 
91111 1 
91112 1 
91113 1 
91114 1 
91115 1 
91116 1 
91122 1 
91123 1 
91127 1 
91128 1 
91129 1 
91130 1 
91131 1 
93191 1 
93192 1 
93193 1 
93194 1 
93195 1 
93196 1 
93199 1 
93200 1 
93201 1 
93202 1 
93203 1 
93204 1 
93205 1 
93206 1 
93207 1 
93208 1 
93209 1 
93210 1 
93211 1 
93212 1 
93213 1 
93214 1 
93215 1 
93216 1 
93217 1 
93218 1 
93219 1 
93220 1 
93222 1 
94551 1 
94552 1 
94553 1 
94554 1 
94555 1 
94556 1 
94557 1 
94558 1 
94559 1 
94560 1 
94561 1 
94562 1 
94563 1 
94564 1 
94565 1 
94566 1 
94567 1 
94568 1 
94574 1 
94575 1 
94579 1 
94580 1 
94581 1 
94582 1 
94583 1 
96643 1 
96644 1 
96645 1 
96646 1 
96647 1 
96648 1 
96651 1 
96652 1 
96653 1 
96654 1 
96655 1 
96656 1 
96657 1 
96658 1 
96659 1 
96660 1 
96661 1 
96662 1 
96663 1 
96664 1 
96665 1 
96666 1 
96667 1 
96668 1 
96669 1 
96670 1 
96671 1 
96672 1 
96674 1 
98003 1 
98004 1 
98005 1 
98006 1 
98007 1 
98008 1 
98009 1 
98010 1 
98011 1 
98012 1 
98013 1 
98014 1 
98015 1 
98016 1 
98017 1 
98018 1 
98019 1 
98020 1 
98026 1 
98027 1 
98031 1 
98032 1 
98033 1 
98034 1 
98035 1 
100095 1 
100096 1 
100097 1 
100098 1 
100099 1 
100100 1 
100103 1 
100104 1 
100105 1 
100106 1 
100107 1 
100108 1 
100109 1 
100110 1 
100111 1 
100112 1 
100113 1 
100114 1 
100115 1 
100116 1 
100117 1 
100118 1 
100119 1 
100120 1 
100121 1 
100122 1 
100123 1 
100124 1 
100126 1 
101455 1 
101456 1 
101457 1 
101458 1 
101459 1 
101460 1 
101461 1 
101462 1 
101463 1 
101464 1 
101465 1 
101466 1 
101467 1 
101468 1 
101469 1 
101470 1 
101471 1 
101472 1 
101478 1 
101479 1 
101483 1 
101484 1 
101485 1 
101486 1 
101487 1 
103547 1 
103548 1 
103549 1 
103550 1 
103551 1 
103552 1 
103555 1 
103556 1 
103557 1 
103558 1 
103559 1 
103560 1 
103561 1 
103562 1 
103563 1 
103564 1 
103565 1 
103566 1 
103567 1 
103568 1 
103569 1 
103570 1 
103571 1 
103572 1 
103573 1 
103574 1 
103575 1 
103576 1 
103578 1 
104907 1 
104908 1 
104909 1 
104910 1 
104911 1 
104912 1 
104913 1 
104914 1 
104915 1 
104916 1 
104917 1 
104918 1 
104919 1 
104920 1 
104921 1 
104922 1 
104923 1 
104924 1 
104930 1 
104931 1 
104935 1 
104936 1 
104937 1 
104938 1 
104939 1 
106999 1 
107000 1 
107001 1 
107002 1 
107003 1 
107004 1 
107007 1 
107008 1 
107009 1 
107010 1 
107011 1 
107012 1 
107013 1 
107014 1 
107015 1 
107016 1 
107017 1 
107018 1 
107019 1 
107020 1 
107021 1 
107022 1 
107023 1 
107024 1 
107025 1 
107026 1 
107027 1 
107028 1 
107030 1 
108359 1 
108360 1 
108361 1 
108362 1 
108363 1 
108364 1 
108365 1 
108366 1 
108367 1 
108368 1 
108369 1 
108370 1 
108371 1 
108372 1 
108373 1 
108374 1 
108375 1 
108376 1 
108382 1 
108383 1 
108387 1 
108388 1 
108389 1 
108390 1 
108391 1 
110451 1 
110452 1 
110453 1 
110454 1 
110455 1 
110456 1 
110459 1 
110460 1 
110461 1 
110462 1 
110463 1 
110464 1 
110465 1 
110466 1 
110467 1 
110468 1 
110469 1 
110470 1 
110471 1 
110472 1 
110473 1 
110474 1 
110475 1 
110476 1 
110477 1 
110478 1 
110479 1 
110480 1 
110482 1 
111811 1 
111812 1 
111813 1 
111814 1 
111815 1 
111816 1 
111817 1 
111818 1 
111819 1 
111820 1 
111821 1 
111822 1 
111823 1 
111824 1 
111825 1 
111826 1 
111827 1 
111828 1 
111834 1 
111835 1 
111839 1 
111840 1 
111841 1 
111842 1 
111843 1 
113903 1 
113904 1 
113905 1 
113906 1 
113907 1 
113908 1 
113911 1 
113912 1 
113913 1 
113914 1 
113915 1 
113916 1 
113917 1 
113918 1 
113919 1 
113920 1 
113921 1 
113922 1 
113923 1 
113924 1 
113925 1 
113926 1 
113927 1 
113928 1 
113929 1 
113930 1 
113931 1 
113932 1 
113934 1 
115263 1 
115264 1 
115265 1 
115266 1 
115267 1 
115268 1 
115269 1 
115270 1 
115271 1 
115272 1 
115273 1 
115274 1 
115275 1 
115276 1 
115277 1 
115278 1 
115279 1 
115280 1 
115286 1 
115287 1 
115291 1 
115292 1 
115293 1 
115294 1 
115295 1 
117355 1 
117356 1 
117357 1 
117358 1 
117359 1 
117360 1 
117363 1 
117364 1 
117365 1 
117366 1 
117367 1 
117368 1 
117369 1 
117370 1 
117371 1 
117372 1 
117373 1 
117374 1 
117375 1 
117376 1 
117377 1 
117378 1 
117379 1 
117380 1 
117381 1 
117382 1 
117383 1 
117384 1 
117386 1 
118715 1 
118716 1 
118717 1 
118718 1 
118719 1 
118720 1 
118721 1 
118722 1 
118723 1 
118724 1 
118725 1 
118726 1 
118727 1 
118728 1 
118729 1 
118730 1 
118731 1 
118732 1 
118738 1 
118739 1 
118743 1 
118744 1 
118745 1 
118746 1 
118747 1 
120807 1 
120808 1 
120809 1 
120810 1 
120811 1 
120812 1 
120815 1 
120816 1 
120817 1 
120818 1 
120819 1 
120820 1 
120821 1 
120822 1 
120823 1 
120824 1 
120825 1 
120826 1 
120827 1 
120828 1 
120829 1 
120830 1 
120831 1 
120832 1 
120833 1 
120834 1 
120835 1 
120836 1 
120838 1 
122167 1 
122168 1 
122169 1 
122170 1 
122171 1 
122172 1 
122173 1 
122174 1 
122175 1 
122176 1 
122177 1 
122178 1 
122179 1 
122180 1 
122181 1 
122182 1 
122183 1 
122184 1 
122190 1 
122191 1 
122195 1 
122196 1 
122197 1 
122198 1 
122199 1 
124259 1 
124260 1 
124261 1 
124262 1 
124263 1 
124264 1 
124267 1 
124268 1 
124269 1 
124270 1 
124271 1 
124272 1 
124273 1 
124274 1 
124275 1 
124276 1 
124277 1 
124278 1 
124279 1 
124280 1 
124281 1 
124282 1 
124283 1 
124284 1 
124285 1 
124286 1 
124287 1 
124288 1 
124290 1 
125619 1 
125620 1 
125621 1 
125622 1 
125623 1 
125624 1 
125625 1 
125626 1 
125627 1 
125628 1 
125629 1 
125630 1 
125631 1 
125632 1 
125633 1 
125634 1 
125635 1 
125636 1 
125642 1 
125643 1 
125647 1 
125648 1 
125649 1 
125650 1 
125651 1 
127711 1 
127712 1 
127713 1 
127714 1 
127715 1 
127716 1 
127719 1 
127720 1 
127721 1 
127722 1 
127723 1 
127724 1 
127725 1 
127726 1 
127727 1 
127728 1 
127729 1 
127730 1 
127731 1 
127732 1 
127733 1 
127734 1 
127735 1 
127736 1 
127737 1 
127738 1 
127739 1 
127740 1 
127742 1 
129071 1 
129072 1 
129073 1 
129074 1 
129075 1 
129076 1 
129077 1 
129078 1 
129079 1 
129080 1 
129081 1 
129082 1 
129083 1 
129084 1 
129085 1 
129086 1 
129087 1 
129088 1 
129094 1 
129095 1 
129099 1 
129100 1 
129101 1 
129102 1 
129103 1 
131163 1 
131164 1 
131165 1 
131166 1 
131167 1 
131168 1 
131171 1 
131172 1 
131173 1 
131174 1 
131175 1 
131176 1 
131177 1 
131178 1 
131179 1 
131180 1 
131181 1 
131182 1 
131183 1 
131184 1 
131185 1 
131186 1 
131187 1 
131188 1 
131189 1 
131190 1 
131191 1 
131192 1 
131194 1 
132523 1 
132524 1 
132525 1 
132526 1 
132527 1 
132528 1 
132529 1 
132530 1 
132531 1 
132532 1 
132533 1 
132534 1 
132535 1 
132536 1 
132537 1 
132538 1 
132539 1 
132540 1 
132546 1 
132547 1 
132551 1 
132552 1 
132553 1 
132554 1 
132555 1 
134615 1 
134616 1 
134617 1 
134618 1 
134619 1 
134620 1 
134623 1 
134624 1 
134625 1 
134626 1 
134627 1 
134628 1 
134629 1 
134630 1 
134631 1 
134632 1 
134633 1 
134634 1 
134635 1 
134636 1 
134637 1 
134638 1 
134639 1 
134640 1 
134641 1 
134642 1 
134643 1 
134644 1 
134646 1 
135975 1 
135976 1 
135977 1 
135978 1 
135979 1 
135980 1 
135981 1 
135982 1 
135983 1 
135984 1 
135985 1 
135986 1 
135987 1 
135988 1 
135989 1 
135990 1 
135991 1 
135992 1 
135998 1 
135999 1 
136003 1 
136004 1 
136005 1 
136006 1 
136007 1 
138067 1 
138068 1 
138069 1 
138070 1 
138071 1 
138072 1 
138075 1 
138076 1 
138077 1 
138078 1 
138079 1 
138080 1 
138081 1 
138082 1 
138083 1 
138084 1 
138085 1 
138086 1 
138087 1 
138088 1 
138089 1 
138090 1 
138091 1 
138092 1 
138093 1 
138094 1 
138095 1 
138096 1 
138098 1 
139427 1 
139428 1 
139429 1 
139430 1 
139431 1 
139432 1 
139433 1 
139434 1 
139435 1 
139436 1 
139437 1 
139438 1 
139439 1 
139440 1 
139441 1 
139442 1 
139443 1 
139444 1 
139450 1 
139451 1 
139455 1 
139456 1 
139457 1 
139458 1 
139459 1 
141519 1 
141520 1 
141521 1 
141522 1 
141523 1 
141524 1 
141527 1 
141528 1 
141529 1 
141530 1 
141531 1 
141532 1 
141533 1 
141534 1 
141535 1 
141536 1 
141537 1 
141538 1 
141539 1 
141540 1 
141541 1 
141542 1 
141543 1 
141544 1 
141545 1 
141546 1 
141547 1 
141548 1 
141550 1 
142879 1 
142880 1 
142881 1 
142882 1 
142883 1 
142884 1 
142885 1 
142886 1 
142887 1 
142888 1 
142889 1 
142890 1 
142891 1 
142892 1 
142893 1 
142894 1 
142895 1 
142896 1 
142902 1 
142903 1 
142907 1 
142908 1 
142909 1 
142910 1 
142911 1 
144971 1 
144972 1 
144973 1 
144974 1 
144975 1 
144976 1 
144979 1 
144980 1 
144981 1 
144982 1 
144983 1 
144984 1 
144985 1 
144986 1 
144987 1 
144988 1 
144989 1 
144990 1 
144991 1 
144992 1 
144993 1 
144994 1 
144995 1 
144996 1 
144997 1 
144998 1 
144999 1 
145000 1 
145002 1 
146331 1 
146332 1 
146333 1 
146334 1 
146335 1 
146336 1 
146337 1 
146338 1 
146339 1 
146340 1 
146341 1 
146342 1 
146343 1 
146344 1 
146345 1 
146346 1 
146347 1 
146348 1 
146354 1 
146355 1 
146359 1 
146360 1 
146361 1 
146362 1 
146363 1 
148423 1 
148424 1 
148425 1 
148426 1 
148427 1 
148428 1 
148431 1 
148432 1 
148433 1 
148434 1 
148435 1 
148436 1 
148437 1 
148438 1 
148439 1 
148440 1 
148441 1 
148442 1 
148443 1 
148444 1 
148445 1 
148446 1 
148447 1 
148448 1 
148449 1 
148450 1 
148451 1 
148452 1 
148454 1 
149783 1 
149784 1 
149785 1 
149786 1 
149787 1 
149788 1 
149789 1 
149790 1 
149791 1 
149792 1 
149793 1 
149794 1 
149795 1 
149796 1 
149797 1 
149798 1 
149799 1 
149800 1 
149806 1 
149807 1 
149811 1 
149812 1 
149813 1 
149814 1 
149815 1 
151875 1 
151876 1 
151877 1 
151878 1 
151879 1 
151880 1 
151883 1 
151884 1 
151885 1 
151886 1 
151887 1 
151888 1 
151889 1 
151890 1 
151891 1 
151892 1 
151893 1 
151894 1 
151895 1 
151896 1 
151897 1 
151898 1 
151899 1 
151900 1 
151901 1 
151902 1 
151903 1 
151904 1 
151906 1 
153235 1 
153236 1 
153237 1 
153238 1 
153239 1 
153240 1 
153241 1 
153242 1 
153243 1 
153244 1 
153245 1 
153246 1 
153247 1 
153248 1 
153249 1 
153250 1 
153251 1 
153252 1 
153258 1 
153259 1 
153263 1 
153264 1 
153265 1 
153266 1 
153267 1 
155327 1 
155328 1 
155329 1 
155330 1 
155331 1 
155332 1 
155335 1 
155336 1 
155337 1 
155338 1 
155339 1 
155340 1 
155341 1 
155342 1 
155343 1 
155344 1 
155345 1 
155346 1 
155347 1 
155348 1 
155349 1 
155350 1 
155351 1 
155352 1 
155353 1 
155354 1 
155355 1 
155356 1 
155358 1 
156687 1 
156688 1 
156689 1 
156690 1 
156691 1 
156692 1 
156693 1 
156694 1 
156695 1 
156696 1 
156697 1 
156698 1 
156699 1 
156700 1 
156701 1 
156702 1 
156703 1 
156704 1 
156710 1 
156711 1 
156715 1 
156716 1 
156717 1 
156718 1 
156719 1 
158779 1 
158780 1 
158781 1 
158782 1 
158783 1 
158784 1 
158787 1 
158788 1 
158789 1 
158790 1 
158791 1 
158792 1 
158793 1 
158794 1 
158795 1 
158796 1 
158797 1 
158798 1 
158799 1 
158800 1 
158801 1 
158802 1 
158803 1 
158804 1 
158805 1 
158806 1 
158807 1 
158808 1 
158810 1 
160139 1 
160140 1 
160141 1 
160142 1 
160143 1 
160144 1 
160145 1 
160146 1 
160147 1 
160148 1 
160149 1 
160150 1 
160151 1 
160152 1 
160153 1 
160154 1 
160155 1 
160156 1 
160162 1 
160163 1 
160167 1 
160168 1 
160169 1 
160170 1 
160171 1 
162231 1 
162232 1 
162233 1 
162234 1 
162235 1 
162236 1 
162239 1 
162240 1 
162241 1 
162242 1 
162243 1 
162244 1 
162245 1 
162246 1 
162247 1 
162248 1 
162249 1 
162250 1 
162251 1 
162252 1 
162253 1 
162254 1 
162255 1 
162256 1 
162257 1 
162258 1 
162259 1 
162260 1 
162262 1 
163591 1 
163592 1 
163593 1 
163594 1 
163595 1 
163596 1 
163597 1 
163598 1 
163599 1 
163600 1 
163601 1 
163602 1 
163603 1 
163604 1 
163605 1 
163606 1 
163607 1 
163608 1 
163614 1 
163615 1 
163619 1 
163620 1 
163621 1 
163622 1 
163623 1 
165683 1 
165684 1 
165685 1 
165686 1 
165687 1 
165688 1 
165691 1 
165692 1 
165693 1 
165694 1 
165695 1 
165696 1 
165697 1 
165698 1 
165699 1 
165700 1 
165701 1 
165702 1 
165703 1 
165704 1 
165705 1 
165706 1 
165707 1 
165708 1 
165709 1 
165710 1 
165711 1 
165712 1 
165714 1 
167043 1 
167044 1 
167045 1 
167046 1 
167047 1 
167048 1 
167049 1 
167050 1 
167051 1 
167052 1 
167053 1 
167054 1 
167055 1 
167056 1 
167057 1 
167058 1 
167059 1 
167060 1 
167066 1 
167067 1 
167071 1 
167072 1 
167073 1 
167074 1 
167075 1 
169135 1 
169136 1 
169137 1 
169138 1 
169139 1 
169140 1 
169143 1 
169144 1 
169145 1 
169146 1 
169147 1 
169148 1 
169149 1 
169150 1 
169151 1 
169152 1 
169153 1 
169154 1 
169155 1 
169156 1 
169157 1 
169158 1 
169159 1 
169160 1 
169161 1 
169162 1 
169163 1 
169164 1 
169166 1 
170495 1 
170496 1 
170497 1 
170498 1 
170499 1 
170500 1 
170501 1 
170502 1 
170503 1 
170504 1 
170505 1 
170506 1 
170507 1 
170508 1 
170509 1 
170510 1 
170511 1 
170512 1 
170518 1 
170519 1 
170523 1 
170524 1 
170525 1 
170526 1 
170527 1 
172587 1 
172588 1 
172589 1 
172590 1 
172591 1 
172592 1 
172595 1 
172596 1 
172597 1 
172598 1 
172599 1 
172600 1 
172601 1 
172602 1 
172603 1 
172604 1 
172605 1 
172606 1 
172607 1 
172608 1 
172609 1 
172610 1 
172611 1 
172612 1 
172613 1 
172614 1 
172615 1 
172616 1 
172618 1 
173947 1 
173948 1 
173949 1 
173950 1 
173951 1 
173952 1 
173953 1 
173954 1 
173955 1 
173956 1 
173957 1 
173958 1 
173959 1 
173960 1 
173961 1 
173962 1 
173963 1 
173964 1 
173970 1 
173971 1 
173975 1 
173976 1 
173977 1 
173978 1 
173979 1 
176039 1 
176040 1 
176041 1 
176042 1 
176043 1 
176044 1 
176047 1 
176048 1 
176049 1 
176050 1 
176051 1 
176052 1 
176053 1 
176054 1 
176055 1 
176056 1 
176057 1 
176058 1 
176059 1 
176060 1 
176061 1 
176062 1 
176063 1 
176064 1 
176065 1 
176066 1 
176067 1 
176068 1 
176070 1 
177399 1 
177400 1 
177401 1 
177402 1 
177403 1 
177404 1 
177405 1 
177406 1 
177407 1 
177408 1 
177409 1 
177410 1 
177411 1 
177412 1 
177413 1 
177414 1 
177415 1 
177416 1 
177422 1 
177423 1 
177427 1 
177428 1 
177429 1 
177430 1 
177431 1 
179491 1 
179492 1 
179493 1 
179494 1 
179495 1 
179496 1 
179499 1 
179500 1 
179501 1 
179502 1 
179503 1 
179504 1 
179505 1 
179506 1 
179507 1 
179508 1 
179509 1 
179510 1 
179511 1 
179512 1 
179513 1 
179514 1 
179515 1 
179516 1 
179517 1 
179518 1 
179519 1 
179520 1 
179522 1 
180851 1 
180852 1 
180853 1 
180854 1 
180855 1 
180856 1 
180857 1 
180858 1 
180859 1 
180860 1 
180861 1 
180862 1 
180863 1 
180864 1 
180865 1 
180866 1 
180867 1 
180868 1 
180874 1 
180875 1 
180879 1 
180880 1 
180881 1 
180882 1 
180883 1 
182943 1 
182944 1 
182945 1 
182946 1 
182947 1 
182948 1 
182951 1 
182952 1 
182953 1 
182954 1 
182955 1 
182956 1 
182957 1 
182958 1 
182959 1 
182960 1 
182961 1 
182962 1 
182963 1 
182964 1 
182965 1 
182966 1 
182967 1 
182968 1 
182969 1 
182970 1 
182971 1 
182972 1 
182974 1 
184303 1 
184304 1 
184305 1 
184306 1 
184307 1 
184308 1 
184309 1 
184310 1 
184311 1 
184312 1 
184313 1 
184314 1 
184315 1 
184316 1 
184317 1 
184318 1 
184319 1 
184320 1 
184326 1 
184327 1 
184331 1 
184332 1 
184333 1 
184334 1 
184335 1 
186395 1 
186396 1 
186397 1 
186398 1 
186399 1 
186400 1 
186403 1 
186404 1 
186405 1 
186406 1 
186407 1 
186408 1 
186409 1 
186410 1 
186411 1 
186412 1 
186413 1 
186414 1 
186415 1 
186416 1 
186417 1 
186418 1 
186419 1 
186420 1 
186421 1 
186422 1 
186423 1 
186424 1 
186426 1 
187755 1 
187756 1 
187757 1 
187758 1 
187759 1 
187760 1 
187761 1 
187762 1 
187763 1 
187764 1 
187765 1 
187766 1 
187767 1 
187768 1 
187769 1 
187770 1 
187771 1 
187772 1 
187778 1 
187779 1 
187783 1 
187784 1 
187785 1 
187786 1 
187787 1 
189847 1 
189848 1 
189849 1 
189850 1 
189851 1 
189852 1 
189855 1 
189856 1 
189857 1 
189858 1 
189859 1 
189860 1 
189861 1 
189862 1 
189863 1 
189864 1 
189865 1 
189866 1 
189867 1 
189868 1 
189869 1 
189870 1 
189871 1 
189872 1 
189873 1 
189874 1 
189875 1 
189876 1 
189878 1 
191207 1 
191208 1 
191209 1 
191210 1 
191211 1 
191212 1 
191213 1 
191214 1 
191215 1 
191216 1 
191217 1 
191218 1 
191219 1 
191220 1 
191221 1 
191222 1 
191223 1 
191224 1 
191230 1 
191231 1 
191235 1 
191236 1 
191237 1 
191238 1 
191239 1 
193299 1 
193300 1 
193301 1 
193302 1 
193303 1 
193304 1 
193307 1 
193308 1 
193309 1 
193310 1 
193311 1 
193312 1 
193313 1 
193314 1 
193315 1 
193316 1 
193317 1 
193318 1 
193319 1 
193320 1 
193321 1 
193322 1 
193323 1 
193324 1 
193325 1 
193326 1 
193327 1 
193328 1 
193330 1 
194659 1 
194660 1 
194661 1 
194662 1 
194663 1 
194664 1 
194665 1 
194666 1 
194667 1 
194668 1 
194669 1 
194670 1 
194671 1 
194672 1 
194673 1 
194674 1 
194675 1 
194676 1 
194682 1 
194683 1 
194687 1 
194688 1 
194689 1 
194690 1 
194691 1 
196751 1 
196752 1 
196753 1 
196754 1 
196755 1 
196756 1 
196759 1 
196760 1 
196761 1 
196762 1 
196763 1 
196764 1 
196765 1 
196766 1 
196767 1 
196768 1 
196769 1 
196770 1 
196771 1 
196772 1 
196773 1 
196774 1 
196775 1 
196776 1 
196777 1 
196778 1 
196779 1 
196780 1 
196782 1 
198111 1 
198112 1 
198113 1 
198114 1 
198115 1 
198116 1 
198117 1 
198118 1 
198119 1 
198120 1 
198121 1 
198122 1 
198123 1 
198124 1 
198125 1 
198126 1 
198127 1 
198128 1 
198134 1 
198135 1 
198139 1 
198140 1 
198141 1 
198142 1 
198143 1 
200203 1 
200204 1 
200205 1 
200206 1 
200207 1 
200208 1 
200211 1 
200212 1 
200213 1 
200214 1 
200215 1 
200216 1 
200217 1 
200218 1 
200219 1 
200220 1 
200221 1 
200222 1 
200223 1 
200224 1 
200225 1 
200226 1 
200227 1 
200228 1 
200229 1 
200230 1 
200231 1 
200232 1 
200234 1 
201563 1 
201564 1 
201565 1 
201566 1 
201567 1 
201568 1 
201569 1 
201570 1 
201571 1 
201572 1 
201573 1 
201574 1 
201575 1 
201576 1 
201577 1 
201578 1 
201579 1 
201580 1 
201586 1 
201587 1 
201591 1 
201592 1 
201593 1 
201594 1 
201595 1 
203655 1 
203656 1 
203657 1 
203658 1 
203659 1 
203660 1 
203663 1 
203664 1 
203665 1 
203666 1 
203667 1 
203668 1 
203669 1 
203670 1 
203671 1 
203672 1 
203673 1 
203674 1 
203675 1 
203676 1 
203677 1 
203678 1 
203679 1 
203680 1 
203681 1 
203682 1 
203683 1 
203684 1 
203686 1 
205015 1 
205016 1 
205017 1 
205018 1 
205019 1 
205020 1 
205021 1 
205022 1 
205023 1 
205024 1 
205025 1 
205026 1 
205027 1 
205028 1 
205029 1 
205030 1 
205031 1 
205032 1 
205038 1 
205039 1 
205043 1 
205044 1 
205045 1 
205046 1 
205047 1 
207107 1 
207108 1 
207109 1 
207110 1 
207111 1 
207112 1 
207115 1 
207116 1 
207117 1 
207118 1 
207119 1 
207120 1 
207121 1 
207122 1 
207123 1 
207124 1 
207125 1 
207126 1 
207127 1 
207128 1 
207129 1 
207130 1 
207131 1 
207132 1 
207133 1 
207134 1 
207135 1 
207136 1 
207138 1 
208467 1 
208468 1 
208469 1 
208470 1 
208471 1 
208472 1 
208473 1 
208474 1 
208475 1 
208476 1 
208477 1 
208478 1 
208479 1 
208480 1 
208481 1 
208482 1 
208483 1 
208484 1 
208490 1 
208491 1 
208495 1 
208496 1 
208497 1 
208498 1 
208499 1 
210559 1 
210560 1 
210561 1 
210562 1 
210563 1 
210564 1 
210567 1 
210568 1 
210569 1 
210570 1 
210571 1 
210572 1 
210573 1 
210574 1 
210575 1 
210576 1 
210577 1 
210578 1 
210579 1 
210580 1 
210581 1 
210582 1 
210583 1 
210584 1 
210585 1 
210586 1 
210587 1 
210588 1 
210590 1 
211919 1 
211920 1 
211921 1 
211922 1 
211923 1 
211924 1 
211925 1 
211926 1 
211927 1 
211928 1 
211929 1 
211930 1 
211931 1 
211932 1 
211933 1 
211934 1 
211935 1 
211936 1 
211942 1 
211943 1 
211947 1 
211948 1 
211949 1 
211950 1 
211951 1 
214011 1 
214012 1 
214013 1 
214014 1 
214015 1 
214016 1 
214019 1 
214020 1 
214021 1 
214022 1 
214023 1 
214024 1 
214025 1 
214026 1 
214027 1 
214028 1 
214029 1 
214030 1 
214031 1 
214032 1 
214033 1 
214034 1 
214035 1 
214036 1 
214037 1 
214038 1 
214039 1 
214040 1 
214042 1 
215371 1 
215372 1 
215373 1 
215374 1 
215375 1 
215376 1 
215377 1 
215378 1 
215379 1 
215380 1 
215381 1 
215382 1 
215383 1 
215384 1 
215385 1 
215386 1 
215387 1 
215388 1 
215394 1 
215395 1 
215399 1 
215400 1 
215401 1 
215402 1 
215403 1 
217463 1 
217464 1 
217465 1 
217466 1 
217467 1 
217468 1 
217471 1 
217472 1 
217473 1 
217474 1 
217475 1 
217476 1 
217477 1 
217478 1 
217479 1 
217480 1 
217481 1 
217482 1 
217483 1 
217484 1 
217485 1 
217486 1 
217487 1 
217488 1 
217489 1 
217490 1 
217491 1 
217492 1 
217494 1 
218823 1 
218824 1 
218825 1 
218826 1 
218827 1 
218828 1 
218829 1 
218830 1 
218831 1 
218832 1 
218833 1 
218834 1 
218835 1 
218836 1 
218837 1 
218838 1 
218839 1 
218840 1 
218846 1 
218847 1 
218851 1 
218852 1 
218853 1 
218854 1 
218855 1 
220915 1 
220916 1 
220917 1 
220918 1 
220919 1 
220920 1 
220923 1 
220924 1 
220925 1 
220926 1 
220927 1 
220928 1 
220929 1 
220930 1 
220931 1 
220932 1 
220933 1 
220934 1 
220935 1 
220936 1 
220937 1 
220938 1 
220939 1 
220940 1 
220941 1 
220942 1 
220943 1 
220944 1 
220946 1 
222275 1 
222276 1 
222277 1 
222278 1 
222279 1 
222280 1 
222281 1 
222282 1 
222283 1 
222284 1 
222285 1 
222286 1 
222287 1 
222288 1 
222289 1 
222290 1 
222291 1 
222292 1 
222298 1 
222299 1 
222303 1 
222304 1 
222305 1 
222306 1 
222307 1 
224367 1 
224368 1 
224369 1 
224370 1 
224371 1 
224372 1 
224375 1 
224376 1 
224377 1 
224378 1 
224379 1 
224380 1 
224381 1 
224382 1 
224383 1 
224384 1 
224385 1 
224386 1 
224387 1 
224388 1 
224389 1 
224390 1 
224391 1 
224392 1 
224393 1 
224394 1 
224395 1 
224396 1 
224398 1 
225727 1 
225728 1 
225729 1 
225730 1 
225731 1 
225732 1 
225733 1 
225734 1 
225735 1 
225736 1 
225737 1 
225738 1 
225739 1 
225740 1 
225741 1 
225742 1 
225743 1 
225744 1 
225750 1 
225751 1 
225755 1 
225756 1 
225757 1 
225758 1 
225759 1 
227819 1 
227820 1 
227821 1 
227822 1 
227823 1 
227824 1 
227827 1 
227828 1 
227829 1 
227830 1 
227831 1 
227832 1 
227833 1 
227834 1 
227835 1 
227836 1 
227837 1 
227838 1 
227839 1 
227840 1 
227841 1 
227842 1 
227843 1 
227844 1 
227845 1 
227846 1 
227847 1 
227848 1 
227850 1 
229179 1 
229180 1 
229181 1 
229182 1 
229183 1 
229184 1 
229185 1 
229186 1 
229187 1 
229188 1 
229189 1 
229190 1 
229191 1 
229192 1 
229193 1 
229194 1 
229195 1 
229196 1 
229202 1 
229203 1 
229207 1 
229208 1 
229209 1 
229210 1 
229211 1 
231271 1 
231272 1 
231273 1 
231274 1 
231275 1 
231276 1 
231279 1 
231280 1 
231281 1 
231282 1 
231283 1 
231284 1 
231285 1 
231286 1 
231287 1 
231288 1 
231289 1 
231290 1 
231291 1 
231292 1 
231293 1 
231294 1 
231295 1 
231296 1 
231297 1 
231298 1 
231299 1 
231300 1 
231302 1 
232631 1 
232632 1 
232633 1 
232634 1 
232635 1 
232636 1 
232637 1 
232638 1 
232639 1 
232640 1 
232641 1 
232642 1 
232643 1 
232644 1 
232645 1 
232646 1 
232647 1 
232648 1 
232654 1 
232655 1 
232659 1 
232660 1 
232661 1 
232662 1 
232663 1 
234723 1 
234724 1 
234725 1 
234726 1 
234727 1 
234728 1 
234731 1 
234732 1 
234733 1 
234734 1 
234735 1 
234736 1 
234737 1 
234738 1 
234739 1 
234740 1 
234741 1 
234742 1 
234743 1 
234744 1 
234745 1 
234746 1 
234747 1 
234748 1 
234749 1 
234750 1 
234751 1 
234752 1 
234754 1 
236083 1 
236084 1 
236085 1 
236086 1 
236087 1 
236088 1 
236089 1 
236090 1 
236091 1 
236092 1 
236093 1 
236094 1 
236095 1 
236096 1 
236097 1 
236098 1 
236099 1 
236100 1 
236106 1 
236107 1 
236111 1 
236112 1 
236113 1 
236114 1 
236115 1 
238175 1 
238176 1 
238177 1 
238178 1 
238179 1 
238180 1 
238183 1 
238184 1 
238185 1 
238186 1 
238187 1 
238188 1 
238189 1 
238190 1 
238191 1 
238192 1 
238193 1 
238194 1 
238195 1 
238196 1 
238197 1 
238198 1 
238199 1 
238200 1 
238201 1 
238202 1 
238203 1 
238204 1 
238206 1 
239535 1 
239536 1 
239537 1 
239538 1 
239539 1 
239540 1 
239541 1 
239542 1 
239543 1 
239544 1 
239545 1 
239546 1 
239547 1 
239548 1 
239549 1 
239550 1 
239551 1 
239552 1 
239558 1 
239559 1 
239563 1 
239564 1 
239565 1 
239566 1 
239567 1 
241627 1 
241628 1 
241629 1 
241630 1 
241631 1 
241632 1 
241635 1 
241636 1 
241637 1 
241638 1 
241639 1 
241640 1 
241641 1 
241642 1 
241643 1 
241644 1 
241645 1 
241646 1 
241647 1 
241648 1 
241649 1 
241650 1 
241651 1 
241652 1 
241653 1 
241654 1 
241655 1 
241656 1 
241658 1 
242987 1 
242988 1 
242989 1 
242990 1 
242991 1 
242992 1 
242993 1 
242994 1 
242995 1 
242996 1 
242997 1 
242998 1 
242999 1 
243000 1 
243001 1 
243002 1 
243003 1 
243004 1 
243010 1 
243011 1 
243015 1 
243016 1 
243017 1 
243018 1 
243019 1 
245079 1 
245080 1 
245081 1 
245082 1 
245083 1 
245084 1 
245087 1 
245088 1 
245089 1 
245090 1 
245091 1 
245092 1 
245093 1 
245094 1 
245095 1 
245096 1 
245097 1 
245098 1 
245099 1 
245100 1 
245101 1 
245102 1 
245103 1 
245104 1 
245105 1 
245106 1 
245107 1 
245108 1 
245110 1 
246439 1 
246440 1 
246441 1 
246442 1 
246443 1 
246444 1 
246445 1 
246446 1 
246447 1 
246448 1 
246449 1 
246450 1 
246451 1 
246452 1 
246453 1 
246454 1 
246455 1 
246456 1 
246462 1 
246463 1 
246467 1 
246468 1 
246469 1 
246470 1 
246471 1 
248531 1 
248532 1 
248533 1 
248534 1 
248535 1 
248536 1 
248539 1 
248540 1 
248541 1 
248542 1 
248543 1 
248544 1 
248545 1 
248546 1 
248547 1 
248548 1 
248549 1 
248550 1 
248551 1 
248552 1 
248553 1 
248554 1 
248555 1 
248556 1 
248557 1 
248558 1 
248559 1 
248560 1 
248562 1 
249891 1 
249892 1 
249893 1 
249894 1 
249895 1 
249896 1 
249897 1 
249898 1 
249899 1 
249900 1 
249901 1 
249902 1 
249903 1 
249904 1 
249905 1 
249906 1 
249907 1 
249908 1 
249914 1 
249915 1 
249919 1 
249920 1 
249921 1 
249922 1 
249923 1 
251983 1 
251984 1 
251985 1 
251986 1 
251987 1 
251988 1 
251991 1 
251992 1 
251993 1 
251994 1 
251995 1 
251996 1 
251997 1 
251998 1 
251999 1 
252000 1 
252001 1 
252002 1 
252003 1 
252004 1 
252005 1 
252006 1 
252007 1 
252008 1 
252009 1 
252010 1 
252011 1 
252012 1 
252014 1 
253343 1 
253344 1 
253345 1 
253346 1 
253347 1 
253348 1 
253349 1 
253350 1 
253351 1 
253352 1 
253353 1 
253354 1 
253355 1 
253356 1 
253357 1 
253358 1 
253359 1 
253360 1 
253366 1 
253367 1 
253371 1 
253372 1 
253373 1 
253374 1 
253375 1 
255435 1 
255436 1 
255437 1 
255438 1 
255439 1 
255440 1 
255443 1 
255444 1 
255445 1 
255446 1 
255447 1 
255448 1 
255449 1 
255450 1 
255451 1 
255452 1 
255453 1 
255454 1 
255455 1 
255456 1 
255457 1 
255458 1 
255459 1 
255460 1 
255461 1 
255462 1 
255463 1 
255464 1 
255466 1 
256795 1 
256796 1 
256797 1 
256798 1 
256799 1 
256800 1 
256801 1 
256802 1 
256803 1 
256804 1 
256805 1 
256806 1 
256807 1 
256808 1 
256809 1 
256810 1 
256811 1 
256812 1 
256818 1 
256819 1 
256823 1 
256824 1 
256825 1 
256826 1 
256827 1 
258887 1 
258888 1 
258889 1 
258890 1 
258891 1 
258892 1 
258895 1 
258896 1 
258897 1 
258898 1 
258899 1 
258900 1 
258901 1 
258902 1 
258903 1 
258904 1 
258905 1 
258906 1 
258907 1 
258908 1 
258909 1 
258910 1 
258911 1 
258912 1 
258913 1 
258914 1 
258915 1 
258916 1 
258918 1 
260247 1 
260248 1 
260249 1 
260250 1 
260251 1 
260252 1 
260253 1 
260254 1 
260255 1 
260256 1 
260257 1 
260258 1 
260259 1 
260260 1 
260261 1 
260262 1 
260263 1 
260264 1 
260270 1 
260271 1 
260275 1 
260276 1 
260277 1 
260278 1 
260279 1 
262339 1 
262340 1 
262341 1 
262342 1 
262343 1 
262344 1 
262347 1 
262348 1 
262349 1 
262350 1 
262351 1 
262352 1 
262353 1 
262354 1 
262355 1 
262356 1 
262357 1 
262358 1 
262359 1 
262360 1 
262361 1 
262362 1 
262363 1 
262364 1 
262365 1 
262366 1 
262367 1 
262368 1 
262370 1 
263699 1 
263700 1 
263701 1 
263702 1 
263703 1 
263704 1 
263705 1 
263706 1 
263707 1 
263708 1 
263709 1 
263710 1 
263711 1 
263712 1 
263713 1 
263714 1 
263715 1 
263716 1 
263722 1 
263723 1 
263727 1 
263728 1 
263729 1 
263730 1 
263731 1 
265791 1 
265792 1 
265793 1 
265794 1 
265795 1 
265796 1 
265799 1 
265800 1 
265801 1 
265802 1 
265803 1 
265804 1 
265805 1 
265806 1 
265807 1 
265808 1 
265809 1 
265810 1 
265811 1 
265812 1 
265813 1 
265814 1 
265815 1 
265816 1 
265817 1 
265818 1 
265819 1 
265820 1 
265822 1 
267151 1 
267152 1 
267153 1 
267154 1 
267155 1 
267156 1 
267157 1 
267158 1 
267159 1 
267160 1 
267161 1 
267162 1 
267163 1 
267164 1 
267165 1 
267166 1 
267167 1 
267168 1 
267174 1 
267175 1 
267179 1 
267180 1 
267181 1 
267182 1 
267183 1 
269243 1 
269244 1 
269245 1 
269246 1 
269247 1 
269248 1 
269251 1 
269252 1 
269253 1 
269254 1 
269255 1 
269256 1 
269257 1 
269258 1 
269259 1 
269260 1 
269261 1 
269262 1 
269263 1 
269264 1 
269265 1 
269266 1 
269267 1 
269268 1 
269269 1 
269270 1 
269271 1 
269272 1 
269274 1 
270603 1 
270604 1 
270605 1 
270606 1 
270607 1 
270608 1 
270609 1 
270610 1 
270611 1 
270612 1 
270613 1 
270614 1 
270615 1 
270616 1 
270617 1 
270618 1 
270619 1 
270620 1 
270626 1 
270627 1 
270631 1 
270632 1 
270633 1 
270634 1 
270635 1 
272695 1 
272696 1 
272697 1 
272698 1 
272699 1 
272700 1 
272703 1 
272704 1 
272705 1 
272706 1 
272707 1 
272708 1 
272709 1 
272710 1 
272711 1 
272712 1 
272713 1 
272714 1 
272715 1 
272716 1 
272717 1 
272718 1 
272719 1 
272720 1 
272721 1 
272722 1 
272723 1 
272724 1 
272726 1 
274055 1 
274056 1 
274057 1 
274058 1 
274059 1 
274060 1 
274061 1 
274062 1 
274063 1 
274064 1 
274065 1 
274066 1 
274067 1 
274068 1 
274069 1 
274070 1 
274071 1 
274072 1 
274078 1 
274079 1 
274083 1 
274084 1 
274085 1 
274086 1 
274087 1 
276147 1 
276148 1 
276149 1 
276150 1 
276151 1 
276152 1 
276155 1 
276156 1 
276157 1 
276158 1 
276159 1 
276160 1 
276161 1 
276162 1 
276163 1 
276164 1 
276165 1 
276166 1 
276167 1 
276168 1 
276169 1 
276170 1 
276171 1 
276172 1 
276173 1 
276174 1 
276175 1 
276176 1 
276178 1 
277507 1 
277508 1 
277509 1 
277510 1 
277511 1 
277512 1 
277513 1 
277514 1 
277515 1 
277516 1 
277517 1 
277518 1 
277519 1 
277520 1 
277521 1 
277522 1 
277523 1 
277524 1 
277530 1 
277531 1 
277535 1 
277536 1 
277537 1 
277538 1 
277539 1 
279599 1 
279600 1 
279601 1 
279602 1 
279603 1 
279604 1 
279607 1 
279608 1 
279609 1 
279610 1 
279611 1 
279612 1 
279613 1 
279614 1 
279615 1 
279616 1 
279617 1 
279618 1 
279619 1 
279620 1 
279621 1 
279622 1 
279623 1 
279624 1 
279625 1 
279626 1 
279627 1 
279628 1 
279630 1 
280959 1 
280960 1 
280961 1 
280962 1 
280963 1 
280964 1 
280965 1 
280966 1 
280967 1 
280968 1 
280969 1 
280970 1 
280971 1 
280972 1 
280973 1 
280974 1 
280975 1 
280976 1 
280982 1 
280983 1 
280987 1 
280988 1 
280989 1 
280990 1 
280991 1 
283051 1 
283052 1 
283053 1 
283054 1 
283055 1 
283056 1 
283059 1 
283060 1 
283061 1 
283062 1 
283063 1 
283064 1 
283065 1 
283066 1 
283067 1 
283068 1 
283069 1 
283070 1 
283071 1 
283072 1 
283073 1 
283074 1 
283075 1 
283076 1 
283077 1 
283078 1 
283079 1 
283080 1 
283082 1 
284411 1 
284412 1 
284413 1 
284414 1 
284415 1 
284416 1 
284417 1 
284418 1 
284419 1 
284420 1 
284421 1 
284422 1 
284423 1 
284424 1 
284425 1 
284426 1 
284427 1 
284428 1 
284434 1 
284435 1 
284439 1 
284440 1 
284441 1 
284442 1 
284443 1 
286503 1 
286504 1 
286505 1 
286506 1 
286507 1 
286508 1 
286511 1 
286512 1 
286513 1 
286514 1 
286515 1 
286516 1 
286517 1 
286518 1 
286519 1 
286520 1 
286521 1 
286522 1 
286523 1 
286524 1 
286525 1 
286526 1 
286527 1 
286528 1 
286529 1 
286530 1 
286531 1 
286532 1 
286534 1 
287863 1 
287864 1 
287865 1 
287866 1 
287867 1 
287868 1 
287869 1 
287870 1 
287871 1 
287872 1 
287873 1 
287874 1 
287875 1 
287876 1 
287877 1 
287878 1 
287879 1 
287880 1 
287886 1 
287887 1 
287891 1 
287892 1 
287893 1 
287894 1 
287895 1 
289955 1 
289956 1 
289957 1 
289958 1 
289959 1 
289960 1 
289963 1 
289964 1 
289965 1 
289966 1 
289967 1 
289968 1 
289969 1 
289970 1 
289971 1 
289972 1 
289973 1 
289974 1 
289975 1 
289976 1 
289977 1 
289978 1 
289979 1 
289980 1 
289981 1 
289982 1 
289983 1 
289984 1 
289986 1 
291315 1 
291316 1 
291317 1 
291318 1 
291319 1 
291320 1 
291321 1 
291322 1 
291323 1 
291324 1 
291325 1 
291326 1 
291327 1 
291328 1 
291329 1 
291330 1 
291331 1 
291332 1 
291338 1 
291339 1 
291343 1 
291344 1 
291345 1 
291346 1 
291347 1 
293407 1 
293408 1 
293409 1 
293410 1 
293411 1 
293412 1 
293415 1 
293416 1 
293417 1 
293418 1 
293419 1 
293420 1 
293421 1 
293422 1 
293423 1 
293424 1 
293425 1 
293426 1 
293427 1 
293428 1 
293429 1 
293430 1 
293431 1 
293432 1 
293433 1 
293434 1 
293435 1 
293436 1 
293438 1 
294767 1 
294768 1 
294769 1 
294770 1 
294771 1 
294772 1 
294773 1 
294774 1 
294775 1 
294776 1 
294777 1 
294778 1 
294779 1 
294780 1 
294781 1 
294782 1 
294783 1 
294784 1 
294790 1 
294791 1 
294795 1 
294796 1 
294797 1 
294798 1 
294799 1 
296859 1 
296860 1 
296861 1 
296862 1 
296863 1 
296864 1 
296867 1 
296868 1 
296869 1 
296870 1 
296871 1 
296872 1 
296873 1 
296874 1 
296875 1 
296876 1 
296877 1 
296878 1 
296879 1 
296880 1 
296881 1 
296882 1 
296883 1 
296884 1 
296885 1 
296886 1 
296887 1 
296888 1 
296890 1 
298219 1 
298220 1 
298221 1 
298222 1 
298223 1 
298224 1 
298225 1 
298226 1 
298227 1 
298228 1 
298229 1 
298230 1 
298231 1 
298232 1 
298233 1 
298234 1 
298235 1 
298236 1 
298242 1 
298243 1 
298247 1 
298248 1 
298249 1 
298250 1 
298251 1 
300311 1 
300312 1 
300313 1 
300314 1 
300315 1 
300316 1 
300319 1 
300320 1 
300321 1 
300322 1 
300323 1 
300324 1 
300325 1 
300326 1 
300327 1 
300328 1 
300329 1 
300330 1 
300331 1 
300332 1 
300333 1 
300334 1 
300335 1 
300336 1 
300337 1 
300338 1 
300339 1 
300340 1 
300342 1 
301671 1 
301672 1 
301673 1 
301674 1 
301675 1 
301676 1 
301677 1 
301678 1 
301679 1 
301680 1 
301681 1 
301682 1 
301683 1 
301684 1 
301685 1 
301686 1 
301687 1 
301688 1 
301694 1 
301695 1 
301699 1 
301700 1 
301701 1 
301702 1 
301703 1 
303763 1 
303764 1 
303765 1 
303766 1 
303767 1 
303768 1 
303771 1 
303772 1 
303773 1 
303774 1 
303775 1 
303776 1 
303777 1 
303778 1 
303779 1 
303780 1 
303781 1 
303782 1 
303783 1 
303784 1 
303785 1 
303786 1 
303787 1 
303788 1 
303789 1 
303790 1 
303791 1 
303792 1 
303794 1 
305123 1 
305124 1 
305125 1 
305126 1 
305127 1 
305128 1 
305129 1 
305130 1 
305131 1 
305132 1 
305133 1 
305134 1 
305135 1 
305136 1 
305137 1 
305138 1 
305139 1 
305140 1 
305146 1 
305147 1 
305151 1 
305152 1 
305153 1 
305154 1 
305155 1 
307215 1 
307216 1 
307217 1 
307218 1 
307219 1 
307220 1 
307223 1 
307224 1 
307225 1 
307226 1 
307227 1 
307228 1 
307229 1 
307230 1 
307231 1 
307232 1 
307233 1 
307234 1 
307235 1 
307236 1 
307237 1 
307238 1 
307239 1 
307240 1 
307241 1 
307242 1 
307243 1 
307244 1 
307246 1 
308575 1 
308576 1 
308577 1 
308578 1 
308579 1 
308580 1 
308581 1 
308582 1 
308583 1 
308584 1 
308585 1 
308586 1 
308587 1 
308588 1 
308589 1 
308590 1 
308591 1 
308592 1 
308598 1 
308599 1 
308603 1 
308604 1 
308605 1 
308606 1 
308607 1 
310667 1 
310668 1 
310669 1 
310670 1 
310671 1 
310672 1 
310675 1 
310676 1 
310677 1 
310678 1 
310679 1 
310680 1 
310681 1 
310682 1 
310683 1 
310684 1 
310685 1 
310686 1 
310687 1 
310688 1 
310689 1 
310690 1 
310691 1 
310692 1 
310693 1 
310694 1 
310695 1 
310696 1 
310698 1 
312027 1 
312028 1 
312029 1 
312030 1 
312031 1 
312032 1 
312033 1 
312034 1 
312035 1 
312036 1 
312037 1 
312038 1 
312039 1 
312040 1 
312041 1 
312042 1 
312043 1 
312044 1 
312050 1 
312051 1 
312055 1 
312056 1 
312057 1 
312058 1 
312059 1 
314119 1 
314120 1 
314121 1 
314122 1 
314123 1 
314124 1 
314127 1 
314128 1 
314129 1 
314130 1 
314131 1 
314132 1 
314133 1 
314134 1 
314135 1 
314136 1 
314137 1 
314138 1 
314139 1 
314140 1 
314141 1 
314142 1 
314143 1 
314144 1 
314145 1 
314146 1 
314147 1 
314148 1 
314150 1 
315479 1 
315480 1 
315481 1 
315482 1 
315483 1 
315484 1 
315485 1 
315486 1 
315487 1 
315488 1 
315489 1 
315490 1 
315491 1 
315492 1 
315493 1 
315494 1 
315495 1 
315496 1 
315502 1 
315503 1 
315507 1 
315508 1 
315509 1 
315510 1 
315511 1 
317571 1 
317572 1 
317573 1 
317574 1 
317575 1 
317576 1 
317579 1 
317580 1 
317581 1 
317582 1 
317583 1 
317584 1 
317585 1 
317586 1 
317587 1 
317588 1 
317589 1 
317590 1 
317591 1 
317592 1 
317593 1 
317594 1 
317595 1 
317596 1 
317597 1 
317598 1 
317599 1 
317600 1 
317602 1 
318931 1 
318932 1 
318933 1 
318934 1 
318935 1 
318936 1 
318937 1 
318938 1 
318939 1 
318940 1 
318941 1 
318942 1 
318943 1 
318944 1 
318945 1 
318946 1 
318947 1 
318948 1 
318954 1 
318955 1 
318959 1 
318960 1 
318961 1 
318962 1 
318963 1 
321023 1 
321024 1 
321025 1 
321026 1 
321027 1 
321028 1 
321031 1 
321032 1 
321033 1 
321034 1 
321035 1 
321036 1 
321037 1 
321038 1 
321039 1 
321040 1 
321041 1 
321042 1 
321043 1 
321044 1 
321045 1 
321046 1 
321047 1 
321048 1 
321049 1 
321050 1 
321051 1 
321052 1 
321054 1 
322383 1 
322384 1 
322385 1 
322386 1 
322387 1 
322388 1 
322389 1 
322390 1 
322391 1 
322392 1 
322393 1 
322394 1 
322395 1 
322396 1 
322397 1 
322398 1 
322399 1 
322400 1 
322406 1 
322407 1 
322411 1 
322412 1 
322413 1 
322414 1 
322415 1 
324475 1 
324476 1 
324477 1 
324478 1 
324479 1 
324480 1 
324483 1 
324484 1 
324485 1 
324486 1 
324487 1 
324488 1 
324489 1 
324490 1 
324491 1 
324492 1 
324493 1 
324494 1 
324495 1 
324496 1 
324497 1 
324498 1 
324499 1 
324500 1 
324501 1 
324502 1 
324503 1 
324504 1 
324506 1 
325835 1 
325836 1 
325837 1 
325838 1 
325839 1 
325840 1 
325841 1 
325842 1 
325843 1 
325844 1 
325845 1 
325846 1 
325847 1 
325848 1 
325849 1 
325850 1 
325851 1 
325852 1 
325858 1 
325859 1 
325863 1 
325864 1 
325865 1 
325866 1 
325867 1 
327927 1 
327928 1 
327929 1 
327930 1 
327931 1 
327932 1 
327935 1 
327936 1 
327937 1 
327938 1 
327939 1 
327940 1 
327941 1 
327942 1 
327943 1 
327944 1 
327945 1 
327946 1 
327947 1 
327948 1 
327949 1 
327950 1 
327951 1 
327952 1 
327953 1 
327954 1 
327955 1 
327956 1 
327958 1 
329287 1 
329288 1 
329289 1 
329290 1 
329291 1 
329292 1 
329293 1 
329294 1 
329295 1 
329296 1 
329297 1 
329298 1 
329299 1 
329300 1 
329301 1 
329302 1 
329303 1 
329304 1 
329310 1 
329311 1 
329315 1 
329316 1 
329317 1 
329318 1 
329319 1 
331379 1 
331380 1 
331381 1 
331382 1 
331383 1 
331384 1 
331387 1 
331388 1 
331389 1 
331390 1 
331391 1 
331392 1 
331393 1 
331394 1 
331395 1 
331396 1 
331397 1 
331398 1 
331399 1 
331400 1 
331401 1 
331402 1 
331403 1 
331404 1 
331405 1 
331406 1 
331407 1 
331408 1 
331410 1 
332739 1 
332740 1 
332741 1 
332742 1 
332743 1 
332744 1 
332745 1 
332746 1 
332747 1 
332748 1 
332749 1 
332750 1 
332751 1 
332752 1 
332753 1 
332754 1 
332755 1 
332756 1 
332762 1 
332763 1 
332767 1 
332768 1 
332769 1 
332770 1 
332771 1 
334831 1 
334832 1 
334833 1 
334834 1 
334835 1 
334836 1 
334839 1 
334840 1 
334841 1 
334842 1 
334843 1 
334844 1 
334845 1 
334846 1 
334847 1 
334848 1 
334849 1 
334850 1 
334851 1 
334852 1 
334853 1 
334854 1 
334855 1 
334856 1 
334857 1 
334858 1 
334859 1 
334860 1 
334862 1 
336191 1 
336192 1 
336193 1 
336194 1 
336195 1 
336196 1 
336197 1 
336198 1 
336199 1 
336200 1 
336201 1 
336202 1 
336203 1 
336204 1 
336205 1 
336206 1 
336207 1 
336208 1 
336214 1 
336215 1 
336219 1 
336220 1 
336221 1 
336222 1 
336223 1 
338283 1 
338284 1 
338285 1 
338286 1 
338287 1 
338288 1 
338291 1 
338292 1 
338293 1 
338294 1 
338295 1 
338296 1 
338297 1 
338298 1 
338299 1 
338300 1 
338301 1 
338302 1 
338303 1 
338304 1 
338305 1 
338306 1 
338307 1 
338308 1 
338309 1 
338310 1 
338311 1 
338312 1 
338314 1 
339643 1 
339644 1 
339645 1 
339646 1 
339647 1 
339648 1 
339649 1 
339650 1 
339651 1 
339652 1 
339653 1 
339654 1 
339655 1 
339656 1 
339657 1 
339658 1 
339659 1 
339660 1 
339661 1 
339662 1 
339663 1 
339666 1 
339667 1 
339671 1 
339672 1 
339673 1 
339674 1 
339675 1 
339676 1 
339677 1 
339678 1 
339679 1 
339680 1 
339681 1 
339690 1 
339691 1 
339692 1 
339693 1 
339701 1 
339702 1 
339703 1 
339704 1 
339705 1 
339713 1 
339714 1 
339715 1 
339716 1 
339717 1 
339718 1 
339719 1 
339720 1 
339721 1 
339722 1 
339723 1 
339732 1 
339733 1 
339734 1 
339735 1 
339743 1 
339744 1 
339745 1 
339746 1 
339747 1 
339755 1 
339756 1 
339757 1 
339758 1 
339759 1 
339760 1 
339761 1 
339762 1 
339763 1 
339764 1 
339765 1 
339774 1 
339775 1 
339776 1 
339777 1 
339785 1 
339786 1 
339787 1 
339788 1 
339789 1 
339797 1 
339798 1 
339799 1 
339800 1 
339801 1 
339802 1 
339803 1 
339804 1 
339805 1 
339806 1 
339807 1 
339816 1 
339817 1 
339818 1 
339819 1 
339827 1 
339828 1 
339829 1 
339830 1 
339831 1 
339839 1 
339840 1 
339841 1 
339842 1 
339843 1 
339844 1 
339845 1 
339846 1 
339847 1 
339848 1 
339849 1 
339858 1 
339859 1 
339860 1 
339861 1 
339869 1 
339870 1 
339871 1 
339872 1 
339873 1 
339881 1 
339882 1 
339883 1 
339884 1 
339885 1 
339886 1 
339887 1 
339888 1 
339889 1 
339890 1 
339891 1 
339900 1 
339901 1 
339902 1 
339903 1 
339911 1 
339912 1 
339913 1 
339914 1 
339915 1 
339923 1 
339924 1 
339925 1 
339926 1 
339927 1 
339928 1 
339929 1 
339930 1 
339931 1 
339932 1 
339933 1 
339942 1 
339943 1 
339944 1 
339945 1 
339953 1 
339954 1 
339955 1 
339956 1 
339957 1 
339965 1 
339966 1 
339967 1 
339968 1 
339969 1 
339970 1 
339971 1 
339972 1 
339973 1 
339974 1 
339975 1 
339984 1 
339985 1 
339986 1 
339987 1 
339995 1 
339996 1 
339997 1 
339998 1 
339999 1 
340007 1 
340008 1 
340009 1 
340010 1 
340011 1 
340012 1 
340013 1 
340014 1 
340015 1 
340016 1 
340017 1 
340026 1 
340027 1 
340028 1 
340029 1 
340037 1 
340038 1 
340039 1 
340040 1 
340041 1 
340049 1 
340050 1 
340051 1 
340052 1 
340053 1 
340054 1 
340055 1 
340056 1 
340057 1 
340058 1 
340059 1 
340068 1 
340069 1 
340070 1 
340071 1 
340079 1 
340080 1 
340081 1 
340082 1 
340083 1 
340091 1 
340092 1 
340093 1 
340094 1 
340095 1 
340096 1 
340097 1 
340098 1 
340099 1 
340100 1 
340101 1 
340110 1 
340111 1 
340112 1 
340113 1 
340121 1 
340122 1 
340123 1 
340124 1 
340125 1 
340133 1 
340134 1 
340135 1 
340136 1 
340137 1 
340138 1 
340139 1 
340140 1 
340141 1 
340142 1 
340143 1 
340152 1 
340153 1 
340154 1 
340155 1 
340163 1 
340164 1 
340165 1 
340166 1 
340167 1 
340175 1 
340176 1 
340177 1 
340178 1 
340179 1 
340180 1 
340181 1 
340182 1 
340183 1 
340184 1 
340185 1 
340194 1 
340195 1 
340196 1 
340197 1 
340205 1 
340206 1 
340207 1 
340208 1 
340209 1 
340217 1 
340218 1 
340219 1 
340220 1 
340221 1 
340222 1 
340223 1 
340224 1 
340225 1 
340226 1 
340227 1 
340236 1 
340237 1 
340238 1 
340239 1 
340247 1 
340248 1 
340249 1 
340250 1 
340251 1 
340259 1 
340260 1 
340261 1 
340262 1 
340263 1 
340264 1 
340265 1 
340266 1 
340267 1 
340268 1 
340269 1 
340278 1 
340279 1 
340280 1 
340281 1 
340289 1 
340290 1 
340291 1 
340292 1 
340293 1 
340301 1 
340302 1 
340303 1 
340304 1 
340305 1 
340306 1 
340307 1 
340308 1 
340309 1 
340310 1 
340311 1 
340320 1 
340321 1 
340322 1 
340323 1 
340331 1 
340332 1 
340333 1 
340334 1 
340335 1 
340343 1 
340344 1 
340345 1 
340346 1 
340347 1 
340348 1 
340349 1 
340350 1 
340351 1 
340352 1 
340353 1 
340362 1 
340363 1 
340364 1 
340365 1 
340373 1 
340374 1 
340375 1 
340376 1 
340377 1 
340385 1 
340386 1 
340387 1 
340388 1 
340389 1 
340390 1 
340391 1 
340392 1 
340393 1 
340394 1 
340395 1 
340404 1 
340405 1 
340406 1 
340407 1 
340415 1 
340416 1 
340417 1 
340418 1 
340419 1 
340427 1 
340428 1 
340429 1 
340430 1 
340431 1 
340432 1 
340433 1 
340434 1 
340435 1 
340436 1 
340437 1 
340446 1 
340447 1 
340448 1 
340449 1 
340457 1 
340458 1 
340459 1 
340460 1 
340461 1 
340469 1 
340470 1 
340471 1 
340472 1 
340473 1 
340474 1 
340475 1 
340476 1 
340477 1 
340478 1 
340479 1 
340488 1 
340489 1 
340490 1 
340491 1 
340499 1 
340500 1 
340501 1 
340502 1 
340503 1 
340511 1 
340512 1 
340513 1 
340514 1 
340515 1 
340516 1 
340517 1 
340518 1 
340519 1 
340520 1 
340521 1 
340530 1 
340531 1 
340532 1 
340533 1 
340541 1 
340542 1 
340543 1 
340544 1 
340545 1 
340553 1 
340554 1 
340555 1 
340556 1 
340557 1 
340558 1 
340559 1 
340560 1 
340561 1 
340562 1 
340563 1 
340572 1 
340573 1 
340574 1 
340575 1 
340583 1 
340584 1 
340585 1 
340586 1 
340587 1 
340595 1 
340596 1 
340597 1 
340598 1 
340599 1 
340600 1 
340601 1 
340602 1 
340603 1 
340604 1 
340605 1 
340614 1 
340615 1 
340616 1 
340617 1 
340625 1 
340626 1 
340627 1 
340628 1 
340629 1 
340637 1 
340638 1 
340639 1 
340640 1 
340641 1 
340642 1 
340643 1 
340644 1 
340645 1 
340646 1 
340647 1 
340656 1 
340657 1 
340658 1 
340659 1 
340667 1 
340668 1 
340669 1 
340670 1 
340671 1 
340679 1 
340680 1 
340681 1 
340682 1 
340683 1 
340684 1 
340685 1 
340686 1 
340687 1 
340688 1 
340689 1 
340698 1 
340699 1 
340700 1 
340701 1 
340709 1 
340710 1 
340711 1 
340712 1 
340713 1 
340721 1 
340722 1 
340723 1 
340724 1 
340725 1 
340726 1 
340727 1 
340728 1 
340729 1 
340730 1 
340731 1 
340740 1 
340741 1 
340742 1 
340743 1 
340751 1 
340752 1 
340753 1 
340754 1 
340755 1 
340763 1 
340764 1 
340765 1 
340766 1 
340767 1 
340768 1 
340769 1 
340770 1 
340771 1 
340772 1 
340773 1 
340782 1 
340783 1 
340784 1 
340785 1 
340793 1 
340794 1 
340795 1 
340796 1 
340797 1 
340805 1 
340806 1 
340807 1 
340808 1 
340809 1 
340810 1 
340811 1 
340812 1 
340813 1 
340814 1 
340815 1 
340824 1 
340825 1 
340826 1 
340827 1 
340835 1 
340836 1 
340837 1 
340838 1 
340839 1 
340847 1 
340848 1 
340849 1 
340850 1 
340851 1 
340852 1 
340853 1 
340854 1 
340855 1 
340856 1 
340857 1 
340866 1 
340867 1 
340868 1 
340869 1 
340877 1 
340878 1 
340879 1 
340880 1 
340881 1 
340889 1 
340890 1 
340891 1 
340892 1 
340893 1 
340894 1 
340895 1 
340896 1 
340897 1 
340898 1 
340899 1 
340908 1 
340909 1 
340910 1 
340911 1 
340919 1 
340920 1 
340921 1 
340922 1 
340923 1 
340931 1 
340932 1 
340933 1 
340934 1 
340935 1 
340936 1 
340937 1 
340938 1 
340939 1 
340940 1 
340941 1 
340950 1 
340951 1 
340952 1 
340953 1 
340961 1 
340962 1 
340963 1 
340964 1 
340965 1 
340973 1 
340974 1 
340975 1 
340976 1 
340977 1 
340978 1 
340979 1 
340980 1 
340981 1 
340982 1 
340983 1 
340992 1 
340993 1 
340994 1 
340995 1 
341003 1 
341004 1 
341005 1 
341006 1 
341007 1 
341015 1 
341016 1 
341017 1 
341018 1 
341019 1 
341020 1 
341021 1 
341022 1 
341023 1 
341024 1 
341025 1 
341034 1 
341035 1 
341036 1 
341037 1 
341045 1 
341046 1 
341047 1 
341048 1 
341049 1 
341057 1 
341058 1 
341059 1 
341060 1 
341061 1 
341062 1 
341063 1 
341064 1 
341065 1 
341066 1 
341067 1 
341076 1 
341077 1 
341078 1 
341079 1 
341087 1 
341088 1 
341089 1 
341090 1 
341091 1 
341099 1 
341100 1 
341101 1 
341102 1 
341103 1 
341104 1 
341105 1 
341106 1 
341107 1 
341108 1 
341109 1 
341118 1 
341119 1 
341120 1 
341121 1 
341129 1 
341130 1 
341131 1 
341132 1 
341133 1 
341141 1 
341142 1 
341143 1 
341144 1 
341145 1 
341146 1 
341147 1 
341148 1 
341149 1 
341150 1 
341151 1 
341160 1 
341161 1 
341162 1 
341163 1 
341171 1 
341172 1 
341173 1 
341174 1 
341175 1 
341183 1 
341184 1 
341185 1 
341186 1 
341187 1 
341188 1 
341189 1 
341190 1 
341191 1 
341192 1 
341193 1 
341202 1 
341203 1 
341204 1 
341205 1 
341213 1 
341214 1 
341215 1 
341216 1 
341217 1 
341225 1 
341226 1 
341227 1 
341228 1 
341229 1 
341230 1 
341231 1 
341232 1 
341233 1 
341234 1 
341235 1 
341244 1 
341245 1 
341246 1 
341247 1 
341255 1 
341256 1 
341257 1 
341258 1 
341259 1 
341267 1 
341268 1 
341269 1 
341270 1 
341271 1 
341272 1 
341273 1 
341274 1 
341275 1 
341276 1 
341277 1 
341286 1 
341287 1 
341288 1 
341289 1 
341297 1 
341298 1 
341299 1 
341300 1 
341301 1 
341309 1 
341310 1 
341311 1 
341312 1 
341313 1 
341314 1 
341315 1 
341316 1 
341317 1 
341318 1 
341319 1 
341328 1 
341329 1 
341330 1 
341331 1 
341339 1 
341340 1 
341341 1 
341342 1 
341343 1 
341351 1 
341352 1 
341353 1 
341354 1 
341355 1 
341356 1 
341357 1 
341358 1 
341359 1 
341360 1 
341361 1 
341370 1 
341371 1 
341372 1 
341373 1 
341381 1 
341382 1 
341383 1 
341384 1 
341385 1 
341393 1 
341394 1 
341395 1 
341396 1 
341397 1 
341398 1 
341399 1 
341400 1 
341401 1 
341402 1 
341403 1 
341412 1 
341413 1 
341414 1 
341415 1 
341423 1 
341424 1 
341425 1 
341426 1 
341427 1 
341435 1 
341436 1 
341437 1 
341438 1 
341439 1 
341440 1 
341441 1 
341442 1 
341443 1 
341444 1 
341445 1 
341454 1 
341455 1 
341456 1 
341457 1 
341465 1 
341466 1 
341467 1 
341468 1 
341469 1 
341477 1 
341478 1 
341479 1 
341480 1 
341481 1 
341482 1 
341483 1 
341484 1 
341485 1 
341486 1 
341487 1 
341496 1 
341497 1 
341498 1 
341499 1 
341507 1 
341508 1 
341509 1 
341510 1 
341511 1 
341519 1 
341520 1 
341521 1 
341522 1 
341523 1 
341524 1 
341525 1 
341526 1 
341527 1 
341528 1 
341529 1 
341538 1 
341539 1 
341540 1 
341541 1 
341549 1 
341550 1 
341551 1 
341552 1 
341553 1 
341561 1 
341562 1 
341563 1 
341564 1 
341565 1 
341566 1 
341567 1 
341568 1 
341569 1 
341570 1 
341571 1 
341580 1 
341581 1 
341582 1 
341583 1 
341591 1 
341592 1 
341593 1 
341594 1 
341595 1 
341603 1 
341604 1 
341605 1 
341606 1 
341607 1 
341608 1 
341609 1 
341610 1 
341611 1 
341612 1 
341613 1 
341622 1 
341623 1 
341624 1 
341625 1 
341633 1 
341634 1 
341635 1 
341636 1 
341637 1 
341645 1 
341646 1 
341647 1 
341648 1 
341649 1 
341650 1 
341651 1 
341652 1 
341653 1 
341654 1 
341655 1 
341664 1 
341665 1 
341666 1 
341667 1 
341675 1 
341676 1 
341677 1 
341678 1 
341679 1 
341687 1 
341688 1 
341689 1 
341690 1 
341691 1 
341692 1 
341693 1 
341694 1 
341695 1 
341696 1 
341697 1 
341706 1 
341707 1 
341708 1 
341709 1 
341717 1 
341718 1 
341719 1 
341720 1 
341721 1 
341729 1 
341730 1 
341731 1 
341732 1 
341733 1 
341734 1 
341735 1 
341736 1 
341737 1 
341738 1 
341739 1 
341740 1 
341743 1 
341744 1 
341745 1 
341746 1 
341747 1 
341748 1 
341749 1 
341750 1 
341751 1 
341752 1 
341753 1 
341754 1 
341755 1 
341756 1 
341757 1 
341758 1 
341759 1 
341760 1 
341761 1 
341762 1 
341763 1 
341764 1 
341765 1 
341766 1 
341769 1 
341770 1 
341771 1 
341772 1 
341773 1 
341774 1 
341775 1 
341776 1 
341777 1 
341785 1 
341786 1 
341787 1 
341788 1 
341789 1 
341790 1 
341791 1 
341792 1 
341793 1 
341796 1 
341797 1 
341798 1 
341799 1 
341800 1 
341801 1 
341802 1 
341803 1 
341804 1 
341812 1 
341813 1 
341814 1 
341815 1 
341816 1 
341817 1 
341818 1 
341819 1 
341820 1 
341823 1 
341824 1 
341825 1 
341826 1 
341827 1 
341828 1 
341829 1 
341830 1 
341831 1 
341839 1 
341840 1 
341841 1 
341842 1 
341843 1 
341844 1 
341845 1 
341846 1 
341847 1 
341850 1 
341851 1 
341852 1 
341853 1 
341854 1 
341855 1 
341856 1 
341857 1 
341858 1 
341866 1 
341867 1 
341868 1 
341869 1 
341870 1 
341871 1 
341872 1 
341873 1 
341874 1 
341877 1 
341878 1 
341879 1 
341880 1 
341881 1 
341882 1 
341883 1 
341884 1 
341885 1 
341893 1 
341894 1 
341895 1 
341896 1 
341897 1 
341898 1 
341899 1 
341900 1 
341901 1 
341904 1 
341905 1 
341906 1 
341907 1 
341908 1 
341909 1 
341910 1 
341911 1 
341912 1 
341920 1 
341921 1 
341922 1 
341923 1 
341924 1 
341925 1 
341926 1 
341927 1 
341928 1 
341931 1 
341932 1 
341933 1 
341934 1 
341935 1 
341936 1 
341937 1 
341938 1 
341939 1 
341947 1 
341948 1 
341949 1 
341950 1 
341951 1 
341952 1 
341953 1 
341954 1 
341955 1 
341958 1 
341959 1 
341960 1 
341961 1 
341962 1 
341963 1 
341964 1 
341965 1 
341966 1 
341974 1 
341975 1 
341976 1 
341977 1 
341978 1 
341979 1 
341980 1 
341981 1 
341982 1 
341985 1 
341986 1 
341987 1 
341988 1 
341989 1 
341990 1 
341991 1 
341992 1 
341993 1 
342001 1 
342002 1 
342003 1 
342004 1 
342005 1 
342006 1 
342007 1 
342008 1 
342009 1 
342012 1 
342013 1 
342014 1 
342015 1 
342016 1 
342017 1 
342018 1 
342019 1 
342020 1 
342028 1 
342029 1 
342030 1 
342031 1 
342032 1 
342033 1 
342034 1 
342035 1 
342036 1 
342039 1 
342040 1 
342041 1 
342042 1 
342043 1 
342044 1 
342045 1 
342046 1 
342047 1 
342055 1 
342056 1 
342057 1 
342058 1 
342059 1 
342060 1 
342061 1 
342062 1 
342063 1 
342066 1 
342067 1 
342068 1 
342069 1 
342070 1 
342071 1 
342072 1 
342073 1 
342074 1 
342082 1 
342083 1 
342084 1 
342085 1 
342086 1 
342087 1 
342088 1 
342089 1 
342090 1 
342093 1 
342094 1 
342095 1 
342096 1 
342097 1 
342098 1 
342099 1 
342100 1 
342101 1 
342109 1 
342110 1 
342111 1 
342112 1 
342113 1 
342114 1 
342115 1 
342116 1 
342117 1 
342120 1 
342121 1 
342122 1 
342123 1 
342124 1 
342125 1 
342126 1 
342127 1 
342128 1 
342136 1 
342137 1 
342138 1 
342139 1 
342140 1 
342141 1 
342142 1 
342143 1 
342144 1 
342147 1 
342148 1 
342149 1 
342150 1 
342151 1 
342152 1 
342153 1 
342154 1 
342155 1 
342163 1 
342164 1 
342165 1 
342166 1 
342167 1 
342168 1 
342169 1 
342170 1 
342171 1 
342174 1 
342175 1 
342176 1 
342177 1 
342178 1 
342179 1 
342180 1 
342181 1 
342182 1 
342190 1 
342191 1 
342192 1 
342193 1 
342194 1 
342195 1 
342196 1 
342197 1 
342198 1 
342201 1 
342202 1 
342203 1 
342204 1 
342205 1 
342206 1 
342207 1 
342208 1 
342209 1 
342217 1 
342218 1 
342219 1 
342220 1 
342221 1 
342222 1 
342223 1 
342224 1 
342225 1 
342228 1 
342229 1 
342230 1 
342231 1 
342232 1 
342233 1 
342234 1 
342235 1 
342236 1 
342244 1 
342245 1 
342246 1 
342247 1 
342248 1 
342249 1 
342250 1 
342251 1 
342252 1 
342255 1 
342256 1 
342257 1 
342258 1 
342259 1 
342260 1 
342261 1 
342262 1 
342263 1 
342271 1 
342272 1 
342273 1 
342274 1 
342275 1 
342276 1 
342277 1 
342278 1 
342279 1 
342282 1 
342283 1 
342284 1 
342285 1 
342286 1 
342287 1 
342288 1 
342289 1 
342290 1 
342298 1 
342299 1 
342300 1 
342301 1 
342302 1 
342303 1 
342304 1 
342305 1 
342306 1 
342309 1 
342310 1 
342311 1 
342312 1 
342313 1 
342314 1 
342315 1 
342316 1 
342317 1 
342325 1 
342326 1 
342327 1 
342328 1 
342329 1 
342330 1 
342331 1 
342332 1 
342333 1 
342336 1 
342337 1 
342338 1 
342339 1 
342340 1 
342341 1 
342342 1 
342343 1 
342344 1 
342352 1 
342353 1 
342354 1 
342355 1 
342356 1 
342357 1 
342358 1 
342359 1 
342360 1 
342363 1 
342364 1 
342365 1 
342366 1 
342367 1 
342368 1 
342369 1 
342370 1 
342371 1 
342379 1 
342380 1 
342381 1 
342382 1 
342383 1 
342384 1 
342385 1 
342386 1 
342387 1 
342390 1 
342391 1 
342392 1 
342393 1 
342394 1 
342395 1 
342396 1 
342397 1 
342398 1 
342406 1 
342407 1 
342408 1 
342409 1 
342410 1 
342411 1 
342412 1 
342413 1 
342414 1 
342417 1 
342418 1 
342419 1 
342420 1 
342421 1 
342422 1 
342423 1 
342424 1 
342425 1 
342433 1 
342434 1 
342435 1 
342436 1 
342437 1 
342438 1 
342439 1 
342440 1 
342441 1 
342444 1 
342445 1 
342446 1 
342447 1 
342448 1 
342449 1 
342450 1 
342451 1 
342452 1 
342460 1 
342461 1 
342462 1 
342463 1 
342464 1 
342465 1 
342466 1 
342467 1 
342468 1 
342471 1 
342472 1 
342473 1 
342474 1 
342475 1 
342476 1 
342477 1 
342478 1 
342479 1 
342487 1 
342488 1 
342489 1 
342490 1 
342491 1 
342492 1 
342493 1 
342494 1 
342495 1 
342498 1 
342499 1 
342500 1 
342501 1 
342502 1 
342503 1 
342504 1 
342505 1 
342506 1 
342514 1 
342515 1 
342516 1 
342517 1 
342518 1 
342519 1 
342520 1 
342521 1 
342522 1 
342525 1 
342526 1 
342527 1 
342528 1 
342529 1 
342530 1 
342531 1 
342532 1 
342533 1 
342541 1 
342542 1 
342543 1 
342544 1 
342545 1 
342546 1 
342547 1 
342548 1 
342549 1 
342552 1 
342553 1 
342554 1 
342555 1 
342556 1 
342557 1 
342558 1 
342559 1 
342560 1 
342568 1 
342569 1 
342570 1 
342571 1 
342572 1 
342573 1 
342574 1 
342575 1 
342576 1 
342579 1 
342580 1 
342581 1 
342582 1 
342583 1 
342584 1 
342585 1 
342586 1 
342587 1 
342595 1 
342596 1 
342597 1 
342598 1 
342599 1 
342600 1 
342601 1 
342602 1 
342603 1 
342606 1 
342607 1 
342608 1 
342609 1 
342610 1 
342611 1 
342612 1 
342613 1 
342614 1 
342622 1 
342623 1 
342624 1 
342625 1 
342626 1 
342627 1 
342628 1 
342629 1 
342630 1 
342633 1 
342634 1 
342635 1 
342636 1 
342637 1 
342638 1 
342639 1 
342640 1 
342641 1 
342649 1 
342650 1 
342651 1 
342652 1 
342653 1 
342654 1 
342655 1 
342656 1 
342657 1 
342660 1 
342661 1 
342662 1 
342663 1 
342664 1 
342665 1 
342666 1 
342667 1 
342668 1 
342676 1 
342677 1 
342678 1 
342679 1 
342680 1 
342681 1 
342682 1 
342683 1 
342684 1 
342687 1 
342688 1 
342689 1 
342690 1 
342691 1 
342692 1 
342693 1 
342694 1 
342695 1 
342703 1 
342704 1 
342705 1 
342706 1 
342707 1 
342708 1 
342709 1 
342710 1 
342711 1 
342714 1 
342715 1 
342716 1 
342717 1 
342718 1 
342719 1 
342720 1 
342721 1 
342722 1 
342730 1 
342731 1 
342732 1 
342733 1 
342734 1 
342735 1 
342736 1 
342737 1 
342738 1 
342741 1 
342742 1 
342743 1 
342744 1 
342745 1 
342746 1 
342747 1 
342748 1 
342749 1 
342757 1 
342758 1 
342759 1 
342760 1 
342761 1 
342762 1 
342763 1 
342764 1 
342765 1 
342768 1 
342769 1 
342770 1 
342771 1 
342772 1 
342773 1 
342774 1 
342775 1 
342776 1 
342784 1 
342785 1 
342786 1 
342787 1 
342788 1 
342789 1 
342790 1 
342791 1 
342792 1 
342795 1 
342796 1 
342797 1 
342798 1 
342799 1 
342800 1 
342801 1 
342802 1 
342803 1 
342811 1 
342812 1 
342813 1 
342814 1 
342815 1 
342816 1 
342817 1 
342818 1 
342819 1 
342822 1 
342823 1 
342824 1 
342825 1 
342826 1 
342827 1 
342828 1 
342829 1 
342830 1 
342838 1 
342839 1 
342840 1 
342841 1 
342842 1 
342843 1 
342844 1 
342845 1 
342846 1 
342849 1 
342850 1 
342851 1 
342852 1 
342853 1 
342854 1 
342855 1 
342856 1 
342857 1 
342865 1 
342866 1 
342867 1 
342868 1 
342869 1 
342870 1 
342871 1 
342872 1 
342873 1 
342876 1 
342877 1 
342878 1 
342879 1 
342880 1 
342881 1 
342882 1 
342883 1 
342884 1 
342892 1 
342893 1 
342894 1 
342895 1 
342896 1 
342897 1 
342898 1 
342899 1 
342900 1 
342903 1 
342904 1 
342905 1 
342906 1 
342907 1 
342908 1 
342909 1 
342910 1 
342911 1 
342919 1 
342920 1 
342921 1 
342922 1 
342923 1 
342924 1 
342925 1 
342926 1 
342927 1 
342930 1 
342931 1 
342932 1 
342933 1 
342934 1 
342935 1 
342936 1 
342937 1 
342938 1 
342946 1 
342947 1 
342948 1 
342949 1 
342950 1 
342951 1 
342952 1 
342953 1 
342954 1 
342957 1 
342958 1 
342959 1 
342960 1 
342961 1 
342962 1 
342963 1 
342964 1 
342965 1 
342973 1 
342974 1 
342975 1 
342976 1 
342977 1 
342978 1 
342979 1 
342980 1 
342981 1 
342984 1 
342985 1 
342986 1 
342987 1 
342988 1 
342989 1 
342990 1 
342991 1 
342992 1 
343000 1 
343001 1 
343002 1 
343003 1 
343004 1 
343005 1 
343006 1 
343007 1 
343008 1 
343011 1 
343012 1 
343013 1 
343014 1 
343015 1 
343016 1 
343017 1 
343018 1 
343019 1 
343027 1 
343028 1 
343029 1 
343030 1 
343031 1 
343032 1 
343033 1 
343034 1 
343035 1 
343038 1 
343039 1 
343040 1 
343041 1 
343042 1 
343043 1 
343044 1 
343045 1 
343046 1 
343054 1 
343055 1 
343056 1 
343057 1 
343058 1 
343059 1 
343060 1 
343061 1 
343062 1 
343065 1 
343066 1 
343067 1 
343068 1 
343069 1 
343070 1 
343071 1 
343072 1 
343073 1 
343081 1 
343082 1 
343083 1 
343084 1 
343085 1 
343086 1 
343087 1 
343088 1 
343089 1 
343092 1 
343093 1 
343094 1 
343095 1 
343096 1 
343097 1 
343098 1 
343099 1 
343100 1 
343101 1 
343102 1 
343103 1 
343104 1 
343105 1 
343106 1 
343107 1 
343108 1 
343109 1 
343110 1 
343111 1 
343112 1 
343113 1 
343114 1 
343115 1 
343116 1 
343117 1 
343118 1 
343119 1 
343120 1 
343121 1 
343122 1 
343123 1 
343124 1 
343125 1 
343126 1 
343127 1 
343128 1 
343129 1 
343130 1 
343131 1 
343132 1 
343133 1 
343134 1 
343135 1 
343136 1 
343137 1 
343138 1 
343139 1 
343140 1 
343141 1 
343142 1 
343143 1 
343144 1 
343145 1 
343146 1 
343147 1 
343148 1 
343149 1 
343150 1 
343151 1 
343152 1 
343153 1 
343154 1 
343155 1 
343156 1 
343157 1 
343158 1 
343159 1 
343160 1 
343161 1 
343162 1 
343163 1 
343164 1 
343165 1 
343166 1 
343167 1 
343168 1 
343169 1 
343170 1 
343171 1 
343172 1 
343173 1 
343174 1 
343175 1 
343176 1 
343177 1 
343178 1 
343179 1 
343180 1 
343181 1 
343182 1 
343183 1 
343184 1 
343185 1 
343186 1 
343187 1 
343188 1 
343189 1 
343190 1 
343191 1 
343192 1 
343193 1 
343194 1 
343195 1 
343196 1 
343197 1 
343198 1 
343199 1 
343200 1 
343201 1 
343202 1 
343203 1 
343204 1 
343205 1 
343206 1 
343207 1 
343208 1 
343209 1 
343210 1 
343211 1 
343212 1 
343213 1 
343214 1 
343215 1 
343216 1 
343217 1 
343218 1 
343219 1 
343220 1 
343221 1 
343222 1 
343223 1 
343224 1 
343225 1 
343226 1 
343227 1 
343228 1 
343229 1 
343230 1 
343231 1 
343232 1 
343233 1 
343234 1 
343235 1 
343236 1 
343237 1 
343238 1 
343239 1 
343240 1 
343241 1 
343242 1 
343243 1 
343244 1 
343245 1 
343246 1 
343247 1 
343248 1 
343249 1 
343250 1 
343251 1 
343252 1 
343253 1 
343254 1 
343255 1 
343256 1 
343257 1 
343258 1 
343259 1 
343260 1 
343261 1 
343262 1 
343263 1 
343264 1 
343265 1 
343266 1 
343267 1 
343268 1 
343269 1 
343270 1 
343271 1 
343272 1 
343273 1 
343274 1 
343275 1 
343276 1 
343277 1 
343278 1 
343279 1 
343280 1 
343281 1 
343282 1 
343283 1 
343284 1 
343285 1 
343286 1 
343287 1 
343288 1 
343289 1 
343290 1 
343291 1 
343292 1 
343293 1 
343294 1 
343295 1 
343296 1 
343297 1 
343298 1 
343299 1 
343300 1 
343301 1 
343302 1 
343303 1 
343304 1 
343305 1 
343306 1 
343307 1 
343308 1 
343309 1 
343310 1 
343311 1 
343312 1 
343313 1 
343314 1 
343315 1 
343316 1 
343317 1 
343318 1 
343319 1 
343320 1 
343321 1 
343322 1 
343323 1 
343324 1 
343325 1 
343326 1 
343327 1 
343328 1 
343329 1 
343330 1 
343331 1 
343332 1 
343333 1 
343334 1 
343335 1 
343336 1 
343337 1 
343338 1 
343339 1 
343340 1 
343341 1 
343342 1 
343343 1 
343344 1 
343345 1 
343346 1 
343347 1 
343348 1 
343349 1 
343350 1 
343351 1 
343352 1 
343353 1 
343354 1 
343355 1 
343356 1 
343357 1 
343358 1 
343359 1 
343360 1 
343361 1 
343362 1 
343363 1 
343364 1 
343365 1 
343366 1 
343367 1 
343368 1 
343369 1 
343370 1 
343371 1 
343372 1 
343373 1 
343374 1 
343375 1 
343376 1 
343377 1 
343378 1 
343379 1 
343380 1 
343381 1 
343382 1 
343383 1 
343384 1 
343385 1 
343386 1 
343387 1 
343388 1 
343389 1 
343390 1 
343391 1 
343392 1 
343393 1 
343394 1 
343395 1 
343396 1 
343397 1 
343398 1 
343399 1 
343400 1 
343401 1 
343402 1 
343403 1 
343404 1 
343405 1 
343406 1 
343407 1 
343408 1 
343409 1 
343410 1 
343411 1 
343412 1 
343413 1 
343414 1 
343415 1 
343416 1 
343417 1 
343418 1 
343419 1 
343420 1 
343421 1 
343422 1 
343423 1 
343424 1 
343425 1 
343426 1 
343427 1 
343428 1 
343429 1 
343430 1 
343431 1 
343432 1 
343433 1 
343434 1 
343435 1 
343436 1 
343437 1 
343438 1 
343439 1 
343440 1 
343441 1 
343442 1 
343443 1 
343444 1 
343445 1 
343446 1 
343447 1 
343448 1 
343449 1 
343450 1 
343451 1 
343452 1 
343453 1 
343454 1 
343455 1 
343456 1 
343457 1 
343458 1 
343459 1 
343460 1 
343461 1 
343462 1 
343463 1 
343464 1 
343465 1 
343466 1 
343467 1 
343468 1 
343469 1 
343470 1 
343471 1 
343472 1 
343473 1 
343474 1 
343475 1 
343476 1 
343477 1 
343478 1 
343479 1 
343480 1 
343481 1 
343482 1 
343483 1 
343484 1 
343485 1 
343486 1 
343487 1 
343488 1 
343489 1 
343490 1 
343491 1 
343492 1 
343493 1 
343494 1 
343495 1 
343496 1 
343497 1 
343498 1 
343499 1 
343500 1 
343501 1 
343502 1 
343503 1 
343504 1 
343505 1 
343506 1 
343507 1 
343508 1 
343509 1 
343510 1 
343511 1 
343512 1 
343513 1 
343514 1 
343515 1 
343516 1 
343517 1 
343518 1 
343519 1 
343520 1 
343521 1 
343522 1 
343523 1 
343524 1 
343525 1 
343526 1 
343527 1 
343528 1 
343529 1 
343530 1 
343531 1 
343532 1 
343533 1 
343534 1 
343535 1 
343536 1 
343537 1 
343538 1 
343539 1 
343540 1 
343541 1 
343542 1 
343543 1 
343544 1 
343545 1 
343546 1 
343547 1 
343548 1 
343549 1 
343550 1 
343551 1 
343552 1 
343553 1 
343554 1 
343555 1 
343556 1 
343557 1 
343558 1 
343559 1 
343560 1 
343561 1 
343562 1 
343563 1 
343564 1 
343565 1 
343566 1 
343567 1 
343568 1 
343569 1 
343570 1 
343571 1 
343572 1 
343573 1 
343574 1 
343575 1 
343576 1 
343577 1 
343578 1 
343579 1 
343580 1 
343581 1 
343582 1 
343583 1 
343584 1 
343585 1 
343586 1 
343587 1 
343588 1 
343589 1 
343590 1 
343591 1 
343592 1 
343593 1 
343594 1 
343595 1 
343596 1 
343597 1 
343598 1 
343599 1 
343600 1 
343601 1 
343602 1 
343603 1 
343604 1 
343605 1 
343606 1 
343607 1 
343608 1 
343609 1 
343610 1 
343611 1 
343612 1 
343613 1 
343614 1 
343615 1 
343616 1 
343617 1 
343618 1 
343619 1 
343620 1 
343621 1 
343622 1 
343623 1 
343624 1 
343625 1 
343626 1 
343627 1 
343628 1 
343629 1 
343630 1 
343631 1 
343632 1 
343633 1 
343634 1 
343635 1 
343636 1 
343637 1 
343638 1 
343639 1 
343640 1 
343641 1 
343642 1 
343643 1 
343644 1 
343645 1 
343646 1 
343647 1 
343648 1 
343649 1 
343650 1 
343651 1 
343652 1 
343653 1 
343654 1 
343655 1 
343656 1 
343657 1 
343658 1 
343659 1 
343660 1 
343661 1 
343662 1 
343663 1 
343664 1 
343665 1 
343666 1 
343667 1 
343668 1 
343669 1 
343670 1 
343671 1 
343672 1 
343673 1 
343674 1 
343675 1 
343676 1 
343677 1 
343678 1 
343679 1 
343680 1 
343681 1 
343682 1 
343683 1 
343684 1 
343685 1 
343686 1 
343687 1 
343688 1 
343689 1 
343690 1 
343691 1 
343692 1 
343693 1 
343694 1 
343695 1 
343696 1 
343697 1 
343698 1 
343699 1 
343700 1 
343701 1 
343702 1 
343703 1 
343704 1 
343705 1 
343706 1 
343707 1 
343708 1 
343709 1 
343710 1 
343711 1 
343712 1 
343713 1 
343714 1 
343715 1 
343716 1 
343717 1 
343718 1 
343719 1 
343720 1 
343721 1 
343722 1 
343723 1 
343724 1 
343725 1 
343726 1 
343727 1 
343728 1 
343729 1 
343730 1 
343731 1 
343732 1 
343733 1 
343734 1 
343735 1 
343736 1 
343737 1 
343738 1 
343739 1 
343740 1 
343741 1 
343742 1 
343743 1 
343744 1 
343745 1 
343746 1 
343747 1 
343748 1 
343749 1 
343750 1 
343751 1 
343752 1 
343753 1 
343754 1 
343755 1 
343756 1 
343757 1 
343758 1 
343759 1 
343760 1 
343761 1 
343762 1 
343763 1 
343764 1 
343765 1 
343766 1 
343767 1 
343768 1 
343769 1 
343770 1 
343771 1 
343772 1 
343773 1 
343774 1 
343775 1 
343776 1 
343777 1 
343778 1 
343779 1 
343780 1 
343781 1 
343782 1 
343783 1 
343784 1 
343785 1 
343786 1 
343787 1 
343788 1 
343789 1 
343790 1 
343791 1 
343792 1 
343793 1 
343794 1 
343795 1 
343796 1 
343797 1 
343798 1 
343799 1 
343800 1 
343801 1 
343802 1 
343803 1 
343804 1 
343805 1 
343806 1 
343807 1 
343808 1 
343809 1 
343810 1 
343811 1 
343812 1 
343813 1 
343814 1 
343815 1 
343816 1 
343817 1 
343818 1 
343819 1 
343820 1 
343821 1 
343822 1 
343823 1 
343824 1 
343825 1 
343826 1 
343827 1 
343828 1 
343829 1 
343830 1 
343831 1 
343832 1 
343833 1 
343834 1 
343835 1 
343836 1 
343837 1 
343838 1 
343839 1 
343840 1 
343841 1 
343842 1 
343843 1 
343844 1 
343845 1 
343846 1 
343847 1 
343848 1 
343849 1 
343850 1 
343851 1 
343852 1 
343853 1 
343854 1 
343855 1 
343856 1 
343857 1 
343858 1 
343859 1 
343860 1 
343861 1 
343862 1 
343863 1 
343864 1 
343865 1 
343866 1 
343867 1 
343868 1 
343869 1 
343870 1 
343871 1 
343872 1 
343873 1 
343874 1 
343875 1 
343876 1 
343877 1 
343878 1 
343879 1 
343880 1 
343881 1 
343882 1 
343883 1 
343884 1 
343885 1 
343886 1 
343887 1 
343888 1 
343889 1 
343890 1 
343891 1 
343892 1 
343893 1 
343894 1 
343895 1 
343896 1 
343897 1 
343898 1 
343899 1 
343900 1 
343901 1 
343902 1 
343903 1 
343904 1 
343905 1 
343906 1 
343907 1 
343908 1 
343909 1 
343910 1 
343911 1 
343912 1 
343913 1 
343914 1 
343915 1 
343916 1 
343917 1 
343918 1 
343919 1 
343920 1 
343921 1 
343922 1 
343923 1 
343924 1 
343925 1 
343926 1 
343927 1 
343928 1 
343929 1 
343930 1 
343931 1 
343932 1 
343933 1 
343934 1 
343935 1 
343936 1 
343937 1 
343938 1 
343939 1 
343940 1 
343941 1 
343942 1 
343943 1 
343944 1 
343945 1 
343946 1 
343947 1 
343948 1 
343949 1 
343950 1 
343951 1 
343952 1 
343953 1 
343954 1 
343955 1 
343956 1 
343957 1 
343958 1 
343959 1 
343960 1 
343961 1 
343962 1 
343963 1 
343964 1 
343965 1 
343966 1 
343967 1 
343968 1 
343969 1 
343970 1 
343971 1 
343972 1 
343973 1 
343974 1 
343975 1 
343976 1 
343977 1 
343978 1 
343979 1 
343980 1 
343981 1 
343982 1 
343983 1 
343984 1 
343985 1 
343986 1 
343987 1 
343988 1 
343989 1 
343990 1 
343991 1 
343992 1 
343993 1 
343994 1 
343995 1 
343996 1 
343997 1 
343998 1 
343999 1 
344000 1 
344001 1 
344002 1 
344003 1 
344004 1 
344005 1 
344006 1 
344007 1 
344008 1 
344009 1 
344010 1 
344011 1 
344012 1 
344013 1 
344014 1 
344015 1 
344016 1 
344017 1 
344018 1 
344019 1 
344020 1 
344021 1 
344022 1 
344023 1 
344024 1 
344025 1 
344026 1 
344027 1 
344028 1 
344029 1 
344030 1 
344031 1 
344032 1 
344033 1 
344034 1 
344035 1 
344036 1 
344037 1 
344038 1 
344039 1 
344040 1 
344041 1 
344042 1 
344043 1 
344044 1 
344045 1 
344046 1 
344047 1 
344048 1 
344049 1 
344050 1 
344051 1 
344052 1 
344053 1 
344054 1 
344055 1 
344056 1 
344057 1 
344058 1 
344059 1 
344060 1 
344061 1 
344062 1 
344063 1 
344064 1 
344065 1 
344066 1 
344067 1 
344068 1 
344069 1 
344070 1 
344071 1 
344072 1 
344073 1 
344074 1 
344075 1 
344076 1 
344077 1 
344078 1 
344079 1 
344080 1 
344081 1 
344082 1 
344083 1 
344084 1 
344085 1 
344086 1 
344087 1 
344088 1 
344089 1 
344090 1 
344091 1 
344092 1 
344093 1 
344094 1 
344095 1 
344096 1 
344097 1 
344098 1 
344099 1 
344100 1 
344101 1 
344102 1 
344103 1 
344104 1 
344105 1 
344106 1 
344107 1 
344108 1 
344109 1 
344110 1 
344111 1 
344112 1 
344113 1 
344114 1 
344115 1 
344116 1 
344117 1 
344118 1 
344119 1 
344120 1 
344121 1 
344122 1 
344123 1 
344124 1 
344125 1 
344126 1 
344127 1 
344128 1 
344129 1 
344130 1 
344131 1 
344132 1 
344133 1 
344134 1 
344135 1 
344136 1 
344137 1 
344138 1 
344139 1 
344140 1 
344141 1 
344142 1 
344143 1 
344144 1 
344145 1 
344146 1 
344147 1 
344148 1 
344149 1 
344150 1 
344151 1 
344152 1 
344153 1 
344154 1 
344155 1 
344156 1 
344157 1 
