group1 -56.40717000 -25.10848000 -4.43977450 
group1 -56.70897000 -23.52423000 -3.39483450 
group1 -56.12477000 -22.08153560 -2.22667450 
group3 -50.91717000 -24.71484000 -4.12896450 
group3 -50.92747000 -26.38235000 -4.51375450 
group3 -54.67167000 -24.62496000 -1.28691450 
group1 -56.97007000 -19.40006000 -4.75790450 
group1 -56.80327000 -17.97154000 -3.14604450 
group3 -47.67887000 -24.93780000 -1.16685450 
group3 -44.44854000 -24.67788000 -0.94936450 
group3 -41.36450000 -24.73246000 -0.12756450 
group3 -39.71266000 -25.16678000 0.97749550 
group3 -37.15215000 -25.03364000 1.02213550 
group3 -34.17243000 -24.45408000 0.20625550 
group3 -32.16150000 -24.62495500 -1.29235450 
group3 -25.16887000 -24.93780000 -1.16685450 
group3 -21.93854000 -24.67788000 -0.94936450 
group3 -18.85450000 -24.73246000 -0.12756450 
group3 -17.20266000 -25.16678000 0.97749550 
group3 -14.64215000 -25.03364000 1.02213550 
group3 -11.66243000 -24.45408000 0.20625550 
group3 -9.65150000 -24.62495500 -1.29235450 
group3 -2.65887000 -24.93780000 -1.16685450 
group3 0.57146000 -24.67788000 -0.94936450 
group3 3.65550000 -24.73246000 -0.12756450 
group3 5.30734000 -25.16678000 0.97749550 
group3 7.86785000 -25.03364000 1.02213550 
group3 10.84757000 -24.45408000 0.20625550 
group3 12.85850000 -24.62495500 -1.29235450 
group3 19.85113000 -24.93780000 -1.16685450 
group3 23.08146000 -24.67788000 -0.94936450 
group3 26.16550000 -24.73246000 -0.12756450 
group3 27.81734000 -25.16678000 0.97749550 
group3 30.37785000 -25.03364000 1.02213550 
group3 33.35757000 -24.45408000 0.20625550 
group3 35.36850000 -24.62495500 -1.29235450 
group3 42.36113000 -24.93780000 -1.16685450 
group3 45.59146000 -24.67788000 -0.94936450 
group3 48.67550000 -24.73246000 -0.12756450 
group3 50.32734000 -25.16678000 0.97749550 
group3 52.88785000 -25.03364000 1.02213550 
group3 55.86757000 -24.45408000 0.20625550 
group2 57.87867000 -24.62495000 -1.29779450 
group1 -56.12477000 -12.08153560 -2.22667450 
group1 -56.70897000 -13.52423000 -3.39483450 
group1 -56.40717000 -15.10848000 -4.43977450 
group1 -57.87867000 -19.87832000 -0.98934450 
group1 -56.97007000 -9.40006000 -4.75790450 
group1 -56.80327000 -7.97154000 -3.14604450 
group2 57.87867000 -14.62495000 -1.29779450 
group1 -56.12477000 -2.08153560 -2.22667450 
group1 -56.70897000 -3.52423000 -3.39483450 
group1 -56.40717000 -5.10848000 -4.43977450 
group1 -57.87867000 -9.87832000 -0.98934450 
group1 -56.97007000 0.59994000 -4.75790450 
group1 -56.80327000 2.02846000 -3.14604450 
group2 57.87867000 -4.62495000 -1.29779450 
group1 -56.12477000 7.91846440 -2.22667450 
group1 -56.70897000 6.47577000 -3.39483450 
group1 -56.40717000 4.89152000 -4.43977450 
group1 -57.87867000 0.12168000 -0.98934450 
group1 -56.97007000 10.59994000 -4.75790450 
group1 -56.80327000 12.02846000 -3.14604450 
group2 57.87867000 5.37505000 -1.29779450 
group4 45.00122000 25.08591000 2.52221550 
group4 22.49122000 25.08591000 2.52221550 
group4 -0.01878000 25.08591000 2.52221550 
group4 -22.52878000 25.08591000 2.52221550 
group4 -45.03878000 25.08591000 2.52221550 
group1 -56.12477000 17.91846440 -2.22667450 
group1 -56.70897000 16.47577000 -3.39483450 
group1 -56.40717000 14.89152000 -4.43977450 
group1 -57.87867000 10.12168000 -0.98934450 
group1 -56.97007000 20.59994000 -4.75790450 
group1 -56.80327000 22.02846000 -3.14604450 
group4 -37.31433000 24.54387000 -0.84042450 
group4 -14.80433000 24.54387000 -0.84042450 
group4 7.70567000 24.54387000 -0.84042450 
group4 30.21567000 24.54387000 -0.84042450 
group4 52.72567000 24.54387000 -0.84042450 
group2 57.87867000 15.37505000 -1.29779450 
group4 49.84509000 26.11483000 -2.21774450 
group4 44.86062000 26.38235000 -4.13458450 
group4 47.51336000 25.77016000 5.82855550 
group4 41.77263000 26.03148000 5.51735550 
group4 33.63283000 24.89152000 -4.43977450 
group4 27.33509000 26.11483000 -2.21774450 
group4 22.35062000 26.38235000 -4.13458450 
group4 25.00336000 25.77016000 5.82855550 
group4 19.26263000 26.03148000 5.51735550 
group4 11.12283000 24.89152000 -4.43977450 
group4 4.82509000 26.11483000 -2.21774450 
group4 -0.15938000 26.38235000 -4.13458450 
group4 2.49336000 25.77016000 5.82855550 
group4 -3.24737000 26.03148000 5.51735550 
group4 -11.38717000 24.89152000 -4.43977450 
group4 -17.68491000 26.11483000 -2.21774450 
group4 -22.66938000 26.38235000 -4.13458450 
group4 -20.01664000 25.77016000 5.82855550 
group4 -25.75737000 26.03148000 5.51735550 
group4 -33.89717000 24.89152000 -4.43977450 
group4 -40.19491000 26.11483000 -2.21774450 
group4 -45.17938000 26.38235000 -4.13458450 
group4 -42.52664000 25.77016000 5.82855550 
group4 -48.26737000 26.03148000 5.51735550 
group1 -56.40717000 24.89152000 -4.43977450 
group1 -57.87867000 20.12168000 -0.98934450 
