group1 -281.50717000 -250.10848000 -4.43977450 
group1 -281.80897000 -248.52423000 -3.39483450 
group1 -281.22477000 -247.08153560 -2.22667450 
group3 -276.01717000 -249.71484000 -4.12896450 
group3 -276.02747000 -251.38235000 -4.51375450 
group3 -279.77167000 -249.62496000 -1.28691450 
group1 -282.07007000 -244.40006000 -4.75790450 
group1 -281.90327000 -242.97154000 -3.14604450 
group3 -272.77887000 -249.93780000 -1.16685450 
group3 -269.54854000 -249.67788000 -0.94936450 
group3 -266.46450000 -249.73246000 -0.12756450 
group3 -264.81266000 -250.16678000 0.97749550 
group3 -262.25215000 -250.03364000 1.02213550 
group3 -259.27243000 -249.45408000 0.20625550 
group3 -257.26150000 -249.62495500 -1.29235450 
group3 -250.26887000 -249.93780000 -1.16685450 
group3 -247.03854000 -249.67788000 -0.94936450 
group3 -243.95450000 -249.73246000 -0.12756450 
group3 -242.30266000 -250.16678000 0.97749550 
group3 -239.74215000 -250.03364000 1.02213550 
group3 -236.76243000 -249.45408000 0.20625550 
group3 -234.75150000 -249.62495500 -1.29235450 
group3 -227.75887000 -249.93780000 -1.16685450 
group3 -224.52854000 -249.67788000 -0.94936450 
group3 -221.44450000 -249.73246000 -0.12756450 
group3 -219.79266000 -250.16678000 0.97749550 
group3 -217.23215000 -250.03364000 1.02213550 
group3 -214.25243000 -249.45408000 0.20625550 
group3 -212.24150000 -249.62495500 -1.29235450 
group3 -205.24887000 -249.93780000 -1.16685450 
group3 -202.01854000 -249.67788000 -0.94936450 
group3 -198.93450000 -249.73246000 -0.12756450 
group3 -197.28266000 -250.16678000 0.97749550 
group3 -194.72215000 -250.03364000 1.02213550 
group3 -191.74243000 -249.45408000 0.20625550 
group3 -189.73150000 -249.62495500 -1.29235450 
group3 -182.73887000 -249.93780000 -1.16685450 
group3 -179.50854000 -249.67788000 -0.94936450 
group3 -176.42450000 -249.73246000 -0.12756450 
group3 -174.77266000 -250.16678000 0.97749550 
group3 -172.21215000 -250.03364000 1.02213550 
group3 -169.23243000 -249.45408000 0.20625550 
group3 -167.22150000 -249.62495500 -1.29235450 
group3 -160.22887000 -249.93780000 -1.16685450 
group3 -156.99854000 -249.67788000 -0.94936450 
group3 -153.91450000 -249.73246000 -0.12756450 
group3 -152.26266000 -250.16678000 0.97749550 
group3 -149.70215000 -250.03364000 1.02213550 
group3 -146.72243000 -249.45408000 0.20625550 
group3 -144.71150000 -249.62495500 -1.29235450 
group3 -137.71887000 -249.93780000 -1.16685450 
group3 -134.48854000 -249.67788000 -0.94936450 
group3 -131.40450000 -249.73246000 -0.12756450 
group3 -129.75266000 -250.16678000 0.97749550 
group3 -127.19215000 -250.03364000 1.02213550 
group3 -124.21243000 -249.45408000 0.20625550 
group3 -122.20150000 -249.62495500 -1.29235450 
group3 -115.20887000 -249.93780000 -1.16685450 
group3 -111.97854000 -249.67788000 -0.94936450 
group3 -108.89450000 -249.73246000 -0.12756450 
group3 -107.24266000 -250.16678000 0.97749550 
group3 -104.68215000 -250.03364000 1.02213550 
group3 -101.70243000 -249.45408000 0.20625550 
group3 -99.69150000 -249.62495500 -1.29235450 
group3 -92.69887000 -249.93780000 -1.16685450 
group3 -89.46854000 -249.67788000 -0.94936450 
group3 -86.38450000 -249.73246000 -0.12756450 
group3 -84.73266000 -250.16678000 0.97749550 
group3 -82.17215000 -250.03364000 1.02213550 
group3 -79.19243000 -249.45408000 0.20625550 
group3 -77.18150000 -249.62495500 -1.29235450 
group3 -70.18887000 -249.93780000 -1.16685450 
group3 -66.95854000 -249.67788000 -0.94936450 
group3 -63.87450000 -249.73246000 -0.12756450 
group3 -62.22266000 -250.16678000 0.97749550 
group3 -59.66215000 -250.03364000 1.02213550 
group3 -56.68243000 -249.45408000 0.20625550 
group3 -54.67150000 -249.62495500 -1.29235450 
group3 -47.67887000 -249.93780000 -1.16685450 
group3 -44.44854000 -249.67788000 -0.94936450 
group3 -41.36450000 -249.73246000 -0.12756450 
group3 -39.71266000 -250.16678000 0.97749550 
group3 -37.15215000 -250.03364000 1.02213550 
group3 -34.17243000 -249.45408000 0.20625550 
group3 -32.16150000 -249.62495500 -1.29235450 
group3 -25.16887000 -249.93780000 -1.16685450 
group3 -21.93854000 -249.67788000 -0.94936450 
group3 -18.85450000 -249.73246000 -0.12756450 
group3 -17.20266000 -250.16678000 0.97749550 
group3 -14.64215000 -250.03364000 1.02213550 
group3 -11.66243000 -249.45408000 0.20625550 
group3 -9.65150000 -249.62495500 -1.29235450 
group3 -2.65887000 -249.93780000 -1.16685450 
group3 0.57146000 -249.67788000 -0.94936450 
group3 3.65550000 -249.73246000 -0.12756450 
group3 5.30734000 -250.16678000 0.97749550 
group3 7.86785000 -250.03364000 1.02213550 
group3 10.84757000 -249.45408000 0.20625550 
group3 12.85850000 -249.62495500 -1.29235450 
group3 19.85113000 -249.93780000 -1.16685450 
group3 23.08146000 -249.67788000 -0.94936450 
group3 26.16550000 -249.73246000 -0.12756450 
group3 27.81734000 -250.16678000 0.97749550 
group3 30.37785000 -250.03364000 1.02213550 
group3 33.35757000 -249.45408000 0.20625550 
group3 35.36850000 -249.62495500 -1.29235450 
group3 42.36113000 -249.93780000 -1.16685450 
group3 45.59146000 -249.67788000 -0.94936450 
group3 48.67550000 -249.73246000 -0.12756450 
group3 50.32734000 -250.16678000 0.97749550 
group3 52.88785000 -250.03364000 1.02213550 
group3 55.86757000 -249.45408000 0.20625550 
group3 57.87850000 -249.62495500 -1.29235450 
group3 64.87113000 -249.93780000 -1.16685450 
group3 68.10146000 -249.67788000 -0.94936450 
group3 71.18550000 -249.73246000 -0.12756450 
group3 72.83734000 -250.16678000 0.97749550 
group3 75.39785000 -250.03364000 1.02213550 
group3 78.37757000 -249.45408000 0.20625550 
group3 80.38850000 -249.62495500 -1.29235450 
group3 87.38113000 -249.93780000 -1.16685450 
group3 90.61146000 -249.67788000 -0.94936450 
group3 93.69550000 -249.73246000 -0.12756450 
group3 95.34734000 -250.16678000 0.97749550 
group3 97.90785000 -250.03364000 1.02213550 
group3 100.88757000 -249.45408000 0.20625550 
group3 102.89850000 -249.62495500 -1.29235450 
group3 109.89113000 -249.93780000 -1.16685450 
group3 113.12146000 -249.67788000 -0.94936450 
group3 116.20550000 -249.73246000 -0.12756450 
group3 117.85734000 -250.16678000 0.97749550 
group3 120.41785000 -250.03364000 1.02213550 
group3 123.39757000 -249.45408000 0.20625550 
group3 125.40850000 -249.62495500 -1.29235450 
group3 132.40113000 -249.93780000 -1.16685450 
group3 135.63146000 -249.67788000 -0.94936450 
group3 138.71550000 -249.73246000 -0.12756450 
group3 140.36734000 -250.16678000 0.97749550 
group3 142.92785000 -250.03364000 1.02213550 
group3 145.90757000 -249.45408000 0.20625550 
group3 147.91850000 -249.62495500 -1.29235450 
group3 154.91113000 -249.93780000 -1.16685450 
group3 158.14146000 -249.67788000 -0.94936450 
group3 161.22550000 -249.73246000 -0.12756450 
group3 162.87734000 -250.16678000 0.97749550 
group3 165.43785000 -250.03364000 1.02213550 
group3 168.41757000 -249.45408000 0.20625550 
group3 170.42850000 -249.62495500 -1.29235450 
group3 177.42113000 -249.93780000 -1.16685450 
group3 180.65146000 -249.67788000 -0.94936450 
group3 183.73550000 -249.73246000 -0.12756450 
group3 185.38734000 -250.16678000 0.97749550 
group3 187.94785000 -250.03364000 1.02213550 
group3 190.92757000 -249.45408000 0.20625550 
group3 192.93850000 -249.62495500 -1.29235450 
group3 199.93113000 -249.93780000 -1.16685450 
group3 203.16146000 -249.67788000 -0.94936450 
group3 206.24550000 -249.73246000 -0.12756450 
group3 207.89734000 -250.16678000 0.97749550 
group3 210.45785000 -250.03364000 1.02213550 
group3 213.43757000 -249.45408000 0.20625550 
group3 215.44850000 -249.62495500 -1.29235450 
group3 222.44113000 -249.93780000 -1.16685450 
group3 225.67146000 -249.67788000 -0.94936450 
group3 228.75550000 -249.73246000 -0.12756450 
group3 230.40734000 -250.16678000 0.97749550 
group3 232.96785000 -250.03364000 1.02213550 
group3 235.94757000 -249.45408000 0.20625550 
group3 237.95850000 -249.62495500 -1.29235450 
group3 244.95113000 -249.93780000 -1.16685450 
group3 248.18146000 -249.67788000 -0.94936450 
group3 251.26550000 -249.73246000 -0.12756450 
group3 252.91734000 -250.16678000 0.97749550 
group3 255.47785000 -250.03364000 1.02213550 
group3 258.45757000 -249.45408000 0.20625550 
group3 260.46850000 -249.62495500 -1.29235450 
group3 267.46113000 -249.93780000 -1.16685450 
group3 270.69146000 -249.67788000 -0.94936450 
group3 273.77550000 -249.73246000 -0.12756450 
group3 275.42734000 -250.16678000 0.97749550 
group3 277.98785000 -250.03364000 1.02213550 
group3 280.96757000 -249.45408000 0.20625550 
group2 282.97867000 -249.62495000 -1.29779450 
group1 -281.22477000 -237.08153560 -2.22667450 
group1 -281.80897000 -238.52423000 -3.39483450 
group1 -281.50717000 -240.10848000 -4.43977450 
group1 -282.97867000 -244.87832000 -0.98934450 
group1 -282.07007000 -234.40006000 -4.75790450 
group1 -281.90327000 -232.97154000 -3.14604450 
group2 282.97867000 -239.62495000 -1.29779450 
group1 -281.22477000 -227.08153560 -2.22667450 
group1 -281.80897000 -228.52423000 -3.39483450 
group1 -281.50717000 -230.10848000 -4.43977450 
group1 -282.97867000 -234.87832000 -0.98934450 
group1 -282.07007000 -224.40006000 -4.75790450 
group1 -281.90327000 -222.97154000 -3.14604450 
group2 282.97867000 -229.62495000 -1.29779450 
group1 -281.22477000 -217.08153560 -2.22667450 
group1 -281.80897000 -218.52423000 -3.39483450 
group1 -281.50717000 -220.10848000 -4.43977450 
group1 -282.97867000 -224.87832000 -0.98934450 
group1 -282.07007000 -214.40006000 -4.75790450 
group1 -281.90327000 -212.97154000 -3.14604450 
group2 282.97867000 -219.62495000 -1.29779450 
group1 -281.22477000 -207.08153560 -2.22667450 
group1 -281.80897000 -208.52423000 -3.39483450 
group1 -281.50717000 -210.10848000 -4.43977450 
group1 -282.97867000 -214.87832000 -0.98934450 
group1 -282.07007000 -204.40006000 -4.75790450 
group1 -281.90327000 -202.97154000 -3.14604450 
group2 282.97867000 -209.62495000 -1.29779450 
group1 -281.22477000 -197.08153560 -2.22667450 
group1 -281.80897000 -198.52423000 -3.39483450 
group1 -281.50717000 -200.10848000 -4.43977450 
group1 -282.97867000 -204.87832000 -0.98934450 
group1 -282.07007000 -194.40006000 -4.75790450 
group1 -281.90327000 -192.97154000 -3.14604450 
group2 282.97867000 -199.62495000 -1.29779450 
group1 -281.22477000 -187.08153560 -2.22667450 
group1 -281.80897000 -188.52423000 -3.39483450 
group1 -281.50717000 -190.10848000 -4.43977450 
group1 -282.97867000 -194.87832000 -0.98934450 
group1 -282.07007000 -184.40006000 -4.75790450 
group1 -281.90327000 -182.97154000 -3.14604450 
group2 282.97867000 -189.62495000 -1.29779450 
group1 -281.22477000 -177.08153560 -2.22667450 
group1 -281.80897000 -178.52423000 -3.39483450 
group1 -281.50717000 -180.10848000 -4.43977450 
group1 -282.97867000 -184.87832000 -0.98934450 
group1 -282.07007000 -174.40006000 -4.75790450 
group1 -281.90327000 -172.97154000 -3.14604450 
group2 282.97867000 -179.62495000 -1.29779450 
group1 -281.22477000 -167.08153560 -2.22667450 
group1 -281.80897000 -168.52423000 -3.39483450 
group1 -281.50717000 -170.10848000 -4.43977450 
group1 -282.97867000 -174.87832000 -0.98934450 
group1 -282.07007000 -164.40006000 -4.75790450 
group1 -281.90327000 -162.97154000 -3.14604450 
group2 282.97867000 -169.62495000 -1.29779450 
group1 -281.22477000 -157.08153560 -2.22667450 
group1 -281.80897000 -158.52423000 -3.39483450 
group1 -281.50717000 -160.10848000 -4.43977450 
group1 -282.97867000 -164.87832000 -0.98934450 
group1 -282.07007000 -154.40006000 -4.75790450 
group1 -281.90327000 -152.97154000 -3.14604450 
group2 282.97867000 -159.62495000 -1.29779450 
group1 -281.22477000 -147.08153560 -2.22667450 
group1 -281.80897000 -148.52423000 -3.39483450 
group1 -281.50717000 -150.10848000 -4.43977450 
group1 -282.97867000 -154.87832000 -0.98934450 
group1 -282.07007000 -144.40006000 -4.75790450 
group1 -281.90327000 -142.97154000 -3.14604450 
group2 282.97867000 -149.62495000 -1.29779450 
group1 -281.22477000 -137.08153560 -2.22667450 
group1 -281.80897000 -138.52423000 -3.39483450 
group1 -281.50717000 -140.10848000 -4.43977450 
group1 -282.97867000 -144.87832000 -0.98934450 
group1 -282.07007000 -134.40006000 -4.75790450 
group1 -281.90327000 -132.97154000 -3.14604450 
group2 282.97867000 -139.62495000 -1.29779450 
group1 -281.22477000 -127.08153560 -2.22667450 
group1 -281.80897000 -128.52423000 -3.39483450 
group1 -281.50717000 -130.10848000 -4.43977450 
group1 -282.97867000 -134.87832000 -0.98934450 
group1 -282.07007000 -124.40006000 -4.75790450 
group1 -281.90327000 -122.97154000 -3.14604450 
group2 282.97867000 -129.62495000 -1.29779450 
group1 -281.22477000 -117.08153560 -2.22667450 
group1 -281.80897000 -118.52423000 -3.39483450 
group1 -281.50717000 -120.10848000 -4.43977450 
group1 -282.97867000 -124.87832000 -0.98934450 
group1 -282.07007000 -114.40006000 -4.75790450 
group1 -281.90327000 -112.97154000 -3.14604450 
group2 282.97867000 -119.62495000 -1.29779450 
group1 -281.22477000 -107.08153560 -2.22667450 
group1 -281.80897000 -108.52423000 -3.39483450 
group1 -281.50717000 -110.10848000 -4.43977450 
group1 -282.97867000 -114.87832000 -0.98934450 
group1 -282.07007000 -104.40006000 -4.75790450 
group1 -281.90327000 -102.97154000 -3.14604450 
group2 282.97867000 -109.62495000 -1.29779450 
group1 -281.22477000 -97.08153560 -2.22667450 
group1 -281.80897000 -98.52423000 -3.39483450 
group1 -281.50717000 -100.10848000 -4.43977450 
group1 -282.97867000 -104.87832000 -0.98934450 
group1 -282.07007000 -94.40006000 -4.75790450 
group1 -281.90327000 -92.97154000 -3.14604450 
group2 282.97867000 -99.62495000 -1.29779450 
group1 -281.22477000 -87.08153560 -2.22667450 
group1 -281.80897000 -88.52423000 -3.39483450 
group1 -281.50717000 -90.10848000 -4.43977450 
group1 -282.97867000 -94.87832000 -0.98934450 
group1 -282.07007000 -84.40006000 -4.75790450 
group1 -281.90327000 -82.97154000 -3.14604450 
group2 282.97867000 -89.62495000 -1.29779450 
group1 -281.22477000 -77.08153560 -2.22667450 
group1 -281.80897000 -78.52423000 -3.39483450 
group1 -281.50717000 -80.10848000 -4.43977450 
group1 -282.97867000 -84.87832000 -0.98934450 
group1 -282.07007000 -74.40006000 -4.75790450 
group1 -281.90327000 -72.97154000 -3.14604450 
group2 282.97867000 -79.62495000 -1.29779450 
group1 -281.22477000 -67.08153560 -2.22667450 
group1 -281.80897000 -68.52423000 -3.39483450 
group1 -281.50717000 -70.10848000 -4.43977450 
group1 -282.97867000 -74.87832000 -0.98934450 
group1 -282.07007000 -64.40006000 -4.75790450 
group1 -281.90327000 -62.97154000 -3.14604450 
group2 282.97867000 -69.62495000 -1.29779450 
group1 -281.22477000 -57.08153560 -2.22667450 
group1 -281.80897000 -58.52423000 -3.39483450 
group1 -281.50717000 -60.10848000 -4.43977450 
group1 -282.97867000 -64.87832000 -0.98934450 
group1 -282.07007000 -54.40006000 -4.75790450 
group1 -281.90327000 -52.97154000 -3.14604450 
group2 282.97867000 -59.62495000 -1.29779450 
group1 -281.22477000 -47.08153560 -2.22667450 
group1 -281.80897000 -48.52423000 -3.39483450 
group1 -281.50717000 -50.10848000 -4.43977450 
group1 -282.97867000 -54.87832000 -0.98934450 
group1 -282.07007000 -44.40006000 -4.75790450 
group1 -281.90327000 -42.97154000 -3.14604450 
group2 282.97867000 -49.62495000 -1.29779450 
group1 -281.22477000 -37.08153560 -2.22667450 
group1 -281.80897000 -38.52423000 -3.39483450 
group1 -281.50717000 -40.10848000 -4.43977450 
group1 -282.97867000 -44.87832000 -0.98934450 
group1 -282.07007000 -34.40006000 -4.75790450 
group1 -281.90327000 -32.97154000 -3.14604450 
group2 282.97867000 -39.62495000 -1.29779450 
group1 -281.22477000 -27.08153560 -2.22667450 
group1 -281.80897000 -28.52423000 -3.39483450 
group1 -281.50717000 -30.10848000 -4.43977450 
group1 -282.97867000 -34.87832000 -0.98934450 
group1 -282.07007000 -24.40006000 -4.75790450 
group1 -281.90327000 -22.97154000 -3.14604450 
group2 282.97867000 -29.62495000 -1.29779450 
group1 -281.22477000 -17.08153560 -2.22667450 
group1 -281.80897000 -18.52423000 -3.39483450 
group1 -281.50717000 -20.10848000 -4.43977450 
group1 -282.97867000 -24.87832000 -0.98934450 
group1 -282.07007000 -14.40006000 -4.75790450 
group1 -281.90327000 -12.97154000 -3.14604450 
group2 282.97867000 -19.62495000 -1.29779450 
group1 -281.22477000 -7.08153560 -2.22667450 
group1 -281.80897000 -8.52423000 -3.39483450 
group1 -281.50717000 -10.10848000 -4.43977450 
group1 -282.97867000 -14.87832000 -0.98934450 
group1 -282.07007000 -4.40006000 -4.75790450 
group1 -281.90327000 -2.97154000 -3.14604450 
group2 282.97867000 -9.62495000 -1.29779450 
group1 -281.22477000 2.91846440 -2.22667450 
group1 -281.80897000 1.47577000 -3.39483450 
group1 -281.50717000 -0.10848000 -4.43977450 
group1 -282.97867000 -4.87832000 -0.98934450 
group1 -282.07007000 5.59994000 -4.75790450 
group1 -281.90327000 7.02846000 -3.14604450 
group2 282.97867000 0.37505000 -1.29779450 
group1 -281.22477000 12.91846440 -2.22667450 
group1 -281.80897000 11.47577000 -3.39483450 
group1 -281.50717000 9.89152000 -4.43977450 
group1 -282.97867000 5.12168000 -0.98934450 
group1 -282.07007000 15.59994000 -4.75790450 
group1 -281.90327000 17.02846000 -3.14604450 
group2 282.97867000 10.37505000 -1.29779450 
group1 -281.22477000 22.91846440 -2.22667450 
group1 -281.80897000 21.47577000 -3.39483450 
group1 -281.50717000 19.89152000 -4.43977450 
group1 -282.97867000 15.12168000 -0.98934450 
group1 -282.07007000 25.59994000 -4.75790450 
group1 -281.90327000 27.02846000 -3.14604450 
group2 282.97867000 20.37505000 -1.29779450 
group1 -281.22477000 32.91846440 -2.22667450 
group1 -281.80897000 31.47577000 -3.39483450 
group1 -281.50717000 29.89152000 -4.43977450 
group1 -282.97867000 25.12168000 -0.98934450 
group1 -282.07007000 35.59994000 -4.75790450 
group1 -281.90327000 37.02846000 -3.14604450 
group2 282.97867000 30.37505000 -1.29779450 
group1 -281.22477000 42.91846440 -2.22667450 
group1 -281.80897000 41.47577000 -3.39483450 
group1 -281.50717000 39.89152000 -4.43977450 
group1 -282.97867000 35.12168000 -0.98934450 
group1 -282.07007000 45.59994000 -4.75790450 
group1 -281.90327000 47.02846000 -3.14604450 
group2 282.97867000 40.37505000 -1.29779450 
group1 -281.22477000 52.91846440 -2.22667450 
group1 -281.80897000 51.47577000 -3.39483450 
group1 -281.50717000 49.89152000 -4.43977450 
group1 -282.97867000 45.12168000 -0.98934450 
group1 -282.07007000 55.59994000 -4.75790450 
group1 -281.90327000 57.02846000 -3.14604450 
group2 282.97867000 50.37505000 -1.29779450 
group1 -281.22477000 62.91846440 -2.22667450 
group1 -281.80897000 61.47577000 -3.39483450 
group1 -281.50717000 59.89152000 -4.43977450 
group1 -282.97867000 55.12168000 -0.98934450 
group1 -282.07007000 65.59994000 -4.75790450 
group1 -281.90327000 67.02846000 -3.14604450 
group2 282.97867000 60.37505000 -1.29779450 
group1 -281.22477000 72.91846440 -2.22667450 
group1 -281.80897000 71.47577000 -3.39483450 
group1 -281.50717000 69.89152000 -4.43977450 
group1 -282.97867000 65.12168000 -0.98934450 
group1 -282.07007000 75.59994000 -4.75790450 
group1 -281.90327000 77.02846000 -3.14604450 
group2 282.97867000 70.37505000 -1.29779450 
group1 -281.22477000 82.91846440 -2.22667450 
group1 -281.80897000 81.47577000 -3.39483450 
group1 -281.50717000 79.89152000 -4.43977450 
group1 -282.97867000 75.12168000 -0.98934450 
group1 -282.07007000 85.59994000 -4.75790450 
group1 -281.90327000 87.02846000 -3.14604450 
group2 282.97867000 80.37505000 -1.29779450 
group1 -281.22477000 92.91846440 -2.22667450 
group1 -281.80897000 91.47577000 -3.39483450 
group1 -281.50717000 89.89152000 -4.43977450 
group1 -282.97867000 85.12168000 -0.98934450 
group1 -282.07007000 95.59994000 -4.75790450 
group1 -281.90327000 97.02846000 -3.14604450 
group2 282.97867000 90.37505000 -1.29779450 
group1 -281.22477000 102.91846440 -2.22667450 
group1 -281.80897000 101.47577000 -3.39483450 
group1 -281.50717000 99.89152000 -4.43977450 
group1 -282.97867000 95.12168000 -0.98934450 
group1 -282.07007000 105.59994000 -4.75790450 
group1 -281.90327000 107.02846000 -3.14604450 
group2 282.97867000 100.37505000 -1.29779450 
group1 -281.22477000 112.91846440 -2.22667450 
group1 -281.80897000 111.47577000 -3.39483450 
group1 -281.50717000 109.89152000 -4.43977450 
group1 -282.97867000 105.12168000 -0.98934450 
group1 -282.07007000 115.59994000 -4.75790450 
group1 -281.90327000 117.02846000 -3.14604450 
group2 282.97867000 110.37505000 -1.29779450 
group1 -281.22477000 122.91846440 -2.22667450 
group1 -281.80897000 121.47577000 -3.39483450 
group1 -281.50717000 119.89152000 -4.43977450 
group1 -282.97867000 115.12168000 -0.98934450 
group1 -282.07007000 125.59994000 -4.75790450 
group1 -281.90327000 127.02846000 -3.14604450 
group2 282.97867000 120.37505000 -1.29779450 
group1 -281.22477000 132.91846440 -2.22667450 
group1 -281.80897000 131.47577000 -3.39483450 
group1 -281.50717000 129.89152000 -4.43977450 
group1 -282.97867000 125.12168000 -0.98934450 
group1 -282.07007000 135.59994000 -4.75790450 
group1 -281.90327000 137.02846000 -3.14604450 
group2 282.97867000 130.37505000 -1.29779450 
group1 -281.22477000 142.91846440 -2.22667450 
group1 -281.80897000 141.47577000 -3.39483450 
group1 -281.50717000 139.89152000 -4.43977450 
group1 -282.97867000 135.12168000 -0.98934450 
group1 -282.07007000 145.59994000 -4.75790450 
group1 -281.90327000 147.02846000 -3.14604450 
group2 282.97867000 140.37505000 -1.29779450 
group1 -281.22477000 152.91846440 -2.22667450 
group1 -281.80897000 151.47577000 -3.39483450 
group1 -281.50717000 149.89152000 -4.43977450 
group1 -282.97867000 145.12168000 -0.98934450 
group1 -282.07007000 155.59994000 -4.75790450 
group1 -281.90327000 157.02846000 -3.14604450 
group2 282.97867000 150.37505000 -1.29779450 
group1 -281.22477000 162.91846440 -2.22667450 
group1 -281.80897000 161.47577000 -3.39483450 
group1 -281.50717000 159.89152000 -4.43977450 
group1 -282.97867000 155.12168000 -0.98934450 
group1 -282.07007000 165.59994000 -4.75790450 
group1 -281.90327000 167.02846000 -3.14604450 
group2 282.97867000 160.37505000 -1.29779450 
group1 -281.22477000 172.91846440 -2.22667450 
group1 -281.80897000 171.47577000 -3.39483450 
group1 -281.50717000 169.89152000 -4.43977450 
group1 -282.97867000 165.12168000 -0.98934450 
group1 -282.07007000 175.59994000 -4.75790450 
group1 -281.90327000 177.02846000 -3.14604450 
group2 282.97867000 170.37505000 -1.29779450 
group1 -281.22477000 182.91846440 -2.22667450 
group1 -281.80897000 181.47577000 -3.39483450 
group1 -281.50717000 179.89152000 -4.43977450 
group1 -282.97867000 175.12168000 -0.98934450 
group1 -282.07007000 185.59994000 -4.75790450 
group1 -281.90327000 187.02846000 -3.14604450 
group2 282.97867000 180.37505000 -1.29779450 
group1 -281.22477000 192.91846440 -2.22667450 
group1 -281.80897000 191.47577000 -3.39483450 
group1 -281.50717000 189.89152000 -4.43977450 
group1 -282.97867000 185.12168000 -0.98934450 
group1 -282.07007000 195.59994000 -4.75790450 
group1 -281.90327000 197.02846000 -3.14604450 
group2 282.97867000 190.37505000 -1.29779450 
group1 -281.22477000 202.91846440 -2.22667450 
group1 -281.80897000 201.47577000 -3.39483450 
group1 -281.50717000 199.89152000 -4.43977450 
group1 -282.97867000 195.12168000 -0.98934450 
group1 -282.07007000 205.59994000 -4.75790450 
group1 -281.90327000 207.02846000 -3.14604450 
group2 282.97867000 200.37505000 -1.29779450 
group1 -281.22477000 212.91846440 -2.22667450 
group1 -281.80897000 211.47577000 -3.39483450 
group1 -281.50717000 209.89152000 -4.43977450 
group1 -282.97867000 205.12168000 -0.98934450 
group1 -282.07007000 215.59994000 -4.75790450 
group1 -281.90327000 217.02846000 -3.14604450 
group2 282.97867000 210.37505000 -1.29779450 
group1 -281.22477000 222.91846440 -2.22667450 
group1 -281.80897000 221.47577000 -3.39483450 
group1 -281.50717000 219.89152000 -4.43977450 
group1 -282.97867000 215.12168000 -0.98934450 
group1 -282.07007000 225.59994000 -4.75790450 
group1 -281.90327000 227.02846000 -3.14604450 
group2 282.97867000 220.37505000 -1.29779450 
group1 -281.22477000 232.91846440 -2.22667450 
group1 -281.80897000 231.47577000 -3.39483450 
group1 -281.50717000 229.89152000 -4.43977450 
group1 -282.97867000 225.12168000 -0.98934450 
group1 -282.07007000 235.59994000 -4.75790450 
group1 -281.90327000 237.02846000 -3.14604450 
group2 282.97867000 230.37505000 -1.29779450 
group4 270.10122000 250.08591000 2.52221550 
group4 247.59122000 250.08591000 2.52221550 
group4 225.08122000 250.08591000 2.52221550 
group4 202.57122000 250.08591000 2.52221550 
group4 180.06122000 250.08591000 2.52221550 
group4 157.55122000 250.08591000 2.52221550 
group4 135.04122000 250.08591000 2.52221550 
group4 112.53122000 250.08591000 2.52221550 
group4 90.02122000 250.08591000 2.52221550 
group4 67.51122000 250.08591000 2.52221550 
group4 45.00122000 250.08591000 2.52221550 
group4 22.49122000 250.08591000 2.52221550 
group4 -0.01878000 250.08591000 2.52221550 
group4 -22.52878000 250.08591000 2.52221550 
group4 -45.03878000 250.08591000 2.52221550 
group4 -67.54878000 250.08591000 2.52221550 
group4 -90.05878000 250.08591000 2.52221550 
group4 -112.56878000 250.08591000 2.52221550 
group4 -135.07878000 250.08591000 2.52221550 
group4 -157.58878000 250.08591000 2.52221550 
group4 -180.09878000 250.08591000 2.52221550 
group4 -202.60878000 250.08591000 2.52221550 
group4 -225.11878000 250.08591000 2.52221550 
group4 -247.62878000 250.08591000 2.52221550 
group4 -270.13878000 250.08591000 2.52221550 
group1 -281.22477000 242.91846440 -2.22667450 
group1 -281.80897000 241.47577000 -3.39483450 
group1 -281.50717000 239.89152000 -4.43977450 
group1 -282.97867000 235.12168000 -0.98934450 
group1 -282.07007000 245.59994000 -4.75790450 
group1 -281.90327000 247.02846000 -3.14604450 
group4 -262.41433000 249.54387000 -0.84042450 
group4 -239.90433000 249.54387000 -0.84042450 
group4 -217.39433000 249.54387000 -0.84042450 
group4 -194.88433000 249.54387000 -0.84042450 
group4 -172.37433000 249.54387000 -0.84042450 
group4 -149.86433000 249.54387000 -0.84042450 
group4 -127.35433000 249.54387000 -0.84042450 
group4 -104.84433000 249.54387000 -0.84042450 
group4 -82.33433000 249.54387000 -0.84042450 
group4 -59.82433000 249.54387000 -0.84042450 
group4 -37.31433000 249.54387000 -0.84042450 
group4 -14.80433000 249.54387000 -0.84042450 
group4 7.70567000 249.54387000 -0.84042450 
group4 30.21567000 249.54387000 -0.84042450 
group4 52.72567000 249.54387000 -0.84042450 
group4 75.23567000 249.54387000 -0.84042450 
group4 97.74567000 249.54387000 -0.84042450 
group4 120.25567000 249.54387000 -0.84042450 
group4 142.76567000 249.54387000 -0.84042450 
group4 165.27567000 249.54387000 -0.84042450 
group4 187.78567000 249.54387000 -0.84042450 
group4 210.29567000 249.54387000 -0.84042450 
group4 232.80567000 249.54387000 -0.84042450 
group4 255.31567000 249.54387000 -0.84042450 
group4 277.82567000 249.54387000 -0.84042450 
group2 282.97867000 240.37505000 -1.29779450 
group4 274.94509000 251.11483000 -2.21774450 
group4 269.96062000 251.38235000 -4.13458450 
group4 272.61336000 250.77016000 5.82855550 
group4 266.87263000 251.03148000 5.51735550 
group4 258.73283000 249.89152000 -4.43977450 
group4 252.43509000 251.11483000 -2.21774450 
group4 247.45062000 251.38235000 -4.13458450 
group4 250.10336000 250.77016000 5.82855550 
group4 244.36263000 251.03148000 5.51735550 
group4 236.22283000 249.89152000 -4.43977450 
group4 229.92509000 251.11483000 -2.21774450 
group4 224.94062000 251.38235000 -4.13458450 
group4 227.59336000 250.77016000 5.82855550 
group4 221.85263000 251.03148000 5.51735550 
group4 213.71283000 249.89152000 -4.43977450 
group4 207.41509000 251.11483000 -2.21774450 
group4 202.43062000 251.38235000 -4.13458450 
group4 205.08336000 250.77016000 5.82855550 
group4 199.34263000 251.03148000 5.51735550 
group4 191.20283000 249.89152000 -4.43977450 
group4 184.90509000 251.11483000 -2.21774450 
group4 179.92062000 251.38235000 -4.13458450 
group4 182.57336000 250.77016000 5.82855550 
group4 176.83263000 251.03148000 5.51735550 
group4 168.69283000 249.89152000 -4.43977450 
group4 162.39509000 251.11483000 -2.21774450 
group4 157.41062000 251.38235000 -4.13458450 
group4 160.06336000 250.77016000 5.82855550 
group4 154.32263000 251.03148000 5.51735550 
group4 146.18283000 249.89152000 -4.43977450 
group4 139.88509000 251.11483000 -2.21774450 
group4 134.90062000 251.38235000 -4.13458450 
group4 137.55336000 250.77016000 5.82855550 
group4 131.81263000 251.03148000 5.51735550 
group4 123.67283000 249.89152000 -4.43977450 
group4 117.37509000 251.11483000 -2.21774450 
group4 112.39062000 251.38235000 -4.13458450 
group4 115.04336000 250.77016000 5.82855550 
group4 109.30263000 251.03148000 5.51735550 
group4 101.16283000 249.89152000 -4.43977450 
group4 94.86509000 251.11483000 -2.21774450 
group4 89.88062000 251.38235000 -4.13458450 
group4 92.53336000 250.77016000 5.82855550 
group4 86.79263000 251.03148000 5.51735550 
group4 78.65283000 249.89152000 -4.43977450 
group4 72.35509000 251.11483000 -2.21774450 
group4 67.37062000 251.38235000 -4.13458450 
group4 70.02336000 250.77016000 5.82855550 
group4 64.28263000 251.03148000 5.51735550 
group4 56.14283000 249.89152000 -4.43977450 
group4 49.84509000 251.11483000 -2.21774450 
group4 44.86062000 251.38235000 -4.13458450 
group4 47.51336000 250.77016000 5.82855550 
group4 41.77263000 251.03148000 5.51735550 
group4 33.63283000 249.89152000 -4.43977450 
group4 27.33509000 251.11483000 -2.21774450 
group4 22.35062000 251.38235000 -4.13458450 
group4 25.00336000 250.77016000 5.82855550 
group4 19.26263000 251.03148000 5.51735550 
group4 11.12283000 249.89152000 -4.43977450 
group4 4.82509000 251.11483000 -2.21774450 
group4 -0.15938000 251.38235000 -4.13458450 
group4 2.49336000 250.77016000 5.82855550 
group4 -3.24737000 251.03148000 5.51735550 
group4 -11.38717000 249.89152000 -4.43977450 
group4 -17.68491000 251.11483000 -2.21774450 
group4 -22.66938000 251.38235000 -4.13458450 
group4 -20.01664000 250.77016000 5.82855550 
group4 -25.75737000 251.03148000 5.51735550 
group4 -33.89717000 249.89152000 -4.43977450 
group4 -40.19491000 251.11483000 -2.21774450 
group4 -45.17938000 251.38235000 -4.13458450 
group4 -42.52664000 250.77016000 5.82855550 
group4 -48.26737000 251.03148000 5.51735550 
group4 -56.40717000 249.89152000 -4.43977450 
group4 -62.70491000 251.11483000 -2.21774450 
group4 -67.68938000 251.38235000 -4.13458450 
group4 -65.03664000 250.77016000 5.82855550 
group4 -70.77737000 251.03148000 5.51735550 
group4 -78.91717000 249.89152000 -4.43977450 
group4 -85.21491000 251.11483000 -2.21774450 
group4 -90.19938000 251.38235000 -4.13458450 
group4 -87.54664000 250.77016000 5.82855550 
group4 -93.28737000 251.03148000 5.51735550 
group4 -101.42717000 249.89152000 -4.43977450 
group4 -107.72491000 251.11483000 -2.21774450 
group4 -112.70938000 251.38235000 -4.13458450 
group4 -110.05664000 250.77016000 5.82855550 
group4 -115.79737000 251.03148000 5.51735550 
group4 -123.93717000 249.89152000 -4.43977450 
group4 -130.23491000 251.11483000 -2.21774450 
group4 -135.21938000 251.38235000 -4.13458450 
group4 -132.56664000 250.77016000 5.82855550 
group4 -138.30737000 251.03148000 5.51735550 
group4 -146.44717000 249.89152000 -4.43977450 
group4 -152.74491000 251.11483000 -2.21774450 
group4 -157.72938000 251.38235000 -4.13458450 
group4 -155.07664000 250.77016000 5.82855550 
group4 -160.81737000 251.03148000 5.51735550 
group4 -168.95717000 249.89152000 -4.43977450 
group4 -175.25491000 251.11483000 -2.21774450 
group4 -180.23938000 251.38235000 -4.13458450 
group4 -177.58664000 250.77016000 5.82855550 
group4 -183.32737000 251.03148000 5.51735550 
group4 -191.46717000 249.89152000 -4.43977450 
group4 -197.76491000 251.11483000 -2.21774450 
group4 -202.74938000 251.38235000 -4.13458450 
group4 -200.09664000 250.77016000 5.82855550 
group4 -205.83737000 251.03148000 5.51735550 
group4 -213.97717000 249.89152000 -4.43977450 
group4 -220.27491000 251.11483000 -2.21774450 
group4 -225.25938000 251.38235000 -4.13458450 
group4 -222.60664000 250.77016000 5.82855550 
group4 -228.34737000 251.03148000 5.51735550 
group4 -236.48717000 249.89152000 -4.43977450 
group4 -242.78491000 251.11483000 -2.21774450 
group4 -247.76938000 251.38235000 -4.13458450 
group4 -245.11664000 250.77016000 5.82855550 
group4 -250.85737000 251.03148000 5.51735550 
group4 -258.99717000 249.89152000 -4.43977450 
group4 -265.29491000 251.11483000 -2.21774450 
group4 -270.27938000 251.38235000 -4.13458450 
group4 -267.62664000 250.77016000 5.82855550 
group4 -273.36737000 251.03148000 5.51735550 
group1 -281.50717000 249.89152000 -4.43977450 
group1 -282.97867000 245.12168000 -0.98934450 
