group1 -112.68217000 -50.10848000 -4.43977450 
group1 -112.98397000 -48.52423000 -3.39483450 
group1 -112.39977000 -47.08153560 -2.22667450 
group3 -107.19217000 -49.71484000 -4.12896450 
group3 -107.20247000 -51.38235000 -4.51375450 
group3 -110.94667000 -49.62496000 -1.28691450 
group1 -113.24507000 -44.40006000 -4.75790450 
group1 -113.07827000 -42.97154000 -3.14604450 
group3 -103.95387000 -49.93780000 -1.16685450 
group3 -100.72354000 -49.67788000 -0.94936450 
group3 -97.63950000 -49.73246000 -0.12756450 
group3 -95.98766000 -50.16678000 0.97749550 
group3 -93.42715000 -50.03364000 1.02213550 
group3 -90.44743000 -49.45408000 0.20625550 
group3 -88.43650000 -49.62495500 -1.29235450 
group3 -81.44387000 -49.93780000 -1.16685450 
group3 -78.21354000 -49.67788000 -0.94936450 
group3 -75.12950000 -49.73246000 -0.12756450 
group3 -73.47766000 -50.16678000 0.97749550 
group3 -70.91715000 -50.03364000 1.02213550 
group3 -67.93743000 -49.45408000 0.20625550 
group3 -65.92650000 -49.62495500 -1.29235450 
group3 -58.93387000 -49.93780000 -1.16685450 
group3 -55.70354000 -49.67788000 -0.94936450 
group3 -52.61950000 -49.73246000 -0.12756450 
group3 -50.96766000 -50.16678000 0.97749550 
group3 -48.40715000 -50.03364000 1.02213550 
group3 -45.42743000 -49.45408000 0.20625550 
group3 -43.41650000 -49.62495500 -1.29235450 
group3 -36.42387000 -49.93780000 -1.16685450 
group3 -33.19354000 -49.67788000 -0.94936450 
group3 -30.10950000 -49.73246000 -0.12756450 
group3 -28.45766000 -50.16678000 0.97749550 
group3 -25.89715000 -50.03364000 1.02213550 
group3 -22.91743000 -49.45408000 0.20625550 
group3 -20.90650000 -49.62495500 -1.29235450 
group3 -13.91387000 -49.93780000 -1.16685450 
group3 -10.68354000 -49.67788000 -0.94936450 
group3 -7.59950000 -49.73246000 -0.12756450 
group3 -5.94766000 -50.16678000 0.97749550 
group3 -3.38715000 -50.03364000 1.02213550 
group3 -0.40743000 -49.45408000 0.20625550 
group3 1.60350000 -49.62495500 -1.29235450 
group3 8.59613000 -49.93780000 -1.16685450 
group3 11.82646000 -49.67788000 -0.94936450 
group3 14.91050000 -49.73246000 -0.12756450 
group3 16.56234000 -50.16678000 0.97749550 
group3 19.12285000 -50.03364000 1.02213550 
group3 22.10257000 -49.45408000 0.20625550 
group3 24.11350000 -49.62495500 -1.29235450 
group3 31.10613000 -49.93780000 -1.16685450 
group3 34.33646000 -49.67788000 -0.94936450 
group3 37.42050000 -49.73246000 -0.12756450 
group3 39.07234000 -50.16678000 0.97749550 
group3 41.63285000 -50.03364000 1.02213550 
group3 44.61257000 -49.45408000 0.20625550 
group3 46.62350000 -49.62495500 -1.29235450 
group3 53.61613000 -49.93780000 -1.16685450 
group3 56.84646000 -49.67788000 -0.94936450 
group3 59.93050000 -49.73246000 -0.12756450 
group3 61.58234000 -50.16678000 0.97749550 
group3 64.14285000 -50.03364000 1.02213550 
group3 67.12257000 -49.45408000 0.20625550 
group3 69.13350000 -49.62495500 -1.29235450 
group3 76.12613000 -49.93780000 -1.16685450 
group3 79.35646000 -49.67788000 -0.94936450 
group3 82.44050000 -49.73246000 -0.12756450 
group3 84.09234000 -50.16678000 0.97749550 
group3 86.65285000 -50.03364000 1.02213550 
group3 89.63257000 -49.45408000 0.20625550 
group3 91.64350000 -49.62495500 -1.29235450 
group3 98.63613000 -49.93780000 -1.16685450 
group3 101.86646000 -49.67788000 -0.94936450 
group3 104.95050000 -49.73246000 -0.12756450 
group3 106.60234000 -50.16678000 0.97749550 
group3 109.16285000 -50.03364000 1.02213550 
group3 112.14257000 -49.45408000 0.20625550 
group2 114.15367000 -49.62495000 -1.29779450 
group1 -112.39977000 -37.08153560 -2.22667450 
group1 -112.98397000 -38.52423000 -3.39483450 
group1 -112.68217000 -40.10848000 -4.43977450 
group1 -114.15367000 -44.87832000 -0.98934450 
group1 -113.24507000 -34.40006000 -4.75790450 
group1 -113.07827000 -32.97154000 -3.14604450 
group2 114.15367000 -39.62495000 -1.29779450 
group1 -112.39977000 -27.08153560 -2.22667450 
group1 -112.98397000 -28.52423000 -3.39483450 
group1 -112.68217000 -30.10848000 -4.43977450 
group1 -114.15367000 -34.87832000 -0.98934450 
group1 -113.24507000 -24.40006000 -4.75790450 
group1 -113.07827000 -22.97154000 -3.14604450 
group2 114.15367000 -29.62495000 -1.29779450 
group1 -112.39977000 -17.08153560 -2.22667450 
group1 -112.98397000 -18.52423000 -3.39483450 
group1 -112.68217000 -20.10848000 -4.43977450 
group1 -114.15367000 -24.87832000 -0.98934450 
group1 -113.24507000 -14.40006000 -4.75790450 
group1 -113.07827000 -12.97154000 -3.14604450 
group2 114.15367000 -19.62495000 -1.29779450 
group1 -112.39977000 -7.08153560 -2.22667450 
group1 -112.98397000 -8.52423000 -3.39483450 
group1 -112.68217000 -10.10848000 -4.43977450 
group1 -114.15367000 -14.87832000 -0.98934450 
group1 -113.24507000 -4.40006000 -4.75790450 
group1 -113.07827000 -2.97154000 -3.14604450 
group2 114.15367000 -9.62495000 -1.29779450 
group1 -112.39977000 2.91846440 -2.22667450 
group1 -112.98397000 1.47577000 -3.39483450 
group1 -112.68217000 -0.10848000 -4.43977450 
group1 -114.15367000 -4.87832000 -0.98934450 
group1 -113.24507000 5.59994000 -4.75790450 
group1 -113.07827000 7.02846000 -3.14604450 
group2 114.15367000 0.37505000 -1.29779450 
group1 -112.39977000 12.91846440 -2.22667450 
group1 -112.98397000 11.47577000 -3.39483450 
group1 -112.68217000 9.89152000 -4.43977450 
group1 -114.15367000 5.12168000 -0.98934450 
group1 -113.24507000 15.59994000 -4.75790450 
group1 -113.07827000 17.02846000 -3.14604450 
group2 114.15367000 10.37505000 -1.29779450 
group1 -112.39977000 22.91846440 -2.22667450 
group1 -112.98397000 21.47577000 -3.39483450 
group1 -112.68217000 19.89152000 -4.43977450 
group1 -114.15367000 15.12168000 -0.98934450 
group1 -113.24507000 25.59994000 -4.75790450 
group1 -113.07827000 27.02846000 -3.14604450 
group2 114.15367000 20.37505000 -1.29779450 
group1 -112.39977000 32.91846440 -2.22667450 
group1 -112.98397000 31.47577000 -3.39483450 
group1 -112.68217000 29.89152000 -4.43977450 
group1 -114.15367000 25.12168000 -0.98934450 
group1 -113.24507000 35.59994000 -4.75790450 
group1 -113.07827000 37.02846000 -3.14604450 
group2 114.15367000 30.37505000 -1.29779450 
group4 101.27622000 50.08591000 2.52221550 
group4 78.76622000 50.08591000 2.52221550 
group4 56.25622000 50.08591000 2.52221550 
group4 33.74622000 50.08591000 2.52221550 
group4 11.23622000 50.08591000 2.52221550 
group4 -11.27378000 50.08591000 2.52221550 
group4 -33.78378000 50.08591000 2.52221550 
group4 -56.29378000 50.08591000 2.52221550 
group4 -78.80378000 50.08591000 2.52221550 
group4 -101.31378000 50.08591000 2.52221550 
group1 -112.39977000 42.91846440 -2.22667450 
group1 -112.98397000 41.47577000 -3.39483450 
group1 -112.68217000 39.89152000 -4.43977450 
group1 -114.15367000 35.12168000 -0.98934450 
group1 -113.24507000 45.59994000 -4.75790450 
group1 -113.07827000 47.02846000 -3.14604450 
group4 -93.58933000 49.54387000 -0.84042450 
group4 -71.07933000 49.54387000 -0.84042450 
group4 -48.56933000 49.54387000 -0.84042450 
group4 -26.05933000 49.54387000 -0.84042450 
group4 -3.54933000 49.54387000 -0.84042450 
group4 18.96067000 49.54387000 -0.84042450 
group4 41.47067000 49.54387000 -0.84042450 
group4 63.98067000 49.54387000 -0.84042450 
group4 86.49067000 49.54387000 -0.84042450 
group4 109.00067000 49.54387000 -0.84042450 
group2 114.15367000 40.37505000 -1.29779450 
group4 106.12009000 51.11483000 -2.21774450 
group4 101.13562000 51.38235000 -4.13458450 
group4 103.78836000 50.77016000 5.82855550 
group4 98.04763000 51.03148000 5.51735550 
group4 89.90783000 49.89152000 -4.43977450 
group4 83.61009000 51.11483000 -2.21774450 
group4 78.62562000 51.38235000 -4.13458450 
group4 81.27836000 50.77016000 5.82855550 
group4 75.53763000 51.03148000 5.51735550 
group4 67.39783000 49.89152000 -4.43977450 
group4 61.10009000 51.11483000 -2.21774450 
group4 56.11562000 51.38235000 -4.13458450 
group4 58.76836000 50.77016000 5.82855550 
group4 53.02763000 51.03148000 5.51735550 
group4 44.88783000 49.89152000 -4.43977450 
group4 38.59009000 51.11483000 -2.21774450 
group4 33.60562000 51.38235000 -4.13458450 
group4 36.25836000 50.77016000 5.82855550 
group4 30.51763000 51.03148000 5.51735550 
group4 22.37783000 49.89152000 -4.43977450 
group4 16.08009000 51.11483000 -2.21774450 
group4 11.09562000 51.38235000 -4.13458450 
group4 13.74836000 50.77016000 5.82855550 
group4 8.00763000 51.03148000 5.51735550 
group4 -0.13217000 49.89152000 -4.43977450 
group4 -6.42991000 51.11483000 -2.21774450 
group4 -11.41438000 51.38235000 -4.13458450 
group4 -8.76164000 50.77016000 5.82855550 
group4 -14.50237000 51.03148000 5.51735550 
group4 -22.64217000 49.89152000 -4.43977450 
group4 -28.93991000 51.11483000 -2.21774450 
group4 -33.92438000 51.38235000 -4.13458450 
group4 -31.27164000 50.77016000 5.82855550 
group4 -37.01237000 51.03148000 5.51735550 
group4 -45.15217000 49.89152000 -4.43977450 
group4 -51.44991000 51.11483000 -2.21774450 
group4 -56.43438000 51.38235000 -4.13458450 
group4 -53.78164000 50.77016000 5.82855550 
group4 -59.52237000 51.03148000 5.51735550 
group4 -67.66217000 49.89152000 -4.43977450 
group4 -73.95991000 51.11483000 -2.21774450 
group4 -78.94438000 51.38235000 -4.13458450 
group4 -76.29164000 50.77016000 5.82855550 
group4 -82.03237000 51.03148000 5.51735550 
group4 -90.17217000 49.89152000 -4.43977450 
group4 -96.46991000 51.11483000 -2.21774450 
group4 -101.45438000 51.38235000 -4.13458450 
group4 -98.80164000 50.77016000 5.82855550 
group4 -104.54237000 51.03148000 5.51735550 
group1 -112.68217000 49.89152000 -4.43977450 
group1 -114.15367000 45.12168000 -0.98934450 
