-0.00509448 0.00018429 -0.00006863 0.00001038 -0.00475628 0.00045873 -0.00030791 0.00046977 -0.00002557 
-0.01055959 -0.00034026 -0.00006193 -0.00069110 -0.01012671 0.00094727 -0.00045053 0.00106154 -0.00031820 
-0.01302914 -0.00094243 -0.00011415 -0.00125418 -0.01310106 0.00116906 -0.00037197 0.00118956 -0.00050887 
-0.01496557 -0.00124191 -0.00002049 -0.00158290 -0.01606920 0.00132907 -0.00032148 0.00125000 -0.00066369 
-0.01564497 -0.00137286 -0.00004141 -0.00170170 -0.01808172 0.00158829 -0.00019548 0.00138787 -0.00074827 
-0.01598056 -0.00117903 -0.00011070 -0.00153283 -0.01996241 0.00191681 -0.00021014 0.00165351 -0.00084863 
-0.01580214 -0.00069363 -0.00019035 -0.00106301 -0.02116833 0.00212394 -0.00011805 0.00178963 -0.00088177 
-0.01573845 0.00009748 -0.00028270 -0.00027830 -0.02169928 0.00218779 -0.00019472 0.00188316 -0.00089282 
-0.01584290 0.00086730 -0.00050124 0.00048958 -0.02171565 0.00225256 -0.00030583 0.00189741 -0.00087796 
-0.01619748 0.00153715 -0.00057148 0.00120114 -0.02150924 0.00213014 -0.00034877 0.00190978 -0.00086094 
-0.01678616 0.00213540 -0.00062889 0.00181766 -0.02152542 0.00205495 -0.00041249 0.00191967 -0.00085081 
-0.01759237 0.00267504 -0.00072878 0.00238421 -0.02118950 0.00186155 -0.00050094 0.00184620 -0.00085312 
-0.01872745 0.00293902 -0.00076559 0.00268875 -0.02073843 0.00164370 -0.00051345 0.00173896 -0.00084008 
-0.01993417 0.00282744 -0.00077770 0.00266337 -0.02020757 0.00146857 -0.00054664 0.00163746 -0.00084033 
-0.02047008 0.00266157 -0.00062101 0.00255198 -0.01910478 0.00141354 -0.00038828 0.00160201 -0.00081815 
-0.02116766 0.00229019 -0.00029675 0.00225275 -0.01799555 0.00136861 -0.00015431 0.00164654 -0.00082197 
-0.02314399 0.00161504 -0.00022316 0.00165251 -0.01812777 0.00144244 -0.00005758 0.00173557 -0.00088830 
-0.02435196 0.00104271 -0.00018941 0.00110883 -0.01799448 0.00159553 0.00001003 0.00185056 -0.00089788 
-0.02480134 0.00049921 -0.00010898 0.00057171 -0.01744993 0.00167007 0.00007597 0.00190868 -0.00086765 
-0.02503796 -0.00012303 -0.00013660 -0.00000258 -0.01739834 0.00175681 0.00009370 0.00194030 -0.00087790 
-0.02474944 -0.00073655 -0.00016549 -0.00054431 -0.01731475 0.00178069 0.00012258 0.00196405 -0.00090523 
-0.02366362 -0.00155139 -0.00036598 -0.00130649 -0.01711402 0.00181890 0.00006544 0.00200331 -0.00092687 
-0.02282804 -0.00228217 -0.00049777 -0.00199179 -0.01768835 0.00179648 -0.00005011 0.00200601 -0.00096034 
-0.02244032 -0.00287636 -0.00075737 -0.00252336 -0.01879060 0.00190715 -0.00015541 0.00201928 -0.00100292 
-0.02188871 -0.00337343 -0.00097817 -0.00295685 -0.01993292 0.00204964 -0.00027035 0.00209650 -0.00101808 
-0.02100983 -0.00367817 -0.00102569 -0.00321325 -0.02121077 0.00220243 -0.00022088 0.00204617 -0.00097817 
-0.02010398 -0.00357101 -0.00118471 -0.00306644 -0.02272178 0.00240436 -0.00015451 0.00201449 -0.00097002 
-0.01919257 -0.00307089 -0.00131833 -0.00255267 -0.02411908 0.00253851 -0.00002126 0.00194505 -0.00093491 
-0.01852233 -0.00226947 -0.00157843 -0.00175146 -0.02486399 0.00255858 0.00002393 0.00178519 -0.00089676 
-0.01829508 -0.00145167 -0.00180729 -0.00090485 -0.02540672 0.00251927 0.00012750 0.00158730 -0.00086743 
-0.01806362 -0.00059443 -0.00197941 -0.00004296 -0.02546808 0.00237479 0.00028107 0.00139020 -0.00083623 
-0.01805154 0.00040572 -0.00212082 0.00093508 -0.02522452 0.00230904 0.00052599 0.00122908 -0.00081934 
-0.01869669 0.00141835 -0.00233490 0.00189505 -0.02494982 0.00231088 0.00080955 0.00116572 -0.00083148 
-0.01996312 0.00215545 -0.00271160 0.00255336 -0.02412338 0.00210509 0.00110001 0.00107862 -0.00082284 
-0.02138543 0.00215646 -0.00303966 0.00245697 -0.02313012 0.00172384 0.00150913 0.00104948 -0.00081809 
-0.02242940 0.00173306 -0.00327600 0.00186752 -0.02198784 0.00136076 0.00210530 0.00123358 -0.00074567 
-0.02329230 0.00094877 -0.00349925 0.00090822 -0.02128657 0.00091190 0.00265246 0.00152514 -0.00067353 
-0.02449858 -0.00001238 -0.00376980 -0.00021065 -0.02161462 0.00052041 0.00312373 0.00209316 -0.00059567 
-0.02503955 -0.00112799 -0.00388419 -0.00148790 -0.02211740 -0.00010745 0.00359205 0.00273391 -0.00051938 
-0.02443603 -0.00213035 -0.00383538 -0.00262071 -0.02323352 -0.00077149 0.00367575 0.00360629 -0.00049474 
-0.02336385 -0.00256688 -0.00363383 -0.00316555 -0.02546403 -0.00150122 0.00348217 0.00442696 -0.00050405 
-0.02168550 -0.00239651 -0.00331145 -0.00309567 -0.02760111 -0.00227196 0.00290694 0.00518464 -0.00048631 
-0.02061065 -0.00149919 -0.00302800 -0.00227074 -0.03033183 -0.00314101 0.00205422 0.00597839 -0.00043339 
-0.02088918 0.00008836 -0.00249408 -0.00072833 -0.03361344 -0.00449535 0.00108377 0.00663622 -0.00023145 
-0.02337217 0.00223702 -0.00156940 0.00092720 -0.04242734 -0.00675339 0.00123277 0.01001396 -0.00018680 
-0.03256884 0.00486497 0.00058373 0.00074769 -0.06517370 -0.01674329 0.00275791 0.01948369 0.00334830 
-0.04643255 0.00798605 0.00472678 -0.00355722 -0.10208148 -0.05192063 0.00667305 0.02741239 0.01367549 
-0.05600799 0.00942314 0.00995487 -0.00935868 -0.12105941 -0.10557579 0.00691745 0.01687337 0.01499981 
-0.05867990 0.00818984 0.01422161 -0.00875335 -0.10770510 -0.13035753 0.00487656 -0.00165328 -0.00340529 
-0.05852898 0.00537496 0.01859166 -0.00683059 -0.08419394 -0.13569666 0.00204749 -0.01219949 -0.02583616 
-0.05355396 0.00071238 0.02086142 -0.00092776 -0.05780317 -0.10727037 -0.00085423 -0.01550964 -0.03923127 
-0.04497310 -0.00144597 0.01801435 0.00283589 -0.04683362 -0.06071766 -0.00055119 -0.01580865 -0.02919445 
-0.03566787 -0.00130006 0.01388168 0.00408754 -0.04033960 -0.03196395 0.00008191 -0.01605776 -0.01557198 
-0.03045532 -0.00184413 0.01176482 0.00340857 -0.03405930 -0.01979229 -0.00043140 -0.01430454 -0.00888369 
-0.02756648 -0.00267651 0.00960397 0.00196046 -0.02987565 -0.01449566 -0.00092416 -0.01290214 -0.00651825 
-0.02551347 -0.00344988 0.00782411 0.00064799 -0.02741475 -0.01061517 -0.00122563 -0.01233232 -0.00495437 
-0.02475302 -0.00413503 0.00682293 -0.00040047 -0.02552280 -0.00860915 -0.00135332 -0.01205698 -0.00428147 
-0.02465573 -0.00464392 0.00609391 -0.00113909 -0.02519317 -0.00751585 -0.00137928 -0.01233446 -0.00402488 
-0.02459949 -0.00525758 0.00555526 -0.00189324 -0.02524306 -0.00671511 -0.00129135 -0.01271795 -0.00389845 
-0.02376317 -0.00518842 0.00456209 -0.00220356 -0.02640279 -0.00663509 -0.00099053 -0.01350323 -0.00406037 
-0.02322740 -0.00516901 0.00404860 -0.00238778 -0.02908666 -0.00676979 -0.00059703 -0.01479942 -0.00423688 
-0.02424260 -0.00482831 0.00394981 -0.00222579 -0.03395090 -0.00778180 0.00013260 -0.01688339 -0.00488594 
-0.02558790 -0.00444233 0.00407362 -0.00190192 -0.03988178 -0.00832526 0.00074127 -0.01927664 -0.00541219 
-0.02734317 -0.00343131 0.00394256 -0.00066829 -0.04858181 -0.00943068 0.00160272 -0.02341886 -0.00638981 
-0.03567878 -0.00220252 0.00404476 0.00036433 -0.06483491 -0.01132000 0.00217393 -0.03227769 -0.00914229 
-0.05250479 0.00126802 0.00312922 0.00234646 -0.09674318 -0.00874546 0.00102685 -0.05319765 -0.01031585 
-0.07149018 0.00330523 0.00248017 0.00404626 -0.14268117 0.01538562 -0.00054270 -0.06023327 0.00228865 
-0.07772301 0.00544092 0.00326542 0.00339884 -0.15793878 0.04891855 -0.00381876 -0.03985052 0.00802871 
-0.07646048 0.00826535 0.00262317 0.00538191 -0.14713542 0.06171962 -0.00607204 -0.01823614 0.00187594 
-0.07743375 0.00877830 0.00095722 0.00857893 -0.13401774 0.07588121 -0.00396407 0.00536637 -0.00953677 
-0.08220790 0.00901150 -0.00428408 0.00587993 -0.12080140 0.09903270 -0.00363393 0.02034945 -0.02676971 
-0.07368950 0.00540220 -0.00790491 0.00658725 -0.09084308 0.07228396 -0.00279168 0.02820368 -0.03491484 
-0.05817416 0.00332378 -0.00793888 0.00589958 -0.06790313 0.03981964 -0.00167044 0.02624736 -0.02295029 
-0.04838430 0.00129643 -0.00643492 0.00332744 -0.05574428 0.02643712 -0.00046282 0.02152167 -0.01446632 
-0.04053816 -0.00057969 -0.00411887 0.00055970 -0.04650402 0.01780446 0.00020038 0.01887022 -0.00948811 
-0.03768036 -0.00198334 -0.00365462 -0.00107575 -0.04355863 0.01581032 0.00075276 0.01770443 -0.00831609 
-0.03501444 -0.00253331 -0.00295614 -0.00206844 -0.04160979 0.01469533 0.00096664 0.01715366 -0.00761662 
-0.03251400 -0.00248495 -0.00265099 -0.00224637 -0.04054174 0.01398076 0.00090602 0.01682893 -0.00726347 
-0.03070927 -0.00209733 -0.00280634 -0.00198964 -0.04047119 0.01402967 0.00036020 0.01688505 -0.00729464 
-0.02990702 -0.00135594 -0.00279019 -0.00131203 -0.04187199 0.01460697 -0.00012174 0.01718611 -0.00747346 
-0.02903789 -0.00035070 -0.00301071 -0.00028042 -0.04310831 0.01545998 -0.00061735 0.01757818 -0.00774614 
-0.02889647 0.00058356 -0.00346868 0.00092014 -0.04503770 0.01634884 -0.00130360 0.01817884 -0.00817409 
-0.03007481 0.00144949 -0.00380198 0.00226044 -0.04773915 0.01759258 -0.00164560 0.01908131 -0.00877753 
-0.03419299 0.00210706 -0.00404429 0.00359875 -0.05365306 0.01984668 -0.00203607 0.02118240 -0.00989358 
-0.04005266 0.00233471 -0.00437240 0.00458632 -0.06157253 0.02071438 -0.00238225 0.02460453 -0.01118918 
-0.05220953 0.00342702 -0.00385455 0.00666640 -0.07744600 0.02755661 -0.00207635 0.03315158 -0.01710894 
-0.07090626 0.00372232 -0.00447202 0.00960788 -0.11327959 0.02286242 -0.00249791 0.04618453 -0.01552869 
-0.08151692 0.00262610 -0.00765212 0.01056688 -0.14332681 -0.00719541 -0.00041268 0.03585234 -0.00304429 
-0.08259199 0.00519388 -0.01069849 0.01268592 -0.14203116 -0.03211442 0.00181880 0.02030300 -0.00423215 
-0.08257266 0.00595806 -0.00907669 0.00952260 -0.13299642 -0.04010292 0.00002397 -0.00381767 -0.00766596 
-0.08601901 0.00614359 -0.00567551 0.00402970 -0.12776297 -0.06406163 0.00395236 -0.02155129 -0.01675962 
-0.08039467 0.00440545 -0.00122542 0.00026686 -0.10017650 -0.06694396 0.00110074 -0.02975338 -0.03112135 
-0.06422108 0.00067846 0.00171236 -0.00094208 -0.07474959 -0.04365100 -0.00107850 -0.02760216 -0.02702940 
-0.05198387 -0.00092014 0.00138209 -0.00138115 -0.06428787 -0.02727958 -0.00116495 -0.02374323 -0.01471482 
-0.04184039 -0.00155798 0.00038796 -0.00184888 -0.05227679 -0.01694700 -0.00126561 -0.02050304 -0.00850407 
-0.03822503 -0.00204205 0.00046791 -0.00215566 -0.04748858 -0.01543801 -0.00141115 -0.01821538 -0.00736950 
-0.03514178 -0.00208566 0.00013628 -0.00239103 -0.04384142 -0.01437749 -0.00130534 -0.01689882 -0.00689874 
-0.03275944 -0.00210892 -0.00031643 -0.00245660 -0.04242851 -0.01406727 -0.00121034 -0.01624793 -0.00676627 
-0.03094096 -0.00199607 -0.00049429 -0.00219995 -0.04232677 -0.01474575 -0.00095284 -0.01618622 -0.00698216 
-0.03086560 -0.00205729 -0.00053307 -0.00205761 -0.04358759 -0.01587284 -0.00078264 -0.01653440 -0.00741865 
-0.03093327 -0.00191481 -0.00066248 -0.00149491 -0.04566417 -0.01729877 -0.00076611 -0.01741138 -0.00804644 
-0.03140315 -0.00194165 -0.00045520 -0.00110532 -0.04884136 -0.01899672 -0.00067857 -0.01853164 -0.00880995 
-0.03274051 -0.00159266 0.00030233 0.00010501 -0.05347904 -0.01962182 -0.00032190 -0.02038102 -0.00928000 
-0.03623939 -0.00078750 0.00130984 0.00169420 -0.05949528 -0.02270226 -0.00017536 -0.02253685 -0.01081347 
-0.04024795 -0.00018089 0.00235029 0.00355877 -0.06649648 -0.02141701 0.00064113 -0.02515860 -0.01115117 
-0.05133114 0.00055340 0.00270438 0.00592114 -0.07837749 -0.03197638 0.00031660 -0.03042064 -0.01944320 
-0.06808173 0.00056803 0.00406413 0.00925708 -0.10506614 -0.03665438 0.00127448 -0.03951143 -0.02358280 
-0.07764230 -0.00079906 0.00870916 0.01361816 -0.12781255 -0.02958892 0.00068565 -0.03320511 -0.01660083 
-0.07775675 0.00133266 0.01774053 0.01348054 -0.12839192 0.00552933 -0.00061763 -0.02318163 -0.01062702 
-0.08197301 0.00435350 0.01821382 0.01051770 -0.13269826 0.01397508 0.00144560 0.00103692 -0.00650950 
-0.09124715 0.00838704 0.02133094 0.02977044 -0.16430888 -0.02776483 -0.01947614 0.04136141 0.01971664 
-0.08588079 0.00762659 0.01480872 0.00204356 -0.11546763 0.04947609 -0.00389865 0.03051454 -0.02152479 
-0.07090182 0.00291459 0.00521915 -0.00501011 -0.08094482 0.05422663 0.00164874 0.02835319 -0.03416347 
-0.05538222 0.00014666 0.00349855 -0.00395793 -0.06840251 0.03320639 0.00154305 0.02462169 -0.01983781 
-0.04407896 -0.00051951 0.00312093 -0.00312117 -0.05860782 0.01984855 0.00157236 0.02179759 -0.01064422 
-0.04054194 -0.00080175 0.00251587 -0.00306402 -0.05456259 0.01986992 0.00154533 0.02019077 -0.00998769 
-0.03701485 -0.00045575 0.00204227 -0.00253286 -0.05155712 0.01898348 0.00130737 0.01909742 -0.00922995 
-0.03465628 -0.00034839 0.00130051 -0.00199626 -0.05020413 0.01947526 0.00100289 0.01865842 -0.00919805 
-0.03348493 0.00022357 0.00072339 -0.00111095 -0.04960740 0.01993631 0.00052762 0.01827406 -0.00916632 
-0.03220075 0.00063615 -0.00015443 -0.00003530 -0.04856925 0.02022419 0.00031798 0.01791709 -0.00917238 
-0.03222863 0.00127531 -0.00110418 0.00120371 -0.04857123 0.02122266 -0.00003990 0.01778199 -0.00940365 
-0.03387070 0.00171971 -0.00195802 0.00231589 -0.05020403 0.02179938 -0.00017983 0.01845670 -0.00967752 
-0.03532045 0.00182130 -0.00249096 0.00312922 -0.05172510 0.02200017 -0.00040463 0.01880028 -0.00973994 
-0.03914230 0.00181652 -0.00295655 0.00381296 -0.05670168 0.02334588 -0.00040505 0.02070440 -0.01065917 
-0.04215280 0.00187823 -0.00294529 0.00448784 -0.06151710 0.02234865 -0.00077739 0.02235731 -0.01079213 
-0.05399737 0.00224432 -0.00339852 0.00668036 -0.07379147 0.03348967 -0.00089188 0.02744008 -0.01912206 
-0.07095939 0.00191925 -0.00392920 0.00919416 -0.09740710 0.04411918 -0.00202261 0.03578636 -0.02603864 
-0.08229563 -0.00066314 -0.00943252 0.01216792 -0.12446485 0.03916775 -0.00081469 0.03141635 -0.01664487 
-0.08518222 -0.00106697 -0.02171167 0.00769332 -0.13709550 -0.02023532 0.00007224 0.02318212 -0.00338945 
-0.08782316 0.00205406 -0.01827614 0.00397843 -0.13471732 -0.01082716 0.00033967 -0.00127801 -0.00535602 
-0.09136692 0.00630058 -0.02082959 0.01322261 -0.15120766 0.02458815 0.01068713 -0.03415811 0.01069677 
-0.08500613 0.00413336 -0.01224394 -0.00508480 -0.11550288 -0.04576434 0.00049084 -0.03056759 -0.01963977 
-0.07097484 0.00075095 -0.00418145 -0.00632375 -0.08420570 -0.05061256 -0.00264942 -0.02975941 -0.03017177 
-0.05473305 -0.00100179 -0.00297277 -0.00455720 -0.06767534 -0.03187897 -0.00169141 -0.02430635 -0.01804573 
-0.04300536 -0.00156086 -0.00203171 -0.00344763 -0.05703064 -0.01916776 -0.00142774 -0.02091345 -0.00960193 
-0.03833044 -0.00199770 -0.00211111 -0.00356810 -0.05239747 -0.01896635 -0.00130199 -0.01924038 -0.00895158 
-0.03454818 -0.00229435 -0.00206597 -0.00347724 -0.04880928 -0.01794087 -0.00133362 -0.01776306 -0.00810928 
-0.03308544 -0.00247422 -0.00206578 -0.00322580 -0.04789379 -0.01869756 -0.00111870 -0.01763837 -0.00835272 
-0.03233476 -0.00262209 -0.00228368 -0.00292209 -0.04789433 -0.01967519 -0.00128223 -0.01736362 -0.00857191 
-0.03219716 -0.00250678 -0.00226329 -0.00227706 -0.04898759 -0.02068237 -0.00151649 -0.01784202 -0.00905403 
-0.03283517 -0.00245494 -0.00127372 -0.00147519 -0.05121621 -0.02145495 -0.00120028 -0.01865647 -0.00942685 
-0.03442462 -0.00183188 0.00002714 -0.00014786 -0.05401817 -0.02252956 -0.00073416 -0.01960366 -0.00995799 
-0.03625705 -0.00151023 0.00122852 0.00095647 -0.05694717 -0.02249543 -0.00030446 -0.02071246 -0.01024245 
-0.04008178 -0.00129188 0.00214046 0.00198802 -0.06154187 -0.02372581 -0.00002169 -0.02253096 -0.01137347 
-0.04356208 -0.00104152 0.00330697 0.00321388 -0.06660614 -0.02361123 0.00044747 -0.02392241 -0.01201866 
-0.05475976 -0.00024297 0.00352911 0.00620439 -0.07576635 -0.03691321 0.00081546 -0.02719248 -0.02218501 
-0.07121713 -0.00033876 0.00439458 0.01149916 -0.09147826 -0.05979475 0.00302378 -0.03088760 -0.03664524 
-0.08225552 -0.00366336 0.01486590 0.01529835 -0.11654853 -0.05434873 0.00126766 -0.02846121 -0.02411271 
-0.09787711 -0.02474003 0.07624177 -0.02744292 -0.18535312 0.14111870 -0.01808528 -0.05332715 0.06084503 
-0.09020330 -0.00017089 0.02963694 0.00186289 -0.13043945 0.00244029 0.00025438 -0.00026622 -0.00505474 
-0.09731773 0.01352044 0.04806565 0.01827102 -0.16356786 -0.06763521 -0.01525256 0.04383279 0.03144697 
-0.08515953 0.00372844 0.01775631 -0.01138717 -0.11784657 0.04697670 0.00004074 0.02827846 -0.02112899 
-0.07311447 0.00060889 0.00670501 -0.01038938 -0.09006403 0.05912690 0.00367188 0.03073027 -0.03625202 
-0.05534225 -0.00086609 0.00488396 -0.00640125 -0.07361267 0.03594382 0.00192742 0.02678667 -0.02173158 
-0.04244189 -0.00114543 0.00372878 -0.00485331 -0.06295157 0.02262772 0.00149715 0.02306777 -0.01174618 
-0.03773618 -0.00113437 0.00282992 -0.00420243 -0.05798015 0.02330064 0.00097538 0.02154827 -0.01127597 
-0.03391192 -0.00085420 0.00227278 -0.00328289 -0.05355816 0.02237519 0.00094854 0.01972591 -0.01025739 
-0.03238573 -0.00032220 0.00144352 -0.00215371 -0.05137356 0.02260359 0.00044555 0.01903484 -0.01015368 
-0.03120015 0.00022667 0.00063321 -0.00095729 -0.04924357 0.02227305 0.00026401 0.01805426 -0.00983274 
-0.03098279 0.00054654 -0.00025144 0.00003938 -0.04824889 0.02175851 0.00001191 0.01774919 -0.00963323 
-0.03143875 0.00091823 -0.00098111 0.00120641 -0.04790436 0.02118762 -0.00014549 0.01756730 -0.00930378 
-0.03344404 0.00116244 -0.00159390 0.00201065 -0.04873058 0.02021882 -0.00043194 0.01803161 -0.00905079 
-0.03562134 0.00125023 -0.00175771 0.00260540 -0.05045330 0.01998724 -0.00056137 0.01860596 -0.00902349 
-0.03916356 0.00103158 -0.00210319 0.00291809 -0.05453430 0.02055415 -0.00062466 0.02019503 -0.00962652 
-0.04346404 0.00059654 -0.00244593 0.00289782 -0.05991837 0.02032014 -0.00082307 0.02210128 -0.01016385 
-0.05545291 0.00030491 -0.00260829 0.00402535 -0.07141614 0.03180447 -0.00086549 0.02589476 -0.01829085 
-0.07122656 -0.00021126 -0.00242218 0.00673294 -0.08821194 0.04795629 -0.00209560 0.03162048 -0.02964365 
-0.08453302 -0.00335244 -0.00937296 0.00790668 -0.11686781 0.04788296 0.00029458 0.03099833 -0.02074676 
-0.09531737 -0.00880704 -0.03143526 -0.01876521 -0.15893616 -0.05807326 0.01240051 0.03409777 0.01981146 
-0.09081552 -0.00186568 -0.01736676 -0.00168071 -0.13580128 0.00759875 0.00129673 0.00179219 -0.00572992 
-0.09172888 0.00860648 -0.03648849 0.01145834 -0.17743370 0.09816206 0.00892149 -0.04559979 0.03998858 
-0.08311920 0.00087933 -0.01212428 -0.01092197 -0.11996657 -0.03287933 -0.00200977 -0.03099953 -0.01550426 
-0.07122665 -0.00170918 -0.00522757 -0.00899473 -0.09245816 -0.04283763 -0.00341565 -0.03313278 -0.02508603 
-0.05418365 -0.00343470 -0.00384226 -0.00731347 -0.07012821 -0.03216817 -0.00226671 -0.02632301 -0.01880663 
-0.04181232 -0.00368467 -0.00365121 -0.00617375 -0.05908860 -0.02101784 -0.00188031 -0.02162865 -0.01036590 
-0.03832523 -0.00383062 -0.00363520 -0.00582024 -0.05500833 -0.02157359 -0.00155111 -0.02053863 -0.01010888 
-0.03482212 -0.00380102 -0.00359535 -0.00530262 -0.05093209 -0.02080920 -0.00154892 -0.01863311 -0.00923760 
-0.03308675 -0.00394195 -0.00356425 -0.00479031 -0.04943841 -0.02103954 -0.00172586 -0.01826907 -0.00929738 
-0.03182662 -0.00389347 -0.00327061 -0.00422551 -0.04891339 -0.02121433 -0.00165927 -0.01784458 -0.00922625 
-0.03157789 -0.00350422 -0.00249247 -0.00316993 -0.04958094 -0.02126576 -0.00151544 -0.01822590 -0.00940111 
-0.03179938 -0.00318800 -0.00142442 -0.00219289 -0.05018596 -0.02143659 -0.00117415 -0.01841195 -0.00954854 
-0.03275436 -0.00245382 -0.00044704 -0.00092875 -0.05145540 -0.02124794 -0.00068846 -0.01895097 -0.00963649 
-0.03447806 -0.00224756 0.00071683 0.00002681 -0.05296847 -0.02061988 -0.00025829 -0.01956750 -0.00973627 
-0.03766146 -0.00191135 0.00128573 0.00097324 -0.05636777 -0.02122247 -0.00002783 -0.02069200 -0.01052556 
-0.04225933 -0.00168560 0.00169978 0.00174431 -0.06101263 -0.02155778 0.00013981 -0.02247574 -0.01152918 
-0.05358089 -0.00141454 0.00176919 0.00381706 -0.06953497 -0.03458119 0.00058613 -0.02427028 -0.02069737 
-0.07043357 -0.00231588 0.00197626 0.00843713 -0.07948639 -0.06084847 0.00293705 -0.02596549 -0.03864170 
-0.08519049 -0.00685701 0.01144104 0.00818771 -0.10998928 -0.06459834 -0.00093503 -0.02811733 -0.02636967 
-0.09323189 -0.01166089 0.02628266 -0.01903904 -0.14620012 0.01886653 -0.01601771 -0.03603520 0.01062534 
-0.08930505 -0.00611784 0.02541305 -0.00698221 -0.13142472 -0.01627021 0.00065008 -0.00331755 -0.00593710 
-0.08691304 -0.00015418 0.03093292 -0.01254720 -0.14178541 -0.03575437 0.00086814 0.02108627 -0.00206928 
-0.08645348 -0.00031278 0.01242622 -0.01739268 -0.13706672 0.03272478 0.00212404 0.03187140 -0.01536884 
-0.07478779 -0.00241808 0.00536610 -0.01182330 -0.10699875 0.04092483 0.00386397 0.04031614 -0.02728900 
-0.05506517 -0.00244881 0.00445214 -0.00816236 -0.07834302 0.03344837 0.00227023 0.03057111 -0.02094341 
-0.04260792 -0.00212622 0.00398042 -0.00620788 -0.06565902 0.02214438 0.00222035 0.02504230 -0.01177145 
-0.03842194 -0.00173998 0.00331800 -0.00501750 -0.05922000 0.02302963 0.00156073 0.02265496 -0.01125765 
-0.03354658 -0.00107652 0.00231964 -0.00340108 -0.05236843 0.02037140 0.00141874 0.02007731 -0.00968242 
-0.03189126 -0.00051320 0.00149458 -0.00196031 -0.04880842 0.02053986 0.00102240 0.01861335 -0.00952064 
-0.03022144 0.00001467 0.00073825 -0.00066878 -0.04581425 0.01872908 0.00071365 0.01762665 -0.00863721 
-0.02994123 0.00024264 0.00038431 0.00005849 -0.04430922 0.01770870 0.00041158 0.01697740 -0.00811171 
-0.03027244 0.00050648 -0.00016008 0.00091889 -0.04323665 0.01642596 0.00018179 0.01665477 -0.00762277 
-0.03195005 0.00072973 -0.00026396 0.00134917 -0.04335737 0.01592188 -0.00016154 0.01661984 -0.00741287 
-0.03419219 0.00069006 -0.00050468 0.00163791 -0.04447534 0.01584177 -0.00027029 0.01725655 -0.00746037 
-0.03855516 0.00065692 -0.00039057 0.00170714 -0.04926008 0.01750306 -0.00039593 0.01891314 -0.00825382 
-0.04169810 0.00055135 -0.00052444 0.00190649 -0.05347120 0.01827793 -0.00021181 0.02110231 -0.00921290 
-0.05135459 0.00064861 0.00072271 0.00276888 -0.06401209 0.03005575 -0.00041798 0.02346309 -0.01663282 
-0.06440677 -0.00006672 0.00246099 0.00420824 -0.07433987 0.04742313 -0.00109814 0.02722753 -0.03058283 
-0.08288827 -0.00353414 -0.00010404 0.00447788 -0.10251963 0.07313258 0.00102442 0.03055070 -0.03286459 
-0.08871017 -0.00589291 -0.00659884 -0.00184715 -0.12959601 0.05038354 0.00486830 0.02083352 -0.01389324 
-0.08554598 -0.00605181 -0.00978518 -0.00657547 -0.13110575 0.03279803 0.00120801 0.00410610 -0.00724753 
-0.08390016 -0.00378594 -0.01578239 -0.01551519 -0.14704911 0.05672145 -0.00143447 -0.02197812 0.00391044 
-0.08034075 -0.00361760 -0.00725536 -0.01227680 -0.13643491 0.00526612 -0.00207357 -0.03529736 -0.00412440 
-0.06940884 -0.00465982 -0.00447633 -0.01045916 -0.10903055 -0.01882498 -0.00377719 -0.04371240 -0.01317678 
-0.05243921 -0.00504720 -0.00389607 -0.00795924 -0.07547227 -0.02514318 -0.00295893 -0.03217797 -0.01583614 
-0.04143674 -0.00430629 -0.00483125 -0.00670138 -0.06036718 -0.01928705 -0.00281899 -0.02402632 -0.01026855 
-0.03672698 -0.00417833 -0.00514254 -0.00598689 -0.05355244 -0.01896158 -0.00286421 -0.02073892 -0.00915269 
-0.03316631 -0.00380799 -0.00505053 -0.00514294 -0.04875629 -0.01763794 -0.00263158 -0.01894253 -0.00837614 
-0.03140021 -0.00323887 -0.00443592 -0.00394832 -0.04672870 -0.01756956 -0.00232646 -0.01801800 -0.00817358 
-0.02994081 -0.00262365 -0.00366505 -0.00286393 -0.04479024 -0.01688708 -0.00183628 -0.01755767 -0.00792518 
-0.02912769 -0.00194366 -0.00290232 -0.00176536 -0.04318559 -0.01601104 -0.00138445 -0.01698635 -0.00760618 
-0.02940991 -0.00142213 -0.00263834 -0.00088649 -0.04223663 -0.01549593 -0.00106036 -0.01695426 -0.00756906 
-0.02989673 -0.00057175 -0.00217821 0.00015678 -0.04181825 -0.01464618 -0.00056873 -0.01673452 -0.00721346 
-0.03169934 0.00024707 -0.00230604 0.00097253 -0.04262105 -0.01512004 -0.00027525 -0.01715863 -0.00762963 
-0.03412199 0.00078079 -0.00226771 0.00147130 -0.04413212 -0.01519355 0.00011869 -0.01747711 -0.00777262 
-0.03802220 0.00066265 -0.00296872 0.00118128 -0.04671206 -0.01718454 -0.00010778 -0.01860227 -0.00915205 
-0.04592711 -0.00072109 -0.00460143 -0.00001218 -0.05350310 -0.02567110 -0.00028804 -0.02032823 -0.01448289 
-0.05586435 -0.00312865 -0.00562236 -0.00170446 -0.06109595 -0.03774030 -0.00088707 -0.02276729 -0.02331319 
-0.07283933 -0.00666065 -0.00411575 -0.00327008 -0.08297906 -0.06387330 -0.00190577 -0.02640436 -0.03313285 
-0.08016282 -0.00947803 -0.00102656 -0.00561841 -0.11144396 -0.08390654 -0.00383630 -0.02167284 -0.02478493 
-0.07608342 -0.00941058 0.00110814 -0.01152035 -0.12628998 -0.05936237 -0.00278066 -0.00771090 -0.00971052 
-0.07498785 -0.00935488 0.00184034 -0.01125300 -0.13942936 -0.04939809 -0.00335441 0.01635342 -0.00066083 
-0.07661649 -0.00624460 0.00223907 -0.00957402 -0.14905790 -0.03660833 -0.00144211 0.03328727 0.00366083 
-0.07034377 -0.00533811 0.00187187 -0.00896150 -0.13266867 -0.00503039 0.00178795 0.05607154 -0.00216195 
-0.05210773 -0.00371818 0.00276939 -0.00577743 -0.08913635 0.01313419 0.00278998 0.04886135 -0.01254501 
-0.03735806 -0.00097822 0.00403464 -0.00357637 -0.06204442 0.01344771 0.00347724 0.03039672 -0.01018156 
-0.02956168 0.00022396 0.00399985 -0.00225220 -0.04879808 0.01156255 0.00305994 0.02342047 -0.00737466 
-0.02582137 0.00145416 0.00368451 -0.00056743 -0.04117225 0.00956356 0.00235692 0.01949952 -0.00599238 
-0.02418809 0.00234147 0.00332074 0.00038682 -0.03628464 0.00879815 0.00171282 0.01765576 -0.00540764 
-0.02376481 0.00311274 0.00333963 0.00112952 -0.03284477 0.00791740 0.00107745 0.01611326 -0.00484769 
-0.02406733 0.00371606 0.00362358 0.00151606 -0.03078275 0.00736029 0.00041922 0.01518227 -0.00447374 
-0.02441025 0.00430190 0.00401233 0.00180459 -0.02916100 0.00710564 -0.00006084 0.01457582 -0.00429422 
-0.02435914 0.00460190 0.00473171 0.00175456 -0.02837254 0.00713981 -0.00054891 0.01400871 -0.00413759 
-0.02477998 0.00472425 0.00579952 0.00142761 -0.02895710 0.00798152 -0.00071973 0.01394417 -0.00436796 
-0.02504339 0.00440640 0.00653952 0.00079651 -0.02931420 0.00886713 -0.00065695 0.01399161 -0.00468394 
-0.02671495 0.00398705 0.00817706 -0.00020629 -0.03138327 0.01170943 -0.00059129 0.01414441 -0.00576885 
-0.02912663 0.00330680 0.01014325 -0.00152516 -0.03379715 0.01564543 -0.00035780 0.01505448 -0.00755200 
-0.03492912 0.00279102 0.01309960 -0.00214229 -0.03922176 0.02744764 -0.00005645 0.01603463 -0.01425507 
-0.04452679 0.00201323 0.01681410 -0.00101078 -0.04357606 0.05695828 -0.00077659 0.01460515 -0.02970532 
-0.05456364 -0.00054143 0.01976083 0.00031273 -0.05378453 0.10008076 -0.00065723 0.01475452 -0.03887113 
-0.05901292 -0.00517892 0.01905354 0.00147731 -0.07924475 0.12194437 0.00177806 0.01221908 -0.02461640 
-0.05836717 -0.00859701 0.01616984 0.00011163 -0.10072479 0.11660390 0.00293819 0.00190103 -0.00414733 
-0.05523370 -0.01029186 0.01252317 -0.00027855 -0.11302279 0.09273715 0.00354670 -0.01637797 0.01298183 
-0.04492316 -0.00881499 0.00675715 -0.00298698 -0.09391910 0.04533447 0.00243877 -0.02710244 0.01226216 
-0.03150910 -0.00647117 0.00286301 -0.00445252 -0.05870928 0.01418752 0.00091851 -0.01839287 0.00228299 
-0.02326598 -0.00434960 0.00043137 -0.00403359 -0.03974300 0.00738295 0.00032814 -0.00929880 -0.00026167 
-0.02054081 -0.00236010 -0.00097604 -0.00223503 -0.03295265 0.00590095 0.00025883 -0.00661411 -0.00018916 
-0.02000772 -0.00084922 -0.00170411 -0.00063896 -0.03091747 0.00461905 0.00092315 -0.00622287 -0.00042132 
-0.02025917 0.00044940 -0.00223679 0.00073486 -0.02895729 0.00353778 0.00170323 -0.00595388 -0.00048702 
-0.02147879 0.00142272 -0.00255483 0.00177288 -0.02748334 0.00270595 0.00249562 -0.00561981 -0.00054813 
-0.02260509 0.00207441 -0.00285832 0.00245567 -0.02582182 0.00197201 0.00310006 -0.00495262 -0.00059293 
-0.02367813 0.00237276 -0.00318071 0.00277619 -0.02439342 0.00136418 0.00341690 -0.00412236 -0.00063977 
-0.02463676 0.00217972 -0.00346914 0.00255804 -0.02309111 0.00082874 0.00345656 -0.00336552 -0.00067969 
-0.02528831 0.00137516 -0.00353457 0.00167609 -0.02196956 0.00026336 0.00329733 -0.00250029 -0.00077868 
-0.02539829 0.00006110 -0.00346536 0.00024670 -0.02141415 -0.00049978 0.00291737 -0.00194041 -0.00085088 
-0.02483155 -0.00132814 -0.00327861 -0.00124507 -0.02175286 -0.00108357 0.00234421 -0.00147290 -0.00095404 
-0.02370353 -0.00227740 -0.00312267 -0.00234392 -0.02262202 -0.00150083 0.00171241 -0.00124764 -0.00102083 
-0.02281342 -0.00261999 -0.00303256 -0.00281806 -0.02395018 -0.00186982 0.00110947 -0.00122705 -0.00107528 
-0.02174018 -0.00250072 -0.00285963 -0.00277641 -0.02496130 -0.00214336 0.00068097 -0.00128088 -0.00109036 
-0.02041964 -0.00194693 -0.00261411 -0.00231150 -0.02577149 -0.00230607 0.00033481 -0.00138396 -0.00110309 
-0.01925146 -0.00100100 -0.00233232 -0.00144467 -0.02625562 -0.00240852 0.00009233 -0.00153286 -0.00112605 
-0.01848594 0.00018294 -0.00201003 -0.00030105 -0.02610645 -0.00239809 -0.00006997 -0.00166846 -0.00112051 
-0.01842953 0.00135379 -0.00169849 0.00084564 -0.02534585 -0.00223660 -0.00020864 -0.00173888 -0.00109734 
-0.01894243 0.00241786 -0.00142057 0.00187281 -0.02425044 -0.00206434 -0.00029373 -0.00182034 -0.00109823 
-0.01965210 0.00299698 -0.00128915 0.00247271 -0.02271249 -0.00191332 -0.00035566 -0.00186770 -0.00109546 
-0.02011078 0.00314315 -0.00117178 0.00264408 -0.02078810 -0.00174527 -0.00028612 -0.00181269 -0.00105058 
-0.02116745 0.00298760 -0.00107293 0.00253983 -0.01942594 -0.00173537 -0.00022996 -0.00180453 -0.00102349 
-0.02237922 0.00256267 -0.00094917 0.00221816 -0.01852087 -0.00182181 -0.00023294 -0.00183402 -0.00101167 
-0.02361554 0.00199363 -0.00068414 0.00176142 -0.01786654 -0.00178727 -0.00018526 -0.00181156 -0.00097208 
-0.02457850 0.00129150 -0.00042342 0.00112764 -0.01742130 -0.00174267 -0.00010318 -0.00178887 -0.00093955 
-0.02517217 0.00059861 -0.00017003 0.00052181 -0.01760672 -0.00171358 -0.00003058 -0.00178939 -0.00091964 
-0.02503059 0.00011874 -0.00014639 0.00012892 -0.01773642 -0.00155718 -0.00007190 -0.00165885 -0.00091145 
-0.02470188 -0.00054383 -0.00014858 -0.00047237 -0.01787763 -0.00151225 -0.00017371 -0.00169638 -0.00096039 
-0.02403053 -0.00134482 -0.00003454 -0.00125597 -0.01837572 -0.00139674 -0.00017941 -0.00173222 -0.00096601 
-0.02311573 -0.00190512 -0.00010877 -0.00179941 -0.01892586 -0.00119524 -0.00025604 -0.00168113 -0.00093245 
-0.02222252 -0.00240692 -0.00014482 -0.00227920 -0.01938224 -0.00108180 -0.00029465 -0.00169629 -0.00090616 
-0.02103938 -0.00273385 -0.00019487 -0.00258929 -0.01985620 -0.00107078 -0.00029960 -0.00174943 -0.00089636 
-0.01980548 -0.00293835 -0.00023659 -0.00273833 -0.02035118 -0.00111625 -0.00029148 -0.00177991 -0.00089224 
-0.01864338 -0.00285344 -0.00036855 -0.00259647 -0.02078140 -0.00120888 -0.00031357 -0.00180929 -0.00089394 
-0.01753501 -0.00241952 -0.00049903 -0.00215883 -0.02129558 -0.00145560 -0.00027999 -0.00192333 -0.00087940 
-0.01623863 -0.00184467 -0.00049433 -0.00157362 -0.02128547 -0.00168311 -0.00018257 -0.00204911 -0.00085460 
-0.01613266 -0.00136142 -0.00049828 -0.00104022 -0.02181069 -0.00189274 -0.00015515 -0.00217398 -0.00087337 
-0.01635199 -0.00084490 -0.00037133 -0.00048283 -0.02229863 -0.00201766 -0.00008916 -0.00222721 -0.00090318 
-0.01559875 -0.00014226 -0.00030971 0.00020736 -0.02159156 -0.00198697 -0.00003666 -0.00210882 -0.00086692 
-0.01467601 0.00045028 -0.00018488 0.00082877 -0.02009239 -0.00184574 -0.00001610 -0.00189990 -0.00079788 
-0.01402183 0.00092785 -0.00010985 0.00130387 -0.01813280 -0.00165649 -0.00004708 -0.00174779 -0.00071133 
-0.01335282 0.00084592 -0.00007411 0.00123756 -0.01577645 -0.00139010 -0.00014130 -0.00153503 -0.00059865 
-0.01169086 0.00061118 -0.00004483 0.00099078 -0.01272710 -0.00109102 -0.00021510 -0.00133911 -0.00041696 
-0.00948897 0.00022039 -0.00003964 0.00061899 -0.00975973 -0.00086789 -0.00028508 -0.00102609 -0.00023345 
-0.00462273 -0.00020204 -0.00008699 -0.00002355 -0.00438317 -0.00041598 -0.00026159 -0.00045368 -0.00000298 
