-0.00449722 0.00017047 -0.00006021 0.00000638 -0.00413279 0.00037038 -0.00031988 0.00035293 -0.00003946 
-0.00909882 -0.00038242 -0.00006380 -0.00068947 -0.00861821 0.00069782 -0.00044625 0.00083621 -0.00026865 
-0.01156410 -0.00097117 -0.00010387 -0.00122919 -0.01148991 0.00087213 -0.00037513 0.00092338 -0.00044788 
-0.01309004 -0.00129364 -0.00001373 -0.00156691 -0.01401670 0.00098622 -0.00031945 0.00094256 -0.00056408 
-0.01359655 -0.00141535 -0.00003208 -0.00166716 -0.01570597 0.00116423 -0.00019050 0.00103749 -0.00062553 
-0.01378437 -0.00123538 -0.00009032 -0.00150507 -0.01736622 0.00144377 -0.00019511 0.00126422 -0.00069982 
-0.01350813 -0.00075677 -0.00015449 -0.00104023 -0.01836909 0.00161517 -0.00010522 0.00138692 -0.00072364 
-0.01331847 0.00000441 -0.00022111 -0.00028220 -0.01878083 0.00165111 -0.00016476 0.00147484 -0.00072873 
-0.01330467 0.00074474 -0.00039917 0.00046384 -0.01862245 0.00170001 -0.00026239 0.00147823 -0.00070869 
-0.01363606 0.00137318 -0.00047081 0.00112273 -0.01847587 0.00161106 -0.00033125 0.00148845 -0.00069602 
-0.01410935 0.00193208 -0.00052209 0.00169666 -0.01843732 0.00154131 -0.00038458 0.00149245 -0.00068138 
-0.01489581 0.00242995 -0.00061716 0.00220330 -0.01821943 0.00138591 -0.00047675 0.00143273 -0.00068972 
-0.01587806 0.00266847 -0.00068104 0.00246389 -0.01773304 0.00120417 -0.00050167 0.00132153 -0.00067947 
-0.01680508 0.00258359 -0.00072433 0.00244116 -0.01707940 0.00102375 -0.00054442 0.00119989 -0.00068355 
-0.01722386 0.00243467 -0.00056213 0.00233947 -0.01599484 0.00101164 -0.00037666 0.00119567 -0.00066373 
-0.01783292 0.00212109 -0.00030896 0.00208888 -0.01503736 0.00098685 -0.00016742 0.00125302 -0.00065759 
-0.01945307 0.00154058 -0.00026645 0.00156619 -0.01509615 0.00103091 -0.00008525 0.00130553 -0.00070858 
-0.02042830 0.00101017 -0.00025453 0.00106183 -0.01491029 0.00110570 -0.00002239 0.00138492 -0.00070885 
-0.02084804 0.00049135 -0.00020439 0.00055084 -0.01451720 0.00117578 0.00004509 0.00147376 -0.00069105 
-0.02097483 -0.00007278 -0.00022613 0.00002073 -0.01438503 0.00120850 0.00007818 0.00148916 -0.00069383 
-0.02065419 -0.00062523 -0.00025233 -0.00047858 -0.01426030 0.00121820 0.00012144 0.00151596 -0.00071458 
-0.01978387 -0.00134222 -0.00042288 -0.00115580 -0.01417234 0.00123704 0.00007745 0.00157413 -0.00073898 
-0.01909288 -0.00199125 -0.00051601 -0.00176708 -0.01470161 0.00117862 -0.00002069 0.00160091 -0.00077305 
-0.01865531 -0.00252950 -0.00066669 -0.00225370 -0.01554864 0.00116283 -0.00007094 0.00159929 -0.00078954 
-0.01819944 -0.00297385 -0.00084046 -0.00264403 -0.01652467 0.00120701 -0.00016767 0.00167518 -0.00079096 
-0.01761496 -0.00318732 -0.00089116 -0.00282129 -0.01781178 0.00129902 -0.00017088 0.00166300 -0.00076971 
-0.01680799 -0.00311639 -0.00094485 -0.00271600 -0.01918254 0.00141744 -0.00013516 0.00167611 -0.00076129 
-0.01596579 -0.00266700 -0.00098510 -0.00225189 -0.02034486 0.00151130 -0.00005211 0.00164981 -0.00073805 
-0.01531703 -0.00193413 -0.00113900 -0.00151967 -0.02095623 0.00149521 -0.00008417 0.00153509 -0.00071197 
-0.01515717 -0.00120082 -0.00126888 -0.00077036 -0.02140032 0.00145342 -0.00003846 0.00136145 -0.00069530 
-0.01503334 -0.00045899 -0.00136448 -0.00001823 -0.02153396 0.00135557 0.00004284 0.00119077 -0.00068400 
-0.01492954 0.00034486 -0.00139085 0.00077912 -0.02116288 0.00131275 0.00023503 0.00103381 -0.00067108 
-0.01542570 0.00124508 -0.00145446 0.00164643 -0.02084931 0.00137103 0.00044656 0.00099405 -0.00068550 
-0.01643636 0.00192292 -0.00166594 0.00225718 -0.02003628 0.00127028 0.00066021 0.00090090 -0.00069297 
-0.01770130 0.00193637 -0.00185979 0.00218709 -0.01917969 0.00105586 0.00098640 0.00085464 -0.00069974 
-0.01860389 0.00160155 -0.00199574 0.00172725 -0.01830411 0.00085472 0.00144898 0.00094633 -0.00066852 
-0.01932470 0.00098015 -0.00211875 0.00097151 -0.01767126 0.00061265 0.00187916 0.00116879 -0.00062613 
-0.02036941 0.00022676 -0.00227236 0.00008768 -0.01785849 0.00047780 0.00223663 0.00156573 -0.00060697 
-0.02079316 -0.00068660 -0.00232439 -0.00097805 -0.01801565 0.00014740 0.00267391 0.00199642 -0.00055631 
-0.02031988 -0.00162270 -0.00230515 -0.00207416 -0.01879107 -0.00016176 0.00292684 0.00266457 -0.00054482 
-0.01951433 -0.00212330 -0.00224671 -0.00268642 -0.02055926 -0.00048423 0.00284978 0.00334565 -0.00058969 
-0.01802514 -0.00214233 -0.00205983 -0.00282155 -0.02241658 -0.00089440 0.00254743 0.00396373 -0.00061388 
-0.01676872 -0.00153655 -0.00198791 -0.00230419 -0.02457917 -0.00135028 0.00191000 0.00461279 -0.00059943 
-0.01666394 -0.00023349 -0.00164996 -0.00113396 -0.02753842 -0.00220751 0.00140278 0.00528468 -0.00049439 
-0.01733025 0.00147692 -0.00118844 0.00031098 -0.03236524 -0.00345907 0.00106797 0.00695716 -0.00041558 
-0.02321237 0.00364464 0.00016509 0.00085538 -0.04775837 -0.00762501 0.00238865 0.01349114 0.00070418 
-0.03494404 0.00632577 0.00351645 -0.00208287 -0.07835730 -0.02749249 0.00620714 0.02295672 0.00737597 
-0.04435185 0.00809015 0.00856126 -0.00657231 -0.10169587 -0.06659255 0.00676227 0.01823481 0.01198788 
-0.04683046 0.00711287 0.01226468 -0.00685801 -0.09450450 -0.08509211 0.00502075 0.00137709 -0.00026896 
-0.04586965 0.00497068 0.01436052 -0.00401771 -0.07618147 -0.08407374 0.00250829 -0.00985022 -0.01511059 
-0.04170300 0.00249610 0.01407682 0.00085842 -0.05854667 -0.06236777 0.00079117 -0.01382132 -0.02095204 
-0.03431743 0.00168202 0.01208448 0.00377820 -0.04518252 -0.03666968 0.00069460 -0.01439804 -0.01604777 
-0.02721199 0.00146084 0.01009562 0.00466267 -0.03535294 -0.02057361 0.00059419 -0.01241631 -0.00905978 
-0.02354557 0.00084185 0.00856819 0.00387956 -0.02845292 -0.01324418 -0.00011883 -0.01036722 -0.00537730 
-0.02137670 -0.00003473 0.00705016 0.00276759 -0.02381725 -0.00946164 -0.00060133 -0.00915308 -0.00388415 
-0.01999801 -0.00106904 0.00584160 0.00149345 -0.02118105 -0.00675423 -0.00108894 -0.00865114 -0.00289984 
-0.01957039 -0.00177766 0.00509878 0.00061791 -0.01945894 -0.00543003 -0.00128638 -0.00851001 -0.00253894 
-0.01953952 -0.00245141 0.00447100 -0.00017223 -0.01891363 -0.00468896 -0.00147195 -0.00878047 -0.00241314 
-0.01952617 -0.00317900 0.00401587 -0.00095609 -0.01891052 -0.00418391 -0.00154914 -0.00913082 -0.00238870 
-0.01865892 -0.00354749 0.00321778 -0.00155127 -0.01948502 -0.00400399 -0.00146753 -0.00971824 -0.00248430 
-0.01814101 -0.00383046 0.00282748 -0.00193635 -0.02172981 -0.00413170 -0.00123787 -0.01075905 -0.00263869 
-0.01859496 -0.00381024 0.00268591 -0.00205792 -0.02543082 -0.00462268 -0.00080128 -0.01223364 -0.00299566 
-0.01903664 -0.00360475 0.00265866 -0.00195390 -0.03000814 -0.00498605 -0.00032206 -0.01394491 -0.00328921 
-0.01968166 -0.00295479 0.00251408 -0.00124861 -0.03708348 -0.00559272 0.00015708 -0.01689014 -0.00389349 
-0.02495896 -0.00165323 0.00228480 -0.00028417 -0.05030214 -0.00665559 0.00069572 -0.02382601 -0.00547110 
-0.03737982 0.00121186 0.00146478 0.00118417 -0.07590245 -0.00532784 -0.00029116 -0.03913814 -0.00642320 
-0.05296697 0.00447375 -0.00057887 0.00195939 -0.11356552 0.01063403 -0.00222352 -0.05018750 0.00153235 
-0.06152816 0.00657666 -0.00235819 0.00162341 -0.13620917 0.03834299 -0.00441687 -0.03897635 0.00742907 
-0.06317170 0.00779654 -0.00449968 0.00411377 -0.13247141 0.05263466 -0.00457488 -0.01496691 0.00092621 
-0.06371037 0.00782599 -0.00631403 0.00624313 -0.12156676 0.05864465 -0.00488240 0.00327055 -0.00755439 
-0.06199182 0.00629220 -0.00817284 0.00622752 -0.10279916 0.05778800 -0.00405214 0.01701281 -0.01746505 
-0.05298280 0.00456072 -0.00824008 0.00701581 -0.07847679 0.03921346 -0.00340402 0.02266477 -0.01819672 
-0.04232123 0.00361851 -0.00721087 0.00594769 -0.05791747 0.02339975 -0.00166271 0.01928412 -0.01229246 
-0.03505691 0.00208832 -0.00554141 0.00365512 -0.04490884 0.01557663 -0.00046804 0.01504524 -0.00773669 
-0.02991997 0.00031512 -0.00405642 0.00143158 -0.03671028 0.01049647 0.00044336 0.01286355 -0.00521645 
-0.02820122 -0.00110329 -0.00356241 -0.00022184 -0.03416453 0.00927943 0.00093181 0.01224404 -0.00460466 
-0.02611448 -0.00177278 -0.00299579 -0.00114863 -0.03242390 0.00847232 0.00126116 0.01202006 -0.00421619 
-0.02414010 -0.00199867 -0.00256350 -0.00158587 -0.03162166 0.00797521 0.00127618 0.01198382 -0.00403171 
-0.02257186 -0.00177320 -0.00252326 -0.00147151 -0.03158391 0.00794297 0.00091434 0.01218274 -0.00408385 
-0.02178002 -0.00117300 -0.00239918 -0.00099847 -0.03287737 0.00820199 0.00043850 0.01250610 -0.00418355 
-0.02088586 -0.00022244 -0.00241459 -0.00009471 -0.03377692 0.00855827 -0.00002581 0.01284031 -0.00431669 
-0.02057167 0.00078206 -0.00259550 0.00099482 -0.03517013 0.00900769 -0.00069172 0.01331093 -0.00450752 
-0.02136332 0.00166960 -0.00269375 0.00206077 -0.03725820 0.00962317 -0.00114714 0.01402120 -0.00482300 
-0.02423545 0.00237838 -0.00263174 0.00314396 -0.04200617 0.01058857 -0.00149213 0.01542544 -0.00533934 
-0.02837249 0.00285388 -0.00258675 0.00394571 -0.04796382 0.01080989 -0.00188974 0.01791617 -0.00603495 
-0.03808572 0.00407145 -0.00171394 0.00544901 -0.06297860 0.01455598 -0.00159617 0.02550183 -0.00943604 
-0.05196847 0.00537376 -0.00044768 0.00699140 -0.09068056 0.00976608 -0.00149142 0.03636412 -0.00818317 
-0.06405605 0.00549104 -0.00001973 0.00863558 -0.12058762 -0.01239455 -0.00123341 0.03476742 -0.00026682 
-0.06905057 0.00531491 -0.00005535 0.00998721 -0.12801277 -0.03090228 0.00084359 0.01604427 -0.00152777 
-0.06945856 0.00520660 0.00043457 0.00784604 -0.12140021 -0.04188991 0.00223872 -0.00154042 -0.00690170 
-0.06843419 0.00412963 0.00204689 0.00448077 -0.10750787 -0.04841729 0.00268633 -0.01636154 -0.01576083 
-0.05868406 0.00184167 0.00355455 0.00151175 -0.08334708 -0.03814042 0.00140027 -0.02414331 -0.01885777 
-0.04628464 -0.00022442 0.00387188 0.00003388 -0.06382861 -0.02412701 -0.00043969 -0.02106811 -0.01379999 
-0.03684899 -0.00095361 0.00273660 -0.00066428 -0.05060032 -0.01503848 -0.00099475 -0.01713864 -0.00753965 
-0.03044872 -0.00143458 0.00171707 -0.00114311 -0.04108547 -0.00942344 -0.00127631 -0.01430466 -0.00444801 
-0.02779535 -0.00172854 0.00148315 -0.00148336 -0.03689903 -0.00864674 -0.00142647 -0.01285956 -0.00397552 
-0.02546598 -0.00196020 0.00107497 -0.00186273 -0.03389671 -0.00772158 -0.00143362 -0.01192972 -0.00363798 
-0.02368124 -0.00211034 0.00061768 -0.00205487 -0.03288500 -0.00756180 -0.00139999 -0.01159897 -0.00363909 
-0.02219089 -0.00216012 0.00035824 -0.00203971 -0.03291644 -0.00785267 -0.00120583 -0.01170459 -0.00372251 
-0.02226922 -0.00218614 0.00026273 -0.00192994 -0.03430771 -0.00851419 -0.00102757 -0.01211315 -0.00398555 
-0.02230073 -0.00204398 0.00009364 -0.00158478 -0.03614428 -0.00920096 -0.00092969 -0.01277805 -0.00426516 
-0.02244196 -0.00190492 0.00005291 -0.00120622 -0.03911558 -0.00997805 -0.00074789 -0.01386087 -0.00464446 
-0.02300478 -0.00138831 0.00034206 -0.00028088 -0.04285907 -0.01044137 -0.00042490 -0.01509570 -0.00494447 
-0.02564791 -0.00038988 0.00064894 0.00113059 -0.04846851 -0.01141338 -0.00013434 -0.01712430 -0.00563867 
-0.02839180 0.00047389 0.00093289 0.00263960 -0.05364589 -0.01087413 0.00042810 -0.01872183 -0.00592811 
-0.03670687 0.00170504 0.00056230 0.00458373 -0.06563209 -0.01589999 0.00040646 -0.02410169 -0.01031216 
-0.04910709 0.00258525 0.00011443 0.00645151 -0.08729834 -0.01655413 0.00091175 -0.03143133 -0.01263329 
-0.06077499 0.00273384 0.00080352 0.00952228 -0.11204870 -0.01070094 0.00071920 -0.02990102 -0.00945894 
-0.06608382 0.00298903 0.00355101 0.01247246 -0.12275107 0.00091367 -0.00110023 -0.01483796 -0.00613844 
-0.06896407 0.00394612 0.00576904 0.01051245 -0.12116462 0.01279977 -0.00284008 -0.00001129 -0.00739547 
-0.07057694 0.00439872 0.00585055 0.00704743 -0.11463252 0.02287182 -0.00344711 0.01357502 -0.01104537 
-0.06364297 0.00331777 0.00264503 0.00140139 -0.09384184 0.03160206 -0.00219068 0.02439994 -0.01677767 
-0.05060597 0.00045815 -0.00025581 -0.00220803 -0.06995570 0.02741090 0.00067297 0.02213007 -0.01707352 
-0.03899538 -0.00084035 -0.00004576 -0.00255750 -0.05544198 0.01786513 0.00131447 0.01809114 -0.01012819 
-0.03132413 -0.00121439 0.00045450 -0.00232027 -0.04666259 0.01061309 0.00175123 0.01530351 -0.00554608 
-0.02893796 -0.00129536 0.00032585 -0.00235527 -0.04368714 0.01077729 0.00175403 0.01451978 -0.00529602 
-0.02636689 -0.00101426 0.00024972 -0.00203405 -0.04136175 0.01011615 0.00157837 0.01386630 -0.00486649 
-0.02474944 -0.00066379 -0.00003483 -0.00149863 -0.04057663 0.01047377 0.00118343 0.01377223 -0.00491342 
-0.02391474 -0.00003401 -0.00020795 -0.00074074 -0.04000925 0.01067038 0.00073669 0.01353741 -0.00487672 
-0.02303892 0.00060193 -0.00055536 0.00022368 -0.03923202 0.01089656 0.00040966 0.01341167 -0.00490755 
-0.02331447 0.00141583 -0.00095770 0.00132496 -0.03940917 0.01138307 0.00006037 0.01339029 -0.00500314 
-0.02469285 0.00199569 -0.00121287 0.00224540 -0.04049699 0.01156871 -0.00013631 0.01387709 -0.00511109 
-0.02574276 0.00213430 -0.00132990 0.00276077 -0.04161179 0.01155613 -0.00039848 0.01396237 -0.00509074 
-0.02831862 0.00224305 -0.00129727 0.00326027 -0.04521538 0.01202082 -0.00053118 0.01521024 -0.00554335 
-0.03067770 0.00231148 -0.00107893 0.00369604 -0.04914404 0.01127848 -0.00085818 0.01629559 -0.00561029 
-0.03898607 0.00286013 -0.00060886 0.00509546 -0.06031561 0.01711071 -0.00084820 0.02085124 -0.01007589 
-0.05129256 0.00302441 -0.00004243 0.00600212 -0.08048392 0.02038363 -0.00126851 0.02732033 -0.01321198 
-0.06364205 0.00208987 -0.00154667 0.00838052 -0.10519141 0.01831310 -0.00126344 0.02809095 -0.01113417 
-0.07097630 0.00152498 -0.00528638 0.00843611 -0.12109052 0.00632524 0.00063345 0.01443041 -0.00663633 
-0.07310117 0.00184633 -0.00735193 0.00473664 -0.12103359 -0.00746522 0.00274258 -0.00073516 -0.00711218 
-0.07337972 0.00195669 -0.00684362 0.00056856 -0.11688546 -0.01845016 0.00266058 -0.01483796 -0.00933658 
-0.06489031 0.00097849 -0.00288887 -0.00350007 -0.09656924 -0.02833849 0.00012698 -0.02564910 -0.01476162 
-0.05079540 -0.00090466 0.00009344 -0.00370332 -0.07109800 -0.02508975 -0.00153488 -0.02286918 -0.01539421 
-0.03887705 -0.00163119 -0.00001759 -0.00327505 -0.05472662 -0.01671917 -0.00134417 -0.01794234 -0.00909987 
-0.03115113 -0.00193985 0.00002413 -0.00277166 -0.04537220 -0.00997960 -0.00142641 -0.01502298 -0.00500963 
-0.02757228 -0.00232676 -0.00025381 -0.00306363 -0.04130976 -0.00994483 -0.00140034 -0.01377426 -0.00469183 
-0.02494617 -0.00258904 -0.00041993 -0.00307663 -0.03874373 -0.00939145 -0.00142605 -0.01295157 -0.00427431 
-0.02394878 -0.00266338 -0.00052954 -0.00290036 -0.03816639 -0.00984282 -0.00115814 -0.01301687 -0.00441058 
-0.02365534 -0.00272411 -0.00076469 -0.00266516 -0.03859008 -0.01034761 -0.00130525 -0.01296709 -0.00450887 
-0.02320898 -0.00261641 -0.00108793 -0.00228659 -0.03954419 -0.01072165 -0.00140522 -0.01341350 -0.00469306 
-0.02355765 -0.00233202 -0.00064045 -0.00158677 -0.04162249 -0.01103353 -0.00103140 -0.01405763 -0.00483695 
-0.02470720 -0.00162707 -0.00011774 -0.00051995 -0.04418044 -0.01151636 -0.00061094 -0.01490417 -0.00516489 
-0.02606411 -0.00096411 0.00034001 0.00053957 -0.04671615 -0.01142441 -0.00003118 -0.01560501 -0.00524304 
-0.02868237 -0.00066044 0.00056951 0.00126853 -0.05064808 -0.01185892 0.00023373 -0.01711144 -0.00592623 
-0.03117035 -0.00020868 0.00090085 0.00223387 -0.05483566 -0.01135292 0.00069181 -0.01796090 -0.00618766 
-0.03939172 0.00077843 0.00043621 0.00444500 -0.06439717 -0.01870622 0.00084514 -0.02132213 -0.01165407 
-0.05157486 0.00142803 -0.00013457 0.00683014 -0.08022279 -0.02791675 0.00184284 -0.02552336 -0.01888860 
-0.06433412 0.00000440 0.00313938 0.01051333 -0.10185803 -0.03460885 0.00157089 -0.02437524 -0.01768772 
-0.07156032 -0.00034937 0.00969043 0.00831500 -0.11676114 -0.01910931 -0.00148540 -0.01140963 -0.00870107 
-0.07398714 0.00012781 0.01320319 0.00278685 -0.11603668 -0.00274087 -0.00435607 0.00014306 -0.00762729 
-0.07352319 0.00039101 0.01157818 -0.00405378 -0.11537195 0.01358045 -0.00254491 0.01121709 -0.00839164 
-0.06629743 -0.00005923 0.00462753 -0.00839661 -0.10118773 0.03302488 0.00080945 0.02401177 -0.01608365 
-0.05293248 -0.00185670 0.00082818 -0.00644365 -0.07847523 0.02841356 0.00237929 0.02468566 -0.01841509 
-0.03938571 -0.00222724 0.00084532 -0.00497848 -0.06149683 0.01865867 0.00181094 0.02045019 -0.01132339 
-0.03014861 -0.00199212 0.00076107 -0.00392776 -0.05132840 0.01146534 0.00160983 0.01700768 -0.00610312 
-0.02645133 -0.00159185 0.00051624 -0.00325117 -0.04706284 0.01205818 0.00106545 0.01594518 -0.00582565 
-0.02386822 -0.00107831 0.00050476 -0.00243155 -0.04365531 0.01165915 0.00092155 0.01473866 -0.00527030 
-0.02287448 -0.00038757 0.00016831 -0.00143882 -0.04178112 0.01186354 0.00036808 0.01429740 -0.00525478 
-0.02226872 0.00032464 0.00000163 -0.00042971 -0.03998351 0.01171424 0.00012920 0.01358737 -0.00509634 
-0.02214654 0.00076799 -0.00030540 0.00039404 -0.03880300 0.01144886 -0.00009198 0.01324891 -0.00497660 
-0.02256906 0.00120433 -0.00041076 0.00123440 -0.03842057 0.01110169 -0.00029320 0.01303689 -0.00481569 
-0.02402090 0.00137319 -0.00054370 0.00176134 -0.03870259 0.01047870 -0.00045985 0.01329018 -0.00470063 
-0.02592033 0.00144827 -0.00039667 0.00209261 -0.04040351 0.01039746 -0.00072290 0.01370417 -0.00473300 
-0.02837322 0.00131344 -0.00041431 0.00230107 -0.04344782 0.01067597 -0.00075875 0.01472970 -0.00508013 
-0.03167619 0.00106560 -0.00030593 0.00217808 -0.04807597 0.01045065 -0.00096850 0.01609348 -0.00536410 
-0.03993720 0.00089034 0.00010935 0.00278704 -0.05835025 0.01672006 -0.00078744 0.01941026 -0.00962548 
-0.05166237 0.00070866 0.00080982 0.00364214 -0.07454150 0.02396715 -0.00114375 0.02437896 -0.01553228 
-0.06491917 -0.00101046 -0.00166884 0.00489531 -0.09820597 0.02860713 0.00003690 0.02625878 -0.01513131 
-0.07426503 -0.00188627 -0.00591999 0.00244605 -0.11833530 0.02157038 0.00258233 0.01546737 -0.00915792 
-0.07557267 -0.00173769 -0.00762012 -0.00172104 -0.12127637 0.00819610 0.00315966 0.00047953 -0.00715488 
-0.07328637 -0.00131278 -0.00731299 -0.00555738 -0.11996050 -0.00298651 0.00102834 -0.01435447 -0.00663272 
-0.06499709 -0.00173820 -0.00322342 -0.00801850 -0.10361589 -0.01810184 -0.00197192 -0.02707278 -0.01098564 
-0.05173419 -0.00305334 -0.00066605 -0.00618136 -0.07747695 -0.02060708 -0.00241334 -0.02579524 -0.01318055 
-0.03879846 -0.00371509 -0.00074546 -0.00564077 -0.05754003 -0.01684608 -0.00177066 -0.01957394 -0.00974302 
-0.03023130 -0.00362095 -0.00109935 -0.00489161 -0.04754187 -0.01082016 -0.00159276 -0.01577961 -0.00543842 
-0.02755202 -0.00365432 -0.00125144 -0.00466094 -0.04404327 -0.01126712 -0.00131551 -0.01501332 -0.00527869 
-0.02526009 -0.00362698 -0.00149569 -0.00433680 -0.04094489 -0.01105975 -0.00124849 -0.01380640 -0.00487526 
-0.02397690 -0.00371262 -0.00169041 -0.00403529 -0.03975899 -0.01117060 -0.00127931 -0.01357390 -0.00488823 
-0.02289365 -0.00353866 -0.00172412 -0.00354600 -0.03955431 -0.01120290 -0.00122925 -0.01333538 -0.00483079 
-0.02253732 -0.00306258 -0.00141701 -0.00270996 -0.04013548 -0.01121036 -0.00097488 -0.01362698 -0.00490602 
-0.02246538 -0.00250882 -0.00094286 -0.00183021 -0.04048702 -0.01114998 -0.00053514 -0.01369853 -0.00495486 
-0.02310963 -0.00176864 -0.00064207 -0.00084282 -0.04141067 -0.01104600 -0.00017847 -0.01410255 -0.00505057 
-0.02427132 -0.00130360 -0.00012007 -0.00001608 -0.04267600 -0.01062012 0.00033365 -0.01443350 -0.00504420 
-0.02648263 -0.00094227 -0.00005345 0.00064317 -0.04529935 -0.01098180 0.00059843 -0.01525365 -0.00557408 
-0.02962363 -0.00057999 -0.00014416 0.00118865 -0.04903374 -0.01093299 0.00075149 -0.01625735 -0.00600035 
-0.03738386 -0.00028591 -0.00060301 0.00243083 -0.05704814 -0.01785091 0.00089652 -0.01843310 -0.01056561 
-0.04975708 -0.00053765 -0.00137049 0.00400086 -0.06923856 -0.02994519 0.00144451 -0.02109399 -0.01941895 
-0.06384149 -0.00320706 0.00214031 0.00426296 -0.09058880 -0.03911944 -0.00036418 -0.02284039 -0.01973962 
-0.07263932 -0.00486616 0.00750382 -0.00156721 -0.11135454 -0.02674363 -0.00300851 -0.01459458 -0.01120796 
-0.07380938 -0.00518341 0.00957238 -0.00773459 -0.11814523 -0.01288484 -0.00283679 -0.00289649 -0.00774094 
-0.07199810 -0.00418546 0.00693740 -0.01249988 -0.12393121 -0.00242480 0.00006012 0.01151193 -0.00583181 
-0.06631384 -0.00407012 0.00180368 -0.01203301 -0.11385998 0.01382060 0.00273858 0.02858434 -0.01027711 
-0.05357318 -0.00461718 0.00010093 -0.00841834 -0.08828381 0.01867634 0.00291752 0.03120119 -0.01369356 
-0.03937507 -0.00375945 0.00081029 -0.00647556 -0.06544379 0.01677690 0.00201296 0.02401518 -0.01101232 
-0.03019784 -0.00265860 0.00138148 -0.00484600 -0.05320651 0.01111327 0.00186043 0.01862099 -0.00614671 
-0.02711949 -0.00195168 0.00122550 -0.00370148 -0.04817878 0.01156577 0.00137738 0.01712782 -0.00581603 
-0.02361567 -0.00099030 0.00101636 -0.00231018 -0.04228508 0.01072274 0.00098743 0.01504054 -0.00509648 
-0.02252823 -0.00018996 0.00067483 -0.00103055 -0.03926181 0.01072029 0.00064255 0.01401161 -0.00496665 
-0.02137373 0.00047880 0.00046654 -0.00002027 -0.03632948 0.00975761 0.00025217 0.01300832 -0.00447497 
-0.02125221 0.00077572 0.00037726 0.00059074 -0.03475313 0.00914469 -0.00001351 0.01244320 -0.00418876 
-0.02151645 0.00108605 0.00024692 0.00115437 -0.03362896 0.00847083 -0.00032978 0.01207380 -0.00392283 
-0.02286390 0.00122347 0.00032417 0.00142420 -0.03357914 0.00820616 -0.00060104 0.01199191 -0.00383176 
-0.02469897 0.00120429 0.00048571 0.00147693 -0.03466988 0.00811658 -0.00072731 0.01242879 -0.00381966 
-0.02767560 0.00105215 0.00086115 0.00137558 -0.03815713 0.00929352 -0.00073765 0.01347669 -0.00426606 
-0.03012304 0.00096641 0.00120170 0.00125521 -0.04215202 0.00951128 -0.00047720 0.01496914 -0.00463173 
-0.03569279 0.00085482 0.00236818 0.00150937 -0.05017530 0.01585286 -0.00029753 0.01731555 -0.00827025 
-0.04601685 0.00011112 0.00399098 0.00138871 -0.06382306 0.02466078 -0.00007432 0.02120134 -0.01514740 
-0.05991739 -0.00172886 0.00412692 0.00084093 -0.08441951 0.03998927 0.00125661 0.02409696 -0.01973791 
-0.07011231 -0.00415904 0.00152575 -0.00187521 -0.10819577 0.04539510 0.00283345 0.01667234 -0.01453314 
-0.07127705 -0.00547198 -0.00052300 -0.00638425 -0.11887673 0.03624399 0.00229362 0.00210141 -0.00699558 
-0.06966684 -0.00593793 -0.00056741 -0.01059107 -0.12344667 0.02509394 0.00015667 -0.01521874 -0.00261683 
-0.06311694 -0.00633213 0.00029121 -0.01030037 -0.11515559 0.01049677 -0.00263252 -0.03305750 -0.00087008 
-0.05067948 -0.00642417 -0.00008062 -0.00832065 -0.08648657 -0.00795622 -0.00311025 -0.03407195 -0.00707950 
-0.03804372 -0.00553654 -0.00121323 -0.00665532 -0.06099339 -0.01312052 -0.00252874 -0.02425118 -0.00856250 
-0.02955641 -0.00441094 -0.00234980 -0.00549964 -0.04719789 -0.00980160 -0.00233022 -0.01734086 -0.00538688 
-0.02650650 -0.00418064 -0.00284538 -0.00503987 -0.04243721 -0.00985809 -0.00224004 -0.01519320 -0.00481698 
-0.02374982 -0.00371095 -0.00311413 -0.00432340 -0.03846651 -0.00940303 -0.00193465 -0.01391684 -0.00447518 
-0.02246572 -0.00299647 -0.00285752 -0.00331911 -0.03718682 -0.00952081 -0.00156856 -0.01331884 -0.00439217 
-0.02148871 -0.00220622 -0.00254926 -0.00231301 -0.03568895 -0.00918202 -0.00110797 -0.01304817 -0.00429591 
-0.02089777 -0.00142676 -0.00224262 -0.00137833 -0.03415345 -0.00874887 -0.00065603 -0.01251742 -0.00414961 
-0.02100328 -0.00085184 -0.00216225 -0.00065038 -0.03326118 -0.00847464 -0.00028830 -0.01246722 -0.00411224 
-0.02140721 -0.00011102 -0.00204075 0.00015118 -0.03283013 -0.00810469 0.00014982 -0.01218964 -0.00394565 
-0.02283740 0.00053892 -0.00225014 0.00071924 -0.03332360 -0.00822688 0.00046458 -0.01238169 -0.00409274 
-0.02473309 0.00091700 -0.00247293 0.00104388 -0.03445333 -0.00852527 0.00067731 -0.01233992 -0.00420232 
-0.02760067 0.00051726 -0.00323446 0.00042794 -0.03670216 -0.00954153 0.00041046 -0.01311754 -0.00497144 
-0.03281415 -0.00082430 -0.00468310 -0.00090093 -0.04293521 -0.01466418 -0.00003554 -0.01449530 -0.00767516 
-0.04014223 -0.00273896 -0.00594855 -0.00290470 -0.05211410 -0.02154255 -0.00077218 -0.01742452 -0.01256327 
-0.05265865 -0.00490893 -0.00625296 -0.00472281 -0.07203746 -0.03565608 -0.00214134 -0.02081700 -0.01812328 
-0.06126852 -0.00692925 -0.00595352 -0.00684227 -0.09526721 -0.05186329 -0.00352374 -0.01688907 -0.01734115 
-0.06260818 -0.00832674 -0.00547980 -0.01007954 -0.11323409 -0.04709859 -0.00329944 -0.00461555 -0.00782403 
-0.06165716 -0.00859452 -0.00461609 -0.00982052 -0.12281227 -0.04065962 -0.00213814 0.01247203 -0.00096991 
-0.05971754 -0.00789003 -0.00305344 -0.00780202 -0.12574656 -0.02788096 -0.00104981 0.03461355 0.00398311 
-0.05103860 -0.00652456 -0.00115695 -0.00636806 -0.10424893 -0.00474394 0.00066252 0.04593123 -0.00103542 
-0.03672044 -0.00383139 0.00098602 -0.00445025 -0.07072800 0.00721747 0.00172762 0.03606875 -0.00715209 
-0.02607269 -0.00117438 0.00219418 -0.00257431 -0.04863350 0.00778717 0.00221905 0.02270014 -0.00593117 
-0.02059722 0.00020441 0.00240612 -0.00124481 -0.03803306 0.00648373 0.00172078 0.01707985 -0.00422709 
-0.01850602 0.00137954 0.00239082 0.00002059 -0.03164867 0.00532789 0.00120356 0.01438764 -0.00345807 
-0.01784143 0.00213378 0.00222203 0.00076179 -0.02777162 0.00489612 0.00062718 0.01293179 -0.00313222 
-0.01806013 0.00262434 0.00233575 0.00116547 -0.02509101 0.00440234 0.00015744 0.01187834 -0.00282822 
-0.01861658 0.00303616 0.00261804 0.00141316 -0.02330832 0.00403214 -0.00036340 0.01115281 -0.00262377 
-0.01915464 0.00318504 0.00305526 0.00133633 -0.02213303 0.00389881 -0.00065505 0.01072336 -0.00250612 
-0.01932235 0.00318233 0.00364423 0.00112018 -0.02140638 0.00393445 -0.00098897 0.01018854 -0.00236899 
-0.01986487 0.00302401 0.00461209 0.00064486 -0.02195614 0.00458137 -0.00094898 0.01017307 -0.00257022 
-0.01994444 0.00248335 0.00510704 -0.00003895 -0.02228178 0.00518992 -0.00095491 0.01000405 -0.00264263 
-0.02107966 0.00178750 0.00627224 -0.00100210 -0.02425205 0.00714553 -0.00069811 0.01018402 -0.00333549 
-0.02256310 0.00088151 0.00757956 -0.00222462 -0.02690131 0.00988163 -0.00047768 0.01083622 -0.00440274 
-0.02682741 0.00011826 0.00975831 -0.00306524 -0.03319887 0.01693798 0.00008168 0.01211236 -0.00802640 
-0.03393460 -0.00077028 0.01202608 -0.00294591 -0.04180623 0.03305759 0.00037088 0.01375105 -0.01557064 
-0.04223598 -0.00217616 0.01423531 -0.00184666 -0.05475919 0.05694351 0.00071322 0.01317162 -0.02021140 
-0.04601585 -0.00485004 0.01513960 -0.00064451 -0.07111407 0.07427487 0.00190373 0.00962528 -0.01389233 
-0.04627046 -0.00773579 0.01381445 -0.00049108 -0.08700264 0.07365880 0.00301464 -0.00121848 -0.00074534 
-0.04326598 -0.00917646 0.01041943 -0.00065678 -0.09278445 0.05626839 0.00366131 -0.01725835 0.00999590 
-0.03364399 -0.00769642 0.00525543 -0.00278019 -0.07104587 0.02360723 0.00260709 -0.02208534 0.00620824 
-0.02282553 -0.00553219 0.00189891 -0.00404493 -0.04336478 0.00709174 0.00079276 -0.01250330 0.00017889 
-0.01741753 -0.00366520 0.00019095 -0.00318106 -0.03101788 0.00452112 0.00025886 -0.00656560 -0.00039056 
-0.01628232 -0.00192327 -0.00067825 -0.00148887 -0.02754709 0.00348862 0.00069106 -0.00542172 -0.00043993 
-0.01601226 -0.00052676 -0.00114719 -0.00011209 -0.02571020 0.00264690 0.00113394 -0.00502800 -0.00057393 
-0.01672789 0.00065354 -0.00148597 0.00109087 -0.02421669 0.00198414 0.00174235 -0.00476048 -0.00061285 
-0.01799368 0.00141706 -0.00167720 0.00186032 -0.02293515 0.00145129 0.00232370 -0.00441910 -0.00063073 
-0.01910210 0.00185549 -0.00185366 0.00228617 -0.02150378 0.00096052 0.00273880 -0.00386234 -0.00064945 
-0.01996461 0.00196491 -0.00204490 0.00236495 -0.02016896 0.00058369 0.00285133 -0.00315412 -0.00066353 
-0.02077440 0.00171600 -0.00216879 0.00207383 -0.01893797 0.00029616 0.00277065 -0.00252160 -0.00068371 
-0.02134500 0.00094445 -0.00218672 0.00122312 -0.01805361 0.00001920 0.00259545 -0.00186856 -0.00072800 
-0.02129662 -0.00016527 -0.00214420 -0.00000485 -0.01765169 -0.00042779 0.00221527 -0.00144021 -0.00076965 
-0.02070945 -0.00127826 -0.00204487 -0.00121551 -0.01805726 -0.00075548 0.00173968 -0.00110562 -0.00082790 
-0.01975747 -0.00200631 -0.00197151 -0.00206562 -0.01889210 -0.00096851 0.00120248 -0.00095598 -0.00086539 
-0.01899602 -0.00225836 -0.00197087 -0.00241080 -0.02002037 -0.00116015 0.00073806 -0.00095860 -0.00089226 
-0.01798034 -0.00216173 -0.00184669 -0.00237872 -0.02086457 -0.00132722 0.00039621 -0.00103343 -0.00089116 
-0.01685248 -0.00168155 -0.00171767 -0.00196527 -0.02155251 -0.00141166 0.00014183 -0.00113779 -0.00088688 
-0.01586228 -0.00085466 -0.00155874 -0.00120173 -0.02204899 -0.00146790 -0.00003300 -0.00128264 -0.00089115 
-0.01526959 0.00017435 -0.00141972 -0.00021249 -0.02198821 -0.00141922 -0.00013740 -0.00139611 -0.00087867 
-0.01527929 0.00123541 -0.00126007 0.00082299 -0.02143216 -0.00131918 -0.00024791 -0.00146271 -0.00087659 
-0.01566780 0.00219547 -0.00108706 0.00175962 -0.02038969 -0.00117543 -0.00029002 -0.00150592 -0.00087534 
-0.01620605 0.00271903 -0.00102677 0.00229569 -0.01892361 -0.00104608 -0.00029376 -0.00150617 -0.00085593 
-0.01666378 0.00283967 -0.00099040 0.00244259 -0.01729166 -0.00096029 -0.00021859 -0.00145354 -0.00081988 
-0.01762318 0.00268344 -0.00094562 0.00233543 -0.01614772 -0.00102614 -0.00017979 -0.00146311 -0.00080285 
-0.01870171 0.00232117 -0.00087577 0.00204922 -0.01530409 -0.00107802 -0.00015958 -0.00145526 -0.00078384 
-0.01988517 0.00182932 -0.00071308 0.00163658 -0.01482407 -0.00110210 -0.00011873 -0.00141800 -0.00076593 
-0.02080574 0.00117650 -0.00052131 0.00103463 -0.01451208 -0.00113686 -0.00004969 -0.00138771 -0.00074898 
-0.02125038 0.00055917 -0.00031226 0.00048491 -0.01462841 -0.00114248 -0.00000719 -0.00136425 -0.00073218 
-0.02109642 0.00007450 -0.00031173 0.00007950 -0.01473946 -0.00107296 -0.00007276 -0.00126277 -0.00073722 
-0.02085631 -0.00055151 -0.00028733 -0.00049862 -0.01482908 -0.00103775 -0.00016234 -0.00127433 -0.00077185 
-0.02032163 -0.00126519 -0.00018586 -0.00120184 -0.01529080 -0.00095856 -0.00018581 -0.00126869 -0.00077851 
-0.01956254 -0.00178730 -0.00022715 -0.00170422 -0.01586859 -0.00083438 -0.00026367 -0.00123817 -0.00075964 
-0.01881434 -0.00223186 -0.00023195 -0.00212715 -0.01629172 -0.00075591 -0.00030191 -0.00125121 -0.00073975 
-0.01785128 -0.00252393 -0.00024475 -0.00240408 -0.01674913 -0.00077421 -0.00031111 -0.00131136 -0.00074210 
-0.01674698 -0.00266803 -0.00024433 -0.00251104 -0.01714245 -0.00079714 -0.00028966 -0.00133827 -0.00073770 
-0.01574003 -0.00257967 -0.00032670 -0.00237403 -0.01758462 -0.00087627 -0.00027863 -0.00137640 -0.00073835 
-0.01476817 -0.00222330 -0.00043005 -0.00201389 -0.01814276 -0.00105599 -0.00025530 -0.00148010 -0.00072542 
-0.01367609 -0.00169453 -0.00041660 -0.00147942 -0.01827036 -0.00123983 -0.00017963 -0.00160155 -0.00070381 
-0.01367261 -0.00122282 -0.00041841 -0.00096923 -0.01890793 -0.00141482 -0.00013408 -0.00171508 -0.00072232 
-0.01388584 -0.00072481 -0.00030305 -0.00044508 -0.01943221 -0.00151751 -0.00006065 -0.00176328 -0.00074575 
-0.01328014 -0.00005833 -0.00025571 0.00021272 -0.01884239 -0.00148781 -0.00003038 -0.00165448 -0.00071841 
-0.01258617 0.00054396 -0.00016189 0.00084450 -0.01764717 -0.00139521 -0.00003273 -0.00149770 -0.00067161 
-0.01219181 0.00099962 -0.00010279 0.00129756 -0.01600973 -0.00125359 -0.00005872 -0.00137237 -0.00060433 
-0.01166199 0.00095543 -0.00006572 0.00127978 -0.01390446 -0.00104905 -0.00015108 -0.00120091 -0.00051515 
-0.01039902 0.00070149 -0.00004399 0.00102293 -0.01129612 -0.00081921 -0.00021738 -0.00106528 -0.00037167 
-0.00818359 0.00031066 -0.00004193 0.00066103 -0.00837458 -0.00063527 -0.00029471 -0.00079570 -0.00020168 
-0.00409956 -0.00018130 -0.00008186 -0.00001805 -0.00384957 -0.00032623 -0.00028601 -0.00033725 -0.00002426 
