-0.00001569 0.00000311 -0.00000197 0.00000184 -0.00001049 0.00000081 -0.00001991 -0.00000001 -0.00000045 
-0.00004126 -0.00000008 -0.00000226 -0.00000163 -0.00002559 0.00000168 -0.00002972 -0.00000317 -0.00000100 
-0.00004926 -0.00000406 -0.00000245 -0.00000478 -0.00003183 0.00000099 -0.00002903 -0.00000811 -0.00000122 
-0.00005069 -0.00000764 -0.00000212 -0.00000806 -0.00003694 0.00000004 -0.00002675 -0.00001275 -0.00000133 
-0.00004679 -0.00000945 -0.00000180 -0.00000954 -0.00004022 -0.00000031 -0.00002262 -0.00001586 -0.00000120 
-0.00004260 -0.00000998 -0.00000154 -0.00000988 -0.00004391 -0.00000026 -0.00001844 -0.00001828 -0.00000104 
-0.00003745 -0.00000918 -0.00000126 -0.00000894 -0.00004761 -0.00000027 -0.00001391 -0.00001926 -0.00000086 
-0.00003250 -0.00000658 -0.00000100 -0.00000642 -0.00004948 -0.00000064 -0.00000991 -0.00001818 -0.00000084 
-0.00002925 -0.00000277 -0.00000034 -0.00000266 -0.00004881 -0.00000108 -0.00000626 -0.00001511 -0.00000081 
-0.00003000 0.00000089 0.00000059 0.00000105 -0.00005088 -0.00000110 -0.00000323 -0.00001049 -0.00000099 
-0.00003062 0.00000509 0.00000076 0.00000503 -0.00005191 -0.00000058 -0.00000235 -0.00000405 -0.00000098 
-0.00003223 0.00000886 0.00000080 0.00000851 -0.00004981 -0.00000031 -0.00000331 0.00000331 -0.00000081 
-0.00003592 0.00001133 0.00000050 0.00001051 -0.00004575 -0.00000046 -0.00000760 0.00000903 -0.00000047 
-0.00004029 0.00001139 0.00000008 0.00001032 -0.00004196 -0.00000038 -0.00001209 0.00001347 -0.00000017 
-0.00004465 0.00001063 0.00000050 0.00000926 -0.00003986 0.00000027 -0.00001604 0.00001526 -0.00000005 
-0.00004800 0.00000924 0.00000036 0.00000794 -0.00003690 0.00000063 -0.00002078 0.00001515 0.00000004 
-0.00004877 0.00000739 0.00000045 0.00000649 -0.00003410 0.00000107 -0.00002520 0.00001268 -0.00000000 
-0.00005158 0.00000513 0.00000055 0.00000451 -0.00003309 0.00000134 -0.00002809 0.00000925 0.00000002 
-0.00005443 0.00000230 0.00000028 0.00000176 -0.00003321 0.00000146 -0.00002975 0.00000372 0.00000008 
-0.00005586 0.00000044 0.00000003 0.00000043 -0.00003663 0.00000137 -0.00002897 -0.00000118 -0.00000008 
-0.00005397 -0.00000121 -0.00000006 -0.00000103 -0.00003703 0.00000139 -0.00002447 -0.00000427 -0.00000015 
-0.00005000 -0.00000239 -0.00000026 -0.00000202 -0.00003783 0.00000148 -0.00001781 -0.00000499 -0.00000006 
-0.00004812 -0.00000395 -0.00000005 -0.00000326 -0.00003933 0.00000136 -0.00000893 -0.00000112 -0.00000021 
-0.00004840 -0.00000493 0.00000073 -0.00000402 -0.00004299 0.00000093 0.00000087 0.00000651 -0.00000047 
-0.00004809 -0.00000545 0.00000103 -0.00000444 -0.00004716 0.00000129 0.00000922 0.00002135 -0.00000089 
-0.00004778 -0.00000468 0.00000154 -0.00000326 -0.00004555 0.00000165 0.00001381 0.00003408 -0.00000141 
-0.00004532 -0.00000564 0.00000130 -0.00000390 -0.00004402 0.00000212 0.00001334 0.00004227 -0.00000170 
-0.00004585 -0.00000775 0.00000006 -0.00000515 -0.00004960 0.00000320 0.00000891 0.00005312 -0.00000210 
-0.00004669 -0.00000726 -0.00000007 -0.00000451 -0.00005422 0.00000302 0.00000149 0.00006076 -0.00000257 
-0.00004110 -0.00000694 -0.00000096 -0.00000379 -0.00005022 0.00000239 -0.00000830 0.00005837 -0.00000283 
-0.00003533 -0.00000659 -0.00000190 -0.00000282 -0.00004673 0.00000150 -0.00001563 0.00005165 -0.00000279 
-0.00003516 -0.00000382 -0.00000169 -0.00000041 -0.00004776 0.00000112 -0.00002205 0.00004839 -0.00000265 
-0.00003468 -0.00000043 -0.00000174 0.00000351 -0.00004678 0.00000064 -0.00002743 0.00004355 -0.00000275 
-0.00003635 0.00000399 -0.00000177 0.00000801 -0.00004501 0.00000009 -0.00003328 0.00003834 -0.00000255 
-0.00003957 0.00000666 -0.00000143 0.00001023 -0.00004068 -0.00000140 -0.00003361 0.00002941 -0.00000194 
-0.00004436 0.00000665 -0.00000068 0.00000983 -0.00004028 -0.00000243 -0.00002882 0.00002003 -0.00000172 
-0.00004362 0.00000315 0.00000015 0.00000469 -0.00003633 -0.00000223 -0.00001550 0.00001206 -0.00000100 
-0.00004958 0.00000304 0.00000107 0.00000422 -0.00004565 -0.00000300 -0.00000098 0.00000822 -0.00000064 
-0.00004682 -0.00000146 0.00000199 -0.00000056 -0.00003744 -0.00000124 0.00001757 0.00001069 0.00000024 
-0.00004486 -0.00000626 0.00000237 -0.00000525 -0.00003786 0.00000074 0.00003014 0.00001654 0.00000091 
-0.00003933 -0.00001036 0.00000338 -0.00000787 -0.00004060 0.00000100 0.00004207 0.00002284 0.00000135 
-0.00002969 -0.00000773 0.00000272 -0.00000528 -0.00003765 0.00000143 0.00003660 0.00002532 0.00000133 
-0.00003062 -0.00000240 0.00000169 -0.00000005 -0.00004502 0.00000250 0.00003606 0.00003206 0.00000146 
-0.00003082 0.00000265 0.00000109 0.00000574 -0.00005441 0.00000272 0.00003338 0.00003990 0.00000098 
-0.00002477 -0.00000007 -0.00000109 0.00000609 -0.00006240 0.00000513 0.00003002 0.00005041 -0.00000005 
-0.00002187 -0.00000006 -0.00000194 0.00000682 -0.00007456 0.00000556 0.00002725 0.00005937 -0.00000021 
-0.00003068 0.00000223 -0.00000172 0.00000341 -0.00014996 0.00000509 0.00003513 0.00008722 -0.00000188 
-0.00009040 0.00001144 0.00000441 0.00001027 -0.00037651 0.00000314 0.00005393 0.00007110 -0.00000610 
-0.00011274 0.00001907 0.00000467 0.00001921 -0.00042732 0.00000028 0.00006581 -0.00002116 -0.00000662 
-0.00011904 0.00003204 0.00000605 0.00002795 -0.00041724 -0.00000490 0.00007958 -0.00009796 -0.00000754 
-0.00010850 0.00003194 0.00000890 0.00002719 -0.00038757 -0.00000581 0.00010482 -0.00013671 -0.00001082 
-0.00008144 0.00002587 0.00000866 0.00002457 -0.00029508 -0.00000296 0.00010610 -0.00012407 -0.00001063 
-0.00003066 0.00001393 0.00000195 0.00001297 -0.00010237 -0.00000664 0.00007328 -0.00007991 -0.00000470 
-0.00002762 0.00000665 0.00000283 0.00000558 -0.00004375 -0.00000325 0.00004467 -0.00003343 -0.00000233 
-0.00003757 0.00000234 0.00000384 0.00000412 -0.00003813 0.00000018 0.00004412 -0.00002526 -0.00000083 
-0.00004466 0.00000247 0.00000266 0.00000530 -0.00003065 0.00000100 0.00003536 -0.00002049 0.00000165 
-0.00006052 0.00000072 0.00000193 0.00000258 -0.00003933 0.00000216 0.00002289 -0.00002183 0.00000323 
-0.00006876 -0.00000222 0.00000062 -0.00000508 -0.00003901 0.00000209 -0.00001592 -0.00002283 0.00000272 
-0.00006069 -0.00000316 -0.00000172 -0.00001018 -0.00003406 0.00000205 -0.00004409 -0.00002691 0.00000152 
-0.00005103 -0.00000443 -0.00000276 -0.00001086 -0.00002934 0.00000097 -0.00004691 -0.00003133 0.00000009 
-0.00004500 -0.00000370 -0.00000283 -0.00000783 -0.00002894 -0.00000196 -0.00004385 -0.00003755 -0.00000189 
-0.00004211 -0.00000169 -0.00000284 -0.00000456 -0.00002957 -0.00000309 -0.00003759 -0.00004203 -0.00000293 
-0.00002515 -0.00000152 -0.00000034 -0.00000015 -0.00002274 -0.00000403 -0.00002084 -0.00003445 -0.00000294 
-0.00002576 -0.00000138 0.00000197 0.00000369 -0.00002986 -0.00000562 -0.00001691 -0.00004320 -0.00000416 
-0.00002887 -0.00000542 0.00000290 0.00000208 -0.00004452 -0.00000651 -0.00001490 -0.00005883 -0.00000554 
-0.00003821 -0.00001209 0.00000446 -0.00000256 -0.00007431 -0.00000942 -0.00001484 -0.00009448 -0.00000842 
-0.00006079 -0.00002084 0.00000756 -0.00001721 -0.00018374 -0.00001300 -0.00002086 -0.00018228 -0.00001475 
-0.00011710 -0.00001923 -0.00000105 -0.00002290 -0.00051078 -0.00001039 -0.00003781 -0.00022734 -0.00001997 
-0.00014026 -0.00000768 -0.00000880 -0.00000495 -0.00062594 -0.00001299 -0.00006558 -0.00008523 -0.00001826 
-0.00012551 0.00001425 -0.00000965 0.00002182 -0.00056749 -0.00001174 -0.00010878 0.00006218 -0.00001257 
-0.00010048 0.00002106 -0.00000922 0.00003067 -0.00043553 -0.00001288 -0.00013885 0.00011737 -0.00000769 
-0.00006544 0.00000925 -0.00000655 0.00001615 -0.00024217 -0.00000976 -0.00010952 0.00008344 -0.00000201 
-0.00004405 0.00000515 -0.00000476 0.00000794 -0.00009375 -0.00000022 -0.00008391 0.00005420 0.00000013 
-0.00004739 0.00000419 -0.00000584 0.00000476 -0.00006300 0.00000153 -0.00006900 0.00003415 0.00000106 
-0.00004808 0.00000152 -0.00000547 0.00000317 -0.00004714 -0.00000017 -0.00005481 0.00002261 0.00000221 
-0.00005006 0.00000242 -0.00000392 0.00000369 -0.00004462 -0.00000196 -0.00003623 0.00001523 0.00000240 
-0.00005456 -0.00000472 -0.00000107 -0.00000683 -0.00004286 -0.00000437 -0.00000358 0.00001770 0.00000211 
-0.00005532 -0.00000951 0.00000125 -0.00001568 -0.00004616 -0.00000466 0.00002933 0.00002346 0.00000079 
-0.00005354 -0.00001029 0.00000225 -0.00001828 -0.00005116 -0.00000285 0.00004579 0.00003532 -0.00000047 
-0.00004811 -0.00000146 0.00000472 -0.00000985 -0.00005684 -0.00000174 0.00005053 0.00004746 -0.00000229 
-0.00005198 0.00000915 0.00000853 -0.00000163 -0.00006586 -0.00000212 0.00005705 0.00006369 -0.00000458 
-0.00003710 0.00000685 0.00000612 0.00000063 -0.00005537 0.00000157 0.00004065 0.00006021 -0.00000586 
-0.00002513 0.00000369 0.00000108 0.00000197 -0.00004627 0.00000517 0.00002344 0.00005537 -0.00000484 
-0.00002033 0.00000412 -0.00000099 0.00000495 -0.00004220 0.00000585 0.00001122 0.00005404 -0.00000381 
-0.00001910 0.00000239 -0.00000169 0.00000468 -0.00004347 0.00000743 0.00000480 0.00005894 -0.00000509 
-0.00002431 0.00000326 -0.00000171 0.00000528 -0.00005772 0.00000899 -0.00000041 0.00007696 -0.00000602 
-0.00003764 0.00000562 -0.00000204 0.00000241 -0.00015148 0.00001229 -0.00000855 0.00014437 -0.00000835 
-0.00010570 0.00000703 0.00000604 0.00000838 -0.00041928 0.00001246 -0.00001621 0.00017980 -0.00001202 
-0.00013289 0.00001986 0.00000868 0.00003099 -0.00049579 0.00001174 0.00000153 0.00011118 -0.00000945 
-0.00012343 0.00003016 0.00001060 0.00004198 -0.00042769 0.00001054 0.00004431 0.00001205 -0.00000579 
-0.00008943 0.00002996 0.00001025 0.00003909 -0.00030474 0.00001148 0.00006856 -0.00003497 -0.00000357 
-0.00005164 0.00001332 0.00000573 0.00001778 -0.00018227 0.00000974 0.00006131 -0.00003325 -0.00000026 
-0.00002372 -0.00000034 0.00000169 -0.00000085 -0.00005310 0.00000121 0.00003329 -0.00001671 0.00000205 
-0.00002945 -0.00000271 0.00000133 -0.00000351 -0.00005182 0.00000442 0.00002276 -0.00001489 0.00000282 
-0.00004909 -0.00000430 0.00000081 -0.00000649 -0.00005375 0.00000636 0.00000986 -0.00001655 0.00000271 
-0.00005204 -0.00000404 -0.00000021 -0.00000881 -0.00004611 0.00000392 -0.00001259 -0.00002157 0.00000138 
-0.00004943 -0.00000322 -0.00000162 -0.00000971 -0.00004229 0.00000351 -0.00003087 -0.00002841 0.00000023 
-0.00004569 -0.00000823 -0.00000287 -0.00001643 -0.00003856 0.00000291 -0.00003967 -0.00003435 -0.00000068 
-0.00004015 -0.00000459 -0.00000370 -0.00001050 -0.00003280 0.00000098 -0.00003593 -0.00003668 -0.00000175 
-0.00003496 -0.00000244 -0.00000146 -0.00000342 -0.00003244 -0.00000194 -0.00002794 -0.00004031 -0.00000252 
-0.00003408 -0.00000129 -0.00000106 -0.00000211 -0.00003492 -0.00000312 -0.00002366 -0.00004561 -0.00000335 
-0.00003105 -0.00000043 -0.00000134 -0.00000173 -0.00003616 -0.00000432 -0.00001830 -0.00005091 -0.00000428 
-0.00002758 -0.00000230 0.00000123 -0.00000066 -0.00003951 -0.00000577 -0.00000964 -0.00005555 -0.00000443 
-0.00003119 -0.00000430 0.00000265 0.00000060 -0.00005484 -0.00000576 -0.00000237 -0.00007084 -0.00000528 
-0.00003365 -0.00000792 0.00000318 -0.00000189 -0.00007245 -0.00000489 0.00000688 -0.00008550 -0.00000614 
-0.00003167 -0.00000134 0.00000308 0.00000473 -0.00008456 -0.00000525 0.00001791 -0.00009249 -0.00000607 
-0.00004383 0.00000383 0.00000314 0.00000649 -0.00018602 -0.00000893 0.00003667 -0.00014068 -0.00000972 
-0.00008831 0.00001474 -0.00000668 0.00001940 -0.00045856 -0.00002392 0.00002490 -0.00013048 -0.00001421 
-0.00009686 0.00002630 -0.00001187 0.00003942 -0.00047162 -0.00003366 -0.00001622 -0.00004500 -0.00000849 
-0.00006853 0.00002430 -0.00000900 0.00003417 -0.00025708 -0.00001958 -0.00004764 0.00001817 -0.00000172 
-0.00004205 0.00001177 -0.00000401 0.00001642 -0.00013176 -0.00001038 -0.00005042 0.00002527 0.00000201 
-0.00003134 0.00000317 -0.00000303 0.00000376 -0.00006021 -0.00000232 -0.00003862 0.00001536 0.00000301 
-0.00004044 -0.00000080 -0.00000371 0.00000044 -0.00005569 -0.00000204 -0.00004138 0.00001053 0.00000276 
-0.00004441 -0.00000522 -0.00000344 -0.00000507 -0.00005160 -0.00000462 -0.00003175 0.00000710 0.00000283 
-0.00004577 -0.00000669 -0.00000241 -0.00000867 -0.00005700 -0.00000451 -0.00001506 0.00000973 0.00000229 
-0.00004588 -0.00000447 -0.00000012 -0.00000869 -0.00006138 -0.00000494 0.00000499 0.00001694 0.00000096 
-0.00004242 -0.00000127 0.00000201 -0.00000668 -0.00005962 -0.00000478 0.00001914 0.00002716 -0.00000056 
-0.00003687 0.00000019 0.00000272 -0.00000511 -0.00005643 -0.00000357 0.00002441 0.00003378 -0.00000183 
-0.00003031 -0.00000086 0.00000252 -0.00000547 -0.00004930 -0.00000149 0.00002180 0.00003810 -0.00000214 
-0.00002836 -0.00000076 0.00000141 -0.00000461 -0.00004541 0.00000065 0.00001782 0.00004380 -0.00000275 
-0.00002623 0.00000116 0.00000038 -0.00000188 -0.00004299 0.00000206 0.00001080 0.00004677 -0.00000303 
-0.00002637 0.00000405 -0.00000017 0.00000154 -0.00003977 0.00000260 0.00000418 0.00004758 -0.00000297 
-0.00002534 0.00000503 -0.00000027 0.00000310 -0.00003331 0.00000271 -0.00000210 0.00004314 -0.00000262 
-0.00002530 0.00000614 -0.00000112 0.00000565 -0.00002818 0.00000251 -0.00000741 0.00003831 -0.00000216 
-0.00003116 0.00000650 -0.00000199 0.00000688 -0.00003496 0.00000325 -0.00001452 0.00004519 -0.00000255 
-0.00003812 0.00000798 -0.00000222 0.00000777 -0.00005208 0.00000474 -0.00002145 0.00005474 -0.00000280 
-0.00006032 0.00000977 0.00000153 0.00000920 -0.00015147 0.00001252 -0.00002329 0.00006494 -0.00000305 
-0.00008229 0.00000984 0.00000595 0.00001232 -0.00018407 0.00001598 -0.00000932 0.00003911 -0.00000235 
-0.00005410 0.00001164 0.00000095 0.00001405 -0.00010037 0.00000586 0.00000052 0.00000977 0.00000043 
-0.00003540 0.00000503 -0.00000042 0.00000538 -0.00003806 -0.00000126 0.00000523 0.00000005 0.00000159 
-0.00003690 0.00000243 0.00000001 0.00000196 -0.00003173 0.00000014 0.00000796 -0.00000026 0.00000164 
-0.00004210 0.00000134 -0.00000016 0.00000087 -0.00003088 0.00000042 0.00000698 -0.00000194 0.00000119 
-0.00005022 -0.00000063 0.00000043 -0.00000122 -0.00004232 -0.00000273 0.00000556 -0.00000614 0.00000014 
-0.00004706 -0.00000458 -0.00000047 -0.00000447 -0.00003219 0.00000039 0.00000184 -0.00000929 0.00000034 
-0.00004526 -0.00000621 -0.00000108 -0.00000639 -0.00003124 0.00000087 -0.00000187 -0.00001134 0.00000033 
-0.00004073 -0.00000818 -0.00000135 -0.00000822 -0.00003161 0.00000043 -0.00000591 -0.00001608 0.00000010 
-0.00003827 -0.00000907 -0.00000154 -0.00000904 -0.00003272 -0.00000040 -0.00000805 -0.00002048 -0.00000022 
-0.00003733 -0.00000896 -0.00000157 -0.00000916 -0.00003723 -0.00000119 -0.00000909 -0.00002627 -0.00000044 
-0.00003562 -0.00000795 -0.00000105 -0.00000831 -0.00004181 -0.00000178 -0.00000817 -0.00003059 -0.00000058 
-0.00003416 -0.00000569 -0.00000062 -0.00000603 -0.00004400 -0.00000219 -0.00000522 -0.00003466 -0.00000057 
-0.00003248 -0.00000290 0.00000016 -0.00000283 -0.00004599 -0.00000243 -0.00000077 -0.00003775 -0.00000086 
-0.00003143 0.00000059 0.00000114 0.00000140 -0.00004474 -0.00000221 0.00000412 -0.00003770 -0.00000093 
-0.00003200 0.00000336 0.00000228 0.00000493 -0.00004211 -0.00000148 0.00000811 -0.00003498 -0.00000127 
-0.00003269 0.00000422 0.00000303 0.00000599 -0.00004302 -0.00000096 0.00001229 -0.00003399 -0.00000152 
-0.00003442 0.00000495 0.00000343 0.00000693 -0.00004761 0.00000003 0.00001491 -0.00003198 -0.00000178 
-0.00003634 0.00000781 0.00000313 0.00000870 -0.00005776 -0.00000040 0.00001365 -0.00003053 -0.00000203 
-0.00004809 0.00001268 0.00000146 0.00001335 -0.00013119 -0.00000776 0.00000473 -0.00002824 -0.00000284 
-0.00007020 0.00001655 -0.00000314 0.00001875 -0.00017260 -0.00001461 -0.00000878 -0.00001132 -0.00000180 
-0.00004954 0.00001358 -0.00000135 0.00001418 -0.00008731 -0.00000405 -0.00001397 0.00000043 -0.00000060 
-0.00003625 0.00000993 -0.00000058 0.00000931 -0.00004439 0.00000093 -0.00001484 0.00000150 0.00000049 
-0.00003598 0.00000746 -0.00000078 0.00000655 -0.00004007 0.00000114 -0.00001245 0.00000127 0.00000079 
-0.00005051 0.00000342 -0.00000242 0.00000139 -0.00007610 0.00000860 -0.00000928 0.00000472 -0.00000074 
-0.00005298 0.00000108 -0.00000152 -0.00000037 -0.00008430 0.00000774 0.00000068 0.00001434 -0.00000152 
-0.00004375 -0.00000142 0.00000066 -0.00000233 -0.00004223 0.00000079 0.00001092 0.00001809 -0.00000130 
-0.00003839 -0.00000313 0.00000097 -0.00000346 -0.00003412 0.00000028 0.00001447 0.00002348 -0.00000139 
-0.00003504 -0.00000444 0.00000180 -0.00000490 -0.00003312 0.00000027 0.00001512 0.00002827 -0.00000149 
-0.00003287 -0.00000518 0.00000151 -0.00000512 -0.00003567 0.00000124 0.00001343 0.00003481 -0.00000174 
-0.00003223 -0.00000328 0.00000064 -0.00000321 -0.00003924 0.00000196 0.00000950 0.00004017 -0.00000183 
-0.00003430 0.00000075 0.00000012 0.00000097 -0.00004185 0.00000239 0.00000388 0.00004211 -0.00000218 
-0.00003177 0.00000358 -0.00000044 0.00000375 -0.00003919 0.00000218 -0.00000207 0.00003938 -0.00000214 
-0.00002963 0.00000561 -0.00000015 0.00000616 -0.00003617 0.00000158 -0.00000649 0.00003605 -0.00000188 
-0.00003106 0.00000634 0.00000004 0.00000735 -0.00003537 0.00000098 -0.00001080 0.00003382 -0.00000178 
-0.00003619 0.00000651 -0.00000009 0.00000804 -0.00003629 0.00000069 -0.00001388 0.00003151 -0.00000163 
-0.00003902 0.00000567 -0.00000036 0.00000804 -0.00004003 0.00000002 -0.00001438 0.00002529 -0.00000114 
-0.00004287 0.00000429 0.00000001 0.00000710 -0.00004414 -0.00000034 -0.00001007 0.00001906 -0.00000048 
-0.00004296 0.00000472 -0.00000003 0.00000768 -0.00005015 -0.00000183 -0.00000245 0.00001346 0.00000037 
-0.00005132 0.00000219 0.00000243 0.00000419 -0.00008924 0.00000441 0.00000950 0.00001568 -0.00000017 
-0.00005067 0.00000204 0.00000293 0.00000382 -0.00008421 0.00000540 0.00001826 0.00000843 0.00000038 
-0.00004082 -0.00000116 0.00000132 -0.00000073 -0.00004880 -0.00000271 0.00002419 0.00000500 0.00000180 
-0.00004040 -0.00000944 0.00000115 -0.00001012 -0.00007269 -0.00000568 0.00002363 0.00000627 0.00000209 
-0.00007532 -0.00001716 0.00000590 -0.00002150 -0.00018525 -0.00002230 0.00002429 0.00000017 -0.00000042 
-0.00008984 -0.00001999 0.00000781 -0.00002378 -0.00024362 -0.00002175 0.00001248 -0.00002579 -0.00000388 
-0.00005389 -0.00002077 -0.00000053 -0.00002073 -0.00013611 -0.00000633 -0.00001229 -0.00005202 -0.00000316 
-0.00004503 -0.00000980 -0.00000221 -0.00001201 -0.00006276 -0.00000106 -0.00002016 -0.00004609 -0.00000114 
-0.00003770 -0.00000623 -0.00000267 -0.00000975 -0.00004986 -0.00000130 -0.00001895 -0.00004672 -0.00000095 
-0.00003648 -0.00000489 -0.00000263 -0.00000940 -0.00004772 -0.00000227 -0.00001527 -0.00005153 -0.00000121 
-0.00003466 -0.00000319 -0.00000238 -0.00000742 -0.00004481 -0.00000338 -0.00000893 -0.00005401 -0.00000182 
-0.00003184 -0.00000248 -0.00000106 -0.00000556 -0.00004268 -0.00000392 -0.00000171 -0.00005290 -0.00000229 
-0.00003190 -0.00000172 0.00000006 -0.00000345 -0.00004287 -0.00000351 0.00000574 -0.00005192 -0.00000226 
-0.00003073 0.00000015 0.00000173 0.00000053 -0.00004135 -0.00000242 0.00001297 -0.00004720 -0.00000205 
-0.00002906 0.00000161 0.00000291 0.00000313 -0.00004086 -0.00000159 0.00001896 -0.00004304 -0.00000196 
-0.00003118 0.00000135 0.00000420 0.00000418 -0.00003978 -0.00000011 0.00002416 -0.00003870 -0.00000208 
-0.00003550 0.00000050 0.00000458 0.00000298 -0.00004276 0.00000106 0.00002704 -0.00003404 -0.00000224 
-0.00003640 0.00000072 0.00000355 0.00000215 -0.00004070 0.00000202 0.00002055 -0.00002398 -0.00000138 
-0.00003893 0.00000032 0.00000237 0.00000121 -0.00003812 0.00000209 0.00000893 -0.00001535 -0.00000095 
-0.00004191 -0.00000180 0.00000120 -0.00000109 -0.00003733 0.00000148 -0.00000569 -0.00000929 -0.00000063 
-0.00003889 -0.00000584 0.00000027 -0.00000499 -0.00003871 0.00000040 -0.00002029 -0.00000817 -0.00000017 
-0.00003194 -0.00000799 -0.00000036 -0.00000681 -0.00004241 -0.00000005 -0.00002962 -0.00000857 0.00000007 
-0.00003220 -0.00001312 -0.00000047 -0.00001187 -0.00005408 -0.00000026 -0.00003541 -0.00001335 0.00000019 
-0.00003925 -0.00001897 -0.00000072 -0.00002002 -0.00011271 0.00000560 -0.00003065 -0.00001602 0.00000073 
-0.00007080 -0.00002499 -0.00000417 -0.00003079 -0.00022099 0.00001849 -0.00001667 0.00000184 -0.00000199 
-0.00009576 -0.00002306 -0.00000884 -0.00003017 -0.00036048 0.00003010 0.00000629 0.00005382 -0.00000726 
-0.00004309 -0.00000904 0.00000185 -0.00000895 -0.00019434 0.00001302 0.00002894 0.00009601 -0.00000828 
-0.00003275 -0.00000241 0.00000456 -0.00000323 -0.00007514 0.00000461 0.00002541 0.00007558 -0.00000572 
-0.00003399 0.00000148 0.00000503 -0.00000101 -0.00005284 0.00000435 0.00001787 0.00006606 -0.00000536 
-0.00003055 0.00000204 0.00000411 -0.00000062 -0.00003569 0.00000372 0.00000876 0.00005226 -0.00000376 
-0.00002350 0.00000225 0.00000157 0.00000210 -0.00002934 0.00000316 0.00000071 0.00004241 -0.00000311 
-0.00001967 0.00000399 -0.00000134 0.00000692 -0.00002671 0.00000270 -0.00000751 0.00003666 -0.00000260 
-0.00002841 0.00000599 -0.00000199 0.00001054 -0.00003495 0.00000300 -0.00001707 0.00004643 -0.00000314 
-0.00003587 0.00000730 -0.00000328 0.00001383 -0.00004293 0.00000199 -0.00002709 0.00005133 -0.00000258 
-0.00004086 0.00000931 -0.00000331 0.00001683 -0.00004735 0.00000057 -0.00003339 0.00004760 -0.00000200 
-0.00004801 0.00001079 -0.00000249 0.00001894 -0.00005039 -0.00000164 -0.00003458 0.00004066 -0.00000076 
-0.00005452 0.00001207 -0.00000019 0.00002012 -0.00005121 -0.00000444 -0.00002985 0.00003091 0.00000079 
-0.00006203 0.00001283 0.00000083 0.00002036 -0.00005824 -0.00000696 -0.00002063 0.00002364 0.00000208 
-0.00005050 0.00000785 0.00000234 0.00001107 -0.00004418 -0.00000536 0.00000307 0.00001899 0.00000341 
-0.00004530 0.00000611 0.00000285 0.00000645 -0.00003830 -0.00000471 0.00001992 0.00001908 0.00000424 
-0.00003766 0.00000062 0.00000252 -0.00000049 -0.00004425 -0.00000385 0.00002809 0.00001643 0.00000328 
-0.00004042 -0.00000248 0.00000406 -0.00000873 -0.00010349 -0.00001494 0.00004020 0.00002346 0.00000221 
-0.00006292 -0.00001596 0.00000763 -0.00002348 -0.00018062 -0.00001993 0.00006024 0.00002848 -0.00000242 
-0.00008438 -0.00003360 0.00000978 -0.00004157 -0.00029069 -0.00001960 0.00005938 0.00002036 -0.00000711 
-0.00010579 -0.00003523 0.00001230 -0.00004139 -0.00037515 -0.00001854 0.00003214 -0.00003780 -0.00001082 
-0.00009814 -0.00001219 0.00000871 -0.00001344 -0.00038675 -0.00001684 -0.00000024 -0.00013319 -0.00001225 
-0.00005259 -0.00001044 -0.00000265 -0.00000591 -0.00020737 -0.00000852 -0.00001998 -0.00017372 -0.00001001 
-0.00003561 -0.00000419 -0.00000226 -0.00000773 -0.00008589 -0.00000686 -0.00001308 -0.00009814 -0.00000556 
-0.00002853 -0.00000297 -0.00000139 -0.00000611 -0.00005560 -0.00000627 -0.00000326 -0.00006806 -0.00000477 
-0.00002666 -0.00000210 -0.00000161 -0.00000456 -0.00004235 -0.00000576 0.00000364 -0.00005637 -0.00000447 
-0.00001967 -0.00000051 -0.00000059 -0.00000068 -0.00003399 -0.00000378 0.00000937 -0.00004235 -0.00000303 
-0.00002177 0.00000169 0.00000261 0.00000551 -0.00003838 -0.00000272 0.00001995 -0.00004472 -0.00000336 
-0.00003490 0.00000005 0.00000344 0.00000553 -0.00004909 -0.00000048 0.00003257 -0.00005224 -0.00000396 
-0.00003619 0.00000162 0.00000291 0.00000770 -0.00004500 0.00000153 0.00003688 -0.00004372 -0.00000289 
-0.00004480 0.00000422 0.00000371 0.00001237 -0.00004645 0.00000308 0.00004500 -0.00004159 -0.00000190 
-0.00005385 0.00000325 0.00000370 0.00001190 -0.00004692 0.00000448 0.00004648 -0.00003536 -0.00000145 
-0.00005273 0.00000226 0.00000156 0.00000846 -0.00004565 0.00000541 0.00003150 -0.00002475 -0.00000048 
-0.00005016 0.00000157 -0.00000073 0.00000436 -0.00003634 0.00000369 0.00000249 -0.00001620 0.00000072 
-0.00004392 -0.00000200 -0.00000194 -0.00000101 -0.00003471 0.00000145 -0.00002121 -0.00001353 0.00000090 
-0.00003486 -0.00000280 -0.00000310 -0.00000206 -0.00003397 0.00000043 -0.00003528 -0.00001609 0.00000162 
-0.00003211 -0.00000183 -0.00000384 -0.00000102 -0.00004294 -0.00000057 -0.00004493 -0.00002416 0.00000137 
-0.00003697 -0.00000960 -0.00000464 -0.00001079 -0.00008152 0.00000385 -0.00005834 -0.00003453 -0.00000056 
-0.00006422 -0.00002229 -0.00000735 -0.00002856 -0.00020098 0.00001055 -0.00008611 -0.00006240 -0.00000345 
-0.00009345 -0.00002731 -0.00000980 -0.00003421 -0.00036481 0.00001539 -0.00008114 -0.00005106 -0.00000577 
-0.00012501 -0.00002009 -0.00000822 -0.00002790 -0.00049667 0.00001785 -0.00004533 0.00003867 -0.00000842 
-0.00012908 -0.00000825 -0.00000485 -0.00001239 -0.00050170 0.00001832 -0.00001735 0.00013731 -0.00001197 
-0.00004238 0.00000029 0.00000552 -0.00000064 -0.00021798 0.00001071 -0.00000598 0.00015941 -0.00000974 
-0.00002842 0.00000499 0.00000375 -0.00000176 -0.00008677 0.00000686 -0.00000716 0.00009435 -0.00000586 
-0.00002706 0.00000379 0.00000306 -0.00000328 -0.00006080 0.00000845 -0.00000999 0.00007266 -0.00000569 
-0.00002638 0.00000120 0.00000202 -0.00000264 -0.00004814 0.00000750 -0.00001697 0.00006056 -0.00000556 
-0.00001926 0.00000129 -0.00000007 0.00000021 -0.00003603 0.00000488 -0.00001878 0.00004129 -0.00000413 
-0.00002479 0.00000576 -0.00000057 0.00000737 -0.00003773 0.00000327 -0.00002799 0.00003976 -0.00000299 
-0.00003251 0.00000942 -0.00000148 0.00001361 -0.00003571 0.00000202 -0.00003551 0.00003617 -0.00000186 
-0.00003975 0.00000756 -0.00000283 0.00001258 -0.00002888 0.00000066 -0.00003794 0.00003001 -0.00000138 
-0.00005393 0.00000644 -0.00000324 0.00001289 -0.00002893 -0.00000138 -0.00004169 0.00002807 -0.00000002 
-0.00006499 0.00000524 -0.00000161 0.00001015 -0.00003146 -0.00000333 -0.00003052 0.00002435 0.00000192 
-0.00006928 0.00000327 0.00000029 0.00000339 -0.00003215 -0.00000341 -0.00000495 0.00002321 0.00000316 
-0.00005859 0.00000146 0.00000154 -0.00000287 -0.00003749 -0.00000492 0.00002477 0.00001994 0.00000257 
-0.00004527 0.00000184 0.00000218 -0.00000226 -0.00004204 -0.00000228 0.00003592 0.00001630 0.00000084 
-0.00002720 -0.00000294 0.00000187 -0.00000346 -0.00003094 0.00000102 0.00003211 0.00001646 -0.00000024 
-0.00002573 -0.00001065 0.00000253 -0.00001136 -0.00004525 0.00000273 0.00004446 0.00002938 -0.00000198 
-0.00006241 -0.00002208 0.00000877 -0.00002605 -0.00022797 -0.00000376 0.00008396 0.00006323 -0.00000657 
-0.00008673 -0.00002849 0.00001103 -0.00002769 -0.00032432 -0.00000269 0.00009409 0.00008752 -0.00000792 
-0.00009260 -0.00003142 0.00000907 -0.00002803 -0.00035564 0.00000073 0.00007191 0.00006140 -0.00000710 
-0.00009163 -0.00002224 0.00000620 -0.00001987 -0.00035790 0.00000157 0.00005517 0.00000484 -0.00000505 
-0.00007917 -0.00001294 0.00000335 -0.00001167 -0.00032514 -0.00000214 0.00004089 -0.00007482 -0.00000282 
-0.00003054 -0.00000390 -0.00000334 -0.00000581 -0.00014450 -0.00000555 0.00002919 -0.00009686 -0.00000209 
-0.00002434 -0.00000224 -0.00000141 -0.00000697 -0.00006115 -0.00000343 0.00001894 -0.00005626 0.00000008 
-0.00001955 -0.00000172 0.00000021 -0.00000517 -0.00004095 -0.00000283 0.00001816 -0.00003995 -0.00000005 
-0.00002031 0.00000138 0.00000119 -0.00000187 -0.00003526 -0.00000243 0.00002006 -0.00003496 -0.00000024 
-0.00002179 0.00000318 0.00000224 0.00000159 -0.00003776 -0.00000152 0.00002659 -0.00003265 -0.00000044 
-0.00002657 0.00000336 0.00000364 0.00000231 -0.00004156 -0.00000141 0.00003740 -0.00003442 -0.00000098 
-0.00003659 0.00000285 0.00000518 0.00000227 -0.00004780 -0.00000078 0.00004845 -0.00003386 -0.00000162 
-0.00004246 0.00000438 0.00000482 0.00000430 -0.00004922 -0.00000128 0.00004855 -0.00002612 -0.00000130 
-0.00004049 0.00000184 0.00000380 0.00000259 -0.00003520 0.00000109 0.00003471 -0.00001386 -0.00000082 
-0.00003803 0.00000038 0.00000261 0.00000123 -0.00002916 0.00000233 0.00002239 -0.00000802 -0.00000052 
-0.00004233 -0.00000041 0.00000121 0.00000023 -0.00003161 0.00000350 0.00000450 -0.00000782 -0.00000130 
-0.00004431 -0.00000188 0.00000050 -0.00000149 -0.00002975 0.00000192 -0.00001190 -0.00001286 -0.00000177 
-0.00004069 -0.00000476 -0.00000032 -0.00000503 -0.00002801 0.00000162 -0.00002080 -0.00001710 -0.00000163 
-0.00003717 -0.00000676 -0.00000099 -0.00000831 -0.00003608 0.00000093 -0.00002575 -0.00002367 -0.00000165 
-0.00003054 -0.00000650 -0.00000103 -0.00000788 -0.00003422 -0.00000062 -0.00002522 -0.00002764 -0.00000172 
-0.00002489 -0.00000397 -0.00000140 -0.00000605 -0.00003674 -0.00000143 -0.00002268 -0.00003218 -0.00000198 
-0.00002574 -0.00000013 -0.00000139 -0.00000234 -0.00004088 -0.00000183 -0.00001910 -0.00003766 -0.00000210 
-0.00002657 0.00000361 -0.00000114 0.00000151 -0.00004156 -0.00000172 -0.00001312 -0.00004027 -0.00000192 
-0.00003118 0.00000650 -0.00000117 0.00000436 -0.00004246 -0.00000190 -0.00000731 -0.00004267 -0.00000200 
-0.00003305 0.00000773 -0.00000042 0.00000559 -0.00004042 -0.00000179 -0.00000082 -0.00003921 -0.00000154 
-0.00003636 0.00000875 0.00000007 0.00000694 -0.00003769 -0.00000127 0.00000412 -0.00003378 -0.00000106 
-0.00003802 0.00000888 0.00000047 0.00000735 -0.00003525 -0.00000044 0.00000650 -0.00002583 -0.00000070 
-0.00003847 0.00000771 -0.00000028 0.00000649 -0.00003111 -0.00000017 0.00000458 -0.00001545 -0.00000017 
-0.00003898 0.00000641 -0.00000048 0.00000574 -0.00002937 0.00000019 -0.00000051 -0.00000552 -0.00000001 
-0.00004124 0.00000462 -0.00000118 0.00000419 -0.00002815 -0.00000020 -0.00000787 0.00000230 0.00000017 
-0.00004335 0.00000349 -0.00000147 0.00000337 -0.00002667 -0.00000029 -0.00001534 0.00000727 0.00000008 
-0.00004570 0.00000169 -0.00000094 0.00000158 -0.00002553 -0.00000045 -0.00002158 0.00000857 0.00000008 
-0.00004873 0.00000019 -0.00000089 0.00000037 -0.00002935 -0.00000164 -0.00002722 0.00000609 -0.00000020 
-0.00004663 -0.00000124 -0.00000094 -0.00000096 -0.00003008 -0.00000195 -0.00002825 0.00000112 -0.00000044 
-0.00004435 -0.00000245 -0.00000074 -0.00000191 -0.00003073 -0.00000167 -0.00002782 -0.00000325 -0.00000040 
-0.00004294 -0.00000413 -0.00000049 -0.00000333 -0.00003163 -0.00000150 -0.00002601 -0.00000729 -0.00000030 
-0.00003939 -0.00000595 -0.00000022 -0.00000495 -0.00003082 -0.00000126 -0.00002225 -0.00001015 -0.00000018 
-0.00003649 -0.00000771 -0.00000002 -0.00000668 -0.00003046 -0.00000080 -0.00001765 -0.00001173 -0.00000015 
-0.00003577 -0.00000848 0.00000048 -0.00000763 -0.00003332 -0.00000051 -0.00001173 -0.00001234 -0.00000048 
-0.00003280 -0.00000838 0.00000096 -0.00000774 -0.00003549 -0.00000017 -0.00000663 -0.00001089 -0.00000088 
-0.00003061 -0.00000765 0.00000106 -0.00000711 -0.00003850 0.00000019 -0.00000282 -0.00000830 -0.00000105 
-0.00002752 -0.00000609 0.00000082 -0.00000562 -0.00004044 0.00000041 -0.00000001 -0.00000528 -0.00000106 
-0.00002604 -0.00000398 0.00000029 -0.00000360 -0.00004242 0.00000047 0.00000156 -0.00000230 -0.00000114 
-0.00002524 -0.00000156 -0.00000003 -0.00000125 -0.00004345 0.00000044 0.00000155 0.00000116 -0.00000115 
-0.00002601 0.00000164 0.00000011 0.00000193 -0.00004396 0.00000057 -0.00000026 0.00000467 -0.00000119 
-0.00002567 0.00000473 -0.00000015 0.00000493 -0.00004299 0.00000082 -0.00000379 0.00000834 -0.00000111 
-0.00002877 0.00000768 -0.00000062 0.00000787 -0.00004144 0.00000089 -0.00000904 0.00001110 -0.00000121 
-0.00003209 0.00000991 -0.00000087 0.00001011 -0.00003859 0.00000084 -0.00001457 0.00001233 -0.00000113 
-0.00003551 0.00000998 -0.00000130 0.00001017 -0.00003499 0.00000060 -0.00002038 0.00001167 -0.00000110 
-0.00003806 0.00000795 -0.00000166 0.00000862 -0.00003166 0.00000029 -0.00002524 0.00000968 -0.00000111 
-0.00003192 0.00000419 -0.00000201 0.00000544 -0.00002416 -0.00000018 -0.00002665 0.00000608 -0.00000083 
-0.00001349 -0.00000140 -0.00000207 -0.00000055 -0.00001009 -0.00000039 -0.00001819 0.00000223 -0.00000061 
