-0.00101200 0.00008614 -0.00003040 0.00002137 -0.00080872 0.00005986 -0.00025894 0.00009417 -0.00002599 
-0.00254340 -0.00019757 -0.00005010 -0.00028228 -0.00203673 0.00006279 -0.00034006 0.00014289 -0.00008327 
-0.00316989 -0.00043255 -0.00005675 -0.00048387 -0.00268757 0.00006212 -0.00028029 0.00008797 -0.00011099 
-0.00340703 -0.00061265 -0.00002838 -0.00065051 -0.00320059 0.00004294 -0.00020614 0.00006771 -0.00012015 
-0.00330303 -0.00067172 -0.00001659 -0.00069768 -0.00346793 0.00005865 -0.00008891 0.00009272 -0.00011574 
-0.00312735 -0.00066012 -0.00002000 -0.00068580 -0.00376361 0.00009491 -0.00003692 0.00017234 -0.00011028 
-0.00287270 -0.00052259 -0.00002255 -0.00055054 -0.00403107 0.00012146 0.00001829 0.00024943 -0.00010743 
-0.00259172 -0.00027374 -0.00002351 -0.00030877 -0.00408444 0.00012034 -0.00000063 0.00031584 -0.00009609 
-0.00246011 -0.00002177 -0.00003299 -0.00005128 -0.00397236 0.00010613 -0.00002366 0.00034505 -0.00009164 
-0.00250342 0.00019929 -0.00002489 0.00017747 -0.00403494 0.00010941 -0.00006048 0.00039292 -0.00009328 
-0.00253112 0.00042732 -0.00003140 0.00040586 -0.00401749 0.00010545 -0.00007370 0.00042090 -0.00009090 
-0.00265978 0.00064532 -0.00005493 0.00062117 -0.00388203 0.00008020 -0.00013276 0.00043675 -0.00008010 
-0.00295017 0.00076422 -0.00007670 0.00073873 -0.00370109 0.00003988 -0.00018182 0.00041648 -0.00007201 
-0.00322983 0.00076634 -0.00006859 0.00075091 -0.00356864 0.00002271 -0.00019298 0.00039454 -0.00006447 
-0.00335167 0.00074785 -0.00004091 0.00073588 -0.00328890 0.00002040 -0.00016684 0.00037027 -0.00005769 
-0.00346377 0.00069393 0.00002273 0.00068773 -0.00299432 0.00004073 -0.00014364 0.00034417 -0.00005668 
-0.00374686 0.00058683 0.00004625 0.00059428 -0.00290056 0.00006566 -0.00012403 0.00031722 -0.00006664 
-0.00394521 0.00048343 0.00003682 0.00049342 -0.00275031 0.00007551 -0.00010389 0.00028306 -0.00006138 
-0.00404387 0.00032375 0.00005100 0.00033054 -0.00267467 0.00011017 -0.00004141 0.00026917 -0.00006603 
-0.00414228 0.00014863 0.00002951 0.00015892 -0.00264813 0.00012010 0.00001110 0.00024463 -0.00007753 
-0.00407865 -0.00002176 0.00000832 -0.00000843 -0.00262313 0.00011494 0.00008347 0.00024365 -0.00008884 
-0.00391094 -0.00022465 -0.00002908 -0.00020382 -0.00257691 0.00013331 0.00013200 0.00029120 -0.00009529 
-0.00380153 -0.00044051 -0.00006068 -0.00041423 -0.00267186 0.00011552 0.00017575 0.00033176 -0.00010438 
-0.00371160 -0.00061007 -0.00008429 -0.00057731 -0.00288732 0.00007893 0.00022456 0.00036167 -0.00010581 
-0.00366577 -0.00071486 -0.00011713 -0.00067448 -0.00315597 0.00005957 0.00023101 0.00045783 -0.00010586 
-0.00350008 -0.00075858 -0.00013772 -0.00071575 -0.00342233 0.00004808 0.00020321 0.00053537 -0.00010341 
-0.00322039 -0.00074446 -0.00012670 -0.00069384 -0.00367422 0.00004520 0.00019045 0.00060209 -0.00009928 
-0.00309251 -0.00061503 -0.00012909 -0.00056369 -0.00402828 0.00004355 0.00011822 0.00065981 -0.00010537 
-0.00296017 -0.00041000 -0.00012983 -0.00035866 -0.00420539 0.00002430 0.00002255 0.00066367 -0.00010803 
-0.00280947 -0.00019161 -0.00010143 -0.00013455 -0.00419983 -0.00000281 -0.00004473 0.00061589 -0.00010636 
-0.00269235 0.00003296 -0.00008399 0.00009782 -0.00406518 -0.00002394 -0.00012035 0.00054469 -0.00010652 
-0.00267426 0.00024573 -0.00006861 0.00031773 -0.00396017 -0.00002858 -0.00015478 0.00048376 -0.00010492 
-0.00281849 0.00048896 -0.00004500 0.00056112 -0.00389033 -0.00000055 -0.00016286 0.00042727 -0.00011180 
-0.00310898 0.00068665 -0.00004142 0.00075017 -0.00366073 0.00000822 -0.00014924 0.00035151 -0.00011905 
-0.00337897 0.00070013 -0.00002958 0.00075055 -0.00336748 0.00000467 -0.00008936 0.00027700 -0.00012327 
-0.00359333 0.00058409 -0.00002288 0.00062008 -0.00303143 -0.00000411 0.00001213 0.00020735 -0.00012317 
-0.00384618 0.00039485 -0.00000696 0.00042172 -0.00288566 0.00003145 0.00012690 0.00022105 -0.00012758 
-0.00407976 0.00016575 -0.00000657 0.00018674 -0.00289333 0.00005399 0.00023279 0.00024416 -0.00013478 
-0.00408012 -0.00009131 0.00000280 -0.00008037 -0.00278612 0.00006431 0.00036996 0.00028631 -0.00013551 
-0.00397358 -0.00037375 0.00000014 -0.00037919 -0.00285761 0.00010179 0.00050625 0.00038452 -0.00013999 
-0.00373464 -0.00058928 0.00000028 -0.00061457 -0.00316186 0.00012475 0.00062496 0.00048899 -0.00014972 
-0.00336560 -0.00070574 -0.00001704 -0.00074741 -0.00352902 0.00015983 0.00067119 0.00063744 -0.00015613 
-0.00306614 -0.00070237 -0.00007127 -0.00076657 -0.00407360 0.00021106 0.00065009 0.00082053 -0.00016499 
-0.00283102 -0.00057385 -0.00008542 -0.00066709 -0.00480781 0.00023704 0.00065228 0.00096948 -0.00018561 
-0.00266122 -0.00035508 -0.00011213 -0.00049374 -0.00567419 0.00024697 0.00064297 0.00116192 -0.00019699 
-0.00269370 -0.00001452 -0.00013176 -0.00025514 -0.00719310 0.00023923 0.00073604 0.00155783 -0.00024432 
-0.00385106 0.00047468 0.00003180 0.00002806 -0.01119244 0.00008884 0.00094829 0.00238379 -0.00029854 
-0.00559328 0.00090724 0.00029276 0.00027610 -0.01607267 -0.00059806 0.00117316 0.00248856 -0.00027811 
-0.00650415 0.00127487 0.00044471 0.00075492 -0.01860455 -0.00116652 0.00128218 0.00110278 -0.00036952 
-0.00681266 0.00149599 0.00052187 0.00128246 -0.01894582 -0.00138219 0.00132335 -0.00088482 -0.00052196 
-0.00674687 0.00154459 0.00063430 0.00160560 -0.01740013 -0.00140124 0.00156788 -0.00247497 -0.00064984 
-0.00587964 0.00146131 0.00061979 0.00167607 -0.01392973 -0.00123489 0.00157927 -0.00302949 -0.00062840 
-0.00413268 0.00137830 0.00039862 0.00152182 -0.00883845 -0.00100432 0.00101655 -0.00238682 -0.00044464 
-0.00336047 0.00114521 0.00029688 0.00118698 -0.00548127 -0.00073188 0.00060222 -0.00154240 -0.00027096 
-0.00321583 0.00092145 0.00025675 0.00093866 -0.00408340 -0.00055636 0.00033735 -0.00118534 -0.00019886 
-0.00334514 0.00068841 0.00025295 0.00069292 -0.00330729 -0.00044367 0.00008368 -0.00101374 -0.00015548 
-0.00329085 0.00046610 0.00022489 0.00047343 -0.00289684 -0.00037916 -0.00017655 -0.00103380 -0.00014453 
-0.00324824 0.00033291 0.00020152 0.00036021 -0.00267120 -0.00034042 -0.00040237 -0.00105277 -0.00015410 
-0.00323166 0.00015126 0.00015139 0.00020219 -0.00250005 -0.00032902 -0.00062684 -0.00114527 -0.00017608 
-0.00311870 -0.00010575 0.00009861 -0.00003703 -0.00243352 -0.00033164 -0.00078683 -0.00127624 -0.00020723 
-0.00291506 -0.00032290 0.00007631 -0.00024990 -0.00257109 -0.00035652 -0.00088621 -0.00150452 -0.00024203 
-0.00276969 -0.00051280 0.00004317 -0.00045026 -0.00302217 -0.00039633 -0.00097123 -0.00173991 -0.00028509 
-0.00252400 -0.00061917 0.00005269 -0.00056154 -0.00356680 -0.00046870 -0.00097882 -0.00205488 -0.00034254 
-0.00233624 -0.00076094 0.00009402 -0.00071348 -0.00458139 -0.00057295 -0.00093940 -0.00255744 -0.00041109 
-0.00234554 -0.00081888 0.00010744 -0.00082590 -0.00624032 -0.00066125 -0.00089688 -0.00336433 -0.00051018 
-0.00326629 -0.00072558 0.00002583 -0.00088540 -0.01074038 -0.00111309 -0.00107956 -0.00515237 -0.00085425 
-0.00551891 -0.00026028 -0.00030263 -0.00082226 -0.01819576 -0.00110405 -0.00122042 -0.00735069 -0.00097578 
-0.00776694 0.00028692 -0.00069237 -0.00046384 -0.02534772 -0.00014780 -0.00144510 -0.00700467 -0.00074545 
-0.00858239 0.00066652 -0.00089589 0.00043550 -0.02797909 0.00012040 -0.00156214 -0.00350362 -0.00082830 
-0.00847247 0.00102938 -0.00095208 0.00149889 -0.02700159 -0.00007751 -0.00192955 0.00014874 -0.00084725 
-0.00794116 0.00138656 -0.00096188 0.00220698 -0.02348571 -0.00006958 -0.00244318 0.00255037 -0.00077840 
-0.00656730 0.00156069 -0.00081754 0.00225836 -0.01756677 0.00021453 -0.00235957 0.00301336 -0.00063448 
-0.00477671 0.00148168 -0.00055377 0.00173984 -0.01080513 0.00057855 -0.00137607 0.00217786 -0.00048073 
-0.00399050 0.00099244 -0.00042246 0.00104602 -0.00667110 0.00038755 -0.00055602 0.00134908 -0.00028855 
-0.00390859 0.00056567 -0.00038226 0.00054769 -0.00511373 0.00031192 -0.00000089 0.00105454 -0.00021151 
-0.00401559 0.00018579 -0.00033477 0.00015656 -0.00434846 0.00027852 0.00046964 0.00105870 -0.00018224 
-0.00410759 -0.00011872 -0.00028491 -0.00014638 -0.00408966 0.00027082 0.00084481 0.00119614 -0.00018590 
-0.00378846 -0.00038266 -0.00021187 -0.00040274 -0.00391281 0.00025426 0.00109666 0.00143397 -0.00019851 
-0.00355342 -0.00056289 -0.00020817 -0.00057439 -0.00402330 0.00029770 0.00115760 0.00171914 -0.00023093 
-0.00316711 -0.00055909 -0.00017926 -0.00057383 -0.00423952 0.00032684 0.00110228 0.00197675 -0.00027313 
-0.00277034 -0.00040689 -0.00016958 -0.00043319 -0.00452994 0.00036731 0.00096611 0.00221058 -0.00031313 
-0.00251453 -0.00016783 -0.00019527 -0.00019529 -0.00491871 0.00042736 0.00078687 0.00245625 -0.00036952 
-0.00232715 0.00011815 -0.00023013 0.00009161 -0.00519963 0.00047508 0.00051442 0.00257619 -0.00039367 
-0.00230373 0.00043269 -0.00024280 0.00040106 -0.00571448 0.00051091 0.00028231 0.00277237 -0.00042868 
-0.00250670 0.00068607 -0.00021197 0.00063964 -0.00648804 0.00051573 0.00006472 0.00303044 -0.00045257 
-0.00341012 0.00101054 -0.00008461 0.00092659 -0.00902994 0.00073186 -0.00003052 0.00387604 -0.00062195 
-0.00552418 0.00151381 0.00025585 0.00124835 -0.01458180 0.00097055 -0.00011882 0.00546745 -0.00080551 
-0.00820984 0.00194716 0.00079421 0.00165687 -0.02041894 0.00063681 0.00006967 0.00553413 -0.00076336 
-0.00930831 0.00204358 0.00109247 0.00210935 -0.02273018 0.00038592 0.00049415 0.00315391 -0.00072561 
-0.00880424 0.00189035 0.00105135 0.00237247 -0.02162731 0.00032193 0.00081508 0.00023829 -0.00061498 
-0.00791102 0.00152392 0.00099372 0.00216403 -0.01861272 0.00009760 0.00103868 -0.00185293 -0.00046672 
-0.00666071 0.00105291 0.00086116 0.00150940 -0.01426994 -0.00045461 0.00077661 -0.00257423 -0.00039123 
-0.00495046 0.00053428 0.00058364 0.00069449 -0.00930770 -0.00073727 -0.00003813 -0.00220479 -0.00032934 
-0.00387864 0.00016159 0.00036163 0.00019331 -0.00583378 -0.00034707 -0.00060411 -0.00159725 -0.00012686 
-0.00359266 -0.00007356 0.00027902 -0.00006113 -0.00451508 -0.00023739 -0.00081727 -0.00148138 -0.00010539 
-0.00349641 -0.00025087 0.00022939 -0.00024103 -0.00398506 -0.00020079 -0.00097424 -0.00144844 -0.00012334 
-0.00337088 -0.00037598 0.00015913 -0.00035494 -0.00369085 -0.00012906 -0.00105895 -0.00153632 -0.00013791 
-0.00313227 -0.00049301 0.00011540 -0.00046333 -0.00358595 -0.00015248 -0.00106014 -0.00169332 -0.00016811 
-0.00297988 -0.00055310 0.00008544 -0.00051019 -0.00369998 -0.00020127 -0.00104870 -0.00191464 -0.00019481 
-0.00287055 -0.00055274 0.00008451 -0.00050276 -0.00392632 -0.00025915 -0.00096062 -0.00207953 -0.00023880 
-0.00272723 -0.00049797 0.00006859 -0.00045039 -0.00420450 -0.00029652 -0.00084973 -0.00226317 -0.00026300 
-0.00252785 -0.00041660 0.00006269 -0.00037919 -0.00465463 -0.00032871 -0.00068554 -0.00255350 -0.00029679 
-0.00220214 -0.00021082 0.00009985 -0.00018368 -0.00523346 -0.00033097 -0.00043222 -0.00279138 -0.00029504 
-0.00218933 0.00008613 0.00013433 0.00011833 -0.00617793 -0.00033999 -0.00018245 -0.00311552 -0.00033570 
-0.00235471 0.00040140 0.00012260 0.00043688 -0.00714042 -0.00031990 0.00006314 -0.00343887 -0.00035965 
-0.00302944 0.00070325 0.00005187 0.00072061 -0.00935299 -0.00055754 0.00030173 -0.00402126 -0.00049479 
-0.00456841 0.00116766 -0.00016302 0.00106434 -0.01403384 -0.00089386 0.00049028 -0.00511707 -0.00069557 
-0.00654582 0.00168246 -0.00051547 0.00166308 -0.01912000 -0.00123752 0.00030286 -0.00482532 -0.00082183 
-0.00746437 0.00198624 -0.00072758 0.00240985 -0.02107682 -0.00169833 -0.00033855 -0.00252009 -0.00078822 
-0.00760620 0.00198593 -0.00067131 0.00273584 -0.02007202 -0.00157474 -0.00098350 -0.00011435 -0.00060013 
-0.00733503 0.00148834 -0.00055228 0.00219196 -0.01717733 -0.00097701 -0.00124649 0.00143314 -0.00039977 
-0.00628129 0.00078596 -0.00048701 0.00107786 -0.01320424 0.00011071 -0.00077117 0.00194478 -0.00036821 
-0.00472593 0.00008625 -0.00036365 0.00007774 -0.00876338 0.00061395 0.00008841 0.00186889 -0.00037117 
-0.00362213 -0.00027464 -0.00017584 -0.00034795 -0.00592507 0.00027942 0.00069520 0.00156499 -0.00020043 
-0.00346467 -0.00045486 -0.00009463 -0.00053445 -0.00510241 0.00011637 0.00105110 0.00158068 -0.00017379 
-0.00334635 -0.00049939 -0.00003940 -0.00057187 -0.00485605 0.00009555 0.00124133 0.00181353 -0.00018973 
-0.00310421 -0.00051665 -0.00003669 -0.00057467 -0.00463323 0.00011820 0.00126735 0.00205414 -0.00019734 
-0.00276518 -0.00046752 -0.00006521 -0.00050103 -0.00458466 0.00016767 0.00115018 0.00225698 -0.00024164 
-0.00257905 -0.00033482 -0.00008202 -0.00034729 -0.00461298 0.00021148 0.00089711 0.00242246 -0.00026312 
-0.00246469 -0.00009936 -0.00011938 -0.00009948 -0.00466502 0.00025560 0.00062873 0.00254746 -0.00028222 
-0.00237096 0.00018638 -0.00012528 0.00018426 -0.00463341 0.00027231 0.00035746 0.00252508 -0.00026931 
-0.00255597 0.00048838 -0.00011665 0.00047524 -0.00471386 0.00026711 0.00015797 0.00258482 -0.00027684 
-0.00261561 0.00064862 -0.00010483 0.00063751 -0.00465077 0.00023795 -0.00012055 0.00246419 -0.00024793 
-0.00282206 0.00080227 -0.00006688 0.00080827 -0.00502760 0.00024527 -0.00032207 0.00250212 -0.00026217 
-0.00310808 0.00097573 -0.00001429 0.00098262 -0.00566767 0.00025019 -0.00055874 0.00270093 -0.00027077 
-0.00379945 0.00111944 0.00010158 0.00115462 -0.00741669 0.00046548 -0.00068867 0.00306863 -0.00036688 
-0.00518667 0.00124358 0.00034899 0.00118399 -0.01106849 0.00088609 -0.00070717 0.00381951 -0.00058371 
-0.00685570 0.00139147 0.00064405 0.00149626 -0.01505938 0.00143540 -0.00053407 0.00346659 -0.00071223 
-0.00756963 0.00125643 0.00067163 0.00164420 -0.01718464 0.00152630 -0.00005080 0.00187104 -0.00055840 
-0.00769356 0.00092452 0.00060428 0.00134494 -0.01752415 0.00064489 0.00043467 0.00000592 -0.00035085 
-0.00744895 0.00038593 0.00059316 0.00055156 -0.01615300 -0.00058215 0.00046525 -0.00156595 -0.00039829 
-0.00645747 -0.00005082 0.00059936 -0.00012712 -0.01312319 -0.00126009 0.00008652 -0.00231212 -0.00054547 
-0.00467005 -0.00030689 0.00044759 -0.00037749 -0.00903320 -0.00101903 -0.00044684 -0.00250324 -0.00048367 
-0.00357531 -0.00048811 0.00025932 -0.00054109 -0.00583350 -0.00036764 -0.00079445 -0.00203177 -0.00024873 
-0.00324164 -0.00059576 0.00018812 -0.00061778 -0.00467183 -0.00016859 -0.00097135 -0.00199959 -0.00018239 
-0.00294531 -0.00068494 0.00013174 -0.00070370 -0.00420620 -0.00012474 -0.00096311 -0.00203733 -0.00018836 
-0.00276687 -0.00070556 0.00006955 -0.00070816 -0.00412569 -0.00012370 -0.00090938 -0.00219063 -0.00018163 
-0.00275124 -0.00065374 0.00005916 -0.00064779 -0.00428262 -0.00017272 -0.00077947 -0.00239735 -0.00022136 
-0.00266006 -0.00060363 0.00003827 -0.00059073 -0.00437545 -0.00018847 -0.00062571 -0.00255118 -0.00022816 
-0.00251477 -0.00050599 -0.00000527 -0.00049314 -0.00450738 -0.00018800 -0.00043996 -0.00270832 -0.00024730 
-0.00230290 -0.00032249 0.00000669 -0.00029455 -0.00473371 -0.00018345 -0.00013791 -0.00285458 -0.00024036 
-0.00230949 -0.00003209 0.00001874 0.00000937 -0.00499429 -0.00017163 0.00015973 -0.00286839 -0.00026252 
-0.00254828 0.00024189 0.00004167 0.00028139 -0.00537682 -0.00015260 0.00048657 -0.00290435 -0.00026521 
-0.00279753 0.00038531 0.00006530 0.00044318 -0.00592632 -0.00015418 0.00080437 -0.00293707 -0.00027923 
-0.00312651 0.00054503 0.00002045 0.00061174 -0.00668065 -0.00016282 0.00100696 -0.00289273 -0.00029881 
-0.00363507 0.00072958 -0.00007029 0.00086303 -0.00848437 -0.00042149 0.00108643 -0.00293423 -0.00039320 
-0.00475384 0.00103758 -0.00024632 0.00115030 -0.01187024 -0.00108938 0.00101027 -0.00337533 -0.00066988 
-0.00633224 0.00131172 -0.00039875 0.00162615 -0.01523310 -0.00192382 0.00051805 -0.00283850 -0.00082368 
-0.00721863 0.00112147 -0.00034747 0.00151004 -0.01650615 -0.00172164 -0.00004060 -0.00147706 -0.00066691 
-0.00750935 0.00056818 -0.00035404 0.00070561 -0.01669008 -0.00036774 -0.00041753 -0.00010690 -0.00050618 
-0.00719269 -0.00014674 -0.00040676 -0.00032156 -0.01573195 0.00116245 -0.00021750 0.00134161 -0.00051616 
-0.00634796 -0.00063127 -0.00046614 -0.00082292 -0.01385973 0.00158727 0.00027244 0.00241471 -0.00068409 
-0.00468846 -0.00069428 -0.00031485 -0.00076725 -0.01038436 0.00108181 0.00081527 0.00284597 -0.00057483 
-0.00352682 -0.00063107 -0.00017376 -0.00068982 -0.00740766 0.00049678 0.00107280 0.00265634 -0.00033849 
-0.00283642 -0.00056561 -0.00007905 -0.00062443 -0.00574846 0.00019559 0.00108025 0.00256250 -0.00022674 
-0.00257243 -0.00039607 -0.00007215 -0.00044073 -0.00515107 0.00019976 0.00086451 0.00260038 -0.00023945 
-0.00237917 -0.00027367 -0.00002048 -0.00031227 -0.00469431 0.00017708 0.00067617 0.00265647 -0.00024023 
-0.00237559 -0.00005489 -0.00004513 -0.00010036 -0.00464185 0.00020685 0.00038770 0.00278576 -0.00027429 
-0.00235433 0.00016184 -0.00002418 0.00012571 -0.00437435 0.00022148 0.00011832 0.00270365 -0.00026989 
-0.00237010 0.00032959 -0.00003191 0.00028594 -0.00410675 0.00022934 -0.00016589 0.00261594 -0.00028241 
-0.00237540 0.00045337 0.00000087 0.00043109 -0.00396957 0.00020642 -0.00039294 0.00252441 -0.00025315 
-0.00263167 0.00052845 0.00001786 0.00052307 -0.00404791 0.00018663 -0.00062507 0.00250699 -0.00025264 
-0.00283823 0.00056555 0.00005314 0.00057368 -0.00417847 0.00017719 -0.00078400 0.00244809 -0.00022813 
-0.00312120 0.00054307 0.00008393 0.00058156 -0.00463897 0.00016991 -0.00090750 0.00235593 -0.00023424 
-0.00343776 0.00049493 0.00012858 0.00053782 -0.00551086 0.00018729 -0.00100889 0.00244165 -0.00023755 
-0.00392294 0.00037675 0.00020016 0.00043881 -0.00714006 0.00039411 -0.00089543 0.00259284 -0.00032164 
-0.00478037 0.00033671 0.00035153 0.00038397 -0.01003605 0.00094578 -0.00069567 0.00302039 -0.00056346 
-0.00626269 0.00027762 0.00050410 0.00041529 -0.01362599 0.00135818 -0.00024172 0.00268008 -0.00066841 
-0.00757528 -0.00013655 0.00058315 -0.00007520 -0.01668688 0.00113819 0.00025584 0.00160466 -0.00048519 
-0.00792138 -0.00062941 0.00061444 -0.00083921 -0.01756784 -0.00015116 0.00041206 -0.00004869 -0.00041192 
-0.00734689 -0.00109876 0.00060434 -0.00145821 -0.01681539 -0.00126513 0.00007134 -0.00185499 -0.00059176 
-0.00640472 -0.00122897 0.00060895 -0.00140731 -0.01452321 -0.00160748 -0.00040146 -0.00333971 -0.00076279 
-0.00498472 -0.00103659 0.00042525 -0.00102050 -0.01082257 -0.00102481 -0.00072814 -0.00358555 -0.00064907 
-0.00370376 -0.00086584 0.00019688 -0.00089148 -0.00745652 -0.00045252 -0.00078102 -0.00280077 -0.00039313 
-0.00319409 -0.00079568 0.00008718 -0.00080772 -0.00592664 -0.00021693 -0.00073983 -0.00259791 -0.00029065 
-0.00304181 -0.00073908 0.00003194 -0.00076124 -0.00533640 -0.00023075 -0.00056482 -0.00259017 -0.00028715 
-0.00274547 -0.00072775 -0.00003504 -0.00073019 -0.00477660 -0.00022954 -0.00043159 -0.00256138 -0.00027666 
-0.00243353 -0.00063330 -0.00005528 -0.00063019 -0.00457274 -0.00024611 -0.00020745 -0.00260903 -0.00028445 
-0.00221058 -0.00046999 -0.00004650 -0.00045558 -0.00456758 -0.00024181 0.00004194 -0.00264518 -0.00026725 
-0.00214461 -0.00023900 -0.00002388 -0.00021821 -0.00462656 -0.00023750 0.00031723 -0.00261810 -0.00027802 
-0.00213025 0.00001568 -0.00002234 0.00004949 -0.00459969 -0.00022718 0.00055455 -0.00253930 -0.00026390 
-0.00231504 0.00022749 0.00000149 0.00027160 -0.00460795 -0.00020570 0.00080134 -0.00242194 -0.00026474 
-0.00256362 0.00039204 0.00004380 0.00044284 -0.00467698 -0.00015305 0.00099204 -0.00220545 -0.00024173 
-0.00279068 0.00046193 0.00002373 0.00053523 -0.00501148 -0.00015588 0.00107598 -0.00202615 -0.00023902 
-0.00297512 0.00050344 -0.00002439 0.00058858 -0.00543786 -0.00018958 0.00105574 -0.00186832 -0.00023444 
-0.00344816 0.00051495 -0.00007274 0.00064195 -0.00663149 -0.00038024 0.00085300 -0.00189099 -0.00029430 
-0.00467626 0.00039101 -0.00025210 0.00053506 -0.00968829 -0.00106816 0.00045853 -0.00221996 -0.00056033 
-0.00617895 -0.00000510 -0.00034926 0.00013116 -0.01313932 -0.00134383 -0.00024460 -0.00202709 -0.00066612 
-0.00716054 -0.00070691 -0.00034115 -0.00091355 -0.01587800 -0.00034085 -0.00068579 -0.00137054 -0.00050924 
-0.00796558 -0.00138406 -0.00043997 -0.00194636 -0.01848241 0.00104986 -0.00063003 -0.00015608 -0.00053283 
-0.00789862 -0.00173766 -0.00052096 -0.00224598 -0.01936820 0.00164390 -0.00003358 0.00176760 -0.00071415 
-0.00696467 -0.00175981 -0.00047467 -0.00188124 -0.01784589 0.00154854 0.00062919 0.00385170 -0.00083525 
-0.00512043 -0.00131009 -0.00020912 -0.00123052 -0.01358593 0.00096753 0.00091603 0.00447651 -0.00069123 
-0.00363933 -0.00085181 0.00001986 -0.00088129 -0.00930693 0.00051186 0.00077160 0.00366353 -0.00047197 
-0.00295245 -0.00053361 0.00012425 -0.00057721 -0.00689812 0.00022716 0.00056258 0.00322421 -0.00033266 
-0.00259412 -0.00028310 0.00010915 -0.00032502 -0.00589203 0.00025922 0.00026242 0.00305266 -0.00031959 
-0.00226225 0.00001765 0.00008434 -0.00001280 -0.00491632 0.00025702 -0.00001851 0.00280329 -0.00028318 
-0.00237754 0.00032463 0.00003466 0.00030476 -0.00437465 0.00026995 -0.00035014 0.00261013 -0.00028748 
-0.00245912 0.00050904 0.00003061 0.00050197 -0.00385678 0.00022916 -0.00055632 0.00240341 -0.00024183 
-0.00256728 0.00057995 0.00002785 0.00058138 -0.00351866 0.00020865 -0.00075840 0.00224105 -0.00021484 
-0.00270691 0.00066373 0.00002656 0.00067367 -0.00332067 0.00019022 -0.00089356 0.00209896 -0.00017607 
-0.00298956 0.00065524 0.00003660 0.00067189 -0.00330184 0.00015493 -0.00099780 0.00192765 -0.00014416 
-0.00335009 0.00052336 0.00009468 0.00053329 -0.00345267 0.00011064 -0.00104523 0.00186275 -0.00011605 
-0.00352130 0.00033934 0.00014817 0.00034898 -0.00379491 0.00012302 -0.00099659 0.00174783 -0.00010121 
-0.00348445 0.00016372 0.00021416 0.00015587 -0.00415755 0.00020463 -0.00083491 0.00178711 -0.00010277 
-0.00355689 -0.00001906 0.00025607 -0.00002788 -0.00510495 0.00034120 -0.00064574 0.00187340 -0.00012791 
-0.00473066 -0.00041479 0.00044821 -0.00050817 -0.00825943 0.00065955 -0.00024095 0.00227788 -0.00027253 
-0.00644404 -0.00095647 0.00069622 -0.00126282 -0.01288731 0.00045114 0.00041127 0.00230028 -0.00031158 
-0.00776921 -0.00159408 0.00081173 -0.00210285 -0.01714343 -0.00014571 0.00081665 0.00168535 -0.00041206 
-0.00848799 -0.00216958 0.00092409 -0.00270077 -0.01992403 -0.00073548 0.00075387 -0.00008010 -0.00056565 
-0.00863186 -0.00249253 0.00095396 -0.00273496 -0.02104435 -0.00092712 0.00029964 -0.00256580 -0.00073142 
-0.00754573 -0.00245559 0.00076140 -0.00226997 -0.01914256 -0.00089279 -0.00036101 -0.00500772 -0.00076879 
-0.00550827 -0.00196431 0.00031204 -0.00171270 -0.01432215 -0.00082312 -0.00068173 -0.00525905 -0.00075310 
-0.00380982 -0.00134270 -0.00002117 -0.00124788 -0.00967745 -0.00059634 -0.00051846 -0.00404075 -0.00056690 
-0.00291101 -0.00095007 -0.00019092 -0.00089677 -0.00710824 -0.00035970 -0.00034380 -0.00327212 -0.00040188 
-0.00271490 -0.00071790 -0.00025658 -0.00067634 -0.00636440 -0.00038357 -0.00006998 -0.00300506 -0.00038973 
-0.00248486 -0.00036124 -0.00023640 -0.00033117 -0.00572366 -0.00038055 0.00020901 -0.00271279 -0.00035081 
-0.00237448 -0.00002548 -0.00017864 0.00001402 -0.00528712 -0.00036108 0.00049318 -0.00256159 -0.00033492 
-0.00257573 0.00027666 -0.00016230 0.00030224 -0.00496017 -0.00033951 0.00070722 -0.00242515 -0.00030848 
-0.00265409 0.00047923 -0.00013658 0.00050791 -0.00448667 -0.00031009 0.00085846 -0.00220170 -0.00026836 
-0.00281980 0.00062954 -0.00010840 0.00067352 -0.00413921 -0.00025187 0.00100137 -0.00204152 -0.00022208 
-0.00312170 0.00067138 -0.00009119 0.00072829 -0.00391545 -0.00017889 0.00110676 -0.00179052 -0.00018828 
-0.00339963 0.00060639 -0.00012567 0.00066134 -0.00372674 -0.00011689 0.00104095 -0.00152835 -0.00016284 
-0.00355421 0.00040140 -0.00020277 0.00047220 -0.00370101 -0.00011595 0.00080188 -0.00128260 -0.00013892 
-0.00368258 0.00005181 -0.00027876 0.00012589 -0.00410575 -0.00019543 0.00045934 -0.00120325 -0.00015183 
-0.00369748 -0.00036773 -0.00033450 -0.00031340 -0.00512556 -0.00027613 0.00004848 -0.00121272 -0.00018039 
-0.00437849 -0.00095487 -0.00048238 -0.00101889 -0.00839147 -0.00043671 -0.00065280 -0.00167558 -0.00032854 
-0.00635061 -0.00151622 -0.00071172 -0.00192753 -0.01436835 -0.00015196 -0.00168818 -0.00237681 -0.00044867 
-0.00762988 -0.00200991 -0.00083195 -0.00268701 -0.01977998 0.00041700 -0.00202489 -0.00200194 -0.00055073 
-0.00820753 -0.00227211 -0.00087974 -0.00279622 -0.02370159 0.00062266 -0.00170777 -0.00006520 -0.00072705 
-0.00846335 -0.00217063 -0.00086562 -0.00217231 -0.02581037 0.00044852 -0.00121141 0.00318757 -0.00082303 
-0.00779279 -0.00178136 -0.00066980 -0.00132456 -0.02451687 0.00065927 -0.00071617 0.00649045 -0.00083082 
-0.00527829 -0.00106424 -0.00020891 -0.00065207 -0.01809373 0.00115104 -0.00029830 0.00711156 -0.00093302 
-0.00308818 -0.00027018 0.00009737 -0.00017189 -0.01090868 0.00104201 -0.00038554 0.00523339 -0.00083815 
-0.00214812 0.00024066 0.00019594 0.00019104 -0.00664601 0.00063843 -0.00041994 0.00360217 -0.00051383 
-0.00209568 0.00038358 0.00015892 0.00031304 -0.00510915 0.00058188 -0.00066587 0.00302174 -0.00046392 
-0.00224669 0.00044338 0.00014982 0.00036166 -0.00383686 0.00047895 -0.00071762 0.00242072 -0.00037295 
-0.00248608 0.00044535 0.00013022 0.00035525 -0.00320905 0.00040691 -0.00081588 0.00209180 -0.00032863 
-0.00282715 0.00040876 0.00009880 0.00033387 -0.00287417 0.00034907 -0.00086860 0.00181979 -0.00028210 
-0.00322564 0.00032737 0.00009762 0.00025377 -0.00275226 0.00029847 -0.00088149 0.00158706 -0.00023891 
-0.00354454 0.00017322 0.00013172 0.00009431 -0.00276862 0.00026933 -0.00083092 0.00139096 -0.00019786 
-0.00367522 -0.00003368 0.00017591 -0.00010882 -0.00280871 0.00024132 -0.00068795 0.00121716 -0.00015919 
-0.00359634 -0.00023829 0.00020780 -0.00030170 -0.00287906 0.00023865 -0.00048360 0.00112471 -0.00013036 
-0.00354844 -0.00047811 0.00024944 -0.00052589 -0.00313869 0.00027764 -0.00024845 0.00106691 -0.00012558 
-0.00361088 -0.00075491 0.00029760 -0.00080627 -0.00367159 0.00036656 0.00002365 0.00111083 -0.00015570 
-0.00354030 -0.00108531 0.00034733 -0.00115914 -0.00452766 0.00049016 0.00032593 0.00127250 -0.00020533 
-0.00414246 -0.00151079 0.00052709 -0.00166269 -0.00729332 0.00070962 0.00086311 0.00180990 -0.00035762 
-0.00565006 -0.00183265 0.00075865 -0.00206638 -0.01211619 0.00088018 0.00153477 0.00235293 -0.00053624 
-0.00679519 -0.00199992 0.00088734 -0.00214586 -0.01614581 0.00102645 0.00164866 0.00205035 -0.00060956 
-0.00696318 -0.00205847 0.00083474 -0.00194485 -0.01829319 0.00106856 0.00139113 0.00065725 -0.00051318 
-0.00657861 -0.00200065 0.00071623 -0.00158231 -0.01853402 0.00096191 0.00114738 -0.00127030 -0.00037163 
-0.00562710 -0.00169255 0.00050965 -0.00114448 -0.01635217 0.00050823 0.00082191 -0.00272440 -0.00026882 
-0.00369889 -0.00112418 0.00008965 -0.00073184 -0.01129420 -0.00003629 0.00047835 -0.00258995 -0.00028871 
-0.00250879 -0.00050467 -0.00011943 -0.00030911 -0.00732524 -0.00012190 0.00044305 -0.00163255 -0.00021574 
-0.00227588 -0.00008081 -0.00013806 0.00005529 -0.00601308 -0.00014135 0.00048494 -0.00136505 -0.00017743 
-0.00242994 0.00031580 -0.00011506 0.00041517 -0.00531450 -0.00016427 0.00060663 -0.00119697 -0.00017658 
-0.00272513 0.00055960 -0.00008460 0.00062501 -0.00469911 -0.00017191 0.00067206 -0.00103690 -0.00017074 
-0.00308381 0.00062988 -0.00002890 0.00067798 -0.00426173 -0.00016709 0.00077894 -0.00090038 -0.00016854 
-0.00344352 0.00061420 0.00003768 0.00065081 -0.00389375 -0.00013534 0.00083403 -0.00072252 -0.00016963 
-0.00373493 0.00052179 0.00005114 0.00055455 -0.00351034 -0.00011631 0.00081316 -0.00051850 -0.00015791 
-0.00395706 0.00041348 0.00002386 0.00044374 -0.00318387 -0.00010227 0.00069576 -0.00038882 -0.00015149 
-0.00411737 0.00023044 0.00002282 0.00026553 -0.00295726 -0.00005046 0.00061381 -0.00026731 -0.00014805 
-0.00424377 -0.00002816 0.00001084 0.00000186 -0.00289354 -0.00001940 0.00049528 -0.00018156 -0.00015194 
-0.00420804 -0.00031690 -0.00000172 -0.00030282 -0.00292146 -0.00002721 0.00033978 -0.00015206 -0.00015414 
-0.00403985 -0.00052705 -0.00000785 -0.00052383 -0.00311402 -0.00003251 0.00019190 -0.00016023 -0.00015184 
-0.00374127 -0.00063303 -0.00002228 -0.00064440 -0.00336753 -0.00002280 0.00005178 -0.00020854 -0.00015150 
-0.00339571 -0.00066321 -0.00004324 -0.00068744 -0.00361046 -0.00001732 -0.00006634 -0.00027893 -0.00014613 
-0.00308026 -0.00057697 -0.00008155 -0.00061104 -0.00384715 -0.00000318 -0.00016152 -0.00037071 -0.00014319 
-0.00291911 -0.00038022 -0.00011780 -0.00041803 -0.00410226 0.00000421 -0.00018981 -0.00048164 -0.00013906 
-0.00283124 -0.00007411 -0.00012760 -0.00012217 -0.00431281 0.00001201 -0.00015254 -0.00058639 -0.00013739 
-0.00273370 0.00025669 -0.00013822 0.00019530 -0.00425361 0.00001868 -0.00007431 -0.00065014 -0.00013086 
-0.00278028 0.00055522 -0.00014945 0.00048953 -0.00406728 0.00002578 -0.00000452 -0.00067203 -0.00012815 
-0.00301451 0.00076771 -0.00014607 0.00069335 -0.00385177 0.00003566 0.00007614 -0.00066227 -0.00012610 
-0.00323534 0.00086813 -0.00016797 0.00079212 -0.00349089 0.00002047 0.00012493 -0.00063262 -0.00011579 
-0.00335670 0.00082431 -0.00016984 0.00075612 -0.00305329 0.00000238 0.00017931 -0.00054628 -0.00010610 
-0.00358143 0.00072197 -0.00015445 0.00066833 -0.00280455 -0.00002067 0.00020622 -0.00047096 -0.00010050 
-0.00385503 0.00058810 -0.00014403 0.00055264 -0.00266638 -0.00004696 0.00020612 -0.00039969 -0.00009718 
-0.00411846 0.00039520 -0.00012328 0.00037514 -0.00258020 -0.00007771 0.00017190 -0.00033183 -0.00009122 
-0.00429862 0.00015337 -0.00008464 0.00013608 -0.00258382 -0.00010573 0.00014042 -0.00025565 -0.00008915 
-0.00429227 -0.00006604 -0.00005379 -0.00007257 -0.00265350 -0.00010977 0.00007751 -0.00020987 -0.00008754 
-0.00420734 -0.00023076 -0.00005244 -0.00022510 -0.00274329 -0.00010811 -0.00000482 -0.00017880 -0.00008769 
-0.00401503 -0.00040026 -0.00001465 -0.00038881 -0.00277069 -0.00011645 -0.00007002 -0.00020876 -0.00009007 
-0.00385730 -0.00056225 0.00001337 -0.00054374 -0.00287691 -0.00008287 -0.00011594 -0.00022627 -0.00008770 
-0.00374211 -0.00067978 0.00000084 -0.00065732 -0.00306031 -0.00003682 -0.00015932 -0.00024402 -0.00008491 
-0.00357450 -0.00074982 0.00001206 -0.00072813 -0.00320262 -0.00002006 -0.00016572 -0.00029733 -0.00008573 
-0.00337650 -0.00076756 0.00001254 -0.00074669 -0.00336221 -0.00001361 -0.00015332 -0.00035155 -0.00009452 
-0.00308624 -0.00073522 0.00000944 -0.00071507 -0.00345400 -0.00000820 -0.00011876 -0.00038781 -0.00009926 
-0.00290982 -0.00066602 -0.00000867 -0.00063737 -0.00359824 -0.00000801 -0.00010507 -0.00040916 -0.00010862 
-0.00269851 -0.00053361 -0.00002229 -0.00050606 -0.00380480 -0.00003359 -0.00005487 -0.00043886 -0.00011056 
-0.00251032 -0.00034195 -0.00004108 -0.00031735 -0.00396100 -0.00006267 -0.00000436 -0.00046589 -0.00010761 
-0.00253103 -0.00016091 -0.00005490 -0.00013431 -0.00413209 -0.00009312 0.00003785 -0.00048055 -0.00010656 
-0.00260965 0.00003870 -0.00003157 0.00006870 -0.00426924 -0.00011183 0.00007626 -0.00045352 -0.00011104 
-0.00258398 0.00028808 -0.00003442 0.00031844 -0.00422436 -0.00011411 0.00007402 -0.00039214 -0.00010499 
-0.00264298 0.00052669 -0.00002794 0.00056321 -0.00404587 -0.00009830 0.00003555 -0.00031363 -0.00011272 
-0.00283747 0.00068834 -0.00002932 0.00072563 -0.00376692 -0.00008621 -0.00001144 -0.00024558 -0.00010983 
-0.00293108 0.00067051 -0.00002539 0.00072245 -0.00333075 -0.00006537 -0.00010620 -0.00019177 -0.00010735 
-0.00287665 0.00051847 -0.00001620 0.00058833 -0.00285572 -0.00004405 -0.00016913 -0.00016684 -0.00009390 
-0.00228181 0.00028528 -0.00002576 0.00038427 -0.00208600 -0.00003849 -0.00026397 -0.00015412 -0.00006613 
-0.00096947 -0.00005326 -0.00003501 0.00000914 -0.00081061 -0.00004148 -0.00024009 -0.00008455 -0.00002399 
