-0.00485991 0.00018103 -0.00006961 0.00001103 -0.00451156 0.00044352 -0.00027908 0.00049723 -0.00003899 
-0.00990538 -0.00035782 -0.00007341 -0.00068823 -0.00945721 0.00085783 -0.00040422 0.00106611 -0.00030431 
-0.01238742 -0.00095561 -0.00012032 -0.00124015 -0.01239046 0.00105423 -0.00031793 0.00119065 -0.00049201 
-0.01414226 -0.00126350 -0.00002524 -0.00157065 -0.01516566 0.00120261 -0.00025708 0.00125347 -0.00063127 
-0.01472966 -0.00139141 -0.00004585 -0.00167981 -0.01700178 0.00142315 -0.00012726 0.00138502 -0.00070540 
-0.01500298 -0.00120288 -0.00011138 -0.00151329 -0.01878652 0.00173590 -0.00014096 0.00165136 -0.00079594 
-0.01477577 -0.00071891 -0.00018272 -0.00104394 -0.01988986 0.00192787 -0.00005574 0.00179067 -0.00082691 
-0.01465509 0.00005453 -0.00026694 -0.00027658 -0.02035891 0.00197995 -0.00013923 0.00188288 -0.00083538 
-0.01469045 0.00081046 -0.00047009 0.00047964 -0.02027859 0.00203602 -0.00025741 0.00188461 -0.00081810 
-0.01502460 0.00145485 -0.00054009 0.00116031 -0.02007537 0.00192688 -0.00032159 0.00188238 -0.00080214 
-0.01554846 0.00203295 -0.00060013 0.00175412 -0.02004922 0.00185335 -0.00039584 0.00187605 -0.00078900 
-0.01634675 0.00254982 -0.00070109 0.00229023 -0.01976856 0.00167551 -0.00049293 0.00179215 -0.00079299 
-0.01741836 0.00280061 -0.00075776 0.00257189 -0.01932813 0.00147140 -0.00052368 0.00166260 -0.00078089 
-0.01848831 0.00270568 -0.00078814 0.00255119 -0.01873288 0.00128758 -0.00055868 0.00152806 -0.00077903 
-0.01895503 0.00254822 -0.00062288 0.00244420 -0.01762410 0.00125294 -0.00038551 0.00148842 -0.00075710 
-0.01960189 0.00220196 -0.00034093 0.00216877 -0.01658087 0.00120348 -0.00015545 0.00152398 -0.00075145 
-0.02142645 0.00157494 -0.00029321 0.00160952 -0.01670565 0.00124880 -0.00006246 0.00157891 -0.00080899 
-0.02252669 0.00102751 -0.00026899 0.00109377 -0.01655089 0.00135672 0.00001004 0.00166861 -0.00081104 
-0.02296115 0.00050269 -0.00019676 0.00057495 -0.01608876 0.00142042 0.00008199 0.00173481 -0.00078521 
-0.02313999 -0.00008790 -0.00021576 0.00002862 -0.01599865 0.00147106 0.00011245 0.00174938 -0.00079011 
-0.02285353 -0.00067396 -0.00024114 -0.00049134 -0.01591413 0.00149183 0.00015037 0.00177823 -0.00081443 
-0.02186481 -0.00144724 -0.00042345 -0.00121687 -0.01575670 0.00151282 0.00009986 0.00182146 -0.00083759 
-0.02112311 -0.00215035 -0.00053440 -0.00187652 -0.01633204 0.00145843 -0.00001237 0.00183122 -0.00087139 
-0.02071568 -0.00272797 -0.00073712 -0.00239476 -0.01732028 0.00149914 -0.00009211 0.00183184 -0.00089976 
-0.02021801 -0.00320130 -0.00094207 -0.00281001 -0.01839890 0.00158909 -0.00021172 0.00190810 -0.00090662 
-0.01948519 -0.00347274 -0.00098829 -0.00303769 -0.01971723 0.00170320 -0.00019363 0.00186656 -0.00087341 
-0.01862257 -0.00339161 -0.00109050 -0.00292147 -0.02120141 0.00184678 -0.00015210 0.00184493 -0.00086284 
-0.01773340 -0.00291665 -0.00117502 -0.00243545 -0.02246462 0.00195446 -0.00004947 0.00178205 -0.00083110 
-0.01708356 -0.00215052 -0.00138578 -0.00167193 -0.02316915 0.00195322 -0.00005272 0.00162998 -0.00080086 
-0.01690002 -0.00137595 -0.00155889 -0.00087426 -0.02370463 0.00191297 0.00002317 0.00142998 -0.00077751 
-0.01671116 -0.00057487 -0.00167972 -0.00006386 -0.02377913 0.00178436 0.00014567 0.00123987 -0.00075374 
-0.01667343 0.00033999 -0.00175620 0.00083369 -0.02350024 0.00172592 0.00035530 0.00107030 -0.00074184 
-0.01726317 0.00131257 -0.00188988 0.00175576 -0.02324472 0.00175235 0.00060303 0.00101586 -0.00076176 
-0.01840009 0.00203821 -0.00217254 0.00240420 -0.02243451 0.00160870 0.00085669 0.00091977 -0.00076113 
-0.01974303 0.00206303 -0.00242857 0.00233390 -0.02148946 0.00133111 0.00122523 0.00089348 -0.00076285 
-0.02076657 0.00170229 -0.00261649 0.00181640 -0.02048190 0.00106024 0.00172857 0.00102220 -0.00071823 
-0.02161702 0.00101891 -0.00279963 0.00096849 -0.01982574 0.00071987 0.00220368 0.00127933 -0.00066723 
-0.02277431 0.00017881 -0.00300133 -0.00002909 -0.02004112 0.00045447 0.00259690 0.00171459 -0.00062082 
-0.02328718 -0.00084138 -0.00308839 -0.00122049 -0.02032776 -0.00000920 0.00305600 0.00223900 -0.00055141 
-0.02276334 -0.00182421 -0.00306762 -0.00236175 -0.02125844 -0.00047369 0.00321312 0.00298572 -0.00053047 
-0.02183024 -0.00232044 -0.00294356 -0.00297310 -0.02324505 -0.00099880 0.00306900 0.00369801 -0.00056962 
-0.02018394 -0.00224086 -0.00267150 -0.00301488 -0.02522682 -0.00160312 0.00265552 0.00433590 -0.00057749 
-0.01898058 -0.00148701 -0.00247967 -0.00235907 -0.02765815 -0.00223911 0.00197517 0.00504892 -0.00055036 
-0.01893979 -0.00003415 -0.00198856 -0.00101717 -0.03070342 -0.00332499 0.00129833 0.00571878 -0.00038790 
-0.02035828 0.00187215 -0.00131456 0.00055734 -0.03703193 -0.00490469 0.00107865 0.00793014 -0.00034944 
-0.02769034 0.00424378 0.00047782 0.00072048 -0.05575789 -0.01148316 0.00267857 0.01599254 0.00179152 
-0.04071949 0.00726055 0.00430491 -0.00295948 -0.09086318 -0.03894157 0.00665686 0.02573297 0.01072678 
-0.05015715 0.00903730 0.00987031 -0.00806560 -0.11349490 -0.08738716 0.00726806 0.01812734 0.01460326 
-0.05300550 0.00785905 0.01399512 -0.00786506 -0.10318309 -0.10912164 0.00511381 0.00019682 -0.00125100 
-0.05152677 0.00508271 0.01649912 -0.00504362 -0.07974051 -0.10625876 0.00206033 -0.01142841 -0.02056959 
-0.04692142 0.00171944 0.01758614 0.00012108 -0.05841015 -0.08296223 0.00020834 -0.01519733 -0.02918267 
-0.03896247 0.00030883 0.01497505 0.00339842 -0.04604711 -0.04737660 0.00019274 -0.01527170 -0.02183347 
-0.03098662 0.00021288 0.01203247 0.00445889 -0.03776155 -0.02575551 0.00040114 -0.01422313 -0.01193797 
-0.02663081 -0.00036219 0.01021117 0.00372124 -0.03101218 -0.01627464 -0.00024281 -0.01222403 -0.00695660 
-0.02412113 -0.00119718 0.00836664 0.00248345 -0.02659406 -0.01173090 -0.00072360 -0.01093972 -0.00505377 
-0.02246165 -0.00213640 0.00684236 0.00117183 -0.02404053 -0.00850344 -0.00115749 -0.01037474 -0.00380146 
-0.02192036 -0.00282561 0.00599925 0.00023593 -0.02219689 -0.00683632 -0.00131223 -0.01019043 -0.00330797 
-0.02186424 -0.00344205 0.00531023 -0.00054682 -0.02177219 -0.00591983 -0.00142778 -0.01045440 -0.00312213 
-0.02184162 -0.00412969 0.00481906 -0.00132745 -0.02178787 -0.00527874 -0.00143042 -0.01081409 -0.00304826 
-0.02099298 -0.00430146 0.00391505 -0.00179615 -0.02263975 -0.00512245 -0.00124519 -0.01149436 -0.00316741 
-0.02046333 -0.00444271 0.00345816 -0.00209469 -0.02513752 -0.00526146 -0.00094196 -0.01265370 -0.00332180 
-0.02118579 -0.00428099 0.00333108 -0.00208680 -0.02942526 -0.00597034 -0.00036424 -0.01441531 -0.00379730 
-0.02209296 -0.00397177 0.00336300 -0.00188362 -0.03476872 -0.00644735 0.00018523 -0.01648889 -0.00420412 
-0.02333414 -0.00316474 0.00325114 -0.00093227 -0.04278867 -0.00727015 0.00082267 -0.02008306 -0.00497519 
-0.03017561 -0.00180864 0.00312291 0.00010988 -0.05760503 -0.00872365 0.00142858 -0.02797500 -0.00712262 
-0.04496595 0.00134881 0.00222695 0.00173357 -0.08679605 -0.00662924 0.00027700 -0.04670979 -0.00806439 
-0.06245683 0.00420687 0.00066739 0.00305838 -0.12908664 0.01385196 -0.00139147 -0.05577042 0.00233072 
-0.06965997 0.00596633 0.00028201 0.00272036 -0.14659066 0.04438439 -0.00378018 -0.03732022 0.00711743 
-0.07025171 0.00827668 -0.00151408 0.00546424 -0.14056929 0.05796150 -0.00478463 -0.01497930 0.00052185 
-0.07185041 0.00893375 -0.00342618 0.00735785 -0.13117603 0.06881374 -0.00468740 0.00262096 -0.00804531 
-0.07221000 0.00779587 -0.00700802 0.00623988 -0.11266215 0.07675365 -0.00389453 0.01842592 -0.02167686 
-0.06324000 0.00485433 -0.00856433 0.00695913 -0.08550102 0.05392998 -0.00316933 0.02565534 -0.02556350 
-0.05023991 0.00341828 -0.00783284 0.00600562 -0.06365002 0.03087791 -0.00170056 0.02298599 -0.01703174 
-0.04149967 0.00169092 -0.00608756 0.00351171 -0.05051263 0.02063951 -0.00047970 0.01820846 -0.01071396 
-0.03495703 -0.00013272 -0.00421967 0.00105028 -0.04161536 0.01373132 0.00032121 0.01577860 -0.00706255 
-0.03265310 -0.00154460 -0.00370141 -0.00061764 -0.03879621 0.01230023 0.00084766 0.01480293 -0.00624849 
-0.03021476 -0.00214965 -0.00308993 -0.00155545 -0.03689552 0.01123958 0.00112715 0.01444713 -0.00568190 
-0.02794093 -0.00224986 -0.00268843 -0.00187796 -0.03594063 0.01065208 0.00110990 0.01423200 -0.00542511 
-0.02626059 -0.00194433 -0.00274441 -0.00169687 -0.03587850 0.01063812 0.00065292 0.01438644 -0.00546283 
-0.02547728 -0.00127565 -0.00265137 -0.00113137 -0.03724198 0.01101404 0.00017040 0.01468344 -0.00558898 
-0.02461637 -0.00028658 -0.00276834 -0.00015949 -0.03833879 0.01160013 -0.00031383 0.01505376 -0.00578046 
-0.02444597 0.00068507 -0.00306637 0.00097273 -0.04005894 0.01223442 -0.00101330 0.01561851 -0.00608073 
-0.02545801 0.00157009 -0.00327258 0.00215228 -0.04249976 0.01311713 -0.00140808 0.01641787 -0.00651505 
-0.02904862 0.00226842 -0.00332255 0.00337177 -0.04798903 0.01463281 -0.00177526 0.01820924 -0.00729366 
-0.03412196 0.00265003 -0.00345210 0.00424794 -0.05506314 0.01518124 -0.00216215 0.02118799 -0.00827043 
-0.04519517 0.00382362 -0.00274014 0.00602404 -0.07093942 0.01998621 -0.00193279 0.02948953 -0.01268722 
-0.06149492 0.00477378 -0.00227266 0.00819432 -0.10279768 0.01502636 -0.00200084 0.04119971 -0.01111697 
-0.07301608 0.00415827 -0.00355586 0.00947251 -0.13240926 -0.01107706 -0.00097823 0.03523687 -0.00148955 
-0.07618282 0.00496415 -0.00501342 0.01085198 -0.13512559 -0.02899012 0.00134669 0.01442473 -0.00345010 
-0.07704915 0.00574675 -0.00464144 0.00831807 -0.12980733 -0.04217925 0.00214581 -0.00118763 -0.00728857 
-0.07785930 0.00550440 -0.00190026 0.00439372 -0.11800446 -0.05820718 0.00267027 -0.01687576 -0.01677395 
-0.06995314 0.00300582 0.00151293 0.00108706 -0.09268628 -0.05105339 0.00127728 -0.02735176 -0.02475215 
-0.05536816 0.00009989 0.00303342 -0.00036418 -0.07035960 -0.03273263 -0.00068551 -0.02464081 -0.01950008 
-0.04426291 -0.00096254 0.00214134 -0.00097849 -0.05773725 -0.02048042 -0.00106636 -0.02049090 -0.01064772 
-0.03597317 -0.00152458 0.00113355 -0.00147603 -0.04680438 -0.01273811 -0.00127172 -0.01726463 -0.00617485 
-0.03274162 -0.00187835 0.00104093 -0.00179330 -0.04212459 -0.01176124 -0.00142138 -0.01538283 -0.00547925 
-0.02995948 -0.00206198 0.00067968 -0.00213820 -0.03875899 -0.01068105 -0.00138410 -0.01423058 -0.00503578 
-0.02784971 -0.00214355 0.00022424 -0.00225502 -0.03750901 -0.01047262 -0.00132033 -0.01375214 -0.00499554 
-0.02615435 -0.00212954 0.00000269 -0.00213612 -0.03744477 -0.01090901 -0.00110106 -0.01375029 -0.00511825 
-0.02617945 -0.00216353 -0.00005594 -0.00199363 -0.03881468 -0.01177334 -0.00091851 -0.01415537 -0.00545290 
-0.02620206 -0.00203192 -0.00020434 -0.00155783 -0.04076242 -0.01278100 -0.00086978 -0.01492349 -0.00588096 
-0.02652429 -0.00197583 -0.00013779 -0.00117321 -0.04389429 -0.01393266 -0.00071534 -0.01604401 -0.00641597 
-0.02749405 -0.00155093 0.00035979 -0.00012503 -0.04813181 -0.01454518 -0.00040218 -0.01757389 -0.00681993 
-0.03061832 -0.00060475 0.00097299 0.00138819 -0.05407364 -0.01631784 -0.00018234 -0.01972333 -0.00784275 
-0.03400396 0.00012489 0.00162500 0.00306543 -0.06013198 -0.01562569 0.00052644 -0.02174380 -0.00820497 
-0.04376571 0.00113415 0.00157570 0.00516418 -0.07258742 -0.02257567 0.00040742 -0.02730264 -0.01415863 
-0.05855905 0.00163920 0.00193573 0.00763652 -0.09699077 -0.02517488 0.00103119 -0.03551146 -0.01746542 
-0.07001669 0.00090867 0.00430323 0.01134617 -0.12258214 -0.01867168 0.00047229 -0.03142975 -0.01201764 
-0.07306608 0.00226088 0.00967261 0.01325909 -0.12763685 0.00025263 -0.00122973 -0.01661480 -0.00887900 
-0.07675058 0.00427020 0.01229950 0.01096049 -0.12863756 0.01260141 -0.00215601 0.00021047 -0.00774809 
-0.08175843 0.00572058 0.01295153 0.01277001 -0.13340553 0.01258913 -0.00676293 0.01790580 -0.00488103 
-0.07515535 0.00513687 0.00739628 0.00098443 -0.10460239 0.04222806 -0.00239312 0.02720590 -0.02095052 
-0.06059084 0.00140230 0.00190682 -0.00325955 -0.07679337 0.03844349 0.00101857 0.02582657 -0.02436443 
-0.04690549 -0.00040027 0.00150875 -0.00313455 -0.06251483 0.02445482 0.00136817 0.02146196 -0.01423048 
-0.03742180 -0.00090464 0.00163104 -0.00266609 -0.05284949 0.01467364 0.00166332 0.01847520 -0.00774095 
-0.03441479 -0.00105147 0.00128210 -0.00264394 -0.04919492 0.01484338 0.00164633 0.01725753 -0.00733946 
-0.03130918 -0.00074357 0.00103021 -0.00223675 -0.04645029 0.01403241 0.00144475 0.01636405 -0.00673893 
-0.02930512 -0.00050448 0.00052272 -0.00169501 -0.04537449 0.01447903 0.00108030 0.01612633 -0.00677110 
-0.02829263 0.00010194 0.00018219 -0.00088949 -0.04476155 0.01478014 0.00062847 0.01578025 -0.00672283 
-0.02722732 0.00061818 -0.00040288 0.00011173 -0.04385809 0.01504143 0.00036735 0.01557806 -0.00675675 
-0.02741306 0.00135475 -0.00106640 0.00127813 -0.04398882 0.01576787 0.00001093 0.01549116 -0.00691182 
-0.02902033 0.00187771 -0.00158588 0.00229110 -0.04542638 0.01611881 -0.00014478 0.01612220 -0.00709906 
-0.03032342 0.00198594 -0.00189500 0.00292650 -0.04683662 0.01621089 -0.00040697 0.01631017 -0.00710456 
-0.03358495 0.00203456 -0.00208145 0.00348920 -0.05120794 0.01703043 -0.00045628 0.01795333 -0.00777869 
-0.03643785 0.00209578 -0.00195045 0.00406525 -0.05581650 0.01615272 -0.00081903 0.01930718 -0.00785058 
-0.04656613 0.00259629 -0.00190447 0.00579759 -0.06792006 0.02415486 -0.00083444 0.02439965 -0.01401471 
-0.06135525 0.00256734 -0.00174640 0.00735574 -0.09044853 0.02994424 -0.00157275 0.03193602 -0.01849189 
-0.07394124 0.00080685 -0.00503620 0.01009237 -0.11674267 0.02844958 -0.00101531 0.03019913 -0.01395125 
-0.07874354 0.00107210 -0.01128910 0.00857346 -0.12708102 0.00508078 0.00066185 0.01354756 -0.00831401 
-0.08138501 0.00203900 -0.01335448 0.00454998 -0.12869449 -0.00842323 0.00266262 -0.00081904 -0.00706568 
-0.08289272 0.00302085 -0.01307550 0.00268510 -0.12789466 -0.01147270 0.00359739 -0.01566909 -0.00730661 
-0.07615077 0.00252699 -0.00695497 -0.00445336 -0.10763352 -0.03843228 0.00016710 -0.02851269 -0.01786350 
-0.06134225 -0.00020622 -0.00173179 -0.00474330 -0.07944336 -0.03562009 -0.00204060 -0.02690965 -0.02175360 
-0.04688673 -0.00132953 -0.00138368 -0.00382448 -0.06199566 -0.02328777 -0.00151177 -0.02131453 -0.01297301 
-0.03707089 -0.00174342 -0.00093780 -0.00307043 -0.05161355 -0.01402053 -0.00145638 -0.01799253 -0.00700468 
-0.03279656 -0.00217551 -0.00111611 -0.00328966 -0.04701586 -0.01397653 -0.00138387 -0.01645349 -0.00656099 
-0.02950736 -0.00245937 -0.00117187 -0.00326313 -0.04384352 -0.01319200 -0.00140574 -0.01528221 -0.00593999 
-0.02819808 -0.00259836 -0.00122047 -0.00304446 -0.04304240 -0.01381220 -0.00116595 -0.01525908 -0.00613873 
-0.02764253 -0.00272284 -0.00144450 -0.00279612 -0.04321826 -0.01453924 -0.00133107 -0.01507628 -0.00628112 
-0.02733003 -0.00263527 -0.00162638 -0.00231390 -0.04426600 -0.01518717 -0.00151589 -0.01555712 -0.00658728 
-0.02786905 -0.00245594 -0.00091759 -0.00156133 -0.04642734 -0.01569351 -0.00117295 -0.01628814 -0.00683355 
-0.02925139 -0.00180050 -0.00004282 -0.00039162 -0.04916940 -0.01645466 -0.00072237 -0.01717416 -0.00724084 
-0.03089520 -0.00130478 0.00076601 0.00067539 -0.05198044 -0.01641144 -0.00021844 -0.01812482 -0.00742491 
-0.03414771 -0.00106806 0.00131926 0.00152483 -0.05633073 -0.01710843 0.00004448 -0.01975284 -0.00828280 
-0.03727125 -0.00070806 0.00204557 0.00262072 -0.06117841 -0.01672563 0.00050454 -0.02097537 -0.00871421 
-0.04695651 0.00016127 0.00192045 0.00511680 -0.07101863 -0.02638309 0.00075140 -0.02436912 -0.01603420 
-0.06154199 0.00054907 0.00180702 0.00851962 -0.08760184 -0.04061146 0.00226961 -0.02882974 -0.02645661 
-0.07473737 -0.00189912 0.00767577 0.01316424 -0.11279242 -0.04756694 0.00125651 -0.02671608 -0.02092541 
-0.08007739 -0.00159470 0.01902296 0.00614821 -0.12305595 -0.00607862 -0.00173579 -0.01398308 -0.00935208 
-0.08389247 0.00001870 0.02269160 0.00226688 -0.12668684 0.00012861 -0.00391636 -0.00014353 -0.00557795 
-0.08327810 0.00195952 0.02080051 -0.00031289 -0.12636177 -0.00267749 -0.00382297 0.01507758 -0.00567815 
-0.07701349 0.00180508 0.00992503 -0.01050261 -0.11263820 0.04476773 0.00032947 0.02629425 -0.01876419 
-0.06311252 -0.00081045 0.00334440 -0.00795654 -0.08598869 0.04107479 0.00288875 0.02821404 -0.02615434 
-0.04707196 -0.00154675 0.00274419 -0.00554589 -0.06833399 0.02598866 0.00180221 0.02360092 -0.01561330 
-0.03602699 -0.00157127 0.00212492 -0.00432012 -0.05747061 0.01635947 0.00152224 0.01995365 -0.00853383 
-0.03167368 -0.00134938 0.00155919 -0.00366530 -0.05263434 0.01703115 0.00097630 0.01855499 -0.00813494 
-0.02840314 -0.00097527 0.00129104 -0.00281017 -0.04863033 0.01642098 0.00092088 0.01707142 -0.00738913 
-0.02712468 -0.00037331 0.00072770 -0.00178101 -0.04653208 0.01665252 0.00037934 0.01648246 -0.00733884 
-0.02620710 0.00024724 0.00027447 -0.00070328 -0.04454087 0.01641384 0.00018584 0.01564565 -0.00711215 
-0.02607006 0.00063538 -0.00029295 0.00019952 -0.04346589 0.01603590 -0.00004138 0.01533432 -0.00695994 
-0.02652845 0.00103833 -0.00067160 0.00118389 -0.04310930 0.01558538 -0.00020855 0.01514172 -0.00673454 
-0.02832587 0.00124993 -0.00101030 0.00184807 -0.04369180 0.01481149 -0.00041445 0.01551425 -0.00656632 
-0.03044133 0.00131918 -0.00101623 0.00229316 -0.04545965 0.01467785 -0.00063174 0.01601319 -0.00658007 
-0.03354735 0.00113449 -0.00120335 0.00255376 -0.04914208 0.01514241 -0.00065781 0.01737834 -0.00708022 
-0.03747554 0.00077140 -0.00130780 0.00245402 -0.05431970 0.01482456 -0.00086257 0.01903794 -0.00744381 
-0.04780212 0.00055853 -0.00117282 0.00332462 -0.06561013 0.02351192 -0.00076350 0.02277297 -0.01349902 
-0.06178283 0.00026525 -0.00061342 0.00491378 -0.08276101 0.03417865 -0.00149721 0.02847521 -0.02169342 
-0.07585697 -0.00223309 -0.00510400 0.00667780 -0.10903538 0.04024456 0.00017100 0.02910281 -0.01857370 
-0.08344008 -0.00268193 -0.01245120 0.00082757 -0.12714388 0.01364666 0.00298562 0.01536474 -0.00871832 
-0.08430140 -0.00183589 -0.01383322 -0.00201218 -0.12979480 0.00681617 0.00335210 0.00099676 -0.00652481 
-0.08266842 -0.00025199 -0.01519740 -0.00327739 -0.13173438 0.01349772 0.00162816 -0.01552225 -0.00391758 
-0.07572808 -0.00041514 -0.00716323 -0.00942009 -0.11469286 -0.02734982 -0.00193704 -0.02935909 -0.01383713 
-0.06204220 -0.00244319 -0.00266623 -0.00730485 -0.08705444 -0.02968752 -0.00287199 -0.03008937 -0.01820371 
-0.04655165 -0.00355989 -0.00225616 -0.00639077 -0.06479751 -0.02355577 -0.00194417 -0.02306359 -0.01364912 
-0.03600514 -0.00361586 -0.00230067 -0.00548046 -0.05389683 -0.01535651 -0.00173163 -0.01869976 -0.00756780 
-0.03266683 -0.00371466 -0.00237066 -0.00518639 -0.04975021 -0.01589495 -0.00138365 -0.01768385 -0.00738187 
-0.02968411 -0.00371377 -0.00245683 -0.00479430 -0.04602702 -0.01541580 -0.00139376 -0.01609632 -0.00675040 
-0.02813212 -0.00383209 -0.00255683 -0.00439450 -0.04461862 -0.01559788 -0.00147149 -0.01581649 -0.00680550 
-0.02693782 -0.00372851 -0.00241443 -0.00386635 -0.04421414 -0.01568658 -0.00144694 -0.01545841 -0.00672898 
-0.02660844 -0.00330122 -0.00189923 -0.00294198 -0.04481345 -0.01569757 -0.00123661 -0.01582392 -0.00684775 
-0.02667229 -0.00286384 -0.00113918 -0.00201672 -0.04524720 -0.01569222 -0.00086557 -0.01592070 -0.00691823 
-0.02750897 -0.00211456 -0.00056136 -0.00091191 -0.04640552 -0.01557729 -0.00044604 -0.01642734 -0.00702643 
-0.02894749 -0.00177702 0.00028316 -0.00002697 -0.04780764 -0.01500029 0.00004396 -0.01689673 -0.00703999 
-0.03171556 -0.00143443 0.00055627 0.00075544 -0.05091254 -0.01551782 0.00027507 -0.01792219 -0.00773895 
-0.03564215 -0.00113030 0.00069857 0.00140703 -0.05526317 -0.01549043 0.00043795 -0.01932972 -0.00834422 
-0.04525865 -0.00083449 0.00048165 0.00301036 -0.06398653 -0.02505044 0.00071549 -0.02153975 -0.01493053 
-0.06008055 -0.00131132 0.00002817 0.00576410 -0.07605654 -0.04260530 0.00200115 -0.02419375 -0.02761059 
-0.07538898 -0.00495657 0.00623047 0.00634015 -0.10158926 -0.05281876 -0.00063595 -0.02574114 -0.02381669 
-0.08285624 -0.00646279 0.01478923 -0.00431572 -0.12371180 -0.01935194 -0.00502730 -0.01639964 -0.00839931 
-0.08281957 -0.00581507 0.01787490 -0.00757611 -0.12643952 -0.01545511 -0.00247847 -0.00342601 -0.00739672 
-0.08015319 -0.00393148 0.01475362 -0.01274257 -0.12999571 -0.00525460 -0.00014485 0.01137150 -0.00828015 
-0.07713866 -0.00242675 0.00622230 -0.01446010 -0.12737374 0.02165219 0.00236632 0.03050261 -0.01257011 
-0.06430130 -0.00376170 0.00233266 -0.00991954 -0.09913508 0.02777130 0.00338045 0.03605262 -0.01927607 
-0.04724446 -0.00325827 0.00243415 -0.00729520 -0.07292141 0.02375168 0.00212368 0.02759836 -0.01528069 
-0.03623017 -0.00246932 0.00255714 -0.00553249 -0.05983242 0.01604156 0.00205196 0.02176625 -0.00858883 
-0.03251223 -0.00190875 0.00215585 -0.00434360 -0.05396072 0.01662693 0.00145357 0.01987398 -0.00818455 
-0.02829945 -0.00105086 0.00161544 -0.00285048 -0.04742857 0.01504297 0.00119959 0.01745995 -0.00708755 
-0.02686578 -0.00036183 0.00104810 -0.00147790 -0.04409165 0.01507959 0.00085427 0.01623275 -0.00692908 
-0.02540573 0.00025993 0.00060803 -0.00033934 -0.04103059 0.01374519 0.00047746 0.01517841 -0.00626628 
-0.02523785 0.00050644 0.00039777 0.00031587 -0.03950607 0.01292331 0.00020966 0.01460162 -0.00586711 
-0.02551435 0.00081548 0.00009347 0.00102480 -0.03836651 0.01200622 -0.00008514 0.01421084 -0.00551332 
-0.02707364 0.00096986 0.00009317 0.00135378 -0.03843667 0.01163233 -0.00036968 0.01418912 -0.00538376 
-0.02911660 0.00097734 0.00006029 0.00154329 -0.03955080 0.01151599 -0.00051154 0.01468751 -0.00536815 
-0.03289986 0.00086883 0.00033721 0.00152042 -0.04377941 0.01306917 -0.00054364 0.01610342 -0.00605891 
-0.03581553 0.00078599 0.00046665 0.00152659 -0.04818196 0.01337635 -0.00032324 0.01797383 -0.00660180 
-0.04343005 0.00077813 0.00168805 0.00205944 -0.05763979 0.02216794 -0.00029884 0.02053440 -0.01192904 
-0.05536704 0.00006038 0.00342243 0.00259412 -0.07050743 0.03460544 -0.00038709 0.02470210 -0.02178787 
-0.07176280 -0.00256980 0.00233735 0.00232708 -0.09480596 0.05466110 0.00121997 0.02757297 -0.02580313 
-0.07999211 -0.00521459 -0.00235495 -0.00097907 -0.11936912 0.05398474 0.00294449 0.01661669 -0.01482075 
-0.07981363 -0.00582872 -0.00561396 -0.00647502 -0.12778040 0.03514029 0.00247621 0.00233415 -0.00714026 
-0.07741410 -0.00558631 -0.00557518 -0.01118323 -0.13050040 0.02350020 0.00056652 -0.01383993 -0.00484293 
-0.07237178 -0.00511809 -0.00307898 -0.01123367 -0.12716606 0.00907159 -0.00248161 -0.03419358 -0.00218120 
-0.06027816 -0.00575285 -0.00199531 -0.00928258 -0.09851105 -0.01242641 -0.00347656 -0.03898340 -0.00963915 
-0.04535888 -0.00538988 -0.00248006 -0.00732045 -0.06892458 -0.01824377 -0.00280140 -0.02831462 -0.01166753 
-0.03538786 -0.00442590 -0.00352949 -0.00608576 -0.05394438 -0.01408409 -0.00262497 -0.02054410 -0.00752037 
-0.03147500 -0.00424531 -0.00393317 -0.00554101 -0.04814608 -0.01390674 -0.00258114 -0.01786586 -0.00669921 
-0.02818632 -0.00379719 -0.00404827 -0.00472398 -0.04357531 -0.01308087 -0.00231673 -0.01626915 -0.00616174 
-0.02664324 -0.00314682 -0.00361026 -0.00364379 -0.04191705 -0.01312089 -0.00196598 -0.01553935 -0.00603503 
-0.02535878 -0.00242977 -0.00309145 -0.00259527 -0.04014729 -0.01261145 -0.00148047 -0.01515536 -0.00585816 
-0.02463714 -0.00168749 -0.00257630 -0.00158474 -0.03853052 -0.01195864 -0.00103090 -0.01459558 -0.00563219 
-0.02482667 -0.00113567 -0.00242129 -0.00078697 -0.03760666 -0.01159594 -0.00068360 -0.01456226 -0.00560813 
-0.02525489 -0.00032920 -0.00215316 0.00013503 -0.03719089 -0.01100927 -0.00022468 -0.01429664 -0.00535758 
-0.02689079 0.00041071 -0.00233322 0.00082705 -0.03788394 -0.01128938 0.00008828 -0.01464023 -0.00562481 
-0.02907435 0.00088833 -0.00243806 0.00125432 -0.03926260 -0.01156102 0.00039586 -0.01474850 -0.00577111 
-0.03243109 0.00062660 -0.00319111 0.00077181 -0.04167743 -0.01280847 0.00013528 -0.01575517 -0.00673414 
-0.03911218 -0.00069247 -0.00473514 -0.00046003 -0.04854365 -0.01960255 -0.00018443 -0.01740234 -0.01060234 
-0.04789513 -0.00282639 -0.00598253 -0.00241896 -0.05729814 -0.02865407 -0.00088406 -0.02037699 -0.01730489 
-0.06280168 -0.00564200 -0.00552837 -0.00414832 -0.07869013 -0.04829226 -0.00203714 -0.02383683 -0.02472694 
-0.07090151 -0.00842262 -0.00397011 -0.00645426 -0.10418900 -0.06649497 -0.00357455 -0.01853312 -0.02077183 
-0.07055981 -0.00933582 -0.00243931 -0.01075904 -0.12249862 -0.05463516 -0.00333052 -0.00462557 -0.00864770 
-0.06914092 -0.00874227 -0.00160856 -0.01084416 -0.13169225 -0.04538754 -0.00254109 0.01124514 -0.00192765 
-0.06841915 -0.00710606 -0.00066395 -0.00891907 -0.13755370 -0.03245491 -0.00080583 0.03380604 0.00361722 
-0.06068266 -0.00613222 0.00006412 -0.00762436 -0.11891491 -0.00570682 0.00130963 0.05157861 -0.00123493 
-0.04422608 -0.00387276 0.00176255 -0.00508173 -0.08011770 0.00963029 0.00226808 0.04261321 -0.00941790 
-0.03160242 -0.00115405 0.00303720 -0.00308468 -0.05543008 0.01036940 0.00284870 0.02659419 -0.00787813 
-0.02484155 0.00020394 0.00317763 -0.00173238 -0.04330690 0.00868967 0.00236917 0.02010484 -0.00557779 
-0.02189410 0.00140556 0.00301610 -0.00029238 -0.03621203 0.00714236 0.00175371 0.01683235 -0.00454151 
-0.02073069 0.00223949 0.00275947 0.00056110 -0.03178208 0.00658062 0.00113412 0.01514050 -0.00410489 
-0.02064464 0.00284212 0.00283858 0.00109758 -0.02875396 0.00591179 0.00059626 0.01387559 -0.00369144 
-0.02105548 0.00335560 0.00312874 0.00141418 -0.02676370 0.00544750 0.00000699 0.01303646 -0.00341733 
-0.02148681 0.00370814 0.00355596 0.00150166 -0.02538961 0.00527440 -0.00036952 0.01255232 -0.00328002 
-0.02152240 0.00385436 0.00422070 0.00136683 -0.02459049 0.00529972 -0.00077977 0.01197750 -0.00313161 
-0.02200325 0.00382333 0.00525808 0.00094833 -0.02517030 0.00603739 -0.00083753 0.01196073 -0.00335069 
-0.02210280 0.00338981 0.00585055 0.00029724 -0.02542271 0.00675629 -0.00082536 0.01184608 -0.00351123 
-0.02352475 0.00282890 0.00728119 -0.00068514 -0.02755013 0.00916238 -0.00065381 0.01209235 -0.00440706 
-0.02524280 0.00201573 0.00888045 -0.00194658 -0.02987348 0.01234489 -0.00045477 0.01271768 -0.00570400 
-0.03034733 0.00136667 0.01146279 -0.00270160 -0.03608684 0.02167176 0.00000058 0.01411839 -0.01075678 
-0.03837290 0.00057082 0.01434828 -0.00215104 -0.04266952 0.04336636 -0.00017517 0.01436876 -0.02168536 
-0.04781537 -0.00142824 0.01722267 -0.00101388 -0.05484451 0.07667691 0.00012944 0.01468026 -0.02861413 
-0.05205452 -0.00499355 0.01712889 -0.00004590 -0.07509156 0.09522811 0.00155027 0.01116034 -0.01912994 
-0.05278140 -0.00832602 0.01571547 -0.00029748 -0.09585582 0.09604161 0.00299886 0.00014554 -0.00191503 
-0.04924048 -0.00996706 0.01197904 -0.00060593 -0.10437229 0.07487803 0.00372488 -0.01715747 0.01227529 
-0.03877792 -0.00851047 0.00620751 -0.00294144 -0.08231689 0.03333081 0.00255889 -0.02489062 0.00935998 
-0.02651032 -0.00613225 0.00251933 -0.00432795 -0.04983459 0.01006611 0.00090790 -0.01476896 0.00104873 
-0.02008365 -0.00405798 0.00036183 -0.00362672 -0.03475460 0.00591409 0.00019029 -0.00728075 -0.00032029 
-0.01847424 -0.00217954 -0.00075980 -0.00182678 -0.03016440 0.00468703 0.00053188 -0.00570838 -0.00034229 
-0.01816918 -0.00073206 -0.00137945 -0.00034756 -0.02837272 0.00362346 0.00106450 -0.00537827 -0.00051372 
-0.01875775 0.00050983 -0.00182167 0.00095260 -0.02677305 0.00280438 0.00174718 -0.00510722 -0.00056763 
-0.02000409 0.00139552 -0.00209776 0.00187510 -0.02539751 0.00213173 0.00238416 -0.00477781 -0.00061061 
-0.02115295 0.00195676 -0.00234795 0.00243877 -0.02387177 0.00152685 0.00287324 -0.00418898 -0.00063438 
-0.02212196 0.00214410 -0.00261180 0.00261271 -0.02249768 0.00101654 0.00307416 -0.00345215 -0.00066137 
-0.02301441 0.00191273 -0.00280880 0.00233587 -0.02123024 0.00060915 0.00302542 -0.00277970 -0.00069531 
-0.02363113 0.00112435 -0.00284530 0.00146028 -0.02025440 0.00018926 0.00286557 -0.00208073 -0.00076608 
-0.02367027 -0.00009106 -0.00278365 0.00011502 -0.01983742 -0.00040164 0.00249346 -0.00161266 -0.00082582 
-0.02303965 -0.00134883 -0.00264586 -0.00125382 -0.02019392 -0.00083513 0.00198948 -0.00121530 -0.00090303 
-0.02194497 -0.00218269 -0.00252695 -0.00223139 -0.02100910 -0.00115754 0.00143810 -0.00103717 -0.00094777 
-0.02106731 -0.00247403 -0.00246941 -0.00264397 -0.02219429 -0.00143664 0.00091616 -0.00103101 -0.00098224 
-0.02004206 -0.00236416 -0.00233447 -0.00261094 -0.02314318 -0.00164705 0.00053769 -0.00109910 -0.00098888 
-0.01880932 -0.00183950 -0.00216633 -0.00216630 -0.02390155 -0.00175050 0.00022785 -0.00118981 -0.00099238 
-0.01772808 -0.00094461 -0.00196844 -0.00134801 -0.02440124 -0.00181954 0.00000568 -0.00134594 -0.00100783 
-0.01698734 0.00017329 -0.00173605 -0.00027461 -0.02425230 -0.00179997 -0.00013062 -0.00147385 -0.00099622 
-0.01694787 0.00128637 -0.00150565 0.00081135 -0.02360246 -0.00169205 -0.00024395 -0.00157605 -0.00097809 
-0.01740842 0.00231073 -0.00129279 0.00180518 -0.02256509 -0.00154721 -0.00030993 -0.00165776 -0.00098049 
-0.01803828 0.00287631 -0.00120883 0.00238777 -0.02106750 -0.00141095 -0.00033718 -0.00169917 -0.00097030 
-0.01846859 0.00302846 -0.00113123 0.00256232 -0.01923015 -0.00128508 -0.00025270 -0.00165396 -0.00092904 
-0.01949609 0.00287694 -0.00105735 0.00246150 -0.01799595 -0.00133329 -0.00019465 -0.00167637 -0.00091338 
-0.02063529 0.00248611 -0.00095767 0.00216139 -0.01708220 -0.00141393 -0.00016220 -0.00169291 -0.00090030 
-0.02185700 0.00196317 -0.00074101 0.00173401 -0.01648555 -0.00140950 -0.00010725 -0.00166567 -0.00087148 
-0.02281941 0.00127781 -0.00052299 0.00110994 -0.01607196 -0.00141907 -0.00002775 -0.00163576 -0.00085060 
-0.02335270 0.00062428 -0.00029024 0.00053441 -0.01621528 -0.00142209 0.00002804 -0.00163773 -0.00083331 
-0.02321323 0.00014339 -0.00027607 0.00014109 -0.01633382 -0.00131496 -0.00002440 -0.00150928 -0.00083326 
-0.02293665 -0.00051729 -0.00026538 -0.00045977 -0.01647372 -0.00128142 -0.00012990 -0.00153745 -0.00087839 
-0.02232955 -0.00128535 -0.00015977 -0.00121354 -0.01694220 -0.00118767 -0.00015814 -0.00155166 -0.00088374 
-0.02147106 -0.00183550 -0.00020906 -0.00174525 -0.01747984 -0.00103372 -0.00024386 -0.00152422 -0.00085817 
-0.02063585 -0.00232438 -0.00022813 -0.00221156 -0.01790666 -0.00094821 -0.00029179 -0.00155449 -0.00083564 
-0.01958374 -0.00263968 -0.00025946 -0.00251005 -0.01838842 -0.00095967 -0.00030391 -0.00163752 -0.00083466 
-0.01843625 -0.00281812 -0.00027532 -0.00263884 -0.01887574 -0.00100612 -0.00029659 -0.00169264 -0.00083592 
-0.01736056 -0.00274028 -0.00038063 -0.00250629 -0.01932885 -0.00109530 -0.00030760 -0.00174951 -0.00083867 
-0.01632091 -0.00234055 -0.00049587 -0.00210448 -0.01989464 -0.00131914 -0.00027767 -0.00189693 -0.00082968 
-0.01512137 -0.00179055 -0.00048560 -0.00154823 -0.01995842 -0.00153330 -0.00017636 -0.00205223 -0.00081144 
-0.01508716 -0.00130728 -0.00048235 -0.00101972 -0.02056895 -0.00173247 -0.00013183 -0.00219585 -0.00083434 
-0.01531419 -0.00079898 -0.00036358 -0.00047694 -0.02108647 -0.00185322 -0.00004596 -0.00226563 -0.00086292 
-0.01463036 -0.00010501 -0.00030839 0.00020531 -0.02043930 -0.00182377 0.00000249 -0.00215673 -0.00083238 
-0.01380758 0.00049342 -0.00019203 0.00083139 -0.01907796 -0.00169979 0.00003105 -0.00196349 -0.00077250 
-0.01326875 0.00096450 -0.00011990 0.00129998 -0.01726218 -0.00152515 0.00001811 -0.00180624 -0.00069058 
-0.01266450 0.00090110 -0.00008061 0.00125705 -0.01501364 -0.00127771 -0.00007115 -0.00158798 -0.00058627 
-0.01119140 0.00065724 -0.00005652 0.00100482 -0.01216247 -0.00100429 -0.00014516 -0.00139431 -0.00041854 
-0.00894312 0.00026363 -0.00005214 0.00063668 -0.00918778 -0.00079588 -0.00022415 -0.00107657 -0.00023764 
-0.00445934 -0.00019183 -0.00009145 -0.00002509 -0.00422483 -0.00040814 -0.00022507 -0.00051931 -0.00003011 
