-0.00361546 0.00016833 -0.00005278 0.00001935 -0.00328202 0.00027834 -0.00031905 0.00026796 -0.00004057 
-0.00750784 -0.00040342 -0.00007197 -0.00065848 -0.00694216 0.00046394 -0.00042222 0.00063775 -0.00021829 
-0.00968955 -0.00094003 -0.00010263 -0.00114315 -0.00946734 0.00059946 -0.00035801 0.00069013 -0.00036865 
-0.01081113 -0.00128677 -0.00002781 -0.00149015 -0.01145520 0.00064783 -0.00029648 0.00066854 -0.00044505 
-0.01115168 -0.00138508 -0.00003487 -0.00156285 -0.01282956 0.00076987 -0.00016392 0.00073863 -0.00048767 
-0.01113848 -0.00126119 -0.00007177 -0.00144796 -0.01407928 0.00096773 -0.00016028 0.00091044 -0.00053151 
-0.01082558 -0.00081820 -0.00012440 -0.00101661 -0.01493513 0.00111737 -0.00007747 0.00103372 -0.00054806 
-0.01051395 -0.00013181 -0.00015709 -0.00033282 -0.01519293 0.00111972 -0.00012481 0.00110412 -0.00054419 
-0.01042105 0.00054117 -0.00028681 0.00035275 -0.01498398 0.00114953 -0.00020923 0.00111707 -0.00052569 
-0.01065299 0.00109925 -0.00033525 0.00092965 -0.01484418 0.00108824 -0.00028953 0.00112310 -0.00051520 
-0.01098941 0.00161481 -0.00038080 0.00145807 -0.01478784 0.00103464 -0.00032385 0.00112420 -0.00049986 
-0.01165499 0.00207272 -0.00044673 0.00191084 -0.01462980 0.00092982 -0.00040892 0.00109088 -0.00050829 
-0.01249820 0.00229367 -0.00050882 0.00214297 -0.01421664 0.00080215 -0.00043581 0.00100419 -0.00050226 
-0.01319478 0.00223471 -0.00056105 0.00212593 -0.01356730 0.00065395 -0.00047690 0.00089173 -0.00050397 
-0.01348686 0.00211022 -0.00044765 0.00204133 -0.01254660 0.00064360 -0.00033293 0.00087688 -0.00048048 
-0.01401691 0.00187472 -0.00023650 0.00185141 -0.01176384 0.00065669 -0.00016785 0.00094200 -0.00047596 
-0.01527997 0.00142449 -0.00020744 0.00144584 -0.01175556 0.00067706 -0.00009422 0.00097615 -0.00051447 
-0.01600029 0.00101074 -0.00020202 0.00104760 -0.01149318 0.00070665 -0.00004121 0.00101716 -0.00050666 
-0.01631675 0.00056858 -0.00016435 0.00061469 -0.01117383 0.00076468 0.00002752 0.00108341 -0.00049286 
-0.01646167 0.00008592 -0.00020000 0.00014929 -0.01108080 0.00078186 0.00006637 0.00108546 -0.00049840 
-0.01615140 -0.00040276 -0.00021053 -0.00030407 -0.01094559 0.00077009 0.00012868 0.00110586 -0.00051589 
-0.01553193 -0.00101314 -0.00034821 -0.00088356 -0.01089431 0.00077199 0.00010373 0.00116060 -0.00053349 
-0.01504798 -0.00156993 -0.00042347 -0.00141373 -0.01141346 0.00071835 0.00005102 0.00117897 -0.00056212 
-0.01467491 -0.00205044 -0.00052521 -0.00185874 -0.01209935 0.00067710 0.00002170 0.00120240 -0.00057093 
-0.01434025 -0.00244214 -0.00064799 -0.00220228 -0.01282632 0.00066605 -0.00005478 0.00128415 -0.00057198 
-0.01386633 -0.00267413 -0.00067300 -0.00240813 -0.01378774 0.00068839 -0.00007540 0.00129012 -0.00055527 
-0.01323421 -0.00262234 -0.00073192 -0.00232916 -0.01490952 0.00076994 -0.00007971 0.00132350 -0.00055313 
-0.01263489 -0.00226751 -0.00075253 -0.00195843 -0.01597907 0.00079939 -0.00007382 0.00131849 -0.00054327 
-0.01197804 -0.00170218 -0.00077636 -0.00138628 -0.01646858 0.00076247 -0.00008474 0.00124040 -0.00051814 
-0.01176401 -0.00109202 -0.00079462 -0.00076608 -0.01678667 0.00072440 -0.00007261 0.00110690 -0.00050474 
-0.01161564 -0.00045973 -0.00082952 -0.00012679 -0.01685317 0.00064287 -0.00006458 0.00094658 -0.00049770 
-0.01153320 0.00020983 -0.00082293 0.00053549 -0.01663838 0.00064299 0.00004590 0.00082261 -0.00050145 
-0.01182981 0.00097223 -0.00080771 0.00127888 -0.01635138 0.00071746 0.00019880 0.00077633 -0.00051356 
-0.01260847 0.00158249 -0.00090406 0.00184291 -0.01568599 0.00070677 0.00033460 0.00068565 -0.00052348 
-0.01368699 0.00167404 -0.00101302 0.00186674 -0.01501032 0.00059561 0.00056700 0.00059074 -0.00054092 
-0.01445219 0.00145328 -0.00107643 0.00156087 -0.01427171 0.00051077 0.00092927 0.00066371 -0.00053215 
-0.01504876 0.00096864 -0.00113556 0.00097393 -0.01366408 0.00041422 0.00127935 0.00081758 -0.00050565 
-0.01587246 0.00037228 -0.00120109 0.00028661 -0.01376771 0.00039066 0.00156249 0.00107326 -0.00050748 
-0.01624030 -0.00034291 -0.00123214 -0.00054368 -0.01380730 0.00025594 0.00189144 0.00136853 -0.00049410 
-0.01590011 -0.00118620 -0.00122199 -0.00151913 -0.01429545 0.00016933 0.00216889 0.00182776 -0.00050250 
-0.01522117 -0.00174138 -0.00123078 -0.00218164 -0.01554511 0.00009032 0.00222719 0.00238162 -0.00053775 
-0.01396200 -0.00191935 -0.00115412 -0.00245446 -0.01703181 -0.00005060 0.00212226 0.00286331 -0.00057174 
-0.01284204 -0.00160957 -0.00122029 -0.00224427 -0.01890176 -0.00020799 0.00173602 0.00345731 -0.00057211 
-0.01242698 -0.00065666 -0.00110375 -0.00142697 -0.02140968 -0.00061143 0.00143894 0.00405924 -0.00054431 
-0.01262997 0.00058027 -0.00092143 -0.00036886 -0.02459632 -0.00127195 0.00118139 0.00491250 -0.00051456 
-0.01564226 0.00220700 -0.00027883 0.00045898 -0.03397442 -0.00273508 0.00187782 0.00862331 -0.00037348 
-0.02399023 0.00415511 0.00165946 -0.00040706 -0.05486119 -0.01118112 0.00411339 0.01491814 0.00211954 
-0.03164662 0.00579146 0.00469793 -0.00271475 -0.07324618 -0.03005778 0.00532718 0.01321077 0.00489505 
-0.03407711 0.00587442 0.00701761 -0.00263185 -0.07324496 -0.03987664 0.00475196 0.00292533 0.00007695 
-0.03347526 0.00486711 0.00812166 -0.00055778 -0.06366321 -0.03932795 0.00322143 -0.00658434 -0.00678709 
-0.03078920 0.00368206 0.00831659 0.00197555 -0.05232661 -0.03269177 0.00204812 -0.01086936 -0.00981213 
-0.02551247 0.00326839 0.00738402 0.00406287 -0.04009948 -0.02087421 0.00155494 -0.01130294 -0.00825400 
-0.01992716 0.00309489 0.00623162 0.00462336 -0.02943012 -0.01243672 0.00084842 -0.00915751 -0.00497725 
-0.01714183 0.00264440 0.00530251 0.00406966 -0.02252444 -0.00818237 0.00016325 -0.00710838 -0.00299619 
-0.01562411 0.00182311 0.00439415 0.00323331 -0.01796542 -0.00572036 -0.00041877 -0.00614936 -0.00210944 
-0.01494811 0.00090522 0.00378337 0.00220821 -0.01544492 -0.00413061 -0.00078075 -0.00573260 -0.00163108 
-0.01463687 0.00022022 0.00326096 0.00147862 -0.01387629 -0.00327210 -0.00111038 -0.00566377 -0.00142107 
-0.01469993 -0.00045480 0.00284005 0.00076318 -0.01326534 -0.00287185 -0.00133490 -0.00583463 -0.00139065 
-0.01473477 -0.00122978 0.00249040 -0.00002110 -0.01309127 -0.00261057 -0.00154072 -0.00618246 -0.00143854 
-0.01403438 -0.00189422 0.00191843 -0.00079870 -0.01333627 -0.00248177 -0.00163024 -0.00658176 -0.00151368 
-0.01363028 -0.00245354 0.00166546 -0.00138814 -0.01491150 -0.00261447 -0.00160110 -0.00737544 -0.00166819 
-0.01369916 -0.00273051 0.00152429 -0.00175750 -0.01758161 -0.00291990 -0.00142957 -0.00840751 -0.00191093 
-0.01352796 -0.00284071 0.00146393 -0.00194272 -0.02056909 -0.00314199 -0.00115970 -0.00953079 -0.00210102 
-0.01350956 -0.00267254 0.00135267 -0.00176497 -0.02606098 -0.00358042 -0.00092020 -0.01151155 -0.00247158 
-0.01622487 -0.00171971 0.00121008 -0.00114104 -0.03557388 -0.00423417 -0.00052632 -0.01623568 -0.00342028 
-0.02441377 0.00034423 0.00055396 -0.00005411 -0.05514121 -0.00430273 -0.00135849 -0.02671689 -0.00452733 
-0.03674644 0.00340175 -0.00131545 0.00034248 -0.08501834 0.00447664 -0.00350516 -0.03852206 -0.00040731 
-0.04505541 0.00571266 -0.00414536 -0.00028625 -0.10887223 0.02358016 -0.00524896 -0.03398560 0.00494593 
-0.04788523 0.00616160 -0.00627228 0.00195857 -0.10989040 0.03333460 -0.00436763 -0.01392701 0.00055761 
-0.04713027 0.00566336 -0.00713993 0.00523590 -0.09899433 0.03211043 -0.00440725 0.00373547 -0.00572365 
-0.04352259 0.00473467 -0.00730004 0.00624472 -0.08330068 0.02871996 -0.00439209 0.01386353 -0.00947058 
-0.03606603 0.00442929 -0.00630139 0.00691321 -0.06304510 0.01971679 -0.00363201 0.01657230 -0.00895670 
-0.02879825 0.00404152 -0.00513388 0.00563313 -0.04533187 0.01306659 -0.00166694 0.01291203 -0.00631590 
-0.02405034 0.00285349 -0.00391126 0.00390543 -0.03374287 0.00850466 -0.00027338 0.00956828 -0.00390239 
-0.02125238 0.00134153 -0.00307231 0.00209766 -0.02741486 0.00588529 0.00053663 0.00815175 -0.00275453 
-0.02035991 -0.00002447 -0.00272329 0.00058037 -0.02494954 0.00515759 0.00104506 0.00791309 -0.00246535 
-0.01918540 -0.00084588 -0.00228063 -0.00040991 -0.02367566 0.00471122 0.00139653 0.00792957 -0.00228253 
-0.01785263 -0.00134662 -0.00189803 -0.00104681 -0.02310631 0.00443552 0.00152714 0.00813150 -0.00224084 
-0.01659274 -0.00140713 -0.00176765 -0.00120114 -0.02325757 0.00443002 0.00134098 0.00839012 -0.00229860 
-0.01575489 -0.00101956 -0.00166883 -0.00091876 -0.02431782 0.00461683 0.00092905 0.00876384 -0.00241453 
-0.01483625 -0.00024185 -0.00159502 -0.00021403 -0.02503283 0.00474751 0.00053259 0.00906264 -0.00250088 
-0.01438095 0.00070061 -0.00167514 0.00074797 -0.02600318 0.00497482 -0.00002710 0.00942945 -0.00260242 
-0.01467243 0.00151430 -0.00172041 0.00163517 -0.02736966 0.00524707 -0.00053512 0.00991253 -0.00274510 
-0.01631187 0.00222051 -0.00159836 0.00251971 -0.03070158 0.00562782 -0.00083920 0.01080497 -0.00298994 
-0.01871489 0.00273302 -0.00142667 0.00318122 -0.03434768 0.00547769 -0.00122109 0.01223287 -0.00327227 
-0.02567584 0.00382324 -0.00053704 0.00428397 -0.04663990 0.00747902 -0.00096474 0.01814525 -0.00519244 
-0.03619692 0.00536050 0.00118168 0.00517062 -0.06786125 0.00471410 -0.00056879 0.02720044 -0.00478868 
-0.04669526 0.00604808 0.00349344 0.00656317 -0.09200175 -0.00928704 -0.00079700 0.02800478 -0.00033311 
-0.05245417 0.00549991 0.00536169 0.00769427 -0.10286516 -0.02244751 0.00029308 0.01535925 -0.00040282 
-0.05202424 0.00400100 0.00578628 0.00672221 -0.09695686 -0.02679076 0.00177057 -0.00180915 -0.00518270 
-0.04913742 0.00248783 0.00556452 0.00466302 -0.08483135 -0.02705720 0.00251389 -0.01389240 -0.00946525 
-0.04074331 0.00115737 0.00488043 0.00233202 -0.06581622 -0.01943120 0.00154959 -0.01763261 -0.00977459 
-0.03126642 0.00007087 0.00390353 0.00083910 -0.04838958 -0.01277855 -0.00006929 -0.01472136 -0.00678879 
-0.02512068 -0.00044661 0.00277366 0.00002793 -0.03714104 -0.00769087 -0.00091976 -0.01133397 -0.00361993 
-0.02143648 -0.00082015 0.00190988 -0.00042732 -0.03008550 -0.00502601 -0.00124412 -0.00955931 -0.00229379 
-0.01976790 -0.00116047 0.00158468 -0.00088454 -0.02686022 -0.00449563 -0.00140916 -0.00870184 -0.00208143 
-0.01829333 -0.00144461 0.00114266 -0.00128174 -0.02471663 -0.00388076 -0.00147507 -0.00817100 -0.00191062 
-0.01702852 -0.00177211 0.00076704 -0.00164922 -0.02395849 -0.00381613 -0.00147408 -0.00802160 -0.00195540 
-0.01600628 -0.00192009 0.00050851 -0.00176856 -0.02425200 -0.00397406 -0.00133752 -0.00828849 -0.00202165 
-0.01596127 -0.00197516 0.00039029 -0.00176181 -0.02540170 -0.00435710 -0.00119194 -0.00856915 -0.00217928 
-0.01598533 -0.00185563 0.00024494 -0.00153885 -0.02705687 -0.00471501 -0.00103949 -0.00913152 -0.00233311 
-0.01574126 -0.00164255 0.00012940 -0.00122978 -0.02938418 -0.00510105 -0.00083951 -0.00990518 -0.00251287 
-0.01579889 -0.00103820 0.00020774 -0.00044026 -0.03232475 -0.00526555 -0.00050488 -0.01088911 -0.00267441 
-0.01736453 -0.00005632 0.00021726 0.00074648 -0.03671177 -0.00557799 -0.00021874 -0.01219152 -0.00297597 
-0.01907953 0.00087567 0.00013508 0.00192477 -0.04048390 -0.00512222 0.00024838 -0.01361975 -0.00319555 
-0.02424222 0.00194735 -0.00039637 0.00334649 -0.04967531 -0.00737808 0.00047212 -0.01724160 -0.00522973 
-0.03326833 0.00314619 -0.00153638 0.00450858 -0.06681870 -0.00730062 0.00036177 -0.02388981 -0.00667313 
-0.04339164 0.00398606 -0.00282875 0.00639391 -0.08766476 -0.00282256 0.00052452 -0.02474646 -0.00574463 
-0.04977375 0.00398325 -0.00340374 0.00913096 -0.10000084 0.00140013 -0.00010025 -0.01425779 -0.00492495 
-0.05191437 0.00334833 -0.00297195 0.00886874 -0.10056072 0.00688593 -0.00195606 0.00094401 -0.00522401 
-0.05042522 0.00253886 -0.00231438 0.00621513 -0.09125487 0.01289382 -0.00331706 0.01329525 -0.00699652 
-0.04339949 0.00144845 -0.00218441 0.00197433 -0.07228077 0.01559221 -0.00201547 0.01803064 -0.00901591 
-0.03348776 -0.00005956 -0.00211748 -0.00069266 -0.05276357 0.01351608 0.00029699 0.01513922 -0.00799043 
-0.02615903 -0.00084611 -0.00139176 -0.00138183 -0.04116811 0.00874564 0.00119722 0.01202416 -0.00477424 
-0.02166131 -0.00117288 -0.00066548 -0.00158775 -0.03477929 0.00546183 0.00175062 0.01025820 -0.00288590 
-0.02012299 -0.00130722 -0.00055794 -0.00178924 -0.03273748 0.00535283 0.00183272 0.00992909 -0.00271020 
-0.01842002 -0.00116524 -0.00046520 -0.00163361 -0.03112959 0.00503790 0.00170240 0.00968158 -0.00254824 
-0.01743656 -0.00079668 -0.00048707 -0.00122092 -0.03075791 0.00521259 0.00136524 0.00973111 -0.00258853 
-0.01692925 -0.00021300 -0.00051493 -0.00056727 -0.03047298 0.00538487 0.00089905 0.00974780 -0.00261345 
-0.01630138 0.00052348 -0.00060650 0.00029272 -0.02991571 0.00550203 0.00048971 0.00969388 -0.00262335 
-0.01658271 0.00137189 -0.00069845 0.00127107 -0.02997205 0.00569915 0.00017426 0.00971468 -0.00264563 
-0.01747193 0.00195919 -0.00067983 0.00201846 -0.03042998 0.00568885 -0.00006668 0.00992977 -0.00265561 
-0.01803296 0.00210636 -0.00059429 0.00235957 -0.03080255 0.00555178 -0.00031327 0.00993740 -0.00261917 
-0.01961249 0.00224537 -0.00033782 0.00272390 -0.03314263 0.00570917 -0.00050133 0.01055219 -0.00280515 
-0.02116267 0.00235268 -0.00005139 0.00300092 -0.03587520 0.00517375 -0.00082729 0.01142613 -0.00287117 
-0.02630105 0.00270366 0.00075292 0.00369686 -0.04439968 0.00776945 -0.00077089 0.01445604 -0.00486370 
-0.03466590 0.00308799 0.00168676 0.00407181 -0.05970822 0.00936639 -0.00086326 0.01945551 -0.00670481 
-0.04529994 0.00308172 0.00244783 0.00551424 -0.08037082 0.00712068 -0.00121201 0.02147792 -0.00680979 
-0.05288483 0.00237662 0.00245057 0.00612914 -0.09655495 0.00242973 -0.00014792 0.01379951 -0.00513071 
-0.05518829 0.00136147 0.00207575 0.00398886 -0.10034592 -0.00555720 0.00190669 -0.00053009 -0.00490881 
-0.05352790 0.00030815 0.00185611 0.00085382 -0.09340758 -0.01148912 0.00230184 -0.01368268 -0.00671421 
-0.04501986 -0.00056169 0.00209602 -0.00178351 -0.07396262 -0.01398195 0.00029229 -0.01868205 -0.00868131 
-0.03392086 -0.00114305 0.00206060 -0.00204444 -0.05338953 -0.01229222 -0.00084068 -0.01593028 -0.00748194 
-0.02626584 -0.00149637 0.00142594 -0.00207874 -0.04057352 -0.00778703 -0.00105475 -0.01228008 -0.00422525 
-0.02153179 -0.00181919 0.00101429 -0.00211429 -0.03317909 -0.00474181 -0.00131814 -0.01029317 -0.00254044 
-0.01917207 -0.00219236 0.00064847 -0.00251737 -0.03020234 -0.00466156 -0.00137776 -0.00948491 -0.00237331 
-0.01755685 -0.00245417 0.00034467 -0.00261396 -0.02865038 -0.00444477 -0.00136482 -0.00918073 -0.00220854 
-0.01708020 -0.00247302 0.00017722 -0.00254281 -0.02853078 -0.00467799 -0.00112216 -0.00930028 -0.00227869 
-0.01706649 -0.00244784 -0.00006732 -0.00233868 -0.02921624 -0.00492565 -0.00115693 -0.00943305 -0.00234328 
-0.01660372 -0.00229909 -0.00047151 -0.00205539 -0.03010710 -0.00507620 -0.00117802 -0.00974346 -0.00241733 
-0.01647821 -0.00190591 -0.00035387 -0.00147131 -0.03175368 -0.00514395 -0.00075810 -0.01025572 -0.00245095 
-0.01711808 -0.00118366 -0.00020152 -0.00052274 -0.03373082 -0.00527850 -0.00033298 -0.01082888 -0.00261545 
-0.01804566 -0.00040191 -0.00017300 0.00038483 -0.03561886 -0.00519008 0.00018424 -0.01134208 -0.00267635 
-0.01962603 0.00003835 -0.00023437 0.00108336 -0.03848951 -0.00531269 0.00058303 -0.01226142 -0.00295827 
-0.02110970 0.00049437 -0.00029470 0.00171791 -0.04155064 -0.00493177 0.00102490 -0.01288545 -0.00316030 
-0.02613900 0.00120196 -0.00102981 0.00304699 -0.04919573 -0.00823420 0.00107603 -0.01520907 -0.00556763 
-0.03409560 0.00196854 -0.00195540 0.00433810 -0.06150591 -0.01266671 0.00145478 -0.01866308 -0.00920673 
-0.04432923 0.00182225 -0.00184082 0.00624871 -0.07769721 -0.01625832 0.00151971 -0.01871240 -0.01108461 
-0.05255723 0.00112506 -0.00065335 0.00604263 -0.09357813 -0.01396282 -0.00021411 -0.01172553 -0.00777645 
-0.05576415 0.00018301 0.00023985 0.00226607 -0.09902818 -0.00296980 -0.00277025 0.00013929 -0.00578714 
-0.05395189 -0.00076453 -0.00003543 -0.00300533 -0.09342257 0.00965652 -0.00137253 0.01161882 -0.00687979 
-0.04582088 -0.00175437 -0.00153695 -0.00472589 -0.07729801 0.01526838 0.00103817 0.01799703 -0.00978151 
-0.03501029 -0.00236229 -0.00171571 -0.00409303 -0.05960903 0.01294560 0.00178524 0.01763071 -0.00871867 
-0.02610897 -0.00246293 -0.00112928 -0.00363573 -0.04625900 0.00848742 0.00180520 0.01430660 -0.00535692 
-0.02032297 -0.00213749 -0.00069739 -0.00304811 -0.03847271 0.00529057 0.00163408 0.01203133 -0.00307907 
-0.01794803 -0.00164872 -0.00057527 -0.00248705 -0.03546553 0.00559858 0.00116645 0.01134669 -0.00290501 
-0.01644203 -0.00102491 -0.00035729 -0.00172770 -0.03308939 0.00550159 0.00086298 0.01068823 -0.00268016 
-0.01591595 -0.00028706 -0.00038192 -0.00087582 -0.03178477 0.00564646 0.00037201 0.01042401 -0.00268463 
-0.01579744 0.00048797 -0.00028180 0.00005154 -0.03043013 0.00564932 0.00004614 0.00997845 -0.00263733 
-0.01575631 0.00094467 -0.00028345 0.00068661 -0.02923062 0.00552987 -0.00019173 0.00961552 -0.00257208 
-0.01605059 0.00134817 -0.00011966 0.00129759 -0.02871321 0.00531906 -0.00037921 0.00942839 -0.00248250 
-0.01701691 0.00148831 -0.00004240 0.00165809 -0.02869089 0.00495469 -0.00058822 0.00950276 -0.00242489 
-0.01832134 0.00152128 0.00021553 0.00181033 -0.02982357 0.00486163 -0.00081900 0.00978520 -0.00244103 
-0.01988683 0.00143292 0.00045831 0.00191179 -0.03191869 0.00498040 -0.00090332 0.01030645 -0.00260820 
-0.02204684 0.00124466 0.00075805 0.00169482 -0.03545718 0.00491290 -0.00102962 0.01128315 -0.00278346 
-0.02699723 0.00098458 0.00137882 0.00176278 -0.04321351 0.00767066 -0.00079650 0.01351519 -0.00461269 
-0.03452408 0.00087816 0.00217848 0.00189791 -0.05596399 0.01162255 -0.00072445 0.01707976 -0.00773887 
-0.04511223 0.00020700 0.00239439 0.00215086 -0.07505474 0.01375504 0.00002804 0.01913016 -0.00932153 
-0.05426842 -0.00058363 0.00236300 0.00084350 -0.09403434 0.01411899 0.00164689 0.01399146 -0.00746567 
-0.05667720 -0.00147329 0.00224282 -0.00172499 -0.10083335 0.00832623 0.00221918 0.00057868 -0.00517148 
-0.05376232 -0.00219587 0.00166383 -0.00413645 -0.09652507 0.00157645 0.00039371 -0.01355205 -0.00440065 
-0.04543373 -0.00282180 0.00180123 -0.00536467 -0.07909374 -0.00694058 -0.00154095 -0.02058003 -0.00635868 
-0.03460005 -0.00310378 0.00162099 -0.00422960 -0.05754480 -0.00972252 -0.00159666 -0.01841476 -0.00670643 
-0.02599845 -0.00319951 0.00096682 -0.00400743 -0.04264273 -0.00770449 -0.00130197 -0.01354233 -0.00465530 
-0.02067487 -0.00313439 0.00032095 -0.00368735 -0.03490036 -0.00492799 -0.00126919 -0.01111028 -0.00277586 
-0.01908372 -0.00314269 0.00005081 -0.00359786 -0.03251605 -0.00525239 -0.00106958 -0.01056198 -0.00267045 
-0.01788249 -0.00313511 -0.00032994 -0.00340966 -0.03063867 -0.00532111 -0.00092187 -0.00999529 -0.00254363 
-0.01702753 -0.00315767 -0.00060649 -0.00322695 -0.02995524 -0.00539550 -0.00089996 -0.00978029 -0.00252450 
-0.01607291 -0.00289905 -0.00084081 -0.00281311 -0.02995795 -0.00538272 -0.00075945 -0.00971790 -0.00249504 
-0.01574872 -0.00236611 -0.00077006 -0.00208683 -0.03051787 -0.00539896 -0.00048829 -0.00983940 -0.00252573 
-0.01548279 -0.00172920 -0.00065410 -0.00131878 -0.03072156 -0.00534796 -0.00000497 -0.00991280 -0.00255747 
-0.01579691 -0.00104059 -0.00059895 -0.00048190 -0.03116130 -0.00523501 0.00034649 -0.01008179 -0.00259294 
-0.01660283 -0.00051309 -0.00048714 0.00016463 -0.03203093 -0.00503666 0.00077789 -0.01026707 -0.00261209 
-0.01798762 -0.00022126 -0.00060827 0.00063094 -0.03389386 -0.00518094 0.00109013 -0.01065020 -0.00284142 
-0.01981738 0.00009552 -0.00088071 0.00094899 -0.03642712 -0.00524189 0.00123941 -0.01115402 -0.00308396 
-0.02461294 0.00014243 -0.00148016 0.00138848 -0.04276619 -0.00821337 0.00114007 -0.01270660 -0.00500043 
-0.03248594 -0.00007340 -0.00249567 0.00173101 -0.05293397 -0.01451626 0.00104298 -0.01498409 -0.00919547 
-0.04319602 -0.00131400 -0.00221464 0.00129263 -0.06905924 -0.01985142 -0.00022656 -0.01636627 -0.01180551 
-0.05195291 -0.00273545 -0.00153492 -0.00229260 -0.08819383 -0.01778696 -0.00222007 -0.01292797 -0.00861843 
-0.05524732 -0.00404741 -0.00125315 -0.00696958 -0.09867955 -0.00957047 -0.00164189 -0.00226616 -0.00556816 
-0.05315221 -0.00462704 -0.00197827 -0.00957978 -0.09908131 -0.00279449 0.00126780 0.01211010 -0.00450362 
-0.04592374 -0.00498005 -0.00250928 -0.00811362 -0.08601679 0.00438797 0.00250693 0.02194152 -0.00602841 
-0.03548634 -0.00467058 -0.00187706 -0.00589985 -0.06626284 0.00820756 0.00219035 0.02251391 -0.00678431 
-0.02597759 -0.00352069 -0.00072388 -0.00467206 -0.04954159 0.00775286 0.00171242 0.01701121 -0.00540668 
-0.02050531 -0.00237101 0.00004976 -0.00341561 -0.04027874 0.00506215 0.00143826 0.01336479 -0.00318547 
-0.01828443 -0.00159781 0.00019482 -0.00245493 -0.03635209 0.00540805 0.00097376 0.01217335 -0.00297095 
-0.01616192 -0.00065168 0.00023815 -0.00130840 -0.03206690 0.00524445 0.00053217 0.01090561 -0.00268682 
-0.01550496 0.00020898 0.00019505 -0.00022072 -0.02941363 0.00524212 0.00016338 0.01004145 -0.00258763 
-0.01501198 0.00086281 0.00020202 0.00058259 -0.02706966 0.00477441 -0.00018423 0.00933557 -0.00234452 
-0.01495847 0.00116171 0.00024001 0.00104976 -0.02543638 0.00444065 -0.00043293 0.00876968 -0.00217867 
-0.01527239 0.00141405 0.00025679 0.00139356 -0.02447626 0.00405928 -0.00073451 0.00851529 -0.00201909 
-0.01622473 0.00148811 0.00039599 0.00154507 -0.02419470 0.00392891 -0.00096553 0.00833917 -0.00195604 
-0.01773672 0.00133637 0.00070477 0.00135451 -0.02521574 0.00389492 -0.00106988 0.00871624 -0.00196080 
-0.01928886 0.00108560 0.00109583 0.00113390 -0.02733936 0.00450929 -0.00103130 0.00916047 -0.00209650 
-0.02073072 0.00085862 0.00157425 0.00076757 -0.03017182 0.00479989 -0.00075580 0.01006622 -0.00230137 
-0.02376048 0.00049560 0.00240879 0.00051103 -0.03629130 0.00769694 -0.00041516 0.01170638 -0.00381868 
-0.03053306 -0.00026740 0.00369593 -0.00015354 -0.04772280 0.01267594 0.00007242 0.01492834 -0.00711113 
-0.04088348 -0.00120872 0.00495719 -0.00123251 -0.06509472 0.01949916 0.00129616 0.01721055 -0.01028422 
-0.04973826 -0.00271730 0.00517939 -0.00310433 -0.08393422 0.02632914 0.00241370 0.01360445 -0.00944054 
-0.05293296 -0.00438890 0.00512495 -0.00616522 -0.09524491 0.02484466 0.00178204 0.00239982 -0.00534215 
-0.05217977 -0.00590310 0.00483413 -0.00868117 -0.09894964 0.01939365 -0.00031701 -0.01383950 -0.00118805 
-0.04546310 -0.00667585 0.00366461 -0.00802953 -0.08772143 0.00880942 -0.00220870 -0.02602348 -0.00046919 
-0.03507128 -0.00629528 0.00168888 -0.00640300 -0.06457570 -0.00372644 -0.00227275 -0.02534272 -0.00414818 
-0.02551684 -0.00497820 0.00010772 -0.00527626 -0.04511433 -0.00647219 -0.00195402 -0.01712295 -0.00458566 
-0.01976913 -0.00387501 -0.00093469 -0.00432616 -0.03433830 -0.00460962 -0.00168706 -0.01205558 -0.00282992 
-0.01809152 -0.00365859 -0.00146588 -0.00398021 -0.03142351 -0.00494461 -0.00149654 -0.01079588 -0.00261450 
-0.01633063 -0.00313616 -0.00179357 -0.00335998 -0.02878305 -0.00487102 -0.00116599 -0.00992902 -0.00245274 
-0.01541965 -0.00239055 -0.00169407 -0.00246135 -0.02793889 -0.00502779 -0.00077725 -0.00953334 -0.00243045 
-0.01490413 -0.00153395 -0.00160520 -0.00153266 -0.02680268 -0.00490810 -0.00036093 -0.00933289 -0.00240044 
-0.01462601 -0.00079401 -0.00148420 -0.00073956 -0.02549996 -0.00473441 0.00006534 -0.00891099 -0.00233091 
-0.01467931 -0.00026324 -0.00144327 -0.00014574 -0.02462043 -0.00451132 0.00042610 -0.00881595 -0.00224855 
-0.01508593 0.00023208 -0.00143051 0.00036112 -0.02406088 -0.00432600 0.00082651 -0.00852184 -0.00214716 
-0.01616522 0.00060829 -0.00161779 0.00066293 -0.02416153 -0.00423619 0.00105446 -0.00845973 -0.00212989 
-0.01756791 0.00062210 -0.00191226 0.00062904 -0.02478206 -0.00448245 0.00110143 -0.00825732 -0.00221138 
-0.01952986 -0.00008778 -0.00255527 -0.00024367 -0.02679331 -0.00504887 0.00078144 -0.00855900 -0.00257481 
-0.02223078 -0.00144279 -0.00352407 -0.00168047 -0.03135152 -0.00761285 0.00029361 -0.00938168 -0.00376517 
-0.02705226 -0.00297494 -0.00459841 -0.00348814 -0.04072297 -0.01159712 -0.00071080 -0.01192102 -0.00623415 
-0.03579614 -0.00432767 -0.00549369 -0.00530152 -0.05736604 -0.01799572 -0.00233499 -0.01498701 -0.00909369 
-0.04279782 -0.00533968 -0.00643954 -0.00709727 -0.07657311 -0.02617967 -0.00355656 -0.01315021 -0.00928296 
-0.04575723 -0.00676124 -0.00691114 -0.00889301 -0.09055947 -0.02563657 -0.00294405 -0.00387765 -0.00545689 
-0.04580943 -0.00791503 -0.00642353 -0.00765916 -0.09965524 -0.02503369 -0.00196668 0.01236732 -0.00049090 
-0.04273503 -0.00764808 -0.00440188 -0.00550851 -0.09813970 -0.01634091 -0.00178507 0.02954041 0.00244051 
-0.03481714 -0.00576165 -0.00171666 -0.00438954 -0.07784248 -0.00176102 -0.00041626 0.03474754 -0.00150235 
-0.02380673 -0.00303471 0.00028256 -0.00310431 -0.05227421 0.00487262 0.00070948 0.02496367 -0.00458320 
-0.01646162 -0.00068661 0.00119487 -0.00140799 -0.03486553 0.00446671 0.00104973 0.01551157 -0.00344017 
-0.01354399 0.00050948 0.00137637 -0.00029657 -0.02739528 0.00374044 0.00054229 0.01191543 -0.00250116 
-0.01262422 0.00140724 0.00142274 0.00061899 -0.02227574 0.00312465 0.00022275 0.01003875 -0.00210628 
-0.01270039 0.00186898 0.00135350 0.00103219 -0.01946723 0.00280202 -0.00023499 0.00900615 -0.00189568 
-0.01331232 0.00208729 0.00146426 0.00118537 -0.01738611 0.00252043 -0.00058227 0.00824017 -0.00171875 
-0.01402849 0.00216748 0.00167797 0.00117909 -0.01611133 0.00226507 -0.00089234 0.00769848 -0.00157527 
-0.01464327 0.00195896 0.00200578 0.00084112 -0.01523950 0.00213625 -0.00109531 0.00729005 -0.00145190 
-0.01506193 0.00168090 0.00244146 0.00045145 -0.01495851 0.00220400 -0.00118626 0.00697806 -0.00137249 
-0.01552621 0.00129621 0.00311681 -0.00009869 -0.01542534 0.00265093 -0.00110600 0.00685036 -0.00144360 
-0.01557726 0.00061287 0.00342985 -0.00082450 -0.01607163 0.00306175 -0.00101594 0.00672134 -0.00146925 
-0.01602379 -0.00014526 0.00407942 -0.00166896 -0.01753059 0.00408368 -0.00074377 0.00675871 -0.00175581 
-0.01714042 -0.00103812 0.00496981 -0.00272144 -0.02063899 0.00607657 -0.00043933 0.00727436 -0.00247576 
-0.01994041 -0.00189349 0.00624160 -0.00357098 -0.02648773 0.00985976 0.00027357 0.00857829 -0.00425692 
-0.02537508 -0.00266738 0.00774712 -0.00392598 -0.03662347 0.01813703 0.00110517 0.01053098 -0.00772822 
-0.03103879 -0.00366185 0.00896423 -0.00313004 -0.04864426 0.02933729 0.00179613 0.01014424 -0.00920534 
-0.03331719 -0.00513653 0.00928315 -0.00238776 -0.05918398 0.03430192 0.00246735 0.00612093 -0.00611112 
-0.03373708 -0.00670421 0.00836528 -0.00170483 -0.06788865 0.03431637 0.00304657 -0.00285933 -0.00015385 
-0.03113290 -0.00721059 0.00613180 -0.00159669 -0.06781863 0.02570788 0.00315768 -0.01293473 0.00420497 
-0.02347628 -0.00599039 0.00294761 -0.00299772 -0.05077378 0.01007942 0.00173237 -0.01474178 0.00176397 
-0.01577274 -0.00426145 0.00080540 -0.00324159 -0.03189953 0.00312119 0.00064561 -0.00801059 -0.00057090 
-0.01268580 -0.00257662 -0.00019887 -0.00205565 -0.02440425 0.00232881 0.00046961 -0.00479075 -0.00046672 
-0.01187972 -0.00121343 -0.00066998 -0.00073273 -0.02193066 0.00164514 0.00080316 -0.00426139 -0.00049328 
-0.01192777 -0.00003890 -0.00085321 0.00039073 -0.02025161 0.00115507 0.00119593 -0.00390311 -0.00055125 
-0.01275558 0.00081957 -0.00097464 0.00123938 -0.01894734 0.00078239 0.00167440 -0.00362000 -0.00057240 
-0.01395449 0.00132952 -0.00102107 0.00173035 -0.01782943 0.00049992 0.00208827 -0.00327537 -0.00056635 
-0.01495404 0.00156581 -0.00106387 0.00194554 -0.01655400 0.00025566 0.00234774 -0.00278352 -0.00056531 
-0.01556159 0.00152331 -0.00115134 0.00185578 -0.01531156 0.00007333 0.00231085 -0.00217167 -0.00056432 
-0.01616629 0.00120133 -0.00118282 0.00149535 -0.01423220 -0.00002802 0.00219709 -0.00168152 -0.00055650 
-0.01678945 0.00050243 -0.00121857 0.00072099 -0.01380061 -0.00015301 0.00197678 -0.00123846 -0.00059172 
-0.01669969 -0.00038984 -0.00119001 -0.00026536 -0.01365568 -0.00039420 0.00165169 -0.00094968 -0.00062100 
-0.01610564 -0.00121046 -0.00111462 -0.00116495 -0.01407327 -0.00053747 0.00127187 -0.00073660 -0.00064764 
-0.01528684 -0.00169948 -0.00111014 -0.00174133 -0.01472079 -0.00058632 0.00083574 -0.00062656 -0.00066283 
-0.01462130 -0.00183474 -0.00114712 -0.00193797 -0.01562068 -0.00064626 0.00047369 -0.00063582 -0.00067039 
-0.01373940 -0.00171769 -0.00107459 -0.00186957 -0.01633554 -0.00070324 0.00019893 -0.00070597 -0.00066190 
-0.01284514 -0.00128680 -0.00101293 -0.00148494 -0.01690807 -0.00073449 0.00001316 -0.00082836 -0.00065177 
-0.01215235 -0.00055419 -0.00096571 -0.00079906 -0.01734561 -0.00073444 -0.00010743 -0.00097300 -0.00066081 
-0.01181857 0.00033843 -0.00092992 0.00005867 -0.01734021 -0.00068782 -0.00016671 -0.00108968 -0.00065529 
-0.01189821 0.00123564 -0.00086318 0.00092902 -0.01685668 -0.00059441 -0.00021762 -0.00113826 -0.00064909 
-0.01221496 0.00200508 -0.00077159 0.00167819 -0.01591395 -0.00050542 -0.00019984 -0.00116484 -0.00063827 
-0.01267156 0.00240926 -0.00077423 0.00208716 -0.01473813 -0.00045518 -0.00022189 -0.00117894 -0.00062388 
-0.01310945 0.00244207 -0.00078850 0.00214840 -0.01340705 -0.00044172 -0.00015261 -0.00113206 -0.00060322 
-0.01390623 0.00227600 -0.00074744 0.00202093 -0.01239266 -0.00049346 -0.00007021 -0.00109337 -0.00058173 
-0.01484422 0.00194263 -0.00072730 0.00174479 -0.01173987 -0.00058401 -0.00006740 -0.00108667 -0.00056820 
-0.01584530 0.00149833 -0.00063477 0.00135646 -0.01143167 -0.00065851 -0.00004950 -0.00106636 -0.00056175 
-0.01658938 0.00092401 -0.00047141 0.00081380 -0.01127669 -0.00070310 0.00001163 -0.00101467 -0.00054990 
-0.01685876 0.00035873 -0.00032920 0.00029982 -0.01135414 -0.00070857 0.00001464 -0.00097308 -0.00054014 
-0.01668157 -0.00008785 -0.00033841 -0.00008783 -0.01144090 -0.00067804 -0.00007045 -0.00089909 -0.00054512 
-0.01642069 -0.00062008 -0.00028648 -0.00058232 -0.01142146 -0.00066672 -0.00014361 -0.00091560 -0.00056715 
-0.01601331 -0.00121519 -0.00020468 -0.00117097 -0.01185611 -0.00060970 -0.00018065 -0.00089990 -0.00057413 
-0.01543354 -0.00165884 -0.00022610 -0.00159735 -0.01237890 -0.00053292 -0.00024810 -0.00088127 -0.00056555 
-0.01488732 -0.00200526 -0.00020429 -0.00192296 -0.01278996 -0.00048622 -0.00028397 -0.00090868 -0.00055671 
-0.01411860 -0.00222513 -0.00020683 -0.00213462 -0.01322067 -0.00049701 -0.00029142 -0.00096676 -0.00056439 
-0.01319373 -0.00228762 -0.00019222 -0.00217700 -0.01355130 -0.00050401 -0.00024861 -0.00100100 -0.00056019 
-0.01238440 -0.00219814 -0.00025572 -0.00205090 -0.01397251 -0.00056182 -0.00024881 -0.00102701 -0.00056701 
-0.01159820 -0.00189806 -0.00032560 -0.00174953 -0.01450491 -0.00068586 -0.00021788 -0.00111847 -0.00056010 
-0.01073940 -0.00142125 -0.00031972 -0.00126897 -0.01474801 -0.00083280 -0.00015662 -0.00121845 -0.00054094 
-0.01079350 -0.00098707 -0.00031456 -0.00080849 -0.01537282 -0.00096714 -0.00009961 -0.00131808 -0.00055596 
-0.01099259 -0.00052712 -0.00021340 -0.00033286 -0.01586633 -0.00103444 -0.00002129 -0.00134508 -0.00057068 
-0.01057876 0.00007866 -0.00019445 0.00027140 -0.01547305 -0.00102160 -0.00000995 -0.00126027 -0.00055609 
-0.01012155 0.00065641 -0.00013082 0.00087522 -0.01457878 -0.00095452 -0.00002684 -0.00112908 -0.00052362 
-0.00998501 0.00106266 -0.00008602 0.00128132 -0.01333301 -0.00085481 -0.00006334 -0.00103080 -0.00048278 
-0.00964607 0.00103979 -0.00006381 0.00129243 -0.01156586 -0.00071627 -0.00016138 -0.00090132 -0.00041753 
-0.00875830 0.00077069 -0.00004302 0.00103063 -0.00948096 -0.00055393 -0.00022279 -0.00081308 -0.00031472 
-0.00679312 0.00038176 -0.00004978 0.00067635 -0.00685442 -0.00042346 -0.00031329 -0.00059842 -0.00017396 
-0.00333282 -0.00015205 -0.00007302 -0.00000146 -0.00308495 -0.00023281 -0.00032012 -0.00024384 -0.00003364 
