-0.00216818 0.00013852 -0.00003924 0.00002595 -0.00187844 0.00015070 -0.00028030 0.00018618 -0.00003190 
-0.00499979 -0.00034455 -0.00006801 -0.00051299 -0.00438735 0.00021384 -0.00034636 0.00040444 -0.00014885 
-0.00638456 -0.00077795 -0.00008928 -0.00089653 -0.00594505 0.00026515 -0.00027637 0.00039276 -0.00022762 
-0.00702557 -0.00107102 -0.00003794 -0.00117471 -0.00717378 0.00025165 -0.00020413 0.00036196 -0.00026553 
-0.00710321 -0.00116751 -0.00002587 -0.00124520 -0.00796759 0.00030796 -0.00007234 0.00040604 -0.00027973 
-0.00690640 -0.00112175 -0.00003964 -0.00120157 -0.00862923 0.00040474 -0.00005200 0.00052397 -0.00028945 
-0.00655838 -0.00081831 -0.00006380 -0.00090321 -0.00919740 0.00049230 0.00001263 0.00063296 -0.00028974 
-0.00621398 -0.00030717 -0.00008004 -0.00039889 -0.00931552 0.00049636 -0.00002899 0.00069775 -0.00028350 
-0.00602348 0.00017320 -0.00012618 0.00009516 -0.00907731 0.00048288 -0.00008195 0.00069387 -0.00026853 
-0.00613411 0.00057641 -0.00013107 0.00050906 -0.00902609 0.00046542 -0.00014676 0.00071759 -0.00026959 
-0.00628361 0.00097977 -0.00015617 0.00091502 -0.00899060 0.00044664 -0.00016724 0.00073019 -0.00025637 
-0.00667231 0.00135802 -0.00019376 0.00128578 -0.00884995 0.00039277 -0.00024011 0.00071465 -0.00025685 
-0.00723500 0.00155306 -0.00023246 0.00148131 -0.00856258 0.00031981 -0.00027910 0.00065144 -0.00025033 
-0.00772305 0.00154061 -0.00025389 0.00148901 -0.00816315 0.00025501 -0.00030212 0.00058716 -0.00024927 
-0.00793464 0.00148006 -0.00020925 0.00144552 -0.00751278 0.00023666 -0.00022881 0.00055468 -0.00023231 
-0.00822610 0.00134213 -0.00006621 0.00132999 -0.00694541 0.00026848 -0.00012291 0.00057655 -0.00022814 
-0.00900513 0.00108706 -0.00003571 0.00110214 -0.00687795 0.00029242 -0.00006557 0.00059034 -0.00025242 
-0.00944324 0.00084512 -0.00004969 0.00086516 -0.00667244 0.00030329 -0.00003409 0.00059136 -0.00024636 
-0.00962843 0.00055258 -0.00002192 0.00057098 -0.00645675 0.00034303 0.00002742 0.00060853 -0.00024150 
-0.00981240 0.00020825 -0.00006895 0.00023296 -0.00646005 0.00036477 0.00005911 0.00060408 -0.00025507 
-0.00960034 -0.00015344 -0.00008236 -0.00011756 -0.00637658 0.00034833 0.00013036 0.00060414 -0.00027045 
-0.00922301 -0.00057783 -0.00016335 -0.00052556 -0.00628554 0.00034988 0.00014722 0.00066012 -0.00027815 
-0.00898459 -0.00099002 -0.00022701 -0.00092538 -0.00658409 0.00031046 0.00013332 0.00068045 -0.00029920 
-0.00878856 -0.00133035 -0.00028318 -0.00124779 -0.00704823 0.00025518 0.00014650 0.00068541 -0.00030506 
-0.00865060 -0.00158229 -0.00035387 -0.00147197 -0.00758250 0.00022423 0.00010484 0.00077551 -0.00030753 
-0.00827608 -0.00172834 -0.00036600 -0.00160259 -0.00813243 0.00021120 0.00007969 0.00081934 -0.00029741 
-0.00779488 -0.00171864 -0.00035959 -0.00157050 -0.00880456 0.00022344 0.00008073 0.00085858 -0.00028986 
-0.00755983 -0.00146622 -0.00037634 -0.00131399 -0.00966918 0.00023046 0.00003234 0.00088167 -0.00029539 
-0.00718023 -0.00105691 -0.00038194 -0.00090765 -0.01002222 0.00020685 -0.00004392 0.00084836 -0.00028893 
-0.00685857 -0.00064361 -0.00033910 -0.00048120 -0.01006224 0.00016455 -0.00006008 0.00075652 -0.00027550 
-0.00665403 -0.00018665 -0.00030823 -0.00001396 -0.00998128 0.00013652 -0.00007319 0.00065862 -0.00027369 
-0.00659313 0.00024761 -0.00029922 0.00042406 -0.00973540 0.00011674 -0.00006805 0.00057234 -0.00027669 
-0.00681271 0.00075037 -0.00026222 0.00092317 -0.00951838 0.00017169 -0.00001850 0.00052244 -0.00028507 
-0.00737803 0.00117833 -0.00026276 0.00132866 -0.00910718 0.00020298 0.00004277 0.00046263 -0.00030288 
-0.00808966 0.00124992 -0.00028534 0.00137130 -0.00861228 0.00018651 0.00016871 0.00038630 -0.00031852 
-0.00857297 0.00106607 -0.00029829 0.00114438 -0.00799023 0.00016126 0.00036724 0.00037015 -0.00031484 
-0.00903620 0.00070126 -0.00031628 0.00073914 -0.00761576 0.00017380 0.00056334 0.00044003 -0.00031043 
-0.00956928 0.00024441 -0.00033855 0.00024546 -0.00772307 0.00020414 0.00071799 0.00055199 -0.00031920 
-0.00962434 -0.00026338 -0.00033216 -0.00030349 -0.00761908 0.00018305 0.00095196 0.00067818 -0.00031477 
-0.00939714 -0.00084618 -0.00032538 -0.00095095 -0.00787119 0.00020343 0.00114723 0.00091359 -0.00033069 
-0.00886849 -0.00129360 -0.00033782 -0.00145923 -0.00861704 0.00024358 0.00130231 0.00121257 -0.00034909 
-0.00814937 -0.00152813 -0.00038095 -0.00175442 -0.00966562 0.00027773 0.00131253 0.00155297 -0.00037555 
-0.00743155 -0.00144268 -0.00046027 -0.00173277 -0.01098406 0.00030636 0.00121949 0.00194155 -0.00040062 
-0.00695765 -0.00093240 -0.00044915 -0.00131544 -0.01266350 0.00021254 0.00113246 0.00233365 -0.00042697 
-0.00673946 -0.00025957 -0.00042436 -0.00075934 -0.01457375 0.00004577 0.00106684 0.00278649 -0.00043336 
-0.00736056 0.00080368 -0.00032043 0.00005118 -0.01846207 -0.00019546 0.00121110 0.00400598 -0.00051419 
-0.01144294 0.00188670 0.00039431 0.00022930 -0.02931715 -0.00184740 0.00228996 0.00711125 -0.00032919 
-0.01641319 0.00295478 0.00165151 0.00020486 -0.04082455 -0.00670345 0.00303495 0.00683034 0.00024162 
-0.01854559 0.00361891 0.00256120 0.00088789 -0.04430404 -0.01010720 0.00319446 0.00229632 -0.00066627 
-0.01889556 0.00371049 0.00303142 0.00187027 -0.04238156 -0.01060289 0.00303551 -0.00252109 -0.00200352 
-0.01788477 0.00333481 0.00320306 0.00271903 -0.03729525 -0.00941030 0.00270073 -0.00575435 -0.00282986 
-0.01483270 0.00314763 0.00276280 0.00346985 -0.02882314 -0.00708120 0.00218899 -0.00709079 -0.00280237 
-0.01097086 0.00301164 0.00225310 0.00343267 -0.01953008 -0.00466198 0.00119962 -0.00533463 -0.00179015 
-0.00912248 0.00259668 0.00183702 0.00293141 -0.01366769 -0.00315401 0.00046478 -0.00377231 -0.00106147 
-0.00848523 0.00210470 0.00154610 0.00243782 -0.01041564 -0.00223956 -0.00001246 -0.00316938 -0.00075567 
-0.00830494 0.00151271 0.00138631 0.00180756 -0.00850512 -0.00168122 -0.00035102 -0.00286892 -0.00058772 
-0.00812606 0.00104657 0.00120692 0.00134345 -0.00742038 -0.00132241 -0.00063066 -0.00283626 -0.00052987 
-0.00817418 0.00062955 0.00105938 0.00094284 -0.00689369 -0.00118774 -0.00085294 -0.00288453 -0.00052807 
-0.00818127 0.00010054 0.00086431 0.00041307 -0.00661096 -0.00112335 -0.00107108 -0.00306920 -0.00057754 
-0.00774734 -0.00053258 0.00062057 -0.00023287 -0.00649764 -0.00108584 -0.00123141 -0.00323802 -0.00062378 
-0.00746298 -0.00110937 0.00049831 -0.00081322 -0.00725842 -0.00119552 -0.00132564 -0.00368686 -0.00071807 
-0.00731304 -0.00150305 0.00039070 -0.00124423 -0.00867795 -0.00136289 -0.00141046 -0.00420657 -0.00083639 
-0.00685138 -0.00179550 0.00037924 -0.00155700 -0.01019954 -0.00155862 -0.00137618 -0.00486406 -0.00098025 
-0.00667861 -0.00197359 0.00039335 -0.00173858 -0.01322443 -0.00184350 -0.00130553 -0.00589966 -0.00117201 
-0.00736478 -0.00172611 0.00037558 -0.00162686 -0.01829002 -0.00222479 -0.00118957 -0.00802539 -0.00156784 
-0.01108776 -0.00078314 0.00010114 -0.00110013 -0.02971240 -0.00325125 -0.00171151 -0.01324020 -0.00263556 
-0.01767298 0.00095243 -0.00087295 -0.00075736 -0.04723563 -0.00114242 -0.00267774 -0.01988471 -0.00194924 
-0.02335361 0.00249201 -0.00228954 -0.00035695 -0.06273290 0.00465172 -0.00370541 -0.01840337 -0.00030198 
-0.02513425 0.00299311 -0.00324249 0.00142587 -0.06557130 0.00732851 -0.00359023 -0.00780314 -0.00130707 
-0.02455324 0.00316508 -0.00346432 0.00351606 -0.06142634 0.00651621 -0.00390751 0.00091634 -0.00239197 
-0.02260783 0.00326425 -0.00347657 0.00471124 -0.05350009 0.00614639 -0.00420918 0.00670944 -0.00288733 
-0.01812188 0.00336857 -0.00272973 0.00494029 -0.04016567 0.00501086 -0.00355344 0.00871271 -0.00264126 
-0.01385572 0.00335494 -0.00212543 0.00400445 -0.02711725 0.00409215 -0.00173117 0.00603832 -0.00200418 
-0.01138728 0.00252406 -0.00159835 0.00284807 -0.01854826 0.00256765 -0.00044027 0.00408846 -0.00119825 
-0.01053934 0.00151855 -0.00133622 0.00169744 -0.01469489 0.00185929 0.00031714 0.00338093 -0.00088364 
-0.01047381 0.00058678 -0.00120653 0.00070951 -0.01292061 0.00162522 0.00080081 0.00341923 -0.00079990 
-0.01013250 -0.00013275 -0.00099209 -0.00005800 -0.01213142 0.00150243 0.00122892 0.00352664 -0.00075052 
-0.00951407 -0.00073640 -0.00079791 -0.00069685 -0.01180291 0.00142980 0.00143428 0.00385067 -0.00078244 
-0.00892323 -0.00103152 -0.00072369 -0.00101181 -0.01214510 0.00150104 0.00143668 0.00416154 -0.00085256 
-0.00815960 -0.00088449 -0.00068618 -0.00091049 -0.01276261 0.00163166 0.00120102 0.00453951 -0.00094510 
-0.00742607 -0.00044895 -0.00066159 -0.00050163 -0.01329685 0.00172933 0.00094516 0.00483693 -0.00102555 
-0.00701515 0.00021450 -0.00069485 0.00016041 -0.01402598 0.00182726 0.00060315 0.00517393 -0.00110770 
-0.00687737 0.00082519 -0.00075588 0.00079332 -0.01464751 0.00193674 0.00019447 0.00542792 -0.00115154 
-0.00742525 0.00143168 -0.00069311 0.00143847 -0.01636833 0.00205718 -0.00010847 0.00593116 -0.00125582 
-0.00844767 0.00186679 -0.00060111 0.00192356 -0.01816116 0.00197290 -0.00039413 0.00660562 -0.00138393 
-0.01158842 0.00260067 -0.00015557 0.00262267 -0.02494957 0.00289678 -0.00050526 0.00933440 -0.00211832 
-0.01773306 0.00372089 0.00096594 0.00320563 -0.03770695 0.00270855 -0.00007506 0.01438302 -0.00256187 
-0.02398121 0.00434524 0.00250754 0.00372877 -0.05088361 -0.00084303 -0.00000938 0.01469896 -0.00158571 
-0.02709549 0.00403423 0.00357860 0.00458636 -0.05714417 -0.00420744 0.00068445 0.00768350 -0.00146518 
-0.02641086 0.00322056 0.00358471 0.00454485 -0.05530137 -0.00545431 0.00141980 -0.00015864 -0.00198289 
-0.02497436 0.00225889 0.00334499 0.00372792 -0.05029050 -0.00631922 0.00202798 -0.00623448 -0.00260849 
-0.02017028 0.00136308 0.00273217 0.00237124 -0.03868619 -0.00547890 0.00128711 -0.00871959 -0.00283138 
-0.01489313 0.00065280 0.00203639 0.00112286 -0.02675454 -0.00421609 -0.00004007 -0.00708546 -0.00202261 
-0.01179775 0.00022145 0.00138682 0.00043569 -0.01904184 -0.00230433 -0.00095507 -0.00524719 -0.00097820 
-0.01034918 -0.00013858 0.00099472 0.00000972 -0.01496210 -0.00147339 -0.00123147 -0.00452539 -0.00065037 
-0.00977806 -0.00047306 0.00082337 -0.00039169 -0.01317326 -0.00126472 -0.00140343 -0.00423183 -0.00062769 
-0.00919095 -0.00080383 0.00059134 -0.00074542 -0.01209684 -0.00104755 -0.00146015 -0.00412720 -0.00061324 
-0.00857651 -0.00114033 0.00042000 -0.00109409 -0.01165761 -0.00104587 -0.00145056 -0.00413802 -0.00066761 
-0.00808411 -0.00132836 0.00029082 -0.00125116 -0.01196296 -0.00115290 -0.00137739 -0.00441275 -0.00072110 
-0.00794454 -0.00140126 0.00025400 -0.00131202 -0.01272722 -0.00131556 -0.00123727 -0.00461600 -0.00080734 
-0.00782102 -0.00133180 0.00019664 -0.00120157 -0.01379975 -0.00147334 -0.00109995 -0.00497115 -0.00087971 
-0.00742940 -0.00116613 0.00013054 -0.00102252 -0.01513483 -0.00157690 -0.00088572 -0.00540147 -0.00095008 
-0.00708046 -0.00069716 0.00016753 -0.00050955 -0.01689991 -0.00163388 -0.00059115 -0.00597439 -0.00099604 
-0.00754329 0.00000970 0.00015287 0.00027020 -0.01943550 -0.00168321 -0.00028022 -0.00661524 -0.00110074 
-0.00836416 0.00071079 0.00003077 0.00102961 -0.02182037 -0.00153621 0.00000238 -0.00751555 -0.00122431 
-0.01048232 0.00138643 -0.00022899 0.00179392 -0.02694676 -0.00235183 0.00048426 -0.00911880 -0.00183858 
-0.01524385 0.00218628 -0.00098460 0.00238771 -0.03714908 -0.00276558 0.00038145 -0.01268307 -0.00261728 
-0.02080329 0.00297032 -0.00202587 0.00333346 -0.04891357 -0.00201969 0.00033367 -0.01305822 -0.00273205 
-0.02399794 0.00304462 -0.00269841 0.00480038 -0.05518852 -0.00163701 -0.00027967 -0.00679468 -0.00249079 
-0.02478151 0.00264711 -0.00268028 0.00517344 -0.05514211 -0.00060916 -0.00144391 0.00026879 -0.00209061 
-0.02437670 0.00199825 -0.00224444 0.00411081 -0.05067883 0.00174179 -0.00237780 0.00568057 -0.00208960 
-0.02063001 0.00108074 -0.00179195 0.00184544 -0.03992262 0.00393751 -0.00137821 0.00806562 -0.00256270 
-0.01537039 0.00012646 -0.00133490 0.00005993 -0.02793538 0.00404667 0.00023939 0.00658837 -0.00226066 
-0.01186268 -0.00041267 -0.00085430 -0.00056613 -0.02085813 0.00241902 0.00119549 0.00524289 -0.00127658 
-0.01032217 -0.00077086 -0.00044609 -0.00094644 -0.01771187 0.00143124 0.00164310 0.00470381 -0.00088362 
-0.00970057 -0.00098424 -0.00034137 -0.00119493 -0.01670318 0.00136736 0.00183270 0.00476966 -0.00083969 
-0.00892389 -0.00099809 -0.00028697 -0.00119144 -0.01590532 0.00129429 0.00172096 0.00493274 -0.00084426 
-0.00830499 -0.00080823 -0.00029152 -0.00097612 -0.01579937 0.00139354 0.00149340 0.00506921 -0.00089442 
-0.00810579 -0.00039254 -0.00030317 -0.00052676 -0.01589842 0.00153374 0.00105175 0.00529346 -0.00096103 
-0.00771795 0.00018698 -0.00034844 0.00009045 -0.01568223 0.00158013 0.00065622 0.00534886 -0.00096521 
-0.00778540 0.00085505 -0.00033242 0.00078453 -0.01560834 0.00164628 0.00032443 0.00536615 -0.00096157 
-0.00822541 0.00135346 -0.00027930 0.00132854 -0.01557594 0.00158871 0.00007639 0.00542309 -0.00094806 
-0.00843196 0.00151872 -0.00020359 0.00156039 -0.01542786 0.00149268 -0.00023401 0.00537177 -0.00091957 
-0.00900835 0.00167117 -0.00003606 0.00182439 -0.01631813 0.00149365 -0.00045393 0.00550526 -0.00094472 
-0.00986203 0.00180309 0.00018066 0.00200781 -0.01793720 0.00139244 -0.00075870 0.00606898 -0.00100606 
-0.01209115 0.00193371 0.00062850 0.00227242 -0.02258591 0.00231254 -0.00082520 0.00734615 -0.00159567 
-0.01623401 0.00218665 0.00126432 0.00234395 -0.03132080 0.00321101 -0.00083858 0.00974845 -0.00241973 
-0.02191849 0.00232002 0.00198480 0.00290478 -0.04306417 0.00333890 -0.00094275 0.01040959 -0.00291526 
-0.02559007 0.00185278 0.00224499 0.00323320 -0.05152994 0.00206961 -0.00007030 0.00583696 -0.00230181 
-0.02647843 0.00109137 0.00222104 0.00232499 -0.05361540 -0.00095431 0.00119802 -0.00021880 -0.00176736 
-0.02574698 0.00023481 0.00210498 0.00071280 -0.05038474 -0.00347761 0.00147093 -0.00563741 -0.00227853 
-0.02129597 -0.00037178 0.00185201 -0.00053201 -0.03972560 -0.00493981 0.00016677 -0.00859271 -0.00303984 
-0.01552015 -0.00063486 0.00145950 -0.00088320 -0.02792379 -0.00421031 -0.00073009 -0.00746071 -0.00240316 
-0.01197328 -0.00087671 0.00098053 -0.00107466 -0.02007497 -0.00214361 -0.00113244 -0.00580175 -0.00122658 
-0.01018706 -0.00116852 0.00070838 -0.00128898 -0.01621880 -0.00122124 -0.00135404 -0.00515992 -0.00082058 
-0.00917156 -0.00149577 0.00051722 -0.00163068 -0.01470602 -0.00118308 -0.00137146 -0.00487925 -0.00078332 
-0.00846810 -0.00168550 0.00032061 -0.00174809 -0.01406726 -0.00109100 -0.00128459 -0.00494144 -0.00074397 
-0.00834618 -0.00170439 0.00023595 -0.00173270 -0.01436234 -0.00120095 -0.00110132 -0.00510413 -0.00080704 
-0.00830864 -0.00167338 0.00010695 -0.00163016 -0.01493401 -0.00128355 -0.00097313 -0.00531531 -0.00083992 
-0.00798674 -0.00151372 -0.00010526 -0.00142812 -0.01559222 -0.00130512 -0.00084120 -0.00550447 -0.00086742 
-0.00764844 -0.00113052 -0.00010015 -0.00097721 -0.01655852 -0.00130640 -0.00044711 -0.00581520 -0.00086196 
-0.00781436 -0.00052143 -0.00008295 -0.00028702 -0.01767119 -0.00128986 -0.00002696 -0.00600466 -0.00091307 
-0.00832697 0.00008303 -0.00013046 0.00034132 -0.01872344 -0.00126306 0.00039666 -0.00630314 -0.00095061 
-0.00898411 0.00043331 -0.00016406 0.00081304 -0.02010252 -0.00124459 0.00090316 -0.00653575 -0.00099888 
-0.00973688 0.00076748 -0.00027278 0.00119648 -0.02182495 -0.00110656 0.00124478 -0.00677503 -0.00108488 
-0.01182059 0.00115025 -0.00068377 0.00179021 -0.02633899 -0.00224219 0.00140786 -0.00763771 -0.00172918 
-0.01553335 0.00159143 -0.00127279 0.00229067 -0.03370059 -0.00417048 0.00143783 -0.00924547 -0.00302904 
-0.02062484 0.00181584 -0.00164122 0.00305736 -0.04274120 -0.00614053 0.00119334 -0.00904422 -0.00404641 
-0.02479699 0.00142839 -0.00165751 0.00314254 -0.05033262 -0.00574723 -0.00007874 -0.00476736 -0.00313645 
-0.02649693 0.00049966 -0.00169286 0.00133861 -0.05299182 -0.00179974 -0.00150343 0.00001521 -0.00240588 
-0.02552610 -0.00060761 -0.00167885 -0.00129844 -0.05009349 0.00354084 -0.00072930 0.00456127 -0.00263578 
-0.02136367 -0.00135000 -0.00169755 -0.00206257 -0.04168680 0.00539443 0.00074408 0.00821457 -0.00344678 
-0.01578125 -0.00153212 -0.00125116 -0.00201799 -0.03156736 0.00417435 0.00149331 0.00827211 -0.00273434 
-0.01159747 -0.00161716 -0.00084814 -0.00198891 -0.02390090 0.00242061 0.00172918 0.00696041 -0.00159704 
-0.00916129 -0.00148111 -0.00056391 -0.00181117 -0.01968766 0.00133543 0.00158624 0.00621828 -0.00099700 
-0.00805463 -0.00112885 -0.00044712 -0.00143312 -0.01810594 0.00141187 0.00123287 0.00594774 -0.00092885 
-0.00750400 -0.00068520 -0.00029908 -0.00093769 -0.01697902 0.00139509 0.00088244 0.00585455 -0.00090627 
-0.00730471 -0.00013543 -0.00026135 -0.00035889 -0.01635808 0.00144407 0.00049114 0.00581060 -0.00092649 
-0.00745382 0.00044286 -0.00018210 0.00026645 -0.01566533 0.00151858 0.00009042 0.00562030 -0.00094231 
-0.00748904 0.00080493 -0.00011793 0.00068291 -0.01482029 0.00147737 -0.00018645 0.00538165 -0.00093338 
-0.00759545 0.00106285 -0.00000373 0.00101325 -0.01428207 0.00139407 -0.00044827 0.00523325 -0.00088308 
-0.00825212 0.00118159 0.00007905 0.00123759 -0.01429212 0.00127570 -0.00069223 0.00524048 -0.00087323 
-0.00885735 0.00121333 0.00022629 0.00131188 -0.01465443 0.00120046 -0.00094300 0.00530289 -0.00084120 
-0.00961069 0.00110342 0.00040456 0.00129966 -0.01572492 0.00124514 -0.00107482 0.00542496 -0.00088267 
-0.01066306 0.00094402 0.00060787 0.00109784 -0.01787820 0.00131393 -0.00117658 0.00586109 -0.00095301 
-0.01259459 0.00065716 0.00091260 0.00092193 -0.02203364 0.00218692 -0.00099471 0.00672595 -0.00145098 
-0.01578730 0.00057471 0.00135345 0.00085037 -0.02929810 0.00394180 -0.00083111 0.00827517 -0.00259335 
-0.02129949 0.00027772 0.00176243 0.00072578 -0.04062046 0.00506214 -0.00016817 0.00897833 -0.00342854 
-0.02616467 -0.00035499 0.00214713 -0.00010027 -0.05119162 0.00466158 0.00096908 0.00583905 -0.00261913 
-0.02701639 -0.00097951 0.00230345 -0.00127799 -0.05361154 0.00257564 0.00133415 0.00017375 -0.00192841 
-0.02535703 -0.00168274 0.00199821 -0.00249002 -0.05066632 -0.00006322 0.00020939 -0.00561269 -0.00209168 
-0.02129484 -0.00215466 0.00171554 -0.00290045 -0.04184161 -0.00335478 -0.00103267 -0.00989533 -0.00274854 
-0.01597693 -0.00209149 0.00129515 -0.00233956 -0.03029557 -0.00360269 -0.00121996 -0.00913093 -0.00250870 
-0.01184102 -0.00196240 0.00080860 -0.00222203 -0.02170294 -0.00229370 -0.00113306 -0.00678334 -0.00156165 
-0.00976162 -0.00197493 0.00043598 -0.00216114 -0.01781972 -0.00131984 -0.00108012 -0.00587617 -0.00102016 
-0.00917500 -0.00200157 0.00025086 -0.00215457 -0.01668810 -0.00139992 -0.00093149 -0.00564892 -0.00095439 
-0.00857728 -0.00203584 0.00004503 -0.00210109 -0.01565896 -0.00145137 -0.00068401 -0.00549372 -0.00092993 
-0.00802495 -0.00198202 -0.00012701 -0.00196896 -0.01540833 -0.00148323 -0.00054976 -0.00541619 -0.00092560 
-0.00742708 -0.00171548 -0.00025794 -0.00165007 -0.01554538 -0.00148603 -0.00026325 -0.00544189 -0.00090388 
-0.00720891 -0.00121875 -0.00023678 -0.00107854 -0.01589926 -0.00146928 0.00003771 -0.00543229 -0.00091760 
-0.00708208 -0.00065052 -0.00024876 -0.00048329 -0.01602468 -0.00147731 0.00043236 -0.00545891 -0.00092037 
-0.00720550 -0.00010761 -0.00023076 0.00012787 -0.01602606 -0.00140302 0.00080262 -0.00542060 -0.00091587 
-0.00768199 0.00030343 -0.00017791 0.00056076 -0.01630594 -0.00129444 0.00119695 -0.00534312 -0.00089623 
-0.00833516 0.00045620 -0.00027673 0.00080379 -0.01719627 -0.00133540 0.00141329 -0.00531848 -0.00093409 
-0.00907086 0.00055162 -0.00043160 0.00088354 -0.01845310 -0.00139528 0.00151494 -0.00530783 -0.00098299 
-0.01116555 0.00045821 -0.00071274 0.00091330 -0.02204004 -0.00230552 0.00136041 -0.00589224 -0.00145322 
-0.01493241 0.00016736 -0.00128684 0.00074321 -0.02874941 -0.00481236 0.00092637 -0.00686499 -0.00282382 
-0.02022299 -0.00048557 -0.00156585 0.00010929 -0.03824916 -0.00670497 -0.00029499 -0.00750536 -0.00397255 
-0.02469769 -0.00156200 -0.00178679 -0.00194659 -0.04840946 -0.00505976 -0.00139981 -0.00531789 -0.00293821 
-0.02658501 -0.00265546 -0.00197473 -0.00426509 -0.05408953 -0.00134454 -0.00097927 -0.00089717 -0.00217753 
-0.02564878 -0.00324340 -0.00209967 -0.00511582 -0.05394068 0.00087066 0.00066579 0.00529679 -0.00231311 
-0.02173627 -0.00349850 -0.00186886 -0.00422441 -0.04684756 0.00272372 0.00156678 0.01084708 -0.00283218 
-0.01607374 -0.00297035 -0.00119783 -0.00314689 -0.03603046 0.00306996 0.00155167 0.01132146 -0.00254791 
-0.01152658 -0.00214409 -0.00045009 -0.00248825 -0.02677910 0.00232923 0.00144748 0.00869341 -0.00179493 
-0.00934214 -0.00136041 -0.00005741 -0.00168874 -0.02156053 0.00129946 0.00100631 0.00722317 -0.00115492 
-0.00810465 -0.00081450 0.00004160 -0.00107303 -0.01907426 0.00144620 0.00062537 0.00659401 -0.00104788 
-0.00722824 -0.00013111 0.00005876 -0.00032022 -0.01666278 0.00146300 0.00015592 0.00606809 -0.00097403 
-0.00709692 0.00053651 0.00006005 0.00041528 -0.01492940 0.00146999 -0.00020133 0.00557051 -0.00093921 
-0.00705193 0.00100509 0.00009278 0.00092459 -0.01338387 0.00132468 -0.00053955 0.00514526 -0.00083910 
-0.00717154 0.00119367 0.00011388 0.00117511 -0.01224993 0.00119938 -0.00076547 0.00477910 -0.00076676 
-0.00748782 0.00134171 0.00012297 0.00133139 -0.01162469 0.00108034 -0.00103508 0.00462424 -0.00069436 
-0.00812730 0.00132792 0.00018644 0.00136527 -0.01147123 0.00099857 -0.00123203 0.00442171 -0.00063670 
-0.00896367 0.00110589 0.00037671 0.00109768 -0.01189327 0.00094623 -0.00131324 0.00456577 -0.00060607 
-0.00958911 0.00074877 0.00059874 0.00077665 -0.01306438 0.00119414 -0.00123124 0.00465557 -0.00060999 
-0.00988770 0.00043762 0.00084145 0.00037405 -0.01446898 0.00137417 -0.00106292 0.00499683 -0.00066424 
-0.01089834 -0.00002798 0.00115402 -0.00008069 -0.01796344 0.00222028 -0.00079943 0.00573483 -0.00100789 
-0.01430992 -0.00066242 0.00176241 -0.00077410 -0.02542867 0.00396694 -0.00022967 0.00717987 -0.00196696 
-0.02012842 -0.00129778 0.00255597 -0.00184617 -0.03732380 0.00557438 0.00085339 0.00862587 -0.00295740 
-0.02471592 -0.00234939 0.00300487 -0.00314983 -0.04813717 0.00635560 0.00169714 0.00583467 -0.00264527 
-0.02602190 -0.00342981 0.00324211 -0.00455348 -0.05262116 0.00519327 0.00126689 0.00038990 -0.00196900 
-0.02586244 -0.00435394 0.00318053 -0.00537571 -0.05350290 0.00357150 0.00012279 -0.00658971 -0.00164395 
-0.02249373 -0.00484521 0.00244587 -0.00477096 -0.04755964 0.00078723 -0.00103066 -0.01312353 -0.00161233 
-0.01701326 -0.00436727 0.00117610 -0.00400259 -0.03580657 -0.00212312 -0.00133963 -0.01316171 -0.00226801 
-0.01184823 -0.00336459 0.00017508 -0.00334695 -0.02472278 -0.00236207 -0.00134138 -0.00898898 -0.00188341 
-0.00921089 -0.00257137 -0.00033972 -0.00262634 -0.01875053 -0.00150302 -0.00096887 -0.00667262 -0.00119473 
-0.00842416 -0.00231993 -0.00064507 -0.00232665 -0.01728411 -0.00164994 -0.00071338 -0.00602401 -0.00109417 
-0.00768994 -0.00177537 -0.00077637 -0.00176636 -0.01600080 -0.00169831 -0.00034320 -0.00555444 -0.00103331 
-0.00712666 -0.00110844 -0.00068068 -0.00103227 -0.01528151 -0.00171561 0.00002076 -0.00525945 -0.00099861 
-0.00710211 -0.00039157 -0.00062408 -0.00032278 -0.01454001 -0.00168500 0.00042618 -0.00506631 -0.00096800 
-0.00718187 0.00014656 -0.00057451 0.00023448 -0.01361039 -0.00162499 0.00068625 -0.00478135 -0.00091079 
-0.00732684 0.00052550 -0.00052634 0.00064094 -0.01285768 -0.00148567 0.00097580 -0.00465172 -0.00082463 
-0.00767681 0.00073753 -0.00049603 0.00087185 -0.01219847 -0.00130121 0.00123706 -0.00430754 -0.00073553 
-0.00840685 0.00076399 -0.00059637 0.00087056 -0.01201577 -0.00118189 0.00132203 -0.00407311 -0.00067961 
-0.00914359 0.00043973 -0.00077285 0.00054675 -0.01222948 -0.00121417 0.00116034 -0.00379799 -0.00067059 
-0.00990116 -0.00032062 -0.00107946 -0.00027125 -0.01340435 -0.00147536 0.00081496 -0.00372879 -0.00078113 
-0.01070935 -0.00135087 -0.00141659 -0.00134761 -0.01633539 -0.00218348 0.00032206 -0.00400814 -0.00104916 
-0.01288004 -0.00241278 -0.00189671 -0.00261071 -0.02326367 -0.00350069 -0.00072101 -0.00530453 -0.00176704 
-0.01773342 -0.00317529 -0.00243897 -0.00403693 -0.03514878 -0.00452599 -0.00244438 -0.00748401 -0.00251909 
-0.02203456 -0.00396704 -0.00308323 -0.00537824 -0.04798010 -0.00529143 -0.00331192 -0.00592736 -0.00256585 
-0.02351347 -0.00468701 -0.00330405 -0.00588499 -0.05502976 -0.00411114 -0.00280213 -0.00095067 -0.00211639 
-0.02362096 -0.00503993 -0.00307544 -0.00480190 -0.05895357 -0.00451292 -0.00217448 0.00700474 -0.00145870 
-0.02201253 -0.00465560 -0.00221822 -0.00317021 -0.05733813 -0.00238852 -0.00162677 0.01631239 -0.00089906 
-0.01689016 -0.00324179 -0.00086066 -0.00221724 -0.04486899 0.00158638 -0.00062989 0.01850545 -0.00203265 
-0.01047457 -0.00136655 0.00014957 -0.00125850 -0.02906556 0.00310149 -0.00014334 0.01294275 -0.00250225 
-0.00685238 0.00019355 0.00054179 -0.00005245 -0.01818951 0.00203472 -0.00006461 0.00793610 -0.00147497 
-0.00615527 0.00084444 0.00056324 0.00057480 -0.01433176 0.00178639 -0.00041360 0.00649739 -0.00118582 
-0.00613473 0.00122593 0.00055924 0.00093803 -0.01109595 0.00149228 -0.00058836 0.00535139 -0.00098846 
-0.00651518 0.00133580 0.00051081 0.00102443 -0.00935846 0.00127115 -0.00083376 0.00469892 -0.00086457 
-0.00713795 0.00124016 0.00052467 0.00092739 -0.00820416 0.00110028 -0.00099914 0.00422063 -0.00076327 
-0.00792021 0.00105021 0.00059010 0.00072656 -0.00773810 0.00095782 -0.00112252 0.00389699 -0.00067479 
-0.00853505 0.00071269 0.00073177 0.00035784 -0.00742229 0.00085952 -0.00116025 0.00362739 -0.00059554 
-0.00898117 0.00029425 0.00096323 -0.00008779 -0.00750355 0.00090221 -0.00109561 0.00343425 -0.00053597 
-0.00906115 -0.00016149 0.00119003 -0.00057061 -0.00769705 0.00101764 -0.00094131 0.00331076 -0.00050706 
-0.00889161 -0.00069306 0.00130956 -0.00109203 -0.00825252 0.00113288 -0.00075192 0.00317378 -0.00049766 
-0.00907800 -0.00128193 0.00159936 -0.00170525 -0.00953348 0.00146464 -0.00041384 0.00319178 -0.00059170 
-0.00938578 -0.00191049 0.00188461 -0.00238924 -0.01189820 0.00220410 -0.00006234 0.00353350 -0.00084121 
-0.01100087 -0.00270085 0.00252068 -0.00322019 -0.01686271 0.00346538 0.00077302 0.00446921 -0.00144106 
-0.01457427 -0.00325044 0.00314075 -0.00379383 -0.02576125 0.00571061 0.00185180 0.00613703 -0.00241093 
-0.01780129 -0.00373801 0.00373956 -0.00362209 -0.03426747 0.00785731 0.00257784 0.00506157 -0.00251661 
-0.01873117 -0.00438515 0.00372883 -0.00328847 -0.03940685 0.00867732 0.00269982 0.00214276 -0.00180729 
-0.01861125 -0.00470060 0.00325350 -0.00274610 -0.04208733 0.00861938 0.00254266 -0.00253686 -0.00065868 
-0.01655427 -0.00441395 0.00231105 -0.00221259 -0.03934633 0.00591981 0.00218664 -0.00729765 0.00018479 
-0.01144915 -0.00339594 0.00079867 -0.00213164 -0.02834572 0.00183288 0.00097395 -0.00721516 -0.00038671 
-0.00742124 -0.00220369 -0.00008965 -0.00166430 -0.01819319 0.00056998 0.00047763 -0.00381693 -0.00051201 
-0.00638657 -0.00102198 -0.00030965 -0.00063388 -0.01503705 0.00042539 0.00063529 -0.00285514 -0.00039927 
-0.00622728 -0.00010377 -0.00043138 0.00021943 -0.01353084 0.00018720 0.00079620 -0.00257256 -0.00038583 
-0.00657859 0.00065535 -0.00042621 0.00091496 -0.01224477 0.00003359 0.00102462 -0.00228309 -0.00040431 
-0.00737916 0.00103966 -0.00038689 0.00126602 -0.01127035 -0.00006894 0.00127363 -0.00206000 -0.00040522 
-0.00818764 0.00120675 -0.00031465 0.00139901 -0.01037742 -0.00010933 0.00145549 -0.00174404 -0.00039527 
-0.00882001 0.00117318 -0.00026343 0.00134284 -0.00944525 -0.00012198 0.00152242 -0.00134930 -0.00037841 
-0.00920470 0.00101803 -0.00028047 0.00116735 -0.00866979 -0.00015841 0.00141312 -0.00101595 -0.00036615 
-0.00973136 0.00070600 -0.00031433 0.00083458 -0.00809555 -0.00014679 0.00126671 -0.00077233 -0.00036210 
-0.01008262 0.00019470 -0.00033969 0.00028075 -0.00781518 -0.00015605 0.00107596 -0.00058312 -0.00037049 
-0.00997724 -0.00040097 -0.00032177 -0.00035983 -0.00770487 -0.00022230 0.00086843 -0.00046301 -0.00037567 
-0.00967321 -0.00088677 -0.00030448 -0.00088134 -0.00808374 -0.00024749 0.00063035 -0.00039082 -0.00038330 
-0.00916335 -0.00115499 -0.00034700 -0.00118418 -0.00861523 -0.00019651 0.00036014 -0.00034246 -0.00038722 
-0.00848251 -0.00124163 -0.00037895 -0.00130616 -0.00907169 -0.00018438 0.00014771 -0.00036402 -0.00038035 
-0.00774339 -0.00114351 -0.00037085 -0.00123228 -0.00947442 -0.00019074 -0.00001172 -0.00044736 -0.00037082 
-0.00726809 -0.00080382 -0.00038536 -0.00090670 -0.00996533 -0.00017370 -0.00011016 -0.00054873 -0.00036552 
-0.00702817 -0.00024051 -0.00039887 -0.00036998 -0.01039200 -0.00016293 -0.00014480 -0.00068077 -0.00036635 
-0.00683156 0.00041271 -0.00043967 0.00026238 -0.01034917 -0.00011750 -0.00014764 -0.00075207 -0.00036018 
-0.00687653 0.00103116 -0.00043643 0.00086634 -0.01001119 -0.00009027 -0.00012878 -0.00079318 -0.00035456 
-0.00715112 0.00151511 -0.00039693 0.00133785 -0.00941258 -0.00005353 -0.00005875 -0.00079741 -0.00034393 
-0.00750213 0.00174563 -0.00044152 0.00156853 -0.00859070 -0.00005474 -0.00005055 -0.00079606 -0.00032860 
-0.00783755 0.00169526 -0.00045515 0.00153970 -0.00766196 -0.00007033 0.00001264 -0.00072661 -0.00031456 
-0.00841154 0.00152523 -0.00043967 0.00139547 -0.00708878 -0.00013662 0.00006394 -0.00069312 -0.00030022 
-0.00899189 0.00126353 -0.00043678 0.00116963 -0.00673193 -0.00021466 0.00006630 -0.00066760 -0.00029815 
-0.00956029 0.00092336 -0.00036404 0.00086249 -0.00651135 -0.00025876 0.00007963 -0.00062372 -0.00028971 
-0.00996802 0.00047158 -0.00027192 0.00042301 -0.00642754 -0.00029492 0.00009952 -0.00056398 -0.00028517 
-0.01008645 0.00004592 -0.00020610 0.00002500 -0.00654819 -0.00030426 0.00006188 -0.00051336 -0.00028106 
-0.00997005 -0.00028363 -0.00021394 -0.00027594 -0.00662494 -0.00030735 -0.00002079 -0.00046424 -0.00028039 
-0.00968232 -0.00065545 -0.00015070 -0.00063033 -0.00660426 -0.00031597 -0.00008457 -0.00050288 -0.00029148 
-0.00939489 -0.00103645 -0.00008773 -0.00100446 -0.00690834 -0.00027493 -0.00011925 -0.00050185 -0.00029360 
-0.00909131 -0.00128791 -0.00010270 -0.00124650 -0.00730103 -0.00020766 -0.00017073 -0.00049926 -0.00029170 
-0.00872438 -0.00146855 -0.00006900 -0.00141829 -0.00753390 -0.00018389 -0.00019194 -0.00053854 -0.00028748 
-0.00821643 -0.00156013 -0.00006281 -0.00150825 -0.00783896 -0.00017841 -0.00018669 -0.00059877 -0.00029621 
-0.00762082 -0.00154010 -0.00005630 -0.00148330 -0.00807687 -0.00017685 -0.00014462 -0.00064285 -0.00029629 
-0.00715281 -0.00143526 -0.00010208 -0.00136267 -0.00837952 -0.00019368 -0.00015073 -0.00066350 -0.00030814 
-0.00667333 -0.00119380 -0.00014090 -0.00112343 -0.00877239 -0.00025850 -0.00011565 -0.00073128 -0.00030689 
-0.00616371 -0.00083746 -0.00014960 -0.00076892 -0.00898632 -0.00034258 -0.00006039 -0.00080757 -0.00029442 
-0.00620837 -0.00051076 -0.00014954 -0.00043292 -0.00937184 -0.00042185 0.00000459 -0.00088401 -0.00029731 
-0.00640232 -0.00016549 -0.00008909 -0.00007877 -0.00974042 -0.00046300 0.00007378 -0.00088995 -0.00030790 
-0.00622658 0.00028815 -0.00008719 0.00037600 -0.00958449 -0.00045768 0.00008531 -0.00082347 -0.00029739 
-0.00608038 0.00072226 -0.00005883 0.00082671 -0.00909409 -0.00041562 0.00004843 -0.00072047 -0.00028799 
-0.00621364 0.00102598 -0.00004444 0.00113417 -0.00841134 -0.00036538 0.00000329 -0.00063906 -0.00027345 
-0.00619491 0.00098855 -0.00004314 0.00112821 -0.00735788 -0.00030851 -0.00010109 -0.00056512 -0.00024809 
-0.00578199 0.00074150 -0.00002470 0.00089979 -0.00609668 -0.00022386 -0.00016474 -0.00050222 -0.00019565 
-0.00449131 0.00038130 -0.00003996 0.00057714 -0.00437500 -0.00017663 -0.00027285 -0.00039153 -0.00011837 
-0.00203042 -0.00010479 -0.00005075 0.00000749 -0.00180004 -0.00012063 -0.00029061 -0.00016630 -0.00002970 
