-0.00129519 0.00010300 -0.00003542 0.00002272 -0.00106041 0.00007891 -0.00028063 0.00012811 -0.00002889 
-0.00321139 -0.00024344 -0.00005965 -0.00034968 -0.00265671 0.00009235 -0.00033950 0.00021936 -0.00010344 
-0.00402380 -0.00053817 -0.00006989 -0.00060488 -0.00351239 0.00009888 -0.00026138 0.00017688 -0.00014168 
-0.00435487 -0.00074802 -0.00003769 -0.00079751 -0.00419041 0.00008373 -0.00017533 0.00016005 -0.00015653 
-0.00431946 -0.00081636 -0.00002191 -0.00084825 -0.00463954 0.00011046 -0.00004277 0.00019699 -0.00015744 
-0.00410933 -0.00079585 -0.00002879 -0.00082798 -0.00500069 0.00015555 0.00000128 0.00029506 -0.00015305 
-0.00379730 -0.00062158 -0.00003523 -0.00065659 -0.00530312 0.00018837 0.00004788 0.00038693 -0.00014666 
-0.00349803 -0.00030241 -0.00004036 -0.00034358 -0.00537015 0.00019335 0.00001729 0.00045823 -0.00013862 
-0.00333926 0.00001493 -0.00006018 -0.00002121 -0.00524077 0.00017753 -0.00002324 0.00047372 -0.00013209 
-0.00336914 0.00028831 -0.00004378 0.00025842 -0.00522373 0.00017012 -0.00006430 0.00051388 -0.00013191 
-0.00342348 0.00055862 -0.00005485 0.00052992 -0.00518721 0.00017205 -0.00009524 0.00053780 -0.00012869 
-0.00361184 0.00082264 -0.00008504 0.00079221 -0.00505830 0.00013811 -0.00017408 0.00054377 -0.00011968 
-0.00396053 0.00095933 -0.00011201 0.00092640 -0.00485302 0.00007915 -0.00022930 0.00050282 -0.00010984 
-0.00427915 0.00095574 -0.00010702 0.00093516 -0.00463339 0.00004689 -0.00024082 0.00046371 -0.00010359 
-0.00444328 0.00093412 -0.00006384 0.00091924 -0.00428507 0.00005562 -0.00019576 0.00044026 -0.00009384 
-0.00460522 0.00086019 0.00001320 0.00085210 -0.00394400 0.00007531 -0.00015873 0.00041001 -0.00009254 
-0.00498720 0.00072224 0.00004127 0.00072897 -0.00384720 0.00010049 -0.00012433 0.00038229 -0.00010496 
-0.00523412 0.00059151 0.00003029 0.00060077 -0.00366421 0.00010946 -0.00009364 0.00034836 -0.00009912 
-0.00536995 0.00039909 0.00004883 0.00040557 -0.00356439 0.00015081 -0.00002621 0.00033977 -0.00010318 
-0.00550047 0.00017711 0.00002142 0.00018743 -0.00353837 0.00016629 0.00002035 0.00031008 -0.00011585 
-0.00539746 -0.00004512 -0.00000051 -0.00003117 -0.00348119 0.00015334 0.00009199 0.00030163 -0.00012648 
-0.00518347 -0.00030244 -0.00004833 -0.00027893 -0.00342512 0.00016870 0.00012795 0.00033895 -0.00013230 
-0.00506648 -0.00057379 -0.00009122 -0.00054306 -0.00358695 0.00014829 0.00014719 0.00036453 -0.00014417 
-0.00494494 -0.00079462 -0.00012219 -0.00075595 -0.00386140 0.00010383 0.00018000 0.00036912 -0.00014574 
-0.00486321 -0.00094006 -0.00016387 -0.00089050 -0.00417429 0.00008007 0.00016642 0.00044944 -0.00014617 
-0.00465093 -0.00100853 -0.00018703 -0.00095347 -0.00453542 0.00006615 0.00013767 0.00050609 -0.00014430 
-0.00429948 -0.00099974 -0.00018150 -0.00093407 -0.00487089 0.00006987 0.00012502 0.00056532 -0.00013869 
-0.00414250 -0.00083910 -0.00018491 -0.00077174 -0.00536638 0.00006549 0.00006438 0.00061210 -0.00014549 
-0.00395748 -0.00058081 -0.00018392 -0.00051450 -0.00559293 0.00003900 -0.00001690 0.00061191 -0.00014563 
-0.00374562 -0.00030543 -0.00014307 -0.00023012 -0.00558732 0.00001010 -0.00006222 0.00057260 -0.00014104 
-0.00358021 -0.00001647 -0.00011789 0.00006898 -0.00546531 -0.00000810 -0.00012361 0.00051910 -0.00014134 
-0.00353984 0.00025475 -0.00010330 0.00034717 -0.00531960 -0.00001562 -0.00015612 0.00046504 -0.00014201 
-0.00370079 0.00056556 -0.00007737 0.00065951 -0.00521164 0.00002067 -0.00015718 0.00042850 -0.00014861 
-0.00405452 0.00082891 -0.00007332 0.00091238 -0.00492926 0.00003544 -0.00013179 0.00036769 -0.00015827 
-0.00440703 0.00086615 -0.00006098 0.00093362 -0.00455808 0.00003719 -0.00004831 0.00031077 -0.00016431 
-0.00469460 0.00073892 -0.00005823 0.00078598 -0.00413938 0.00002068 0.00008095 0.00024761 -0.00016323 
-0.00501112 0.00050670 -0.00004551 0.00053817 -0.00392266 0.00005698 0.00022542 0.00027492 -0.00016654 
-0.00533026 0.00020766 -0.00004798 0.00022650 -0.00392002 0.00008475 0.00035479 0.00032158 -0.00017477 
-0.00534956 -0.00012694 -0.00003481 -0.00012474 -0.00379023 0.00009282 0.00052081 0.00039042 -0.00017534 
-0.00521830 -0.00049774 -0.00003290 -0.00052132 -0.00387602 0.00013219 0.00067631 0.00052607 -0.00018145 
-0.00489033 -0.00079003 -0.00002879 -0.00084313 -0.00425835 0.00016056 0.00080897 0.00068139 -0.00019382 
-0.00439944 -0.00095883 -0.00005460 -0.00103577 -0.00475302 0.00020929 0.00085467 0.00088395 -0.00020276 
-0.00400503 -0.00094963 -0.00011814 -0.00105255 -0.00547901 0.00026892 0.00080697 0.00111327 -0.00021601 
-0.00367163 -0.00074697 -0.00013286 -0.00088808 -0.00641663 0.00028561 0.00079351 0.00131654 -0.00024086 
-0.00343963 -0.00041970 -0.00016260 -0.00061537 -0.00740348 0.00027797 0.00075442 0.00156044 -0.00024894 
-0.00349865 0.00005200 -0.00017000 -0.00027429 -0.00936698 0.00024241 0.00090371 0.00210633 -0.00031376 
-0.00508857 0.00069292 0.00006797 0.00004862 -0.01444629 -0.00008066 0.00122952 0.00334423 -0.00034997 
-0.00730521 0.00122011 0.00042569 0.00025052 -0.02044053 -0.00120280 0.00149932 0.00362472 -0.00026985 
-0.00854147 0.00169211 0.00069406 0.00086710 -0.02367872 -0.00205797 0.00166066 0.00175355 -0.00043952 
-0.00893498 0.00195552 0.00084375 0.00161281 -0.02391728 -0.00237528 0.00166497 -0.00109930 -0.00074435 
-0.00859773 0.00200573 0.00092710 0.00208873 -0.02129963 -0.00239654 0.00182335 -0.00337883 -0.00096248 
-0.00739195 0.00193258 0.00091148 0.00215598 -0.01678567 -0.00207574 0.00178552 -0.00386743 -0.00090592 
-0.00533146 0.00182304 0.00065375 0.00198977 -0.01091602 -0.00156003 0.00104521 -0.00290394 -0.00061749 
-0.00442491 0.00157922 0.00052154 0.00164300 -0.00704488 -0.00110898 0.00055088 -0.00190035 -0.00037874 
-0.00426634 0.00131718 0.00044915 0.00137099 -0.00532510 -0.00084181 0.00022060 -0.00155226 -0.00027916 
-0.00441156 0.00101291 0.00042900 0.00105277 -0.00429321 -0.00065699 -0.00007339 -0.00138768 -0.00021796 
-0.00437562 0.00072076 0.00037549 0.00076635 -0.00376143 -0.00054344 -0.00035346 -0.00143161 -0.00020495 
-0.00439563 0.00052032 0.00033232 0.00058539 -0.00348646 -0.00048977 -0.00057187 -0.00146382 -0.00021679 
-0.00440377 0.00024299 0.00025381 0.00032753 -0.00325538 -0.00047508 -0.00077898 -0.00157243 -0.00024631 
-0.00424921 -0.00013554 0.00016912 -0.00003835 -0.00315060 -0.00046395 -0.00091781 -0.00169683 -0.00028126 
-0.00401972 -0.00045595 0.00012494 -0.00035743 -0.00338542 -0.00050239 -0.00100967 -0.00194327 -0.00032470 
-0.00383454 -0.00073092 0.00006986 -0.00064923 -0.00401284 -0.00056506 -0.00109728 -0.00221638 -0.00038143 
-0.00345227 -0.00089628 0.00007426 -0.00082201 -0.00466855 -0.00065623 -0.00109356 -0.00257323 -0.00045104 
-0.00322237 -0.00105986 0.00012093 -0.00099413 -0.00607129 -0.00079942 -0.00105860 -0.00316104 -0.00054334 
-0.00320191 -0.00105816 0.00013983 -0.00105680 -0.00817811 -0.00090290 -0.00100862 -0.00412074 -0.00066762 
-0.00457768 -0.00081470 0.00001142 -0.00103106 -0.01421705 -0.00153970 -0.00130769 -0.00660566 -0.00116991 
-0.00758832 -0.00008762 -0.00042539 -0.00090224 -0.02373006 -0.00122440 -0.00146707 -0.00958653 -0.00117663 
-0.01037985 0.00064479 -0.00089931 -0.00049058 -0.03228263 0.00035477 -0.00188409 -0.00924115 -0.00081680 
-0.01144233 0.00108851 -0.00119305 0.00060358 -0.03545924 0.00076438 -0.00200852 -0.00483170 -0.00101050 
-0.01125970 0.00140480 -0.00129853 0.00193350 -0.03416146 0.00060859 -0.00236519 0.00028175 -0.00112909 
-0.01027671 0.00176558 -0.00126893 0.00277828 -0.02939080 0.00069646 -0.00284806 0.00366016 -0.00106831 
-0.00840948 0.00199771 -0.00110016 0.00283267 -0.02202017 0.00080811 -0.00269917 0.00400977 -0.00088860 
-0.00618157 0.00197052 -0.00077476 0.00227998 -0.01386347 0.00103961 -0.00140551 0.00278474 -0.00065662 
-0.00518552 0.00143957 -0.00059253 0.00152147 -0.00872455 0.00066211 -0.00046042 0.00176253 -0.00040006 
-0.00511819 0.00089792 -0.00053602 0.00090056 -0.00685692 0.00053364 0.00012739 0.00146949 -0.00030505 
-0.00531460 0.00038041 -0.00048053 0.00036679 -0.00589752 0.00047194 0.00059536 0.00149470 -0.00027169 
-0.00537682 -0.00005679 -0.00040715 -0.00007765 -0.00550752 0.00043786 0.00098556 0.00164475 -0.00027027 
-0.00502613 -0.00044383 -0.00031529 -0.00046316 -0.00532531 0.00042953 0.00122645 0.00192527 -0.00029149 
-0.00473179 -0.00071006 -0.00030250 -0.00072588 -0.00552001 0.00047539 0.00126943 0.00222093 -0.00033369 
-0.00423100 -0.00071044 -0.00026741 -0.00073880 -0.00585102 0.00052121 0.00117894 0.00249433 -0.00038399 
-0.00369358 -0.00049818 -0.00025989 -0.00053943 -0.00622130 0.00057440 0.00100839 0.00274222 -0.00043224 
-0.00338025 -0.00015428 -0.00028740 -0.00019717 -0.00671988 0.00064465 0.00079805 0.00300880 -0.00049422 
-0.00315679 0.00023059 -0.00032156 0.00018784 -0.00704117 0.00069637 0.00050325 0.00315421 -0.00051720 
-0.00322365 0.00063419 -0.00031913 0.00059519 -0.00770110 0.00073734 0.00027943 0.00341514 -0.00057337 
-0.00350512 0.00094143 -0.00028730 0.00090375 -0.00851556 0.00069156 0.00000481 0.00367439 -0.00058079 
-0.00486686 0.00131862 -0.00008477 0.00123645 -0.01196893 0.00103005 -0.00001946 0.00495034 -0.00086270 
-0.00767107 0.00196069 0.00040874 0.00161957 -0.01889388 0.00120312 -0.00009654 0.00709353 -0.00106151 
-0.01096075 0.00243740 0.00106777 0.00205227 -0.02597225 0.00049515 0.00003531 0.00723928 -0.00094693 
-0.01230736 0.00248396 0.00142616 0.00254218 -0.02915762 -0.00008720 0.00047518 0.00435503 -0.00093908 
-0.01186518 0.00223121 0.00141882 0.00282403 -0.02840378 -0.00031235 0.00090174 0.00022814 -0.00087329 
-0.01064412 0.00173408 0.00131109 0.00253339 -0.02450753 -0.00059390 0.00118221 -0.00295149 -0.00074487 
-0.00880042 0.00119900 0.00113550 0.00175909 -0.01849515 -0.00107988 0.00086653 -0.00380176 -0.00068154 
-0.00669264 0.00063838 0.00083403 0.00085895 -0.01228338 -0.00119716 -0.00012866 -0.00311208 -0.00054330 
-0.00538546 0.00023794 0.00053406 0.00028898 -0.00801167 -0.00059059 -0.00076024 -0.00224560 -0.00022265 
-0.00501533 -0.00005090 0.00042172 -0.00002167 -0.00639759 -0.00041771 -0.00100263 -0.00213315 -0.00017864 
-0.00487573 -0.00030089 0.00034610 -0.00028558 -0.00563492 -0.00034798 -0.00115155 -0.00206264 -0.00019927 
-0.00468194 -0.00049009 0.00025196 -0.00046873 -0.00524108 -0.00025806 -0.00122092 -0.00213783 -0.00021413 
-0.00436715 -0.00067690 0.00018363 -0.00064985 -0.00509747 -0.00027752 -0.00119933 -0.00226552 -0.00025244 
-0.00414936 -0.00078049 0.00013302 -0.00073511 -0.00531723 -0.00033706 -0.00117809 -0.00249273 -0.00028421 
-0.00398875 -0.00079614 0.00013293 -0.00074315 -0.00567670 -0.00041862 -0.00106613 -0.00266685 -0.00033351 
-0.00378775 -0.00074130 0.00011127 -0.00069044 -0.00612292 -0.00047435 -0.00092584 -0.00286660 -0.00036362 
-0.00352124 -0.00063067 0.00007582 -0.00058646 -0.00680181 -0.00051249 -0.00077750 -0.00319049 -0.00040864 
-0.00312525 -0.00033327 0.00010306 -0.00029330 -0.00760492 -0.00050583 -0.00051683 -0.00345900 -0.00040366 
-0.00320172 0.00005616 0.00013004 0.00011079 -0.00886954 -0.00052158 -0.00026150 -0.00385441 -0.00046448 
-0.00337992 0.00047932 0.00012215 0.00055166 -0.00992531 -0.00044219 0.00006911 -0.00418745 -0.00046924 
-0.00432649 0.00084057 0.00001695 0.00090621 -0.01275070 -0.00078286 0.00031109 -0.00502194 -0.00069017 
-0.00632835 0.00137382 -0.00028367 0.00128047 -0.01837205 -0.00111359 0.00051360 -0.00653208 -0.00094211 
-0.00887017 0.00191249 -0.00072247 0.00192277 -0.02462156 -0.00138194 0.00038968 -0.00632519 -0.00109412 
-0.01007961 0.00222384 -0.00097491 0.00274843 -0.02747965 -0.00169793 -0.00020210 -0.00356925 -0.00110329 
-0.01040997 0.00221215 -0.00093021 0.00316405 -0.02690428 -0.00139944 -0.00099714 -0.00003470 -0.00085901 
-0.01003226 0.00165956 -0.00076056 0.00256546 -0.02323717 -0.00066877 -0.00139441 0.00244750 -0.00060923 
-0.00856658 0.00088058 -0.00068249 0.00126243 -0.01782612 0.00051065 -0.00081931 0.00302518 -0.00062445 
-0.00655667 0.00011334 -0.00053300 0.00010438 -0.01211212 0.00103635 0.00024434 0.00267421 -0.00059577 
-0.00507296 -0.00029538 -0.00027815 -0.00039275 -0.00844355 0.00051767 0.00092427 0.00217679 -0.00032171 
-0.00485572 -0.00056279 -0.00015664 -0.00066478 -0.00740768 0.00026297 0.00129564 0.00217216 -0.00027065 
-0.00466400 -0.00066653 -0.00009310 -0.00077085 -0.00710444 0.00024967 0.00146327 0.00243137 -0.00029197 
-0.00431994 -0.00072337 -0.00008403 -0.00080894 -0.00684988 0.00027596 0.00145784 0.00267680 -0.00030054 
-0.00390553 -0.00064278 -0.00011306 -0.00070340 -0.00684654 0.00032782 0.00128913 0.00287977 -0.00035308 
-0.00368769 -0.00042881 -0.00012540 -0.00046346 -0.00694264 0.00038179 0.00099555 0.00303295 -0.00037825 
-0.00351034 -0.00009182 -0.00016465 -0.00011109 -0.00699097 0.00043530 0.00068577 0.00316629 -0.00040124 
-0.00340476 0.00030180 -0.00016733 0.00028719 -0.00691857 0.00045147 0.00036419 0.00313048 -0.00037621 
-0.00370267 0.00066938 -0.00014034 0.00065334 -0.00702171 0.00043935 0.00015841 0.00322683 -0.00039023 
-0.00374878 0.00085763 -0.00012666 0.00085547 -0.00683644 0.00037899 -0.00017312 0.00308044 -0.00034346 
-0.00408259 0.00100152 -0.00005095 0.00103306 -0.00729157 0.00039441 -0.00035753 0.00318351 -0.00037184 
-0.00437859 0.00115006 0.00001947 0.00119757 -0.00787467 0.00033521 -0.00065191 0.00336193 -0.00035762 
-0.00533411 0.00127196 0.00019526 0.00136306 -0.01006919 0.00064878 -0.00077677 0.00390711 -0.00052158 
-0.00711666 0.00136194 0.00053224 0.00131155 -0.01457209 0.00113779 -0.00078799 0.00500744 -0.00083236 
-0.00926911 0.00150344 0.00086518 0.00165132 -0.01985362 0.00176373 -0.00071766 0.00479881 -0.00099925 
-0.01042968 0.00134465 0.00088267 0.00179335 -0.02339394 0.00163967 -0.00025139 0.00281580 -0.00085693 
-0.01082558 0.00094291 0.00082953 0.00143698 -0.02449377 0.00046427 0.00046428 -0.00004842 -0.00060092 
-0.01029975 0.00033464 0.00080197 0.00056254 -0.02225191 -0.00092556 0.00050869 -0.00256661 -0.00068065 
-0.00881688 -0.00009863 0.00081268 -0.00019034 -0.01767159 -0.00182214 -0.00001392 -0.00357211 -0.00086048 
-0.00648984 -0.00033345 0.00065245 -0.00042433 -0.01213958 -0.00144666 -0.00065517 -0.00352150 -0.00073651 
-0.00507947 -0.00055429 0.00040121 -0.00064413 -0.00812703 -0.00056556 -0.00102100 -0.00277282 -0.00036408 
-0.00460453 -0.00073818 0.00029862 -0.00078788 -0.00666254 -0.00027285 -0.00120225 -0.00269395 -0.00025953 
-0.00422625 -0.00089190 0.00022237 -0.00093794 -0.00615746 -0.00024394 -0.00115697 -0.00272435 -0.00028006 
-0.00396597 -0.00097348 0.00013228 -0.00099405 -0.00609950 -0.00023118 -0.00108981 -0.00286249 -0.00026905 
-0.00394659 -0.00094148 0.00010814 -0.00094603 -0.00641223 -0.00029354 -0.00091456 -0.00306933 -0.00032248 
-0.00381567 -0.00091103 0.00006683 -0.00089849 -0.00664306 -0.00030913 -0.00074449 -0.00321034 -0.00032465 
-0.00367278 -0.00078341 -0.00001246 -0.00076292 -0.00698287 -0.00032906 -0.00054689 -0.00340287 -0.00035947 
-0.00334667 -0.00052654 -0.00001824 -0.00048063 -0.00729821 -0.00031462 -0.00022929 -0.00355246 -0.00034317 
-0.00341828 -0.00013592 -0.00001193 -0.00006722 -0.00776414 -0.00031010 0.00012619 -0.00362946 -0.00038162 
-0.00365459 0.00024785 0.00001217 0.00032408 -0.00818882 -0.00026250 0.00054143 -0.00367889 -0.00036924 
-0.00401612 0.00044983 0.00002053 0.00056029 -0.00887056 -0.00026261 0.00093096 -0.00376866 -0.00039502 
-0.00433848 0.00066127 -0.00002589 0.00079086 -0.00961167 -0.00021956 0.00121767 -0.00370174 -0.00039584 
-0.00504798 0.00085120 -0.00016433 0.00107405 -0.01176527 -0.00057292 0.00133333 -0.00382419 -0.00054869 
-0.00655573 0.00115312 -0.00041961 0.00134049 -0.01583581 -0.00140888 0.00129627 -0.00450981 -0.00096448 
-0.00860111 0.00140942 -0.00059592 0.00185138 -0.02013308 -0.00248862 0.00083297 -0.00398255 -0.00120377 
-0.00993333 0.00125561 -0.00051672 0.00175189 -0.02242333 -0.00212407 0.00018834 -0.00226074 -0.00102169 
-0.01057563 0.00063121 -0.00053646 0.00082363 -0.02322597 -0.00043222 -0.00042779 -0.00010012 -0.00080384 
-0.01004421 -0.00020596 -0.00059441 -0.00041313 -0.02168524 0.00145905 -0.00010148 0.00208961 -0.00082898 
-0.00873764 -0.00073896 -0.00067394 -0.00099074 -0.01865565 0.00208333 0.00056234 0.00350008 -0.00101264 
-0.00656235 -0.00086373 -0.00049226 -0.00098308 -0.01412356 0.00143645 0.00115506 0.00386086 -0.00084003 
-0.00494114 -0.00083935 -0.00030432 -0.00095466 -0.01032223 0.00068774 0.00137640 0.00347059 -0.00048566 
-0.00400588 -0.00079601 -0.00017735 -0.00090276 -0.00837050 0.00029718 0.00135444 0.00333729 -0.00032353 
-0.00368863 -0.00057717 -0.00016179 -0.00066676 -0.00780426 0.00033997 0.00103934 0.00340654 -0.00035497 
-0.00338525 -0.00037926 -0.00008270 -0.00045445 -0.00724966 0.00030919 0.00080833 0.00341963 -0.00034666 
-0.00335140 -0.00006290 -0.00009739 -0.00013912 -0.00714570 0.00035205 0.00044104 0.00353147 -0.00038775 
-0.00335685 0.00024454 -0.00006973 0.00018680 -0.00681750 0.00038158 0.00011714 0.00339775 -0.00038282 
-0.00342071 0.00046668 -0.00005205 0.00041156 -0.00647367 0.00039447 -0.00018133 0.00328877 -0.00040258 
-0.00343493 0.00064208 -0.00000507 0.00061679 -0.00619771 0.00036071 -0.00044107 0.00316995 -0.00036217 
-0.00380590 0.00073188 0.00004008 0.00073654 -0.00620048 0.00033557 -0.00068775 0.00318124 -0.00036501 
-0.00411741 0.00075762 0.00009914 0.00078007 -0.00629606 0.00031035 -0.00089928 0.00314452 -0.00033415 
-0.00452905 0.00068367 0.00016237 0.00075044 -0.00684256 0.00031001 -0.00104461 0.00309060 -0.00034154 
-0.00492298 0.00058151 0.00022972 0.00064942 -0.00783011 0.00030813 -0.00117038 0.00318504 -0.00033453 
-0.00559108 0.00039602 0.00033744 0.00049481 -0.00977729 0.00059604 -0.00106781 0.00339454 -0.00046429 
-0.00670452 0.00032798 0.00054070 0.00039440 -0.01329147 0.00131332 -0.00088722 0.00405793 -0.00083030 
-0.00859745 0.00024269 0.00069998 0.00041623 -0.01808522 0.00186783 -0.00041309 0.00390715 -0.00102001 
-0.01058290 -0.00017969 0.00079595 -0.00013986 -0.02290339 0.00160201 0.00018642 0.00265550 -0.00082624 
-0.01120598 -0.00070684 0.00085457 -0.00093743 -0.02456827 0.00010513 0.00044013 0.00004691 -0.00067319 
-0.01017595 -0.00123276 0.00080150 -0.00161764 -0.02289771 -0.00131392 -0.00008357 -0.00278147 -0.00085663 
-0.00871790 -0.00138052 0.00080558 -0.00162574 -0.01914306 -0.00194771 -0.00062837 -0.00456783 -0.00105089 
-0.00686023 -0.00119238 0.00061884 -0.00120864 -0.01417088 -0.00133780 -0.00089505 -0.00468349 -0.00090210 
-0.00518820 -0.00105922 0.00032006 -0.00112905 -0.01000994 -0.00064222 -0.00093093 -0.00359197 -0.00054504 
-0.00445501 -0.00103600 0.00016849 -0.00108755 -0.00817097 -0.00030014 -0.00089629 -0.00328275 -0.00038681 
-0.00430846 -0.00100913 0.00009688 -0.00105626 -0.00768248 -0.00036723 -0.00067932 -0.00331976 -0.00040233 
-0.00388186 -0.00103408 -0.00000377 -0.00104591 -0.00703702 -0.00036916 -0.00052799 -0.00322913 -0.00037992 
-0.00351430 -0.00093463 -0.00004566 -0.00092838 -0.00686964 -0.00040499 -0.00026076 -0.00327958 -0.00039671 
-0.00319766 -0.00072796 -0.00006027 -0.00070131 -0.00694420 -0.00041089 0.00001115 -0.00329622 -0.00037261 
-0.00310752 -0.00039698 -0.00005973 -0.00035109 -0.00708284 -0.00041334 0.00028882 -0.00329477 -0.00039398 
-0.00309415 -0.00002895 -0.00005718 0.00003195 -0.00709677 -0.00040797 0.00058884 -0.00322947 -0.00037596 
-0.00329594 0.00028334 -0.00003722 0.00036310 -0.00704395 -0.00037940 0.00090323 -0.00314578 -0.00037995 
-0.00359679 0.00051193 0.00000743 0.00060205 -0.00708823 -0.00030608 0.00117970 -0.00293747 -0.00035120 
-0.00388699 0.00059815 -0.00002820 0.00072231 -0.00742161 -0.00030908 0.00130210 -0.00276965 -0.00034271 
-0.00416144 0.00063126 -0.00008505 0.00076582 -0.00789377 -0.00032369 0.00134462 -0.00258075 -0.00033093 
-0.00477743 0.00058644 -0.00015563 0.00077814 -0.00929488 -0.00058482 0.00116316 -0.00258006 -0.00042452 
-0.00641537 0.00038037 -0.00041763 0.00057685 -0.01309771 -0.00154305 0.00075456 -0.00308904 -0.00084633 
-0.00841966 -0.00007913 -0.00052837 0.00011889 -0.01762700 -0.00206494 -0.00009604 -0.00305036 -0.00104698 
-0.00989576 -0.00082700 -0.00049802 -0.00108035 -0.02164464 -0.00084060 -0.00069346 -0.00223490 -0.00084330 
-0.01102589 -0.00159499 -0.00063859 -0.00227613 -0.02518813 0.00085119 -0.00057549 -0.00027877 -0.00080750 
-0.01072584 -0.00197694 -0.00070962 -0.00259178 -0.02563341 0.00166609 0.00027457 0.00262812 -0.00100943 
-0.00935897 -0.00201248 -0.00066639 -0.00219320 -0.02309118 0.00181782 0.00094533 0.00515738 -0.00111717 
-0.00698924 -0.00159013 -0.00036726 -0.00152288 -0.01780731 0.00121176 0.00112775 0.00578460 -0.00093984 
-0.00510933 -0.00105636 -0.00005787 -0.00113729 -0.01275742 0.00072573 0.00092129 0.00468172 -0.00067024 
-0.00412024 -0.00066850 0.00010652 -0.00075541 -0.00974474 0.00031094 0.00070623 0.00402497 -0.00044162 
-0.00364049 -0.00034109 0.00009127 -0.00040939 -0.00855629 0.00040135 0.00031891 0.00385903 -0.00044307 
-0.00315652 0.00004846 0.00007110 0.00000098 -0.00725939 0.00040026 -0.00001279 0.00353732 -0.00038780 
-0.00328009 0.00045658 0.00002338 0.00042692 -0.00650353 0.00042730 -0.00039039 0.00329265 -0.00039792 
-0.00337425 0.00071356 0.00003473 0.00070030 -0.00573418 0.00038246 -0.00060697 0.00302632 -0.00034137 
-0.00349510 0.00081849 0.00003740 0.00081996 -0.00516553 0.00034737 -0.00082937 0.00282616 -0.00030784 
-0.00372965 0.00092013 0.00004531 0.00093047 -0.00488264 0.00032034 -0.00100062 0.00269674 -0.00026538 
-0.00413904 0.00089650 0.00006618 0.00091822 -0.00482605 0.00027988 -0.00112992 0.00253099 -0.00022696 
-0.00460598 0.00071363 0.00014805 0.00072565 -0.00498717 0.00022539 -0.00119248 0.00248891 -0.00018991 
-0.00484193 0.00046362 0.00022384 0.00047830 -0.00542700 0.00025563 -0.00114948 0.00239087 -0.00017553 
-0.00485633 0.00022313 0.00031850 0.00021128 -0.00595005 0.00035662 -0.00100781 0.00249621 -0.00018069 
-0.00490630 -0.00006574 0.00038646 -0.00007009 -0.00714284 0.00055228 -0.00080412 0.00257989 -0.00022356 
-0.00636619 -0.00053232 0.00064630 -0.00063785 -0.01103411 0.00104927 -0.00035849 0.00318445 -0.00046850 
-0.00863704 -0.00109454 0.00095778 -0.00146314 -0.01709573 0.00104888 0.00041347 0.00357044 -0.00060425 
-0.01046739 -0.00175700 0.00108094 -0.00237199 -0.02290491 0.00052838 0.00087804 0.00281956 -0.00070640 
-0.01138554 -0.00246320 0.00124117 -0.00307531 -0.02641001 -0.00016568 0.00078350 0.00001556 -0.00081978 
-0.01138972 -0.00290777 0.00125440 -0.00317202 -0.02713437 -0.00059222 0.00021657 -0.00364544 -0.00096460 
-0.01002194 -0.00292940 0.00102038 -0.00270103 -0.02433137 -0.00083755 -0.00049793 -0.00658814 -0.00095944 
-0.00746910 -0.00243389 0.00047919 -0.00213328 -0.01826391 -0.00100416 -0.00076775 -0.00671925 -0.00098673 
-0.00530133 -0.00174673 0.00002745 -0.00165518 -0.01258851 -0.00084019 -0.00060680 -0.00505695 -0.00078577 
-0.00400136 -0.00128676 -0.00021700 -0.00124178 -0.00921943 -0.00048482 -0.00045765 -0.00391592 -0.00050915 
-0.00375028 -0.00104277 -0.00031519 -0.00099360 -0.00848789 -0.00055228 -0.00014219 -0.00362993 -0.00051026 
-0.00341053 -0.00061928 -0.00031501 -0.00057834 -0.00776842 -0.00056732 0.00016478 -0.00328510 -0.00046110 
-0.00322056 -0.00017116 -0.00024707 -0.00010949 -0.00729292 -0.00055890 0.00046375 -0.00310745 -0.00044600 
-0.00343946 0.00024839 -0.00023121 0.00029363 -0.00690001 -0.00054506 0.00071192 -0.00298961 -0.00042212 
-0.00356730 0.00054042 -0.00020424 0.00058874 -0.00627861 -0.00051493 0.00089723 -0.00275307 -0.00037792 
-0.00377302 0.00073932 -0.00017193 0.00080038 -0.00579263 -0.00043729 0.00107958 -0.00259784 -0.00031889 
-0.00408716 0.00077244 -0.00015531 0.00085122 -0.00541477 -0.00034810 0.00122575 -0.00233730 -0.00027128 
-0.00447218 0.00069748 -0.00019740 0.00076805 -0.00516493 -0.00026243 0.00119230 -0.00207195 -0.00023763 
-0.00471605 0.00040741 -0.00029546 0.00049252 -0.00512675 -0.00025564 0.00097746 -0.00176516 -0.00020515 
-0.00488244 -0.00007987 -0.00040744 -0.00000352 -0.00564590 -0.00035386 0.00064018 -0.00167661 -0.00022573 
-0.00489804 -0.00063858 -0.00048954 -0.00058128 -0.00689847 -0.00049518 0.00022188 -0.00162750 -0.00026037 
-0.00570084 -0.00133209 -0.00069402 -0.00141411 -0.01094499 -0.00080442 -0.00057967 -0.00223794 -0.00047746 
-0.00812522 -0.00189419 -0.00096824 -0.00238697 -0.01811839 -0.00066574 -0.00186911 -0.00327418 -0.00068103 
-0.00981046 -0.00241802 -0.00108729 -0.00324740 -0.02498862 -0.00019200 -0.00229001 -0.00295737 -0.00077703 
-0.01076130 -0.00276909 -0.00118331 -0.00339880 -0.03006680 0.00008287 -0.00192277 -0.00015772 -0.00096065 
-0.01095162 -0.00274416 -0.00112979 -0.00262783 -0.03227158 -0.00001276 -0.00136630 0.00436651 -0.00100331 
-0.01020009 -0.00234097 -0.00088976 -0.00165085 -0.03073660 0.00036372 -0.00087596 0.00849887 -0.00095164 
-0.00731176 -0.00148242 -0.00034717 -0.00090953 -0.02332556 0.00131195 -0.00040730 0.00921810 -0.00115794 
-0.00431594 -0.00044995 0.00009596 -0.00032342 -0.01431891 0.00142744 -0.00046906 0.00672198 -0.00114459 
-0.00287641 0.00030990 0.00025251 0.00023187 -0.00856078 0.00084056 -0.00042407 0.00437636 -0.00065603 
-0.00286264 0.00055132 0.00021451 0.00045358 -0.00674535 0.00079140 -0.00070420 0.00371605 -0.00059512 
-0.00308809 0.00067936 0.00020417 0.00056304 -0.00510977 0.00066159 -0.00075697 0.00299801 -0.00048345 
-0.00340472 0.00068144 0.00017497 0.00055191 -0.00424015 0.00055238 -0.00086584 0.00259312 -0.00042055 
-0.00385811 0.00058591 0.00014848 0.00047582 -0.00380361 0.00047379 -0.00095597 0.00232287 -0.00037108 
-0.00440106 0.00044538 0.00015867 0.00033490 -0.00362116 0.00040882 -0.00099564 0.00207780 -0.00031886 
-0.00477611 0.00022668 0.00022188 0.00010740 -0.00356379 0.00036924 -0.00096385 0.00188039 -0.00026760 
-0.00497342 -0.00005877 0.00030350 -0.00017881 -0.00365905 0.00036575 -0.00084346 0.00169841 -0.00022477 
-0.00485915 -0.00034585 0.00035809 -0.00045828 -0.00373661 0.00036937 -0.00065858 0.00158469 -0.00018897 
-0.00473896 -0.00066325 0.00041730 -0.00075743 -0.00406119 0.00041359 -0.00042598 0.00149587 -0.00018075 
-0.00476327 -0.00100871 0.00050236 -0.00110579 -0.00475780 0.00054585 -0.00012985 0.00152358 -0.00021745 
-0.00460072 -0.00141734 0.00056718 -0.00153242 -0.00577246 0.00073926 0.00019515 0.00166181 -0.00027980 
-0.00530273 -0.00190625 0.00081330 -0.00209312 -0.00903337 0.00109616 0.00081804 0.00225387 -0.00047628 
-0.00713969 -0.00226841 0.00110532 -0.00252551 -0.01472685 0.00153091 0.00168036 0.00304774 -0.00075802 
-0.00868136 -0.00241749 0.00125970 -0.00259455 -0.01976283 0.00186537 0.00187800 0.00282136 -0.00086988 
-0.00907908 -0.00253617 0.00123351 -0.00233305 -0.02277663 0.00191077 0.00171995 0.00084283 -0.00071575 
-0.00864707 -0.00254313 0.00105075 -0.00187419 -0.02321575 0.00175728 0.00153784 -0.00189679 -0.00045821 
-0.00738249 -0.00219893 0.00072168 -0.00137752 -0.02052713 0.00108714 0.00109475 -0.00381411 -0.00027983 
-0.00495501 -0.00154800 0.00016284 -0.00099689 -0.01450061 0.00014295 0.00061585 -0.00351751 -0.00034291 
-0.00333472 -0.00078836 -0.00014469 -0.00053622 -0.00946034 -0.00005890 0.00052488 -0.00209622 -0.00028430 
-0.00302943 -0.00019151 -0.00018641 -0.00001571 -0.00786728 -0.00010806 0.00053824 -0.00172444 -0.00022594 
-0.00319247 0.00033610 -0.00016706 0.00047435 -0.00709869 -0.00017170 0.00068912 -0.00155996 -0.00022459 
-0.00355532 0.00069856 -0.00013059 0.00080128 -0.00635228 -0.00019163 0.00078685 -0.00137140 -0.00022442 
-0.00405243 0.00082238 -0.00006747 0.00090565 -0.00579272 -0.00019203 0.00092863 -0.00120564 -0.00022291 
-0.00452284 0.00082185 0.00001603 0.00088832 -0.00527129 -0.00015485 0.00101014 -0.00098499 -0.00022151 
-0.00489947 0.00070785 0.00003425 0.00076754 -0.00474526 -0.00012966 0.00100077 -0.00072059 -0.00020753 
-0.00520026 0.00056463 -0.00000310 0.00061709 -0.00433340 -0.00012599 0.00086871 -0.00054585 -0.00020085 
-0.00546990 0.00032130 -0.00001912 0.00037001 -0.00404836 -0.00008068 0.00075412 -0.00039101 -0.00019850 
-0.00561895 -0.00002292 -0.00003035 0.00001537 -0.00394802 -0.00004587 0.00061203 -0.00027060 -0.00020182 
-0.00556983 -0.00039059 -0.00004035 -0.00037387 -0.00399252 -0.00005737 0.00043181 -0.00022153 -0.00020444 
-0.00536709 -0.00066371 -0.00004850 -0.00066227 -0.00424790 -0.00006315 0.00025376 -0.00020825 -0.00020411 
-0.00498519 -0.00080099 -0.00006736 -0.00081960 -0.00457427 -0.00004661 0.00008471 -0.00023309 -0.00020336 
-0.00454615 -0.00083385 -0.00008911 -0.00086986 -0.00488123 -0.00003981 -0.00004788 -0.00028690 -0.00019693 
-0.00410495 -0.00072604 -0.00012200 -0.00077348 -0.00515020 -0.00002494 -0.00015400 -0.00035558 -0.00019182 
-0.00391077 -0.00048535 -0.00016819 -0.00053697 -0.00548408 -0.00000940 -0.00019575 -0.00044253 -0.00018909 
-0.00379360 -0.00010146 -0.00017758 -0.00016531 -0.00575529 -0.00000097 -0.00016833 -0.00052924 -0.00018738 
-0.00365323 0.00031351 -0.00019789 0.00023503 -0.00568382 0.00001635 -0.00010710 -0.00057226 -0.00017704 
-0.00370232 0.00069709 -0.00020690 0.00061302 -0.00545375 0.00002577 -0.00005284 -0.00058441 -0.00017370 
-0.00397688 0.00097592 -0.00020245 0.00088210 -0.00516179 0.00003837 0.00001427 -0.00057515 -0.00017130 
-0.00426199 0.00110674 -0.00023678 0.00101223 -0.00469913 0.00001912 0.00004324 -0.00055870 -0.00016059 
-0.00442964 0.00105257 -0.00023434 0.00097054 -0.00412007 0.00000076 0.00010272 -0.00048389 -0.00014899 
-0.00472171 0.00093033 -0.00021340 0.00086556 -0.00377725 -0.00003126 0.00014210 -0.00043226 -0.00013870 
-0.00508217 0.00075622 -0.00020627 0.00071283 -0.00359955 -0.00007157 0.00014169 -0.00039439 -0.00013635 
-0.00542252 0.00051150 -0.00017297 0.00048713 -0.00349182 -0.00010816 0.00012669 -0.00035091 -0.00013105 
-0.00565165 0.00021171 -0.00011747 0.00019151 -0.00348537 -0.00013516 0.00011851 -0.00028951 -0.00012752 
-0.00566746 -0.00006270 -0.00008210 -0.00006798 -0.00358044 -0.00013994 0.00005938 -0.00025431 -0.00012711 
-0.00556126 -0.00026848 -0.00008031 -0.00025824 -0.00365183 -0.00014812 -0.00002167 -0.00023977 -0.00012648 
-0.00533915 -0.00048827 -0.00003442 -0.00047044 -0.00368888 -0.00015209 -0.00008795 -0.00027867 -0.00013107 
-0.00514805 -0.00069273 0.00000039 -0.00066737 -0.00385049 -0.00011345 -0.00013367 -0.00029789 -0.00013032 
-0.00498588 -0.00084004 -0.00001314 -0.00080912 -0.00407494 -0.00006334 -0.00018425 -0.00031831 -0.00012687 
-0.00477806 -0.00092949 0.00000155 -0.00089845 -0.00424997 -0.00004365 -0.00019825 -0.00037985 -0.00012672 
-0.00451598 -0.00095719 -0.00000483 -0.00092846 -0.00443014 -0.00002920 -0.00019927 -0.00043704 -0.00013642 
-0.00416898 -0.00092244 -0.00000559 -0.00089309 -0.00456005 -0.00002471 -0.00016541 -0.00048810 -0.00014532 
-0.00392889 -0.00084538 -0.00002166 -0.00080677 -0.00475568 -0.00003414 -0.00013475 -0.00052677 -0.00015478 
-0.00365577 -0.00068777 -0.00004184 -0.00065340 -0.00501161 -0.00006684 -0.00007931 -0.00057558 -0.00015412 
-0.00341431 -0.00045349 -0.00005769 -0.00042291 -0.00518667 -0.00010697 -0.00001338 -0.00062329 -0.00015055 
-0.00343250 -0.00023629 -0.00007704 -0.00020352 -0.00539843 -0.00015071 0.00003687 -0.00065685 -0.00015081 
-0.00355091 0.00000721 -0.00005219 0.00004410 -0.00559182 -0.00018104 0.00008937 -0.00064533 -0.00015643 
-0.00349084 0.00031267 -0.00004726 0.00034793 -0.00552298 -0.00017638 0.00011860 -0.00057431 -0.00014777 
-0.00350707 0.00061270 -0.00003147 0.00065775 -0.00528112 -0.00015513 0.00009431 -0.00048155 -0.00015158 
-0.00371445 0.00080981 -0.00003680 0.00085822 -0.00492998 -0.00014134 0.00003992 -0.00041071 -0.00014772 
-0.00380510 0.00078509 -0.00003572 0.00085281 -0.00437006 -0.00011016 -0.00005954 -0.00034107 -0.00014288 
-0.00366097 0.00060114 -0.00002080 0.00068961 -0.00369978 -0.00007310 -0.00012792 -0.00028924 -0.00011926 
-0.00286440 0.00032560 -0.00003059 0.00044721 -0.00267206 -0.00005903 -0.00024399 -0.00023750 -0.00007993 
-0.00123543 -0.00006641 -0.00003907 0.00001092 -0.00105336 -0.00006142 -0.00025594 -0.00011914 -0.00002686 
