-0.00023914 0.00002781 -0.00001939 0.00001094 -0.00017017 0.00000923 -0.00020847 0.00001050 -0.00000905 
-0.00061331 -0.00003206 -0.00002108 -0.00005286 -0.00042339 0.00001266 -0.00027741 -0.00002061 -0.00002103 
-0.00074045 -0.00008814 -0.00001973 -0.00009916 -0.00054141 0.00000773 -0.00025132 -0.00006108 -0.00002453 
-0.00077060 -0.00013306 -0.00001228 -0.00014005 -0.00063110 -0.00000015 -0.00020751 -0.00008551 -0.00002497 
-0.00071460 -0.00014974 -0.00000695 -0.00015457 -0.00067201 0.00000032 -0.00014686 -0.00008613 -0.00002234 
-0.00065750 -0.00014977 -0.00000456 -0.00015499 -0.00072674 0.00000497 -0.00009712 -0.00007025 -0.00001930 
-0.00058095 -0.00012712 -0.00000200 -0.00013269 -0.00077922 0.00000891 -0.00005197 -0.00004326 -0.00001770 
-0.00052004 -0.00008076 -0.00000313 -0.00008809 -0.00080708 0.00000859 -0.00003009 -0.00000170 -0.00001557 
-0.00048150 -0.00002363 -0.00000239 -0.00003077 -0.00079633 0.00000660 -0.00001976 0.00004282 -0.00001593 
-0.00048850 0.00002393 0.00000211 0.00001987 -0.00082079 0.00000716 -0.00001720 0.00009331 -0.00001733 
-0.00049228 0.00007884 0.00000019 0.00007393 -0.00082551 0.00001004 -0.00002867 0.00014127 -0.00001738 
-0.00052346 0.00012980 -0.00000605 0.00012545 -0.00079670 0.00000755 -0.00006024 0.00018887 -0.00001346 
-0.00057219 0.00015854 -0.00001412 0.00015198 -0.00075549 -0.00000324 -0.00010415 0.00020765 -0.00001023 
-0.00063623 0.00016390 -0.00001570 0.00015980 -0.00071312 -0.00000889 -0.00014030 0.00021906 -0.00000675 
-0.00067518 0.00016317 -0.00000261 0.00015794 -0.00066689 -0.00000313 -0.00016607 0.00020902 -0.00000410 
-0.00071115 0.00015208 0.00000688 0.00014782 -0.00061720 -0.00000044 -0.00019374 0.00017791 -0.00000350 
-0.00073451 0.00013099 0.00001251 0.00013052 -0.00057865 0.00000414 -0.00020336 0.00013825 -0.00000508 
-0.00078886 0.00011057 0.00001232 0.00011248 -0.00054028 0.00000515 -0.00019810 0.00010454 -0.00000209 
-0.00081875 0.00007378 0.00001544 0.00007557 -0.00052533 0.00001088 -0.00016498 0.00006573 -0.00000294 
-0.00085400 0.00002930 0.00001371 0.00003225 -0.00054120 0.00001773 -0.00012016 0.00003921 -0.00000709 
-0.00084071 -0.00000919 0.00001146 -0.00000546 -0.00053865 0.00001724 -0.00005886 0.00003271 -0.00001042 
-0.00079085 -0.00004944 0.00000571 -0.00004364 -0.00052052 0.00001995 0.00000326 0.00004570 -0.00001181 
-0.00077135 -0.00009419 -0.00000029 -0.00008626 -0.00054220 0.00002003 0.00006396 0.00007831 -0.00001519 
-0.00074871 -0.00012774 -0.00000555 -0.00011805 -0.00058233 0.00001806 0.00011229 0.00012521 -0.00001794 
-0.00072454 -0.00014469 -0.00000978 -0.00013386 -0.00063242 0.00001371 0.00014057 0.00019809 -0.00002010 
-0.00069112 -0.00014797 -0.00001338 -0.00013654 -0.00067875 0.00001249 0.00014100 0.00026505 -0.00002238 
-0.00062452 -0.00014217 -0.00001477 -0.00012843 -0.00071720 0.00001520 0.00012176 0.00032073 -0.00002128 
-0.00060659 -0.00011987 -0.00001689 -0.00010497 -0.00081245 0.00001467 0.00008165 0.00035985 -0.00002297 
-0.00058936 -0.00007882 -0.00001874 -0.00006489 -0.00084796 0.00001107 0.00002285 0.00037436 -0.00002536 
-0.00054304 -0.00003240 -0.00002113 -0.00001658 -0.00082753 0.00000221 -0.00003798 0.00035484 -0.00002520 
-0.00051023 0.00001055 -0.00001612 0.00002978 -0.00079662 -0.00000104 -0.00008135 0.00032195 -0.00002411 
-0.00051645 0.00006426 -0.00001011 0.00008345 -0.00077523 -0.00000220 -0.00011891 0.00029400 -0.00002295 
-0.00054794 0.00012207 -0.00001003 0.00014169 -0.00073463 -0.00000422 -0.00014119 0.00024391 -0.00002250 
-0.00061850 0.00016670 -0.00000904 0.00018300 -0.00069573 -0.00000626 -0.00014471 0.00019180 -0.00002235 
-0.00068464 0.00016411 -0.00000447 0.00017519 -0.00062651 -0.00001059 -0.00011947 0.00013851 -0.00002193 
-0.00072769 0.00013298 0.00000376 0.00014051 -0.00054990 -0.00001197 -0.00006748 0.00009915 -0.00002083 
-0.00077647 0.00008312 0.00000825 0.00008877 -0.00052092 -0.00001187 -0.00000223 0.00007747 -0.00002244 
-0.00080467 0.00002440 0.00001275 0.00002959 -0.00050864 -0.00000341 0.00007184 0.00007544 -0.00002440 
-0.00080528 -0.00003630 0.00001752 -0.00003174 -0.00050408 0.00000540 0.00015463 0.00009850 -0.00002629 
-0.00076962 -0.00009402 0.00001985 -0.00009112 -0.00049613 0.00001185 0.00022649 0.00013904 -0.00002630 
-0.00072238 -0.00012681 0.00002327 -0.00012434 -0.00053159 0.00001802 0.00027644 0.00018539 -0.00002763 
-0.00064539 -0.00014660 0.00001916 -0.00014322 -0.00059285 0.00002697 0.00028823 0.00023854 -0.00002923 
-0.00057194 -0.00013729 0.00000769 -0.00013274 -0.00065857 0.00003858 0.00027310 0.00029376 -0.00002710 
-0.00052661 -0.00010786 -0.00000078 -0.00010201 -0.00077246 0.00004769 0.00024877 0.00033323 -0.00002815 
-0.00047599 -0.00007407 -0.00001292 -0.00007043 -0.00093093 0.00006037 0.00023031 0.00038369 -0.00003131 
-0.00043735 -0.00002313 -0.00002616 -0.00002745 -0.00112995 0.00006300 0.00020379 0.00040810 -0.00003216 
-0.00049703 0.00004719 -0.00002917 0.00000140 -0.00177187 0.00006100 0.00024210 0.00052412 -0.00004656 
-0.00077806 0.00013118 -0.00000055 0.00006746 -0.00285037 0.00002652 0.00029230 0.00045718 -0.00005543 
-0.00100929 0.00022496 0.00002153 0.00017872 -0.00358586 -0.00001622 0.00036104 0.00005240 -0.00006419 
-0.00110764 0.00027763 0.00003298 0.00026309 -0.00375551 -0.00004419 0.00046942 -0.00043590 -0.00007814 
-0.00110390 0.00029603 0.00005337 0.00031816 -0.00352822 -0.00006149 0.00065052 -0.00081144 -0.00010024 
-0.00094423 0.00028231 0.00005791 0.00032038 -0.00273076 -0.00007531 0.00070894 -0.00089019 -0.00010362 
-0.00063896 0.00023621 0.00002675 0.00024583 -0.00141661 -0.00009010 0.00055277 -0.00064869 -0.00007476 
-0.00059354 0.00017481 0.00002469 0.00016934 -0.00077406 -0.00007282 0.00042883 -0.00041073 -0.00005130 
-0.00066757 0.00012208 0.00003189 0.00011721 -0.00059384 -0.00005342 0.00036837 -0.00031469 -0.00003531 
-0.00075022 0.00008337 0.00002996 0.00008187 -0.00050416 -0.00004165 0.00024814 -0.00025183 -0.00001993 
-0.00078311 0.00003948 0.00002819 0.00003743 -0.00049784 -0.00003363 0.00008632 -0.00023147 -0.00001075 
-0.00078470 0.00000847 0.00002049 0.00000680 -0.00049037 -0.00003025 -0.00011407 -0.00024311 -0.00001468 
-0.00076689 -0.00002240 0.00000655 -0.00002429 -0.00046421 -0.00003377 -0.00027193 -0.00029062 -0.00002526 
-0.00071536 -0.00006084 -0.00000873 -0.00005870 -0.00045522 -0.00003302 -0.00036594 -0.00036995 -0.00003599 
-0.00065803 -0.00009507 -0.00001400 -0.00008949 -0.00049836 -0.00004582 -0.00041598 -0.00045790 -0.00005102 
-0.00060824 -0.00010422 -0.00002011 -0.00009696 -0.00053921 -0.00005531 -0.00041399 -0.00054615 -0.00006331 
-0.00050557 -0.00011523 -0.00001010 -0.00009877 -0.00056785 -0.00006651 -0.00035935 -0.00059295 -0.00007553 
-0.00042181 -0.00012338 0.00001122 -0.00009544 -0.00064660 -0.00007844 -0.00028602 -0.00068401 -0.00007932 
-0.00041452 -0.00013898 0.00002396 -0.00010559 -0.00088033 -0.00008763 -0.00024253 -0.00085102 -0.00009343 
-0.00045946 -0.00013337 0.00003613 -0.00012390 -0.00146420 -0.00011940 -0.00023439 -0.00119677 -0.00013012 
-0.00069919 -0.00009434 0.00003362 -0.00014358 -0.00264251 -0.00015194 -0.00020722 -0.00157179 -0.00015726 
-0.00115896 -0.00002733 -0.00003406 -0.00011490 -0.00455908 -0.00014264 -0.00025295 -0.00156963 -0.00016017 
-0.00135951 0.00007480 -0.00008179 0.00007021 -0.00548749 -0.00013979 -0.00038109 -0.00071357 -0.00015205 
-0.00132904 0.00018609 -0.00010457 0.00028348 -0.00536936 -0.00016436 -0.00065127 0.00019836 -0.00013488 
-0.00118373 0.00025733 -0.00010951 0.00040346 -0.00440526 -0.00014138 -0.00091108 0.00074850 -0.00010967 
-0.00092390 0.00027825 -0.00008757 0.00039078 -0.00297142 -0.00004440 -0.00095512 0.00081838 -0.00008975 
-0.00072790 0.00020105 -0.00007062 0.00023487 -0.00157533 0.00003922 -0.00076211 0.00060399 -0.00006690 
-0.00072351 0.00009971 -0.00006990 0.00009647 -0.00094382 0.00003680 -0.00057383 0.00039414 -0.00004210 
-0.00076062 0.00002826 -0.00006501 0.00001319 -0.00069210 0.00002102 -0.00035560 0.00026028 -0.00002234 
-0.00081721 -0.00002050 -0.00005108 -0.00003980 -0.00064896 0.00001786 -0.00009914 0.00020459 -0.00001339 
-0.00086470 -0.00007154 -0.00003385 -0.00009340 -0.00064587 0.00001368 0.00015431 0.00023823 -0.00001655 
-0.00082668 -0.00011011 -0.00001312 -0.00013006 -0.00063188 0.00000421 0.00035812 0.00030907 -0.00002074 
-0.00076526 -0.00014013 -0.00000041 -0.00015603 -0.00065744 0.00001331 0.00045879 0.00041992 -0.00002980 
-0.00067070 -0.00013125 0.00000883 -0.00014371 -0.00068112 0.00002476 0.00046736 0.00054745 -0.00004209 
-0.00061315 -0.00009029 0.00002208 -0.00010513 -0.00075308 0.00003373 0.00045735 0.00067013 -0.00005993 
-0.00053306 -0.00006981 0.00000758 -0.00007034 -0.00079071 0.00005130 0.00036360 0.00072947 -0.00007149 
-0.00043247 -0.00001959 -0.00001229 -0.00001416 -0.00079361 0.00006574 0.00024766 0.00074767 -0.00007781 
-0.00037896 0.00003379 -0.00002855 0.00005138 -0.00080872 0.00007160 0.00013640 0.00077739 -0.00007620 
-0.00036982 0.00007933 -0.00003490 0.00009662 -0.00088176 0.00007737 0.00004713 0.00082399 -0.00007654 
-0.00043375 0.00014158 -0.00002698 0.00014722 -0.00116708 0.00008678 -0.00001373 0.00095146 -0.00008505 
-0.00067098 0.00021293 -0.00000201 0.00017495 -0.00214934 0.00013017 -0.00007627 0.00129471 -0.00010611 
-0.00116925 0.00029595 0.00007484 0.00024813 -0.00371498 0.00014354 -0.00006045 0.00137671 -0.00011247 
-0.00146870 0.00038079 0.00012834 0.00039677 -0.00444535 0.00013458 0.00009500 0.00079500 -0.00010467 
-0.00140964 0.00042370 0.00012491 0.00050429 -0.00413899 0.00014028 0.00032805 0.00009645 -0.00008143 
-0.00121413 0.00038334 0.00011829 0.00048819 -0.00331827 0.00014055 0.00049759 -0.00030943 -0.00005437 
-0.00099870 0.00025256 0.00009874 0.00032515 -0.00217408 0.00006822 0.00044441 -0.00040595 -0.00002605 
-0.00080383 0.00007873 0.00005865 0.00008918 -0.00113383 -0.00002706 0.00024797 -0.00029727 -0.00001094 
-0.00071349 -0.00003213 0.00003878 -0.00004542 -0.00069029 -0.00000937 0.00008587 -0.00021184 0.00000051 
-0.00074531 -0.00009055 0.00003131 -0.00011095 -0.00061155 0.00000111 -0.00004181 -0.00020560 -0.00000064 
-0.00073090 -0.00013244 0.00002091 -0.00015443 -0.00059885 -0.00000040 -0.00017924 -0.00024989 -0.00000932 
-0.00071128 -0.00014518 0.00000878 -0.00016370 -0.00061700 0.00000707 -0.00028853 -0.00030961 -0.00001780 
-0.00067159 -0.00015513 -0.00000520 -0.00017295 -0.00062801 0.00000185 -0.00033649 -0.00039735 -0.00002427 
-0.00064343 -0.00014881 -0.00001271 -0.00015928 -0.00067132 -0.00001539 -0.00036588 -0.00048870 -0.00003521 
-0.00060808 -0.00013377 -0.00000668 -0.00013753 -0.00069318 -0.00003451 -0.00033476 -0.00056598 -0.00004536 
-0.00056046 -0.00010488 -0.00000828 -0.00010684 -0.00071329 -0.00004153 -0.00028870 -0.00062036 -0.00005237 
-0.00051634 -0.00007887 -0.00000857 -0.00008035 -0.00074852 -0.00005028 -0.00022217 -0.00070221 -0.00006081 
-0.00042931 -0.00005647 0.00000929 -0.00005305 -0.00080362 -0.00005537 -0.00012342 -0.00077187 -0.00006469 
-0.00038504 -0.00001145 0.00002927 0.00000701 -0.00091803 -0.00005532 -0.00002398 -0.00085373 -0.00006735 
-0.00037917 0.00003948 0.00003609 0.00006971 -0.00102625 -0.00004969 0.00007407 -0.00089925 -0.00006778 
-0.00044753 0.00012441 0.00003630 0.00014045 -0.00133629 -0.00006274 0.00015358 -0.00101860 -0.00007994 
-0.00062632 0.00025672 0.00002847 0.00023713 -0.00224521 -0.00011079 0.00022902 -0.00117366 -0.00009807 
-0.00099936 0.00043392 -0.00003540 0.00042382 -0.00368919 -0.00020955 0.00010693 -0.00104012 -0.00011971 
-0.00120327 0.00059184 -0.00008531 0.00065500 -0.00401257 -0.00027717 -0.00021492 -0.00043460 -0.00010775 
-0.00120568 0.00061751 -0.00008586 0.00072193 -0.00339541 -0.00026169 -0.00052477 0.00005534 -0.00008620 
-0.00106231 0.00046967 -0.00006999 0.00057065 -0.00243972 -0.00021391 -0.00067438 0.00026471 -0.00005662 
-0.00087152 0.00021654 -0.00006346 0.00025482 -0.00146140 -0.00009602 -0.00054417 0.00023801 -0.00002995 
-0.00074084 0.00001258 -0.00005049 0.00000632 -0.00092493 -0.00002019 -0.00034571 0.00018513 -0.00001459 
-0.00071522 -0.00009334 -0.00003211 -0.00011595 -0.00070226 -0.00002433 -0.00013972 0.00015193 -0.00000801 
-0.00072314 -0.00013842 -0.00001614 -0.00016800 -0.00072624 -0.00002804 0.00007400 0.00020363 -0.00001223 
-0.00072516 -0.00013928 0.00000564 -0.00016797 -0.00078111 -0.00003211 0.00025597 0.00032083 -0.00001869 
-0.00070141 -0.00012745 0.00002042 -0.00015411 -0.00081320 -0.00002186 0.00035800 0.00044696 -0.00002728 
-0.00060583 -0.00012560 0.00001387 -0.00014134 -0.00078495 0.00000015 0.00036277 0.00053624 -0.00003606 
-0.00052014 -0.00011500 0.00000915 -0.00012074 -0.00075939 0.00001614 0.00030702 0.00059360 -0.00004287 
-0.00049405 -0.00008506 0.00000088 -0.00008452 -0.00078277 0.00003175 0.00023481 0.00065817 -0.00004935 
-0.00045369 -0.00004292 -0.00000838 -0.00003995 -0.00076918 0.00004193 0.00014248 0.00068358 -0.00005118 
-0.00045079 0.00003152 -0.00001328 0.00003372 -0.00075738 0.00004467 0.00005591 0.00069396 -0.00005010 
-0.00045425 0.00009810 -0.00001845 0.00009960 -0.00071478 0.00003812 -0.00003067 0.00066097 -0.00004481 
-0.00046274 0.00014767 -0.00002091 0.00015766 -0.00072509 0.00003612 -0.00010113 0.00063160 -0.00003970 
-0.00053132 0.00019796 -0.00003183 0.00021213 -0.00081647 0.00003720 -0.00017308 0.00064906 -0.00003859 
-0.00063183 0.00024823 -0.00002608 0.00024606 -0.00110547 0.00005699 -0.00020945 0.00073707 -0.00004483 
-0.00080618 0.00029509 0.00000093 0.00027948 -0.00186469 0.00012024 -0.00019202 0.00081250 -0.00006169 
-0.00114029 0.00038708 0.00005626 0.00039087 -0.00269636 0.00022607 -0.00006050 0.00066362 -0.00007450 
-0.00117360 0.00035531 0.00007440 0.00040754 -0.00261466 0.00027274 0.00011710 0.00026506 -0.00004461 
-0.00105802 0.00024991 0.00007275 0.00029994 -0.00218803 0.00020223 0.00022624 0.00003967 -0.00001309 
-0.00096279 0.00012219 0.00005658 0.00013802 -0.00182613 0.00003219 0.00021136 -0.00008998 -0.00000516 
-0.00089806 0.00000744 0.00005714 -0.00000661 -0.00139990 -0.00009156 0.00012505 -0.00020780 -0.00001556 
-0.00075392 -0.00007414 0.00004189 -0.00008933 -0.00104801 -0.00008117 -0.00000040 -0.00028239 -0.00002310 
-0.00066941 -0.00011641 0.00002079 -0.00012770 -0.00069326 -0.00000608 -0.00012957 -0.00027650 -0.00000803 
-0.00066117 -0.00014514 0.00000979 -0.00015808 -0.00064185 0.00000375 -0.00021060 -0.00033684 -0.00000600 
-0.00060907 -0.00015537 0.00000270 -0.00016452 -0.00060795 0.00000108 -0.00023622 -0.00040681 -0.00001291 
-0.00060682 -0.00015307 -0.00000713 -0.00015887 -0.00064426 -0.00000746 -0.00023698 -0.00047800 -0.00001860 
-0.00059565 -0.00014513 -0.00001072 -0.00015286 -0.00069394 -0.00002031 -0.00021291 -0.00054762 -0.00002482 
-0.00055612 -0.00012949 -0.00000833 -0.00013690 -0.00073510 -0.00002934 -0.00016236 -0.00059840 -0.00002847 
-0.00052628 -0.00009747 -0.00000813 -0.00010503 -0.00076153 -0.00003101 -0.00009778 -0.00064817 -0.00003175 
-0.00049233 -0.00005350 0.00000074 -0.00005228 -0.00079120 -0.00003566 -0.00001169 -0.00069869 -0.00003566 
-0.00047885 0.00001539 0.00001219 0.00002058 -0.00077232 -0.00003320 0.00008243 -0.00068844 -0.00003794 
-0.00051672 0.00006534 0.00002601 0.00007929 -0.00077343 -0.00002491 0.00016972 -0.00067025 -0.00003825 
-0.00056800 0.00008716 0.00003694 0.00010233 -0.00081365 -0.00001705 0.00025820 -0.00066316 -0.00004124 
-0.00059467 0.00011723 0.00004073 0.00013370 -0.00090301 -0.00000891 0.00031362 -0.00063719 -0.00003848 
-0.00062777 0.00016380 0.00003629 0.00017805 -0.00109845 -0.00001564 0.00031136 -0.00060849 -0.00004216 
-0.00078223 0.00025716 0.00001455 0.00026347 -0.00177905 -0.00011662 0.00023256 -0.00061610 -0.00006449 
-0.00102304 0.00034513 -0.00002579 0.00037372 -0.00242785 -0.00025687 0.00003346 -0.00049963 -0.00008221 
-0.00096373 0.00027914 -0.00001975 0.00031984 -0.00218179 -0.00022795 -0.00012029 -0.00020103 -0.00004575 
-0.00093987 0.00017670 -0.00003306 0.00019794 -0.00197649 -0.00007466 -0.00018252 0.00000593 -0.00002264 
-0.00096611 0.00005188 -0.00005081 0.00003235 -0.00196197 0.00013943 -0.00017536 0.00015231 -0.00003212 
-0.00088951 -0.00005829 -0.00004560 -0.00008569 -0.00176947 0.00020700 -0.00006255 0.00031059 -0.00004673 
-0.00072380 -0.00008687 -0.00000640 -0.00009620 -0.00133809 0.00011173 0.00010441 0.00039416 -0.00004358 
-0.00063720 -0.00010403 0.00001204 -0.00010749 -0.00092322 0.00002597 0.00023498 0.00045620 -0.00003302 
-0.00056102 -0.00009322 0.00001945 -0.00010407 -0.00075463 0.00001236 0.00026598 0.00050307 -0.00002654 
-0.00051695 -0.00008216 0.00002185 -0.00009266 -0.00068421 0.00001722 0.00024751 0.00054071 -0.00002811 
-0.00050570 -0.00006287 0.00002219 -0.00007240 -0.00069358 0.00002425 0.00021020 0.00060825 -0.00003533 
-0.00050981 -0.00003111 0.00000703 -0.00003779 -0.00071741 0.00003441 0.00013487 0.00067462 -0.00003970 
-0.00052960 0.00001916 0.00000192 0.00001403 -0.00072820 0.00004154 0.00004872 0.00069317 -0.00004355 
-0.00051020 0.00006097 -0.00000381 0.00005288 -0.00068966 0.00004352 -0.00004154 0.00067385 -0.00004439 
-0.00050128 0.00009390 -0.00000299 0.00009457 -0.00066369 0.00003597 -0.00012229 0.00064847 -0.00003957 
-0.00052426 0.00011395 -0.00000791 0.00012486 -0.00064761 0.00002477 -0.00020302 0.00062170 -0.00003548 
-0.00057347 0.00012620 -0.00001038 0.00014675 -0.00066024 0.00001645 -0.00026239 0.00058090 -0.00002935 
-0.00061781 0.00012955 -0.00001191 0.00015733 -0.00070484 0.00000384 -0.00030043 0.00052829 -0.00002347 
-0.00066682 0.00011830 -0.00001398 0.00014994 -0.00082189 -0.00001369 -0.00030420 0.00047465 -0.00001949 
-0.00071709 0.00010607 -0.00000966 0.00013237 -0.00104517 -0.00000623 -0.00024763 0.00045408 -0.00002575 
-0.00075678 0.00009415 0.00001269 0.00011338 -0.00155663 0.00009403 -0.00011721 0.00047416 -0.00004632 
-0.00091244 0.00007569 0.00004718 0.00010608 -0.00196167 0.00014714 0.00004958 0.00034457 -0.00004596 
-0.00104260 -0.00001052 0.00005907 0.00000222 -0.00213512 0.00009092 0.00015506 0.00013891 -0.00002229 
-0.00100133 -0.00014424 0.00006343 -0.00018386 -0.00207190 -0.00014027 0.00017406 -0.00003449 -0.00001711 
-0.00104920 -0.00027726 0.00006422 -0.00033533 -0.00241867 -0.00031774 0.00011137 -0.00028375 -0.00004638 
-0.00101839 -0.00031682 0.00006678 -0.00033831 -0.00253729 -0.00026710 -0.00003743 -0.00060695 -0.00007722 
-0.00078247 -0.00024504 0.00002210 -0.00023986 -0.00172080 -0.00010807 -0.00021282 -0.00070540 -0.00005755 
-0.00064848 -0.00017171 -0.00000969 -0.00017903 -0.00104229 -0.00002050 -0.00026482 -0.00061663 -0.00003251 
-0.00059977 -0.00014418 -0.00001570 -0.00015756 -0.00084302 -0.00001602 -0.00025606 -0.00062990 -0.00002948 
-0.00056108 -0.00012947 -0.00001488 -0.00014928 -0.00076758 -0.00002452 -0.00020270 -0.00065609 -0.00003314 
-0.00051494 -0.00010956 -0.00001968 -0.00012588 -0.00072681 -0.00003308 -0.00013970 -0.00066856 -0.00003849 
-0.00049043 -0.00007861 -0.00000846 -0.00008688 -0.00074646 -0.00003814 -0.00005392 -0.00070091 -0.00004601 
-0.00049034 -0.00003546 0.00000287 -0.00003422 -0.00078795 -0.00003716 0.00003509 -0.00071866 -0.00004888 
-0.00048028 0.00000528 0.00001492 0.00001747 -0.00078710 -0.00002817 0.00012417 -0.00067068 -0.00004737 
-0.00046856 0.00004258 0.00002164 0.00006342 -0.00076917 -0.00002043 0.00019801 -0.00061087 -0.00004292 
-0.00052372 0.00007388 0.00003418 0.00009980 -0.00076121 -0.00000708 0.00026816 -0.00054978 -0.00004272 
-0.00057588 0.00008812 0.00003973 0.00011255 -0.00075266 0.00000738 0.00029362 -0.00046017 -0.00003832 
-0.00060405 0.00009754 0.00003179 0.00011793 -0.00074791 0.00001784 0.00026788 -0.00037940 -0.00003156 
-0.00064225 0.00010647 0.00002263 0.00012496 -0.00076674 0.00001367 0.00019083 -0.00029561 -0.00002757 
-0.00065346 0.00009771 0.00001256 0.00012006 -0.00079386 -0.00000120 0.00006109 -0.00023819 -0.00002668 
-0.00072341 0.00006181 -0.00001061 0.00008700 -0.00113424 -0.00007972 -0.00012682 -0.00025770 -0.00004132 
-0.00085171 -0.00002735 -0.00002769 -0.00000565 -0.00164955 -0.00009203 -0.00028320 -0.00022939 -0.00003605 
-0.00095618 -0.00020082 -0.00003211 -0.00022187 -0.00202074 0.00007666 -0.00036873 -0.00013733 -0.00002672 
-0.00111918 -0.00033237 -0.00006231 -0.00039644 -0.00258044 0.00026296 -0.00035595 -0.00003447 -0.00004535 
-0.00125648 -0.00048490 -0.00006689 -0.00055729 -0.00331904 0.00032600 -0.00021168 0.00026507 -0.00009323 
-0.00111422 -0.00047543 -0.00003164 -0.00049244 -0.00339047 0.00028487 0.00007377 0.00075283 -0.00011615 
-0.00073469 -0.00030475 0.00003383 -0.00029371 -0.00216174 0.00012267 0.00025848 0.00092367 -0.00008950 
-0.00058572 -0.00016785 0.00005171 -0.00017888 -0.00125192 0.00004195 0.00023296 0.00079759 -0.00006131 
-0.00055519 -0.00009340 0.00005626 -0.00011709 -0.00093296 0.00003148 0.00017868 0.00074154 -0.00005737 
-0.00047083 -0.00004408 0.00004012 -0.00006531 -0.00077754 0.00003703 0.00007923 0.00069999 -0.00005051 
-0.00042501 0.00001364 0.00001903 0.00000430 -0.00070993 0.00004181 -0.00001126 0.00064677 -0.00004802 
-0.00045828 0.00008165 -0.00000179 0.00008237 -0.00068181 0.00004064 -0.00010844 0.00061410 -0.00004790 
-0.00052639 0.00011779 -0.00001005 0.00013091 -0.00067376 0.00003718 -0.00019023 0.00061242 -0.00004471 
-0.00058094 0.00013478 -0.00001547 0.00015382 -0.00065123 0.00003158 -0.00025962 0.00058094 -0.00003620 
-0.00062351 0.00014942 -0.00001960 0.00017177 -0.00062243 0.00002341 -0.00030541 0.00052082 -0.00002803 
-0.00069047 0.00015845 -0.00001490 0.00018431 -0.00061677 0.00001044 -0.00031802 0.00046492 -0.00001583 
-0.00077507 0.00014058 -0.00000278 0.00016405 -0.00063793 -0.00000819 -0.00031196 0.00039612 -0.00000575 
-0.00079876 0.00010844 0.00000881 0.00013444 -0.00063134 -0.00001574 -0.00025017 0.00032563 0.00000314 
-0.00074594 0.00005137 0.00001975 0.00007030 -0.00059875 -0.00000486 -0.00012386 0.00027039 0.00000751 
-0.00073056 0.00001261 0.00003038 0.00002613 -0.00057993 -0.00000580 0.00000526 0.00023665 0.00001061 
-0.00076384 -0.00006950 0.00004436 -0.00007126 -0.00081545 0.00000803 0.00015693 0.00026604 -0.00000230 
-0.00083183 -0.00022718 0.00005867 -0.00027418 -0.00141024 -0.00008896 0.00032738 0.00028884 -0.00001128 
-0.00103972 -0.00041135 0.00008404 -0.00049003 -0.00233292 -0.00018383 0.00044978 0.00027104 -0.00004225 
-0.00126894 -0.00057836 0.00010444 -0.00066039 -0.00337170 -0.00022391 0.00038852 0.00004973 -0.00007456 
-0.00137661 -0.00060153 0.00012072 -0.00063952 -0.00410653 -0.00022351 0.00018709 -0.00047294 -0.00010130 
-0.00115867 -0.00046071 0.00007513 -0.00043019 -0.00381952 -0.00018646 -0.00005041 -0.00112753 -0.00011061 
-0.00074412 -0.00028326 -0.00001094 -0.00024452 -0.00248025 -0.00011003 -0.00020171 -0.00127692 -0.00009332 
-0.00052206 -0.00017085 -0.00004145 -0.00016670 -0.00147476 -0.00007202 -0.00016208 -0.00111192 -0.00007692 
-0.00044226 -0.00010126 -0.00003813 -0.00011289 -0.00106424 -0.00006820 -0.00006861 -0.00097040 -0.00007060 
-0.00044902 -0.00005096 -0.00003835 -0.00005856 -0.00092261 -0.00006458 0.00003003 -0.00088051 -0.00007295 
-0.00042575 0.00001490 -0.00001915 0.00001356 -0.00079728 -0.00005203 0.00012620 -0.00075851 -0.00006365 
-0.00046787 0.00007115 0.00000080 0.00008233 -0.00079545 -0.00004315 0.00023020 -0.00072063 -0.00005931 
-0.00054837 0.00010174 0.00000734 0.00011838 -0.00078632 -0.00002669 0.00031686 -0.00066719 -0.00005533 
-0.00057268 0.00014540 0.00001397 0.00016998 -0.00072263 -0.00001203 0.00036392 -0.00057382 -0.00004231 
-0.00064890 0.00018070 0.00001831 0.00021010 -0.00068572 0.00000538 0.00040830 -0.00049771 -0.00003424 
-0.00074263 0.00019627 0.00001371 0.00022717 -0.00064272 0.00002015 0.00038139 -0.00041837 -0.00002661 
-0.00078780 0.00018598 -0.00000285 0.00021083 -0.00058279 0.00002582 0.00026411 -0.00032000 -0.00002193 
-0.00079179 0.00015927 -0.00002522 0.00018560 -0.00056368 0.00002483 0.00004277 -0.00024468 -0.00001595 
-0.00077954 0.00009673 -0.00003981 0.00012094 -0.00054247 0.00000820 -0.00020013 -0.00020754 -0.00001823 
-0.00072070 0.00001781 -0.00004870 0.00003700 -0.00056785 -0.00000132 -0.00038409 -0.00024424 -0.00001800 
-0.00073252 -0.00009591 -0.00006261 -0.00009501 -0.00090305 -0.00000892 -0.00058213 -0.00038227 -0.00003008 
-0.00096060 -0.00031339 -0.00009264 -0.00036623 -0.00199280 0.00006957 -0.00083454 -0.00056621 -0.00005920 
-0.00119951 -0.00047142 -0.00011883 -0.00057635 -0.00338439 0.00016449 -0.00086629 -0.00056839 -0.00007611 
-0.00129745 -0.00049491 -0.00010994 -0.00058111 -0.00447317 0.00020162 -0.00062958 -0.00014195 -0.00010247 
-0.00136565 -0.00041875 -0.00009318 -0.00043419 -0.00497504 0.00019020 -0.00031680 0.00066685 -0.00012956 
-0.00115517 -0.00027219 -0.00005068 -0.00022842 -0.00435606 0.00018428 -0.00011337 0.00140723 -0.00014230 
-0.00062001 -0.00012850 0.00002300 -0.00009502 -0.00263957 0.00014238 -0.00003706 0.00151254 -0.00013111 
-0.00040678 -0.00001786 0.00004269 -0.00002926 -0.00148082 0.00010394 -0.00006727 0.00119156 -0.00011215 
-0.00037690 0.00004890 0.00003078 0.00001459 -0.00099837 0.00009609 -0.00014294 0.00096504 -0.00009718 
-0.00038190 0.00006001 0.00001469 0.00004042 -0.00078061 0.00008440 -0.00022606 0.00080432 -0.00009255 
-0.00043815 0.00007587 0.00000774 0.00006322 -0.00067500 0.00007166 -0.00029562 0.00070578 -0.00008396 
-0.00051413 0.00009789 0.00000412 0.00008947 -0.00060733 0.00006009 -0.00034310 0.00061177 -0.00007443 
-0.00060315 0.00011327 -0.00000894 0.00011707 -0.00058883 0.00004965 -0.00039366 0.00053725 -0.00006358 
-0.00067436 0.00012139 -0.00001395 0.00012822 -0.00053169 0.00003538 -0.00037750 0.00044085 -0.00004554 
-0.00076708 0.00009669 -0.00000793 0.00010078 -0.00051878 0.00002034 -0.00031583 0.00035881 -0.00003269 
-0.00080134 0.00005644 0.00000265 0.00005593 -0.00051037 0.00000495 -0.00018405 0.00027316 -0.00002024 
-0.00081197 0.00001420 0.00001478 0.00001182 -0.00052168 -0.00000317 -0.00001975 0.00023353 -0.00001435 
-0.00077743 -0.00003246 0.00002369 -0.00003714 -0.00052419 0.00001055 0.00017093 0.00022992 -0.00001628 
-0.00069834 -0.00008027 0.00002881 -0.00008457 -0.00053588 0.00002973 0.00031456 0.00025728 -0.00002554 
-0.00063651 -0.00015400 0.00003395 -0.00015597 -0.00062700 0.00004799 0.00040278 0.00030931 -0.00003777 
-0.00068047 -0.00027389 0.00004788 -0.00029483 -0.00114505 0.00005815 0.00055412 0.00046336 -0.00006387 
-0.00085957 -0.00039874 0.00007575 -0.00044405 -0.00226620 0.00004227 0.00071936 0.00063575 -0.00008940 
-0.00107019 -0.00043121 0.00009429 -0.00046983 -0.00319867 0.00002456 0.00069171 0.00063851 -0.00009108 
-0.00110728 -0.00042263 0.00008442 -0.00042379 -0.00360338 0.00000617 0.00050526 0.00033928 -0.00007715 
-0.00100055 -0.00038060 0.00005456 -0.00033652 -0.00354247 -0.00000056 0.00033243 -0.00011901 -0.00006390 
-0.00075895 -0.00027056 0.00001282 -0.00021530 -0.00288940 -0.00003356 0.00020714 -0.00049470 -0.00004704 
-0.00048222 -0.00013894 -0.00002750 -0.00010248 -0.00183041 -0.00005728 0.00015467 -0.00060242 -0.00004051 
-0.00040738 -0.00005133 -0.00002914 -0.00004073 -0.00123312 -0.00005493 0.00015654 -0.00050629 -0.00003641 
-0.00040716 0.00001694 -0.00001595 0.00001607 -0.00101425 -0.00005195 0.00019067 -0.00044764 -0.00003496 
-0.00044727 0.00008399 -0.00000366 0.00007900 -0.00086693 -0.00004733 0.00023543 -0.00041421 -0.00003273 
-0.00051983 0.00012168 0.00000618 0.00011360 -0.00078951 -0.00004562 0.00027635 -0.00038081 -0.00003325 
-0.00060876 0.00013082 0.00002198 0.00012302 -0.00073300 -0.00003733 0.00031933 -0.00033102 -0.00003611 
-0.00068119 0.00012677 0.00003397 0.00012076 -0.00068983 -0.00003087 0.00034373 -0.00026616 -0.00003542 
-0.00075434 0.00011099 0.00003451 0.00011106 -0.00062958 -0.00002506 0.00032407 -0.00018854 -0.00003362 
-0.00078138 0.00008776 0.00003088 0.00009262 -0.00055947 -0.00000735 0.00027434 -0.00011823 -0.00002924 
-0.00079791 0.00004228 0.00002991 0.00005182 -0.00050536 0.00001073 0.00022101 -0.00006637 -0.00002776 
-0.00082364 -0.00001672 0.00002024 -0.00000740 -0.00047725 0.00001848 0.00014574 -0.00004139 -0.00002883 
-0.00082564 -0.00007817 0.00000796 -0.00007143 -0.00049795 0.00001714 0.00005851 -0.00004251 -0.00002989 
-0.00079492 -0.00012484 0.00000145 -0.00012133 -0.00055542 0.00001252 -0.00001541 -0.00006627 -0.00003069 
-0.00071112 -0.00015443 -0.00000103 -0.00015510 -0.00059406 0.00000612 -0.00007628 -0.00011410 -0.00002763 
-0.00062663 -0.00015874 -0.00000569 -0.00016315 -0.00064986 0.00000229 -0.00011866 -0.00016893 -0.00002646 
-0.00056680 -0.00014320 -0.00002036 -0.00015192 -0.00071380 0.00000258 -0.00014482 -0.00022873 -0.00002725 
-0.00052312 -0.00008376 -0.00002427 -0.00009548 -0.00076750 -0.00000274 -0.00013188 -0.00028984 -0.00002798 
-0.00050407 -0.00001256 -0.00002204 -0.00002768 -0.00080537 -0.00000312 -0.00008786 -0.00033908 -0.00002743 
-0.00050256 0.00005740 -0.00002693 0.00003981 -0.00080225 -0.00000290 -0.00003956 -0.00036576 -0.00002692 
-0.00051496 0.00012145 -0.00002476 0.00010224 -0.00077202 -0.00000386 0.00001505 -0.00036959 -0.00002509 
-0.00056774 0.00016437 -0.00002049 0.00014454 -0.00072898 -0.00000273 0.00006509 -0.00035498 -0.00002295 
-0.00061527 0.00019123 -0.00002197 0.00017064 -0.00065707 -0.00000223 0.00009809 -0.00031486 -0.00002148 
-0.00064443 0.00018005 -0.00001992 0.00016224 -0.00057699 -0.00000342 0.00011355 -0.00024893 -0.00001844 
-0.00069829 0.00015444 -0.00001409 0.00014124 -0.00053106 -0.00000363 0.00010576 -0.00017695 -0.00001498 
-0.00074914 0.00012161 -0.00001544 0.00011316 -0.00050016 -0.00000906 0.00006878 -0.00011519 -0.00001339 
-0.00081672 0.00008396 -0.00001389 0.00007905 -0.00049686 -0.00001362 0.00001156 -0.00005718 -0.00001259 
-0.00084235 0.00003558 -0.00000319 0.00003075 -0.00048457 -0.00001617 -0.00004485 -0.00001552 -0.00001050 
-0.00086426 -0.00000968 -0.00000004 -0.00001169 -0.00053087 -0.00002289 -0.00011297 -0.00000243 -0.00001126 
-0.00082433 -0.00004404 0.00000154 -0.00004408 -0.00053413 -0.00002364 -0.00015799 -0.00001651 -0.00001138 
-0.00078390 -0.00007635 0.00000584 -0.00007456 -0.00055254 -0.00001898 -0.00019022 -0.00004599 -0.00001090 
-0.00075733 -0.00011184 0.00000742 -0.00010693 -0.00057275 -0.00001245 -0.00020030 -0.00008273 -0.00000995 
-0.00072118 -0.00013548 0.00000513 -0.00012872 -0.00058880 -0.00000540 -0.00019826 -0.00011340 -0.00000904 
-0.00068191 -0.00015420 0.00000381 -0.00014687 -0.00060404 0.00000143 -0.00017488 -0.00013901 -0.00000999 
-0.00065330 -0.00015844 0.00000287 -0.00015120 -0.00064805 0.00000379 -0.00014373 -0.00016204 -0.00001254 
-0.00059540 -0.00015109 0.00000313 -0.00014442 -0.00067035 0.00000631 -0.00010692 -0.00016781 -0.00001707 
-0.00056233 -0.00013511 0.00000248 -0.00012710 -0.00071562 0.00000645 -0.00007596 -0.00016812 -0.00001910 
-0.00051244 -0.00010472 0.00000066 -0.00009655 -0.00075341 0.00000299 -0.00003698 -0.00015871 -0.00001921 
-0.00047888 -0.00006334 -0.00000503 -0.00005614 -0.00078057 -0.00000152 -0.00000484 -0.00014577 -0.00001903 
-0.00047738 -0.00002170 -0.00000942 -0.00001497 -0.00079751 -0.00000586 0.00001907 -0.00012200 -0.00001847 
-0.00048981 0.00002633 -0.00000540 0.00003387 -0.00081315 -0.00000749 0.00002476 -0.00008829 -0.00001806 
-0.00049341 0.00008119 -0.00000628 0.00008749 -0.00080368 -0.00000652 0.00001091 -0.00004509 -0.00001727 
-0.00053328 0.00013239 -0.00000911 0.00013757 -0.00077416 -0.00000414 -0.00002148 -0.00000494 -0.00001982 
-0.00059431 0.00016934 -0.00000967 0.00017433 -0.00072612 -0.00000236 -0.00006240 0.00003040 -0.00002019 
-0.00063426 0.00017091 -0.00001004 0.00017778 -0.00065360 -0.00000180 -0.00012090 0.00005045 -0.00002121 
-0.00065491 0.00013792 -0.00001028 0.00015139 -0.00058263 -0.00000233 -0.00017791 0.00005229 -0.00002150 
-0.00054134 0.00007899 -0.00001504 0.00010091 -0.00044386 -0.00000334 -0.00021913 0.00003442 -0.00001786 
-0.00023296 -0.00001258 -0.00001916 0.00000571 -0.00017632 -0.00000495 -0.00018680 0.00000746 -0.00000859 
