-0.00018519 0.00002023 -0.00001590 0.00000851 -0.00012958 0.00000556 -0.00016774 0.00000714 -0.00000878 
-0.00046768 -0.00002283 -0.00001618 -0.00003870 -0.00031466 0.00000859 -0.00023332 -0.00002097 -0.00001718 
-0.00056085 -0.00006615 -0.00001461 -0.00007472 -0.00039860 0.00000449 -0.00021739 -0.00005547 -0.00001942 
-0.00057916 -0.00010026 -0.00000879 -0.00010604 -0.00046301 -0.00000188 -0.00018406 -0.00007864 -0.00001961 
-0.00053432 -0.00011340 -0.00000444 -0.00011773 -0.00049414 -0.00000174 -0.00013545 -0.00008154 -0.00001752 
-0.00048857 -0.00011377 -0.00000206 -0.00011864 -0.00053400 0.00000146 -0.00009333 -0.00007255 -0.00001508 
-0.00042953 -0.00009719 0.00000036 -0.00010233 -0.00057290 0.00000438 -0.00005420 -0.00005314 -0.00001348 
-0.00038386 -0.00006383 -0.00000059 -0.00007011 -0.00059322 0.00000453 -0.00003105 -0.00002277 -0.00001174 
-0.00035264 -0.00002118 -0.00000043 -0.00002712 -0.00058750 0.00000366 -0.00001789 0.00001133 -0.00001169 
-0.00035753 0.00001414 0.00000218 0.00001050 -0.00060738 0.00000412 -0.00001078 0.00004846 -0.00001224 
-0.00036074 0.00005525 0.00000021 0.00005106 -0.00061086 0.00000640 -0.00001432 0.00008408 -0.00001191 
-0.00038407 0.00009359 -0.00000456 0.00008972 -0.00059058 0.00000466 -0.00003171 0.00011748 -0.00000850 
-0.00041988 0.00011598 -0.00001083 0.00011050 -0.00056091 -0.00000361 -0.00005956 0.00013041 -0.00000619 
-0.00046760 0.00012130 -0.00001222 0.00011753 -0.00052819 -0.00000779 -0.00008198 0.00013873 -0.00000318 
-0.00049711 0.00012152 -0.00000242 0.00011745 -0.00049262 -0.00000287 -0.00009981 0.00013250 -0.00000096 
-0.00052340 0.00011407 0.00000416 0.00011066 -0.00045501 -0.00000029 -0.00012045 0.00011033 -0.00000063 
-0.00054050 0.00009785 0.00000847 0.00009759 -0.00042298 0.00000404 -0.00013272 0.00008357 -0.00000204 
-0.00058287 0.00008002 0.00000855 0.00008167 -0.00039753 0.00000511 -0.00013614 0.00006001 -0.00000018 
-0.00060609 0.00005105 0.00000965 0.00005291 -0.00038393 0.00000911 -0.00012547 0.00003231 -0.00000105 
-0.00063146 0.00001910 0.00000771 0.00002215 -0.00040053 0.00001294 -0.00010665 0.00001082 -0.00000413 
-0.00062436 -0.00000865 0.00000614 -0.00000531 -0.00040397 0.00001285 -0.00007486 0.00000145 -0.00000681 
-0.00058714 -0.00004081 0.00000198 -0.00003615 -0.00039275 0.00001414 -0.00004020 0.00000381 -0.00000750 
-0.00057102 -0.00007102 -0.00000159 -0.00006551 -0.00041020 0.00001291 0.00000056 0.00002117 -0.00000978 
-0.00055289 -0.00009325 -0.00000399 -0.00008672 -0.00043828 0.00001135 0.00003862 0.00005250 -0.00001173 
-0.00054091 -0.00010278 -0.00000487 -0.00009533 -0.00048325 0.00000730 0.00006463 0.00010481 -0.00001346 
-0.00051435 -0.00010471 -0.00000713 -0.00009633 -0.00051136 0.00000774 0.00007095 0.00015642 -0.00001572 
-0.00046344 -0.00009997 -0.00000623 -0.00008958 -0.00053548 0.00000958 0.00006569 0.00020466 -0.00001511 
-0.00044997 -0.00008217 -0.00000712 -0.00007091 -0.00059965 0.00001083 0.00004322 0.00025230 -0.00001680 
-0.00044488 -0.00005271 -0.00000726 -0.00004187 -0.00062735 0.00001007 0.00000417 0.00028309 -0.00001986 
-0.00040827 -0.00001944 -0.00001186 -0.00000647 -0.00061120 0.00000465 -0.00004436 0.00028641 -0.00002082 
-0.00037825 0.00001047 -0.00000905 0.00002610 -0.00058153 0.00000285 -0.00008076 0.00027598 -0.00002021 
-0.00038719 0.00005167 -0.00000511 0.00006745 -0.00056864 0.00000251 -0.00011821 0.00026736 -0.00001921 
-0.00040975 0.00009451 -0.00000594 0.00011073 -0.00054036 0.00000009 -0.00014256 0.00023245 -0.00001900 
-0.00045965 0.00012409 -0.00000639 0.00013771 -0.00050859 -0.00000130 -0.00015138 0.00019019 -0.00001815 
-0.00051119 0.00012665 -0.00000402 0.00013583 -0.00045874 -0.00000657 -0.00013245 0.00014047 -0.00001714 
-0.00054888 0.00010261 0.00000212 0.00010873 -0.00041015 -0.00000754 -0.00008230 0.00009904 -0.00001610 
-0.00058555 0.00006198 0.00000570 0.00006614 -0.00038708 -0.00000942 -0.00001577 0.00007248 -0.00001676 
-0.00060288 0.00001512 0.00001009 0.00001884 -0.00037923 -0.00000326 0.00006322 0.00006711 -0.00001789 
-0.00060904 -0.00002985 0.00001443 -0.00002656 -0.00038353 0.00000233 0.00014865 0.00008636 -0.00001952 
-0.00057884 -0.00007250 0.00001834 -0.00007021 -0.00037981 0.00000877 0.00022456 0.00012819 -0.00001929 
-0.00054383 -0.00009863 0.00002107 -0.00009536 -0.00040078 0.00001189 0.00027324 0.00017035 -0.00002108 
-0.00048559 -0.00011239 0.00001822 -0.00010739 -0.00044119 0.00001806 0.00028153 0.00021867 -0.00002145 
-0.00042789 -0.00010379 0.00000870 -0.00009681 -0.00048099 0.00002757 0.00026542 0.00027041 -0.00001998 
-0.00039341 -0.00008134 0.00000118 -0.00007118 -0.00055515 0.00003536 0.00023642 0.00030881 -0.00002084 
-0.00035450 -0.00005457 -0.00000916 -0.00004286 -0.00067130 0.00004600 0.00021276 0.00035692 -0.00002312 
-0.00032096 -0.00001754 -0.00002002 -0.00000930 -0.00080858 0.00004887 0.00018183 0.00038277 -0.00002201 
-0.00034210 0.00003540 -0.00002959 0.00001059 -0.00120172 0.00004566 0.00019751 0.00047214 -0.00003064 
-0.00052604 0.00009649 -0.00001545 0.00004294 -0.00213680 0.00002547 0.00024836 0.00047266 -0.00004357 
-0.00072194 0.00016017 0.00000530 0.00011860 -0.00292689 0.00000079 0.00032000 0.00011198 -0.00005480 
-0.00081120 0.00020184 0.00001613 0.00019437 -0.00314629 -0.00002158 0.00040964 -0.00039542 -0.00006352 
-0.00079729 0.00021742 0.00003157 0.00024595 -0.00287895 -0.00004103 0.00056111 -0.00076479 -0.00007709 
-0.00064078 0.00020559 0.00003352 0.00024402 -0.00201428 -0.00005425 0.00059610 -0.00080623 -0.00007481 
-0.00043334 0.00016153 0.00001551 0.00016501 -0.00094232 -0.00006515 0.00044489 -0.00052741 -0.00004986 
-0.00042453 0.00012287 0.00001887 0.00011817 -0.00053749 -0.00004808 0.00033663 -0.00031628 -0.00003322 
-0.00049109 0.00008139 0.00002497 0.00007916 -0.00041965 -0.00003381 0.00028720 -0.00024098 -0.00002114 
-0.00055556 0.00005121 0.00002280 0.00005246 -0.00036364 -0.00002577 0.00018556 -0.00019282 -0.00000812 
-0.00058543 0.00002313 0.00002147 0.00002292 -0.00037685 -0.00002126 0.00004881 -0.00017480 -0.00000182 
-0.00059491 0.00000135 0.00001518 -0.00000112 -0.00037489 -0.00001902 -0.00012156 -0.00018609 -0.00000561 
-0.00058122 -0.00002472 0.00000368 -0.00002949 -0.00035912 -0.00002133 -0.00024524 -0.00022181 -0.00001474 
-0.00053634 -0.00004865 -0.00000826 -0.00005126 -0.00034737 -0.00002104 -0.00030738 -0.00028180 -0.00002335 
-0.00049255 -0.00007374 -0.00001322 -0.00007183 -0.00038536 -0.00003205 -0.00033804 -0.00035104 -0.00003500 
-0.00045625 -0.00007544 -0.00001847 -0.00007211 -0.00041002 -0.00003862 -0.00032543 -0.00041618 -0.00004363 
-0.00037201 -0.00008135 -0.00000971 -0.00006950 -0.00041610 -0.00004707 -0.00027056 -0.00044083 -0.00005236 
-0.00030686 -0.00008097 0.00000747 -0.00005796 -0.00045432 -0.00005543 -0.00020995 -0.00050220 -0.00005415 
-0.00030258 -0.00008990 0.00001744 -0.00005956 -0.00060094 -0.00006130 -0.00017544 -0.00062080 -0.00006438 
-0.00033571 -0.00009378 0.00002992 -0.00007051 -0.00096009 -0.00008188 -0.00015777 -0.00087759 -0.00008891 
-0.00049381 -0.00007257 0.00004016 -0.00009354 -0.00170994 -0.00010014 -0.00013743 -0.00121145 -0.00011189 
-0.00080974 -0.00004061 -0.00000146 -0.00010959 -0.00327977 -0.00010688 -0.00016948 -0.00132267 -0.00011975 
-0.00097159 0.00002414 -0.00004359 0.00001199 -0.00420156 -0.00011694 -0.00028852 -0.00065517 -0.00011881 
-0.00095098 0.00011012 -0.00006311 0.00018260 -0.00420231 -0.00012981 -0.00051958 0.00014210 -0.00010248 
-0.00081968 0.00016464 -0.00006621 0.00027971 -0.00338319 -0.00010231 -0.00074269 0.00063530 -0.00008005 
-0.00062920 0.00017956 -0.00005248 0.00025964 -0.00211999 -0.00002720 -0.00075084 0.00067221 -0.00005723 
-0.00051569 0.00011902 -0.00004959 0.00013598 -0.00107151 0.00002884 -0.00060620 0.00047010 -0.00004287 
-0.00052998 0.00005863 -0.00005156 0.00005420 -0.00067038 0.00002424 -0.00047603 0.00030769 -0.00002694 
-0.00056589 0.00001288 -0.00004795 0.00000158 -0.00049883 0.00001280 -0.00031782 0.00020076 -0.00001380 
-0.00060939 -0.00001810 -0.00003689 -0.00003325 -0.00047088 0.00000902 -0.00011629 0.00015263 -0.00000714 
-0.00064212 -0.00005804 -0.00002215 -0.00007644 -0.00047069 0.00000391 0.00008629 0.00017185 -0.00000966 
-0.00061954 -0.00008721 -0.00000617 -0.00010593 -0.00046620 -0.00000311 0.00025421 0.00022364 -0.00001331 
-0.00057849 -0.00010908 0.00000442 -0.00012663 -0.00049593 0.00000370 0.00034134 0.00030846 -0.00002086 
-0.00050613 -0.00009977 0.00001227 -0.00011640 -0.00051277 0.00001386 0.00035127 0.00040855 -0.00003006 
-0.00047289 -0.00006618 0.00002442 -0.00008497 -0.00057087 0.00002110 0.00035161 0.00050498 -0.00004538 
-0.00040952 -0.00005171 0.00001231 -0.00005697 -0.00059402 0.00003704 0.00028101 0.00055341 -0.00005429 
-0.00032898 -0.00001490 -0.00000471 -0.00001401 -0.00058715 0.00004944 0.00019408 0.00056538 -0.00005950 
-0.00027952 0.00002664 -0.00001804 0.00003878 -0.00058148 0.00005379 0.00010557 0.00058333 -0.00005726 
-0.00026214 0.00006305 -0.00002547 0.00007804 -0.00061611 0.00005824 0.00003608 0.00062582 -0.00005766 
-0.00030253 0.00011316 -0.00002304 0.00012254 -0.00079187 0.00006325 -0.00001476 0.00073182 -0.00006254 
-0.00044982 0.00016293 -0.00001359 0.00013978 -0.00138991 0.00008523 -0.00006738 0.00102263 -0.00007979 
-0.00078914 0.00020371 0.00003534 0.00015852 -0.00271921 0.00011613 -0.00005611 0.00121215 -0.00009516 
-0.00104829 0.00026835 0.00008078 0.00027217 -0.00356213 0.00012892 0.00007758 0.00075206 -0.00008700 
-0.00100978 0.00030839 0.00008264 0.00037088 -0.00340491 0.00013069 0.00029027 0.00010314 -0.00006290 
-0.00083651 0.00028029 0.00007910 0.00036416 -0.00263206 0.00011808 0.00044120 -0.00028647 -0.00003458 
-0.00065318 0.00017817 0.00006014 0.00023248 -0.00156755 0.00004852 0.00039123 -0.00035807 -0.00000923 
-0.00053843 0.00005143 0.00003624 0.00005489 -0.00075174 -0.00001373 0.00024202 -0.00022552 -0.00000058 
-0.00051309 -0.00001768 0.00002470 -0.00002733 -0.00051220 0.00000182 0.00011662 -0.00016349 0.00000541 
-0.00055377 -0.00006053 0.00001985 -0.00007699 -0.00044881 0.00000784 0.00000807 -0.00015305 0.00000367 
-0.00054640 -0.00009400 0.00001163 -0.00011218 -0.00043024 0.00000426 -0.00011214 -0.00018671 -0.00000436 
-0.00053147 -0.00010616 0.00000322 -0.00012278 -0.00043765 0.00000781 -0.00020888 -0.00023510 -0.00001109 
-0.00050368 -0.00012067 -0.00000748 -0.00013791 -0.00044771 0.00000361 -0.00026023 -0.00030680 -0.00001597 
-0.00048515 -0.00011518 -0.00001357 -0.00012534 -0.00048420 -0.00001009 -0.00028520 -0.00037847 -0.00002454 
-0.00045812 -0.00010113 -0.00000715 -0.00010463 -0.00050200 -0.00002622 -0.00026055 -0.00044070 -0.00003244 
-0.00042527 -0.00007932 -0.00000770 -0.00008254 -0.00052559 -0.00003196 -0.00022614 -0.00048600 -0.00003826 
-0.00038540 -0.00005820 -0.00000724 -0.00006042 -0.00055186 -0.00003889 -0.00017347 -0.00054021 -0.00004499 
-0.00032393 -0.00004435 0.00000734 -0.00003984 -0.00059103 -0.00004347 -0.00009854 -0.00059068 -0.00004823 
-0.00029578 -0.00001091 0.00002278 0.00000738 -0.00067985 -0.00004265 -0.00002163 -0.00065573 -0.00005029 
-0.00028654 0.00003256 0.00003009 0.00006091 -0.00075788 -0.00003674 0.00005405 -0.00068707 -0.00005105 
-0.00033106 0.00010006 0.00003193 0.00012055 -0.00094264 -0.00004244 0.00011590 -0.00076648 -0.00005890 
-0.00044349 0.00018854 0.00003146 0.00018239 -0.00146255 -0.00006173 0.00017548 -0.00087758 -0.00007233 
-0.00070044 0.00030448 -0.00001517 0.00029273 -0.00267539 -0.00015028 0.00007427 -0.00085147 -0.00009654 
-0.00084548 0.00043361 -0.00005286 0.00047345 -0.00310809 -0.00020909 -0.00018135 -0.00039093 -0.00008620 
-0.00083700 0.00045675 -0.00005657 0.00052951 -0.00264591 -0.00019595 -0.00044426 0.00003131 -0.00006564 
-0.00072181 0.00034560 -0.00004598 0.00041650 -0.00185394 -0.00015136 -0.00057155 0.00022263 -0.00003807 
-0.00058321 0.00015048 -0.00004158 0.00017744 -0.00103660 -0.00006008 -0.00048406 0.00021077 -0.00001508 
-0.00053791 0.00000609 -0.00003650 0.00000155 -0.00066692 -0.00001854 -0.00032481 0.00013667 -0.00000636 
-0.00054546 -0.00006730 -0.00002635 -0.00008406 -0.00053063 -0.00002169 -0.00016920 0.00010848 -0.00000364 
-0.00054807 -0.00009814 -0.00001269 -0.00012145 -0.00053506 -0.00002399 0.00000960 0.00014421 -0.00000573 
-0.00055226 -0.00009716 0.00000484 -0.00012140 -0.00058301 -0.00002671 0.00016820 0.00023715 -0.00001180 
-0.00053334 -0.00009118 0.00001756 -0.00011441 -0.00060535 -0.00002008 0.00026160 0.00033376 -0.00001920 
-0.00045731 -0.00009341 0.00001397 -0.00010869 -0.00058346 -0.00000286 0.00027150 0.00040551 -0.00002601 
-0.00038918 -0.00009142 0.00001011 -0.00009751 -0.00055863 0.00001050 0.00023303 0.00045049 -0.00003133 
-0.00036539 -0.00007236 0.00000281 -0.00007415 -0.00057360 0.00002373 0.00017778 0.00050109 -0.00003698 
-0.00033757 -0.00004450 -0.00000409 -0.00004411 -0.00056826 0.00003209 0.00011133 0.00052624 -0.00003922 
-0.00033461 0.00001086 -0.00000781 0.00001179 -0.00056337 0.00003505 0.00004566 0.00054405 -0.00003894 
-0.00033496 0.00006437 -0.00001288 0.00006533 -0.00052782 0.00003007 -0.00002201 0.00051632 -0.00003427 
-0.00033846 0.00010704 -0.00001546 0.00011487 -0.00052572 0.00002729 -0.00007932 0.00049342 -0.00003096 
-0.00039541 0.00014755 -0.00002522 0.00016166 -0.00058859 0.00002822 -0.00013754 0.00050790 -0.00002935 
-0.00047339 0.00018602 -0.00002315 0.00018768 -0.00079830 0.00004117 -0.00016826 0.00058133 -0.00003428 
-0.00057815 0.00021392 -0.00000833 0.00020813 -0.00124794 0.00007042 -0.00015647 0.00062082 -0.00004295 
-0.00079767 0.00025905 0.00002914 0.00025654 -0.00195490 0.00015185 -0.00004012 0.00058061 -0.00006222 
-0.00084924 0.00027163 0.00004463 0.00030079 -0.00208474 0.00020021 0.00011511 0.00028882 -0.00004498 
-0.00078599 0.00019391 0.00004936 0.00022977 -0.00175777 0.00014565 0.00021463 0.00003811 -0.00001152 
-0.00072422 0.00008861 0.00003874 0.00010129 -0.00144327 0.00003861 0.00020937 -0.00007907 -0.00000385 
-0.00063939 0.00000265 0.00003480 -0.00000556 -0.00101683 -0.00004141 0.00012942 -0.00016618 -0.00000636 
-0.00054565 -0.00005822 0.00002376 -0.00007062 -0.00069663 -0.00002501 0.00002521 -0.00018760 -0.00000826 
-0.00051693 -0.00008569 0.00001385 -0.00009503 -0.00053105 0.00000308 -0.00008054 -0.00021383 -0.00000251 
-0.00049801 -0.00010739 0.00000415 -0.00011912 -0.00047449 0.00000822 -0.00014982 -0.00024922 -0.00000085 
-0.00045921 -0.00011761 -0.00000080 -0.00012636 -0.00044549 0.00000265 -0.00017481 -0.00030653 -0.00000664 
-0.00045403 -0.00011740 -0.00000866 -0.00012330 -0.00047303 -0.00000545 -0.00017891 -0.00036353 -0.00001152 
-0.00044687 -0.00011061 -0.00001252 -0.00011835 -0.00051502 -0.00001580 -0.00016352 -0.00042320 -0.00001641 
-0.00041885 -0.00009836 -0.00000900 -0.00010584 -0.00055054 -0.00002348 -0.00012639 -0.00046613 -0.00001957 
-0.00040221 -0.00007214 -0.00000628 -0.00007976 -0.00057530 -0.00002531 -0.00007536 -0.00050882 -0.00002198 
-0.00037924 -0.00003927 0.00000040 -0.00003948 -0.00059952 -0.00002896 -0.00000989 -0.00055044 -0.00002591 
-0.00036861 0.00001180 0.00001034 0.00001547 -0.00058600 -0.00002713 0.00006260 -0.00054418 -0.00002807 
-0.00039822 0.00004783 0.00002166 0.00005984 -0.00058290 -0.00001963 0.00012978 -0.00052599 -0.00002858 
-0.00044100 0.00006333 0.00002982 0.00007685 -0.00061450 -0.00001257 0.00019415 -0.00051371 -0.00003132 
-0.00045830 0.00008475 0.00003294 0.00009988 -0.00067812 -0.00000402 0.00023492 -0.00048365 -0.00002895 
-0.00048213 0.00012376 0.00002921 0.00013388 -0.00082833 -0.00000830 0.00022431 -0.00046436 -0.00003253 
-0.00056953 0.00017978 0.00001619 0.00018993 -0.00119666 -0.00005767 0.00013846 -0.00041857 -0.00004260 
-0.00073009 0.00025154 -0.00001379 0.00027104 -0.00178041 -0.00017116 -0.00003744 -0.00038674 -0.00006560 
-0.00069943 0.00021829 -0.00001185 0.00024828 -0.00171001 -0.00016622 -0.00017783 -0.00018494 -0.00004399 
-0.00071008 0.00015211 -0.00002391 0.00016701 -0.00157955 -0.00005036 -0.00022990 -0.00000378 -0.00002202 
-0.00073594 0.00003521 -0.00003751 0.00002163 -0.00152384 0.00009404 -0.00022313 0.00011946 -0.00003015 
-0.00062845 -0.00004664 -0.00002571 -0.00006458 -0.00127729 0.00012879 -0.00012021 0.00023156 -0.00003523 
-0.00052246 -0.00005840 0.00000070 -0.00006908 -0.00092023 0.00005795 0.00001778 0.00025922 -0.00002813 
-0.00049149 -0.00007626 0.00001054 -0.00008004 -0.00070478 0.00001431 0.00013204 0.00033316 -0.00002470 
-0.00043588 -0.00007058 0.00001704 -0.00008001 -0.00056794 0.00000512 0.00017015 0.00036043 -0.00001792 
-0.00039927 -0.00006337 0.00002006 -0.00007303 -0.00051410 0.00000989 0.00016757 0.00039387 -0.00001913 
-0.00039058 -0.00004836 0.00001991 -0.00005768 -0.00052169 0.00001764 0.00014875 0.00045438 -0.00002459 
-0.00039023 -0.00002456 0.00000714 -0.00003056 -0.00053871 0.00002674 0.00009608 0.00051078 -0.00002813 
-0.00040859 0.00001517 0.00000204 0.00000990 -0.00055124 0.00003350 0.00003466 0.00053049 -0.00003233 
-0.00038646 0.00004638 -0.00000296 0.00003886 -0.00052116 0.00003519 -0.00003195 0.00051456 -0.00003292 
-0.00037666 0.00007252 -0.00000415 0.00007289 -0.00050426 0.00002927 -0.00009304 0.00049963 -0.00002871 
-0.00038790 0.00008735 -0.00000783 0.00009633 -0.00048914 0.00002024 -0.00014979 0.00047649 -0.00002594 
-0.00042884 0.00009511 -0.00001152 0.00011264 -0.00049957 0.00001246 -0.00019534 0.00044555 -0.00002120 
-0.00046835 0.00009539 -0.00001290 0.00011875 -0.00053232 0.00000131 -0.00021647 0.00039991 -0.00001646 
-0.00050617 0.00008447 -0.00001510 0.00011200 -0.00060979 -0.00001498 -0.00020520 0.00034317 -0.00001251 
-0.00054212 0.00007510 -0.00001183 0.00009759 -0.00077168 -0.00001304 -0.00014093 0.00032107 -0.00001724 
-0.00055881 0.00006323 0.00000415 0.00008400 -0.00107610 0.00003775 -0.00001963 0.00031572 -0.00002712 
-0.00063643 0.00004701 0.00002564 0.00006723 -0.00141830 0.00009145 0.00012028 0.00028481 -0.00003521 
-0.00076525 -0.00001114 0.00004026 -0.00000501 -0.00163146 0.00005361 0.00020806 0.00013147 -0.00002343 
-0.00075439 -0.00014257 0.00004006 -0.00017374 -0.00170245 -0.00009411 0.00022673 -0.00002389 -0.00002034 
-0.00076838 -0.00022493 0.00004025 -0.00026427 -0.00194886 -0.00023478 0.00016011 -0.00026272 -0.00004542 
-0.00071569 -0.00023720 0.00003730 -0.00025058 -0.00181405 -0.00017264 0.00002480 -0.00047060 -0.00005954 
-0.00055783 -0.00018975 0.00000598 -0.00019378 -0.00110878 -0.00004762 -0.00012205 -0.00047967 -0.00003609 
-0.00049356 -0.00013629 -0.00001186 -0.00014416 -0.00074847 -0.00000795 -0.00017810 -0.00045435 -0.00002300 
-0.00045509 -0.00011555 -0.00001621 -0.00013002 -0.00062062 -0.00000747 -0.00017929 -0.00046400 -0.00001920 
-0.00042533 -0.00010037 -0.00001495 -0.00011916 -0.00058064 -0.00001667 -0.00014276 -0.00049725 -0.00002197 
-0.00038652 -0.00007715 -0.00001680 -0.00009338 -0.00055540 -0.00002551 -0.00009531 -0.00051039 -0.00002615 
-0.00036744 -0.00005024 -0.00000629 -0.00005770 -0.00056438 -0.00003016 -0.00003067 -0.00053157 -0.00003282 
-0.00037192 -0.00001670 0.00000275 -0.00001499 -0.00059051 -0.00002910 0.00003401 -0.00054673 -0.00003546 
-0.00036356 0.00001285 0.00001185 0.00002386 -0.00058284 -0.00002171 0.00009910 -0.00050942 -0.00003373 
-0.00035582 0.00003813 0.00001927 0.00005733 -0.00056506 -0.00001465 0.00015633 -0.00046424 -0.00003114 
-0.00039535 0.00005678 0.00002983 0.00008163 -0.00055336 -0.00000295 0.00020905 -0.00041923 -0.00003124 
-0.00043784 0.00006186 0.00003446 0.00008599 -0.00054899 0.00000958 0.00022844 -0.00035014 -0.00002890 
-0.00045764 0.00006681 0.00002645 0.00008778 -0.00054733 0.00001857 0.00020045 -0.00028620 -0.00002197 
-0.00048490 0.00007122 0.00001874 0.00008967 -0.00055946 0.00001731 0.00012634 -0.00021628 -0.00001847 
-0.00049592 0.00006461 0.00001018 0.00008367 -0.00060377 0.00000422 0.00000487 -0.00018276 -0.00001903 
-0.00052505 0.00003742 -0.00000703 0.00005919 -0.00080802 -0.00003139 -0.00016654 -0.00018205 -0.00002423 
-0.00060854 -0.00003338 -0.00002008 -0.00001580 -0.00119362 -0.00005364 -0.00031306 -0.00019200 -0.00002676 
-0.00070355 -0.00015330 -0.00002499 -0.00016896 -0.00162607 0.00005575 -0.00038198 -0.00013808 -0.00002279 
-0.00081573 -0.00028384 -0.00004164 -0.00033749 -0.00212358 0.00020837 -0.00037810 -0.00003283 -0.00004084 
-0.00088656 -0.00038717 -0.00003658 -0.00043490 -0.00267308 0.00026007 -0.00021229 0.00025957 -0.00008231 
-0.00077670 -0.00034585 -0.00001258 -0.00035750 -0.00248145 0.00020078 0.00002306 0.00060901 -0.00009551 
-0.00052439 -0.00021737 0.00003252 -0.00021945 -0.00145001 0.00007088 0.00018493 0.00068086 -0.00006743 
-0.00044170 -0.00012951 0.00004297 -0.00014246 -0.00089546 0.00002727 0.00017573 0.00060769 -0.00004924 
-0.00042048 -0.00007619 0.00004539 -0.00009866 -0.00069099 0.00002425 0.00013833 0.00057280 -0.00004593 
-0.00035897 -0.00003567 0.00003157 -0.00005397 -0.00057941 0.00002898 0.00005765 0.00053881 -0.00004052 
-0.00031946 0.00000889 0.00001448 0.00000202 -0.00053509 0.00003225 -0.00001221 0.00050120 -0.00003797 
-0.00034327 0.00006319 -0.00000322 0.00006522 -0.00051716 0.00003201 -0.00008919 0.00048067 -0.00003760 
-0.00039801 0.00009133 -0.00001102 0.00010452 -0.00051395 0.00002935 -0.00015564 0.00048254 -0.00003494 
-0.00043770 0.00010679 -0.00001524 0.00012545 -0.00049729 0.00002393 -0.00020639 0.00045798 -0.00002648 
-0.00046782 0.00011984 -0.00001959 0.00014134 -0.00046862 0.00001628 -0.00023963 0.00040625 -0.00002000 
-0.00052000 0.00012586 -0.00001572 0.00014948 -0.00046426 0.00000551 -0.00024578 0.00036256 -0.00000987 
-0.00058545 0.00011128 -0.00000603 0.00013297 -0.00048022 -0.00001031 -0.00023206 0.00030667 -0.00000154 
-0.00060380 0.00008470 0.00000351 0.00010809 -0.00047808 -0.00001753 -0.00016698 0.00024945 0.00000577 
-0.00056697 0.00004082 0.00001160 0.00005830 -0.00044976 -0.00001079 -0.00005405 0.00020454 0.00001044 
-0.00054252 0.00001046 0.00001825 0.00002185 -0.00043161 -0.00001125 0.00005469 0.00017999 0.00001243 
-0.00054646 -0.00004413 0.00002646 -0.00004152 -0.00058814 -0.00000761 0.00017211 0.00019851 0.00000320 
-0.00057403 -0.00016134 0.00003249 -0.00019216 -0.00103261 -0.00006213 0.00029951 0.00025131 -0.00000045 
-0.00074120 -0.00030204 0.00005378 -0.00035895 -0.00186479 -0.00014180 0.00040627 0.00024093 -0.00002870 
-0.00090095 -0.00042009 0.00006713 -0.00047737 -0.00270870 -0.00017746 0.00034406 0.00002228 -0.00005985 
-0.00095256 -0.00041267 0.00007541 -0.00043097 -0.00320362 -0.00018228 0.00017264 -0.00045382 -0.00008558 
-0.00078035 -0.00029848 0.00003656 -0.00026845 -0.00273009 -0.00013442 -0.00001020 -0.00095960 -0.00009418 
-0.00051089 -0.00019223 -0.00002342 -0.00016777 -0.00162615 -0.00006321 -0.00014108 -0.00099340 -0.00007181 
-0.00039139 -0.00012791 -0.00003427 -0.00012693 -0.00105299 -0.00005636 -0.00011309 -0.00087701 -0.00006013 
-0.00033706 -0.00007998 -0.00002802 -0.00009228 -0.00076232 -0.00005400 -0.00004507 -0.00073757 -0.00005354 
-0.00034018 -0.00003924 -0.00002698 -0.00004745 -0.00065982 -0.00005093 0.00002910 -0.00066642 -0.00005516 
-0.00031989 0.00001223 -0.00001144 0.00001108 -0.00058372 -0.00004029 0.00010560 -0.00058271 -0.00004862 
-0.00034875 0.00005452 0.00000331 0.00006589 -0.00058319 -0.00003194 0.00018386 -0.00054941 -0.00004409 
-0.00041071 0.00007435 0.00001077 0.00009245 -0.00058142 -0.00001741 0.00025498 -0.00051101 -0.00004248 
-0.00042927 0.00010933 0.00001372 0.00013397 -0.00053078 -0.00000471 0.00029136 -0.00044100 -0.00003050 
-0.00049122 0.00013462 0.00001807 0.00016314 -0.00050999 0.00000925 0.00033069 -0.00038374 -0.00002566 
-0.00056236 0.00014610 0.00001399 0.00017612 -0.00047827 0.00002011 0.00031617 -0.00032663 -0.00001929 
-0.00059206 0.00013500 0.00000075 0.00015859 -0.00043485 0.00002358 0.00022265 -0.00025118 -0.00001484 
-0.00060118 0.00011820 -0.00001655 0.00014001 -0.00042097 0.00002207 0.00004304 -0.00019306 -0.00001002 
-0.00058801 0.00007477 -0.00002917 0.00009278 -0.00039760 0.00000912 -0.00015905 -0.00016193 -0.00001118 
-0.00053878 0.00002362 -0.00003604 0.00003615 -0.00041420 0.00000234 -0.00030553 -0.00019014 -0.00000848 
-0.00052930 -0.00004721 -0.00004437 -0.00004201 -0.00062760 -0.00000678 -0.00044764 -0.00029109 -0.00001586 
-0.00063739 -0.00020422 -0.00005737 -0.00024339 -0.00140371 0.00004127 -0.00064975 -0.00048434 -0.00003408 
-0.00082277 -0.00032768 -0.00007880 -0.00041460 -0.00267544 0.00013189 -0.00068925 -0.00048313 -0.00005175 
-0.00091990 -0.00035161 -0.00007039 -0.00041801 -0.00361830 0.00016654 -0.00048570 -0.00007643 -0.00008010 
-0.00097029 -0.00029268 -0.00005373 -0.00029527 -0.00388035 0.00015235 -0.00022232 0.00064833 -0.00010104 
-0.00079489 -0.00018271 -0.00001613 -0.00014375 -0.00310867 0.00013189 -0.00005359 0.00122632 -0.00010408 
-0.00042220 -0.00008487 0.00003113 -0.00007284 -0.00170639 0.00008549 -0.00000801 0.00117919 -0.00008818 
-0.00030426 -0.00001491 0.00003304 -0.00003322 -0.00100823 0.00007065 -0.00004158 0.00090574 -0.00007649 
-0.00028055 0.00002763 0.00002101 -0.00000096 -0.00070872 0.00006954 -0.00011153 0.00073137 -0.00007001 
-0.00029001 0.00003568 0.00000769 0.00002264 -0.00056429 0.00006081 -0.00017631 0.00060761 -0.00006556 
-0.00033039 0.00004933 0.00000248 0.00004151 -0.00050676 0.00005115 -0.00023485 0.00053235 -0.00006029 
-0.00037909 0.00006948 0.00000066 0.00006644 -0.00046131 0.00004308 -0.00027392 0.00046134 -0.00005113 
-0.00044464 0.00008451 -0.00000939 0.00009187 -0.00044952 0.00003553 -0.00032458 0.00040770 -0.00004414 
-0.00049346 0.00009254 -0.00001307 0.00010266 -0.00039824 0.00002548 -0.00032223 0.00033773 -0.00002986 
-0.00056860 0.00007579 -0.00000929 0.00008377 -0.00038596 0.00001295 -0.00029094 0.00027417 -0.00002023 
-0.00059371 0.00004576 -0.00000154 0.00004775 -0.00037529 0.00000022 -0.00019802 0.00020733 -0.00000926 
-0.00061704 0.00001299 0.00000832 0.00001092 -0.00039201 -0.00000952 -0.00007233 0.00017694 -0.00000409 
-0.00057859 -0.00001725 0.00001536 -0.00002303 -0.00038616 -0.00000166 0.00008565 0.00017328 -0.00000414 
-0.00051143 -0.00004783 0.00001903 -0.00005292 -0.00039059 0.00001423 0.00020631 0.00019182 -0.00001206 
-0.00046450 -0.00010490 0.00002233 -0.00010840 -0.00045450 0.00002618 0.00028791 0.00023677 -0.00002039 
-0.00048577 -0.00018199 0.00003324 -0.00019596 -0.00079032 0.00003709 0.00041862 0.00036886 -0.00003726 
-0.00059444 -0.00028641 0.00004956 -0.00033010 -0.00170127 0.00002337 0.00057918 0.00056308 -0.00005993 
-0.00076836 -0.00032520 0.00006196 -0.00036569 -0.00262847 0.00000302 0.00057177 0.00056382 -0.00006790 
-0.00080813 -0.00032325 0.00005115 -0.00032638 -0.00302647 -0.00001093 0.00040651 0.00026324 -0.00006073 
-0.00070478 -0.00027578 0.00002521 -0.00023286 -0.00284125 -0.00001405 0.00027035 -0.00019292 -0.00005253 
-0.00050345 -0.00018656 -0.00000884 -0.00013758 -0.00212190 -0.00003157 0.00018137 -0.00051068 -0.00004043 
-0.00032780 -0.00010185 -0.00003386 -0.00008181 -0.00122945 -0.00003982 0.00012791 -0.00052259 -0.00002798 
-0.00030331 -0.00003829 -0.00002259 -0.00003975 -0.00088941 -0.00004389 0.00013624 -0.00044754 -0.00002635 
-0.00029793 0.00001395 -0.00001016 0.00000527 -0.00072114 -0.00004049 0.00017258 -0.00039478 -0.00002645 
-0.00032979 0.00006344 0.00000007 0.00005336 -0.00062276 -0.00003590 0.00021654 -0.00036930 -0.00002566 
-0.00039062 0.00009222 0.00000823 0.00008135 -0.00057640 -0.00003384 0.00026158 -0.00034169 -0.00002638 
-0.00045868 0.00009773 0.00001969 0.00008784 -0.00054089 -0.00002894 0.00030051 -0.00030213 -0.00002843 
-0.00052498 0.00009345 0.00002833 0.00008549 -0.00053254 -0.00002327 0.00032197 -0.00024593 -0.00002851 
-0.00057064 0.00008321 0.00002862 0.00008137 -0.00047500 -0.00001695 0.00029580 -0.00017138 -0.00002592 
-0.00059551 0.00006602 0.00002472 0.00006887 -0.00043228 -0.00000642 0.00024258 -0.00010838 -0.00002267 
-0.00059791 0.00003245 0.00002319 0.00003985 -0.00037875 0.00001236 0.00017818 -0.00006030 -0.00002059 
-0.00061815 -0.00001197 0.00001479 -0.00000471 -0.00035756 0.00001444 0.00009338 -0.00004544 -0.00002164 
-0.00062287 -0.00005490 0.00000446 -0.00004942 -0.00037186 0.00001205 0.00000297 -0.00005722 -0.00002259 
-0.00059931 -0.00009108 -0.00000089 -0.00008808 -0.00041639 0.00000911 -0.00006886 -0.00008602 -0.00002349 
-0.00053407 -0.00011778 -0.00000162 -0.00011887 -0.00044493 0.00000270 -0.00011781 -0.00013530 -0.00002087 
-0.00046993 -0.00012098 -0.00000448 -0.00012536 -0.00048230 -0.00000175 -0.00014743 -0.00018287 -0.00002045 
-0.00041778 -0.00010766 -0.00001364 -0.00011581 -0.00052802 -0.00000252 -0.00015538 -0.00022829 -0.00002145 
-0.00038203 -0.00006264 -0.00001445 -0.00007346 -0.00056621 -0.00000666 -0.00013148 -0.00026653 -0.00002187 
-0.00037045 -0.00001102 -0.00001195 -0.00002384 -0.00059222 -0.00000566 -0.00008754 -0.00028831 -0.00002118 
-0.00037854 0.00004046 -0.00001472 0.00002667 -0.00059743 -0.00000494 -0.00004501 -0.00028874 -0.00002088 
-0.00038705 0.00008558 -0.00001299 0.00007112 -0.00057573 -0.00000387 -0.00000448 -0.00026909 -0.00001820 
-0.00042642 0.00011632 -0.00001031 0.00010218 -0.00054500 -0.00000133 0.00002643 -0.00023614 -0.00001537 
-0.00046108 0.00013644 -0.00001262 0.00012200 -0.00049589 0.00000036 0.00004238 -0.00018922 -0.00001388 
-0.00048269 0.00013088 -0.00001385 0.00011810 -0.00043683 -0.00000018 0.00004759 -0.00013061 -0.00001148 
-0.00052106 0.00011525 -0.00001184 0.00010615 -0.00039975 -0.00000049 0.00003382 -0.00007207 -0.00000936 
-0.00055857 0.00009245 -0.00001372 0.00008636 -0.00037744 -0.00000539 0.00000364 -0.00003037 -0.00000837 
-0.00060708 0.00006561 -0.00001311 0.00006182 -0.00037441 -0.00000945 -0.00003319 0.00000259 -0.00000781 
-0.00063000 0.00002998 -0.00000530 0.00002625 -0.00036744 -0.00001249 -0.00006170 0.00002177 -0.00000635 
-0.00064687 -0.00000080 -0.00000211 -0.00000251 -0.00040002 -0.00001849 -0.00009198 0.00002185 -0.00000699 
-0.00061551 -0.00002667 -0.00000021 -0.00002690 -0.00040001 -0.00001882 -0.00010308 0.00000821 -0.00000670 
-0.00058246 -0.00005148 0.00000333 -0.00004964 -0.00040819 -0.00001470 -0.00010904 -0.00001151 -0.00000563 
-0.00056389 -0.00007973 0.00000504 -0.00007527 -0.00042451 -0.00000918 -0.00010415 -0.00003421 -0.00000452 
-0.00053418 -0.00009763 0.00000353 -0.00009256 -0.00043631 -0.00000307 -0.00009697 -0.00005194 -0.00000398 
-0.00050308 -0.00011286 0.00000262 -0.00010721 -0.00044818 0.00000232 -0.00008190 -0.00006660 -0.00000440 
-0.00048086 -0.00011545 0.00000182 -0.00010964 -0.00048181 0.00000463 -0.00006408 -0.00008248 -0.00000650 
-0.00043926 -0.00010843 0.00000164 -0.00010304 -0.00050251 0.00000633 -0.00004550 -0.00009082 -0.00001049 
-0.00041309 -0.00009551 0.00000093 -0.00008901 -0.00053631 0.00000634 -0.00003033 -0.00009413 -0.00001252 
-0.00037597 -0.00007204 0.00000071 -0.00006532 -0.00056158 0.00000352 -0.00001034 -0.00009503 -0.00001292 
-0.00035402 -0.00004109 -0.00000267 -0.00003499 -0.00057942 -0.00000001 0.00000707 -0.00009288 -0.00001319 
-0.00035391 -0.00001017 -0.00000571 -0.00000433 -0.00058993 -0.00000336 0.00001936 -0.00008116 -0.00001306 
-0.00036511 0.00002534 -0.00000180 0.00003186 -0.00060114 -0.00000412 0.00002029 -0.00005928 -0.00001277 
-0.00037006 0.00006613 -0.00000208 0.00007166 -0.00059236 -0.00000291 0.00000594 -0.00002769 -0.00001244 
-0.00040400 0.00010337 -0.00000502 0.00010795 -0.00057054 -0.00000120 -0.00002356 0.00000366 -0.00001461 
-0.00045055 0.00012958 -0.00000591 0.00013395 -0.00053626 0.00000018 -0.00006116 0.00003148 -0.00001525 
-0.00048138 0.00013023 -0.00000661 0.00013575 -0.00048330 0.00000023 -0.00011130 0.00004789 -0.00001613 
-0.00049921 0.00010517 -0.00000746 0.00011573 -0.00043235 -0.00000067 -0.00016072 0.00004850 -0.00001667 
-0.00041521 0.00005961 -0.00001143 0.00007621 -0.00033273 -0.00000146 -0.00019086 0.00003321 -0.00001431 
-0.00018200 -0.00000912 -0.00001561 0.00000406 -0.00013635 -0.00000258 -0.00015477 0.00000644 -0.00000833 
