-0.00083984 0.00007286 -0.00003462 0.00001804 -0.00066832 0.00004886 -0.00033717 0.00010164 -0.00002884 
-0.00209957 -0.00016580 -0.00005051 -0.00023665 -0.00165393 0.00004586 -0.00041193 0.00010932 -0.00007281 
-0.00260620 -0.00035510 -0.00005168 -0.00039792 -0.00217659 0.00004198 -0.00032679 0.00005100 -0.00009285 
-0.00279017 -0.00050552 -0.00002600 -0.00053548 -0.00257973 0.00002332 -0.00022338 0.00003835 -0.00009890 
-0.00266685 -0.00055466 -0.00001514 -0.00057462 -0.00275466 0.00003404 -0.00008808 0.00007812 -0.00009303 
-0.00251748 -0.00054145 -0.00001604 -0.00055925 -0.00298217 0.00006326 -0.00000981 0.00016520 -0.00008681 
-0.00230961 -0.00043228 -0.00001759 -0.00045076 -0.00319702 0.00008546 0.00005586 0.00025245 -0.00008449 
-0.00207947 -0.00023235 -0.00002195 -0.00025782 -0.00324057 0.00008686 0.00004083 0.00033142 -0.00007550 
-0.00197387 -0.00003068 -0.00002645 -0.00005174 -0.00314387 0.00007179 0.00001804 0.00037097 -0.00007486 
-0.00201082 0.00014481 -0.00001960 0.00013141 -0.00322592 0.00007453 -0.00002185 0.00041434 -0.00007922 
-0.00203187 0.00033396 -0.00002011 0.00031808 -0.00322076 0.00007026 -0.00004331 0.00043669 -0.00007731 
-0.00213275 0.00050767 -0.00003776 0.00048808 -0.00309033 0.00005055 -0.00010700 0.00044344 -0.00006657 
-0.00235698 0.00059991 -0.00005779 0.00058021 -0.00292823 0.00001909 -0.00016406 0.00041395 -0.00005844 
-0.00258672 0.00060653 -0.00004704 0.00059483 -0.00284694 0.00001151 -0.00017739 0.00038295 -0.00004867 
-0.00268152 0.00059547 -0.00002499 0.00058380 -0.00263868 0.00000845 -0.00016367 0.00034217 -0.00004306 
-0.00275187 0.00055424 0.00002429 0.00054631 -0.00239022 0.00002347 -0.00014895 0.00029679 -0.00004046 
-0.00295372 0.00047354 0.00004537 0.00047779 -0.00229606 0.00004346 -0.00012876 0.00026017 -0.00004805 
-0.00313688 0.00039250 0.00003721 0.00039937 -0.00218933 0.00005055 -0.00010488 0.00021771 -0.00004412 
-0.00322930 0.00026226 0.00005062 0.00026649 -0.00214583 0.00008400 -0.00004017 0.00019929 -0.00004870 
-0.00330809 0.00012009 0.00003597 0.00012747 -0.00211323 0.00008963 0.00001924 0.00017961 -0.00005789 
-0.00326801 -0.00002478 0.00001829 -0.00001461 -0.00208783 0.00008676 0.00007928 0.00017422 -0.00006810 
-0.00314303 -0.00018738 -0.00001151 -0.00017176 -0.00206351 0.00010707 0.00012358 0.00021708 -0.00007332 
-0.00306147 -0.00036815 -0.00003790 -0.00034836 -0.00213957 0.00009502 0.00016052 0.00025564 -0.00008029 
-0.00298265 -0.00051005 -0.00005641 -0.00048543 -0.00230199 0.00006254 0.00019476 0.00027425 -0.00007997 
-0.00293237 -0.00059662 -0.00008264 -0.00056694 -0.00253339 0.00004862 0.00019802 0.00034233 -0.00008032 
-0.00279962 -0.00062728 -0.00010298 -0.00059656 -0.00276594 0.00003914 0.00016970 0.00039551 -0.00007932 
-0.00256305 -0.00060995 -0.00009822 -0.00057418 -0.00295858 0.00004012 0.00015252 0.00044145 -0.00007582 
-0.00243285 -0.00050047 -0.00010215 -0.00046318 -0.00321798 0.00003716 0.00008949 0.00047855 -0.00007984 
-0.00232875 -0.00033293 -0.00010173 -0.00029404 -0.00336512 0.00001616 0.00001232 0.00047113 -0.00008123 
-0.00221287 -0.00015608 -0.00008063 -0.00011197 -0.00338109 -0.00000793 -0.00003930 0.00042959 -0.00008026 
-0.00210406 0.00003402 -0.00006677 0.00008447 -0.00325165 -0.00002771 -0.00010158 0.00037447 -0.00008125 
-0.00208636 0.00021491 -0.00004958 0.00027155 -0.00313984 -0.00003116 -0.00012266 0.00033112 -0.00007911 
-0.00220826 0.00041256 -0.00002516 0.00046958 -0.00307786 -0.00000554 -0.00012617 0.00029415 -0.00008442 
-0.00245538 0.00056691 -0.00002330 0.00061690 -0.00288850 -0.00000045 -0.00011660 0.00024452 -0.00009102 
-0.00266811 0.00057193 -0.00001280 0.00060966 -0.00262362 -0.00000141 -0.00007179 0.00019751 -0.00009374 
-0.00282655 0.00047097 -0.00000770 0.00049749 -0.00233112 -0.00001273 0.00000667 0.00014443 -0.00009209 
-0.00303047 0.00030921 0.00000814 0.00032908 -0.00222533 0.00001922 0.00009742 0.00016835 -0.00009633 
-0.00321709 0.00011718 0.00000835 0.00013314 -0.00223315 0.00003995 0.00018180 0.00019895 -0.00010433 
-0.00320811 -0.00008955 0.00001613 -0.00008005 -0.00213163 0.00004921 0.00029636 0.00023520 -0.00010471 
-0.00311282 -0.00031198 0.00001527 -0.00031212 -0.00215603 0.00007757 0.00041270 0.00032607 -0.00010593 
-0.00293260 -0.00046965 0.00001845 -0.00048250 -0.00238497 0.00009521 0.00051568 0.00042265 -0.00011285 
-0.00262201 -0.00055605 0.00000786 -0.00058363 -0.00265016 0.00012399 0.00058989 0.00057165 -0.00011827 
-0.00235832 -0.00054364 -0.00003722 -0.00058518 -0.00300339 0.00016846 0.00058309 0.00075440 -0.00012245 
-0.00215325 -0.00044644 -0.00005376 -0.00050753 -0.00353970 0.00019648 0.00058706 0.00091748 -0.00013946 
-0.00199748 -0.00027250 -0.00007742 -0.00036898 -0.00417288 0.00021026 0.00057693 0.00110896 -0.00014597 
-0.00197934 -0.00001252 -0.00010642 -0.00019998 -0.00542837 0.00021733 0.00066237 0.00148539 -0.00018877 
-0.00278774 0.00036598 0.00000743 0.00001620 -0.00858099 0.00014162 0.00080668 0.00212420 -0.00023768 
-0.00413238 0.00073286 0.00018736 0.00025234 -0.01244310 -0.00028594 0.00095488 0.00217881 -0.00023768 
-0.00490061 0.00104077 0.00029131 0.00064653 -0.01462290 -0.00065490 0.00104471 0.00106079 -0.00029533 
-0.00515239 0.00122944 0.00034151 0.00111306 -0.01505936 -0.00082045 0.00110955 -0.00074355 -0.00039140 
-0.00507029 0.00127463 0.00040783 0.00138032 -0.01379665 -0.00088857 0.00138619 -0.00219290 -0.00047447 
-0.00439820 0.00118752 0.00042071 0.00137123 -0.01101414 -0.00080988 0.00145605 -0.00259137 -0.00045849 
-0.00300344 0.00110775 0.00025404 0.00121538 -0.00672291 -0.00069025 0.00097322 -0.00202391 -0.00032371 
-0.00246800 0.00091419 0.00018530 0.00093255 -0.00401633 -0.00051522 0.00061609 -0.00128512 -0.00020233 
-0.00245492 0.00073632 0.00017124 0.00073616 -0.00300465 -0.00039188 0.00036381 -0.00099403 -0.00014474 
-0.00265771 0.00055753 0.00017551 0.00055042 -0.00248981 -0.00031580 0.00010172 -0.00085498 -0.00011286 
-0.00267469 0.00038318 0.00015649 0.00037950 -0.00219589 -0.00027704 -0.00016706 -0.00086106 -0.00010310 
-0.00264896 0.00027915 0.00013770 0.00029400 -0.00202316 -0.00024526 -0.00040104 -0.00085684 -0.00011458 
-0.00267538 0.00014384 0.00009955 0.00018094 -0.00192704 -0.00024299 -0.00060304 -0.00094631 -0.00013873 
-0.00260604 -0.00006354 0.00005780 -0.00001101 -0.00187647 -0.00024673 -0.00074347 -0.00107457 -0.00016572 
-0.00243585 -0.00023731 0.00004134 -0.00018001 -0.00195030 -0.00026511 -0.00081401 -0.00125862 -0.00019415 
-0.00231169 -0.00038270 0.00001848 -0.00033035 -0.00225324 -0.00029083 -0.00086490 -0.00143956 -0.00022656 
-0.00208057 -0.00047551 0.00002656 -0.00042558 -0.00264951 -0.00033920 -0.00085504 -0.00167617 -0.00026979 
-0.00183074 -0.00057243 0.00006953 -0.00053154 -0.00331514 -0.00040503 -0.00078837 -0.00203704 -0.00031377 
-0.00174695 -0.00061825 0.00008328 -0.00061508 -0.00448918 -0.00046909 -0.00075977 -0.00267558 -0.00038991 
-0.00230464 -0.00055574 0.00004172 -0.00067330 -0.00769523 -0.00076490 -0.00087403 -0.00398364 -0.00060508 
-0.00391042 -0.00022615 -0.00018749 -0.00064171 -0.01349891 -0.00086379 -0.00096062 -0.00568867 -0.00073756 
-0.00566193 0.00018541 -0.00046409 -0.00036530 -0.01944262 -0.00032385 -0.00108163 -0.00553738 -0.00060462 
-0.00636060 0.00049108 -0.00059300 0.00032974 -0.02194805 -0.00018930 -0.00119271 -0.00285898 -0.00064794 
-0.00630514 0.00079356 -0.00063452 0.00119653 -0.02137284 -0.00029775 -0.00162138 0.00024151 -0.00064217 
-0.00589758 0.00111670 -0.00065502 0.00178859 -0.01839149 -0.00021221 -0.00218694 0.00225721 -0.00056662 
-0.00482561 0.00124301 -0.00056843 0.00177693 -0.01342364 0.00002454 -0.00217132 0.00246814 -0.00046580 
-0.00351337 0.00114794 -0.00037420 0.00133458 -0.00799091 0.00036383 -0.00136308 0.00177135 -0.00034845 
-0.00306516 0.00074470 -0.00029171 0.00076982 -0.00490319 0.00026600 -0.00066438 0.00111286 -0.00021713 
-0.00308837 0.00041448 -0.00027650 0.00038357 -0.00372230 0.00021364 -0.00016533 0.00085013 -0.00016029 
-0.00322432 0.00010795 -0.00024422 0.00007092 -0.00318468 0.00018712 0.00029115 0.00082174 -0.00013592 
-0.00337899 -0.00013568 -0.00020993 -0.00017054 -0.00306417 0.00019489 0.00067374 0.00094416 -0.00014413 
-0.00314927 -0.00034599 -0.00015051 -0.00037036 -0.00296498 0.00017498 0.00095103 0.00114071 -0.00015472 
-0.00295567 -0.00050108 -0.00014577 -0.00051597 -0.00307575 0.00020860 0.00103858 0.00140001 -0.00018316 
-0.00262189 -0.00050587 -0.00012152 -0.00051988 -0.00326478 0.00022737 0.00101807 0.00164075 -0.00021757 
-0.00228470 -0.00037141 -0.00010498 -0.00039488 -0.00351852 0.00025193 0.00090585 0.00185577 -0.00025470 
-0.00202948 -0.00018472 -0.00012854 -0.00020268 -0.00378198 0.00029447 0.00074583 0.00205394 -0.00029652 
-0.00182336 0.00005859 -0.00016616 0.00003869 -0.00400360 0.00033055 0.00048599 0.00217059 -0.00031621 
-0.00176842 0.00030726 -0.00017628 0.00028755 -0.00431547 0.00035225 0.00026341 0.00230006 -0.00032722 
-0.00185410 0.00054873 -0.00016732 0.00051145 -0.00486636 0.00035347 0.00007943 0.00251387 -0.00034297 
-0.00245581 0.00079456 -0.00007297 0.00071688 -0.00664422 0.00048689 -0.00001302 0.00311509 -0.00044620 
-0.00399154 0.00115035 0.00017089 0.00094441 -0.01093167 0.00071394 -0.00010310 0.00430549 -0.00058211 
-0.00613186 0.00155186 0.00054296 0.00133520 -0.01583422 0.00055874 -0.00000506 0.00440276 -0.00058332 
-0.00703369 0.00174972 0.00076623 0.00178129 -0.01782922 0.00044523 0.00034243 0.00265009 -0.00056128 
-0.00669581 0.00166514 0.00073627 0.00203187 -0.01698020 0.00040794 0.00075015 0.00024548 -0.00046020 
-0.00597312 0.00134708 0.00069694 0.00185442 -0.01436917 0.00024739 0.00103395 -0.00151435 -0.00033163 
-0.00502494 0.00094186 0.00061781 0.00130498 -0.01072359 -0.00015728 0.00082075 -0.00199842 -0.00025186 
-0.00380436 0.00047314 0.00041081 0.00058153 -0.00679921 -0.00046401 0.00013115 -0.00168451 -0.00021946 
-0.00310630 0.00009886 0.00026442 0.00010436 -0.00416198 -0.00021695 -0.00035104 -0.00120860 -0.00008630 
-0.00296861 -0.00012810 0.00021236 -0.00014035 -0.00328137 -0.00015922 -0.00059791 -0.00115462 -0.00007315 
-0.00294439 -0.00028345 0.00018318 -0.00029370 -0.00305366 -0.00014171 -0.00077926 -0.00118044 -0.00009610 
-0.00287282 -0.00038947 0.00012566 -0.00038625 -0.00289293 -0.00008332 -0.00090867 -0.00127440 -0.00010790 
-0.00270825 -0.00047276 0.00009183 -0.00046190 -0.00289871 -0.00010672 -0.00092174 -0.00144670 -0.00013593 
-0.00258511 -0.00051360 0.00006476 -0.00049059 -0.00301139 -0.00014704 -0.00092669 -0.00163998 -0.00015922 
-0.00248765 -0.00051388 0.00006382 -0.00048369 -0.00320882 -0.00019589 -0.00084019 -0.00179349 -0.00019719 
-0.00232731 -0.00045743 0.00003997 -0.00042493 -0.00340037 -0.00021700 -0.00075288 -0.00191923 -0.00021558 
-0.00214486 -0.00037933 0.00004337 -0.00035580 -0.00371549 -0.00024259 -0.00058365 -0.00215196 -0.00024338 
-0.00182317 -0.00020851 0.00008192 -0.00019053 -0.00411565 -0.00024031 -0.00034792 -0.00233461 -0.00024037 
-0.00174865 0.00005062 0.00011529 0.00007063 -0.00475731 -0.00023879 -0.00011221 -0.00257147 -0.00026117 
-0.00180575 0.00031496 0.00011413 0.00034455 -0.00539209 -0.00022953 0.00008472 -0.00281241 -0.00027270 
-0.00223226 0.00059650 0.00007319 0.00059605 -0.00695903 -0.00036728 0.00029955 -0.00323560 -0.00035003 
-0.00336188 0.00099702 -0.00007325 0.00090394 -0.01063682 -0.00064489 0.00046968 -0.00404341 -0.00049724 
-0.00487836 0.00147321 -0.00032420 0.00144676 -0.01485081 -0.00095831 0.00031782 -0.00381045 -0.00060471 
-0.00563191 0.00175977 -0.00048921 0.00205662 -0.01640408 -0.00134331 -0.00026450 -0.00202468 -0.00058794 
-0.00574063 0.00178905 -0.00045862 0.00233688 -0.01537623 -0.00125857 -0.00090341 -0.00011420 -0.00043574 
-0.00545444 0.00129908 -0.00037770 0.00181800 -0.01270442 -0.00081863 -0.00115413 0.00107864 -0.00027160 
-0.00463609 0.00067008 -0.00033707 0.00087606 -0.00942571 -0.00002634 -0.00075503 0.00138606 -0.00023442 
-0.00354963 0.00005794 -0.00025026 0.00003727 -0.00610739 0.00034712 -0.00005534 0.00130218 -0.00023273 
-0.00291052 -0.00027591 -0.00012327 -0.00034844 -0.00420574 0.00013429 0.00046795 0.00110421 -0.00013211 
-0.00289691 -0.00044328 -0.00006951 -0.00051795 -0.00380185 0.00004381 0.00081631 0.00118891 -0.00012392 
-0.00285235 -0.00047086 -0.00002273 -0.00053633 -0.00380650 0.00003839 0.00102744 0.00145079 -0.00014438 
-0.00266956 -0.00047550 -0.00001196 -0.00052956 -0.00371236 0.00006187 0.00109770 0.00169026 -0.00015397 
-0.00239086 -0.00043480 -0.00003747 -0.00046472 -0.00372109 0.00011382 0.00101830 0.00190796 -0.00019131 
-0.00220546 -0.00033406 -0.00004890 -0.00034612 -0.00376187 0.00014961 0.00080260 0.00207434 -0.00021171 
-0.00210347 -0.00014583 -0.00008360 -0.00014502 -0.00380709 0.00018457 0.00055572 0.00220771 -0.00022879 
-0.00199706 0.00010003 -0.00009435 0.00010041 -0.00376971 0.00019836 0.00030112 0.00223108 -0.00021923 
-0.00212490 0.00036683 -0.00009032 0.00035599 -0.00377664 0.00019439 0.00009254 0.00226291 -0.00021855 
-0.00216805 0.00053256 -0.00007919 0.00052702 -0.00369968 0.00017430 -0.00014200 0.00217637 -0.00019564 
-0.00230644 0.00066659 -0.00006438 0.00067332 -0.00388227 0.00016103 -0.00035227 0.00217259 -0.00019171 
-0.00248236 0.00081960 -0.00004211 0.00083153 -0.00427996 0.00015068 -0.00056899 0.00231138 -0.00018450 
-0.00293130 0.00092933 0.00003550 0.00094667 -0.00545971 0.00027788 -0.00068420 0.00254795 -0.00023188 
-0.00390664 0.00102312 0.00021119 0.00096430 -0.00826303 0.00060149 -0.00070867 0.00309899 -0.00038236 
-0.00521835 0.00115580 0.00043870 0.00121865 -0.01148805 0.00107239 -0.00052335 0.00277503 -0.00048967 
-0.00573104 0.00106721 0.00046420 0.00133593 -0.01294478 0.00118289 -0.00012574 0.00150725 -0.00039311 
-0.00579399 0.00082081 0.00041666 0.00112122 -0.01301812 0.00057940 0.00029696 0.00008311 -0.00024694 
-0.00552959 0.00034738 0.00041527 0.00046537 -0.01178675 -0.00035879 0.00033862 -0.00116320 -0.00025594 
-0.00478741 -0.00002539 0.00042460 -0.00008860 -0.00939174 -0.00086806 0.00004779 -0.00168288 -0.00034153 
-0.00350192 -0.00024643 0.00031884 -0.00030788 -0.00639710 -0.00068358 -0.00039283 -0.00186319 -0.00030010 
-0.00283649 -0.00042563 0.00019066 -0.00047163 -0.00412215 -0.00020468 -0.00068634 -0.00156011 -0.00014949 
-0.00268506 -0.00053530 0.00014039 -0.00056183 -0.00351402 -0.00009168 -0.00086747 -0.00161967 -0.00011352 
-0.00253678 -0.00060747 0.00010826 -0.00063040 -0.00333436 -0.00007214 -0.00085709 -0.00174920 -0.00013164 
-0.00243099 -0.00061397 0.00005719 -0.00062022 -0.00337334 -0.00008162 -0.00082387 -0.00192925 -0.00013813 
-0.00242777 -0.00057596 0.00004614 -0.00057460 -0.00354582 -0.00012611 -0.00070307 -0.00212385 -0.00017732 
-0.00231677 -0.00053877 0.00002276 -0.00053340 -0.00365382 -0.00014112 -0.00056184 -0.00224997 -0.00018607 
-0.00217220 -0.00044887 -0.00001359 -0.00044390 -0.00375994 -0.00013749 -0.00038286 -0.00237813 -0.00020258 
-0.00199004 -0.00027978 0.00000205 -0.00025928 -0.00394392 -0.00013934 -0.00008891 -0.00250807 -0.00019740 
-0.00197221 -0.00001944 0.00001553 0.00000536 -0.00408433 -0.00012713 0.00020626 -0.00250797 -0.00021065 
-0.00214793 0.00020986 0.00003958 0.00023735 -0.00432637 -0.00011318 0.00050938 -0.00253378 -0.00020948 
-0.00234005 0.00034650 0.00006359 0.00038376 -0.00464758 -0.00010420 0.00079487 -0.00255929 -0.00021303 
-0.00253906 0.00048581 0.00004634 0.00053582 -0.00504348 -0.00008695 0.00099361 -0.00244370 -0.00021021 
-0.00283676 0.00064171 -0.00000200 0.00073745 -0.00622345 -0.00022198 0.00107216 -0.00237755 -0.00025581 
-0.00357724 0.00089219 -0.00012185 0.00096615 -0.00876870 -0.00071102 0.00100914 -0.00267907 -0.00044007 
-0.00473184 0.00112313 -0.00025458 0.00133500 -0.01141217 -0.00134546 0.00054876 -0.00225658 -0.00054870 
-0.00537504 0.00093504 -0.00022867 0.00119287 -0.01224957 -0.00122235 0.00007197 -0.00121598 -0.00045410 
-0.00559861 0.00047791 -0.00023758 0.00057398 -0.01232714 -0.00023627 -0.00020494 -0.00005462 -0.00033526 
-0.00535999 -0.00008906 -0.00028157 -0.00019910 -0.01152977 0.00083945 -0.00007154 0.00109693 -0.00035064 
-0.00471860 -0.00049276 -0.00032131 -0.00062232 -0.01014662 0.00112486 0.00031951 0.00186650 -0.00045554 
-0.00351182 -0.00053019 -0.00020514 -0.00057495 -0.00751313 0.00073971 0.00078637 0.00222087 -0.00036739 
-0.00276807 -0.00049423 -0.00009861 -0.00052942 -0.00532563 0.00029659 0.00101335 0.00211885 -0.00021249 
-0.00234372 -0.00046297 -0.00004143 -0.00050297 -0.00428219 0.00011784 0.00100690 0.00214278 -0.00015641 
-0.00219535 -0.00033378 -0.00004555 -0.00036271 -0.00400570 0.00014300 0.00081763 0.00224191 -0.00017956 
-0.00206679 -0.00022412 -0.00000709 -0.00025416 -0.00378839 0.00013607 0.00063782 0.00233206 -0.00019321 
-0.00207538 -0.00005157 -0.00003189 -0.00008689 -0.00381161 0.00016021 0.00036989 0.00245555 -0.00022462 
-0.00205073 0.00013703 -0.00001914 0.00011018 -0.00363229 0.00017040 0.00011020 0.00240678 -0.00022394 
-0.00207920 0.00029991 -0.00002414 0.00026262 -0.00343390 0.00017873 -0.00015516 0.00234749 -0.00023462 
-0.00209428 0.00041518 -0.00000144 0.00039957 -0.00330867 0.00015332 -0.00038696 0.00225531 -0.00020926 
-0.00229122 0.00047456 0.00000414 0.00047400 -0.00333037 0.00012730 -0.00061644 0.00222017 -0.00020033 
-0.00243862 0.00050277 0.00002960 0.00051822 -0.00337931 0.00011338 -0.00076933 0.00213122 -0.00017239 
-0.00264616 0.00049029 0.00005313 0.00052719 -0.00361167 0.00009340 -0.00087961 0.00202686 -0.00016894 
-0.00283916 0.00044181 0.00008104 0.00048221 -0.00415508 0.00009214 -0.00096352 0.00202987 -0.00016198 
-0.00312940 0.00033051 0.00012091 0.00037852 -0.00525220 0.00021317 -0.00086966 0.00206828 -0.00021016 
-0.00360705 0.00027238 0.00023069 0.00030652 -0.00739269 0.00064358 -0.00068253 0.00237978 -0.00036839 
-0.00463186 0.00027479 0.00034679 0.00038035 -0.00999331 0.00095372 -0.00029032 0.00202944 -0.00044227 
-0.00559236 -0.00007268 0.00039857 -0.00003594 -0.01226420 0.00076425 0.00013079 0.00122012 -0.00032825 
-0.00585976 -0.00051904 0.00042009 -0.00068748 -0.01299540 -0.00022370 0.00023488 -0.00002849 -0.00026417 
-0.00541885 -0.00092125 0.00042545 -0.00118587 -0.01259102 -0.00105677 -0.00002201 -0.00147586 -0.00041021 
-0.00471427 -0.00099604 0.00042892 -0.00111037 -0.01092243 -0.00120072 -0.00042691 -0.00265500 -0.00052405 
-0.00369841 -0.00081374 0.00028740 -0.00079002 -0.00808085 -0.00069442 -0.00071517 -0.00289650 -0.00042650 
-0.00285393 -0.00070088 0.00011556 -0.00071709 -0.00552079 -0.00025208 -0.00079555 -0.00230385 -0.00024536 
-0.00256782 -0.00062629 0.00005015 -0.00063882 -0.00447791 -0.00012904 -0.00073990 -0.00222487 -0.00019784 
-0.00250706 -0.00059377 0.00002821 -0.00061139 -0.00410175 -0.00015667 -0.00057504 -0.00226863 -0.00020814 
-0.00229373 -0.00058007 -0.00002186 -0.00058551 -0.00379737 -0.00017184 -0.00042689 -0.00226743 -0.00021344 
-0.00208233 -0.00049797 -0.00003569 -0.00049708 -0.00372234 -0.00017889 -0.00022117 -0.00231744 -0.00022793 
-0.00193700 -0.00035177 -0.00002964 -0.00033852 -0.00379202 -0.00017420 0.00001747 -0.00234692 -0.00022401 
-0.00190182 -0.00015775 -0.00000644 -0.00013865 -0.00385750 -0.00016775 0.00028821 -0.00230581 -0.00023409 
-0.00187922 0.00005054 -0.00000483 0.00008423 -0.00382452 -0.00015608 0.00051857 -0.00221765 -0.00021756 
-0.00203757 0.00023267 0.00001387 0.00026857 -0.00381551 -0.00014443 0.00074596 -0.00211296 -0.00021618 
-0.00220831 0.00037199 0.00004834 0.00041509 -0.00378613 -0.00009913 0.00091457 -0.00190227 -0.00018887 
-0.00238602 0.00043965 0.00003119 0.00049532 -0.00395802 -0.00008953 0.00097857 -0.00170988 -0.00018211 
-0.00248274 0.00046977 -0.00000079 0.00054100 -0.00409026 -0.00009628 0.00093938 -0.00149295 -0.00016650 
-0.00274517 0.00045203 -0.00003198 0.00055102 -0.00483098 -0.00021141 0.00073703 -0.00142317 -0.00019994 
-0.00347915 0.00035406 -0.00015374 0.00046442 -0.00701368 -0.00070923 0.00039100 -0.00164368 -0.00035848 
-0.00451588 0.00001685 -0.00023143 0.00011671 -0.00962713 -0.00090247 -0.00020006 -0.00149227 -0.00043257 
-0.00531994 -0.00055811 -0.00022448 -0.00071072 -0.01174052 -0.00012998 -0.00057679 -0.00101432 -0.00035158 
-0.00596684 -0.00116552 -0.00028741 -0.00157377 -0.01392822 0.00087831 -0.00050499 -0.00007015 -0.00038170 
-0.00590321 -0.00149629 -0.00034808 -0.00185823 -0.01478312 0.00134022 0.00003259 0.00149027 -0.00052045 
-0.00525430 -0.00147498 -0.00030183 -0.00155194 -0.01381750 0.00121277 0.00062075 0.00312265 -0.00060753 
-0.00384861 -0.00106299 -0.00009193 -0.00098898 -0.01030180 0.00068511 0.00089713 0.00360094 -0.00048861 
-0.00279765 -0.00069313 0.00005869 -0.00070185 -0.00691040 0.00031831 0.00076519 0.00298836 -0.00032472 
-0.00236419 -0.00043955 0.00012165 -0.00046506 -0.00519470 0.00015608 0.00056221 0.00273184 -0.00025164 
-0.00210648 -0.00021670 0.00009298 -0.00024164 -0.00446987 0.00018087 0.00028247 0.00260318 -0.00024573 
-0.00185496 0.00003249 0.00006062 0.00001844 -0.00381427 0.00018904 0.00001011 0.00240739 -0.00022275 
-0.00196969 0.00030789 0.00001679 0.00029999 -0.00345935 0.00019620 -0.00029068 0.00225063 -0.00022630 
-0.00210119 0.00046405 0.00001035 0.00047288 -0.00314183 0.00016083 -0.00049325 0.00209371 -0.00019381 
-0.00226346 0.00052395 0.00000642 0.00053892 -0.00292841 0.00014474 -0.00069030 0.00197123 -0.00017352 
-0.00238982 0.00058801 0.00000188 0.00060994 -0.00274275 0.00012368 -0.00081347 0.00181753 -0.00013560 
-0.00261562 0.00058147 0.00001399 0.00060683 -0.00269036 0.00009619 -0.00089015 0.00166808 -0.00010893 
-0.00289598 0.00048262 0.00006194 0.00050496 -0.00274385 0.00005605 -0.00090942 0.00156211 -0.00007975 
-0.00303559 0.00031478 0.00011184 0.00033684 -0.00294854 0.00006689 -0.00083346 0.00143772 -0.00006997 
-0.00293975 0.00016558 0.00015915 0.00017599 -0.00306264 0.00012521 -0.00065421 0.00139619 -0.00006403 
-0.00290637 0.00001796 0.00018306 0.00003047 -0.00349278 0.00019738 -0.00043567 0.00135452 -0.00007548 
-0.00355460 -0.00034443 0.00030062 -0.00039999 -0.00565365 0.00038824 -0.00009984 0.00165937 -0.00016122 
-0.00472607 -0.00081836 0.00046221 -0.00104455 -0.00912894 0.00014033 0.00044468 0.00165728 -0.00017719 
-0.00579911 -0.00138664 0.00055451 -0.00178395 -0.01281288 -0.00030053 0.00079132 0.00131819 -0.00027715 
-0.00633062 -0.00188084 0.00064019 -0.00228281 -0.01528313 -0.00075167 0.00066834 -0.00010597 -0.00040896 
-0.00643437 -0.00209394 0.00066848 -0.00225512 -0.01630025 -0.00087880 0.00021661 -0.00215199 -0.00055181 
-0.00560139 -0.00196989 0.00052464 -0.00182134 -0.01477491 -0.00075131 -0.00031241 -0.00400580 -0.00057986 
-0.00399676 -0.00151772 0.00019766 -0.00131999 -0.01078405 -0.00058598 -0.00056161 -0.00416399 -0.00053250 
-0.00281532 -0.00102807 -0.00004430 -0.00095292 -0.00720836 -0.00038673 -0.00044557 -0.00326352 -0.00039779 
-0.00223076 -0.00072565 -0.00016157 -0.00068534 -0.00541837 -0.00024965 -0.00029204 -0.00274383 -0.00030654 
-0.00213474 -0.00050914 -0.00019840 -0.00047372 -0.00486549 -0.00025996 -0.00006114 -0.00252565 -0.00030158 
-0.00196842 -0.00021343 -0.00018259 -0.00018769 -0.00440786 -0.00026118 0.00018645 -0.00228632 -0.00027773 
-0.00192908 0.00006462 -0.00012418 0.00009862 -0.00407627 -0.00024621 0.00044885 -0.00215227 -0.00026558 
-0.00214178 0.00029431 -0.00010967 0.00031822 -0.00385501 -0.00023027 0.00066022 -0.00203338 -0.00024675 
-0.00221327 0.00046270 -0.00008786 0.00049146 -0.00348477 -0.00021165 0.00079370 -0.00184171 -0.00021405 
-0.00237341 0.00058987 -0.00006620 0.00063274 -0.00318491 -0.00016722 0.00091561 -0.00169875 -0.00017645 
-0.00264090 0.00062484 -0.00005450 0.00067544 -0.00297220 -0.00010947 0.00097634 -0.00147185 -0.00014974 
-0.00285511 0.00055998 -0.00008833 0.00061077 -0.00277729 -0.00006459 0.00087408 -0.00123622 -0.00012525 
-0.00292945 0.00037599 -0.00015521 0.00044239 -0.00270950 -0.00006853 0.00058942 -0.00101303 -0.00010569 
-0.00297335 0.00010048 -0.00020578 0.00017248 -0.00290231 -0.00012040 0.00022265 -0.00092407 -0.00010829 
-0.00288909 -0.00023354 -0.00024183 -0.00017678 -0.00352226 -0.00015984 -0.00017349 -0.00091942 -0.00012294 
-0.00327881 -0.00074517 -0.00033906 -0.00077837 -0.00591820 -0.00025403 -0.00080842 -0.00130368 -0.00022757 
-0.00473651 -0.00126176 -0.00050716 -0.00157313 -0.01070560 0.00001111 -0.00168387 -0.00189884 -0.00032283 
-0.00566249 -0.00172066 -0.00059605 -0.00225648 -0.01514944 0.00047606 -0.00193746 -0.00169483 -0.00039626 
-0.00614116 -0.00194690 -0.00061403 -0.00235869 -0.01852646 0.00062583 -0.00152279 -0.00011317 -0.00054479 
-0.00630160 -0.00181657 -0.00058304 -0.00180908 -0.02021500 0.00052213 -0.00092180 0.00260122 -0.00063322 
-0.00571985 -0.00145552 -0.00045450 -0.00111427 -0.01895983 0.00064749 -0.00050316 0.00513343 -0.00065382 
-0.00376567 -0.00083310 -0.00012713 -0.00051757 -0.01361874 0.00087384 -0.00022033 0.00555151 -0.00070606 
-0.00219071 -0.00022211 0.00008477 -0.00014456 -0.00796959 0.00070624 -0.00032800 0.00409041 -0.00060327 
-0.00159341 0.00016270 0.00015241 0.00012482 -0.00488873 0.00045141 -0.00038937 0.00294632 -0.00040367 
-0.00162785 0.00029850 0.00010867 0.00024335 -0.00375014 0.00041059 -0.00058925 0.00243933 -0.00036242 
-0.00179193 0.00034723 0.00010422 0.00028981 -0.00289800 0.00034935 -0.00063977 0.00199874 -0.00029826 
-0.00204292 0.00035820 0.00009038 0.00029294 -0.00247106 0.00030166 -0.00073714 0.00174460 -0.00026929 
-0.00236042 0.00033777 0.00005973 0.00028742 -0.00223532 0.00026520 -0.00078438 0.00152561 -0.00023170 
-0.00269053 0.00026969 0.00005530 0.00022106 -0.00214465 0.00022395 -0.00079189 0.00132827 -0.00019568 
-0.00296875 0.00013999 0.00008062 0.00009032 -0.00217918 0.00019532 -0.00073342 0.00116357 -0.00016105 
-0.00305394 -0.00003181 0.00011535 -0.00007735 -0.00219991 0.00016030 -0.00059335 0.00101550 -0.00012639 
-0.00295722 -0.00020027 0.00014206 -0.00023624 -0.00223869 0.00015844 -0.00037917 0.00093195 -0.00010022 
-0.00289023 -0.00038824 0.00017404 -0.00040984 -0.00240367 0.00019466 -0.00012635 0.00088686 -0.00009801 
-0.00285005 -0.00061026 0.00019924 -0.00063161 -0.00273685 0.00026119 0.00014659 0.00092812 -0.00011986 
-0.00268998 -0.00088926 0.00022789 -0.00092792 -0.00332547 0.00034569 0.00042573 0.00105454 -0.00015308 
-0.00305675 -0.00124066 0.00034622 -0.00135094 -0.00550087 0.00048050 0.00087046 0.00152187 -0.00025963 
-0.00422187 -0.00151549 0.00051422 -0.00169939 -0.00948768 0.00056159 0.00144303 0.00195387 -0.00038831 
-0.00509982 -0.00167367 0.00059675 -0.00181821 -0.01276798 0.00062671 0.00148769 0.00175914 -0.00043714 
-0.00521863 -0.00170986 0.00055695 -0.00165119 -0.01453026 0.00060127 0.00117195 0.00051650 -0.00037609 
-0.00487484 -0.00162685 0.00046033 -0.00130707 -0.01458792 0.00052360 0.00088902 -0.00119701 -0.00029016 
-0.00411816 -0.00133367 0.00030807 -0.00091979 -0.01265431 0.00022672 0.00063124 -0.00233180 -0.00022322 
-0.00267872 -0.00085909 0.00001643 -0.00055944 -0.00863547 -0.00010466 0.00039954 -0.00225862 -0.00022522 
-0.00181491 -0.00038393 -0.00011807 -0.00023275 -0.00553212 -0.00014056 0.00039266 -0.00156645 -0.00016748 
-0.00167161 -0.00004681 -0.00010359 0.00004443 -0.00445390 -0.00014732 0.00043448 -0.00128636 -0.00012958 
-0.00183496 0.00027005 -0.00007776 0.00033282 -0.00395048 -0.00015844 0.00053683 -0.00112502 -0.00013270 
-0.00211855 0.00045551 -0.00004858 0.00049512 -0.00352737 -0.00015437 0.00059002 -0.00095569 -0.00013185 
-0.00243322 0.00050591 -0.00000189 0.00053446 -0.00323482 -0.00014341 0.00067111 -0.00080247 -0.00013123 
-0.00272206 0.00049515 0.00005038 0.00051568 -0.00297306 -0.00011402 0.00069953 -0.00062167 -0.00012798 
-0.00297255 0.00041987 0.00005634 0.00044086 -0.00269843 -0.00009570 0.00066202 -0.00044439 -0.00012194 
-0.00315278 0.00032865 0.00003618 0.00035192 -0.00244888 -0.00007587 0.00055803 -0.00031889 -0.00011670 
-0.00325850 0.00017886 0.00003709 0.00020723 -0.00227462 -0.00002556 0.00048607 -0.00020566 -0.00011293 
-0.00338303 -0.00002878 0.00002115 -0.00000280 -0.00225187 -0.00000192 0.00038317 -0.00013399 -0.00011765 
-0.00334323 -0.00026409 0.00000794 -0.00024997 -0.00226530 -0.00000658 0.00025886 -0.00010227 -0.00011826 
-0.00319968 -0.00043533 0.00000358 -0.00043054 -0.00243334 -0.00001700 0.00014513 -0.00011126 -0.00011611 
-0.00296089 -0.00052385 -0.00000961 -0.00053105 -0.00265428 -0.00000858 0.00003715 -0.00014161 -0.00011724 
-0.00267953 -0.00054963 -0.00002760 -0.00056589 -0.00285282 -0.00000311 -0.00005749 -0.00018710 -0.00011378 
-0.00242224 -0.00047839 -0.00006153 -0.00050411 -0.00306021 0.00000843 -0.00012892 -0.00025472 -0.00011050 
-0.00228390 -0.00030621 -0.00009358 -0.00033495 -0.00326984 0.00001273 -0.00015097 -0.00033704 -0.00010791 
-0.00220678 -0.00005242 -0.00010191 -0.00008833 -0.00343434 0.00001946 -0.00012356 -0.00041013 -0.00010679 
-0.00212982 0.00022030 -0.00010727 0.00017343 -0.00338019 0.00002137 -0.00006221 -0.00045673 -0.00010073 
-0.00218041 0.00046306 -0.00011896 0.00041292 -0.00322883 0.00002228 -0.00001144 -0.00048069 -0.00009785 
-0.00238974 0.00064218 -0.00011545 0.00058502 -0.00306997 0.00003067 0.00005718 -0.00047449 -0.00009795 
-0.00258070 0.00072554 -0.00012824 0.00066790 -0.00279731 0.00001917 0.00009357 -0.00045583 -0.00008899 
-0.00269535 0.00069327 -0.00012980 0.00064078 -0.00245316 0.00000435 0.00013513 -0.00039563 -0.00008039 
-0.00287020 0.00060346 -0.00011403 0.00056329 -0.00224874 -0.00001397 0.00015620 -0.00034157 -0.00007710 
-0.00310137 0.00049046 -0.00010324 0.00046438 -0.00213161 -0.00003196 0.00015696 -0.00028636 -0.00007443 
-0.00332100 0.00032522 -0.00009003 0.00031135 -0.00206940 -0.00005826 0.00012553 -0.00023035 -0.00006998 
-0.00345475 0.00013228 -0.00005860 0.00012079 -0.00207471 -0.00008269 0.00009865 -0.00016932 -0.00006757 
-0.00342426 -0.00004634 -0.00003134 -0.00005040 -0.00210420 -0.00008643 0.00004544 -0.00013925 -0.00006568 
-0.00336235 -0.00018680 -0.00003051 -0.00018134 -0.00219729 -0.00008355 -0.00002468 -0.00012074 -0.00006746 
-0.00320818 -0.00032532 -0.00000123 -0.00031515 -0.00222730 -0.00009021 -0.00007737 -0.00015598 -0.00006708 
-0.00307476 -0.00044796 0.00001935 -0.00043148 -0.00230177 -0.00006018 -0.00011795 -0.00018198 -0.00006597 
-0.00297126 -0.00054365 0.00000879 -0.00052417 -0.00242891 -0.00002208 -0.00015555 -0.00020955 -0.00006310 
-0.00282922 -0.00059613 0.00001448 -0.00057799 -0.00253211 -0.00000548 -0.00015646 -0.00027079 -0.00006495 
-0.00268621 -0.00060971 0.00001516 -0.00059184 -0.00267240 -0.00000448 -0.00014388 -0.00033735 -0.00007318 
-0.00244510 -0.00058183 0.00000866 -0.00056595 -0.00273949 0.00000492 -0.00011798 -0.00037794 -0.00007707 
-0.00231946 -0.00052185 -0.00000792 -0.00049916 -0.00285091 0.00000892 -0.00011450 -0.00040997 -0.00008673 
-0.00215510 -0.00041268 -0.00001793 -0.00039041 -0.00301682 -0.00001384 -0.00006077 -0.00045278 -0.00008916 
-0.00201095 -0.00026195 -0.00003502 -0.00024281 -0.00315289 -0.00003862 -0.00000718 -0.00049001 -0.00008768 
-0.00202047 -0.00011405 -0.00004240 -0.00009551 -0.00327966 -0.00005974 0.00005762 -0.00051139 -0.00008581 
-0.00207263 0.00004918 -0.00002277 0.00006974 -0.00337513 -0.00006962 0.00010715 -0.00048111 -0.00008843 
-0.00206317 0.00024916 -0.00003014 0.00026985 -0.00336000 -0.00007560 0.00010351 -0.00042026 -0.00008413 
-0.00213800 0.00043672 -0.00002825 0.00045998 -0.00323937 -0.00006307 0.00007209 -0.00033350 -0.00009196 
-0.00230733 0.00057122 -0.00002536 0.00059473 -0.00302169 -0.00005020 0.00003206 -0.00024341 -0.00008927 
-0.00238188 0.00056786 -0.00002134 0.00060466 -0.00267376 -0.00003705 -0.00007118 -0.00017251 -0.00008739 
-0.00236087 0.00044859 -0.00001698 0.00050335 -0.00231233 -0.00002385 -0.00016350 -0.00013708 -0.00008038 
-0.00188536 0.00025253 -0.00002787 0.00033339 -0.00170890 -0.00002334 -0.00027383 -0.00013231 -0.00005941 
-0.00080039 -0.00004245 -0.00003656 0.00000957 -0.00066388 -0.00003453 -0.00025722 -0.00009338 -0.00002625 
