-0.00002877 0.00000394 -0.00000515 0.00000253 -0.00001899 0.00000073 -0.00004201 -0.00000137 -0.00000167 
-0.00007859 0.00000072 -0.00000566 -0.00000406 -0.00004831 0.00000326 -0.00007789 -0.00001068 -0.00000171 
-0.00009353 -0.00000723 -0.00000546 -0.00001038 -0.00006183 0.00000185 -0.00007906 -0.00002297 -0.00000219 
-0.00009715 -0.00001378 -0.00000448 -0.00001581 -0.00007310 -0.00000028 -0.00007430 -0.00003463 -0.00000246 
-0.00008991 -0.00001702 -0.00000338 -0.00001789 -0.00007865 -0.00000115 -0.00006117 -0.00004026 -0.00000220 
-0.00008292 -0.00001788 -0.00000258 -0.00001814 -0.00008530 -0.00000114 -0.00004838 -0.00004407 -0.00000188 
-0.00007380 -0.00001664 -0.00000143 -0.00001611 -0.00009110 -0.00000110 -0.00003497 -0.00004266 -0.00000150 
-0.00006514 -0.00001203 -0.00000091 -0.00001160 -0.00009419 -0.00000140 -0.00002350 -0.00003580 -0.00000148 
-0.00005885 -0.00000448 0.00000019 -0.00000439 -0.00009309 -0.00000150 -0.00001488 -0.00002345 -0.00000136 
-0.00006072 0.00000202 0.00000183 0.00000204 -0.00009715 -0.00000125 -0.00000905 -0.00000734 -0.00000159 
-0.00006007 0.00000983 0.00000166 0.00000915 -0.00009801 -0.00000004 -0.00000878 0.00001138 -0.00000169 
-0.00006347 0.00001690 0.00000103 0.00001575 -0.00009425 0.00000046 -0.00001334 0.00002808 -0.00000138 
-0.00006980 0.00002114 -0.00000004 0.00001904 -0.00008645 -0.00000018 -0.00002235 0.00003717 -0.00000115 
-0.00007855 0.00002027 -0.00000141 0.00001873 -0.00008048 -0.00000043 -0.00002887 0.00004047 -0.00000093 
-0.00008658 0.00001890 -0.00000039 0.00001700 -0.00007714 0.00000052 -0.00003425 0.00003922 -0.00000085 
-0.00009262 0.00001666 -0.00000023 0.00001503 -0.00007218 0.00000077 -0.00004247 0.00003556 -0.00000052 
-0.00009195 0.00001328 0.00000030 0.00001263 -0.00006691 0.00000132 -0.00004825 0.00002884 -0.00000040 
-0.00009902 0.00000972 0.00000055 0.00000950 -0.00006560 0.00000139 -0.00005066 0.00002136 -0.00000016 
-0.00010509 0.00000440 0.00000056 0.00000433 -0.00006437 0.00000165 -0.00005003 0.00001203 0.00000010 
-0.00010729 -0.00000045 0.00000059 0.00000031 -0.00006934 0.00000154 -0.00004301 0.00000419 -0.00000023 
-0.00010462 -0.00000341 0.00000089 -0.00000264 -0.00007133 0.00000170 -0.00003001 0.00000061 -0.00000037 
-0.00009790 -0.00000650 0.00000072 -0.00000541 -0.00007249 0.00000251 -0.00001341 0.00000312 -0.00000031 
-0.00009476 -0.00000992 0.00000080 -0.00000841 -0.00007579 0.00000278 0.00000524 0.00001333 -0.00000077 
-0.00009315 -0.00001242 0.00000145 -0.00001046 -0.00008034 0.00000268 0.00002340 0.00002959 -0.00000159 
-0.00009259 -0.00001385 0.00000146 -0.00001178 -0.00008946 0.00000322 0.00003543 0.00005512 -0.00000251 
-0.00009048 -0.00001310 0.00000169 -0.00001020 -0.00008799 0.00000366 0.00003605 0.00007234 -0.00000335 
-0.00008451 -0.00001405 0.00000138 -0.00000988 -0.00008670 0.00000427 0.00002985 0.00008280 -0.00000353 
-0.00008385 -0.00001617 -0.00000076 -0.00001102 -0.00009710 0.00000519 0.00001990 0.00009858 -0.00000397 
-0.00008417 -0.00001413 -0.00000095 -0.00000842 -0.00010386 0.00000443 0.00000541 0.00010590 -0.00000454 
-0.00007567 -0.00001080 -0.00000292 -0.00000437 -0.00009964 0.00000310 -0.00001197 0.00009953 -0.00000469 
-0.00006598 -0.00000938 -0.00000376 -0.00000262 -0.00009215 0.00000190 -0.00002291 0.00008748 -0.00000443 
-0.00006838 -0.00000238 -0.00000287 0.00000365 -0.00009585 0.00000084 -0.00003239 0.00008010 -0.00000408 
-0.00006944 0.00000469 -0.00000276 0.00001104 -0.00009402 -0.00000043 -0.00003693 0.00006700 -0.00000405 
-0.00007487 0.00001274 -0.00000244 0.00001822 -0.00008948 -0.00000163 -0.00003747 0.00005146 -0.00000353 
-0.00008110 0.00001644 -0.00000119 0.00002016 -0.00007980 -0.00000380 -0.00002648 0.00003293 -0.00000262 
-0.00008898 0.00001562 0.00000088 0.00001792 -0.00007860 -0.00000428 -0.00000810 0.00001882 -0.00000242 
-0.00008873 0.00000830 0.00000204 0.00000883 -0.00006942 -0.00000377 0.00001370 0.00001103 -0.00000151 
-0.00009669 0.00000357 0.00000321 0.00000473 -0.00008004 -0.00000316 0.00003292 0.00001046 -0.00000130 
-0.00009593 -0.00000226 0.00000464 -0.00000082 -0.00007372 -0.00000073 0.00005507 0.00001729 -0.00000058 
-0.00009229 -0.00001160 0.00000456 -0.00000950 -0.00007693 0.00000344 0.00006669 0.00002864 0.00000000 
-0.00008158 -0.00001626 0.00000561 -0.00001271 -0.00007404 0.00000310 0.00007579 0.00003818 0.00000063 
-0.00006544 -0.00001444 0.00000429 -0.00001048 -0.00007574 0.00000389 0.00006664 0.00004391 0.00000098 
-0.00006041 -0.00000553 0.00000185 -0.00000121 -0.00008513 0.00000574 0.00006119 0.00005453 0.00000136 
-0.00005792 0.00000324 0.00000058 0.00000915 -0.00009773 0.00000707 0.00005677 0.00006959 0.00000019 
-0.00004904 0.00000216 -0.00000264 0.00001248 -0.00011610 0.00001083 0.00005346 0.00009130 -0.00000119 
-0.00004567 0.00000421 -0.00000460 0.00001570 -0.00014483 0.00001259 0.00004951 0.00011002 -0.00000169 
-0.00005800 0.00001104 -0.00000569 0.00001084 -0.00027949 0.00001272 0.00006106 0.00015404 -0.00000554 
-0.00015673 0.00003174 0.00000302 0.00002105 -0.00068505 0.00000752 0.00008828 0.00014154 -0.00001296 
-0.00020641 0.00004108 0.00000541 0.00003010 -0.00092064 0.00000788 0.00011143 0.00000955 -0.00001729 
-0.00025238 0.00005354 0.00001524 0.00004959 -0.00105435 0.00000198 0.00013999 -0.00017988 -0.00001929 
-0.00020712 0.00005797 0.00001617 0.00006413 -0.00088096 -0.00000586 0.00018742 -0.00031349 -0.00001974 
-0.00013925 0.00005034 0.00001439 0.00005569 -0.00058120 -0.00000698 0.00019021 -0.00026112 -0.00001962 
-0.00005031 0.00002400 0.00000346 0.00002070 -0.00018666 -0.00001489 0.00012116 -0.00014868 -0.00000864 
-0.00004830 0.00001099 0.00000467 0.00000881 -0.00008270 -0.00000704 0.00007516 -0.00006619 -0.00000413 
-0.00007203 0.00000424 0.00000662 0.00000659 -0.00007190 -0.00000196 0.00007331 -0.00005278 -0.00000188 
-0.00008895 0.00000158 0.00000527 0.00000520 -0.00005720 0.00000050 0.00005036 -0.00004008 0.00000233 
-0.00011238 -0.00000095 0.00000395 -0.00000015 -0.00007199 0.00000117 0.00002388 -0.00003753 0.00000413 
-0.00012301 -0.00000409 0.00000155 -0.00000798 -0.00007462 -0.00000002 -0.00003582 -0.00003602 0.00000199 
-0.00010899 -0.00000626 -0.00000197 -0.00001461 -0.00006647 -0.00000046 -0.00007841 -0.00004392 0.00000015 
-0.00009648 -0.00000854 -0.00000393 -0.00001566 -0.00006168 -0.00000115 -0.00008667 -0.00005511 -0.00000226 
-0.00008774 -0.00000957 -0.00000371 -0.00001352 -0.00006638 -0.00000598 -0.00008435 -0.00007082 -0.00000512 
-0.00007862 -0.00000568 -0.00000416 -0.00000826 -0.00007031 -0.00000733 -0.00007277 -0.00008040 -0.00000693 
-0.00004776 -0.00000469 0.00000059 -0.00000050 -0.00005812 -0.00000879 -0.00004323 -0.00007151 -0.00000702 
-0.00004535 -0.00000361 0.00000383 0.00000610 -0.00006526 -0.00001099 -0.00003361 -0.00008508 -0.00000838 
-0.00004977 -0.00000822 0.00000495 0.00000415 -0.00008937 -0.00001235 -0.00002820 -0.00011179 -0.00001048 
-0.00006307 -0.00002105 0.00000746 -0.00000361 -0.00015135 -0.00001850 -0.00002798 -0.00018168 -0.00001714 
-0.00010321 -0.00003353 0.00001294 -0.00002525 -0.00035602 -0.00002375 -0.00003279 -0.00032310 -0.00002649 
-0.00020999 -0.00002566 -0.00000157 -0.00003458 -0.00094999 -0.00002228 -0.00006134 -0.00038291 -0.00003511 
-0.00025526 -0.00001228 -0.00001706 -0.00001396 -0.00123769 -0.00003409 -0.00010922 -0.00017046 -0.00003527 
-0.00026003 0.00001810 -0.00002734 0.00003578 -0.00125585 -0.00003924 -0.00019738 0.00010466 -0.00002876 
-0.00018505 0.00003289 -0.00002198 0.00005947 -0.00090538 -0.00002994 -0.00025093 0.00024488 -0.00001601 
-0.00011815 0.00002455 -0.00001404 0.00003806 -0.00050399 -0.00001687 -0.00021590 0.00018840 -0.00000729 
-0.00007563 0.00001097 -0.00000979 0.00001254 -0.00019917 0.00000216 -0.00015636 0.00011677 -0.00000195 
-0.00008250 0.00000599 -0.00001185 0.00000321 -0.00012335 0.00000496 -0.00012160 0.00007021 0.00000045 
-0.00009027 0.00000228 -0.00001123 0.00000129 -0.00009497 0.00000155 -0.00009593 0.00004675 0.00000210 
-0.00009830 0.00000308 -0.00000851 0.00000169 -0.00008862 -0.00000139 -0.00005452 0.00003019 0.00000279 
-0.00010767 -0.00000929 -0.00000334 -0.00001361 -0.00008274 -0.00000499 -0.00000147 0.00003062 0.00000218 
-0.00010901 -0.00001888 0.00000018 -0.00002734 -0.00008392 -0.00000528 0.00005197 0.00004023 0.00000023 
-0.00010501 -0.00002012 0.00000212 -0.00003064 -0.00009947 -0.00000299 0.00008111 0.00006186 -0.00000190 
-0.00009171 -0.00000730 0.00000623 -0.00001888 -0.00010381 -0.00000120 0.00008763 0.00008223 -0.00000469 
-0.00009417 0.00000699 0.00001157 -0.00000721 -0.00011631 -0.00000109 0.00009419 0.00010930 -0.00000826 
-0.00007241 0.00000719 0.00000769 -0.00000043 -0.00011205 0.00000456 0.00007330 0.00011631 -0.00001106 
-0.00005148 0.00000580 0.00000065 0.00000338 -0.00009085 0.00000931 0.00004240 0.00010575 -0.00001048 
-0.00003990 0.00000879 -0.00000269 0.00001081 -0.00008220 0.00001082 0.00001932 0.00010353 -0.00000887 
-0.00003671 0.00000709 -0.00000359 0.00001137 -0.00008619 0.00001321 0.00000563 0.00011172 -0.00001073 
-0.00004548 0.00001300 -0.00000450 0.00001851 -0.00012568 0.00001649 -0.00000845 0.00015429 -0.00001278 
-0.00007395 0.00002645 -0.00000489 0.00002198 -0.00032468 0.00002424 -0.00002934 0.00030105 -0.00001926 
-0.00020496 0.00003641 0.00001129 0.00003544 -0.00084109 0.00002908 -0.00003506 0.00036070 -0.00002708 
-0.00025977 0.00005894 0.00001975 0.00006934 -0.00109979 0.00004266 0.00000567 0.00025759 -0.00002609 
-0.00026863 0.00007701 0.00002902 0.00010081 -0.00109295 0.00004794 0.00008919 0.00002572 -0.00001661 
-0.00017232 0.00007626 0.00002235 0.00010332 -0.00075711 0.00003662 0.00013315 -0.00011949 -0.00000459 
-0.00009365 0.00003995 0.00001198 0.00005281 -0.00039945 0.00002077 0.00011462 -0.00009988 0.00000195 
-0.00004606 0.00000609 0.00000371 0.00000500 -0.00011431 0.00000261 0.00005597 -0.00004156 0.00000457 
-0.00005910 -0.00000369 0.00000359 -0.00000715 -0.00009613 0.00000590 0.00002875 -0.00003231 0.00000544 
-0.00009118 -0.00000971 0.00000291 -0.00001550 -0.00009547 0.00000887 0.00000173 -0.00003299 0.00000462 
-0.00009607 -0.00001055 0.00000077 -0.00001914 -0.00008459 0.00000517 -0.00003441 -0.00003891 0.00000154 
-0.00009425 -0.00001084 -0.00000114 -0.00002039 -0.00008035 0.00000440 -0.00006221 -0.00005003 -0.00000069 
-0.00009081 -0.00001867 -0.00000329 -0.00002973 -0.00007816 0.00000357 -0.00007504 -0.00006177 -0.00000206 
-0.00008286 -0.00001390 -0.00000431 -0.00002131 -0.00007711 0.00000016 -0.00007262 -0.00007320 -0.00000361 
-0.00007518 -0.00000897 -0.00000033 -0.00000965 -0.00007766 -0.00000447 -0.00005761 -0.00008104 -0.00000501 
-0.00007043 -0.00000507 -0.00000016 -0.00000533 -0.00007868 -0.00000584 -0.00004665 -0.00008910 -0.00000596 
-0.00006029 -0.00000261 -0.00000057 -0.00000303 -0.00007938 -0.00000729 -0.00003586 -0.00009649 -0.00000780 
-0.00005203 -0.00000510 0.00000319 -0.00000124 -0.00008612 -0.00000962 -0.00001923 -0.00010776 -0.00000809 
-0.00005297 -0.00000638 0.00000501 0.00000320 -0.00010393 -0.00000947 -0.00000312 -0.00012660 -0.00000911 
-0.00005587 -0.00000876 0.00000585 0.00000447 -0.00012951 -0.00000786 0.00001551 -0.00014745 -0.00001018 
-0.00005695 0.00000263 0.00000615 0.00001633 -0.00016519 -0.00000878 0.00003718 -0.00017046 -0.00001086 
-0.00007974 0.00001659 0.00000641 0.00002043 -0.00035759 -0.00001746 0.00006538 -0.00025729 -0.00001925 
-0.00017088 0.00003904 -0.00001307 0.00004658 -0.00086457 -0.00005091 0.00003727 -0.00023324 -0.00002655 
-0.00018186 0.00007487 -0.00002031 0.00009157 -0.00092517 -0.00007165 -0.00003388 -0.00011237 -0.00002109 
-0.00016376 0.00007872 -0.00002116 0.00009633 -0.00068521 -0.00005760 -0.00010222 0.00001332 -0.00001178 
-0.00009415 0.00004972 -0.00001024 0.00006360 -0.00039466 -0.00003120 -0.00011549 0.00007235 0.00000153 
-0.00005776 0.00001557 -0.00000701 0.00001815 -0.00016033 -0.00000567 -0.00008907 0.00004930 0.00000542 
-0.00007054 -0.00000273 -0.00000800 -0.00000207 -0.00011391 -0.00000363 -0.00007492 0.00002472 0.00000470 
-0.00008176 -0.00001338 -0.00000737 -0.00001528 -0.00011177 -0.00000845 -0.00005375 0.00001478 0.00000396 
-0.00008428 -0.00001691 -0.00000562 -0.00002192 -0.00011392 -0.00000762 -0.00002128 0.00001768 0.00000282 
-0.00008680 -0.00001324 -0.00000171 -0.00002087 -0.00012246 -0.00000811 0.00001236 0.00002835 0.00000048 
-0.00008290 -0.00000873 0.00000158 -0.00001735 -0.00011988 -0.00000725 0.00003442 0.00004600 -0.00000185 
-0.00007095 -0.00000627 0.00000267 -0.00001397 -0.00011131 -0.00000497 0.00004345 0.00005796 -0.00000383 
-0.00005733 -0.00000681 0.00000282 -0.00001298 -0.00009394 -0.00000195 0.00003840 0.00006628 -0.00000426 
-0.00005334 -0.00000439 0.00000181 -0.00000975 -0.00009400 0.00000095 0.00003258 0.00007845 -0.00000533 
-0.00004755 0.00000025 0.00000051 -0.00000438 -0.00009318 0.00000315 0.00002031 0.00008776 -0.00000585 
-0.00004453 0.00000876 -0.00000015 0.00000465 -0.00008744 0.00000419 0.00000818 0.00009128 -0.00000601 
-0.00004160 0.00001399 -0.00000048 0.00001123 -0.00007280 0.00000445 -0.00000530 0.00008376 -0.00000562 
-0.00003980 0.00001819 -0.00000175 0.00001791 -0.00006398 0.00000444 -0.00001653 0.00007635 -0.00000537 
-0.00005212 0.00002089 -0.00000307 0.00002283 -0.00008052 0.00000679 -0.00003112 0.00009104 -0.00000659 
-0.00006672 0.00002731 -0.00000394 0.00002873 -0.00012925 0.00001003 -0.00004981 0.00012071 -0.00000767 
-0.00010544 0.00003466 0.00000218 0.00003504 -0.00032502 0.00002507 -0.00005891 0.00015535 -0.00001045 
-0.00015596 0.00004164 0.00001236 0.00004756 -0.00046040 0.00003903 -0.00003176 0.00012764 -0.00001284 
-0.00014536 0.00005286 0.00001167 0.00005967 -0.00050128 0.00004633 0.00000180 0.00008963 -0.00001336 
-0.00015848 0.00004206 0.00001463 0.00005018 -0.00049108 0.00003936 0.00002889 0.00001671 -0.00000723 
-0.00010563 0.00002269 0.00000755 0.00002561 -0.00033281 0.00001093 0.00002981 -0.00004250 0.00000065 
-0.00005900 0.00000370 0.00000296 0.00000145 -0.00015399 0.00000498 0.00001125 -0.00003683 0.00000296 
-0.00006805 -0.00000837 0.00000336 -0.00001267 -0.00011816 -0.00000181 -0.00000788 -0.00002891 0.00000108 
-0.00006913 -0.00001737 0.00000151 -0.00002141 -0.00008917 0.00000236 -0.00002486 -0.00003321 0.00000113 
-0.00007085 -0.00001893 0.00000036 -0.00002363 -0.00008168 0.00000173 -0.00003229 -0.00003814 0.00000057 
-0.00006626 -0.00001993 -0.00000034 -0.00002323 -0.00007760 0.00000054 -0.00003574 -0.00004529 -0.00000035 
-0.00006551 -0.00002033 -0.00000037 -0.00002222 -0.00007785 -0.00000136 -0.00003242 -0.00005189 -0.00000108 
-0.00006567 -0.00001900 -0.00000032 -0.00002043 -0.00008446 -0.00000239 -0.00002914 -0.00005907 -0.00000147 
-0.00006269 -0.00001663 0.00000036 -0.00001777 -0.00008908 -0.00000280 -0.00002213 -0.00006259 -0.00000152 
-0.00005847 -0.00001195 0.00000049 -0.00001277 -0.00009058 -0.00000304 -0.00001372 -0.00006627 -0.00000155 
-0.00005304 -0.00000688 0.00000174 -0.00000645 -0.00009317 -0.00000315 -0.00000291 -0.00007063 -0.00000179 
-0.00004978 0.00000127 0.00000261 0.00000344 -0.00009075 -0.00000253 0.00000770 -0.00007007 -0.00000189 
-0.00005130 0.00000747 0.00000430 0.00001146 -0.00008790 -0.00000152 0.00001757 -0.00006852 -0.00000281 
-0.00005413 0.00001067 0.00000562 0.00001566 -0.00009260 -0.00000098 0.00002872 -0.00006968 -0.00000335 
-0.00006103 0.00001492 0.00000643 0.00002078 -0.00010939 0.00000070 0.00003887 -0.00007157 -0.00000396 
-0.00006663 0.00002269 0.00000587 0.00002683 -0.00013557 -0.00000000 0.00004018 -0.00007256 -0.00000502 
-0.00008393 0.00003864 0.00000364 0.00004196 -0.00027290 -0.00001282 0.00002690 -0.00007298 -0.00000727 
-0.00012234 0.00005342 -0.00000435 0.00005995 -0.00038901 -0.00003047 -0.00000487 -0.00005167 -0.00000774 
-0.00011413 0.00005933 -0.00000305 0.00006426 -0.00040332 -0.00003087 -0.00003142 -0.00004638 -0.00001133 
-0.00013569 0.00004330 -0.00000606 0.00004576 -0.00042953 -0.00000853 -0.00004846 -0.00000195 -0.00000922 
-0.00010427 0.00001992 -0.00000578 0.00001810 -0.00034656 0.00001637 -0.00003752 0.00004518 -0.00000724 
-0.00007820 0.00000372 -0.00000408 -0.00000192 -0.00022583 0.00001986 -0.00001249 0.00003992 -0.00000490 
-0.00008211 -0.00000027 -0.00000198 -0.00000508 -0.00019635 0.00001414 0.00001977 0.00005192 -0.00000499 
-0.00007564 -0.00000596 0.00000121 -0.00001002 -0.00011277 0.00000109 0.00004262 0.00005569 -0.00000402 
-0.00006729 -0.00000662 0.00000188 -0.00001025 -0.00008685 0.00000057 0.00004448 0.00006041 -0.00000378 
-0.00006101 -0.00000844 0.00000337 -0.00001179 -0.00007583 0.00000084 0.00003905 0.00006398 -0.00000397 
-0.00005725 -0.00000980 0.00000288 -0.00001131 -0.00007782 0.00000250 0.00003224 0.00007496 -0.00000440 
-0.00005368 -0.00000683 0.00000118 -0.00000752 -0.00008194 0.00000356 0.00002150 0.00008179 -0.00000429 
-0.00005729 0.00000027 0.00000072 -0.00000031 -0.00008558 0.00000429 0.00000920 0.00008239 -0.00000470 
-0.00005279 0.00000617 0.00000015 0.00000553 -0.00007970 0.00000385 -0.00000332 0.00007661 -0.00000436 
-0.00004938 0.00001081 0.00000119 0.00001138 -0.00007388 0.00000279 -0.00001347 0.00007121 -0.00000400 
-0.00005083 0.00001256 0.00000147 0.00001510 -0.00007329 0.00000171 -0.00002352 0.00006712 -0.00000376 
-0.00005856 0.00001378 0.00000108 0.00001819 -0.00007690 0.00000097 -0.00003162 0.00006256 -0.00000362 
-0.00006404 0.00001346 0.00000062 0.00002005 -0.00008701 -0.00000093 -0.00003553 0.00005317 -0.00000279 
-0.00007054 0.00001282 0.00000131 0.00002063 -0.00010066 -0.00000284 -0.00003045 0.00004415 -0.00000162 
-0.00007194 0.00001396 0.00000137 0.00002184 -0.00011910 -0.00000609 -0.00001660 0.00003486 -0.00000020 
-0.00007918 0.00000674 0.00000546 0.00001282 -0.00018780 0.00000472 0.00001038 0.00004307 -0.00000182 
-0.00007935 0.00000144 0.00000694 0.00000705 -0.00021240 0.00001017 0.00004018 0.00004185 -0.00000164 
-0.00010792 -0.00000961 0.00000961 -0.00000988 -0.00032906 0.00000592 0.00006421 0.00005482 -0.00000454 
-0.00014537 -0.00003290 0.00001210 -0.00003776 -0.00045687 -0.00001654 0.00006724 0.00000831 -0.00000804 
-0.00013933 -0.00005138 0.00001242 -0.00006041 -0.00049878 -0.00005082 0.00004972 -0.00004928 -0.00001034 
-0.00014880 -0.00005088 0.00001379 -0.00005978 -0.00046963 -0.00003913 0.00001641 -0.00007007 -0.00000994 
-0.00008901 -0.00004778 -0.00000020 -0.00004969 -0.00025211 -0.00000881 -0.00003284 -0.00010233 -0.00000661 
-0.00007615 -0.00002665 -0.00000295 -0.00003261 -0.00013154 -0.00000072 -0.00004476 -0.00008920 -0.00000287 
-0.00006387 -0.00001818 -0.00000403 -0.00002620 -0.00010493 -0.00000136 -0.00004084 -0.00008911 -0.00000237 
-0.00005930 -0.00001360 -0.00000385 -0.00002270 -0.00009571 -0.00000328 -0.00003148 -0.00009409 -0.00000269 
-0.00005616 -0.00000896 -0.00000365 -0.00001655 -0.00008934 -0.00000522 -0.00001894 -0.00009797 -0.00000361 
-0.00005191 -0.00000561 -0.00000141 -0.00001055 -0.00008705 -0.00000612 -0.00000443 -0.00009760 -0.00000413 
-0.00005414 -0.00000243 0.00000030 -0.00000487 -0.00008992 -0.00000544 0.00001122 -0.00009860 -0.00000400 
-0.00005388 0.00000151 0.00000282 0.00000288 -0.00008892 -0.00000377 0.00002661 -0.00009215 -0.00000380 
-0.00005276 0.00000465 0.00000460 0.00000775 -0.00008843 -0.00000251 0.00003972 -0.00008460 -0.00000379 
-0.00005659 0.00000421 0.00000667 0.00001028 -0.00008807 0.00000005 0.00005201 -0.00007824 -0.00000414 
-0.00006414 0.00000367 0.00000750 0.00001022 -0.00009368 0.00000232 0.00006030 -0.00006993 -0.00000436 
-0.00006516 0.00000452 0.00000598 0.00001027 -0.00009437 0.00000459 0.00005450 -0.00005251 -0.00000291 
-0.00006767 0.00000575 0.00000361 0.00001068 -0.00009380 0.00000478 0.00003668 -0.00003781 -0.00000196 
-0.00006646 0.00000296 0.00000136 0.00000727 -0.00010059 0.00000336 0.00000698 -0.00002866 -0.00000143 
-0.00005840 -0.00000717 -0.00000100 -0.00000235 -0.00012434 0.00000093 -0.00003560 -0.00003019 -0.00000094 
-0.00004814 -0.00002035 -0.00000173 -0.00001674 -0.00019460 -0.00000151 -0.00007439 -0.00004923 -0.00000099 
-0.00010117 -0.00005072 -0.00000404 -0.00005463 -0.00040769 0.00001127 -0.00009789 -0.00006417 -0.00000362 
-0.00015986 -0.00008029 -0.00001108 -0.00009132 -0.00064423 0.00005895 -0.00008718 -0.00000543 -0.00001198 
-0.00017002 -0.00009002 -0.00001014 -0.00010069 -0.00071557 0.00007181 -0.00003735 0.00007918 -0.00002058 
-0.00018709 -0.00006796 -0.00001371 -0.00008070 -0.00075934 0.00006515 0.00002413 0.00014578 -0.00002094 
-0.00008952 -0.00003234 0.00000606 -0.00003374 -0.00039776 0.00002636 0.00007027 0.00021286 -0.00001928 
-0.00006744 -0.00001603 0.00000997 -0.00002094 -0.00016385 0.00000908 0.00005923 0.00015811 -0.00001307 
-0.00006264 -0.00000704 0.00000972 -0.00001472 -0.00011048 0.00000775 0.00003973 0.00012676 -0.00001110 
-0.00005124 -0.00000332 0.00000721 -0.00000948 -0.00007423 0.00000644 0.00001877 0.00009693 -0.00000778 
-0.00004000 -0.00000045 0.00000309 -0.00000147 -0.00006656 0.00000520 0.00000225 0.00008287 -0.00000655 
-0.00003656 0.00000550 -0.00000160 0.00000963 -0.00006657 0.00000468 -0.00001476 0.00007774 -0.00000575 
-0.00005236 0.00001129 -0.00000287 0.00001848 -0.00007707 0.00000475 -0.00003210 0.00008773 -0.00000593 
-0.00006714 0.00001623 -0.00000452 0.00002628 -0.00008656 0.00000301 -0.00004986 0.00009180 -0.00000467 
-0.00007530 0.00002039 -0.00000417 0.00003120 -0.00008577 0.00000145 -0.00005807 0.00008116 -0.00000360 
-0.00008774 0.00002267 -0.00000304 0.00003510 -0.00009075 -0.00000185 -0.00006194 0.00006992 -0.00000189 
-0.00009925 0.00002477 0.00000044 0.00003677 -0.00009344 -0.00000535 -0.00005543 0.00005523 0.00000071 
-0.00010662 0.00002212 0.00000227 0.00003452 -0.00009729 -0.00000908 -0.00003842 0.00004167 0.00000297 
-0.00009301 0.00001334 0.00000470 0.00002031 -0.00008883 -0.00000869 -0.00000268 0.00003596 0.00000564 
-0.00008063 0.00000819 0.00000506 0.00001088 -0.00007651 -0.00000779 0.00002362 0.00003642 0.00000727 
-0.00006659 -0.00000304 0.00000487 -0.00000286 -0.00009371 -0.00000660 0.00004192 0.00003566 0.00000621 
-0.00006944 -0.00001724 0.00000676 -0.00002764 -0.00021454 -0.00002521 0.00007220 0.00006224 0.00000555 
-0.00012259 -0.00005376 0.00001511 -0.00007282 -0.00046954 -0.00004548 0.00011740 0.00009326 -0.00000270 
-0.00019411 -0.00008418 0.00002427 -0.00010291 -0.00079502 -0.00006329 0.00011537 0.00002995 -0.00001844 
-0.00020336 -0.00008389 0.00002219 -0.00009134 -0.00086132 -0.00005322 0.00005646 -0.00011420 -0.00002743 
-0.00017769 -0.00005186 0.00001280 -0.00005217 -0.00070936 -0.00003074 -0.00000218 -0.00024988 -0.00002696 
-0.00009225 -0.00003229 -0.00000719 -0.00002665 -0.00038419 -0.00001440 -0.00004087 -0.00029692 -0.00001939 
-0.00006754 -0.00001752 -0.00000562 -0.00002423 -0.00017698 -0.00001211 -0.00002896 -0.00018796 -0.00001187 
-0.00005680 -0.00001161 -0.00000363 -0.00001762 -0.00011649 -0.00001127 -0.00000828 -0.00013387 -0.00001022 
-0.00005430 -0.00000833 -0.00000400 -0.00001319 -0.00009260 -0.00001024 0.00000588 -0.00011395 -0.00000927 
-0.00004222 -0.00000239 -0.00000215 -0.00000362 -0.00007898 -0.00000673 0.00001874 -0.00009162 -0.00000652 
-0.00004246 0.00000508 0.00000231 0.00000910 -0.00008079 -0.00000514 0.00003661 -0.00008809 -0.00000626 
-0.00006421 0.00000424 0.00000391 0.00001104 -0.00009206 -0.00000168 0.00005823 -0.00009472 -0.00000680 
-0.00006833 0.00000772 0.00000365 0.00001619 -0.00008430 0.00000189 0.00006828 -0.00007866 -0.00000532 
-0.00008368 0.00001249 0.00000511 0.00002414 -0.00008632 0.00000424 0.00008382 -0.00007369 -0.00000400 
-0.00009963 0.00001064 0.00000485 0.00002352 -0.00008739 0.00000628 0.00008877 -0.00006350 -0.00000393 
-0.00009705 0.00000965 0.00000145 0.00001955 -0.00008618 0.00000717 0.00006674 -0.00004642 -0.00000217 
-0.00009588 0.00000952 -0.00000306 0.00001566 -0.00007590 0.00000541 0.00001741 -0.00003451 0.00000024 
-0.00008197 0.00000296 -0.00000553 0.00000641 -0.00007392 0.00000279 -0.00003342 -0.00003029 0.00000101 
-0.00006161 -0.00000116 -0.00000702 0.00000137 -0.00007584 0.00000076 -0.00006502 -0.00003739 0.00000240 
-0.00005195 -0.00000329 -0.00000760 0.00000011 -0.00010201 -0.00000211 -0.00009012 -0.00005732 0.00000115 
-0.00006608 -0.00003223 -0.00000930 -0.00003812 -0.00025632 0.00000827 -0.00014983 -0.00012238 -0.00000243 
-0.00014347 -0.00007159 -0.00001922 -0.00009373 -0.00065013 0.00003617 -0.00019625 -0.00018224 -0.00000746 
-0.00022508 -0.00008049 -0.00002873 -0.00009769 -0.00106618 0.00005551 -0.00016954 -0.00008678 -0.00001940 
-0.00023479 -0.00005443 -0.00001794 -0.00005966 -0.00112778 0.00004890 -0.00008512 0.00012981 -0.00002405 
-0.00022915 -0.00002436 -0.00000919 -0.00002688 -0.00097689 0.00004055 -0.00002760 0.00028527 -0.00002512 
-0.00007617 -0.00000165 0.00000956 -0.00000525 -0.00043106 0.00002309 -0.00000825 0.00030957 -0.00002078 
-0.00004910 0.00000559 0.00000723 -0.00000823 -0.00017906 0.00001494 -0.00000892 0.00019135 -0.00001351 
-0.00004557 0.00000530 0.00000547 -0.00000884 -0.00011854 0.00001607 -0.00001746 0.00013879 -0.00001175 
-0.00004512 0.00000076 0.00000432 -0.00000760 -0.00009251 0.00001412 -0.00003006 0.00011316 -0.00001106 
-0.00003923 0.00000189 0.00000174 -0.00000249 -0.00007865 0.00001012 -0.00003800 0.00008740 -0.00000845 
-0.00005240 0.00000875 0.00000099 0.00000894 -0.00008531 0.00000786 -0.00005648 0.00008236 -0.00000702 
-0.00006405 0.00001588 -0.00000116 0.00001960 -0.00008118 0.00000554 -0.00006905 0.00006992 -0.00000495 
-0.00007556 0.00001622 -0.00000350 0.00002169 -0.00006805 0.00000329 -0.00007395 0.00005610 -0.00000385 
-0.00009951 0.00001428 -0.00000385 0.00002238 -0.00006508 -0.00000002 -0.00007996 0.00004996 -0.00000164 
-0.00011109 0.00001129 -0.00000130 0.00001736 -0.00006165 -0.00000274 -0.00006047 0.00003832 0.00000165 
-0.00012278 0.00000617 0.00000145 0.00000694 -0.00006743 -0.00000502 -0.00002636 0.00003448 0.00000380 
-0.00010365 0.00000169 0.00000339 -0.00000278 -0.00007122 -0.00000725 0.00002071 0.00003386 0.00000392 
-0.00007953 0.00000120 0.00000450 -0.00000397 -0.00007595 -0.00000259 0.00004803 0.00003360 0.00000217 
-0.00004771 -0.00000597 0.00000389 -0.00000757 -0.00006085 0.00000087 0.00004905 0.00003524 0.00000020 
-0.00004472 -0.00002206 0.00000491 -0.00002285 -0.00010852 0.00000528 0.00007775 0.00006815 -0.00000236 
-0.00010168 -0.00005135 0.00001494 -0.00006280 -0.00046040 -0.00000740 0.00015380 0.00015404 -0.00001032 
-0.00015866 -0.00006338 0.00002227 -0.00007478 -0.00074609 -0.00001468 0.00016768 0.00020814 -0.00001430 
-0.00021584 -0.00006929 0.00002332 -0.00006936 -0.00097085 -0.00001805 0.00013180 0.00011017 -0.00001865 
-0.00017919 -0.00005720 0.00001102 -0.00004538 -0.00084617 -0.00001048 0.00009200 -0.00004503 -0.00001610 
-0.00013865 -0.00003947 0.00000311 -0.00002965 -0.00060830 -0.00000831 0.00006627 -0.00015108 -0.00001001 
-0.00005583 -0.00002268 -0.00000822 -0.00002091 -0.00028349 -0.00001162 0.00004780 -0.00017675 -0.00000604 
-0.00004525 -0.00001206 -0.00000407 -0.00001947 -0.00013701 -0.00000935 0.00003613 -0.00011468 -0.00000219 
-0.00003896 -0.00000730 -0.00000096 -0.00001390 -0.00008874 -0.00000731 0.00003564 -0.00008251 -0.00000174 
-0.00004272 -0.00000198 0.00000060 -0.00000713 -0.00007601 -0.00000580 0.00003892 -0.00006729 -0.00000160 
-0.00004817 0.00000367 0.00000195 0.00000057 -0.00007811 -0.00000443 0.00004751 -0.00005783 -0.00000149 
-0.00005843 0.00000610 0.00000428 0.00000365 -0.00008451 -0.00000458 0.00006242 -0.00005612 -0.00000221 
-0.00007734 0.00000610 0.00000707 0.00000446 -0.00009386 -0.00000331 0.00007852 -0.00005231 -0.00000285 
-0.00008490 0.00000771 0.00000699 0.00000694 -0.00008728 -0.00000348 0.00008129 -0.00004014 -0.00000252 
-0.00008584 0.00000453 0.00000645 0.00000515 -0.00007169 -0.00000012 0.00006989 -0.00002342 -0.00000185 
-0.00008163 0.00000042 0.00000555 0.00000152 -0.00005962 0.00000327 0.00005922 -0.00001205 -0.00000150 
-0.00008582 -0.00000352 0.00000376 -0.00000209 -0.00006115 0.00000518 0.00003953 -0.00000830 -0.00000227 
-0.00008826 -0.00000701 0.00000218 -0.00000563 -0.00006176 0.00000366 0.00001735 -0.00001081 -0.00000297 
-0.00008126 -0.00001175 0.00000082 -0.00001079 -0.00006343 0.00000357 -0.00000103 -0.00001504 -0.00000287 
-0.00007327 -0.00001548 -0.00000036 -0.00001638 -0.00007730 0.00000255 -0.00001708 -0.00002573 -0.00000281 
-0.00006010 -0.00001338 -0.00000092 -0.00001479 -0.00007256 0.00000000 -0.00002635 -0.00003537 -0.00000293 
-0.00005214 -0.00000818 -0.00000243 -0.00001126 -0.00007896 -0.00000142 -0.00003006 -0.00004852 -0.00000339 
-0.00005332 -0.00000021 -0.00000271 -0.00000429 -0.00008535 -0.00000233 -0.00002836 -0.00006185 -0.00000378 
-0.00005474 0.00000780 -0.00000272 0.00000370 -0.00008605 -0.00000240 -0.00001971 -0.00007064 -0.00000364 
-0.00006046 0.00001327 -0.00000312 0.00000878 -0.00008522 -0.00000293 -0.00001006 -0.00007694 -0.00000360 
-0.00006232 0.00001713 -0.00000168 0.00001252 -0.00007913 -0.00000309 0.00000204 -0.00007419 -0.00000299 
-0.00006910 0.00001976 -0.00000058 0.00001602 -0.00007598 -0.00000251 0.00001277 -0.00007078 -0.00000229 
-0.00007175 0.00002048 -0.00000014 0.00001710 -0.00007129 -0.00000173 0.00002067 -0.00006312 -0.00000194 
-0.00007592 0.00001801 -0.00000055 0.00001525 -0.00006445 -0.00000106 0.00002272 -0.00004916 -0.00000121 
-0.00007963 0.00001464 -0.00000037 0.00001270 -0.00006216 -0.00000032 0.00001806 -0.00003288 -0.00000066 
-0.00008314 0.00001117 -0.00000116 0.00000981 -0.00005953 -0.00000086 0.00000674 -0.00001678 -0.00000001 
-0.00008783 0.00000841 -0.00000194 0.00000749 -0.00005726 -0.00000104 -0.00000858 -0.00000228 -0.00000011 
-0.00009156 0.00000491 -0.00000085 0.00000407 -0.00005251 -0.00000107 -0.00002369 0.00000603 -0.00000003 
-0.00009661 0.00000212 -0.00000082 0.00000179 -0.00005849 -0.00000297 -0.00003813 0.00000581 -0.00000067 
-0.00009275 -0.00000139 -0.00000126 -0.00000151 -0.00005856 -0.00000322 -0.00004498 -0.00000093 -0.00000111 
-0.00008930 -0.00000439 -0.00000117 -0.00000385 -0.00006098 -0.00000258 -0.00004878 -0.00000866 -0.00000111 
-0.00008747 -0.00000778 -0.00000110 -0.00000673 -0.00006336 -0.00000218 -0.00004974 -0.00001736 -0.00000095 
-0.00008036 -0.00001114 -0.00000092 -0.00000970 -0.00006191 -0.00000182 -0.00004592 -0.00002488 -0.00000074 
-0.00007379 -0.00001456 -0.00000080 -0.00001271 -0.00006013 -0.00000118 -0.00004035 -0.00003036 -0.00000055 
-0.00007251 -0.00001593 0.00000020 -0.00001393 -0.00006588 -0.00000111 -0.00003158 -0.00003446 -0.00000105 
-0.00006615 -0.00001581 0.00000116 -0.00001406 -0.00006937 -0.00000075 -0.00002222 -0.00003401 -0.00000162 
-0.00006296 -0.00001441 0.00000175 -0.00001256 -0.00007523 -0.00000033 -0.00001419 -0.00003068 -0.00000182 
-0.00005630 -0.00001143 0.00000164 -0.00000985 -0.00007877 0.00000009 -0.00000647 -0.00002371 -0.00000178 
-0.00005350 -0.00000715 0.00000095 -0.00000593 -0.00008257 0.00000039 -0.00000100 -0.00001486 -0.00000189 
-0.00005162 -0.00000246 0.00000032 -0.00000167 -0.00008416 0.00000050 -0.00000016 -0.00000374 -0.00000184 
-0.00005378 0.00000350 0.00000083 0.00000402 -0.00008495 0.00000108 -0.00000367 0.00000886 -0.00000193 
-0.00005313 0.00000921 0.00000019 0.00000930 -0.00008283 0.00000182 -0.00001317 0.00002124 -0.00000177 
-0.00005952 0.00001464 -0.00000093 0.00001444 -0.00008063 0.00000210 -0.00002576 0.00002997 -0.00000203 
-0.00006519 0.00001840 -0.00000180 0.00001813 -0.00007517 0.00000197 -0.00003870 0.00003329 -0.00000196 
-0.00007129 0.00001808 -0.00000277 0.00001783 -0.00006835 0.00000148 -0.00005180 0.00003247 -0.00000185 
-0.00007509 0.00001420 -0.00000378 0.00001513 -0.00006211 0.00000046 -0.00006217 0.00002685 -0.00000175 
-0.00006320 0.00000722 -0.00000475 0.00000895 -0.00004721 -0.00000027 -0.00006345 0.00001789 -0.00000128 
-0.00002553 -0.00000111 -0.00000459 -0.00000056 -0.00001849 0.00000011 -0.00003748 0.00000684 -0.00000128 
