-0.00028703 0.00003527 -0.00002904 0.00001915 -0.00020507 0.00001261 -0.00031360 0.00001545 -0.00001245 
-0.00073197 -0.00004034 -0.00003047 -0.00006377 -0.00051120 0.00001708 -0.00041350 -0.00002541 -0.00002484 
-0.00088050 -0.00010555 -0.00002764 -0.00011903 -0.00065462 0.00000988 -0.00037063 -0.00008073 -0.00002893 
-0.00091907 -0.00015859 -0.00001648 -0.00016773 -0.00076496 -0.00000106 -0.00029637 -0.00010679 -0.00002952 
-0.00085627 -0.00017602 -0.00000864 -0.00018232 -0.00080974 -0.00000032 -0.00019878 -0.00009744 -0.00002616 
-0.00079314 -0.00017592 -0.00000550 -0.00018250 -0.00087558 0.00000665 -0.00011911 -0.00006079 -0.00002233 
-0.00070369 -0.00015036 -0.00000214 -0.00015672 -0.00093865 0.00001215 -0.00004859 -0.00000675 -0.00002098 
-0.00062698 -0.00009312 -0.00000344 -0.00010135 -0.00097076 0.00001239 -0.00001875 0.00006425 -0.00001906 
-0.00058379 -0.00002572 -0.00000318 -0.00003301 -0.00095529 0.00001009 -0.00000935 0.00012765 -0.00002053 
-0.00059397 0.00002819 0.00000255 0.00002527 -0.00098521 0.00001062 -0.00001406 0.00019400 -0.00002326 
-0.00059298 0.00009193 -0.00000028 0.00008774 -0.00098911 0.00001413 -0.00003608 0.00024927 -0.00002350 
-0.00062950 0.00015322 -0.00000979 0.00014970 -0.00095280 0.00001006 -0.00008227 0.00029747 -0.00001864 
-0.00069159 0.00018716 -0.00002047 0.00018000 -0.00090390 -0.00000409 -0.00013787 0.00030755 -0.00001375 
-0.00076927 0.00019110 -0.00002190 0.00018702 -0.00085835 -0.00001166 -0.00017468 0.00030264 -0.00000948 
-0.00080811 0.00019026 -0.00000586 0.00018412 -0.00080378 -0.00000603 -0.00019423 0.00027424 -0.00000572 
-0.00084753 0.00017828 0.00000799 0.00017287 -0.00074308 -0.00000291 -0.00021421 0.00022582 -0.00000428 
-0.00088494 0.00015351 0.00001575 0.00015309 -0.00070441 0.00000237 -0.00020933 0.00017294 -0.00000541 
-0.00094397 0.00013222 0.00001500 0.00013378 -0.00064740 0.00000435 -0.00018436 0.00012519 -0.00000169 
-0.00098135 0.00009248 0.00002083 0.00009411 -0.00064525 0.00001394 -0.00012497 0.00008468 -0.00000331 
-0.00102363 0.00003806 0.00001967 0.00004215 -0.00064854 0.00002330 -0.00006694 0.00006056 -0.00000890 
-0.00100520 -0.00001073 0.00001609 -0.00000565 -0.00064284 0.00002187 0.00000634 0.00005784 -0.00001317 
-0.00094477 -0.00005582 0.00000803 -0.00004773 -0.00062705 0.00002671 0.00007280 0.00007955 -0.00001556 
-0.00092981 -0.00011630 -0.00000048 -0.00010554 -0.00065636 0.00002780 0.00012845 0.00011888 -0.00001999 
-0.00090498 -0.00016036 -0.00000832 -0.00014779 -0.00070282 0.00002331 0.00016957 0.00016484 -0.00002245 
-0.00087201 -0.00018394 -0.00001626 -0.00017041 -0.00075687 0.00001909 0.00018383 0.00023718 -0.00002412 
-0.00083764 -0.00018592 -0.00002204 -0.00017200 -0.00083035 0.00001578 0.00017282 0.00029871 -0.00002655 
-0.00075606 -0.00017860 -0.00002480 -0.00016224 -0.00087205 0.00001986 0.00014196 0.00034763 -0.00002495 
-0.00073340 -0.00015278 -0.00002713 -0.00013608 -0.00099271 0.00001747 0.00009309 0.00037682 -0.00002632 
-0.00070634 -0.00009586 -0.00002846 -0.00008040 -0.00103443 0.00001021 0.00002812 0.00037981 -0.00002854 
-0.00065191 -0.00003745 -0.00002721 -0.00002000 -0.00101167 -0.00000165 -0.00003084 0.00035212 -0.00002777 
-0.00061739 0.00001911 -0.00001980 0.00004021 -0.00097734 -0.00000607 -0.00007421 0.00031529 -0.00002723 
-0.00062584 0.00008438 -0.00001311 0.00010600 -0.00094506 -0.00000866 -0.00010851 0.00027990 -0.00002673 
-0.00066150 0.00015288 -0.00001123 0.00017526 -0.00089976 -0.00000940 -0.00012631 0.00022879 -0.00002609 
-0.00075490 0.00021066 -0.00000926 0.00022897 -0.00084474 -0.00001104 -0.00012370 0.00017773 -0.00002663 
-0.00084074 0.00020344 -0.00000353 0.00021571 -0.00076100 -0.00001492 -0.00008929 0.00012492 -0.00002728 
-0.00088803 0.00016015 0.00000518 0.00016825 -0.00065518 -0.00001676 -0.00002945 0.00008741 -0.00002655 
-0.00094907 0.00010033 0.00001138 0.00010720 -0.00062037 -0.00001280 0.00003818 0.00007499 -0.00002900 
-0.00099834 0.00002815 0.00001485 0.00003427 -0.00062181 -0.00000169 0.00010848 0.00007989 -0.00003206 
-0.00099008 -0.00004807 0.00001902 -0.00004375 -0.00060503 0.00000809 0.00018481 0.00010678 -0.00003330 
-0.00095090 -0.00012170 0.00001929 -0.00011772 -0.00060107 0.00001712 0.00024765 0.00014900 -0.00003374 
-0.00089266 -0.00016835 0.00002202 -0.00016629 -0.00065748 0.00002483 0.00028757 0.00019274 -0.00003530 
-0.00079557 -0.00018874 0.00001719 -0.00018709 -0.00074659 0.00003497 0.00028969 0.00023885 -0.00003737 
-0.00070162 -0.00017483 0.00000341 -0.00017342 -0.00083762 0.00004857 0.00026436 0.00028284 -0.00003392 
-0.00064539 -0.00013791 -0.00000586 -0.00013786 -0.00099058 0.00005873 0.00024189 0.00031559 -0.00003560 
-0.00057544 -0.00009441 -0.00001802 -0.00010093 -0.00117627 0.00007214 0.00022782 0.00036430 -0.00003859 
-0.00053540 -0.00002877 -0.00003303 -0.00004775 -0.00144011 0.00007604 0.00021527 0.00039581 -0.00004166 
-0.00065294 0.00007128 -0.00002805 0.00000115 -0.00233008 0.00007212 0.00027350 0.00055507 -0.00006064 
-0.00107772 0.00016612 0.00002141 0.00008385 -0.00365058 0.00002474 0.00033671 0.00046164 -0.00007265 
-0.00135512 0.00027931 0.00004736 0.00021517 -0.00449905 -0.00002431 0.00041415 0.00006130 -0.00008673 
-0.00148782 0.00034212 0.00006531 0.00032656 -0.00481035 -0.00005391 0.00053144 -0.00049716 -0.00010400 
-0.00145212 0.00036136 0.00008304 0.00039705 -0.00447091 -0.00007697 0.00071397 -0.00094680 -0.00012349 
-0.00125494 0.00033869 0.00008880 0.00039416 -0.00357328 -0.00009653 0.00079818 -0.00104351 -0.00013029 
-0.00080931 0.00030666 0.00003647 0.00032704 -0.00190863 -0.00012591 0.00060241 -0.00077874 -0.00009201 
-0.00071799 0.00021036 0.00002884 0.00020422 -0.00099347 -0.00009858 0.00045142 -0.00048209 -0.00006140 
-0.00079446 0.00015094 0.00003486 0.00014450 -0.00076269 -0.00007433 0.00037236 -0.00036665 -0.00004280 
-0.00089761 0.00010296 0.00003389 0.00009829 -0.00064422 -0.00006003 0.00023812 -0.00029131 -0.00002740 
-0.00092671 0.00004736 0.00003255 0.00004172 -0.00061775 -0.00004900 0.00007055 -0.00026545 -0.00001746 
-0.00091583 0.00001652 0.00002517 0.00001411 -0.00060160 -0.00004526 -0.00012892 -0.00027962 -0.00002362 
-0.00089610 -0.00001556 0.00001014 -0.00001566 -0.00056705 -0.00004988 -0.00028566 -0.00033406 -0.00003438 
-0.00084239 -0.00006533 -0.00000579 -0.00005835 -0.00055807 -0.00004884 -0.00038257 -0.00041289 -0.00004762 
-0.00077482 -0.00010437 -0.00001028 -0.00009477 -0.00060429 -0.00006044 -0.00043348 -0.00050812 -0.00006192 
-0.00071959 -0.00011965 -0.00001716 -0.00010887 -0.00066957 -0.00007027 -0.00044526 -0.00060472 -0.00007662 
-0.00059689 -0.00013027 -0.00000577 -0.00011080 -0.00071640 -0.00008178 -0.00039238 -0.00066436 -0.00008887 
-0.00050377 -0.00014779 0.00001829 -0.00011763 -0.00085351 -0.00009934 -0.00033359 -0.00079075 -0.00009945 
-0.00049150 -0.00017093 0.00002966 -0.00014087 -0.00117123 -0.00011352 -0.00029251 -0.00101103 -0.00011847 
-0.00057640 -0.00017880 0.00003948 -0.00018449 -0.00202877 -0.00016783 -0.00031079 -0.00145729 -0.00017461 
-0.00095502 -0.00013298 0.00001234 -0.00021766 -0.00381988 -0.00023101 -0.00028532 -0.00194555 -0.00021206 
-0.00159313 -0.00002686 -0.00008479 -0.00013880 -0.00610096 -0.00018887 -0.00034984 -0.00183795 -0.00021110 
-0.00180660 0.00008039 -0.00013705 0.00007878 -0.00705136 -0.00019432 -0.00047166 -0.00083834 -0.00019963 
-0.00175911 0.00021737 -0.00016316 0.00035132 -0.00683613 -0.00023363 -0.00075452 0.00022430 -0.00017604 
-0.00156795 0.00032134 -0.00016293 0.00051401 -0.00559950 -0.00020385 -0.00101493 0.00086031 -0.00013790 
-0.00124671 0.00035133 -0.00013535 0.00050217 -0.00392340 -0.00008053 -0.00108462 0.00093980 -0.00011777 
-0.00091941 0.00027100 -0.00009136 0.00032177 -0.00214614 0.00004664 -0.00083316 0.00070738 -0.00008453 
-0.00088923 0.00012380 -0.00008447 0.00011876 -0.00122446 0.00004807 -0.00059335 0.00044443 -0.00005313 
-0.00093271 0.00003157 -0.00007926 0.00001090 -0.00089779 0.00002810 -0.00034415 0.00029937 -0.00002968 
-0.00099410 -0.00003377 -0.00006415 -0.00005850 -0.00081205 0.00002513 -0.00007372 0.00023850 -0.00001961 
-0.00105617 -0.00009259 -0.00004643 -0.00011872 -0.00081204 0.00002435 0.00018644 0.00028417 -0.00002363 
-0.00099946 -0.00014180 -0.00002264 -0.00016391 -0.00078989 0.00001098 0.00039242 0.00035331 -0.00002901 
-0.00091410 -0.00017968 -0.00001147 -0.00019711 -0.00080639 0.00002249 0.00048591 0.00047983 -0.00003596 
-0.00080111 -0.00016898 -0.00000030 -0.00018185 -0.00084525 0.00003187 0.00050118 0.00061306 -0.00005203 
-0.00070969 -0.00012009 0.00001310 -0.00013510 -0.00091196 0.00004095 0.00048298 0.00074931 -0.00006880 
-0.00061724 -0.00008522 -0.00000217 -0.00008553 -0.00098341 0.00006004 0.00039762 0.00082379 -0.00008581 
-0.00049491 -0.00002110 -0.00002304 -0.00001589 -0.00097919 0.00007700 0.00026822 0.00085866 -0.00009233 
-0.00044041 0.00004708 -0.00004047 0.00006549 -0.00102814 0.00008633 0.00015498 0.00091909 -0.00009545 
-0.00044186 0.00010205 -0.00004515 0.00011687 -0.00114420 0.00009549 0.00005168 0.00099517 -0.00009858 
-0.00053787 0.00017575 -0.00003216 0.00017781 -0.00156576 0.00011369 -0.00001421 0.00116403 -0.00011427 
-0.00091591 0.00025790 0.00001652 0.00020203 -0.00304272 0.00018992 -0.00007053 0.00162574 -0.00014873 
-0.00160937 0.00037555 0.00012576 0.00032410 -0.00492750 0.00018936 -0.00005432 0.00161847 -0.00014992 
-0.00192619 0.00047596 0.00018289 0.00050221 -0.00562808 0.00017956 0.00010652 0.00094767 -0.00014358 
-0.00188557 0.00051469 0.00017870 0.00062347 -0.00532974 0.00019613 0.00035684 0.00012834 -0.00011284 
-0.00163619 0.00047028 0.00016628 0.00061461 -0.00435357 0.00018448 0.00053626 -0.00041214 -0.00007367 
-0.00132336 0.00032975 0.00013838 0.00043205 -0.00296320 0.00010106 0.00048228 -0.00052482 -0.00003640 
-0.00099434 0.00010903 0.00007676 0.00012756 -0.00158061 -0.00003223 0.00023031 -0.00040055 -0.00001503 
-0.00085840 -0.00004231 0.00004917 -0.00006090 -0.00088913 -0.00001510 0.00003562 -0.00026679 -0.00000094 
-0.00088293 -0.00011503 0.00003863 -0.00014138 -0.00077041 -0.00000150 -0.00009964 -0.00025428 -0.00000182 
-0.00086107 -0.00016113 0.00002631 -0.00018696 -0.00075065 -0.00000378 -0.00024563 -0.00030152 -0.00001279 
-0.00084037 -0.00017271 0.00001189 -0.00019201 -0.00076356 0.00000573 -0.00035422 -0.00037210 -0.00002241 
-0.00079641 -0.00017952 -0.00000384 -0.00019726 -0.00077840 -0.00000012 -0.00039754 -0.00046510 -0.00003128 
-0.00075231 -0.00017143 -0.00001130 -0.00018203 -0.00081178 -0.00002077 -0.00041671 -0.00056809 -0.00004198 
-0.00071477 -0.00015701 -0.00000460 -0.00015900 -0.00084651 -0.00004230 -0.00038337 -0.00064475 -0.00005595 
-0.00065149 -0.00012536 -0.00000546 -0.00012544 -0.00086285 -0.00005039 -0.00032712 -0.00070775 -0.00006270 
-0.00060003 -0.00009757 -0.00000589 -0.00009732 -0.00091467 -0.00005991 -0.00025685 -0.00080198 -0.00007371 
-0.00049091 -0.00006729 0.00001510 -0.00006381 -0.00098820 -0.00006388 -0.00014346 -0.00089262 -0.00007774 
-0.00044082 -0.00001130 0.00003692 0.00001067 -0.00113632 -0.00006518 -0.00003728 -0.00098707 -0.00008352 
-0.00044304 0.00004914 0.00004150 0.00008073 -0.00130066 -0.00006188 0.00007180 -0.00107078 -0.00008757 
-0.00053056 0.00014364 0.00004028 0.00016081 -0.00172357 -0.00008237 0.00017221 -0.00120626 -0.00010195 
-0.00081544 0.00030702 0.00001669 0.00027453 -0.00311954 -0.00017160 0.00025966 -0.00148188 -0.00013476 
-0.00130719 0.00053559 -0.00006477 0.00053251 -0.00480527 -0.00028747 0.00014275 -0.00124731 -0.00015314 
-0.00155740 0.00071694 -0.00012183 0.00080737 -0.00509993 -0.00038196 -0.00022579 -0.00054259 -0.00014415 
-0.00157032 0.00073920 -0.00011985 0.00088468 -0.00444497 -0.00035821 -0.00055851 0.00005340 -0.00011532 
-0.00140203 0.00053932 -0.00009869 0.00067218 -0.00323309 -0.00027365 -0.00069554 0.00033025 -0.00007378 
-0.00112243 0.00026192 -0.00008153 0.00031369 -0.00205572 -0.00013715 -0.00053987 0.00029538 -0.00004416 
-0.00089623 0.00001103 -0.00006097 -0.00000259 -0.00121043 -0.00001045 -0.00029200 0.00024138 -0.00002168 
-0.00083711 -0.00011640 -0.00003391 -0.00014808 -0.00088688 -0.00002190 -0.00006133 0.00019174 -0.00001435 
-0.00085703 -0.00017138 -0.00001911 -0.00020761 -0.00090777 -0.00002743 0.00015643 0.00026621 -0.00001702 
-0.00085618 -0.00017313 0.00000636 -0.00020606 -0.00096247 -0.00003410 0.00033658 0.00038779 -0.00002424 
-0.00081747 -0.00015298 0.00002093 -0.00018275 -0.00098592 -0.00002106 0.00042366 0.00052893 -0.00003241 
-0.00070149 -0.00014516 0.00001176 -0.00016175 -0.00094842 0.00000270 0.00041960 0.00061629 -0.00004354 
-0.00059728 -0.00012898 0.00000558 -0.00013556 -0.00091259 0.00002013 0.00034358 0.00068230 -0.00004996 
-0.00057042 -0.00008866 -0.00000342 -0.00008646 -0.00093757 0.00003674 0.00026469 0.00075348 -0.00005798 
-0.00052140 -0.00003776 -0.00001483 -0.00003350 -0.00092043 0.00004854 0.00015595 0.00079022 -0.00005957 
-0.00052279 0.00005430 -0.00002091 0.00005812 -0.00090693 0.00005068 0.00005896 0.00080208 -0.00005888 
-0.00053086 0.00012772 -0.00002472 0.00012946 -0.00086617 0.00004330 -0.00004361 0.00078844 -0.00005491 
-0.00054258 0.00018395 -0.00002707 0.00019792 -0.00089924 0.00004246 -0.00013018 0.00076804 -0.00004935 
-0.00063420 0.00024134 -0.00003620 0.00025559 -0.00105559 0.00004794 -0.00022547 0.00083274 -0.00005318 
-0.00075697 0.00029399 -0.00002609 0.00029452 -0.00143233 0.00007385 -0.00027679 0.00092782 -0.00006169 
-0.00105760 0.00037107 0.00001773 0.00034388 -0.00265447 0.00018417 -0.00027334 0.00111109 -0.00009603 
-0.00151932 0.00047544 0.00009581 0.00049581 -0.00361765 0.00032117 -0.00013713 0.00080823 -0.00009856 
-0.00156328 0.00042046 0.00010793 0.00050026 -0.00355901 0.00036772 0.00007940 0.00034049 -0.00006710 
-0.00142716 0.00028673 0.00009681 0.00035578 -0.00319602 0.00026257 0.00020475 0.00003922 -0.00003106 
-0.00125089 0.00013341 0.00007329 0.00015203 -0.00257893 0.00000642 0.00017457 -0.00018190 -0.00001802 
-0.00114710 -0.00000737 0.00007968 -0.00003173 -0.00197001 -0.00014185 0.00008193 -0.00030158 -0.00002889 
-0.00093475 -0.00010263 0.00005858 -0.00012450 -0.00143419 -0.00013037 -0.00007410 -0.00038977 -0.00003902 
-0.00079035 -0.00016051 0.00002855 -0.00017808 -0.00087182 -0.00000685 -0.00020793 -0.00034571 -0.00001294 
-0.00077369 -0.00019421 0.00001654 -0.00021021 -0.00081050 0.00000146 -0.00028736 -0.00042421 -0.00001193 
-0.00070471 -0.00020118 0.00000624 -0.00021298 -0.00076202 0.00000091 -0.00029986 -0.00049884 -0.00001935 
-0.00069666 -0.00019329 -0.00000654 -0.00020016 -0.00079467 -0.00000929 -0.00028958 -0.00057835 -0.00002400 
-0.00068006 -0.00017891 -0.00000933 -0.00018631 -0.00084806 -0.00002479 -0.00025294 -0.00064682 -0.00003214 
-0.00062871 -0.00015798 -0.00000729 -0.00016467 -0.00088900 -0.00003518 -0.00018949 -0.00070286 -0.00003566 
-0.00058761 -0.00011858 -0.00000829 -0.00012425 -0.00091249 -0.00003596 -0.00011596 -0.00075986 -0.00004077 
-0.00053942 -0.00006674 0.00000226 -0.00006305 -0.00094751 -0.00004132 -0.00001202 -0.00082487 -0.00004444 
-0.00052580 0.00001786 0.00001550 0.00002822 -0.00092691 -0.00003726 0.00010153 -0.00081555 -0.00004829 
-0.00057809 0.00008204 0.00003084 0.00009997 -0.00094818 -0.00002925 0.00020759 -0.00080862 -0.00004929 
-0.00064348 0.00010754 0.00004539 0.00013001 -0.00101431 -0.00001870 0.00032358 -0.00080686 -0.00005394 
-0.00068653 0.00014596 0.00004810 0.00016776 -0.00116667 -0.00001311 0.00039913 -0.00080580 -0.00005317 
-0.00074246 0.00020005 0.00003975 0.00022612 -0.00142991 -0.00002091 0.00041586 -0.00075540 -0.00005597 
-0.00100292 0.00033327 0.00000446 0.00034525 -0.00253012 -0.00018603 0.00034269 -0.00084982 -0.00009773 
-0.00132980 0.00043731 -0.00004199 0.00048661 -0.00325679 -0.00035079 0.00013073 -0.00062890 -0.00010714 
-0.00127903 0.00034198 -0.00002641 0.00039962 -0.00302340 -0.00030053 -0.00004726 -0.00026653 -0.00006675 
-0.00127349 0.00020301 -0.00004102 0.00023175 -0.00285087 -0.00008771 -0.00011780 0.00002638 -0.00004188 
-0.00125403 0.00004471 -0.00006503 0.00001663 -0.00272958 0.00021007 -0.00010592 0.00026176 -0.00005043 
-0.00116812 -0.00008270 -0.00007224 -0.00012893 -0.00245365 0.00030648 0.00001767 0.00043430 -0.00006852 
-0.00093246 -0.00012648 -0.00002022 -0.00013597 -0.00189246 0.00017526 0.00021976 0.00057610 -0.00006815 
-0.00076131 -0.00013982 0.00000989 -0.00014587 -0.00120640 0.00003817 0.00035775 0.00059825 -0.00004490 
-0.00065113 -0.00011349 0.00001859 -0.00012766 -0.00095136 0.00001851 0.00036691 0.00064591 -0.00003675 
-0.00059431 -0.00009279 0.00002045 -0.00010583 -0.00084217 0.00002373 0.00032179 0.00067088 -0.00003745 
-0.00057371 -0.00007406 0.00002236 -0.00008563 -0.00083445 0.00002907 0.00025968 0.00073525 -0.00004383 
-0.00058185 -0.00003547 0.00000491 -0.00004401 -0.00085877 0.00003941 0.00016601 0.00080289 -0.00004941 
-0.00059887 0.00002008 0.00000006 0.00001359 -0.00085607 0.00004613 0.00005784 0.00080330 -0.00005170 
-0.00058676 0.00007070 -0.00000667 0.00006076 -0.00081096 0.00004771 -0.00004856 0.00077810 -0.00005337 
-0.00057437 0.00010650 -0.00000162 0.00010792 -0.00078061 0.00003938 -0.00014115 0.00075173 -0.00004674 
-0.00060544 0.00012859 -0.00000685 0.00014102 -0.00076938 0.00002737 -0.00024020 0.00072250 -0.00004292 
-0.00065885 0.00014661 -0.00000733 0.00017072 -0.00078773 0.00001973 -0.00030999 0.00068153 -0.00003512 
-0.00070802 0.00015210 -0.00000905 0.00018529 -0.00084880 0.00000641 -0.00036577 0.00062371 -0.00003002 
-0.00077530 0.00014586 -0.00001027 0.00018283 -0.00101454 -0.00001156 -0.00039401 0.00059221 -0.00002636 
-0.00084976 0.00012798 -0.00000467 0.00015837 -0.00131913 0.00000172 -0.00035673 0.00058635 -0.00003686 
-0.00092634 0.00012361 0.00002321 0.00013904 -0.00207822 0.00014820 -0.00024329 0.00065937 -0.00007034 
-0.00118362 0.00009931 0.00007172 0.00014592 -0.00263777 0.00021464 -0.00004893 0.00044338 -0.00006058 
-0.00135459 -0.00000677 0.00007745 0.00000903 -0.00300971 0.00013603 0.00007405 0.00022024 -0.00003638 
-0.00133968 -0.00015656 0.00008182 -0.00021074 -0.00300719 -0.00019427 0.00009679 -0.00003231 -0.00003311 
-0.00135455 -0.00031842 0.00008986 -0.00039650 -0.00322821 -0.00041179 0.00004209 -0.00037927 -0.00006536 
-0.00132524 -0.00039384 0.00010199 -0.00043142 -0.00337411 -0.00036489 -0.00012342 -0.00077247 -0.00010470 
-0.00100112 -0.00030778 0.00004399 -0.00029605 -0.00243982 -0.00017441 -0.00031615 -0.00096560 -0.00008987 
-0.00076544 -0.00021086 -0.00000615 -0.00021999 -0.00136172 -0.00003074 -0.00035971 -0.00077849 -0.00004617 
-0.00070199 -0.00017144 -0.00001440 -0.00018288 -0.00107251 -0.00002304 -0.00032491 -0.00078517 -0.00004282 
-0.00064893 -0.00015169 -0.00001571 -0.00017353 -0.00094426 -0.00002967 -0.00025554 -0.00078665 -0.00004443 
-0.00058877 -0.00013074 -0.00002217 -0.00014743 -0.00087691 -0.00003933 -0.00016923 -0.00079069 -0.00004935 
-0.00055207 -0.00009480 -0.00001225 -0.00010444 -0.00087855 -0.00004355 -0.00007220 -0.00080711 -0.00005613 
-0.00054750 -0.00004605 0.00000101 -0.00004509 -0.00092911 -0.00004202 0.00003657 -0.00082366 -0.00005809 
-0.00053687 0.00000384 0.00001449 0.00001628 -0.00093338 -0.00003172 0.00013995 -0.00076840 -0.00005650 
-0.00052721 0.00005229 0.00002096 0.00007422 -0.00091127 -0.00002421 0.00022708 -0.00070469 -0.00005022 
-0.00059986 0.00009158 0.00003488 0.00011899 -0.00091662 -0.00001030 0.00031663 -0.00064027 -0.00005105 
-0.00066413 0.00011251 0.00004164 0.00013875 -0.00090978 0.00000426 0.00035545 -0.00055403 -0.00004485 
-0.00070137 0.00012982 0.00003551 0.00015359 -0.00091950 0.00001803 0.00034511 -0.00045455 -0.00003905 
-0.00075583 0.00014480 0.00002283 0.00016792 -0.00096596 0.00000981 0.00028135 -0.00037912 -0.00003475 
-0.00077724 0.00013901 0.00001309 0.00016821 -0.00102302 -0.00000614 0.00015319 -0.00030791 -0.00003613 
-0.00090823 0.00010182 -0.00001697 0.00013427 -0.00157060 -0.00013327 -0.00003808 -0.00035204 -0.00005916 
-0.00108322 -0.00000992 -0.00003827 0.00002139 -0.00226090 -0.00014888 -0.00023785 -0.00031656 -0.00004982 
-0.00123291 -0.00021073 -0.00004191 -0.00024020 -0.00277923 0.00008840 -0.00035959 -0.00022434 -0.00004168 
-0.00152078 -0.00039834 -0.00008201 -0.00048855 -0.00360304 0.00033255 -0.00036144 -0.00005670 -0.00007079 
-0.00165332 -0.00056032 -0.00010152 -0.00066168 -0.00431228 0.00041928 -0.00019651 0.00031321 -0.00012238 
-0.00151782 -0.00058239 -0.00007068 -0.00061572 -0.00454117 0.00039828 0.00011839 0.00091764 -0.00015341 
-0.00098508 -0.00038990 0.00002053 -0.00036520 -0.00316891 0.00020655 0.00032196 0.00124101 -0.00013294 
-0.00069695 -0.00021179 0.00006016 -0.00022476 -0.00167224 0.00005862 0.00029618 0.00099656 -0.00008069 
-0.00064666 -0.00012025 0.00006766 -0.00014417 -0.00121241 0.00003936 0.00022265 0.00092720 -0.00007528 
-0.00053664 -0.00006202 0.00004987 -0.00008692 -0.00097610 0.00004296 0.00010715 0.00085103 -0.00006335 
-0.00048473 0.00000902 0.00002216 -0.00000120 -0.00087679 0.00004920 -0.00000952 0.00077512 -0.00005944 
-0.00052464 0.00009278 -0.00000044 0.00009283 -0.00083143 0.00004676 -0.00012240 0.00071717 -0.00005788 
-0.00060360 0.00013610 -0.00000741 0.00015047 -0.00080938 0.00004245 -0.00020998 0.00069937 -0.00005216 
-0.00066595 0.00015698 -0.00001429 0.00017694 -0.00078013 0.00003613 -0.00029047 0.00064848 -0.00004316 
-0.00071352 0.00017858 -0.00001732 0.00020289 -0.00074628 0.00002948 -0.00033467 0.00058456 -0.00003175 
-0.00079986 0.00019047 -0.00001432 0.00021793 -0.00075141 0.00001475 -0.00035984 0.00052079 -0.00002025 
-0.00090093 0.00017156 -0.00000008 0.00019765 -0.00077341 -0.00000569 -0.00035714 0.00045505 -0.00000795 
-0.00093336 0.00013311 0.00001228 0.00016140 -0.00077075 -0.00001325 -0.00030445 0.00037488 -0.00000001 
-0.00086997 0.00006939 0.00002590 0.00008926 -0.00074384 0.00000281 -0.00018169 0.00033241 0.00000589 
-0.00086836 0.00002863 0.00003766 0.00004391 -0.00075519 0.00000032 -0.00005306 0.00029634 0.00000844 
-0.00093846 -0.00007704 0.00005659 -0.00008405 -0.00111230 0.00002170 0.00011077 0.00035239 -0.00000453 
-0.00106359 -0.00025222 0.00008383 -0.00032285 -0.00194010 -0.00012862 0.00031635 0.00038889 -0.00001535 
-0.00137266 -0.00047114 0.00011776 -0.00057903 -0.00312831 -0.00024229 0.00045098 0.00035601 -0.00005433 
-0.00168580 -0.00068150 0.00014660 -0.00079237 -0.00440561 -0.00029973 0.00039818 0.00004925 -0.00009800 
-0.00180352 -0.00073744 0.00016801 -0.00079836 -0.00518515 -0.00029829 0.00020116 -0.00056845 -0.00013507 
-0.00158761 -0.00060187 0.00012435 -0.00057579 -0.00503021 -0.00025859 -0.00007708 -0.00133747 -0.00014365 
-0.00102336 -0.00037484 0.00001142 -0.00031874 -0.00349169 -0.00017704 -0.00023936 -0.00161501 -0.00013319 
-0.00064588 -0.00021664 -0.00004840 -0.00021141 -0.00192411 -0.00009042 -0.00019998 -0.00133171 -0.00009972 
-0.00052914 -0.00012728 -0.00004730 -0.00013376 -0.00137079 -0.00008072 -0.00008695 -0.00118777 -0.00009049 
-0.00052886 -0.00006679 -0.00005141 -0.00007260 -0.00116639 -0.00007378 0.00002772 -0.00105271 -0.00008979 
-0.00049956 0.00001518 -0.00002856 0.00001612 -0.00098457 -0.00005887 0.00013460 -0.00088716 -0.00007608 
-0.00054020 0.00008089 -0.00000551 0.00009383 -0.00096780 -0.00004854 0.00024998 -0.00082813 -0.00007016 
-0.00063903 0.00012413 -0.00000028 0.00014190 -0.00094689 -0.00003223 0.00033446 -0.00075879 -0.00006164 
-0.00067549 0.00017279 0.00000961 0.00019723 -0.00088246 -0.00001702 0.00038714 -0.00064212 -0.00004898 
-0.00075480 0.00021080 0.00001325 0.00024314 -0.00082594 0.00000106 0.00042261 -0.00056326 -0.00003674 
-0.00087315 0.00023117 0.00001184 0.00026442 -0.00079445 0.00001973 0.00040024 -0.00046392 -0.00003241 
-0.00093013 0.00022143 -0.00000653 0.00025021 -0.00072649 0.00002547 0.00027621 -0.00036360 -0.00002542 
-0.00093484 0.00018710 -0.00003114 0.00021945 -0.00071052 0.00002265 0.00005077 -0.00027565 -0.00002049 
-0.00093134 0.00011618 -0.00004665 0.00014865 -0.00071632 0.00000332 -0.00020065 -0.00024270 -0.00002308 
-0.00086391 0.00001844 -0.00005666 0.00004718 -0.00077648 -0.00000738 -0.00039937 -0.00028017 -0.00002537 
-0.00088237 -0.00013567 -0.00007474 -0.00013408 -0.00123630 -0.00001421 -0.00063202 -0.00044627 -0.00003957 
-0.00125638 -0.00039371 -0.00012626 -0.00046356 -0.00272889 0.00010744 -0.00093584 -0.00064034 -0.00008102 
-0.00156872 -0.00059302 -0.00015656 -0.00072461 -0.00438915 0.00022092 -0.00094390 -0.00063902 -0.00009885 
-0.00171576 -0.00062585 -0.00015589 -0.00074226 -0.00567864 0.00027540 -0.00071534 -0.00016129 -0.00013338 
-0.00179937 -0.00054057 -0.00013718 -0.00056720 -0.00635014 0.00026539 -0.00038819 0.00078577 -0.00017545 
-0.00159573 -0.00038297 -0.00009524 -0.00032657 -0.00588068 0.00025727 -0.00016423 0.00167247 -0.00019638 
-0.00087871 -0.00018725 0.00000582 -0.00012974 -0.00384485 0.00022952 -0.00007106 0.00188774 -0.00018931 
-0.00049422 -0.00003952 0.00005240 -0.00004338 -0.00203280 0.00014891 -0.00010101 0.00146114 -0.00015757 
-0.00044528 0.00004745 0.00004148 0.00001251 -0.00130421 0.00012172 -0.00016590 0.00115274 -0.00012483 
-0.00044438 0.00005990 0.00002482 0.00003591 -0.00100762 0.00010588 -0.00026297 0.00094589 -0.00011907 
-0.00050820 0.00008299 0.00001629 0.00006660 -0.00082490 0.00008883 -0.00031607 0.00080239 -0.00009980 
-0.00060641 0.00010826 0.00001059 0.00009589 -0.00075858 0.00007431 -0.00037085 0.00068899 -0.00009267 
-0.00070884 0.00012937 -0.00000426 0.00012972 -0.00072304 0.00006216 -0.00040305 0.00059534 -0.00007693 
-0.00080803 0.00014233 -0.00001082 0.00014562 -0.00066952 0.00004701 -0.00038693 0.00049148 -0.00006006 
-0.00091595 0.00011577 -0.00000473 0.00011722 -0.00065275 0.00003053 -0.00031759 0.00040373 -0.00004408 
-0.00096354 0.00007296 0.00000786 0.00007087 -0.00065025 0.00001551 -0.00018210 0.00031883 -0.00003105 
-0.00095522 0.00002798 0.00001972 0.00002527 -0.00064798 0.00000759 -0.00001262 0.00027251 -0.00002325 
-0.00092923 -0.00003409 0.00002979 -0.00003766 -0.00064993 0.00002277 0.00018308 0.00027077 -0.00002576 
-0.00085068 -0.00009819 0.00003511 -0.00010262 -0.00067642 0.00004494 0.00033619 0.00030662 -0.00003422 
-0.00077890 -0.00018864 0.00004181 -0.00018980 -0.00079994 0.00006800 0.00043041 0.00036681 -0.00004888 
-0.00084771 -0.00035438 0.00006129 -0.00038236 -0.00149788 0.00008598 0.00060715 0.00055816 -0.00008149 
-0.00113094 -0.00048496 0.00010653 -0.00053893 -0.00290594 0.00005895 0.00080059 0.00074351 -0.00010932 
-0.00137348 -0.00052404 0.00012662 -0.00057071 -0.00393840 0.00003739 0.00075304 0.00074096 -0.00010912 
-0.00143370 -0.00051990 0.00012416 -0.00052091 -0.00447064 0.00000933 0.00056518 0.00039190 -0.00009500 
-0.00132234 -0.00047330 0.00009105 -0.00041920 -0.00441344 0.00000489 0.00039457 -0.00011322 -0.00008447 
-0.00106822 -0.00035875 0.00004664 -0.00028731 -0.00374630 -0.00003674 0.00024947 -0.00052268 -0.00006321 
-0.00064627 -0.00019430 -0.00001984 -0.00013834 -0.00240526 -0.00006853 0.00016422 -0.00065438 -0.00004948 
-0.00048725 -0.00006633 -0.00003587 -0.00004510 -0.00152685 -0.00006081 0.00016617 -0.00050855 -0.00004205 
-0.00048206 0.00002030 -0.00002484 0.00002798 -0.00126560 -0.00006080 0.00019676 -0.00045578 -0.00003974 
-0.00053701 0.00010530 -0.00001031 0.00010605 -0.00108612 -0.00005598 0.00024673 -0.00042070 -0.00003753 
-0.00063296 0.00015311 0.00000023 0.00014841 -0.00099119 -0.00005519 0.00028594 -0.00039300 -0.00003829 
-0.00073718 0.00016736 0.00002010 0.00016147 -0.00091051 -0.00004701 0.00034228 -0.00034913 -0.00004228 
-0.00082135 0.00016502 0.00003712 0.00016008 -0.00084422 -0.00003729 0.00037909 -0.00028570 -0.00004183 
-0.00091571 0.00014047 0.00003854 0.00014216 -0.00077290 -0.00003157 0.00037498 -0.00020947 -0.00004165 
-0.00094975 0.00011243 0.00003491 0.00011794 -0.00068637 -0.00000943 0.00033099 -0.00013483 -0.00003625 
-0.00097252 0.00005801 0.00003540 0.00006962 -0.00061606 0.00000903 0.00028766 -0.00007525 -0.00003476 
-0.00100612 -0.00001501 0.00002464 -0.00000323 -0.00058337 0.00002378 0.00021567 -0.00003840 -0.00003547 
-0.00100595 -0.00008991 0.00001102 -0.00008172 -0.00060599 0.00002181 0.00012338 -0.00002930 -0.00003668 
-0.00096103 -0.00014938 0.00000400 -0.00014486 -0.00066410 0.00001658 0.00004074 -0.00004757 -0.00003586 
-0.00087151 -0.00018362 -0.00000056 -0.00018436 -0.00073655 0.00001074 -0.00003221 -0.00008878 -0.00003330 
-0.00076862 -0.00019067 -0.00000627 -0.00019541 -0.00080340 0.00000630 -0.00008516 -0.00014257 -0.00003153 
-0.00069699 -0.00017206 -0.00002424 -0.00018129 -0.00087840 0.00000718 -0.00012319 -0.00020535 -0.00003189 
-0.00064714 -0.00010643 -0.00003096 -0.00011814 -0.00094243 0.00000176 -0.00011982 -0.00027205 -0.00003248 
-0.00062234 -0.00001879 -0.00002822 -0.00003426 -0.00099758 0.00000043 -0.00007901 -0.00032941 -0.00003182 
-0.00060355 0.00006417 -0.00003390 0.00004531 -0.00098691 0.00000023 -0.00003238 -0.00036636 -0.00003035 
-0.00061990 0.00014782 -0.00003320 0.00012716 -0.00095197 -0.00000108 0.00002308 -0.00038335 -0.00002928 
-0.00068593 0.00020152 -0.00002936 0.00017885 -0.00090026 -0.00000096 0.00007847 -0.00038409 -0.00002812 
-0.00074918 0.00023653 -0.00003164 0.00021215 -0.00080987 -0.00000263 0.00012026 -0.00035924 -0.00002649 
-0.00078409 0.00022431 -0.00002749 0.00020221 -0.00070760 -0.00000501 0.00014928 -0.00030145 -0.00002361 
-0.00084314 0.00019135 -0.00001843 0.00017420 -0.00065360 -0.00000635 0.00015886 -0.00023499 -0.00001985 
-0.00091115 0.00015174 -0.00001809 0.00014051 -0.00061360 -0.00001136 0.00013758 -0.00017736 -0.00001769 
-0.00099226 0.00010116 -0.00001556 0.00009454 -0.00060171 -0.00001732 0.00009283 -0.00011530 -0.00001620 
-0.00102064 0.00004018 -0.00000306 0.00003359 -0.00058974 -0.00001995 0.00003855 -0.00006134 -0.00001329 
-0.00102616 -0.00001532 0.00000161 -0.00001838 -0.00062902 -0.00002451 -0.00003667 -0.00003357 -0.00001317 
-0.00098965 -0.00006059 0.00000265 -0.00006110 -0.00064306 -0.00002625 -0.00010508 -0.00003939 -0.00001356 
-0.00094261 -0.00009957 0.00000798 -0.00009787 -0.00067062 -0.00002022 -0.00016365 -0.00006911 -0.00001293 
-0.00090606 -0.00013862 0.00000989 -0.00013357 -0.00068871 -0.00001080 -0.00020019 -0.00011172 -0.00001270 
-0.00086521 -0.00016715 0.00000587 -0.00015970 -0.00071109 -0.00000231 -0.00022186 -0.00015455 -0.00001150 
-0.00082056 -0.00018721 0.00000262 -0.00017920 -0.00073550 0.00000586 -0.00021492 -0.00019832 -0.00001331 
-0.00078870 -0.00019255 -0.00000033 -0.00018490 -0.00078875 0.00000689 -0.00019576 -0.00024364 -0.00001706 
-0.00071415 -0.00018410 -0.00000048 -0.00017674 -0.00080954 0.00000897 -0.00015940 -0.00026594 -0.00002228 
-0.00068164 -0.00016628 0.00000001 -0.00015631 -0.00086208 0.00000753 -0.00012421 -0.00028111 -0.00002564 
-0.00062369 -0.00012943 -0.00000208 -0.00012044 -0.00091036 0.00000167 -0.00006954 -0.00027755 -0.00002595 
-0.00057710 -0.00007933 -0.00000787 -0.00007116 -0.00094443 -0.00000434 -0.00002426 -0.00026427 -0.00002537 
-0.00057645 -0.00002813 -0.00001167 -0.00002110 -0.00097042 -0.00000959 0.00001514 -0.00023441 -0.00002405 
-0.00059208 0.00002997 -0.00000619 0.00003827 -0.00099039 -0.00001085 0.00002749 -0.00017624 -0.00002357 
-0.00059160 0.00009523 -0.00000803 0.00010277 -0.00098243 -0.00000900 0.00000901 -0.00009782 -0.00002189 
-0.00063339 0.00015912 -0.00001063 0.00016678 -0.00094763 -0.00000503 -0.00004596 -0.00001785 -0.00002562 
-0.00071101 0.00020642 -0.00001217 0.00021353 -0.00088801 -0.00000196 -0.00011439 0.00005003 -0.00002576 
-0.00075862 0.00020795 -0.00001391 0.00021786 -0.00079875 -0.00000078 -0.00021463 0.00009134 -0.00002716 
-0.00078207 0.00016919 -0.00001624 0.00018638 -0.00071013 -0.00000171 -0.00030834 0.00009940 -0.00002737 
-0.00065015 0.00009822 -0.00002425 0.00012389 -0.00054181 -0.00000451 -0.00037489 0.00007130 -0.00002318 
-0.00028429 -0.00001482 -0.00003083 0.00000113 -0.00021445 -0.00000504 -0.00030432 0.00002222 -0.00001320 
