-0.00542316 0.00018939 -0.00008020 0.00001256 -0.00511066 0.00055099 -0.00028663 0.00064158 -0.00004233 
-0.01136969 -0.00034737 -0.00007633 -0.00071418 -0.01091907 0.00112197 -0.00042094 0.00132195 -0.00038003 
-0.01382181 -0.00095549 -0.00013150 -0.00128874 -0.01393726 0.00138326 -0.00032868 0.00149294 -0.00057802 
-0.01593932 -0.00124445 -0.00003603 -0.00161265 -0.01711093 0.00157004 -0.00026778 0.00159443 -0.00075296 
-0.01670458 -0.00136899 -0.00005754 -0.00172952 -0.01929373 0.00189284 -0.00014244 0.00178578 -0.00085351 
-0.01707003 -0.00116487 -0.00012909 -0.00155438 -0.02124409 0.00224914 -0.00016612 0.00208452 -0.00097030 
-0.01694433 -0.00067513 -0.00022085 -0.00108086 -0.02253555 0.00248962 -0.00008096 0.00223796 -0.00100785 
-0.01695184 0.00013842 -0.00033376 -0.00027701 -0.02312506 0.00257267 -0.00018203 0.00233278 -0.00102512 
-0.01712801 0.00092595 -0.00056813 0.00051505 -0.02324043 0.00261798 -0.00029768 0.00234819 -0.00100878 
-0.01747601 0.00162089 -0.00064044 0.00125696 -0.02300277 0.00247469 -0.00034766 0.00234205 -0.00098317 
-0.01811546 0.00224078 -0.00069920 0.00189523 -0.02301486 0.00238104 -0.00041996 0.00232960 -0.00097018 
-0.01894198 0.00279292 -0.00079430 0.00248106 -0.02263611 0.00217915 -0.00050171 0.00223183 -0.00096740 
-0.02013670 0.00305953 -0.00080632 0.00279782 -0.02217152 0.00194419 -0.00049719 0.00211483 -0.00094644 
-0.02147960 0.00291603 -0.00082042 0.00274944 -0.02169262 0.00175952 -0.00052928 0.00199258 -0.00094069 
-0.02202976 0.00272852 -0.00066076 0.00262387 -0.02054135 0.00166152 -0.00036423 0.00191774 -0.00091010 
-0.02279019 0.00231645 -0.00029460 0.00228919 -0.01939303 0.00162328 -0.00010630 0.00195243 -0.00091812 
-0.02491154 0.00157106 -0.00020136 0.00162378 -0.01955731 0.00170574 0.00001097 0.00204562 -0.00098827 
-0.02615826 0.00097764 -0.00014633 0.00105391 -0.01940026 0.00189268 0.00009047 0.00215487 -0.00099715 
-0.02660936 0.00041069 -0.00004704 0.00049494 -0.01878809 0.00197561 0.00015363 0.00219947 -0.00096219 
-0.02688224 -0.00022588 -0.00006691 -0.00008806 -0.01876517 0.00209411 0.00018112 0.00224136 -0.00097388 
-0.02656107 -0.00087763 -0.00009387 -0.00066447 -0.01862820 0.00212884 0.00019931 0.00224666 -0.00100049 
-0.02538648 -0.00170441 -0.00031793 -0.00143167 -0.01843275 0.00217167 0.00012747 0.00225695 -0.00101831 
-0.02453270 -0.00243807 -0.00048630 -0.00211823 -0.01910807 0.00218650 -0.00001215 0.00225117 -0.00105480 
-0.02409168 -0.00305426 -0.00080149 -0.00266940 -0.02024778 0.00234580 -0.00014512 0.00225706 -0.00110410 
-0.02339853 -0.00357811 -0.00103025 -0.00312671 -0.02132661 0.00250778 -0.00026415 0.00229381 -0.00111537 
-0.02241459 -0.00387377 -0.00111002 -0.00337694 -0.02261420 0.00270246 -0.00020562 0.00219509 -0.00106913 
-0.02151836 -0.00374932 -0.00131360 -0.00320954 -0.02425460 0.00296818 -0.00011638 0.00213456 -0.00105790 
-0.02050810 -0.00323685 -0.00148383 -0.00267763 -0.02565446 0.00312318 0.00004425 0.00203021 -0.00101617 
-0.01982501 -0.00238665 -0.00182685 -0.00182903 -0.02644680 0.00313494 0.00010561 0.00183182 -0.00096565 
-0.01957103 -0.00152093 -0.00215751 -0.00094336 -0.02701374 0.00304840 0.00022419 0.00158614 -0.00092627 
-0.01928747 -0.00062207 -0.00238134 -0.00004449 -0.02705988 0.00287904 0.00043317 0.00135609 -0.00087793 
-0.01929009 0.00041620 -0.00255840 0.00097106 -0.02682266 0.00280390 0.00074948 0.00118457 -0.00084444 
-0.02005158 0.00148562 -0.00286966 0.00198231 -0.02660493 0.00278633 0.00105873 0.00113259 -0.00085597 
-0.02135849 0.00222282 -0.00333557 0.00262753 -0.02576684 0.00249331 0.00141012 0.00102594 -0.00083383 
-0.02282483 0.00221679 -0.00373982 0.00251019 -0.02473125 0.00200521 0.00188191 0.00102924 -0.00080637 
-0.02390526 0.00175201 -0.00404044 0.00186513 -0.02355091 0.00153413 0.00254557 0.00125543 -0.00071427 
-0.02478564 0.00089449 -0.00433667 0.00082683 -0.02277919 0.00096278 0.00311269 0.00161242 -0.00061412 
-0.02600641 -0.00015086 -0.00468710 -0.00038174 -0.02314917 0.00041451 0.00362676 0.00228441 -0.00051076 
-0.02659829 -0.00133928 -0.00485148 -0.00170921 -0.02385442 -0.00038725 0.00403453 0.00305685 -0.00042265 
-0.02595108 -0.00233611 -0.00478433 -0.00281967 -0.02516927 -0.00129197 0.00401421 0.00396186 -0.00039589 
-0.02472301 -0.00270254 -0.00450309 -0.00327994 -0.02750734 -0.00227696 0.00373248 0.00483294 -0.00035561 
-0.02312732 -0.00244725 -0.00410945 -0.00309347 -0.02987241 -0.00327594 0.00299337 0.00564000 -0.00033210 
-0.02231786 -0.00144822 -0.00373076 -0.00210633 -0.03302647 -0.00447305 0.00197074 0.00645410 -0.00026544 
-0.02301337 0.00027673 -0.00305322 -0.00038297 -0.03669792 -0.00621688 0.00090820 0.00706869 -0.00002715 
-0.02688808 0.00256608 -0.00185305 0.00121404 -0.04828465 -0.00947198 0.00150621 0.01173531 0.00010537 
-0.03796347 0.00541624 0.00071705 0.00090681 -0.07537810 -0.02397646 0.00271797 0.02222395 0.00525748 
-0.05238644 0.00835621 0.00458959 -0.00376771 -0.11199322 -0.06634930 0.00630339 0.02624382 0.01545681 
-0.06180384 0.00971235 0.00914760 -0.00959696 -0.12427964 -0.12249229 0.00613308 0.01169662 0.01181972 
-0.06440174 0.00860541 0.01315982 -0.00884854 -0.11033857 -0.14686811 0.00431488 -0.00370029 -0.00674204 
-0.06475695 0.00588850 0.01924767 -0.00734537 -0.08517123 -0.16187439 0.00194968 -0.01345469 -0.03174554 
-0.06075550 -0.00015087 0.02431687 -0.00229256 -0.05492494 -0.13696066 -0.00160610 -0.01511360 -0.05155976 
-0.05135477 -0.00337434 0.02141152 0.00236980 -0.04521000 -0.07695626 -0.00116579 -0.01572711 -0.03861814 
-0.04110505 -0.00290968 0.01603749 0.00381097 -0.04239023 -0.04015640 -0.00011034 -0.01766209 -0.02039829 
-0.03502527 -0.00346431 0.01350188 0.00308797 -0.03714419 -0.02440002 -0.00042814 -0.01653627 -0.01153937 
-0.03159403 -0.00417271 0.01099415 0.00150364 -0.03321384 -0.01805536 -0.00090407 -0.01510770 -0.00847998 
-0.02907405 -0.00481359 0.00903422 0.00014804 -0.03096681 -0.01338044 -0.00110434 -0.01444839 -0.00649033 
-0.02812153 -0.00541748 0.00775801 -0.00101473 -0.02913380 -0.01096628 -0.00118671 -0.01416069 -0.00558717 
-0.02804344 -0.00582574 0.00704999 -0.00171696 -0.02896604 -0.00969269 -0.00113221 -0.01444417 -0.00522632 
-0.02799260 -0.00634974 0.00642536 -0.00244817 -0.02902373 -0.00864430 -0.00096819 -0.01484794 -0.00501033 
-0.02729184 -0.00599978 0.00535485 -0.00259643 -0.03055466 -0.00872713 -0.00054102 -0.01576643 -0.00524995 
-0.02675503 -0.00580031 0.00472633 -0.00267152 -0.03342080 -0.00883538 -0.00009354 -0.01726929 -0.00545536 
-0.02819509 -0.00525150 0.00464523 -0.00236287 -0.03885716 -0.01020585 0.00076250 -0.01963337 -0.00631083 
-0.02999656 -0.00483960 0.00485285 -0.00191542 -0.04536669 -0.01091697 0.00138334 -0.02248416 -0.00701025 
-0.03255253 -0.00363911 0.00466654 -0.00053889 -0.05484281 -0.01244357 0.00246458 -0.02718165 -0.00836819 
-0.04240301 -0.00259453 0.00502968 0.00051964 -0.07258297 -0.01497533 0.00269902 -0.03720888 -0.01174238 
-0.06102362 0.00109623 0.00417847 0.00289635 -0.10660470 -0.01181027 0.00228651 -0.05887560 -0.01300335 
-0.08161318 0.00208491 0.00485606 0.00460630 -0.15626629 0.01554974 -0.00065689 -0.06467540 0.00205887 
-0.08816834 0.00857641 0.00599286 -0.00110850 -0.17915269 0.05662434 -0.01106791 -0.06135092 0.01649233 
-0.08260553 0.00671140 0.00954989 0.00774514 -0.15000427 0.06177515 -0.00274611 -0.02044643 0.00373826 
-0.08102789 0.00785247 0.00538929 0.01069364 -0.13262857 0.07665295 -0.00178314 0.01055475 -0.01066357 
-0.09057388 0.00939369 0.00116307 0.00455516 -0.12272396 0.11869503 -0.00350717 0.02499056 -0.03307958 
-0.08561326 0.00672450 -0.00650842 0.00615308 -0.09509327 0.09437399 -0.00267690 0.03068187 -0.04674076 
-0.06728616 0.00337034 -0.00826910 0.00587836 -0.07165897 0.05130296 -0.00166792 0.02877458 -0.03041676 
-0.05661080 0.00100415 -0.00687292 0.00332137 -0.06143468 0.03325638 -0.00052531 0.02522274 -0.01915127 
-0.04712842 -0.00096929 -0.00418375 0.00020602 -0.05153354 0.02292506 0.00011976 0.02199997 -0.01254658 
-0.04396543 -0.00229751 -0.00377420 -0.00140516 -0.04897504 0.01990533 0.00056905 0.02112404 -0.01090875 
-0.04098357 -0.00285901 -0.00294906 -0.00251389 -0.04674357 0.01898237 0.00078871 0.02015024 -0.01010947 
-0.03828636 -0.00266086 -0.00271452 -0.00262140 -0.04559760 0.01793558 0.00064778 0.01982370 -0.00955979 
-0.03639287 -0.00221926 -0.00296101 -0.00229326 -0.04552325 0.01818763 0.00005810 0.01971314 -0.00961647 
-0.03558111 -0.00140915 -0.00300614 -0.00155565 -0.04700387 0.01897146 -0.00044839 0.02010538 -0.00985898 
-0.03470101 -0.00040329 -0.00333340 -0.00045824 -0.04838880 0.02022329 -0.00092950 0.02047296 -0.01025138 
-0.03448274 0.00047726 -0.00396998 0.00080047 -0.05036674 0.02130791 -0.00159928 0.02107941 -0.01080209 
-0.03588643 0.00134482 -0.00446979 0.00233855 -0.05340494 0.02319691 -0.00188972 0.02208569 -0.01166384 
-0.04036441 0.00189222 -0.00497349 0.00373803 -0.05942685 0.02614182 -0.00236740 0.02442721 -0.01314009 
-0.04713872 0.00202102 -0.00560709 0.00505883 -0.06807410 0.02740119 -0.00249866 0.02816907 -0.01481004 
-0.06055092 0.00292753 -0.00524605 0.00727648 -0.08408774 0.03643685 -0.00244749 0.03731520 -0.02240542 
-0.08059936 0.00221525 -0.00770460 0.01133641 -0.12238447 0.03254732 -0.00240036 0.04826926 -0.01996267 
-0.08994508 0.00220248 -0.01380107 0.01170493 -0.15221703 -0.00453093 0.00221341 0.04632076 -0.00466450 
-0.08227317 -0.00586368 -0.04427269 0.02926849 -0.17120799 -0.10114098 -0.00586751 0.03439919 0.01637251 
-0.08547306 0.00593235 -0.01390077 0.00895646 -0.13106620 -0.03337899 -0.00359444 -0.00658389 -0.00769179 
-0.09110777 0.00667518 -0.00997272 0.00391083 -0.12765745 -0.05724247 0.00634261 -0.02923544 -0.01894419 
-0.09260400 0.00620511 -0.00508069 -0.00028219 -0.10848276 -0.08788280 0.00139669 -0.03337369 -0.03820376 
-0.07474432 0.00169295 0.00010677 -0.00143470 -0.07797655 -0.05820360 -0.00143713 -0.02945964 -0.03682717 
-0.06067466 -0.00079872 0.00048544 -0.00178730 -0.06981802 -0.03553574 -0.00122175 -0.02683697 -0.01985641 
-0.04905351 -0.00157537 -0.00035547 -0.00223233 -0.05810251 -0.02239089 -0.00121420 -0.02395378 -0.01152465 
-0.04462911 -0.00225807 -0.00005087 -0.00258666 -0.05265044 -0.01982636 -0.00133947 -0.02121192 -0.00971766 
-0.04162275 -0.00217745 -0.00042006 -0.00275476 -0.04927389 -0.01910022 -0.00122298 -0.01987791 -0.00934685 
-0.03882481 -0.00214198 -0.00087696 -0.00278318 -0.04756015 -0.01836042 -0.00107344 -0.01908506 -0.00898379 
-0.03693462 -0.00196925 -0.00107833 -0.00244929 -0.04755238 -0.01955232 -0.00085351 -0.01895325 -0.00939255 
-0.03668217 -0.00207172 -0.00111126 -0.00234294 -0.04869750 -0.02064704 -0.00065536 -0.01935142 -0.00986406 
-0.03681604 -0.00194790 -0.00124482 -0.00169951 -0.05088977 -0.02292115 -0.00073565 -0.02018975 -0.01082400 
-0.03755997 -0.00203809 -0.00086647 -0.00126761 -0.05436686 -0.02474233 -0.00066526 -0.02162164 -0.01177053 
-0.03907043 -0.00184196 0.00015613 0.00004467 -0.05915447 -0.02612174 -0.00032987 -0.02345568 -0.01250628 
-0.04310142 -0.00119980 0.00161523 0.00167707 -0.06572870 -0.02984557 -0.00017883 -0.02621882 -0.01452080 
-0.04767636 -0.00079789 0.00314832 0.00387955 -0.07337461 -0.02853672 0.00062446 -0.02883951 -0.01494224 
-0.06056698 -0.00017230 0.00377564 0.00628560 -0.08514321 -0.04350618 0.00018234 -0.03483379 -0.02646584 
-0.07827233 -0.00136244 0.00686869 0.01074490 -0.11483899 -0.04682314 0.00194139 -0.04335154 -0.02823281 
-0.08392386 -0.00167263 0.01537808 0.01555359 -0.12510397 -0.03499263 0.00055420 -0.03724149 -0.02519346 
-0.07781426 -0.01208308 0.04773905 0.01524601 -0.14531141 0.05226501 0.00444736 -0.03574236 0.00754341 
-0.08587312 0.00378076 0.02218100 0.00778131 -0.13372136 0.00726521 0.00522665 0.00028061 -0.00421515 
-0.09941677 0.01373857 0.03053283 0.07380836 -0.22051661 -0.13350168 -0.04567132 0.08105539 0.07864230 
-0.11300907 0.03390087 0.05290701 0.14141365 -0.32043287 -0.20749452 -0.12050934 0.20430894 0.19091847 
-0.07894367 0.00534664 0.01129850 -0.00713534 -0.07723258 0.07033218 0.00285179 0.02717521 -0.04429976 
-0.06357504 0.00084492 0.00641156 -0.00503906 -0.07100133 0.04283216 0.00195379 0.02666728 -0.02582528 
-0.05067992 -0.00055192 0.00469752 -0.00394001 -0.06171928 0.02580295 0.00167766 0.02419771 -0.01395878 
-0.04740574 -0.00084592 0.00405904 -0.00388712 -0.05888864 0.02560809 0.00162123 0.02290160 -0.01307300 
-0.04336199 -0.00058515 0.00330502 -0.00327443 -0.05566243 0.02468274 0.00140812 0.02148237 -0.01216984 
-0.04082732 -0.00058296 0.00243113 -0.00279711 -0.05453045 0.02528132 0.00114940 0.02111884 -0.01212353 
-0.03946310 -0.00006025 0.00158873 -0.00179572 -0.05418821 0.02603186 0.00070119 0.02071112 -0.01212787 
-0.03797262 0.00034168 0.00038676 -0.00060344 -0.05328391 0.02634657 0.00045797 0.02036080 -0.01212918 
-0.03787900 0.00088065 -0.00090495 0.00076942 -0.05333351 0.02792903 0.00009111 0.02012217 -0.01250895 
-0.03938745 0.00132065 -0.00218865 0.00202527 -0.05510563 0.02853917 -0.00005984 0.02096325 -0.01287834 
-0.04106135 0.00146757 -0.00306515 0.00319614 -0.05682626 0.02927551 -0.00029467 0.02124291 -0.01304884 
-0.04551763 0.00153689 -0.00388074 0.00402544 -0.06241217 0.03108151 -0.00020270 0.02390492 -0.01439663 
-0.04868829 0.00159712 -0.00405011 0.00502955 -0.06747152 0.03021033 -0.00066713 0.02514395 -0.01440476 
-0.06322906 0.00201099 -0.00490097 0.00782864 -0.07970964 0.04588840 -0.00088950 0.03125368 -0.02662475 
-0.08228051 0.00084545 -0.00692004 0.01189337 -0.10496660 0.06143084 -0.00251920 0.03881742 -0.03450124 
-0.09022299 -0.00207477 -0.01865039 0.01510632 -0.12727065 0.03729739 -0.00152645 0.03485359 -0.02018137 
-0.09150023 -0.02586728 -0.07456343 0.00163824 -0.19170951 -0.13605872 0.00167823 0.06122906 0.05444454 
-0.09301719 0.00161813 -0.02573244 0.00230696 -0.13446703 -0.01168075 -0.00430004 -0.00212467 -0.00433055 
-0.10172002 0.01725084 -0.04280664 0.03311536 -0.18684517 0.09583157 0.02209119 -0.06441748 0.05008477 
-0.09658442 0.00943768 -0.02330635 0.00261653 -0.14347543 -0.01389757 0.00626441 -0.04984654 -0.00063026 
-0.08206125 0.00265794 -0.00794104 -0.00801186 -0.08821821 -0.06772929 -0.00325587 -0.03159609 -0.03966387 
-0.06390320 -0.00035969 -0.00486636 -0.00525488 -0.07245526 -0.04256432 -0.00183389 -0.02701444 -0.02461787 
-0.04998193 -0.00131314 -0.00322160 -0.00391674 -0.06232652 -0.02516725 -0.00132704 -0.02371330 -0.01263642 
-0.04491074 -0.00183602 -0.00326609 -0.00398598 -0.05774912 -0.02479686 -0.00117305 -0.02218205 -0.01188229 
-0.04054505 -0.00221848 -0.00316555 -0.00392509 -0.05370927 -0.02352022 -0.00127630 -0.02022261 -0.01071994 
-0.03897215 -0.00241612 -0.00317937 -0.00364180 -0.05281413 -0.02444230 -0.00106143 -0.02014287 -0.01106182 
-0.03797473 -0.00259673 -0.00338702 -0.00328736 -0.05265015 -0.02578396 -0.00126532 -0.01973006 -0.01139082 
-0.03795899 -0.00239581 -0.00308905 -0.00241182 -0.05370900 -0.02716863 -0.00146727 -0.02020669 -0.01208607 
-0.03864815 -0.00254377 -0.00172926 -0.00155176 -0.05606030 -0.02842101 -0.00119345 -0.02104760 -0.01262612 
-0.04042764 -0.00191877 0.00007726 -0.00004000 -0.05883322 -0.02959904 -0.00075165 -0.02214570 -0.01329580 
-0.04258143 -0.00183609 0.00180449 0.00121415 -0.06214010 -0.02998947 -0.00036867 -0.02329246 -0.01372769 
-0.04702886 -0.00158160 0.00309885 0.00229906 -0.06696484 -0.03152425 -0.00008911 -0.02564697 -0.01522595 
-0.05101327 -0.00167140 0.00507973 0.00388154 -0.07255621 -0.03163364 0.00047060 -0.02689468 -0.01589938 
-0.06435189 -0.00071350 0.00553352 0.00740627 -0.08055239 -0.05043718 0.00100910 -0.03012504 -0.03059444 
-0.08248121 -0.00220691 0.00881682 0.01474189 -0.09625566 -0.08061903 0.00392046 -0.03324377 -0.04705674 
-0.09096343 -0.00809533 0.03021459 0.01595308 -0.12407367 -0.03565539 0.00202032 -0.03446462 -0.02168721 
-0.11082446 -0.04623124 0.10766745 -0.04246165 -0.20383136 0.15970407 -0.02950739 -0.08320164 0.09395505 
-0.09957978 -0.00082030 0.04857042 0.00094998 -0.13223403 0.00739079 0.00604766 -0.00032982 -0.00407801 
-0.12957188 0.05452288 0.13472639 0.05989088 -0.22261254 -0.19529606 -0.04366487 0.09412608 0.11981724 
-0.09522693 0.00918908 0.03354380 -0.00933436 -0.13275535 0.02409645 -0.00127941 0.03988348 -0.01252401 
-0.08417011 0.00282340 0.01175368 -0.01355931 -0.09376142 0.07895926 0.00461250 0.03227425 -0.04682288 
-0.06464404 -0.00011770 0.00725558 -0.00754975 -0.07791674 0.04830051 0.00212767 0.02942493 -0.02973714 
-0.04971549 -0.00064678 0.00560845 -0.00564354 -0.06842182 0.02982673 0.00151839 0.02592921 -0.01545281 
-0.04441135 -0.00098668 0.00432911 -0.00490584 -0.06299999 0.03032054 0.00096701 0.02441067 -0.01488621 
-0.04015310 -0.00075013 0.00351070 -0.00400714 -0.05833560 0.02938936 0.00095872 0.02212497 -0.01361751 
-0.03817229 -0.00031811 0.00240730 -0.00267863 -0.05593425 0.02931255 0.00052070 0.02136129 -0.01336349 
-0.03680352 0.00017625 0.00116236 -0.00134422 -0.05383927 0.02919287 0.00035053 0.02027460 -0.01303584 
-0.03632017 0.00040795 -0.00009308 -0.00021268 -0.05270364 0.02840761 0.00010359 0.01991179 -0.01274025 
-0.03686973 0.00075685 -0.00128670 0.00120642 -0.05255119 0.02793992 -0.00008341 0.01977832 -0.01236878 
-0.03881719 0.00107374 -0.00224476 0.00219516 -0.05326385 0.02658884 -0.00039748 0.02030846 -0.01200094 
-0.04129222 0.00116024 -0.00259740 0.00298473 -0.05520326 0.02655649 -0.00044748 0.02091404 -0.01198726 
-0.04511938 0.00101278 -0.00310797 0.00337129 -0.05925458 0.02717798 -0.00050125 0.02285764 -0.01276239 
-0.05003096 0.00037581 -0.00370326 0.00346070 -0.06506930 0.02725861 -0.00066942 0.02468727 -0.01340696 
-0.06381536 0.00008585 -0.00417150 0.00489671 -0.07540747 0.04346253 -0.00089070 0.02838020 -0.02512581 
-0.08199361 -0.00120516 -0.00501009 0.00908683 -0.09205605 0.06647203 -0.00270986 0.03364403 -0.03983885 
-0.09448832 -0.00700913 -0.02129867 0.00308484 -0.13332023 0.02573388 0.00341038 0.04073384 -0.01044604 
-0.10222042 -0.01739020 -0.04629950 -0.03511146 -0.18289150 -0.10051629 0.02346153 0.06372623 0.05131282 
-0.09742259 -0.00198050 -0.02758469 -0.00027425 -0.13813375 0.01582151 -0.00273613 0.00264538 -0.00526983 
-0.10268554 0.02571984 -0.07706240 0.02748361 -0.20751474 0.16711670 0.01671172 -0.06939980 0.07722786 
-0.09082002 0.04499087 -0.07594137 -0.01632456 -0.28795375 0.18774736 -0.00494299 -0.15998010 0.14451975 
-0.08005905 -0.00049719 -0.00933997 -0.01123717 -0.09375955 -0.05828325 -0.00399457 -0.03477880 -0.03250358 
-0.06161616 -0.00326935 -0.00607380 -0.00853743 -0.07234467 -0.04324663 -0.00243528 -0.02827128 -0.02536941 
-0.04751302 -0.00385216 -0.00527956 -0.00707531 -0.06243790 -0.02787784 -0.00197132 -0.02374074 -0.01366926 
-0.04405373 -0.00404647 -0.00525302 -0.00664007 -0.05893895 -0.02819182 -0.00164755 -0.02282978 -0.01326158 
-0.04021915 -0.00394229 -0.00504605 -0.00594678 -0.05483777 -0.02721323 -0.00168666 -0.02065938 -0.01216816 
-0.03833740 -0.00408089 -0.00483441 -0.00530663 -0.05341435 -0.02747833 -0.00191653 -0.02026695 -0.01221745 
-0.03708981 -0.00404936 -0.00435141 -0.00464735 -0.05293666 -0.02784706 -0.00183960 -0.01986345 -0.01222609 
-0.03694553 -0.00365453 -0.00318860 -0.00338469 -0.05370863 -0.02796221 -0.00172339 -0.02025282 -0.01248248 
-0.03741838 -0.00342697 -0.00170314 -0.00229095 -0.05459760 -0.02847042 -0.00134679 -0.02057721 -0.01276717 
-0.03852591 -0.00268826 -0.00016544 -0.00076609 -0.05587701 -0.02812981 -0.00086429 -0.02121884 -0.01289105 
-0.04067286 -0.00263102 0.00139312 0.00030382 -0.05764389 -0.02748940 -0.00042780 -0.02191065 -0.01303388 
-0.04438887 -0.00225556 0.00234533 0.00144130 -0.06117187 -0.02829742 -0.00023491 -0.02333028 -0.01408050 
-0.04974206 -0.00230417 0.00317200 0.00230401 -0.06625198 -0.02870818 -0.00007663 -0.02528340 -0.01528456 
-0.06297199 -0.00203114 0.00359726 0.00492706 -0.07340719 -0.04661506 0.00070231 -0.02636308 -0.02827672 
-0.08239452 -0.00405423 0.00538343 0.01231988 -0.08000165 -0.08428998 0.00422047 -0.02604013 -0.05316069 
-0.09686785 -0.01040407 0.02177431 0.00473425 -0.12156872 -0.05114240 -0.00366716 -0.03508801 -0.02365083 
-0.11329130 -0.03084502 0.06289467 -0.05911197 -0.19695441 0.10850208 -0.04489943 -0.08080370 0.07366298 
-0.09519617 -0.00685585 0.03518902 -0.00583056 -0.13137090 -0.01154202 0.00549076 -0.00483298 -0.00469437 
-0.09421295 0.03668579 0.11331427 -0.00721057 -0.20059311 -0.16344015 0.00182186 0.05791108 0.05818212 
-0.09422644 0.00231401 0.02572484 -0.02065248 -0.13825696 0.03008618 0.00248850 0.03671241 -0.02030759 
-0.08601314 0.00003960 0.01032775 -0.01482514 -0.11470387 0.05681251 0.00473967 0.04295038 -0.03534558 
-0.06459746 -0.00145046 0.00673136 -0.00903622 -0.08354714 0.04604520 0.00245862 0.03434323 -0.02916083 
-0.04985092 -0.00148371 0.00590632 -0.00694284 -0.07113605 0.02988274 0.00225179 0.02801871 -0.01579458 
-0.04542598 -0.00141784 0.00479528 -0.00564919 -0.06480322 0.03036855 0.00173082 0.02599281 -0.01508042 
-0.03966726 -0.00092710 0.00331769 -0.00390142 -0.05729938 0.02724557 0.00154153 0.02263849 -0.01301615 
-0.03783872 -0.00058133 0.00210327 -0.00240306 -0.05374360 0.02686675 0.00124733 0.02130003 -0.01268680 
-0.03593572 -0.00014024 0.00094735 -0.00089838 -0.05066213 0.02500509 0.00087559 0.02012080 -0.01167511 
-0.03552579 0.00010110 0.00037945 -0.00003433 -0.04923650 0.02342951 0.00063963 0.01956608 -0.01090968 
-0.03585505 0.00032376 -0.00048021 0.00099964 -0.04814975 0.02198057 0.00039748 0.01917378 -0.01031893 
-0.03761080 0.00063693 -0.00071359 0.00156206 -0.04815923 0.02107463 0.00005852 0.01917146 -0.00993378 
-0.04025748 0.00051574 -0.00115308 0.00190569 -0.04947137 0.02135988 -0.00003732 0.01988749 -0.01018146 
-0.04483857 0.00056621 -0.00122731 0.00207364 -0.05418677 0.02279870 -0.00022509 0.02165981 -0.01093587 
-0.04875822 0.00033384 -0.00163491 0.00234636 -0.05887897 0.02456528 -0.00010704 0.02418263 -0.01255610 
-0.05978454 0.00058522 -0.00039598 0.00353680 -0.06861611 0.03958160 -0.00055951 0.02586582 -0.02245324 
-0.07477405 -0.00054009 0.00108886 0.00584339 -0.07648014 0.06413638 -0.00188619 0.02833904 -0.04150575 
-0.09421395 -0.00475627 -0.00356490 0.00627354 -0.10936078 0.09323324 0.00092585 0.03262777 -0.03929218 
-0.09699614 -0.01005519 -0.01667968 -0.01486217 -0.14755019 0.01137983 0.01559075 0.04070345 0.00393273 
-0.08934034 -0.00605204 -0.01317429 -0.00596877 -0.13168927 0.02978875 -0.00168222 0.00673739 -0.00682249 
-0.08653411 0.00510015 -0.04117480 -0.01948534 -0.16871385 0.10112093 -0.00642422 -0.03589466 0.02262486 
-0.08774399 -0.00213294 -0.01460163 -0.01577195 -0.14752562 0.01093326 -0.00227145 -0.04628197 -0.00240893 
-0.07867613 -0.00294254 -0.00792196 -0.01168450 -0.11827641 -0.02717941 -0.00371041 -0.04682185 -0.01702279 
-0.06059207 -0.00447105 -0.00553581 -0.00848593 -0.08168958 -0.03354488 -0.00314536 -0.03637321 -0.02108868 
-0.04838753 -0.00404850 -0.00643025 -0.00726681 -0.06649710 -0.02564504 -0.00293362 -0.02764252 -0.01376585 
-0.04292012 -0.00396775 -0.00658849 -0.00632878 -0.05889654 -0.02507192 -0.00314751 -0.02389868 -0.01224294 
-0.03907541 -0.00374988 -0.00625895 -0.00553283 -0.05388096 -0.02328527 -0.00288297 -0.02183628 -0.01123183 
-0.03706723 -0.00323912 -0.00544835 -0.00419776 -0.05156434 -0.02288847 -0.00264425 -0.02078296 -0.01087186 
-0.03549741 -0.00274974 -0.00437327 -0.00305037 -0.04946625 -0.02214487 -0.00220096 -0.02015144 -0.01057250 
-0.03467599 -0.00218048 -0.00331378 -0.00186935 -0.04804034 -0.02095171 -0.00176562 -0.01970781 -0.01014994 
-0.03500326 -0.00167393 -0.00294011 -0.00092446 -0.04696116 -0.02029636 -0.00144682 -0.01954721 -0.01007674 
-0.03564880 -0.00086282 -0.00220966 0.00024372 -0.04670633 -0.01898909 -0.00096508 -0.01953106 -0.00955319 
-0.03748800 0.00006582 -0.00234946 0.00109739 -0.04735144 -0.01983669 -0.00066755 -0.01980859 -0.01019346 
-0.04022366 0.00053388 -0.00210053 0.00166799 -0.04923233 -0.01923410 -0.00027014 -0.02057422 -0.01014269 
-0.04449919 0.00061751 -0.00274770 0.00150074 -0.05156254 -0.02262144 -0.00035533 -0.02141051 -0.01218343 
-0.05389614 -0.00097603 -0.00442230 0.00033899 -0.05850745 -0.03241667 -0.00054743 -0.02352281 -0.01914564 
-0.06470004 -0.00369708 -0.00517829 -0.00103349 -0.06372502 -0.04890906 -0.00097714 -0.02433787 -0.03075610 
-0.08430220 -0.00814998 -0.00221219 -0.00238491 -0.08705045 -0.08182334 -0.00199097 -0.02891143 -0.04268723 
-0.08744952 -0.00979634 0.00117211 -0.00487582 -0.11458583 -0.08779101 -0.00514897 -0.02731869 -0.02786676 
-0.07993814 -0.00979257 0.00427387 -0.01280785 -0.12560603 -0.05738712 -0.00087089 -0.01187146 -0.01031252 
-0.07997273 -0.00842667 0.00726376 -0.01445051 -0.14287305 -0.04773238 0.00079274 0.01837430 -0.00012657 
-0.08565760 -0.00720401 0.00577981 -0.00659181 -0.16766910 -0.04292495 -0.00710087 0.04971695 0.01014716 
-0.08114807 -0.00398414 0.00456254 -0.01003963 -0.14617025 -0.00192245 0.00164073 0.06051431 -0.00360865 
-0.06094691 -0.00342340 0.00401734 -0.00631132 -0.09724954 0.01814965 0.00348818 0.05404239 -0.01646649 
-0.04424459 -0.00074229 0.00515837 -0.00399010 -0.06863701 0.01805928 0.00386552 0.03476150 -0.01332428 
-0.03508112 0.00017220 0.00486695 -0.00264965 -0.05402456 0.01545898 0.00381235 0.02666754 -0.00985526 
-0.03066148 0.00143955 0.00443529 -0.00082328 -0.04611118 0.01295121 0.00295160 0.02246916 -0.00801052 
-0.02845714 0.00230795 0.00392296 0.00022482 -0.04076789 0.01180674 0.00237045 0.02024630 -0.00716947 
-0.02766882 0.00326906 0.00386955 0.00118575 -0.03695248 0.01066713 0.00164600 0.01853042 -0.00644148 
-0.02779286 0.00395098 0.00415151 0.00164278 -0.03478855 0.00996406 0.00094525 0.01740012 -0.00590368 
-0.02799596 0.00480174 0.00451096 0.00213619 -0.03290431 0.00952866 0.00039775 0.01670008 -0.00565143 
-0.02789595 0.00523663 0.00530063 0.00212872 -0.03219349 0.00961408 -0.00017625 0.01613929 -0.00548022 
-0.02809298 0.00552724 0.00636450 0.00190740 -0.03256883 0.01050888 -0.00043297 0.01598687 -0.00571920 
-0.02860647 0.00532718 0.00732432 0.00125383 -0.03320779 0.01163685 -0.00031718 0.01626064 -0.00622617 
-0.03042849 0.00506598 0.00914130 0.00023048 -0.03495629 0.01497227 -0.00035098 0.01628981 -0.00757546 
-0.03355265 0.00461839 0.01147531 -0.00110278 -0.03737882 0.01992141 -0.00010910 0.01740405 -0.01001289 
-0.04025152 0.00425630 0.01487332 -0.00161678 -0.04183961 0.03470101 -0.00001489 0.01787421 -0.01880826 
-0.05086737 0.00354864 0.01948319 0.00013490 -0.04182723 0.07338942 -0.00129765 0.01402299 -0.03963238 
-0.06166425 0.00004003 0.02227021 0.00181425 -0.05097597 0.12670774 -0.00115979 0.01442259 -0.05061257 
-0.06511691 -0.00583328 0.01994371 0.00228467 -0.08097632 0.14549751 0.00187339 0.01347806 -0.02985712 
-0.06396591 -0.00907961 0.01545678 0.00005515 -0.10367219 0.13202295 0.00267930 0.00410177 -0.00767947 
-0.06077290 -0.01043214 0.01205721 -0.00056935 -0.11750223 0.10905736 0.00319949 -0.01192092 0.01067024 
-0.05078533 -0.00900186 0.00671866 -0.00351365 -0.10429256 0.05861489 0.00206862 -0.02666284 0.01446999 
-0.03653275 -0.00690720 0.00325544 -0.00497545 -0.06768419 0.01993525 0.00079176 -0.02106381 0.00386732 
-0.02640925 -0.00465588 0.00048921 -0.00448070 -0.04444525 0.00941864 0.00053882 -0.01085679 -0.00010593 
-0.02234833 -0.00265584 -0.00115156 -0.00276122 -0.03526093 0.00737129 0.00006297 -0.00688293 -0.00000453 
-0.02163574 -0.00108683 -0.00197554 -0.00103750 -0.03310749 0.00587494 0.00076851 -0.00652188 -0.00028940 
-0.02151718 0.00030341 -0.00262598 0.00046320 -0.03085389 0.00459660 0.00153937 -0.00622317 -0.00036899 
-0.02268965 0.00136230 -0.00305528 0.00161827 -0.02931534 0.00359986 0.00242749 -0.00599805 -0.00041934 
-0.02381090 0.00210227 -0.00346022 0.00241101 -0.02770118 0.00269941 0.00311145 -0.00532800 -0.00048872 
-0.02483960 0.00250086 -0.00383228 0.00286810 -0.02612869 0.00196576 0.00353097 -0.00447915 -0.00055795 
-0.02588178 0.00238290 -0.00420096 0.00275582 -0.02476648 0.00128966 0.00370810 -0.00372331 -0.00060852 
-0.02656340 0.00159993 -0.00430935 0.00190751 -0.02356384 0.00055155 0.00364467 -0.00278839 -0.00072682 
-0.02679304 0.00020760 -0.00423094 0.00041426 -0.02288806 -0.00040391 0.00332275 -0.00211667 -0.00081185 
-0.02631702 -0.00131099 -0.00399925 -0.00120035 -0.02318875 -0.00114053 0.00274607 -0.00157237 -0.00093592 
-0.02515988 -0.00235282 -0.00378806 -0.00239423 -0.02402177 -0.00167610 0.00206718 -0.00127589 -0.00102139 
-0.02424351 -0.00274764 -0.00363564 -0.00294178 -0.02541708 -0.00217453 0.00140412 -0.00124504 -0.00109736 
-0.02317313 -0.00264084 -0.00344231 -0.00292210 -0.02651475 -0.00250715 0.00090590 -0.00128109 -0.00112533 
-0.02181579 -0.00207515 -0.00314397 -0.00245731 -0.02738800 -0.00272443 0.00051707 -0.00138158 -0.00114881 
-0.02059148 -0.00111296 -0.00276996 -0.00158689 -0.02788561 -0.00291014 0.00025273 -0.00155053 -0.00117835 
-0.01978166 0.00011060 -0.00235696 -0.00041133 -0.02776986 -0.00293347 0.00003976 -0.00170661 -0.00118866 
-0.01966759 0.00132288 -0.00193826 0.00077805 -0.02696720 -0.00276686 -0.00012287 -0.00180409 -0.00117405 
-0.02020371 0.00244981 -0.00160636 0.00186851 -0.02584247 -0.00255155 -0.00025458 -0.00192104 -0.00118529 
-0.02100937 0.00309527 -0.00143745 0.00252270 -0.02426134 -0.00235513 -0.00034639 -0.00198917 -0.00119278 
-0.02158815 0.00328305 -0.00128648 0.00273540 -0.02234739 -0.00219879 -0.00028397 -0.00199598 -0.00115994 
-0.02271057 0.00317029 -0.00115064 0.00267527 -0.02092676 -0.00214839 -0.00021439 -0.00200443 -0.00112997 
-0.02396680 0.00274860 -0.00098424 0.00235862 -0.01995135 -0.00220748 -0.00019191 -0.00204512 -0.00111210 
-0.02530295 0.00217194 -0.00068001 0.00190847 -0.01929349 -0.00218703 -0.00014201 -0.00205780 -0.00107369 
-0.02634588 0.00148646 -0.00037575 0.00130039 -0.01883633 -0.00212450 -0.00005343 -0.00206129 -0.00103551 
-0.02705428 0.00076773 -0.00009049 0.00067939 -0.01905918 -0.00208179 0.00003789 -0.00209389 -0.00102486 
-0.02691197 0.00027836 -0.00003817 0.00027762 -0.01918634 -0.00187401 0.00002037 -0.00196551 -0.00101160 
-0.02651025 -0.00040194 -0.00005308 -0.00033042 -0.01924322 -0.00179288 -0.00008410 -0.00197828 -0.00106310 
-0.02583186 -0.00128658 0.00006088 -0.00119178 -0.01979339 -0.00167656 -0.00009943 -0.00205858 -0.00107432 
-0.02490393 -0.00191372 -0.00004331 -0.00180635 -0.02037882 -0.00143617 -0.00020120 -0.00201045 -0.00103592 
-0.02400971 -0.00245980 -0.00008960 -0.00232735 -0.02089947 -0.00132032 -0.00025285 -0.00204850 -0.00101426 
-0.02273613 -0.00282938 -0.00015595 -0.00267766 -0.02135338 -0.00129937 -0.00026942 -0.00212153 -0.00100134 
-0.02143145 -0.00307658 -0.00022245 -0.00286276 -0.02185496 -0.00134767 -0.00026529 -0.00218088 -0.00099699 
-0.02021298 -0.00301132 -0.00039096 -0.00273559 -0.02233129 -0.00145828 -0.00030974 -0.00223001 -0.00100605 
-0.01902894 -0.00256511 -0.00054737 -0.00228130 -0.02287904 -0.00174128 -0.00028281 -0.00237945 -0.00099919 
-0.01761926 -0.00197297 -0.00055623 -0.00168217 -0.02285137 -0.00200737 -0.00018164 -0.00253944 -0.00097824 
-0.01743908 -0.00148085 -0.00055798 -0.00113471 -0.02332761 -0.00224538 -0.00014812 -0.00269598 -0.00100347 
-0.01767735 -0.00094345 -0.00042970 -0.00054991 -0.02382981 -0.00239159 -0.00007746 -0.00276675 -0.00104352 
-0.01685346 -0.00020391 -0.00036447 0.00017939 -0.02308027 -0.00236775 -0.00000532 -0.00265659 -0.00100695 
-0.01581941 0.00040439 -0.00021759 0.00081411 -0.02146147 -0.00219169 0.00004289 -0.00240660 -0.00092409 
-0.01503023 0.00090150 -0.00012440 0.00130819 -0.01933190 -0.00195677 0.00002724 -0.00221727 -0.00082259 
-0.01430579 0.00081606 -0.00009360 0.00123406 -0.01685784 -0.00165047 -0.00006852 -0.00196061 -0.00069666 
-0.01245800 0.00059535 -0.00005754 0.00099531 -0.01357634 -0.00129842 -0.00014485 -0.00170176 -0.00049088 
-0.01028497 0.00020666 -0.00005387 0.00062066 -0.01058443 -0.00104920 -0.00022042 -0.00133971 -0.00029897 
-0.00492924 -0.00019582 -0.00009638 -0.00001653 -0.00473143 -0.00051360 -0.00021403 -0.00066490 -0.00002723 
