-0.00001030 0.00000210 -0.00000092 0.00000111 -0.00000723 0.00000076 -0.00001090 0.00000046 -0.00000027 
-0.00002668 0.00000017 -0.00000121 -0.00000071 -0.00001663 0.00000110 -0.00001330 -0.00000078 -0.00000074 
-0.00003200 -0.00000234 -0.00000143 -0.00000267 -0.00002031 0.00000064 -0.00001263 -0.00000324 -0.00000090 
-0.00003288 -0.00000476 -0.00000126 -0.00000487 -0.00002320 0.00000006 -0.00001180 -0.00000569 -0.00000094 
-0.00003046 -0.00000603 -0.00000114 -0.00000598 -0.00002535 -0.00000011 -0.00001041 -0.00000770 -0.00000086 
-0.00002751 -0.00000648 -0.00000103 -0.00000636 -0.00002788 -0.00000007 -0.00000874 -0.00000943 -0.00000074 
-0.00002413 -0.00000601 -0.00000095 -0.00000586 -0.00003052 -0.00000009 -0.00000693 -0.00001074 -0.00000062 
-0.00002077 -0.00000435 -0.00000075 -0.00000424 -0.00003177 -0.00000042 -0.00000524 -0.00001097 -0.00000059 
-0.00001863 -0.00000191 -0.00000031 -0.00000181 -0.00003142 -0.00000084 -0.00000336 -0.00001021 -0.00000055 
-0.00001903 0.00000043 0.00000033 0.00000059 -0.00003265 -0.00000091 -0.00000141 -0.00000857 -0.00000068 
-0.00001965 0.00000319 0.00000052 0.00000324 -0.00003345 -0.00000061 -0.00000055 -0.00000594 -0.00000068 
-0.00002069 0.00000564 0.00000064 0.00000550 -0.00003205 -0.00000043 -0.00000061 -0.00000219 -0.00000058 
-0.00002314 0.00000731 0.00000055 0.00000695 -0.00002946 -0.00000047 -0.00000269 0.00000106 -0.00000032 
-0.00002592 0.00000747 0.00000038 0.00000690 -0.00002681 -0.00000033 -0.00000532 0.00000442 -0.00000010 
-0.00002894 0.00000700 0.00000061 0.00000616 -0.00002538 0.00000015 -0.00000840 0.00000664 0.00000008 
-0.00003108 0.00000600 0.00000050 0.00000502 -0.00002332 0.00000047 -0.00001184 0.00000725 0.00000018 
-0.00003172 0.00000470 0.00000052 0.00000385 -0.00002150 0.00000086 -0.00001514 0.00000626 0.00000014 
-0.00003378 0.00000309 0.00000051 0.00000241 -0.00002102 0.00000111 -0.00001742 0.00000451 0.00000012 
-0.00003551 0.00000131 0.00000022 0.00000074 -0.00002151 0.00000120 -0.00001900 0.00000127 0.00000011 
-0.00003617 0.00000011 -0.00000005 -0.00000016 -0.00002372 0.00000122 -0.00001923 -0.00000185 0.00000003 
-0.00003491 -0.00000089 -0.00000026 -0.00000102 -0.00002421 0.00000123 -0.00001719 -0.00000415 -0.00000000 
-0.00003231 -0.00000154 -0.00000047 -0.00000149 -0.00002490 0.00000114 -0.00001369 -0.00000513 0.00000002 
-0.00003101 -0.00000250 -0.00000032 -0.00000216 -0.00002585 0.00000094 -0.00000873 -0.00000331 -0.00000007 
-0.00003157 -0.00000288 0.00000028 -0.00000230 -0.00002865 0.00000059 -0.00000288 0.00000094 -0.00000024 
-0.00003194 -0.00000287 0.00000054 -0.00000210 -0.00003124 0.00000087 0.00000262 0.00001036 -0.00000051 
-0.00003239 -0.00000244 0.00000100 -0.00000138 -0.00002971 0.00000106 0.00000679 0.00001993 -0.00000085 
-0.00003156 -0.00000337 0.00000093 -0.00000226 -0.00002913 0.00000130 0.00000756 0.00002712 -0.00000111 
-0.00003157 -0.00000548 0.00000004 -0.00000360 -0.00003272 0.00000226 0.00000503 0.00003503 -0.00000144 
-0.00003178 -0.00000559 0.00000003 -0.00000369 -0.00003613 0.00000225 0.00000045 0.00004114 -0.00000181 
-0.00002751 -0.00000586 -0.00000047 -0.00000385 -0.00003329 0.00000182 -0.00000599 0.00003991 -0.00000203 
-0.00002292 -0.00000551 -0.00000116 -0.00000311 -0.00003059 0.00000113 -0.00001066 0.00003439 -0.00000205 
-0.00002221 -0.00000358 -0.00000102 -0.00000133 -0.00003115 0.00000093 -0.00001502 0.00003210 -0.00000195 
-0.00002189 -0.00000108 -0.00000113 0.00000152 -0.00003052 0.00000064 -0.00001860 0.00002864 -0.00000204 
-0.00002260 0.00000200 -0.00000119 0.00000464 -0.00002920 0.00000038 -0.00002318 0.00002579 -0.00000195 
-0.00002429 0.00000378 -0.00000106 0.00000645 -0.00002652 -0.00000061 -0.00002544 0.00002116 -0.00000155 
-0.00002751 0.00000379 -0.00000070 0.00000637 -0.00002618 -0.00000136 -0.00002469 0.00001549 -0.00000133 
-0.00002729 0.00000184 -0.00000020 0.00000337 -0.00002499 -0.00000147 -0.00001764 0.00000982 -0.00000088 
-0.00003188 0.00000249 0.00000039 0.00000370 -0.00003126 -0.00000209 -0.00000841 0.00000641 -0.00000056 
-0.00003026 -0.00000065 0.00000103 0.00000017 -0.00002534 -0.00000093 0.00000547 0.00000728 0.00000022 
-0.00002939 -0.00000387 0.00000144 -0.00000308 -0.00002548 0.00000035 0.00001633 0.00001091 0.00000082 
-0.00002532 -0.00000649 0.00000217 -0.00000471 -0.00002666 0.00000046 0.00002636 0.00001493 0.00000119 
-0.00001941 -0.00000454 0.00000188 -0.00000290 -0.00002531 0.00000082 0.00002421 0.00001712 0.00000116 
-0.00002112 -0.00000033 0.00000140 0.00000112 -0.00003079 0.00000156 0.00002514 0.00002250 0.00000119 
-0.00002091 0.00000368 0.00000099 0.00000555 -0.00003637 0.00000162 0.00002317 0.00002752 0.00000093 
-0.00001602 0.00000133 -0.00000067 0.00000563 -0.00004196 0.00000347 0.00002064 0.00003504 0.00000010 
-0.00001374 0.00000021 -0.00000113 0.00000534 -0.00005313 0.00000414 0.00001958 0.00004501 -0.00000030 
-0.00001944 0.00000151 -0.00000091 0.00000227 -0.00011326 0.00000409 0.00002693 0.00007319 -0.00000171 
-0.00006552 0.00000646 0.00000384 0.00000583 -0.00029361 0.00000392 0.00004238 0.00007035 -0.00000524 
-0.00008409 0.00001277 0.00000429 0.00001385 -0.00033738 0.00000138 0.00005012 -0.00000214 -0.00000535 
-0.00008733 0.00002319 0.00000512 0.00002163 -0.00033864 -0.00000287 0.00006202 -0.00006958 -0.00000594 
-0.00007814 0.00002447 0.00000664 0.00002217 -0.00031064 -0.00000455 0.00008271 -0.00010583 -0.00000853 
-0.00005582 0.00001854 0.00000614 0.00001697 -0.00022162 -0.00000295 0.00007915 -0.00009373 -0.00000756 
-0.00001907 0.00000933 0.00000126 0.00000883 -0.00007593 -0.00000465 0.00005269 -0.00005780 -0.00000318 
-0.00001631 0.00000325 0.00000197 0.00000279 -0.00002964 -0.00000191 0.00002967 -0.00002171 -0.00000138 
-0.00002370 -0.00000026 0.00000272 0.00000164 -0.00002751 0.00000122 0.00002986 -0.00001615 -0.00000021 
-0.00002885 0.00000104 0.00000184 0.00000317 -0.00002149 0.00000116 0.00002381 -0.00001398 0.00000144 
-0.00004064 -0.00000012 0.00000130 0.00000134 -0.00002787 0.00000211 0.00001476 -0.00001528 0.00000269 
-0.00004717 -0.00000202 0.00000040 -0.00000456 -0.00002756 0.00000207 -0.00001280 -0.00001618 0.00000233 
-0.00004118 -0.00000242 -0.00000131 -0.00000804 -0.00002417 0.00000197 -0.00003164 -0.00001864 0.00000117 
-0.00003381 -0.00000313 -0.00000195 -0.00000825 -0.00001947 0.00000099 -0.00003125 -0.00002088 0.00000041 
-0.00002856 -0.00000167 -0.00000214 -0.00000516 -0.00001822 -0.00000087 -0.00002810 -0.00002348 -0.00000103 
-0.00002651 -0.00000026 -0.00000236 -0.00000292 -0.00001749 -0.00000169 -0.00002410 -0.00002611 -0.00000172 
-0.00001476 0.00000019 -0.00000047 0.00000075 -0.00001230 -0.00000230 -0.00001220 -0.00001985 -0.00000162 
-0.00001641 0.00000012 0.00000126 0.00000341 -0.00001877 -0.00000376 -0.00001065 -0.00002790 -0.00000270 
-0.00001903 -0.00000310 0.00000204 0.00000245 -0.00003040 -0.00000475 -0.00000961 -0.00004051 -0.00000391 
-0.00002738 -0.00000829 0.00000329 -0.00000101 -0.00005189 -0.00000682 -0.00000905 -0.00006677 -0.00000584 
-0.00004380 -0.00001506 0.00000543 -0.00001264 -0.00013169 -0.00000998 -0.00001374 -0.00013599 -0.00001093 
-0.00008266 -0.00001633 -0.00000061 -0.00002013 -0.00038454 -0.00000905 -0.00002531 -0.00018458 -0.00001552 
-0.00010291 -0.00000804 -0.00000741 -0.00000622 -0.00049133 -0.00001119 -0.00004707 -0.00007746 -0.00001442 
-0.00009137 0.00000961 -0.00000809 0.00001611 -0.00044913 -0.00001005 -0.00008239 0.00004342 -0.00001020 
-0.00007173 0.00001538 -0.00000699 0.00002377 -0.00034421 -0.00001105 -0.00010422 0.00008829 -0.00000600 
-0.00004344 0.00000555 -0.00000423 0.00001251 -0.00018099 -0.00000728 -0.00008273 0.00006292 -0.00000149 
-0.00002847 0.00000205 -0.00000317 0.00000452 -0.00006784 -0.00000064 -0.00005919 0.00003803 0.00000061 
-0.00003066 0.00000120 -0.00000394 0.00000213 -0.00004447 0.00000043 -0.00004668 0.00002320 0.00000123 
-0.00003052 -0.00000004 -0.00000343 0.00000154 -0.00003385 -0.00000056 -0.00003509 0.00001548 0.00000216 
-0.00003223 0.00000103 -0.00000220 0.00000217 -0.00003195 -0.00000198 -0.00002082 0.00001066 0.00000209 
-0.00003568 -0.00000301 -0.00000035 -0.00000503 -0.00003152 -0.00000355 0.00000351 0.00001322 0.00000168 
-0.00003737 -0.00000583 0.00000132 -0.00001120 -0.00003495 -0.00000378 0.00002469 0.00001714 0.00000048 
-0.00003592 -0.00000602 0.00000184 -0.00001259 -0.00003589 -0.00000237 0.00003378 0.00002486 -0.00000044 
-0.00003235 0.00000033 0.00000350 -0.00000632 -0.00003954 -0.00000164 0.00003555 0.00003227 -0.00000179 
-0.00003529 0.00000907 0.00000641 0.00000041 -0.00004520 -0.00000217 0.00004022 0.00004313 -0.00000348 
-0.00002369 0.00000657 0.00000468 0.00000137 -0.00003543 0.00000058 0.00002717 0.00003833 -0.00000420 
-0.00001646 0.00000312 0.00000058 0.00000172 -0.00003014 0.00000328 0.00001559 0.00003603 -0.00000303 
-0.00001214 0.00000330 -0.00000053 0.00000354 -0.00002743 0.00000381 0.00000715 0.00003484 -0.00000240 
-0.00001192 0.00000246 -0.00000126 0.00000424 -0.00003138 0.00000539 0.00000320 0.00004191 -0.00000360 
-0.00001654 0.00000193 -0.00000105 0.00000293 -0.00004194 0.00000688 0.00000018 0.00005602 -0.00000468 
-0.00002565 0.00000278 -0.00000114 -0.00000043 -0.00010655 0.00000929 -0.00000486 0.00010430 -0.00000655 
-0.00007147 0.00000496 0.00000398 0.00000513 -0.00030595 0.00000929 -0.00001251 0.00013923 -0.00000956 
-0.00009631 0.00001438 0.00000662 0.00002304 -0.00038038 0.00000860 0.00000100 0.00008854 -0.00000798 
-0.00008973 0.00002200 0.00000833 0.00003171 -0.00033686 0.00000867 0.00003441 0.00000897 -0.00000483 
-0.00006333 0.00002047 0.00000787 0.00002822 -0.00023088 0.00000842 0.00005301 -0.00002974 -0.00000263 
-0.00003394 0.00000735 0.00000400 0.00001046 -0.00013091 0.00000694 0.00004313 -0.00002331 -0.00000002 
-0.00001352 -0.00000177 0.00000110 -0.00000208 -0.00003551 0.00000129 0.00002111 -0.00001106 0.00000172 
-0.00001825 -0.00000243 0.00000091 -0.00000277 -0.00003673 0.00000370 0.00001461 -0.00001061 0.00000217 
-0.00003285 -0.00000365 0.00000050 -0.00000531 -0.00003939 0.00000514 0.00000452 -0.00001233 0.00000218 
-0.00003565 -0.00000353 -0.00000014 -0.00000750 -0.00003400 0.00000332 -0.00001169 -0.00001588 0.00000126 
-0.00003320 -0.00000265 -0.00000120 -0.00000819 -0.00003112 0.00000285 -0.00002425 -0.00002017 0.00000039 
-0.00002956 -0.00000551 -0.00000216 -0.00001218 -0.00002714 0.00000232 -0.00002886 -0.00002362 -0.00000036 
-0.00002531 -0.00000214 -0.00000273 -0.00000686 -0.00002078 0.00000084 -0.00002390 -0.00002308 -0.00000115 
-0.00002126 -0.00000051 -0.00000125 -0.00000177 -0.00001936 -0.00000113 -0.00001777 -0.00002449 -0.00000171 
-0.00002076 0.00000008 -0.00000096 -0.00000089 -0.00002158 -0.00000215 -0.00001536 -0.00002867 -0.00000233 
-0.00002011 0.00000068 -0.00000130 -0.00000075 -0.00002352 -0.00000312 -0.00001235 -0.00003398 -0.00000295 
-0.00001780 -0.00000057 0.00000065 0.00000027 -0.00002555 -0.00000432 -0.00000634 -0.00003715 -0.00000318 
-0.00002144 -0.00000273 0.00000179 0.00000066 -0.00003742 -0.00000432 -0.00000139 -0.00004923 -0.00000389 
-0.00002391 -0.00000609 0.00000226 -0.00000226 -0.00005270 -0.00000397 0.00000530 -0.00006248 -0.00000479 
-0.00002144 -0.00000172 0.00000196 0.00000209 -0.00006290 -0.00000455 0.00001257 -0.00006925 -0.00000506 
-0.00002926 0.00000331 0.00000202 0.00000497 -0.00013456 -0.00000674 0.00002774 -0.00010599 -0.00000738 
-0.00005773 0.00001198 -0.00000435 0.00001502 -0.00033468 -0.00001700 0.00002205 -0.00010403 -0.00001122 
-0.00007207 0.00002021 -0.00000974 0.00003060 -0.00037275 -0.00002661 -0.00001071 -0.00003799 -0.00000733 
-0.00005092 0.00001849 -0.00000732 0.00002768 -0.00021841 -0.00001807 -0.00003693 0.00001570 -0.00000145 
-0.00002997 0.00000894 -0.00000328 0.00001327 -0.00010595 -0.00000927 -0.00003885 0.00002013 0.00000168 
-0.00001986 0.00000208 -0.00000230 0.00000276 -0.00004667 -0.00000262 -0.00002686 0.00001128 0.00000230 
-0.00002535 -0.00000081 -0.00000268 0.00000014 -0.00004019 -0.00000205 -0.00002795 0.00000813 0.00000219 
-0.00002741 -0.00000427 -0.00000242 -0.00000433 -0.00003629 -0.00000366 -0.00001901 0.00000632 0.00000226 
-0.00002903 -0.00000486 -0.00000163 -0.00000682 -0.00004274 -0.00000386 -0.00000564 0.00000881 0.00000175 
-0.00002875 -0.00000283 0.00000004 -0.00000670 -0.00004599 -0.00000396 0.00000942 0.00001503 0.00000072 
-0.00002622 0.00000071 0.00000174 -0.00000410 -0.00004348 -0.00000365 0.00001883 0.00002211 -0.00000051 
-0.00002229 0.00000248 0.00000232 -0.00000215 -0.00004007 -0.00000268 0.00002028 0.00002559 -0.00000140 
-0.00001784 0.00000146 0.00000197 -0.00000247 -0.00003343 -0.00000104 0.00001643 0.00002669 -0.00000157 
-0.00001660 0.00000124 0.00000104 -0.00000178 -0.00002834 0.00000056 0.00001227 0.00002904 -0.00000197 
-0.00001583 0.00000238 0.00000028 0.00000010 -0.00002542 0.00000147 0.00000706 0.00002980 -0.00000218 
-0.00001623 0.00000369 -0.00000012 0.00000194 -0.00002297 0.00000178 0.00000253 0.00002964 -0.00000208 
-0.00001540 0.00000386 -0.00000015 0.00000258 -0.00001875 0.00000183 -0.00000132 0.00002638 -0.00000183 
-0.00001615 0.00000384 -0.00000075 0.00000337 -0.00001622 0.00000177 -0.00000487 0.00002452 -0.00000146 
-0.00002015 0.00000390 -0.00000132 0.00000414 -0.00002075 0.00000237 -0.00000991 0.00002999 -0.00000182 
-0.00002459 0.00000471 -0.00000153 0.00000454 -0.00003233 0.00000333 -0.00001523 0.00003753 -0.00000200 
-0.00003938 0.00000649 0.00000097 0.00000597 -0.00010362 0.00000873 -0.00001706 0.00004676 -0.00000227 
-0.00005418 0.00000667 0.00000406 0.00000844 -0.00012701 0.00001089 -0.00000672 0.00002831 -0.00000166 
-0.00003516 0.00000800 0.00000073 0.00000971 -0.00006958 0.00000395 0.00000138 0.00000646 0.00000030 
-0.00002179 0.00000330 -0.00000023 0.00000348 -0.00002515 -0.00000096 0.00000529 -0.00000027 0.00000107 
-0.00002207 0.00000146 -0.00000002 0.00000112 -0.00002125 0.00000012 0.00000759 -0.00000061 0.00000114 
-0.00002541 0.00000085 -0.00000013 0.00000053 -0.00002052 0.00000041 0.00000691 -0.00000147 0.00000087 
-0.00003157 -0.00000003 0.00000021 -0.00000042 -0.00002824 -0.00000173 0.00000563 -0.00000434 0.00000017 
-0.00002964 -0.00000244 -0.00000045 -0.00000238 -0.00002042 0.00000045 0.00000224 -0.00000641 0.00000032 
-0.00002860 -0.00000352 -0.00000089 -0.00000372 -0.00001938 0.00000072 -0.00000121 -0.00000820 0.00000031 
-0.00002558 -0.00000488 -0.00000112 -0.00000505 -0.00001894 0.00000034 -0.00000455 -0.00001184 0.00000015 
-0.00002429 -0.00000549 -0.00000132 -0.00000568 -0.00001964 -0.00000026 -0.00000639 -0.00001536 -0.00000009 
-0.00002355 -0.00000552 -0.00000137 -0.00000592 -0.00002242 -0.00000086 -0.00000724 -0.00001959 -0.00000025 
-0.00002231 -0.00000501 -0.00000090 -0.00000550 -0.00002557 -0.00000136 -0.00000644 -0.00002291 -0.00000039 
-0.00002115 -0.00000346 -0.00000041 -0.00000390 -0.00002725 -0.00000168 -0.00000404 -0.00002575 -0.00000037 
-0.00001984 -0.00000168 0.00000022 -0.00000176 -0.00002858 -0.00000189 -0.00000060 -0.00002801 -0.00000060 
-0.00001903 0.00000059 0.00000100 0.00000119 -0.00002743 -0.00000177 0.00000324 -0.00002774 -0.00000070 
-0.00001960 0.00000216 0.00000177 0.00000343 -0.00002597 -0.00000130 0.00000642 -0.00002606 -0.00000095 
-0.00002023 0.00000235 0.00000226 0.00000380 -0.00002704 -0.00000091 0.00000973 -0.00002549 -0.00000116 
-0.00002138 0.00000270 0.00000247 0.00000432 -0.00003092 -0.00000016 0.00001207 -0.00002455 -0.00000130 
-0.00002269 0.00000463 0.00000225 0.00000535 -0.00003837 -0.00000037 0.00001145 -0.00002391 -0.00000154 
-0.00003083 0.00000825 0.00000104 0.00000881 -0.00009361 -0.00000581 0.00000479 -0.00002211 -0.00000211 
-0.00004672 0.00001153 -0.00000233 0.00001316 -0.00012620 -0.00001096 -0.00000581 -0.00000907 -0.00000135 
-0.00003186 0.00000956 -0.00000113 0.00000997 -0.00006274 -0.00000319 -0.00001030 0.00000029 -0.00000034 
-0.00002144 0.00000705 -0.00000039 0.00000645 -0.00003009 0.00000054 -0.00001097 0.00000113 0.00000045 
-0.00002153 0.00000561 -0.00000049 0.00000486 -0.00002688 0.00000069 -0.00000951 0.00000077 0.00000058 
-0.00003197 0.00000271 -0.00000168 0.00000111 -0.00005316 0.00000612 -0.00000713 0.00000312 -0.00000048 
-0.00003343 0.00000132 -0.00000103 0.00000014 -0.00005893 0.00000556 0.00000041 0.00001004 -0.00000101 
-0.00002781 -0.00000006 0.00000051 -0.00000077 -0.00002780 0.00000050 0.00000810 0.00001278 -0.00000091 
-0.00002411 -0.00000095 0.00000075 -0.00000134 -0.00002137 0.00000021 0.00001017 0.00001599 -0.00000098 
-0.00002213 -0.00000211 0.00000130 -0.00000266 -0.00002004 0.00000016 0.00001034 0.00001878 -0.00000106 
-0.00002065 -0.00000301 0.00000117 -0.00000315 -0.00002113 0.00000078 0.00000909 0.00002282 -0.00000124 
-0.00002064 -0.00000200 0.00000066 -0.00000204 -0.00002346 0.00000133 0.00000662 0.00002677 -0.00000131 
-0.00002212 0.00000065 0.00000029 0.00000074 -0.00002526 0.00000166 0.00000280 0.00002827 -0.00000155 
-0.00002017 0.00000229 -0.00000021 0.00000245 -0.00002344 0.00000155 -0.00000125 0.00002617 -0.00000151 
-0.00001825 0.00000326 -0.00000002 0.00000358 -0.00002124 0.00000116 -0.00000413 0.00002339 -0.00000138 
-0.00001928 0.00000340 0.00000011 0.00000410 -0.00002149 0.00000080 -0.00000731 0.00002293 -0.00000130 
-0.00002250 0.00000326 -0.00000001 0.00000446 -0.00002290 0.00000062 -0.00001006 0.00002210 -0.00000120 
-0.00002411 0.00000280 -0.00000024 0.00000474 -0.00002635 0.00000011 -0.00001113 0.00001844 -0.00000085 
-0.00002670 0.00000206 0.00000003 0.00000453 -0.00003041 -0.00000034 -0.00000897 0.00001454 -0.00000031 
-0.00002658 0.00000289 0.00000001 0.00000545 -0.00003459 -0.00000166 -0.00000408 0.00001021 0.00000032 
-0.00003318 0.00000165 0.00000185 0.00000329 -0.00006403 0.00000318 0.00000487 0.00001208 -0.00000018 
-0.00003267 0.00000159 0.00000221 0.00000292 -0.00006063 0.00000405 0.00001185 0.00000651 0.00000027 
-0.00002513 -0.00000079 0.00000098 -0.00000047 -0.00003370 -0.00000202 0.00001660 0.00000366 0.00000135 
-0.00002638 -0.00000675 0.00000094 -0.00000751 -0.00005643 -0.00000506 0.00001651 0.00000480 0.00000158 
-0.00005274 -0.00001213 0.00000463 -0.00001554 -0.00014163 -0.00001691 0.00001706 -0.00000043 -0.00000044 
-0.00006138 -0.00001530 0.00000550 -0.00001818 -0.00018115 -0.00001590 0.00000712 -0.00002078 -0.00000300 
-0.00003559 -0.00001489 -0.00000048 -0.00001513 -0.00009870 -0.00000462 -0.00001133 -0.00003982 -0.00000234 
-0.00002941 -0.00000608 -0.00000161 -0.00000804 -0.00004290 -0.00000076 -0.00001613 -0.00003353 -0.00000085 
-0.00002431 -0.00000339 -0.00000189 -0.00000618 -0.00003325 -0.00000106 -0.00001426 -0.00003308 -0.00000073 
-0.00002359 -0.00000261 -0.00000187 -0.00000596 -0.00003137 -0.00000174 -0.00001124 -0.00003588 -0.00000095 
-0.00002244 -0.00000159 -0.00000167 -0.00000469 -0.00002867 -0.00000250 -0.00000650 -0.00003688 -0.00000140 
-0.00002046 -0.00000158 -0.00000067 -0.00000373 -0.00002659 -0.00000290 -0.00000139 -0.00003560 -0.00000174 
-0.00002002 -0.00000161 0.00000026 -0.00000274 -0.00002605 -0.00000250 0.00000374 -0.00003404 -0.00000166 
-0.00001941 -0.00000060 0.00000139 -0.00000011 -0.00002478 -0.00000160 0.00000855 -0.00003027 -0.00000144 
-0.00001822 0.00000005 0.00000229 0.00000153 -0.00002518 -0.00000099 0.00001284 -0.00002805 -0.00000140 
-0.00001975 -0.00000050 0.00000318 0.00000209 -0.00002519 0.00000004 0.00001693 -0.00002593 -0.00000153 
-0.00002264 -0.00000120 0.00000347 0.00000117 -0.00002792 0.00000088 0.00001979 -0.00002367 -0.00000165 
-0.00002272 -0.00000081 0.00000264 0.00000069 -0.00002671 0.00000153 0.00001566 -0.00001697 -0.00000094 
-0.00002394 -0.00000081 0.00000177 0.00000007 -0.00002496 0.00000154 0.00000757 -0.00001091 -0.00000059 
-0.00002541 -0.00000212 0.00000099 -0.00000150 -0.00002438 0.00000114 -0.00000263 -0.00000658 -0.00000034 
-0.00002327 -0.00000461 0.00000025 -0.00000393 -0.00002630 0.00000036 -0.00001312 -0.00000563 -0.00000002 
-0.00001917 -0.00000621 -0.00000021 -0.00000534 -0.00002968 0.00000006 -0.00002006 -0.00000590 0.00000020 
-0.00001900 -0.00000930 -0.00000030 -0.00000834 -0.00003772 -0.00000022 -0.00002388 -0.00000927 0.00000024 
-0.00002541 -0.00001341 -0.00000059 -0.00001429 -0.00008131 0.00000396 -0.00002039 -0.00001116 0.00000060 
-0.00004762 -0.00001731 -0.00000319 -0.00002186 -0.00016021 0.00001315 -0.00000991 0.00000200 -0.00000136 
-0.00006310 -0.00001566 -0.00000623 -0.00002095 -0.00025741 0.00002093 0.00000713 0.00004131 -0.00000536 
-0.00002678 -0.00000561 0.00000121 -0.00000525 -0.00013533 0.00000904 0.00002175 0.00006980 -0.00000612 
-0.00002078 -0.00000070 0.00000294 -0.00000120 -0.00004963 0.00000329 0.00001745 0.00005135 -0.00000413 
-0.00002265 0.00000152 0.00000339 -0.00000027 -0.00003377 0.00000319 0.00001206 0.00004409 -0.00000383 
-0.00002087 0.00000140 0.00000298 -0.00000060 -0.00002183 0.00000279 0.00000617 0.00003463 -0.00000276 
-0.00001493 0.00000084 0.00000119 0.00000043 -0.00001634 0.00000230 0.00000063 0.00002643 -0.00000221 
-0.00001101 0.00000131 -0.00000083 0.00000336 -0.00001450 0.00000178 -0.00000443 0.00002092 -0.00000165 
-0.00001686 0.00000268 -0.00000128 0.00000587 -0.00002167 0.00000207 -0.00001099 0.00002911 -0.00000210 
-0.00002215 0.00000393 -0.00000244 0.00000898 -0.00002920 0.00000140 -0.00001863 0.00003441 -0.00000175 
-0.00002595 0.00000541 -0.00000252 0.00001130 -0.00003379 0.00000028 -0.00002391 0.00003302 -0.00000140 
-0.00003062 0.00000661 -0.00000169 0.00001288 -0.00003560 -0.00000137 -0.00002537 0.00002862 -0.00000055 
-0.00003572 0.00000789 0.00000005 0.00001446 -0.00003735 -0.00000368 -0.00002391 0.00002261 0.00000066 
-0.00004325 0.00000882 0.00000079 0.00001511 -0.00004680 -0.00000587 -0.00001859 0.00001824 0.00000158 
-0.00003308 0.00000547 0.00000164 0.00000813 -0.00003055 -0.00000420 -0.00000092 0.00001438 0.00000259 
-0.00002998 0.00000505 0.00000202 0.00000527 -0.00002676 -0.00000392 0.00001191 0.00001434 0.00000331 
-0.00002339 0.00000100 0.00000172 -0.00000012 -0.00002993 -0.00000330 0.00001818 0.00001166 0.00000254 
-0.00002575 -0.00000045 0.00000304 -0.00000540 -0.00007801 -0.00001182 0.00002809 0.00001667 0.00000163 
-0.00004030 -0.00001106 0.00000533 -0.00001705 -0.00013320 -0.00001498 0.00004344 0.00002064 -0.00000181 
-0.00005976 -0.00002625 0.00000753 -0.00003308 -0.00022457 -0.00001475 0.00004591 0.00001704 -0.00000575 
-0.00007645 -0.00002600 0.00000965 -0.00003089 -0.00029638 -0.00001481 0.00002557 -0.00003137 -0.00000927 
-0.00006628 -0.00000896 0.00000625 -0.00000910 -0.00029595 -0.00001332 -0.00000293 -0.00010784 -0.00000974 
-0.00003538 -0.00000772 -0.00000155 -0.00000389 -0.00015098 -0.00000669 -0.00001641 -0.00013083 -0.00000746 
-0.00002348 -0.00000223 -0.00000147 -0.00000512 -0.00005884 -0.00000512 -0.00000935 -0.00006774 -0.00000401 
-0.00001828 -0.00000186 -0.00000076 -0.00000395 -0.00003684 -0.00000460 -0.00000227 -0.00004594 -0.00000337 
-0.00001697 -0.00000183 -0.00000087 -0.00000323 -0.00002697 -0.00000417 0.00000240 -0.00003696 -0.00000315 
-0.00001232 -0.00000114 -0.00000018 -0.00000073 -0.00002088 -0.00000269 0.00000619 -0.00002693 -0.00000211 
-0.00001378 -0.00000058 0.00000205 0.00000281 -0.00002475 -0.00000184 0.00001321 -0.00002880 -0.00000249 
-0.00002290 -0.00000182 0.00000263 0.00000286 -0.00003438 -0.00000024 0.00002236 -0.00003543 -0.00000296 
-0.00002337 -0.00000025 0.00000222 0.00000478 -0.00003275 0.00000113 0.00002549 -0.00003027 -0.00000207 
-0.00002890 0.00000188 0.00000278 0.00000850 -0.00003329 0.00000238 0.00003109 -0.00002854 -0.00000133 
-0.00003562 0.00000178 0.00000278 0.00000889 -0.00003416 0.00000345 0.00003365 -0.00002461 -0.00000098 
-0.00003444 0.00000172 0.00000136 0.00000699 -0.00003386 0.00000423 0.00002447 -0.00001723 -0.00000017 
-0.00003113 0.00000175 -0.00000016 0.00000409 -0.00002607 0.00000290 0.00000493 -0.00001051 0.00000077 
-0.00002778 -0.00000058 -0.00000122 0.00000009 -0.00002401 0.00000122 -0.00001158 -0.00000847 0.00000092 
-0.00002236 -0.00000116 -0.00000215 -0.00000087 -0.00002308 0.00000052 -0.00002249 -0.00001034 0.00000151 
-0.00002033 -0.00000017 -0.00000258 0.00000004 -0.00002994 -0.00000007 -0.00002942 -0.00001572 0.00000147 
-0.00002367 -0.00000515 -0.00000315 -0.00000622 -0.00005873 0.00000343 -0.00003904 -0.00002294 0.00000026 
-0.00004675 -0.00001594 -0.00000539 -0.00002187 -0.00016010 0.00000921 -0.00006274 -0.00004805 -0.00000210 
-0.00007054 -0.00002046 -0.00000786 -0.00002635 -0.00028336 0.00001231 -0.00005861 -0.00003523 -0.00000461 
-0.00009229 -0.00001583 -0.00000641 -0.00002200 -0.00038468 0.00001415 -0.00003018 0.00003733 -0.00000700 
-0.00008954 -0.00000687 -0.00000297 -0.00000946 -0.00037055 0.00001360 -0.00000924 0.00011053 -0.00000930 
-0.00002924 -0.00000018 0.00000395 -0.00000019 -0.00015613 0.00000797 -0.00000404 0.00012094 -0.00000760 
-0.00001957 0.00000359 0.00000242 -0.00000111 -0.00006106 0.00000505 -0.00000472 0.00006679 -0.00000420 
-0.00001855 0.00000253 0.00000201 -0.00000229 -0.00004272 0.00000616 -0.00000684 0.00005117 -0.00000408 
-0.00001807 0.00000088 0.00000129 -0.00000179 -0.00003352 0.00000532 -0.00001181 0.00004216 -0.00000392 
-0.00001199 0.00000048 -0.00000020 -0.00000014 -0.00002259 0.00000320 -0.00001199 0.00002600 -0.00000282 
-0.00001490 0.00000344 -0.00000052 0.00000472 -0.00002354 0.00000202 -0.00001784 0.00002495 -0.00000199 
-0.00002021 0.00000610 -0.00000094 0.00000945 -0.00002260 0.00000115 -0.00002314 0.00002329 -0.00000118 
-0.00002548 0.00000497 -0.00000189 0.00000904 -0.00001866 0.00000019 -0.00002511 0.00001944 -0.00000082 
-0.00003516 0.00000429 -0.00000222 0.00000944 -0.00001960 -0.00000124 -0.00002820 0.00001852 0.00000005 
-0.00004533 0.00000412 -0.00000102 0.00000834 -0.00002327 -0.00000295 -0.00002234 0.00001747 0.00000143 
-0.00004710 0.00000330 0.00000050 0.00000401 -0.00002281 -0.00000293 -0.00000409 0.00001757 0.00000261 
-0.00003956 0.00000235 0.00000152 -0.00000069 -0.00002777 -0.00000412 0.00001805 0.00001525 0.00000223 
-0.00002972 0.00000279 0.00000179 -0.00000036 -0.00003167 -0.00000238 0.00002623 0.00001179 0.00000087 
-0.00001697 -0.00000083 0.00000119 -0.00000113 -0.00002322 0.00000048 0.00002273 0.00001149 -0.00000012 
-0.00001424 -0.00000684 0.00000153 -0.00000778 -0.00003527 0.00000173 0.00003155 0.00002180 -0.00000158 
-0.00004410 -0.00001500 0.00000662 -0.00001837 -0.00017604 -0.00000290 0.00006275 0.00004825 -0.00000503 
-0.00006490 -0.00002118 0.00000874 -0.00002091 -0.00025851 -0.00000235 0.00007228 0.00006666 -0.00000629 
-0.00007098 -0.00002332 0.00000741 -0.00002103 -0.00028212 0.00000048 0.00005472 0.00004323 -0.00000535 
-0.00007028 -0.00001476 0.00000534 -0.00001412 -0.00029396 0.00000010 0.00004208 -0.00000568 -0.00000408 
-0.00005771 -0.00000826 0.00000267 -0.00000795 -0.00026326 -0.00000246 0.00003058 -0.00007217 -0.00000245 
-0.00002072 -0.00000241 -0.00000213 -0.00000407 -0.00011560 -0.00000472 0.00002196 -0.00008312 -0.00000204 
-0.00001560 -0.00000152 -0.00000081 -0.00000484 -0.00004449 -0.00000247 0.00001313 -0.00004265 -0.00000006 
-0.00001225 -0.00000168 0.00000036 -0.00000387 -0.00002858 -0.00000186 0.00001257 -0.00002862 -0.00000002 
-0.00001272 0.00000020 0.00000108 -0.00000167 -0.00002326 -0.00000144 0.00001342 -0.00002357 -0.00000003 
-0.00001372 0.00000106 0.00000183 0.00000037 -0.00002413 -0.00000069 0.00001748 -0.00002152 -0.00000009 
-0.00001690 0.00000107 0.00000272 0.00000066 -0.00002828 -0.00000064 0.00002544 -0.00002364 -0.00000040 
-0.00002400 0.00000043 0.00000396 0.00000050 -0.00003277 -0.00000012 0.00003349 -0.00002356 -0.00000103 
-0.00002832 0.00000222 0.00000348 0.00000235 -0.00003700 -0.00000103 0.00003257 -0.00001817 -0.00000072 
-0.00002549 0.00000045 0.00000252 0.00000098 -0.00002415 0.00000083 0.00002022 -0.00000896 -0.00000045 
-0.00002367 0.00000021 0.00000162 0.00000069 -0.00001992 0.00000137 0.00000960 -0.00000546 -0.00000028 
-0.00002675 0.00000014 0.00000062 0.00000035 -0.00002103 0.00000195 -0.00000385 -0.00000622 -0.00000092 
-0.00002828 -0.00000093 0.00000028 -0.00000086 -0.00001963 0.00000086 -0.00001461 -0.00001048 -0.00000132 
-0.00002549 -0.00000305 -0.00000017 -0.00000337 -0.00001801 0.00000056 -0.00001833 -0.00001343 -0.00000124 
-0.00002284 -0.00000432 -0.00000060 -0.00000547 -0.00002311 0.00000013 -0.00001994 -0.00001736 -0.00000127 
-0.00001841 -0.00000402 -0.00000061 -0.00000485 -0.00002211 -0.00000075 -0.00001790 -0.00001903 -0.00000131 
-0.00001485 -0.00000201 -0.00000086 -0.00000332 -0.00002376 -0.00000107 -0.00001532 -0.00002123 -0.00000149 
-0.00001560 0.00000069 -0.00000087 -0.00000072 -0.00002650 -0.00000122 -0.00001272 -0.00002455 -0.00000153 
-0.00001715 0.00000314 -0.00000077 0.00000168 -0.00002741 -0.00000108 -0.00000913 -0.00002633 -0.00000140 
-0.00002098 0.00000530 -0.00000077 0.00000379 -0.00002782 -0.00000116 -0.00000532 -0.00002769 -0.00000144 
-0.00002294 0.00000578 -0.00000027 0.00000430 -0.00002624 -0.00000107 -0.00000123 -0.00002501 -0.00000110 
-0.00002528 0.00000608 -0.00000004 0.00000477 -0.00002414 -0.00000071 0.00000167 -0.00002063 -0.00000068 
-0.00002639 0.00000575 0.00000020 0.00000465 -0.00002263 -0.00000008 0.00000266 -0.00001428 -0.00000037 
-0.00002668 0.00000479 -0.00000039 0.00000394 -0.00001997 0.00000004 0.00000096 -0.00000666 -0.00000003 
-0.00002602 0.00000382 -0.00000063 0.00000340 -0.00001842 0.00000013 -0.00000254 -0.00000041 0.00000003 
-0.00002692 0.00000291 -0.00000109 0.00000274 -0.00001779 -0.00000015 -0.00000710 0.00000412 0.00000017 
-0.00002816 0.00000216 -0.00000125 0.00000228 -0.00001688 -0.00000027 -0.00001147 0.00000650 0.00000015 
-0.00002968 0.00000111 -0.00000086 0.00000126 -0.00001654 -0.00000041 -0.00001500 0.00000671 0.00000015 
-0.00003165 0.00000025 -0.00000075 0.00000058 -0.00001895 -0.00000121 -0.00001806 0.00000464 -0.00000003 
-0.00003014 -0.00000046 -0.00000067 -0.00000007 -0.00001925 -0.00000143 -0.00001810 0.00000130 -0.00000020 
-0.00002854 -0.00000131 -0.00000045 -0.00000081 -0.00001931 -0.00000125 -0.00001724 -0.00000135 -0.00000020 
-0.00002764 -0.00000247 -0.00000019 -0.00000181 -0.00001967 -0.00000115 -0.00001538 -0.00000347 -0.00000011 
-0.00002557 -0.00000370 0.00000008 -0.00000294 -0.00001930 -0.00000099 -0.00001262 -0.00000471 -0.00000002 
-0.00002374 -0.00000494 0.00000027 -0.00000432 -0.00001901 -0.00000061 -0.00000882 -0.00000509 -0.00000007 
-0.00002305 -0.00000557 0.00000058 -0.00000512 -0.00002070 -0.00000030 -0.00000477 -0.00000491 -0.00000033 
-0.00002098 -0.00000561 0.00000087 -0.00000534 -0.00002211 0.00000001 -0.00000164 -0.00000353 -0.00000062 
-0.00001925 -0.00000521 0.00000085 -0.00000499 -0.00002401 0.00000030 0.00000025 -0.00000191 -0.00000074 
-0.00001732 -0.00000426 0.00000061 -0.00000406 -0.00002541 0.00000045 0.00000141 -0.00000038 -0.00000076 
-0.00001639 -0.00000296 0.00000018 -0.00000279 -0.00002686 0.00000045 0.00000185 0.00000082 -0.00000081 
-0.00001596 -0.00000141 -0.00000005 -0.00000123 -0.00002776 0.00000040 0.00000159 0.00000196 -0.00000081 
-0.00001633 0.00000068 -0.00000000 0.00000090 -0.00002823 0.00000043 0.00000044 0.00000302 -0.00000084 
-0.00001608 0.00000272 -0.00000016 0.00000292 -0.00002769 0.00000053 -0.00000126 0.00000418 -0.00000079 
-0.00001796 0.00000472 -0.00000042 0.00000495 -0.00002651 0.00000055 -0.00000375 0.00000500 -0.00000084 
-0.00002016 0.00000624 -0.00000051 0.00000648 -0.00002459 0.00000050 -0.00000642 0.00000525 -0.00000078 
-0.00002250 0.00000633 -0.00000077 0.00000657 -0.00002225 0.00000035 -0.00000939 0.00000468 -0.00000078 
-0.00002432 0.00000500 -0.00000094 0.00000551 -0.00002007 0.00000022 -0.00001216 0.00000378 -0.00000080 
-0.00002043 0.00000256 -0.00000111 0.00000347 -0.00001540 -0.00000013 -0.00001355 0.00000207 -0.00000064 
-0.00000883 -0.00000125 -0.00000112 -0.00000040 -0.00000681 -0.00000049 -0.00001081 0.00000038 -0.00000047 
