-0.00006581 0.00000746 -0.00000865 0.00000501 -0.00004448 0.00000094 -0.00007987 -0.00000056 -0.00000297 
-0.00017270 -0.00000452 -0.00000879 -0.00001163 -0.00011403 0.00000416 -0.00013147 -0.00001683 -0.00000468 
-0.00020980 -0.00002148 -0.00000795 -0.00002587 -0.00014772 0.00000211 -0.00013009 -0.00003668 -0.00000581 
-0.00021768 -0.00003432 -0.00000588 -0.00003710 -0.00017302 -0.00000085 -0.00011877 -0.00005396 -0.00000613 
-0.00020253 -0.00003988 -0.00000394 -0.00004139 -0.00018664 -0.00000155 -0.00009683 -0.00006193 -0.00000561 
-0.00018569 -0.00004024 -0.00000267 -0.00004123 -0.00020105 -0.00000096 -0.00007508 -0.00006556 -0.00000491 
-0.00016496 -0.00003527 -0.00000098 -0.00003570 -0.00021358 -0.00000046 -0.00005312 -0.00006110 -0.00000432 
-0.00014825 -0.00002445 -0.00000066 -0.00002519 -0.00022107 -0.00000050 -0.00003513 -0.00004902 -0.00000397 
-0.00013629 -0.00000888 0.00000028 -0.00000988 -0.00022035 -0.00000044 -0.00002262 -0.00002905 -0.00000365 
-0.00013883 0.00000581 0.00000205 0.00000500 -0.00022785 -0.00000016 -0.00001357 -0.00000413 -0.00000406 
-0.00013904 0.00002178 0.00000153 0.00002026 -0.00022901 0.00000118 -0.00001296 0.00002304 -0.00000409 
-0.00014764 0.00003639 -0.00000013 0.00003464 -0.00022190 0.00000131 -0.00001944 0.00004787 -0.00000326 
-0.00015983 0.00004514 -0.00000207 0.00004247 -0.00020843 -0.00000077 -0.00003272 0.00006127 -0.00000276 
-0.00017850 0.00004698 -0.00000365 0.00004496 -0.00019561 -0.00000196 -0.00004436 0.00006765 -0.00000194 
-0.00019385 0.00004614 -0.00000090 0.00004385 -0.00018430 -0.00000047 -0.00005282 0.00006578 -0.00000150 
-0.00020612 0.00004280 0.00000048 0.00004094 -0.00017127 0.00000009 -0.00006386 0.00005818 -0.00000100 
-0.00020815 0.00003575 0.00000187 0.00003515 -0.00015732 0.00000103 -0.00006928 0.00004502 -0.00000116 
-0.00022489 0.00002747 0.00000241 0.00002753 -0.00015137 0.00000110 -0.00006836 0.00003265 -0.00000078 
-0.00023507 0.00001526 0.00000274 0.00001546 -0.00014590 0.00000206 -0.00006042 0.00001839 -0.00000073 
-0.00024016 0.00000284 0.00000267 0.00000390 -0.00015210 0.00000261 -0.00004434 0.00000809 -0.00000161 
-0.00023752 -0.00000733 0.00000272 -0.00000619 -0.00015614 0.00000324 -0.00002137 0.00000592 -0.00000232 
-0.00022538 -0.00001719 0.00000166 -0.00001540 -0.00015716 0.00000460 0.00000295 0.00001262 -0.00000264 
-0.00021754 -0.00002710 0.00000114 -0.00002466 -0.00016400 0.00000452 0.00002830 0.00002823 -0.00000358 
-0.00021020 -0.00003489 0.00000070 -0.00003168 -0.00017325 0.00000487 0.00004999 0.00005174 -0.00000463 
-0.00020670 -0.00003877 0.00000017 -0.00003551 -0.00019109 0.00000447 0.00006305 0.00008497 -0.00000568 
-0.00019725 -0.00003884 -0.00000062 -0.00003454 -0.00019712 0.00000493 0.00005995 0.00010658 -0.00000684 
-0.00018105 -0.00003787 -0.00000103 -0.00003218 -0.00020400 0.00000562 0.00004791 0.00011866 -0.00000675 
-0.00017471 -0.00003426 -0.00000332 -0.00002766 -0.00022571 0.00000624 0.00003061 0.00013154 -0.00000720 
-0.00017207 -0.00002473 -0.00000320 -0.00001791 -0.00023849 0.00000514 0.00000865 0.00013281 -0.00000799 
-0.00015848 -0.00001253 -0.00000537 -0.00000510 -0.00023418 0.00000292 -0.00001530 0.00012029 -0.00000813 
-0.00014514 -0.00000209 -0.00000502 0.00000592 -0.00022213 0.00000180 -0.00002984 0.00010316 -0.00000784 
-0.00015051 0.00001450 -0.00000306 0.00002191 -0.00022301 0.00000117 -0.00004277 0.00009426 -0.00000765 
-0.00015787 0.00002932 -0.00000301 0.00003708 -0.00021254 0.00000019 -0.00005202 0.00008201 -0.00000797 
-0.00017280 0.00004196 -0.00000277 0.00004884 -0.00019752 -0.00000025 -0.00006021 0.00007002 -0.00000754 
-0.00018852 0.00004574 -0.00000171 0.00005091 -0.00017547 -0.00000240 -0.00005916 0.00005453 -0.00000673 
-0.00020413 0.00003909 0.00000060 0.00004282 -0.00016293 -0.00000268 -0.00005174 0.00004171 -0.00000650 
-0.00021648 0.00002332 0.00000206 0.00002526 -0.00014957 -0.00000286 -0.00003771 0.00003124 -0.00000565 
-0.00022723 0.00000771 0.00000380 0.00000980 -0.00015460 -0.00000143 -0.00001936 0.00002529 -0.00000573 
-0.00022844 -0.00000623 0.00000641 -0.00000387 -0.00014846 0.00000001 0.00001387 0.00002976 -0.00000487 
-0.00021865 -0.00002537 0.00000810 -0.00002285 -0.00014722 0.00000457 0.00004937 0.00004578 -0.00000422 
-0.00020548 -0.00003454 0.00001095 -0.00003125 -0.00014974 0.00000470 0.00009219 0.00006988 -0.00000439 
-0.00018003 -0.00003694 0.00001082 -0.00003300 -0.00015937 0.00000690 0.00011517 0.00009757 -0.00000459 
-0.00016001 -0.00002827 0.00000663 -0.00002342 -0.00017139 0.00001113 0.00012181 0.00012894 -0.00000425 
-0.00014895 -0.00001661 0.00000376 -0.00000750 -0.00019556 0.00001540 0.00011651 0.00016226 -0.00000623 
-0.00013361 -0.00001478 -0.00000208 0.00000104 -0.00023719 0.00002126 0.00010984 0.00020777 -0.00000841 
-0.00012081 -0.00000811 -0.00000789 0.00001181 -0.00029054 0.00002512 0.00009806 0.00024805 -0.00000859 
-0.00013004 0.00001064 -0.00001258 0.00001146 -0.00047404 0.00002454 0.00011130 0.00033184 -0.00001284 
-0.00024014 0.00004190 -0.00000616 0.00001985 -0.00100492 0.00001507 0.00013507 0.00033765 -0.00002021 
-0.00031778 0.00006609 -0.00000247 0.00004153 -0.00143634 0.00001364 0.00017362 0.00013809 -0.00002766 
-0.00037830 0.00008753 0.00000796 0.00008330 -0.00165630 -0.00000042 0.00022089 -0.00022707 -0.00002925 
-0.00032490 0.00009915 0.00001115 0.00011496 -0.00138857 -0.00001699 0.00030325 -0.00048484 -0.00003210 
-0.00024007 0.00009110 0.00001450 0.00010222 -0.00089156 -0.00002135 0.00031609 -0.00043529 -0.00003043 
-0.00013764 0.00005716 0.00000568 0.00005105 -0.00034361 -0.00002959 0.00022265 -0.00025547 -0.00001765 
-0.00013559 0.00003897 0.00000930 0.00003443 -0.00018256 -0.00001762 0.00016279 -0.00013670 -0.00001111 
-0.00017753 0.00002625 0.00001287 0.00002805 -0.00015642 -0.00000993 0.00014902 -0.00010722 -0.00000662 
-0.00021195 0.00001705 0.00001188 0.00002128 -0.00013436 -0.00000527 0.00010060 -0.00008470 0.00000092 
-0.00024287 0.00000944 0.00000945 0.00001028 -0.00014911 -0.00000327 0.00003177 -0.00007516 0.00000438 
-0.00025806 0.00000075 0.00000514 -0.00000332 -0.00015184 -0.00000409 -0.00007067 -0.00007668 0.00000141 
-0.00023799 -0.00001041 -0.00000090 -0.00001931 -0.00014464 -0.00000430 -0.00014162 -0.00009397 -0.00000253 
-0.00021507 -0.00001801 -0.00000559 -0.00002563 -0.00013585 -0.00000628 -0.00016622 -0.00012264 -0.00000730 
-0.00019777 -0.00002643 -0.00000678 -0.00002959 -0.00014817 -0.00001401 -0.00017157 -0.00015704 -0.00001264 
-0.00018454 -0.00002319 -0.00000816 -0.00002376 -0.00015985 -0.00001793 -0.00015785 -0.00018693 -0.00001705 
-0.00013663 -0.00002227 -0.00000240 -0.00001524 -0.00014651 -0.00002114 -0.00011201 -0.00018327 -0.00001901 
-0.00011877 -0.00002162 0.00000489 -0.00000634 -0.00015586 -0.00002497 -0.00008363 -0.00020251 -0.00002083 
-0.00012189 -0.00002642 0.00000811 -0.00000665 -0.00019532 -0.00002648 -0.00006449 -0.00024554 -0.00002361 
-0.00013796 -0.00004085 0.00001406 -0.00001385 -0.00029432 -0.00003454 -0.00005169 -0.00035429 -0.00003315 
-0.00019958 -0.00004625 0.00002347 -0.00003411 -0.00057489 -0.00004055 -0.00004266 -0.00055838 -0.00004504 
-0.00033853 -0.00003397 0.00000831 -0.00005422 -0.00136519 -0.00004036 -0.00006594 -0.00067219 -0.00005304 
-0.00040586 -0.00001002 -0.00001278 -0.00002134 -0.00188323 -0.00005472 -0.00013225 -0.00037018 -0.00005393 
-0.00041841 0.00003395 -0.00002922 0.00006348 -0.00199093 -0.00005951 -0.00027635 0.00010107 -0.00004547 
-0.00032253 0.00006237 -0.00002447 0.00011182 -0.00145476 -0.00003581 -0.00038508 0.00038155 -0.00002829 
-0.00024211 0.00005743 -0.00001959 0.00007988 -0.00079465 -0.00000764 -0.00036276 0.00032717 -0.00001723 
-0.00019618 0.00003487 -0.00001959 0.00003252 -0.00036287 0.00001470 -0.00027970 0.00020925 -0.00001117 
-0.00021148 0.00001744 -0.00002306 0.00001357 -0.00024273 0.00001177 -0.00022471 0.00013607 -0.00000566 
-0.00022852 0.00000718 -0.00002157 0.00000403 -0.00019109 0.00000542 -0.00015642 0.00008990 -0.00000175 
-0.00024622 -0.00000029 -0.00001579 -0.00000535 -0.00018510 0.00000161 -0.00005479 0.00006256 -0.00000026 
-0.00025728 -0.00001910 -0.00000672 -0.00002767 -0.00018222 -0.00000389 0.00005421 0.00006829 -0.00000132 
-0.00025400 -0.00003474 0.00000099 -0.00004647 -0.00018120 -0.00000530 0.00014564 0.00009341 -0.00000459 
-0.00024020 -0.00004112 0.00000665 -0.00005569 -0.00020300 -0.00000092 0.00018930 0.00014201 -0.00000842 
-0.00021131 -0.00002823 0.00001343 -0.00004423 -0.00021419 0.00000323 0.00019319 0.00018714 -0.00001392 
-0.00020369 -0.00001049 0.00002021 -0.00002833 -0.00023633 0.00000699 0.00018947 0.00023709 -0.00002048 
-0.00017423 -0.00000821 0.00001406 -0.00001613 -0.00024279 0.00001644 0.00015175 0.00026236 -0.00002554 
-0.00013811 -0.00000288 0.00000321 -0.00000418 -0.00021894 0.00002343 0.00009655 0.00025630 -0.00002587 
-0.00011228 0.00000924 -0.00000446 0.00001424 -0.00020734 0.00002523 0.00004925 0.00025356 -0.00002369 
-0.00010313 0.00001575 -0.00000777 0.00002336 -0.00021158 0.00002730 0.00001505 0.00026368 -0.00002470 
-0.00011696 0.00003124 -0.00000918 0.00004015 -0.00026292 0.00002909 -0.00001683 0.00031491 -0.00002587 
-0.00016730 0.00005410 -0.00000817 0.00004779 -0.00051697 0.00003853 -0.00005917 0.00051631 -0.00003344 
-0.00032885 0.00007333 0.00001029 0.00006339 -0.00119750 0.00004649 -0.00007670 0.00063203 -0.00004263 
-0.00041874 0.00011222 0.00002321 0.00011550 -0.00166336 0.00006514 -0.00001323 0.00047245 -0.00004204 
-0.00044762 0.00013757 0.00003652 0.00017096 -0.00172189 0.00007123 0.00012159 0.00007004 -0.00002656 
-0.00031642 0.00013340 0.00002963 0.00017784 -0.00121672 0.00005359 0.00020008 -0.00018323 -0.00000701 
-0.00022053 0.00007730 0.00001855 0.00009933 -0.00063486 0.00002242 0.00017735 -0.00017280 0.00000242 
-0.00016840 0.00001600 0.00000961 0.00001521 -0.00022985 0.00000076 0.00009146 -0.00008046 0.00000602 
-0.00018416 -0.00000801 0.00000838 -0.00001381 -0.00019105 0.00000690 0.00003408 -0.00006363 0.00000749 
-0.00022126 -0.00002478 0.00000676 -0.00003485 -0.00018754 0.00001172 -0.00002550 -0.00006798 0.00000617 
-0.00021857 -0.00003138 0.00000254 -0.00004481 -0.00017324 0.00000708 -0.00009064 -0.00008265 0.00000063 
-0.00021206 -0.00003640 -0.00000088 -0.00005100 -0.00017384 0.00000521 -0.00014159 -0.00010978 -0.00000346 
-0.00020176 -0.00004815 -0.00000541 -0.00006389 -0.00017782 0.00000323 -0.00016629 -0.00014142 -0.00000618 
-0.00018974 -0.00004075 -0.00000770 -0.00005088 -0.00018816 -0.00000396 -0.00016595 -0.00017607 -0.00000958 
-0.00018037 -0.00003075 -0.00000291 -0.00003304 -0.00019699 -0.00001235 -0.00014155 -0.00020348 -0.00001288 
-0.00017026 -0.00002109 -0.00000271 -0.00002229 -0.00020142 -0.00001539 -0.00011380 -0.00022423 -0.00001506 
-0.00015376 -0.00001265 -0.00000262 -0.00001290 -0.00020781 -0.00001853 -0.00008335 -0.00024458 -0.00001817 
-0.00013579 -0.00001334 0.00000403 -0.00000719 -0.00021860 -0.00002228 -0.00004409 -0.00026646 -0.00001917 
-0.00013104 -0.00000913 0.00000977 0.00000646 -0.00024380 -0.00002132 -0.00000393 -0.00029448 -0.00002016 
-0.00013022 -0.00000054 0.00001348 0.00002049 -0.00027394 -0.00001833 0.00003910 -0.00031379 -0.00002090 
-0.00013674 0.00002120 0.00001509 0.00004376 -0.00031879 -0.00001804 0.00008369 -0.00034005 -0.00002145 
-0.00017700 0.00005233 0.00001634 0.00005644 -0.00054391 -0.00002634 0.00013500 -0.00046039 -0.00003244 
-0.00029145 0.00009091 -0.00000655 0.00009408 -0.00118009 -0.00006817 0.00010727 -0.00044020 -0.00004107 
-0.00032188 0.00015199 -0.00001827 0.00016842 -0.00139651 -0.00010141 -0.00000911 -0.00025489 -0.00003722 
-0.00032687 0.00016207 -0.00002576 0.00019006 -0.00117656 -0.00009201 -0.00014267 -0.00001363 -0.00002372 
-0.00024477 0.00011768 -0.00001501 0.00014415 -0.00072722 -0.00005313 -0.00019551 0.00011741 -0.00000356 
-0.00019569 0.00004302 -0.00001300 0.00004915 -0.00031969 -0.00000876 -0.00015990 0.00009696 0.00000356 
-0.00019976 -0.00000525 -0.00001256 -0.00000710 -0.00021402 -0.00000613 -0.00010956 0.00004803 0.00000316 
-0.00022188 -0.00002899 -0.00000953 -0.00003515 -0.00022118 -0.00001314 -0.00005464 0.00003789 0.00000144 
-0.00021918 -0.00004111 -0.00000629 -0.00005171 -0.00022351 -0.00001104 0.00002177 0.00005716 -0.00000069 
-0.00022072 -0.00003890 0.00000151 -0.00005304 -0.00025476 -0.00001226 0.00009646 0.00009814 -0.00000459 
-0.00021084 -0.00003296 0.00000834 -0.00004843 -0.00026643 -0.00001036 0.00013799 0.00014634 -0.00000875 
-0.00018256 -0.00002757 0.00000983 -0.00004081 -0.00025621 -0.00000437 0.00014488 0.00018173 -0.00001281 
-0.00015438 -0.00002897 0.00000848 -0.00003767 -0.00023111 0.00000295 0.00012051 0.00020463 -0.00001415 
-0.00014295 -0.00002138 0.00000542 -0.00002853 -0.00023479 0.00000975 0.00009299 0.00022943 -0.00001660 
-0.00013307 -0.00001171 0.00000173 -0.00001707 -0.00023221 0.00001462 0.00005751 0.00024653 -0.00001809 
-0.00012949 0.00000896 -0.00000002 0.00000522 -0.00022145 0.00001610 0.00002202 0.00025066 -0.00001806 
-0.00012705 0.00002854 -0.00000133 0.00002640 -0.00019428 0.00001463 -0.00001311 0.00023314 -0.00001621 
-0.00012545 0.00004459 -0.00000467 0.00004619 -0.00017700 0.00001298 -0.00004467 0.00021617 -0.00001441 
-0.00015152 0.00005635 -0.00000855 0.00006242 -0.00019838 0.00001507 -0.00007958 0.00023111 -0.00001509 
-0.00018073 0.00006599 -0.00001010 0.00007198 -0.00026319 0.00001767 -0.00011454 0.00026072 -0.00001487 
-0.00022852 0.00007968 -0.00000451 0.00007973 -0.00048028 0.00003004 -0.00014035 0.00031076 -0.00001714 
-0.00030775 0.00009792 0.00000909 0.00010149 -0.00072552 0.00005096 -0.00009780 0.00028705 -0.00002267 
-0.00032307 0.00011339 0.00001409 0.00012058 -0.00089695 0.00008012 -0.00001800 0.00020297 -0.00002481 
-0.00034137 0.00008997 0.00002220 0.00010498 -0.00089204 0.00007163 0.00004353 0.00004409 -0.00000982 
-0.00027271 0.00004415 0.00001378 0.00005074 -0.00063761 0.00001758 0.00004534 -0.00006362 0.00000103 
-0.00019992 0.00000224 0.00000794 -0.00000116 -0.00034716 0.00000145 -0.00000131 -0.00007820 0.00000354 
-0.00019672 -0.00001951 0.00000580 -0.00002710 -0.00023779 0.00000224 -0.00005200 -0.00007088 0.00000137 
-0.00020094 -0.00003350 0.00000291 -0.00004175 -0.00021300 0.00000281 -0.00009545 -0.00009547 0.00000045 
-0.00019243 -0.00004017 -0.00000030 -0.00004965 -0.00019324 0.00000277 -0.00012105 -0.00012165 -0.00000053 
-0.00018022 -0.00004264 -0.00000101 -0.00004923 -0.00018225 -0.00000186 -0.00012581 -0.00015230 -0.00000405 
-0.00017734 -0.00004338 -0.00000293 -0.00004720 -0.00019090 -0.00000613 -0.00011654 -0.00018260 -0.00000616 
-0.00017517 -0.00004025 -0.00000438 -0.00004429 -0.00020544 -0.00000892 -0.00009979 -0.00020822 -0.00000770 
-0.00016796 -0.00003780 -0.00000257 -0.00004050 -0.00021646 -0.00001145 -0.00007194 -0.00022458 -0.00000875 
-0.00016073 -0.00002896 -0.00000115 -0.00003143 -0.00022863 -0.00001254 -0.00004067 -0.00024055 -0.00000965 
-0.00015128 -0.00001710 0.00000331 -0.00001643 -0.00023742 -0.00001417 -0.00000315 -0.00025519 -0.00001065 
-0.00014680 0.00000106 0.00000663 0.00000458 -0.00022962 -0.00001356 0.00003324 -0.00024777 -0.00001109 
-0.00015173 0.00001299 0.00001099 0.00002200 -0.00022331 -0.00000998 0.00006643 -0.00023407 -0.00001144 
-0.00016441 0.00002049 0.00001348 0.00003107 -0.00023183 -0.00000692 0.00009863 -0.00022303 -0.00001202 
-0.00017792 0.00002793 0.00001500 0.00004119 -0.00026110 -0.00000157 0.00012841 -0.00021453 -0.00001164 
-0.00018879 0.00004284 0.00001326 0.00005267 -0.00029517 -0.00000047 0.00013822 -0.00020418 -0.00001204 
-0.00021419 0.00006820 0.00001025 0.00007486 -0.00043437 -0.00001231 0.00011583 -0.00018409 -0.00001356 
-0.00027343 0.00009734 -0.00000199 0.00010625 -0.00065437 -0.00004811 0.00004505 -0.00015386 -0.00001989 
-0.00026788 0.00010748 -0.00000043 0.00011697 -0.00074245 -0.00005914 -0.00002603 -0.00011301 -0.00002279 
-0.00030263 0.00007726 -0.00000917 0.00008300 -0.00077730 -0.00001482 -0.00006111 -0.00000446 -0.00001559 
-0.00027447 0.00002533 -0.00001039 0.00002211 -0.00065784 0.00003449 -0.00004079 0.00008333 -0.00001465 
-0.00021139 0.00000050 -0.00000426 -0.00000627 -0.00043896 0.00003858 0.00001816 0.00010991 -0.00001234 
-0.00020622 -0.00000750 0.00000347 -0.00001249 -0.00033463 0.00001790 0.00008468 0.00012463 -0.00001037 
-0.00019745 -0.00001819 0.00000597 -0.00002288 -0.00024416 0.00000386 0.00012830 0.00015297 -0.00001024 
-0.00017808 -0.00001885 0.00000761 -0.00002662 -0.00020152 0.00000412 0.00012572 0.00016709 -0.00000975 
-0.00016199 -0.00002317 0.00001025 -0.00003015 -0.00018571 0.00000640 0.00010940 0.00018306 -0.00001145 
-0.00015805 -0.00002142 0.00000989 -0.00002663 -0.00019485 0.00001067 0.00009100 0.00021448 -0.00001357 
-0.00016043 -0.00001421 0.00000573 -0.00001772 -0.00020677 0.00001434 0.00006129 0.00024064 -0.00001426 
-0.00017073 0.00000180 0.00000402 -0.00000280 -0.00021590 0.00001684 0.00002721 0.00025051 -0.00001544 
-0.00016133 0.00001549 0.00000118 0.00001077 -0.00020737 0.00001691 -0.00000882 0.00024174 -0.00001501 
-0.00015207 0.00002631 0.00000068 0.00002481 -0.00019763 0.00001431 -0.00004092 0.00022672 -0.00001372 
-0.00015327 0.00003270 -0.00000165 0.00003719 -0.00018941 0.00000968 -0.00007137 0.00020978 -0.00001254 
-0.00017101 0.00003456 -0.00000305 0.00004358 -0.00019456 0.00000578 -0.00009842 0.00019446 -0.00001120 
-0.00018658 0.00003181 -0.00000424 0.00004530 -0.00021113 0.00000061 -0.00011581 0.00017178 -0.00000951 
-0.00019910 0.00002760 -0.00000393 0.00004310 -0.00023516 -0.00000531 -0.00011587 0.00014337 -0.00000716 
-0.00020673 0.00002497 -0.00000338 0.00003961 -0.00027138 -0.00001040 -0.00009508 0.00011612 -0.00000513 
-0.00020865 0.00001591 0.00000214 0.00002623 -0.00035602 0.00000327 -0.00005198 0.00011541 -0.00000706 
-0.00020895 0.00000604 0.00000620 0.00001441 -0.00042170 0.00001509 0.00000818 0.00010658 -0.00000715 
-0.00026909 -0.00001582 0.00001316 -0.00001555 -0.00062490 0.00001610 0.00005316 0.00008547 -0.00000988 
-0.00032176 -0.00005278 0.00001655 -0.00006334 -0.00081654 -0.00003584 0.00005911 -0.00001028 -0.00001490 
-0.00029247 -0.00009004 0.00001089 -0.00010126 -0.00079585 -0.00008607 0.00001941 -0.00013630 -0.00002105 
-0.00028651 -0.00008641 0.00001149 -0.00009793 -0.00067069 -0.00005378 -0.00004919 -0.00017627 -0.00001590 
-0.00021805 -0.00007850 -0.00000268 -0.00008365 -0.00037404 -0.00001108 -0.00011531 -0.00021222 -0.00001082 
-0.00019994 -0.00004989 -0.00000669 -0.00006045 -0.00025943 -0.00000272 -0.00012343 -0.00020542 -0.00000744 
-0.00018178 -0.00003962 -0.00000854 -0.00005249 -0.00023170 -0.00000467 -0.00010737 -0.00021601 -0.00000767 
-0.00017126 -0.00003240 -0.00000861 -0.00004663 -0.00022406 -0.00000872 -0.00008182 -0.00023240 -0.00000921 
-0.00016154 -0.00002326 -0.00000847 -0.00003495 -0.00021978 -0.00001335 -0.00005079 -0.00024828 -0.00001149 
-0.00015376 -0.00001562 -0.00000295 -0.00002202 -0.00021704 -0.00001652 -0.00001414 -0.00025983 -0.00001434 
-0.00015505 -0.00000773 0.00000277 -0.00000812 -0.00022315 -0.00001654 0.00002669 -0.00026978 -0.00001602 
-0.00014974 0.00000095 0.00000841 0.00000772 -0.00022267 -0.00001344 0.00006576 -0.00025408 -0.00001591 
-0.00014282 0.00000613 0.00001389 0.00001848 -0.00021780 -0.00000927 0.00010066 -0.00023118 -0.00001551 
-0.00015409 0.00000618 0.00001846 0.00002431 -0.00021955 -0.00000253 0.00013458 -0.00021310 -0.00001606 
-0.00017254 0.00000813 0.00001998 0.00002642 -0.00022041 0.00000419 0.00015214 -0.00018178 -0.00001468 
-0.00018114 0.00001300 0.00001574 0.00002884 -0.00022574 0.00000926 0.00014826 -0.00014661 -0.00001051 
-0.00019046 0.00001829 0.00001119 0.00002943 -0.00022220 0.00000883 0.00011435 -0.00010845 -0.00000733 
-0.00019120 0.00001560 0.00000657 0.00002425 -0.00023113 0.00000637 0.00005568 -0.00007915 -0.00000550 
-0.00018386 0.00000318 0.00000048 0.00001288 -0.00027096 0.00000280 -0.00003062 -0.00007031 -0.00000399 
-0.00018199 -0.00002523 -0.00000194 -0.00001683 -0.00041459 -0.00001233 -0.00010820 -0.00008973 -0.00000678 
-0.00026191 -0.00007015 -0.00000590 -0.00007716 -0.00074638 0.00001962 -0.00014624 -0.00009616 -0.00000651 
-0.00032841 -0.00013303 -0.00001407 -0.00015537 -0.00110613 0.00010799 -0.00012265 0.00002341 -0.00002213 
-0.00032544 -0.00016117 -0.00000572 -0.00017545 -0.00119275 0.00011739 -0.00001193 0.00020598 -0.00004102 
-0.00031916 -0.00012156 -0.00000414 -0.00013408 -0.00107454 0.00008466 0.00011298 0.00033292 -0.00003739 
-0.00020935 -0.00006097 0.00001803 -0.00006512 -0.00057465 0.00003290 0.00017307 0.00039899 -0.00003260 
-0.00018096 -0.00003237 0.00002125 -0.00004526 -0.00031645 0.00001541 0.00013675 0.00031561 -0.00002397 
-0.00017329 -0.00001622 0.00002001 -0.00003228 -0.00024543 0.00001608 0.00009426 0.00028641 -0.00002351 
-0.00014633 -0.00000679 0.00001361 -0.00001876 -0.00019286 0.00001631 0.00004526 0.00025100 -0.00001996 
-0.00012299 0.00000510 0.00000477 0.00000177 -0.00017986 0.00001618 0.00000419 0.00023005 -0.00001825 
-0.00012407 0.00002226 -0.00000444 0.00002733 -0.00018301 0.00001561 -0.00003685 0.00022582 -0.00001730 
-0.00015453 0.00003580 -0.00000870 0.00004741 -0.00019505 0.00001442 -0.00007718 0.00023795 -0.00001654 
-0.00018022 0.00004502 -0.00001170 0.00006001 -0.00020056 0.00001008 -0.00011301 0.00023180 -0.00001332 
-0.00019657 0.00005030 -0.00001077 0.00006570 -0.00019126 0.00000656 -0.00013300 0.00020341 -0.00001069 
-0.00021971 0.00005143 -0.00000836 0.00006799 -0.00019314 0.00000153 -0.00014493 0.00017496 -0.00000691 
-0.00024231 0.00004885 -0.00000260 0.00006413 -0.00019662 -0.00000352 -0.00014059 0.00014289 -0.00000211 
-0.00025551 0.00003732 0.00000103 0.00005414 -0.00020309 -0.00000979 -0.00011321 0.00010877 0.00000200 
-0.00024321 0.00001802 0.00000481 0.00002949 -0.00019803 -0.00001136 -0.00005414 0.00008500 0.00000606 
-0.00022167 0.00000611 0.00000692 0.00001280 -0.00017048 -0.00001060 -0.00000142 0.00007341 0.00000984 
-0.00019853 -0.00001420 0.00000813 -0.00001149 -0.00019515 -0.00000959 0.00004257 0.00006563 0.00000825 
-0.00019432 -0.00004741 0.00000854 -0.00005939 -0.00035570 -0.00002570 0.00009610 0.00010092 0.00000711 
-0.00026168 -0.00011332 0.00001864 -0.00014075 -0.00076293 -0.00005990 0.00016284 0.00012953 -0.00000608 
-0.00035705 -0.00016160 0.00002963 -0.00018804 -0.00126524 -0.00008910 0.00014471 0.00000515 -0.00002848 
-0.00034981 -0.00015529 0.00002458 -0.00016101 -0.00135600 -0.00007809 0.00004945 -0.00025239 -0.00004262 
-0.00029460 -0.00010160 0.00001026 -0.00009713 -0.00104843 -0.00004359 -0.00004050 -0.00045790 -0.00004086 
-0.00018268 -0.00006386 -0.00001557 -0.00005843 -0.00058392 -0.00002048 -0.00009285 -0.00048272 -0.00002866 
-0.00015055 -0.00003391 -0.00001434 -0.00004633 -0.00035044 -0.00002234 -0.00006425 -0.00036283 -0.00002133 
-0.00013688 -0.00002059 -0.00000997 -0.00003218 -0.00027047 -0.00002368 -0.00002130 -0.00030496 -0.00002136 
-0.00013649 -0.00000981 -0.00000908 -0.00001882 -0.00023618 -0.00002368 0.00001440 -0.00027987 -0.00002169 
-0.00012151 0.00000547 -0.00000312 0.00000304 -0.00021567 -0.00001972 0.00005140 -0.00025021 -0.00001857 
-0.00012593 0.00002225 0.00000511 0.00002870 -0.00021566 -0.00001645 0.00009135 -0.00023913 -0.00001728 
-0.00015781 0.00002791 0.00000912 0.00003900 -0.00022205 -0.00000946 0.00013370 -0.00023358 -0.00001708 
-0.00017027 0.00003932 0.00000941 0.00005401 -0.00020529 -0.00000232 0.00016155 -0.00020298 -0.00001338 
-0.00019986 0.00005030 0.00001125 0.00006990 -0.00019380 0.00000421 0.00019064 -0.00017987 -0.00001055 
-0.00023600 0.00005086 0.00000905 0.00007178 -0.00018666 0.00000909 0.00020047 -0.00015289 -0.00000913 
-0.00024011 0.00004308 0.00000251 0.00005918 -0.00017156 0.00001117 0.00015780 -0.00011280 -0.00000585 
-0.00023890 0.00003634 -0.00000521 0.00004699 -0.00015233 0.00000943 0.00006535 -0.00008363 -0.00000269 
-0.00022394 0.00002261 -0.00001140 0.00002971 -0.00014738 0.00000520 -0.00005256 -0.00007015 -0.00000111 
-0.00019878 0.00000748 -0.00001539 0.00001173 -0.00015347 0.00000142 -0.00013404 -0.00008189 0.00000079 
-0.00018596 -0.00001108 -0.00001682 -0.00000558 -0.00020973 -0.00000625 -0.00018900 -0.00012145 -0.00000136 
-0.00020778 -0.00007708 -0.00001860 -0.00008854 -0.00047853 0.00000717 -0.00029833 -0.00024320 -0.00000731 
-0.00030186 -0.00014371 -0.00002815 -0.00018413 -0.00116481 0.00005652 -0.00033610 -0.00030113 -0.00001351 
-0.00039708 -0.00015280 -0.00003377 -0.00017974 -0.00176059 0.00008488 -0.00024405 -0.00006412 -0.00003334 
-0.00038711 -0.00011516 -0.00001395 -0.00011257 -0.00173720 0.00007220 -0.00009017 0.00034823 -0.00004165 
-0.00035013 -0.00006237 -0.00000096 -0.00005649 -0.00136354 0.00005909 0.00000254 0.00059555 -0.00003974 
-0.00015909 -0.00001778 0.00001865 -0.00002382 -0.00063892 0.00003669 0.00001138 0.00055678 -0.00003453 
-0.00012101 0.00000664 0.00001399 -0.00001520 -0.00033876 0.00002996 -0.00000793 0.00037801 -0.00002643 
-0.00011419 0.00001431 0.00000819 -0.00000565 -0.00024773 0.00003178 -0.00003964 0.00029645 -0.00002554 
-0.00011634 0.00001168 0.00000390 0.00000122 -0.00020631 0.00002907 -0.00007072 0.00025374 -0.00002505 
-0.00012193 0.00001799 0.00000015 0.00001232 -0.00018682 0.00002372 -0.00009756 0.00022017 -0.00002184 
-0.00014574 0.00002676 -0.00000076 0.00002659 -0.00018631 0.00001985 -0.00012991 0.00020312 -0.00001888 
-0.00016570 0.00003405 -0.00000435 0.00003921 -0.00017242 0.00001458 -0.00015332 0.00017309 -0.00001475 
-0.00018720 0.00003492 -0.00000735 0.00004379 -0.00015101 0.00000911 -0.00016181 0.00014188 -0.00001072 
-0.00022339 0.00002800 -0.00000642 0.00003912 -0.00014084 0.00000214 -0.00015690 0.00011485 -0.00000533 
-0.00024330 0.00001775 -0.00000203 0.00002576 -0.00013646 -0.00000334 -0.00011747 0.00008642 0.00000056 
-0.00026484 0.00000351 0.00000333 0.00000461 -0.00014649 -0.00000881 -0.00005539 0.00007138 0.00000392 
-0.00023552 -0.00000719 0.00000762 -0.00001238 -0.00014845 -0.00000939 0.00003227 0.00006635 0.00000343 
-0.00019895 -0.00000991 0.00001023 -0.00001650 -0.00015731 -0.00000224 0.00009871 0.00007307 0.00000025 
-0.00015599 -0.00002480 0.00000979 -0.00002733 -0.00015485 0.00000390 0.00012390 0.00008602 -0.00000363 
-0.00014604 -0.00005480 0.00001100 -0.00005511 -0.00024444 0.00001473 0.00017335 0.00014416 -0.00000820 
-0.00020386 -0.00010537 0.00001958 -0.00012098 -0.00070706 0.00000470 0.00027408 0.00027343 -0.00001907 
-0.00027699 -0.00012431 0.00002501 -0.00014466 -0.00118720 -0.00000864 0.00027782 0.00032175 -0.00002428 
-0.00034241 -0.00012746 0.00002094 -0.00012774 -0.00156181 -0.00001824 0.00019572 0.00011007 -0.00002655 
-0.00028512 -0.00009978 0.00000451 -0.00007606 -0.00133544 -0.00001441 0.00012548 -0.00020509 -0.00002419 
-0.00022145 -0.00005967 -0.00000560 -0.00004307 -0.00092145 -0.00001531 0.00009043 -0.00036365 -0.00001664 
-0.00012795 -0.00003077 -0.00001632 -0.00003279 -0.00048076 -0.00002091 0.00006887 -0.00036933 -0.00001174 
-0.00011291 -0.00000910 -0.00000665 -0.00002316 -0.00030035 -0.00002068 0.00006823 -0.00027760 -0.00001096 
-0.00010420 0.00000433 0.00000046 -0.00000687 -0.00022357 -0.00001715 0.00008032 -0.00021787 -0.00001060 
-0.00011815 0.00001807 0.00000529 0.00001020 -0.00019971 -0.00001410 0.00009621 -0.00018702 -0.00001037 
-0.00013998 0.00002781 0.00000879 0.00002307 -0.00019349 -0.00001074 0.00011056 -0.00015877 -0.00000950 
-0.00016624 0.00002994 0.00001151 0.00002605 -0.00019573 -0.00000987 0.00011799 -0.00013404 -0.00000965 
-0.00019753 0.00002862 0.00001375 0.00002677 -0.00020452 -0.00000678 0.00011059 -0.00009871 -0.00000941 
-0.00021253 0.00002616 0.00001240 0.00002663 -0.00018453 -0.00000574 0.00008322 -0.00006286 -0.00000772 
-0.00021875 0.00001809 0.00001039 0.00002015 -0.00016376 -0.00000149 0.00004657 -0.00003289 -0.00000655 
-0.00021772 0.00000576 0.00000871 0.00000833 -0.00014398 0.00000350 0.00002240 -0.00001761 -0.00000620 
-0.00022391 -0.00000930 0.00000526 -0.00000677 -0.00014283 0.00000447 0.00000027 -0.00001612 -0.00000729 
-0.00022420 -0.00002152 0.00000270 -0.00001953 -0.00014579 0.00000214 -0.00001663 -0.00002112 -0.00000829 
-0.00020904 -0.00003365 0.00000133 -0.00003240 -0.00015514 0.00000149 -0.00002556 -0.00002604 -0.00000812 
-0.00018873 -0.00004278 0.00000070 -0.00004369 -0.00017681 -0.00000014 -0.00003296 -0.00003676 -0.00000740 
-0.00016384 -0.00004142 -0.00000058 -0.00004323 -0.00018009 -0.00000186 -0.00003688 -0.00004376 -0.00000737 
-0.00014606 -0.00003353 -0.00000361 -0.00003721 -0.00019607 -0.00000226 -0.00003869 -0.00005627 -0.00000782 
-0.00013778 -0.00001727 -0.00000459 -0.00002241 -0.00020854 -0.00000280 -0.00003497 -0.00007151 -0.00000815 
-0.00013569 0.00000179 -0.00000491 -0.00000398 -0.00021584 -0.00000221 -0.00002418 -0.00008574 -0.00000773 
-0.00014133 0.00001942 -0.00000638 0.00001277 -0.00021570 -0.00000242 -0.00001231 -0.00009839 -0.00000747 
-0.00014544 0.00003357 -0.00000534 0.00002651 -0.00020512 -0.00000274 0.00000403 -0.00010210 -0.00000647 
-0.00015958 0.00004406 -0.00000404 0.00003770 -0.00019522 -0.00000203 0.00002086 -0.00010342 -0.00000544 
-0.00016932 0.00004945 -0.00000366 0.00004351 -0.00018012 -0.00000135 0.00003554 -0.00009800 -0.00000483 
-0.00017966 0.00004737 -0.00000399 0.00004226 -0.00016168 -0.00000118 0.00004385 -0.00008210 -0.00000369 
-0.00019313 0.00004106 -0.00000359 0.00003717 -0.00015118 -0.00000116 0.00004280 -0.00006078 -0.00000276 
-0.00020468 0.00003258 -0.00000410 0.00002975 -0.00014318 -0.00000261 0.00003228 -0.00003815 -0.00000215 
-0.00021919 0.00002264 -0.00000414 0.00002094 -0.00013988 -0.00000321 0.00001466 -0.00001633 -0.00000200 
-0.00022732 0.00001186 -0.00000126 0.00001078 -0.00013547 -0.00000320 -0.00000543 -0.00000064 -0.00000147 
-0.00023398 0.00000230 -0.00000031 0.00000210 -0.00014529 -0.00000534 -0.00002794 0.00000374 -0.00000208 
-0.00022433 -0.00000724 -0.00000031 -0.00000705 -0.00014533 -0.00000500 -0.00004296 -0.00000138 -0.00000238 
-0.00021496 -0.00001627 0.00000017 -0.00001509 -0.00015003 -0.00000395 -0.00005449 -0.00001048 -0.00000239 
-0.00021030 -0.00002549 0.00000043 -0.00002342 -0.00015802 -0.00000263 -0.00006029 -0.00002292 -0.00000216 
-0.00019713 -0.00003235 0.00000031 -0.00002977 -0.00016006 -0.00000159 -0.00005918 -0.00003462 -0.00000202 
-0.00018459 -0.00003847 0.00000014 -0.00003545 -0.00016221 -0.00000025 -0.00005376 -0.00004370 -0.00000191 
-0.00017849 -0.00003991 0.00000102 -0.00003677 -0.00017474 0.00000012 -0.00004295 -0.00005099 -0.00000288 
-0.00016465 -0.00003830 0.00000162 -0.00003540 -0.00018282 0.00000071 -0.00003108 -0.00005162 -0.00000400 
-0.00015595 -0.00003345 0.00000209 -0.00003036 -0.00019531 0.00000086 -0.00001975 -0.00004764 -0.00000457 
-0.00014152 -0.00002574 0.00000185 -0.00002294 -0.00020260 0.00000074 -0.00000914 -0.00003839 -0.00000465 
-0.00013428 -0.00001537 0.00000081 -0.00001285 -0.00020934 0.00000041 -0.00000134 -0.00002655 -0.00000482 
-0.00013117 -0.00000388 -0.00000040 -0.00000181 -0.00021262 -0.00000016 0.00000009 -0.00001099 -0.00000478 
-0.00013543 0.00000999 0.00000068 0.00001184 -0.00021468 0.00000022 -0.00000415 0.00000706 -0.00000479 
-0.00013661 0.00002368 -0.00000020 0.00002489 -0.00021007 0.00000103 -0.00001773 0.00002515 -0.00000459 
-0.00014926 0.00003605 -0.00000164 0.00003679 -0.00020281 0.00000157 -0.00003644 0.00003942 -0.00000505 
-0.00016406 0.00004457 -0.00000260 0.00004520 -0.00019119 0.00000169 -0.00005783 0.00004628 -0.00000507 
-0.00017651 0.00004464 -0.00000378 0.00004555 -0.00017455 0.00000133 -0.00008050 0.00004742 -0.00000503 
-0.00018140 0.00003576 -0.00000515 0.00003870 -0.00015634 0.00000017 -0.00010012 0.00003998 -0.00000495 
-0.00014962 0.00001931 -0.00000693 0.00002411 -0.00011762 -0.00000041 -0.00010678 0.00002795 -0.00000362 
-0.00006116 -0.00000267 -0.00000773 -0.00000049 -0.00004420 0.00000019 -0.00007060 0.00000925 -0.00000204 
