-0.00067400 0.00006428 -0.00002112 0.00002578 -0.00052127 0.00004011 -0.00015059 0.00007371 -0.00002222 
-0.00171802 -0.00012280 -0.00003695 -0.00017757 -0.00131498 0.00003561 -0.00022246 0.00008767 -0.00005751 
-0.00212069 -0.00027600 -0.00003977 -0.00030569 -0.00171389 0.00002995 -0.00016864 0.00004334 -0.00007220 
-0.00225853 -0.00040032 -0.00002066 -0.00041906 -0.00202008 0.00001361 -0.00010468 0.00003378 -0.00007664 
-0.00214683 -0.00044463 -0.00001227 -0.00045618 -0.00215354 0.00002159 -0.00001606 0.00006243 -0.00007158 
-0.00201076 -0.00043948 -0.00001257 -0.00045094 -0.00233100 0.00004269 0.00002636 0.00012117 -0.00006568 
-0.00183509 -0.00035805 -0.00001382 -0.00037118 -0.00250571 0.00005901 0.00006227 0.00017921 -0.00006358 
-0.00164175 -0.00020103 -0.00001582 -0.00022038 -0.00255270 0.00005859 0.00003946 0.00023446 -0.00005640 
-0.00154975 -0.00003659 -0.00001818 -0.00005340 -0.00248615 0.00004598 0.00001221 0.00026509 -0.00005663 
-0.00156589 0.00010545 -0.00000970 0.00009491 -0.00255162 0.00004739 -0.00002185 0.00030300 -0.00006064 
-0.00158482 0.00025934 -0.00000827 0.00024651 -0.00255505 0.00004698 -0.00004437 0.00033246 -0.00005927 
-0.00165741 0.00040269 -0.00002119 0.00038745 -0.00244312 0.00003281 -0.00010411 0.00035043 -0.00004991 
-0.00183448 0.00048132 -0.00004224 0.00046565 -0.00230982 0.00000452 -0.00016600 0.00034046 -0.00004174 
-0.00202139 0.00049080 -0.00003356 0.00048228 -0.00223615 -0.00000318 -0.00018529 0.00032820 -0.00003282 
-0.00210590 0.00048348 -0.00001010 0.00047412 -0.00208068 0.00000087 -0.00018301 0.00030530 -0.00002813 
-0.00216907 0.00044624 0.00002854 0.00043929 -0.00189328 0.00001386 -0.00018611 0.00026628 -0.00002657 
-0.00231955 0.00038190 0.00004451 0.00038513 -0.00181217 0.00003103 -0.00017809 0.00023147 -0.00003262 
-0.00246307 0.00031948 0.00003635 0.00032477 -0.00171109 0.00003581 -0.00015772 0.00018865 -0.00002852 
-0.00254161 0.00021975 0.00004660 0.00022293 -0.00168373 0.00006520 -0.00009194 0.00016861 -0.00003176 
-0.00261546 0.00010299 0.00003377 0.00010903 -0.00166866 0.00007280 -0.00003096 0.00014968 -0.00004148 
-0.00257795 -0.00001502 0.00001909 -0.00000686 -0.00164132 0.00006956 0.00003637 0.00014622 -0.00005016 
-0.00246927 -0.00013944 -0.00000556 -0.00012637 -0.00161827 0.00008529 0.00009470 0.00018391 -0.00005526 
-0.00241079 -0.00028353 -0.00002770 -0.00026669 -0.00168286 0.00007621 0.00014659 0.00022509 -0.00006211 
-0.00234311 -0.00039812 -0.00004266 -0.00037748 -0.00180289 0.00004959 0.00019180 0.00025860 -0.00006218 
-0.00229009 -0.00046483 -0.00006308 -0.00044054 -0.00197588 0.00003816 0.00020515 0.00033923 -0.00006251 
-0.00219693 -0.00048516 -0.00007898 -0.00046027 -0.00217300 0.00002897 0.00018809 0.00040942 -0.00006279 
-0.00200625 -0.00046992 -0.00007865 -0.00044081 -0.00231750 0.00003440 0.00016522 0.00047681 -0.00006075 
-0.00191465 -0.00038149 -0.00008118 -0.00035140 -0.00254044 0.00003026 0.00010468 0.00052992 -0.00006394 
-0.00183017 -0.00024487 -0.00007928 -0.00021446 -0.00264534 0.00001082 0.00002394 0.00054544 -0.00006508 
-0.00172392 -0.00010836 -0.00006401 -0.00007308 -0.00263792 -0.00000968 -0.00004460 0.00052634 -0.00006394 
-0.00163365 0.00004093 -0.00005163 0.00008210 -0.00253924 -0.00002428 -0.00011933 0.00049058 -0.00006443 
-0.00162032 0.00018811 -0.00003868 0.00023359 -0.00243065 -0.00002840 -0.00017113 0.00045199 -0.00006421 
-0.00171871 0.00034496 -0.00002101 0.00039160 -0.00236950 -0.00000976 -0.00020760 0.00040770 -0.00006646 
-0.00193018 0.00046849 -0.00001927 0.00050923 -0.00223381 -0.00000701 -0.00022281 0.00034541 -0.00007161 
-0.00211399 0.00046793 -0.00000939 0.00049808 -0.00203685 -0.00000792 -0.00019611 0.00027787 -0.00007429 
-0.00223374 0.00038106 -0.00000304 0.00040227 -0.00179273 -0.00001815 -0.00012783 0.00020141 -0.00007208 
-0.00239516 0.00025089 0.00001166 0.00026885 -0.00170907 0.00000428 -0.00003794 0.00018737 -0.00007557 
-0.00254349 0.00008982 0.00001252 0.00010523 -0.00172747 0.00002488 0.00005228 0.00018889 -0.00008305 
-0.00253745 -0.00007775 0.00002042 -0.00006648 -0.00165040 0.00003504 0.00017435 0.00019929 -0.00008432 
-0.00246170 -0.00025360 0.00002045 -0.00024839 -0.00166756 0.00005809 0.00029543 0.00026150 -0.00008584 
-0.00232226 -0.00037843 0.00002264 -0.00038233 -0.00184120 0.00007236 0.00039901 0.00032929 -0.00009261 
-0.00208043 -0.00044201 0.00001490 -0.00045745 -0.00205054 0.00009819 0.00046910 0.00044652 -0.00009690 
-0.00187128 -0.00042780 -0.00002015 -0.00045368 -0.00233088 0.00013313 0.00048577 0.00058230 -0.00010133 
-0.00170597 -0.00035460 -0.00003650 -0.00039509 -0.00272068 0.00015746 0.00047238 0.00070721 -0.00011051 
-0.00154919 -0.00022050 -0.00006039 -0.00029337 -0.00324634 0.00017371 0.00049814 0.00086037 -0.00012395 
-0.00151864 -0.00003061 -0.00009288 -0.00016601 -0.00410899 0.00017912 0.00050469 0.00108145 -0.00014143 
-0.00201732 0.00026374 -0.00001784 0.00002364 -0.00634541 0.00013408 0.00063341 0.00145336 -0.00018377 
-0.00305274 0.00053956 0.00012530 0.00022181 -0.00963773 -0.00009121 0.00077733 0.00147746 -0.00019972 
-0.00366002 0.00079601 0.00019405 0.00055733 -0.01139378 -0.00035562 0.00085347 0.00052239 -0.00023300 
-0.00386798 0.00095134 0.00023397 0.00086577 -0.01168798 -0.00047671 0.00095310 -0.00067173 -0.00028282 
-0.00391310 0.00096976 0.00030160 0.00102615 -0.01100087 -0.00049715 0.00122251 -0.00164017 -0.00034389 
-0.00332463 0.00091151 0.00027590 0.00106859 -0.00863642 -0.00046930 0.00125257 -0.00209369 -0.00033030 
-0.00226051 0.00086033 0.00014955 0.00092660 -0.00507211 -0.00045146 0.00090987 -0.00159117 -0.00023893 
-0.00191117 0.00068985 0.00011196 0.00069558 -0.00302730 -0.00034997 0.00063166 -0.00105645 -0.00015472 
-0.00192188 0.00053736 0.00010767 0.00052386 -0.00224833 -0.00027298 0.00045027 -0.00080329 -0.00011297 
-0.00210313 0.00038037 0.00011243 0.00036566 -0.00187416 -0.00021877 0.00022273 -0.00069494 -0.00008444 
-0.00213206 0.00023476 0.00010336 0.00022136 -0.00169261 -0.00019142 -0.00001898 -0.00067918 -0.00007425 
-0.00209164 0.00016638 0.00009144 0.00016914 -0.00157490 -0.00017107 -0.00025637 -0.00067983 -0.00008367 
-0.00210153 0.00007424 0.00006310 0.00009668 -0.00151105 -0.00017339 -0.00046044 -0.00075220 -0.00010354 
-0.00202853 -0.00007972 0.00003123 -0.00004143 -0.00146963 -0.00017302 -0.00060963 -0.00086689 -0.00012545 
-0.00188256 -0.00020258 0.00002118 -0.00015928 -0.00152535 -0.00018911 -0.00069237 -0.00103140 -0.00014982 
-0.00177228 -0.00029705 0.00000496 -0.00025569 -0.00174596 -0.00020691 -0.00075031 -0.00119602 -0.00017713 
-0.00157861 -0.00035798 0.00001565 -0.00031592 -0.00203262 -0.00024151 -0.00074567 -0.00140085 -0.00021354 
-0.00136545 -0.00041515 0.00005570 -0.00037788 -0.00247659 -0.00028394 -0.00067320 -0.00169897 -0.00024373 
-0.00132332 -0.00047744 0.00006383 -0.00046623 -0.00346787 -0.00034539 -0.00066331 -0.00224623 -0.00031316 
-0.00161470 -0.00043967 0.00006420 -0.00051574 -0.00564146 -0.00051038 -0.00067558 -0.00316924 -0.00043681 
-0.00282393 -0.00027121 -0.00010396 -0.00054961 -0.01007024 -0.00065816 -0.00080473 -0.00445596 -0.00058096 
-0.00427797 0.00003444 -0.00035716 -0.00036725 -0.01528668 -0.00038209 -0.00086947 -0.00447747 -0.00050065 
-0.00484231 0.00030541 -0.00048239 0.00024169 -0.01744224 -0.00029448 -0.00100356 -0.00214541 -0.00050396 
-0.00476636 0.00057759 -0.00050941 0.00090644 -0.01688748 -0.00040485 -0.00138793 0.00017613 -0.00048558 
-0.00447184 0.00083968 -0.00053539 0.00135391 -0.01448641 -0.00037365 -0.00189100 0.00161102 -0.00043503 
-0.00357814 0.00095542 -0.00041885 0.00138925 -0.01024380 -0.00008719 -0.00184511 0.00198758 -0.00033423 
-0.00262491 0.00084036 -0.00027846 0.00097808 -0.00590767 0.00023228 -0.00126400 0.00139285 -0.00025964 
-0.00236508 0.00049169 -0.00022653 0.00050547 -0.00366131 0.00016765 -0.00070927 0.00089336 -0.00016049 
-0.00239343 0.00023898 -0.00021120 0.00020540 -0.00273210 0.00013126 -0.00027251 0.00064819 -0.00011469 
-0.00249580 0.00000168 -0.00018307 -0.00003555 -0.00234136 0.00011834 0.00015597 0.00061991 -0.00009153 
-0.00264743 -0.00017356 -0.00015832 -0.00020686 -0.00230617 0.00012929 0.00051784 0.00072274 -0.00010316 
-0.00245023 -0.00031904 -0.00010727 -0.00034243 -0.00222284 0.00010467 0.00079423 0.00088718 -0.00010719 
-0.00228917 -0.00042663 -0.00009906 -0.00044104 -0.00230519 0.00013230 0.00089799 0.00111734 -0.00013189 
-0.00201645 -0.00042036 -0.00007973 -0.00043033 -0.00242978 0.00014652 0.00088920 0.00133779 -0.00015737 
-0.00176626 -0.00031356 -0.00006051 -0.00033011 -0.00263735 0.00016645 0.00082063 0.00153988 -0.00019426 
-0.00153487 -0.00017216 -0.00008448 -0.00017681 -0.00279824 0.00020146 0.00065817 0.00169825 -0.00022152 
-0.00138097 0.00002051 -0.00011524 0.00000953 -0.00303270 0.00023844 0.00046987 0.00183447 -0.00025552 
-0.00128439 0.00020112 -0.00013659 0.00020121 -0.00313635 0.00024721 0.00021448 0.00188000 -0.00024181 
-0.00133966 0.00041734 -0.00013576 0.00038806 -0.00371382 0.00027462 0.00010520 0.00215154 -0.00028662 
-0.00171688 0.00061503 -0.00007422 0.00055628 -0.00483431 0.00033688 -0.00004052 0.00247603 -0.00032203 
-0.00271280 0.00087242 0.00008244 0.00072699 -0.00787346 0.00048958 -0.00009417 0.00329839 -0.00041259 
-0.00443512 0.00115877 0.00040001 0.00096503 -0.01211361 0.00050806 0.00001960 0.00362834 -0.00045976 
-0.00525432 0.00136162 0.00060496 0.00139044 -0.01388007 0.00049038 0.00030798 0.00205182 -0.00040741 
-0.00493472 0.00132108 0.00056506 0.00159902 -0.01287170 0.00050407 0.00065298 0.00030499 -0.00031341 
-0.00446108 0.00107292 0.00052663 0.00144424 -0.01087620 0.00036832 0.00086752 -0.00086915 -0.00022300 
-0.00377116 0.00077480 0.00045327 0.00104489 -0.00810404 -0.00003413 0.00065218 -0.00140115 -0.00014526 
-0.00278292 0.00038855 0.00027433 0.00044814 -0.00493381 -0.00028714 0.00013109 -0.00114345 -0.00012672 
-0.00232991 0.00006342 0.00018398 0.00006215 -0.00303393 -0.00013440 -0.00024015 -0.00086509 -0.00004916 
-0.00223733 -0.00011926 0.00014188 -0.00013884 -0.00234262 -0.00009040 -0.00044354 -0.00081343 -0.00004160 
-0.00221303 -0.00024570 0.00012071 -0.00025957 -0.00219588 -0.00007984 -0.00061604 -0.00086996 -0.00005879 
-0.00217594 -0.00031406 0.00007961 -0.00031536 -0.00211066 -0.00004223 -0.00073903 -0.00096174 -0.00007390 
-0.00204232 -0.00037290 0.00005166 -0.00036698 -0.00211386 -0.00005766 -0.00076748 -0.00112382 -0.00009230 
-0.00195580 -0.00039318 0.00002961 -0.00037653 -0.00220263 -0.00009062 -0.00078770 -0.00129730 -0.00011578 
-0.00186458 -0.00038608 0.00003541 -0.00036165 -0.00232307 -0.00013131 -0.00071044 -0.00143937 -0.00014198 
-0.00176202 -0.00033454 0.00001654 -0.00030886 -0.00246225 -0.00014903 -0.00064879 -0.00156304 -0.00016489 
-0.00159240 -0.00027313 0.00002526 -0.00025379 -0.00264162 -0.00016707 -0.00048834 -0.00176516 -0.00018086 
-0.00137026 -0.00015392 0.00005187 -0.00013971 -0.00296418 -0.00017235 -0.00031217 -0.00195800 -0.00019415 
-0.00124442 0.00004479 0.00009284 0.00006306 -0.00336824 -0.00016660 -0.00007449 -0.00213691 -0.00019701 
-0.00128504 0.00023377 0.00009471 0.00026035 -0.00391310 -0.00017401 0.00007826 -0.00238373 -0.00022241 
-0.00156794 0.00047456 0.00007139 0.00046140 -0.00511455 -0.00026603 0.00029835 -0.00269142 -0.00026089 
-0.00235279 0.00080710 -0.00001850 0.00073627 -0.00777048 -0.00045487 0.00043406 -0.00317075 -0.00035447 
-0.00356264 0.00122823 -0.00022440 0.00117491 -0.01141727 -0.00077695 0.00023007 -0.00315568 -0.00047309 
-0.00420721 0.00151061 -0.00038600 0.00173650 -0.01269919 -0.00112627 -0.00030236 -0.00156871 -0.00043147 
-0.00419040 0.00153905 -0.00037210 0.00195408 -0.01151104 -0.00112392 -0.00083767 -0.00018341 -0.00031069 
-0.00397732 0.00114395 -0.00030497 0.00152120 -0.00938140 -0.00075292 -0.00100676 0.00056448 -0.00018390 
-0.00336364 0.00060184 -0.00024443 0.00074413 -0.00689849 -0.00006203 -0.00068004 0.00095328 -0.00014153 
-0.00251835 0.00005045 -0.00016524 0.00002445 -0.00429220 0.00019338 -0.00012850 0.00088062 -0.00013870 
-0.00216581 -0.00022719 -0.00008899 -0.00028352 -0.00305728 0.00006956 0.00029381 0.00081330 -0.00008358 
-0.00214423 -0.00036701 -0.00004660 -0.00042812 -0.00271184 0.00000349 0.00062272 0.00088406 -0.00007842 
-0.00213669 -0.00038549 -0.00000549 -0.00043752 -0.00273722 -0.00000595 0.00083879 0.00111788 -0.00009432 
-0.00203017 -0.00036586 0.00000650 -0.00040995 -0.00270896 0.00001917 0.00092268 0.00133618 -0.00010816 
-0.00179156 -0.00033754 -0.00002134 -0.00035927 -0.00267123 0.00006272 0.00086496 0.00152471 -0.00013249 
-0.00164882 -0.00026773 -0.00002836 -0.00027323 -0.00269650 0.00009200 0.00070379 0.00166377 -0.00015412 
-0.00155063 -0.00013469 -0.00006240 -0.00012462 -0.00271139 0.00012133 0.00048858 0.00178372 -0.00016199 
-0.00149148 0.00004176 -0.00006784 0.00005077 -0.00271313 0.00013890 0.00028854 0.00181256 -0.00016604 
-0.00151986 0.00025545 -0.00007611 0.00025483 -0.00267965 0.00013605 0.00008981 0.00182814 -0.00015642 
-0.00158241 0.00040566 -0.00006335 0.00040246 -0.00265022 0.00012496 -0.00008959 0.00178207 -0.00015134 
-0.00164122 0.00052717 -0.00006303 0.00053298 -0.00277170 0.00011852 -0.00028084 0.00176038 -0.00013908 
-0.00180769 0.00066811 -0.00005335 0.00067376 -0.00315825 0.00012444 -0.00045055 0.00190045 -0.00014769 
-0.00215748 0.00077875 0.00000609 0.00077311 -0.00411848 0.00021803 -0.00054224 0.00209734 -0.00017604 
-0.00282473 0.00089897 0.00011144 0.00085856 -0.00611254 0.00042219 -0.00058112 0.00232465 -0.00025299 
-0.00390871 0.00100930 0.00031793 0.00103767 -0.00874737 0.00082578 -0.00033109 0.00218889 -0.00037093 
-0.00428134 0.00093427 0.00036179 0.00114423 -0.00968930 0.00096271 0.00002756 0.00102250 -0.00026492 
-0.00416762 0.00074258 0.00032938 0.00097849 -0.00930423 0.00055202 0.00033659 0.00009545 -0.00013792 
-0.00409375 0.00034853 0.00031605 0.00042572 -0.00867636 -0.00019411 0.00036315 -0.00062818 -0.00014434 
-0.00351526 -0.00001974 0.00030384 -0.00006291 -0.00695367 -0.00057391 0.00010465 -0.00118131 -0.00022281 
-0.00253561 -0.00021861 0.00021174 -0.00027890 -0.00461229 -0.00044037 -0.00023881 -0.00130366 -0.00018039 
-0.00207030 -0.00034992 0.00012593 -0.00038352 -0.00300877 -0.00013093 -0.00050150 -0.00117731 -0.00010000 
-0.00197099 -0.00042168 0.00008620 -0.00044061 -0.00257442 -0.00006091 -0.00067330 -0.00125049 -0.00007898 
-0.00185406 -0.00046721 0.00006074 -0.00048635 -0.00235431 -0.00003266 -0.00069034 -0.00134718 -0.00008329 
-0.00181936 -0.00045840 0.00002675 -0.00046323 -0.00242117 -0.00005216 -0.00066413 -0.00151462 -0.00009812 
-0.00179520 -0.00043186 0.00001955 -0.00043313 -0.00250578 -0.00008350 -0.00058061 -0.00167145 -0.00012028 
-0.00174176 -0.00039286 0.00000782 -0.00039267 -0.00260751 -0.00010099 -0.00045691 -0.00178079 -0.00013671 
-0.00160028 -0.00032317 -0.00001270 -0.00032610 -0.00263798 -0.00009423 -0.00031058 -0.00188350 -0.00014137 
-0.00150028 -0.00020108 0.00000187 -0.00018637 -0.00278714 -0.00010229 -0.00007377 -0.00200106 -0.00015029 
-0.00142484 0.00000386 0.00001893 0.00002016 -0.00282008 -0.00008924 0.00016478 -0.00198875 -0.00015064 
-0.00159379 0.00016880 0.00003999 0.00019194 -0.00302079 -0.00008228 0.00040563 -0.00201363 -0.00015921 
-0.00172045 0.00027201 0.00006651 0.00029802 -0.00322170 -0.00006735 0.00064065 -0.00203926 -0.00015726 
-0.00186826 0.00037415 0.00005841 0.00040691 -0.00363004 -0.00007221 0.00079701 -0.00196223 -0.00016122 
-0.00209567 0.00051534 0.00001832 0.00057494 -0.00457236 -0.00017200 0.00082170 -0.00189702 -0.00019019 
-0.00259825 0.00076134 -0.00005801 0.00082503 -0.00636390 -0.00048338 0.00074295 -0.00195146 -0.00028866 
-0.00346911 0.00098004 -0.00017142 0.00111351 -0.00851633 -0.00096544 0.00032495 -0.00173474 -0.00040507 
-0.00391223 0.00079344 -0.00017200 0.00099103 -0.00908104 -0.00092083 -0.00008695 -0.00080261 -0.00030651 
-0.00400336 0.00040785 -0.00019363 0.00048343 -0.00886875 -0.00023054 -0.00028622 -0.00005456 -0.00021290 
-0.00391712 -0.00005380 -0.00022170 -0.00014347 -0.00853114 0.00060911 -0.00019638 0.00069798 -0.00023235 
-0.00344013 -0.00037856 -0.00023054 -0.00046757 -0.00750067 0.00082631 0.00012977 0.00137810 -0.00031750 
-0.00251570 -0.00040670 -0.00011819 -0.00044794 -0.00536203 0.00049379 0.00054624 0.00157384 -0.00023244 
-0.00203643 -0.00038741 -0.00004227 -0.00040743 -0.00384161 0.00019860 0.00078571 0.00164145 -0.00014577 
-0.00173762 -0.00034207 -0.00000617 -0.00036695 -0.00306091 0.00008892 0.00078871 0.00170097 -0.00011829 
-0.00160836 -0.00025948 -0.00000869 -0.00027564 -0.00273328 0.00009066 0.00067895 0.00175691 -0.00011983 
-0.00156368 -0.00016882 0.00001049 -0.00018715 -0.00265816 0.00009535 0.00052391 0.00186426 -0.00014444 
-0.00153480 -0.00005538 -0.00001228 -0.00007749 -0.00263490 0.00010649 0.00032282 0.00195390 -0.00015759 
-0.00156243 0.00008693 -0.00001150 0.00007224 -0.00255947 0.00012044 0.00009280 0.00192742 -0.00016871 
-0.00152489 0.00020909 -0.00001636 0.00018440 -0.00237736 0.00012230 -0.00011065 0.00186838 -0.00016562 
-0.00155502 0.00029985 -0.00000345 0.00029289 -0.00232056 0.00010634 -0.00031497 0.00180927 -0.00015618 
-0.00165568 0.00035179 -0.00000201 0.00035767 -0.00230702 0.00008374 -0.00049449 0.00177192 -0.00014028 
-0.00179209 0.00037812 0.00001049 0.00039721 -0.00236848 0.00007502 -0.00063041 0.00169679 -0.00012537 
-0.00192515 0.00038041 0.00001805 0.00041355 -0.00252609 0.00005021 -0.00072522 0.00160187 -0.00011729 
-0.00207851 0.00035083 0.00003011 0.00038685 -0.00299955 0.00004620 -0.00079209 0.00159924 -0.00011727 
-0.00229066 0.00027990 0.00005835 0.00031596 -0.00387497 0.00013057 -0.00070070 0.00162831 -0.00014973 
-0.00259266 0.00023964 0.00013401 0.00027816 -0.00551541 0.00043991 -0.00050321 0.00174889 -0.00024461 
-0.00345156 0.00024216 0.00024908 0.00031712 -0.00762476 0.00069892 -0.00015227 0.00150105 -0.00030503 
-0.00411596 -0.00004740 0.00030360 -0.00000675 -0.00906771 0.00050126 0.00019428 0.00067718 -0.00020079 
-0.00415310 -0.00043819 0.00032847 -0.00057918 -0.00918345 -0.00027628 0.00025983 -0.00007658 -0.00015967 
-0.00397517 -0.00077282 0.00032665 -0.00098751 -0.00933807 -0.00086698 0.00008470 -0.00099354 -0.00029367 
-0.00348592 -0.00087530 0.00031737 -0.00094151 -0.00835415 -0.00092318 -0.00027624 -0.00210593 -0.00039400 
-0.00265951 -0.00072903 0.00017810 -0.00071431 -0.00598895 -0.00048514 -0.00058199 -0.00220781 -0.00028423 
-0.00206411 -0.00058089 0.00005679 -0.00058564 -0.00404067 -0.00016755 -0.00065616 -0.00183648 -0.00017121 
-0.00190004 -0.00048909 0.00001473 -0.00049205 -0.00326801 -0.00009477 -0.00060206 -0.00181919 -0.00015271 
-0.00182088 -0.00045385 0.00000012 -0.00046841 -0.00289278 -0.00010292 -0.00048300 -0.00182161 -0.00014599 
-0.00169516 -0.00042111 -0.00002824 -0.00043001 -0.00269004 -0.00011969 -0.00033576 -0.00183637 -0.00016200 
-0.00150159 -0.00034361 -0.00003296 -0.00035063 -0.00260738 -0.00012101 -0.00017382 -0.00185248 -0.00016182 
-0.00147139 -0.00023025 -0.00001749 -0.00022569 -0.00271624 -0.00012150 0.00004027 -0.00189470 -0.00017375 
-0.00140833 -0.00007891 0.00000104 -0.00006858 -0.00271744 -0.00010739 0.00025049 -0.00182903 -0.00016808 
-0.00142845 0.00006118 0.00000647 0.00008783 -0.00272570 -0.00009990 0.00044512 -0.00175739 -0.00016617 
-0.00153737 0.00019859 0.00002564 0.00022577 -0.00269633 -0.00008515 0.00062648 -0.00165540 -0.00015699 
-0.00168501 0.00029097 0.00005438 0.00032426 -0.00270120 -0.00005020 0.00075145 -0.00147985 -0.00014199 
-0.00178953 0.00035273 0.00004315 0.00039135 -0.00278857 -0.00003162 0.00078688 -0.00129815 -0.00012948 
-0.00186616 0.00037717 0.00002024 0.00043265 -0.00292889 -0.00004953 0.00070565 -0.00111906 -0.00012316 
-0.00205738 0.00039646 -0.00000198 0.00046439 -0.00349830 -0.00013062 0.00051773 -0.00106008 -0.00014293 
-0.00253703 0.00030179 -0.00008472 0.00039236 -0.00498583 -0.00044333 0.00018106 -0.00111903 -0.00022618 
-0.00330305 0.00002741 -0.00015036 0.00009271 -0.00712557 -0.00058921 -0.00026938 -0.00107499 -0.00028880 
-0.00386748 -0.00045902 -0.00017883 -0.00056296 -0.00874227 0.00001349 -0.00057743 -0.00059231 -0.00022372 
-0.00438033 -0.00097192 -0.00023972 -0.00128212 -0.01033414 0.00077898 -0.00053151 -0.00003696 -0.00025974 
-0.00444834 -0.00126279 -0.00027958 -0.00154324 -0.01131788 0.00108227 -0.00013389 0.00103943 -0.00038351 
-0.00391232 -0.00121325 -0.00021765 -0.00124354 -0.01055421 0.00093698 0.00037418 0.00250938 -0.00047738 
-0.00275510 -0.00086373 -0.00003209 -0.00081879 -0.00749015 0.00048078 0.00068515 0.00273190 -0.00035018 
-0.00199871 -0.00056585 0.00007134 -0.00056955 -0.00497124 0.00021805 0.00061589 0.00235163 -0.00022731 
-0.00176279 -0.00035037 0.00011106 -0.00036644 -0.00382039 0.00013135 0.00042745 0.00226695 -0.00020936 
-0.00149272 -0.00017531 0.00009642 -0.00019978 -0.00309900 0.00012183 0.00023996 0.00207053 -0.00017741 
-0.00140079 0.00002270 0.00004687 0.00001017 -0.00274636 0.00014101 -0.00003305 0.00194007 -0.00017818 
-0.00144793 0.00023472 0.00001545 0.00022894 -0.00245549 0.00013386 -0.00024650 0.00177739 -0.00016292 
-0.00162556 0.00034650 -0.00000040 0.00035911 -0.00229988 0.00011279 -0.00044462 0.00168665 -0.00015171 
-0.00170840 0.00039133 -0.00000211 0.00041159 -0.00212365 0.00009812 -0.00058633 0.00157339 -0.00012281 
-0.00183054 0.00044101 -0.00000966 0.00046804 -0.00201657 0.00008556 -0.00069328 0.00144356 -0.00009884 
-0.00198517 0.00044341 0.00000164 0.00047275 -0.00197154 0.00005970 -0.00074143 0.00130696 -0.00007060 
-0.00221391 0.00036379 0.00003630 0.00039041 -0.00204487 0.00002403 -0.00075115 0.00120978 -0.00004916 
-0.00230056 0.00024517 0.00007065 0.00027033 -0.00216318 0.00002168 -0.00068116 0.00108410 -0.00003555 
-0.00219583 0.00012795 0.00010218 0.00014147 -0.00221117 0.00007192 -0.00050045 0.00102105 -0.00003077 
-0.00218901 0.00002365 0.00012450 0.00003111 -0.00257424 0.00013225 -0.00031138 0.00101084 -0.00003618 
-0.00260963 -0.00026730 0.00020019 -0.00030524 -0.00411086 0.00022895 -0.00000584 0.00115346 -0.00008723 
-0.00346153 -0.00067040 0.00033299 -0.00084538 -0.00676252 0.00000650 0.00041036 0.00115657 -0.00008937 
-0.00432437 -0.00113688 0.00043883 -0.00143035 -0.00958842 -0.00045238 0.00073419 0.00071294 -0.00017236 
-0.00470829 -0.00154686 0.00051333 -0.00185906 -0.01154885 -0.00079459 0.00063850 -0.00014686 -0.00027669 
-0.00488254 -0.00169820 0.00053711 -0.00182629 -0.01274347 -0.00082170 0.00029195 -0.00161493 -0.00040752 
-0.00414972 -0.00156068 0.00038969 -0.00141916 -0.01147377 -0.00063195 -0.00013460 -0.00327914 -0.00046329 
-0.00284616 -0.00117111 0.00010703 -0.00103124 -0.00809824 -0.00041621 -0.00042069 -0.00322123 -0.00037760 
-0.00198723 -0.00077644 -0.00006225 -0.00071922 -0.00542774 -0.00027341 -0.00036436 -0.00266119 -0.00028805 
-0.00163221 -0.00053989 -0.00013280 -0.00050809 -0.00419102 -0.00020273 -0.00017314 -0.00238358 -0.00025636 
-0.00152820 -0.00033589 -0.00015922 -0.00031734 -0.00356233 -0.00018656 -0.00002912 -0.00211773 -0.00022657 
-0.00147093 -0.00011254 -0.00012559 -0.00009744 -0.00326642 -0.00018780 0.00023494 -0.00194845 -0.00022525 
-0.00141929 0.00011625 -0.00008373 0.00013460 -0.00296122 -0.00016436 0.00041086 -0.00178924 -0.00019454 
-0.00166662 0.00027804 -0.00006752 0.00029299 -0.00287180 -0.00014999 0.00062409 -0.00169921 -0.00019097 
-0.00170499 0.00040565 -0.00005128 0.00042478 -0.00258176 -0.00012823 0.00071001 -0.00150849 -0.00015466 
-0.00185920 0.00050420 -0.00003233 0.00053762 -0.00238387 -0.00009075 0.00081297 -0.00136698 -0.00012892 
-0.00206691 0.00053692 -0.00002491 0.00057768 -0.00222007 -0.00004302 0.00083047 -0.00116702 -0.00010469 
-0.00224750 0.00049282 -0.00005534 0.00053520 -0.00208682 -0.00001450 0.00070392 -0.00096006 -0.00008891 
-0.00228798 0.00036218 -0.00011034 0.00041938 -0.00201436 -0.00001869 0.00041180 -0.00076880 -0.00007272 
-0.00230103 0.00015378 -0.00014458 0.00021848 -0.00213230 -0.00006068 0.00005380 -0.00068461 -0.00007547 
-0.00221996 -0.00011204 -0.00017276 -0.00006259 -0.00261059 -0.00008930 -0.00029563 -0.00071517 -0.00008413 
-0.00244550 -0.00051609 -0.00023108 -0.00052865 -0.00425881 -0.00013966 -0.00079063 -0.00098451 -0.00015735 
-0.00355851 -0.00097683 -0.00036841 -0.00120776 -0.00809223 0.00008238 -0.00144709 -0.00145873 -0.00021918 
-0.00431182 -0.00138671 -0.00047251 -0.00178267 -0.01179261 0.00053791 -0.00165497 -0.00113037 -0.00029680 
-0.00458226 -0.00154499 -0.00048296 -0.00186190 -0.01440316 0.00065597 -0.00130381 -0.00001675 -0.00039640 
-0.00479498 -0.00138596 -0.00046679 -0.00141295 -0.01597077 0.00055092 -0.00080656 0.00202042 -0.00048512 
-0.00430314 -0.00104977 -0.00033989 -0.00079841 -0.01473662 0.00060960 -0.00043774 0.00419151 -0.00053217 
-0.00267612 -0.00056867 -0.00006012 -0.00036065 -0.01006152 0.00063369 -0.00021031 0.00432537 -0.00053430 
-0.00151526 -0.00015440 0.00009408 -0.00010461 -0.00582322 0.00047066 -0.00021240 0.00324103 -0.00042435 
-0.00121120 0.00013468 0.00011402 0.00009923 -0.00377532 0.00034804 -0.00035899 0.00249928 -0.00032531 
-0.00121315 0.00021287 0.00008387 0.00016621 -0.00278851 0.00029454 -0.00050381 0.00202306 -0.00028031 
-0.00135715 0.00025236 0.00007458 0.00020884 -0.00221414 0.00025610 -0.00057080 0.00167850 -0.00023715 
-0.00155514 0.00026399 0.00006386 0.00021446 -0.00189151 0.00021707 -0.00064223 0.00144144 -0.00021110 
-0.00181009 0.00026622 0.00003585 0.00023131 -0.00174285 0.00019274 -0.00068209 0.00124912 -0.00018132 
-0.00206500 0.00022857 0.00002738 0.00019703 -0.00166331 0.00015920 -0.00067106 0.00106930 -0.00014955 
-0.00229416 0.00013717 0.00004417 0.00010498 -0.00170037 0.00013650 -0.00059316 0.00092075 -0.00012104 
-0.00237325 0.00001071 0.00006818 -0.00001724 -0.00172519 0.00010443 -0.00044146 0.00079238 -0.00009312 
-0.00229748 -0.00011293 0.00008593 -0.00013170 -0.00173873 0.00009652 -0.00022827 0.00071013 -0.00007278 
-0.00225283 -0.00025070 0.00011000 -0.00025808 -0.00183504 0.00012411 0.00001793 0.00068326 -0.00007224 
-0.00220149 -0.00043670 0.00012428 -0.00044301 -0.00205673 0.00017621 0.00026764 0.00071953 -0.00009006 
-0.00208778 -0.00067099 0.00014763 -0.00069324 -0.00253384 0.00023243 0.00048918 0.00084682 -0.00011592 
-0.00230314 -0.00096614 0.00022369 -0.00103905 -0.00409311 0.00031222 0.00083360 0.00118519 -0.00019415 
-0.00313560 -0.00119084 0.00034499 -0.00134808 -0.00725734 0.00030978 0.00124431 0.00156494 -0.00027789 
-0.00389320 -0.00129743 0.00044093 -0.00139356 -0.01007435 0.00029358 0.00130909 0.00125659 -0.00032180 
-0.00395055 -0.00134018 0.00041374 -0.00129756 -0.01133639 0.00029370 0.00102612 0.00043939 -0.00027546 
-0.00366885 -0.00124163 0.00033459 -0.00104465 -0.01141422 0.00025416 0.00074585 -0.00068470 -0.00022305 
-0.00302054 -0.00097338 0.00021589 -0.00069782 -0.00974994 0.00004349 0.00054986 -0.00164601 -0.00018445 
-0.00191487 -0.00061009 -0.00001248 -0.00041263 -0.00638123 -0.00010456 0.00036835 -0.00157171 -0.00017406 
-0.00138867 -0.00026123 -0.00009301 -0.00014901 -0.00432245 -0.00012730 0.00033961 -0.00120742 -0.00012923 
-0.00130497 -0.00000364 -0.00008204 0.00006493 -0.00349223 -0.00013504 0.00038036 -0.00101900 -0.00010743 
-0.00142693 0.00023867 -0.00005481 0.00028170 -0.00304416 -0.00013578 0.00045527 -0.00088709 -0.00010566 
-0.00166550 0.00036903 -0.00002887 0.00039495 -0.00274350 -0.00012826 0.00050348 -0.00076114 -0.00010838 
-0.00192054 0.00040953 0.00000886 0.00042483 -0.00250621 -0.00011705 0.00055400 -0.00063523 -0.00010486 
-0.00214282 0.00039739 0.00005178 0.00040748 -0.00230555 -0.00008947 0.00057710 -0.00049001 -0.00010298 
-0.00235040 0.00033675 0.00005514 0.00034987 -0.00209706 -0.00007416 0.00052679 -0.00035144 -0.00009844 
-0.00248285 0.00026383 0.00004014 0.00027992 -0.00189423 -0.00005364 0.00042143 -0.00024741 -0.00009260 
-0.00255125 0.00014483 0.00004093 0.00016721 -0.00174309 -0.00001081 0.00034133 -0.00016309 -0.00008880 
-0.00265895 -0.00002341 0.00002548 -0.00000278 -0.00172334 0.00000927 0.00023301 -0.00012066 -0.00009186 
-0.00262660 -0.00020904 0.00001110 -0.00019677 -0.00172500 0.00000756 0.00011055 -0.00011370 -0.00009246 
-0.00250850 -0.00035208 0.00000542 -0.00034723 -0.00185493 -0.00000315 0.00000719 -0.00014930 -0.00009114 
-0.00231406 -0.00042671 -0.00000678 -0.00043139 -0.00204109 0.00000215 -0.00008295 -0.00020063 -0.00009136 
-0.00208885 -0.00044724 -0.00002100 -0.00045899 -0.00220459 0.00000278 -0.00015143 -0.00026261 -0.00008852 
-0.00187386 -0.00038896 -0.00004914 -0.00040894 -0.00236738 0.00001036 -0.00019114 -0.00033684 -0.00008540 
-0.00176612 -0.00024641 -0.00007544 -0.00026966 -0.00252840 0.00001280 -0.00018504 -0.00041626 -0.00008462 
-0.00170568 -0.00004107 -0.00007742 -0.00007016 -0.00266450 0.00001631 -0.00013389 -0.00048108 -0.00008268 
-0.00164324 0.00017388 -0.00008320 0.00013602 -0.00262141 0.00001956 -0.00006033 -0.00051341 -0.00007652 
-0.00169312 0.00036837 -0.00009259 0.00032689 -0.00251083 0.00001851 0.00000138 -0.00052388 -0.00007444 
-0.00187127 0.00051004 -0.00009132 0.00046258 -0.00239024 0.00002463 0.00007236 -0.00050820 -0.00007478 
-0.00202233 0.00057612 -0.00010313 0.00052793 -0.00217025 0.00001470 0.00011119 -0.00047585 -0.00006781 
-0.00210475 0.00054793 -0.00010085 0.00050394 -0.00189411 0.00000392 0.00015189 -0.00040540 -0.00006021 
-0.00224785 0.00047504 -0.00008549 0.00044144 -0.00173706 -0.00000942 0.00017095 -0.00033500 -0.00005721 
-0.00243756 0.00038535 -0.00007947 0.00036367 -0.00164803 -0.00002533 0.00016074 -0.00027430 -0.00005447 
-0.00260692 0.00025257 -0.00006969 0.00024078 -0.00160012 -0.00004777 0.00012150 -0.00020986 -0.00005090 
-0.00270713 0.00009571 -0.00004238 0.00008551 -0.00160475 -0.00006553 0.00008363 -0.00014415 -0.00004840 
-0.00267874 -0.00004889 -0.00002008 -0.00005229 -0.00163568 -0.00007030 0.00002041 -0.00011065 -0.00004693 
-0.00263388 -0.00015916 -0.00001799 -0.00015521 -0.00172417 -0.00007295 -0.00005101 -0.00009928 -0.00004857 
-0.00250306 -0.00026836 0.00000665 -0.00026067 -0.00174040 -0.00007058 -0.00010533 -0.00012530 -0.00004686 
-0.00239958 -0.00036390 0.00002173 -0.00035077 -0.00180124 -0.00004359 -0.00014678 -0.00014946 -0.00004694 
-0.00231267 -0.00043991 0.00001484 -0.00042356 -0.00189143 -0.00001450 -0.00017769 -0.00017892 -0.00004391 
-0.00220540 -0.00048239 0.00001713 -0.00046730 -0.00197653 0.00000248 -0.00017381 -0.00022933 -0.00004606 
-0.00209772 -0.00049389 0.00001535 -0.00047934 -0.00209492 0.00000467 -0.00015890 -0.00028120 -0.00005365 
-0.00190876 -0.00046964 0.00001107 -0.00045586 -0.00214819 0.00001335 -0.00012956 -0.00031166 -0.00005893 
-0.00181302 -0.00041977 -0.00000028 -0.00040022 -0.00225071 0.00001564 -0.00011511 -0.00033517 -0.00006745 
-0.00167286 -0.00032710 -0.00000866 -0.00030796 -0.00238101 -0.00000208 -0.00006004 -0.00036309 -0.00006914 
-0.00156814 -0.00020615 -0.00002517 -0.00018984 -0.00249024 -0.00002178 -0.00001031 -0.00039263 -0.00006831 
-0.00157652 -0.00008460 -0.00003398 -0.00006950 -0.00258514 -0.00003784 0.00005074 -0.00040899 -0.00006644 
-0.00161716 0.00005157 -0.00001954 0.00006818 -0.00265281 -0.00004659 0.00009525 -0.00038364 -0.00006810 
-0.00161170 0.00021436 -0.00002526 0.00023005 -0.00263876 -0.00005150 0.00010209 -0.00033580 -0.00006371 
-0.00168583 0.00036799 -0.00002415 0.00038450 -0.00253966 -0.00004189 0.00008009 -0.00026600 -0.00007096 
-0.00183509 0.00047844 -0.00002197 0.00049407 -0.00236992 -0.00003318 0.00005631 -0.00019553 -0.00006878 
-0.00191338 0.00047592 -0.00001832 0.00050129 -0.00210294 -0.00002457 -0.00002311 -0.00013940 -0.00006859 
-0.00191802 0.00037757 -0.00001304 0.00041835 -0.00183196 -0.00001496 -0.00009304 -0.00011155 -0.00006418 
-0.00154218 0.00021457 -0.00002161 0.00027667 -0.00136459 -0.00001616 -0.00017918 -0.00010787 -0.00004871 
-0.00065295 -0.00003351 -0.00002787 0.00000167 -0.00052749 -0.00002827 -0.00015479 -0.00007991 -0.00002223 
