-0.00153558 0.00011676 -0.00003659 0.00002501 -0.00128124 0.00009869 -0.00027291 0.00013749 -0.00002926 
-0.00375728 -0.00027609 -0.00006213 -0.00040107 -0.00317899 0.00012783 -0.00033679 0.00026971 -0.00011943 
-0.00471928 -0.00062344 -0.00007673 -0.00070595 -0.00421752 0.00014147 -0.00027003 0.00023237 -0.00016741 
-0.00513103 -0.00085932 -0.00004087 -0.00092504 -0.00505337 0.00012983 -0.00019945 0.00020570 -0.00018851 
-0.00516072 -0.00093935 -0.00002208 -0.00098505 -0.00567387 0.00016644 -0.00006953 0.00023576 -0.00019455 
-0.00492854 -0.00091119 -0.00003041 -0.00095903 -0.00610683 0.00022033 -0.00004165 0.00033202 -0.00019348 
-0.00457297 -0.00069891 -0.00003996 -0.00074898 -0.00646070 0.00026230 0.00001159 0.00042506 -0.00018309 
-0.00426416 -0.00031643 -0.00005163 -0.00037147 -0.00655994 0.00027509 -0.00002107 0.00049657 -0.00017725 
-0.00409066 0.00005603 -0.00008155 0.00000633 -0.00641494 0.00025701 -0.00006469 0.00050661 -0.00016792 
-0.00410815 0.00037575 -0.00006006 0.00033330 -0.00634747 0.00024089 -0.00008879 0.00054191 -0.00016867 
-0.00420542 0.00068918 -0.00007434 0.00064908 -0.00630011 0.00024731 -0.00011684 0.00057297 -0.00016374 
-0.00445041 0.00099137 -0.00011282 0.00095167 -0.00614974 0.00020732 -0.00019673 0.00057580 -0.00015607 
-0.00484252 0.00114595 -0.00015195 0.00110499 -0.00591402 0.00013148 -0.00024937 0.00051987 -0.00014496 
-0.00521931 0.00114307 -0.00014650 0.00111846 -0.00564745 0.00009158 -0.00025234 0.00047229 -0.00013987 
-0.00541805 0.00111249 -0.00009017 0.00109601 -0.00523175 0.00010722 -0.00017583 0.00045895 -0.00012751 
-0.00559785 0.00101875 0.00000106 0.00101265 -0.00481262 0.00012466 -0.00010935 0.00044618 -0.00012607 
-0.00608716 0.00085156 0.00002826 0.00086397 -0.00470973 0.00014958 -0.00006323 0.00043212 -0.00014142 
-0.00639740 0.00069442 0.00001259 0.00070922 -0.00452456 0.00016076 -0.00002483 0.00041318 -0.00013530 
-0.00656279 0.00046716 0.00003666 0.00047871 -0.00440329 0.00020846 0.00005123 0.00042866 -0.00013949 
-0.00670451 0.00019997 0.00000455 0.00021505 -0.00435955 0.00022356 0.00009572 0.00041298 -0.00015252 
-0.00655687 -0.00006426 -0.00001642 -0.00004401 -0.00426720 0.00020319 0.00016766 0.00040988 -0.00016422 
-0.00632256 -0.00036323 -0.00007648 -0.00033225 -0.00422724 0.00022281 0.00020543 0.00047044 -0.00017193 
-0.00618402 -0.00068680 -0.00012715 -0.00064592 -0.00442429 0.00019676 0.00021305 0.00050673 -0.00018739 
-0.00602935 -0.00095285 -0.00015962 -0.00090130 -0.00473194 0.00013900 0.00024543 0.00050935 -0.00018801 
-0.00594524 -0.00114285 -0.00021062 -0.00107655 -0.00511259 0.00011484 0.00022249 0.00060219 -0.00018872 
-0.00571362 -0.00123703 -0.00023569 -0.00116282 -0.00557335 0.00010296 0.00018402 0.00065764 -0.00018804 
-0.00532939 -0.00123704 -0.00023708 -0.00115053 -0.00600646 0.00011251 0.00016289 0.00071117 -0.00018287 
-0.00512855 -0.00104991 -0.00024871 -0.00095976 -0.00658440 0.00010875 0.00008371 0.00074377 -0.00019039 
-0.00487540 -0.00073825 -0.00024360 -0.00064749 -0.00684682 0.00007417 0.00000197 0.00072000 -0.00018687 
-0.00464481 -0.00041825 -0.00019420 -0.00031760 -0.00688009 0.00004190 -0.00003628 0.00065328 -0.00018191 
-0.00445983 -0.00007222 -0.00017034 0.00003623 -0.00674512 0.00001310 -0.00010578 0.00056960 -0.00018153 
-0.00440924 0.00025933 -0.00015119 0.00037291 -0.00655393 0.00000464 -0.00012867 0.00050087 -0.00018159 
-0.00460395 0.00062507 -0.00011433 0.00073729 -0.00642877 0.00005364 -0.00011958 0.00046273 -0.00019019 
-0.00502447 0.00093876 -0.00011149 0.00103679 -0.00609740 0.00007144 -0.00009563 0.00039975 -0.00020392 
-0.00545494 0.00099247 -0.00010519 0.00107181 -0.00564217 0.00007322 -0.00001531 0.00033860 -0.00021123 
-0.00581495 0.00084571 -0.00010982 0.00089922 -0.00514934 0.00004780 0.00010961 0.00027478 -0.00020915 
-0.00620301 0.00057037 -0.00009925 0.00060337 -0.00491355 0.00009285 0.00025377 0.00032131 -0.00021194 
-0.00657075 0.00021727 -0.00010799 0.00023346 -0.00493759 0.00012403 0.00037477 0.00037709 -0.00021977 
-0.00658273 -0.00017117 -0.00009661 -0.00017575 -0.00481733 0.00012194 0.00055030 0.00044190 -0.00021763 
-0.00640397 -0.00060537 -0.00009737 -0.00064464 -0.00493095 0.00016066 0.00071555 0.00059262 -0.00022452 
-0.00600297 -0.00094173 -0.00009356 -0.00101682 -0.00542478 0.00019340 0.00085981 0.00076446 -0.00023752 
-0.00540832 -0.00114556 -0.00012946 -0.00125450 -0.00605651 0.00024584 0.00091337 0.00100077 -0.00024736 
-0.00493458 -0.00112591 -0.00020968 -0.00126941 -0.00696943 0.00031215 0.00086141 0.00127201 -0.00026513 
-0.00453516 -0.00084119 -0.00021573 -0.00103602 -0.00809945 0.00030624 0.00083311 0.00152248 -0.00029037 
-0.00431772 -0.00041612 -0.00023337 -0.00068173 -0.00937839 0.00026609 0.00081628 0.00181060 -0.00030576 
-0.00442311 0.00024536 -0.00024622 -0.00016722 -0.01166726 0.00017182 0.00091821 0.00244735 -0.00036564 
-0.00657362 0.00100891 0.00007773 0.00015032 -0.01824643 -0.00037003 0.00150028 0.00419144 -0.00040908 
-0.00979104 0.00168577 0.00071516 0.00033371 -0.02624510 -0.00218057 0.00195951 0.00451513 -0.00025509 
-0.01146131 0.00226675 0.00120911 0.00107849 -0.02996462 -0.00358866 0.00218569 0.00180879 -0.00057297 
-0.01196430 0.00253505 0.00143640 0.00188172 -0.02978877 -0.00397651 0.00216934 -0.00137300 -0.00104399 
-0.01139528 0.00246526 0.00148685 0.00242986 -0.02644996 -0.00372134 0.00219388 -0.00393964 -0.00138004 
-0.00947021 0.00234628 0.00130923 0.00264757 -0.02036427 -0.00313674 0.00195497 -0.00491482 -0.00132601 
-0.00687949 0.00225452 0.00098863 0.00245811 -0.01347592 -0.00227812 0.00113608 -0.00358345 -0.00088265 
-0.00568657 0.00194152 0.00081028 0.00205773 -0.00893524 -0.00157860 0.00058060 -0.00243849 -0.00053568 
-0.00541011 0.00160067 0.00068905 0.00170307 -0.00676562 -0.00118251 0.00019530 -0.00200345 -0.00039259 
-0.00548435 0.00120635 0.00064179 0.00128774 -0.00544148 -0.00090262 -0.00011008 -0.00178999 -0.00030443 
-0.00538351 0.00086684 0.00055732 0.00095357 -0.00476886 -0.00073857 -0.00039798 -0.00180880 -0.00028352 
-0.00539818 0.00061468 0.00049157 0.00072145 -0.00440112 -0.00066193 -0.00061033 -0.00182953 -0.00029161 
-0.00539314 0.00025307 0.00038740 0.00037770 -0.00413168 -0.00064595 -0.00082398 -0.00195292 -0.00032764 
-0.00517498 -0.00021115 0.00026671 -0.00007982 -0.00402214 -0.00062100 -0.00095967 -0.00208117 -0.00036447 
-0.00491354 -0.00060050 0.00019848 -0.00046799 -0.00437300 -0.00067667 -0.00106783 -0.00237012 -0.00041660 
-0.00472765 -0.00092967 0.00012792 -0.00081958 -0.00524242 -0.00077149 -0.00116586 -0.00271504 -0.00049126 
-0.00429794 -0.00114126 0.00013132 -0.00103904 -0.00607270 -0.00089213 -0.00115012 -0.00313887 -0.00057683 
-0.00409812 -0.00133149 0.00017068 -0.00123597 -0.00794266 -0.00107675 -0.00113070 -0.00383078 -0.00069757 
-0.00417706 -0.00128107 0.00019167 -0.00125323 -0.01072529 -0.00124244 -0.00106382 -0.00501002 -0.00087233 
-0.00600169 -0.00089080 0.00006815 -0.00111929 -0.01820192 -0.00206735 -0.00137175 -0.00817121 -0.00153776 
-0.01001281 0.00010301 -0.00050800 -0.00094148 -0.03005331 -0.00141685 -0.00184850 -0.01228994 -0.00147127 
-0.01380818 0.00106704 -0.00125810 -0.00055025 -0.04099599 0.00097530 -0.00250949 -0.01200922 -0.00086144 
-0.01527268 0.00154494 -0.00178931 0.00084335 -0.04439597 0.00184071 -0.00259257 -0.00561638 -0.00118632 
-0.01501586 0.00184789 -0.00191687 0.00240158 -0.04238285 0.00157960 -0.00292415 0.00036711 -0.00146840 
-0.01372443 0.00217177 -0.00185323 0.00337766 -0.03677941 0.00160807 -0.00337355 0.00444310 -0.00149696 
-0.01093763 0.00237930 -0.00149135 0.00347109 -0.02741574 0.00169184 -0.00305264 0.00550115 -0.00125729 
-0.00811088 0.00239698 -0.00110114 0.00277491 -0.01771092 0.00170703 -0.00157523 0.00357317 -0.00095299 
-0.00674312 0.00180945 -0.00083945 0.00194441 -0.01148941 0.00109043 -0.00049362 0.00236605 -0.00058778 
-0.00648848 0.00111622 -0.00073789 0.00115060 -0.00898758 0.00083240 0.00015351 0.00192893 -0.00043877 
-0.00663754 0.00047249 -0.00065657 0.00048596 -0.00775435 0.00072066 0.00065029 0.00197977 -0.00038933 
-0.00662817 -0.00005061 -0.00055214 -0.00005307 -0.00724316 0.00066172 0.00106176 0.00209915 -0.00037858 
-0.00621764 -0.00052456 -0.00043107 -0.00053385 -0.00702840 0.00064657 0.00130133 0.00241585 -0.00040511 
-0.00587156 -0.00082628 -0.00040581 -0.00083411 -0.00730564 0.00070824 0.00133569 0.00271934 -0.00046005 
-0.00528165 -0.00078964 -0.00036777 -0.00082130 -0.00770774 0.00077094 0.00121207 0.00301349 -0.00051851 
-0.00467431 -0.00051060 -0.00036322 -0.00055708 -0.00814663 0.00084589 0.00101964 0.00327378 -0.00057994 
-0.00434107 -0.00007436 -0.00039283 -0.00012518 -0.00877381 0.00092588 0.00077584 0.00355899 -0.00064655 
-0.00413194 0.00038717 -0.00043382 0.00033887 -0.00914686 0.00099176 0.00045833 0.00373395 -0.00068001 
-0.00426015 0.00086995 -0.00042079 0.00083556 -0.01003459 0.00103856 0.00018565 0.00400686 -0.00072991 
-0.00477561 0.00120738 -0.00034651 0.00118830 -0.01101438 0.00097110 -0.00003900 0.00435451 -0.00077623 
-0.00634191 0.00171537 -0.00013754 0.00166882 -0.01515978 0.00138423 -0.00019755 0.00579978 -0.00108926 
-0.01024259 0.00251687 0.00056009 0.00213055 -0.02390061 0.00158535 -0.00000160 0.00887963 -0.00144772 
-0.01439341 0.00305589 0.00148675 0.00251091 -0.03273880 0.00039205 0.00015189 0.00946246 -0.00123297 
-0.01633504 0.00302970 0.00208978 0.00318976 -0.03695497 -0.00073260 0.00063972 0.00518101 -0.00116834 
-0.01595038 0.00262060 0.00210864 0.00341994 -0.03610691 -0.00121230 0.00112547 0.00018383 -0.00115399 
-0.01468619 0.00194079 0.00192284 0.00294513 -0.03223116 -0.00162170 0.00152747 -0.00362872 -0.00113532 
-0.01181850 0.00128247 0.00156458 0.00200483 -0.02439673 -0.00201642 0.00101832 -0.00520412 -0.00114533 
-0.00869890 0.00068105 0.00113493 0.00096108 -0.01625664 -0.00184545 -0.00003943 -0.00409377 -0.00084068 
-0.00696405 0.00026825 0.00074847 0.00036326 -0.01105383 -0.00096092 -0.00081982 -0.00307258 -0.00037872 
-0.00631069 -0.00003285 0.00057295 0.00002650 -0.00863440 -0.00065414 -0.00105875 -0.00279259 -0.00027982 
-0.00606626 -0.00031806 0.00046381 -0.00028672 -0.00755327 -0.00054484 -0.00124608 -0.00266282 -0.00028590 
-0.00578690 -0.00054737 0.00033786 -0.00051370 -0.00692479 -0.00041868 -0.00131071 -0.00268702 -0.00030115 
-0.00540601 -0.00078779 0.00024192 -0.00075368 -0.00668730 -0.00042865 -0.00130342 -0.00276994 -0.00034366 
-0.00515775 -0.00092039 0.00017435 -0.00085808 -0.00698104 -0.00050667 -0.00127950 -0.00302756 -0.00038956 
-0.00498942 -0.00096124 0.00017622 -0.00089281 -0.00744613 -0.00060713 -0.00115824 -0.00320312 -0.00044145 
-0.00483480 -0.00090451 0.00015437 -0.00083176 -0.00811192 -0.00070005 -0.00100782 -0.00346418 -0.00049075 
-0.00450245 -0.00078181 0.00009127 -0.00071327 -0.00897289 -0.00073811 -0.00085687 -0.00378077 -0.00053635 
-0.00414354 -0.00042134 0.00011087 -0.00034789 -0.01012221 -0.00074779 -0.00062903 -0.00414932 -0.00055331 
-0.00425454 0.00005390 0.00014426 0.00015196 -0.01167539 -0.00074995 -0.00029060 -0.00453779 -0.00060147 
-0.00466373 0.00054377 0.00009274 0.00066497 -0.01315891 -0.00067575 -0.00000832 -0.00507037 -0.00065672 
-0.00568501 0.00099912 -0.00001687 0.00115020 -0.01639182 -0.00109336 0.00038396 -0.00592592 -0.00090904 
-0.00848350 0.00159489 -0.00046060 0.00157224 -0.02330400 -0.00151779 0.00042359 -0.00800240 -0.00132583 
-0.01191065 0.00222058 -0.00107097 0.00222766 -0.03121504 -0.00167097 0.00033689 -0.00828315 -0.00156511 
-0.01370856 0.00248271 -0.00147675 0.00325993 -0.03501886 -0.00182115 -0.00026357 -0.00436671 -0.00148821 
-0.01431724 0.00236983 -0.00148252 0.00369902 -0.03475368 -0.00135588 -0.00117299 0.00001990 -0.00116257 
-0.01397916 0.00178399 -0.00121982 0.00299930 -0.03105382 -0.00033550 -0.00176853 0.00312374 -0.00092789 
-0.01176180 0.00095308 -0.00100267 0.00147384 -0.02402140 0.00120471 -0.00102996 0.00436271 -0.00103487 
-0.00878726 0.00011434 -0.00073947 0.00009069 -0.01638509 0.00166047 0.00016940 0.00355451 -0.00093122 
-0.00679366 -0.00034507 -0.00041679 -0.00044780 -0.01185526 0.00091500 0.00101270 0.00293970 -0.00051182 
-0.00627269 -0.00063449 -0.00023473 -0.00075331 -0.01019090 0.00051835 0.00138182 0.00281531 -0.00041487 
-0.00592934 -0.00077687 -0.00014598 -0.00090418 -0.00959174 0.00046407 0.00159754 0.00300546 -0.00040934 
-0.00550183 -0.00082802 -0.00013814 -0.00093432 -0.00922817 0.00050407 0.00154233 0.00328166 -0.00043379 
-0.00498671 -0.00072175 -0.00015659 -0.00080093 -0.00912307 0.00053960 0.00137983 0.00343038 -0.00047348 
-0.00480848 -0.00043653 -0.00017341 -0.00048902 -0.00926580 0.00061972 0.00104486 0.00362978 -0.00051900 
-0.00455211 -0.00002057 -0.00021832 -0.00005415 -0.00924896 0.00067456 0.00070346 0.00372432 -0.00053221 
-0.00453309 0.00046439 -0.00021267 0.00043440 -0.00922359 0.00070549 0.00036657 0.00374040 -0.00052084 
-0.00484688 0.00088066 -0.00018293 0.00086163 -0.00929381 0.00066920 0.00013719 0.00378040 -0.00051581 
-0.00498540 0.00107185 -0.00015328 0.00107506 -0.00918151 0.00061227 -0.00017692 0.00368733 -0.00048640 
-0.00536102 0.00122109 -0.00006283 0.00128155 -0.00972688 0.00060861 -0.00039068 0.00375329 -0.00050261 
-0.00580535 0.00135437 0.00006473 0.00143699 -0.01058632 0.00055069 -0.00064369 0.00407863 -0.00051863 
-0.00697766 0.00147906 0.00030217 0.00163441 -0.01334316 0.00098402 -0.00077919 0.00472463 -0.00074525 
-0.00933556 0.00161722 0.00072794 0.00161328 -0.01888906 0.00161180 -0.00074189 0.00608662 -0.00118445 
-0.01255513 0.00174159 0.00118379 0.00192552 -0.02614806 0.00225431 -0.00074224 0.00638005 -0.00153496 
-0.01457324 0.00151084 0.00130748 0.00215189 -0.03135058 0.00178410 -0.00010959 0.00345330 -0.00125067 
-0.01525616 0.00100228 0.00129213 0.00167964 -0.03290467 0.00018079 0.00076301 -0.00008415 -0.00088628 
-0.01464038 0.00031241 0.00121178 0.00061214 -0.03047824 -0.00139437 0.00089548 -0.00315238 -0.00106656 
-0.01212904 -0.00017545 0.00111423 -0.00024137 -0.02385769 -0.00255276 0.00010724 -0.00498726 -0.00141445 
-0.00874824 -0.00039429 0.00086423 -0.00053164 -0.01632465 -0.00204003 -0.00060649 -0.00443841 -0.00109445 
-0.00679755 -0.00063068 0.00054784 -0.00075361 -0.01122709 -0.00086079 -0.00103235 -0.00353869 -0.00053403 
-0.00607164 -0.00084235 0.00041612 -0.00091069 -0.00915039 -0.00048521 -0.00121734 -0.00338437 -0.00039630 
-0.00548702 -0.00105083 0.00030063 -0.00112054 -0.00825388 -0.00041326 -0.00121334 -0.00328862 -0.00039241 
-0.00517052 -0.00116725 0.00018524 -0.00119861 -0.00812714 -0.00040412 -0.00114164 -0.00344433 -0.00039262 
-0.00509841 -0.00115689 0.00014229 -0.00116612 -0.00843580 -0.00046523 -0.00098708 -0.00360909 -0.00043829 
-0.00500183 -0.00113181 0.00008976 -0.00111198 -0.00879420 -0.00050076 -0.00081148 -0.00380188 -0.00045405 
-0.00477902 -0.00099064 -0.00002540 -0.00095664 -0.00922107 -0.00052274 -0.00064049 -0.00396512 -0.00048204 
-0.00442836 -0.00068257 -0.00004518 -0.00061725 -0.00968894 -0.00051461 -0.00033891 -0.00417370 -0.00047629 
-0.00450765 -0.00021024 -0.00002913 -0.00011080 -0.01032418 -0.00049802 0.00007404 -0.00423520 -0.00050467 
-0.00486037 0.00023493 -0.00002777 0.00034404 -0.01097089 -0.00045473 0.00048258 -0.00436724 -0.00050911 
-0.00524198 0.00048301 -0.00001967 0.00064974 -0.01179410 -0.00044502 0.00093510 -0.00444486 -0.00052378 
-0.00569413 0.00071608 -0.00009991 0.00090836 -0.01283601 -0.00039522 0.00118719 -0.00447610 -0.00055595 
-0.00667815 0.00096507 -0.00028948 0.00128228 -0.01563032 -0.00089536 0.00134137 -0.00471468 -0.00078245 
-0.00869429 0.00127631 -0.00063255 0.00159061 -0.02053484 -0.00201234 0.00126732 -0.00554080 -0.00138571 
-0.01165499 0.00155421 -0.00087695 0.00212432 -0.02634642 -0.00339036 0.00087938 -0.00538163 -0.00190225 
-0.01391839 0.00138251 -0.00084979 0.00212781 -0.03025768 -0.00289441 -0.00000312 -0.00273566 -0.00153915 
-0.01498583 0.00063561 -0.00093008 0.00096977 -0.03158347 -0.00074000 -0.00085220 -0.00007937 -0.00122616 
-0.01423315 -0.00031272 -0.00094462 -0.00061333 -0.02968213 0.00189645 -0.00042672 0.00254055 -0.00127516 
-0.01199154 -0.00089431 -0.00095927 -0.00120429 -0.02491257 0.00288463 0.00052141 0.00477932 -0.00161429 
-0.00882723 -0.00104393 -0.00068695 -0.00125887 -0.01866919 0.00204360 0.00115066 0.00481717 -0.00122853 
-0.00660078 -0.00106633 -0.00045718 -0.00124214 -0.01395693 0.00106035 0.00143303 0.00430303 -0.00070969 
-0.00531162 -0.00099698 -0.00029430 -0.00115364 -0.01137027 0.00052312 0.00136565 0.00407916 -0.00048642 
-0.00478972 -0.00074646 -0.00024115 -0.00088800 -0.01051913 0.00056504 0.00107704 0.00403538 -0.00048197 
-0.00447721 -0.00046929 -0.00014256 -0.00058558 -0.00982571 0.00052777 0.00080787 0.00407352 -0.00048689 
-0.00432102 -0.00008451 -0.00013485 -0.00019335 -0.00948649 0.00055486 0.00045474 0.00411818 -0.00050627 
-0.00440914 0.00030180 -0.00010868 0.00021824 -0.00911248 0.00060681 0.00008599 0.00400949 -0.00052070 
-0.00445722 0.00056093 -0.00006503 0.00049162 -0.00865706 0.00061255 -0.00017665 0.00384959 -0.00053085 
-0.00450339 0.00077668 -0.00000560 0.00073937 -0.00831023 0.00057519 -0.00044979 0.00374194 -0.00049430 
-0.00494989 0.00088529 0.00005111 0.00089842 -0.00828387 0.00053148 -0.00068662 0.00373757 -0.00048989 
-0.00538150 0.00090518 0.00013916 0.00093437 -0.00846167 0.00050361 -0.00090228 0.00374293 -0.00046540 
-0.00588250 0.00080464 0.00023241 0.00089962 -0.00916610 0.00051635 -0.00103801 0.00370864 -0.00047446 
-0.00640280 0.00068857 0.00033678 0.00077271 -0.01041812 0.00051711 -0.00113437 0.00388273 -0.00048216 
-0.00739729 0.00045414 0.00049212 0.00059529 -0.01306650 0.00094194 -0.00100185 0.00427189 -0.00067554 
-0.00893650 0.00037130 0.00074473 0.00049091 -0.01747125 0.00191048 -0.00079685 0.00504200 -0.00121277 
-0.01192565 0.00022138 0.00099535 0.00041722 -0.02436778 0.00265550 -0.00025202 0.00529795 -0.00161694 
-0.01493149 -0.00026371 0.00121489 -0.00020517 -0.03114217 0.00220370 0.00055252 0.00331043 -0.00123765 
-0.01562889 -0.00081824 0.00133219 -0.00108374 -0.03285317 0.00056483 0.00081338 0.00006877 -0.00098361 
-0.01429275 -0.00142027 0.00118152 -0.00189502 -0.03069935 -0.00106879 0.00009406 -0.00333731 -0.00120809 
-0.01196855 -0.00164410 0.00107552 -0.00195837 -0.02536007 -0.00242149 -0.00066463 -0.00604772 -0.00154211 
-0.00909730 -0.00147525 0.00081275 -0.00154390 -0.01839824 -0.00187235 -0.00088613 -0.00572705 -0.00127500 
-0.00685336 -0.00133626 0.00045756 -0.00145106 -0.01310283 -0.00100504 -0.00094510 -0.00435451 -0.00076687 
-0.00584128 -0.00130869 0.00025821 -0.00139039 -0.01072472 -0.00051235 -0.00089449 -0.00395970 -0.00054727 
-0.00559283 -0.00129480 0.00014808 -0.00136878 -0.01005742 -0.00057271 -0.00072687 -0.00389494 -0.00053390 
-0.00514519 -0.00132799 0.00002192 -0.00134746 -0.00934738 -0.00059490 -0.00054518 -0.00383160 -0.00052347 
-0.00465732 -0.00124191 -0.00005833 -0.00123050 -0.00907892 -0.00061578 -0.00031978 -0.00382014 -0.00052027 
-0.00430608 -0.00100443 -0.00008906 -0.00096487 -0.00921957 -0.00064574 -0.00002083 -0.00388349 -0.00050915 
-0.00411786 -0.00060922 -0.00010211 -0.00053707 -0.00935003 -0.00063183 0.00023200 -0.00384835 -0.00052025 
-0.00412051 -0.00016242 -0.00010846 -0.00008161 -0.00944507 -0.00064401 0.00055888 -0.00383431 -0.00051264 
-0.00427046 0.00022010 -0.00007836 0.00033328 -0.00936240 -0.00059591 0.00091302 -0.00373415 -0.00050427 
-0.00464612 0.00049830 -0.00003434 0.00062111 -0.00948712 -0.00051178 0.00121241 -0.00356856 -0.00048414 
-0.00497097 0.00060762 -0.00007936 0.00078684 -0.00997788 -0.00052310 0.00135932 -0.00340440 -0.00046684 
-0.00540251 0.00065139 -0.00016701 0.00083126 -0.01069205 -0.00054338 0.00138888 -0.00326385 -0.00047614 
-0.00637019 0.00058906 -0.00028038 0.00084333 -0.01275400 -0.00092491 0.00121838 -0.00338911 -0.00062472 
-0.00854756 0.00032699 -0.00062606 0.00062435 -0.01739393 -0.00225826 0.00072266 -0.00393230 -0.00124620 
-0.01152457 -0.00018241 -0.00080671 0.00006457 -0.02343610 -0.00311606 -0.00022330 -0.00427894 -0.00173615 
-0.01392496 -0.00102780 -0.00087957 -0.00135069 -0.02924617 -0.00159131 -0.00097966 -0.00287786 -0.00132018 
-0.01534465 -0.00189432 -0.00108657 -0.00281210 -0.03342387 0.00050505 -0.00073536 -0.00043376 -0.00115403 
-0.01477173 -0.00233346 -0.00111933 -0.00321256 -0.03359288 0.00158988 0.00032583 0.00320492 -0.00138200 
-0.01254069 -0.00241289 -0.00099054 -0.00263343 -0.02952666 0.00218909 0.00104572 0.00681664 -0.00161573 
-0.00920076 -0.00193874 -0.00058006 -0.00192575 -0.02256756 0.00166100 0.00116632 0.00706073 -0.00130681 
-0.00661323 -0.00134112 -0.00013434 -0.00148984 -0.01642897 0.00103250 0.00108349 0.00554439 -0.00087990 
-0.00550722 -0.00083920 0.00005243 -0.00097920 -0.01296707 0.00052077 0.00071604 0.00487629 -0.00062086 
-0.00472460 -0.00045064 0.00008867 -0.00056189 -0.01128976 0.00060359 0.00039471 0.00454368 -0.00057021 
-0.00419775 0.00002429 0.00006505 -0.00005277 -0.00973656 0.00061674 -0.00002497 0.00424621 -0.00053035 
-0.00422860 0.00050558 0.00003464 0.00045238 -0.00865684 0.00063082 -0.00038439 0.00391850 -0.00052277 
-0.00432376 0.00082633 0.00006134 0.00079315 -0.00768032 0.00058222 -0.00062905 0.00364990 -0.00046559 
-0.00438459 0.00095542 0.00006235 0.00094820 -0.00686596 0.00052134 -0.00085316 0.00338086 -0.00041652 
-0.00467736 0.00106966 0.00007510 0.00106614 -0.00651778 0.00048827 -0.00105488 0.00327027 -0.00037329 
-0.00517205 0.00104245 0.00009740 0.00106321 -0.00644250 0.00043494 -0.00119959 0.00307648 -0.00032407 
-0.00575384 0.00082337 0.00020642 0.00082395 -0.00673157 0.00038620 -0.00125874 0.00308112 -0.00028398 
-0.00606137 0.00053408 0.00031470 0.00054850 -0.00736511 0.00043817 -0.00119532 0.00301678 -0.00026842 
-0.00617008 0.00026661 0.00045019 0.00023373 -0.00818555 0.00057515 -0.00103987 0.00320210 -0.00028908 
-0.00642629 -0.00009015 0.00057188 -0.00011420 -0.01009393 0.00089694 -0.00082135 0.00346548 -0.00037827 
-0.00836552 -0.00060662 0.00091619 -0.00071994 -0.01499465 0.00166036 -0.00028375 0.00418091 -0.00075615 
-0.01174301 -0.00119450 0.00138001 -0.00166410 -0.02299193 0.00203123 0.00056833 0.00505758 -0.00110289 
-0.01447731 -0.00198952 0.00163144 -0.00269542 -0.03031565 0.00158341 0.00119788 0.00344446 -0.00111135 
-0.01550619 -0.00284916 0.00186879 -0.00360779 -0.03382406 0.00074236 0.00096367 0.00002983 -0.00110715 
-0.01531662 -0.00341020 0.00183060 -0.00382862 -0.03438883 0.00006322 0.00024527 -0.00437563 -0.00122882 
-0.01330700 -0.00353999 0.00142715 -0.00325005 -0.03067400 -0.00074278 -0.00053309 -0.00851488 -0.00126371 
-0.00989290 -0.00304308 0.00067363 -0.00270685 -0.02293484 -0.00134132 -0.00081242 -0.00827900 -0.00133332 
-0.00679874 -0.00223327 0.00004680 -0.00217149 -0.01570179 -0.00116032 -0.00081347 -0.00584229 -0.00100328 
-0.00536808 -0.00164856 -0.00023129 -0.00162679 -0.01182896 -0.00072662 -0.00052796 -0.00458429 -0.00068824 
-0.00491869 -0.00141409 -0.00040474 -0.00137553 -0.01089466 -0.00078886 -0.00027030 -0.00418393 -0.00064311 
-0.00452494 -0.00094405 -0.00042839 -0.00090316 -0.01010347 -0.00082886 0.00008920 -0.00386717 -0.00061084 
-0.00420215 -0.00041019 -0.00034552 -0.00033970 -0.00953648 -0.00082315 0.00038739 -0.00365378 -0.00058211 
-0.00437552 0.00012134 -0.00032059 0.00017507 -0.00903644 -0.00081013 0.00068161 -0.00354962 -0.00056264 
-0.00449717 0.00048873 -0.00028880 0.00054933 -0.00826869 -0.00077321 0.00088238 -0.00329821 -0.00051206 
-0.00469192 0.00074421 -0.00025071 0.00081795 -0.00768962 -0.00067369 0.00110173 -0.00313956 -0.00044095 
-0.00500151 0.00081249 -0.00023017 0.00090735 -0.00718714 -0.00055491 0.00126216 -0.00285995 -0.00038011 
-0.00548519 0.00076315 -0.00028575 0.00084347 -0.00693697 -0.00045579 0.00125286 -0.00259313 -0.00033689 
-0.00586643 0.00042713 -0.00040822 0.00052106 -0.00695487 -0.00044958 0.00103609 -0.00228145 -0.00030592 
-0.00615012 -0.00016446 -0.00057226 -0.00008893 -0.00766528 -0.00058667 0.00066884 -0.00218329 -0.00034332 
-0.00639227 -0.00088201 -0.00071546 -0.00083838 -0.00955776 -0.00086531 0.00021159 -0.00227251 -0.00043182 
-0.00750297 -0.00166228 -0.00098197 -0.00176363 -0.01445681 -0.00137454 -0.00069463 -0.00296183 -0.00073211 
-0.01063344 -0.00226135 -0.00132656 -0.00289367 -0.02310769 -0.00143043 -0.00215465 -0.00454684 -0.00105207 
-0.01327120 -0.00289087 -0.00163104 -0.00392486 -0.03209466 -0.00103073 -0.00271463 -0.00367540 -0.00116430 
-0.01440398 -0.00337397 -0.00180071 -0.00418783 -0.03764620 -0.00051123 -0.00230522 -0.00028948 -0.00126108 
-0.01446708 -0.00344062 -0.00166580 -0.00330670 -0.04021337 -0.00068840 -0.00174686 0.00512297 -0.00120176 
-0.01330554 -0.00298814 -0.00120939 -0.00200023 -0.03840226 0.00001260 -0.00119666 0.01094676 -0.00108100 
-0.00967224 -0.00195782 -0.00044253 -0.00124306 -0.02928085 0.00153443 -0.00054307 0.01167980 -0.00145737 
-0.00564349 -0.00066184 0.00015524 -0.00054807 -0.01813956 0.00189612 -0.00034367 0.00817020 -0.00146515 
-0.00382586 0.00034952 0.00032183 0.00022284 -0.01100975 0.00113736 -0.00036544 0.00519864 -0.00084108 
-0.00368203 0.00066213 0.00029517 0.00052832 -0.00875070 0.00105548 -0.00065653 0.00442329 -0.00073860 
-0.00389519 0.00084947 0.00029413 0.00069342 -0.00664499 0.00088259 -0.00072059 0.00357018 -0.00060522 
-0.00423816 0.00086348 0.00025250 0.00069646 -0.00552454 0.00073573 -0.00085620 0.00311436 -0.00052686 
-0.00473974 0.00074627 0.00023468 0.00059645 -0.00489301 0.00063235 -0.00097585 0.00280795 -0.00046525 
-0.00538577 0.00056860 0.00024917 0.00041479 -0.00463942 0.00054628 -0.00103676 0.00253405 -0.00040543 
-0.00581843 0.00030398 0.00033817 0.00013650 -0.00449966 0.00049303 -0.00101354 0.00232027 -0.00034408 
-0.00610654 -0.00003386 0.00045998 -0.00020642 -0.00465743 0.00051210 -0.00089980 0.00214826 -0.00030147 
-0.00599544 -0.00037538 0.00054317 -0.00054684 -0.00474152 0.00052801 -0.00072474 0.00201510 -0.00026063 
-0.00584383 -0.00076246 0.00061811 -0.00091727 -0.00513539 0.00057869 -0.00048877 0.00191920 -0.00025257 
-0.00591691 -0.00117893 0.00075825 -0.00134024 -0.00608890 0.00076847 -0.00017591 0.00195873 -0.00030709 
-0.00586110 -0.00167164 0.00086577 -0.00186030 -0.00749443 0.00107279 0.00016254 0.00216794 -0.00040621 
-0.00683210 -0.00226719 0.00119977 -0.00251171 -0.01135663 0.00164132 0.00086166 0.00285674 -0.00069434 
-0.00920066 -0.00265405 0.00155750 -0.00302716 -0.01804220 0.00241282 0.00178437 0.00403795 -0.00110840 
-0.01139799 -0.00289158 0.00185968 -0.00305512 -0.02437059 0.00291689 0.00219875 0.00336846 -0.00123701 
-0.01199115 -0.00317399 0.00187236 -0.00279576 -0.02802613 0.00315772 0.00209156 0.00107205 -0.00097052 
-0.01152142 -0.00322749 0.00160850 -0.00230171 -0.02886702 0.00299391 0.00188478 -0.00208290 -0.00055712 
-0.00987740 -0.00283850 0.00108936 -0.00169146 -0.02587221 0.00191146 0.00145686 -0.00490347 -0.00027495 
-0.00650908 -0.00209207 0.00023686 -0.00137307 -0.01811625 0.00043827 0.00070858 -0.00440227 -0.00041448 
-0.00427931 -0.00115661 -0.00020185 -0.00084255 -0.01166083 0.00007683 0.00043186 -0.00238990 -0.00033293 
-0.00385528 -0.00039163 -0.00025126 -0.00016664 -0.00987795 -0.00003555 0.00054468 -0.00196648 -0.00028155 
-0.00395063 0.00026578 -0.00025565 0.00044583 -0.00886690 -0.00013180 0.00068288 -0.00176219 -0.00026934 
-0.00435731 0.00074924 -0.00022392 0.00088693 -0.00798907 -0.00018191 0.00080104 -0.00154097 -0.00027740 
-0.00499085 0.00094144 -0.00016068 0.00105567 -0.00732544 -0.00020438 0.00095658 -0.00135706 -0.00027308 
-0.00555078 0.00097623 -0.00006107 0.00106881 -0.00667175 -0.00017466 0.00105255 -0.00111451 -0.00027026 
-0.00598780 0.00087909 -0.00002087 0.00096301 -0.00600242 -0.00014451 0.00106007 -0.00081524 -0.00025504 
-0.00633078 0.00072638 -0.00005767 0.00080187 -0.00545729 -0.00015217 0.00092143 -0.00061615 -0.00024642 
-0.00672448 0.00046142 -0.00008549 0.00052815 -0.00511229 -0.00011584 0.00079907 -0.00046852 -0.00024733 
-0.00695873 0.00005029 -0.00009707 0.00010177 -0.00500865 -0.00009525 0.00065378 -0.00034569 -0.00025618 
-0.00687886 -0.00038753 -0.00009655 -0.00036074 -0.00499036 -0.00010734 0.00049117 -0.00028284 -0.00025792 
-0.00663779 -0.00072758 -0.00009842 -0.00072032 -0.00527793 -0.00011297 0.00031483 -0.00026256 -0.00025723 
-0.00619445 -0.00090015 -0.00012091 -0.00091772 -0.00566297 -0.00008517 0.00014086 -0.00026971 -0.00025838 
-0.00566157 -0.00094193 -0.00014478 -0.00098171 -0.00602092 -0.00007225 -0.00000022 -0.00031436 -0.00025049 
-0.00512290 -0.00083566 -0.00017538 -0.00089279 -0.00635145 -0.00005720 -0.00011669 -0.00038505 -0.00024519 
-0.00485020 -0.00056478 -0.00022026 -0.00062905 -0.00673942 -0.00004119 -0.00016272 -0.00049132 -0.00024022 
-0.00471984 -0.00010991 -0.00023546 -0.00018987 -0.00708277 -0.00002972 -0.00015247 -0.00060267 -0.00024290 
-0.00455445 0.00038077 -0.00026095 0.00028138 -0.00701973 -0.00000469 -0.00009487 -0.00067059 -0.00023087 
-0.00458605 0.00083795 -0.00026405 0.00073048 -0.00671796 0.00000696 -0.00003825 -0.00070964 -0.00022561 
-0.00488101 0.00117517 -0.00025276 0.00105563 -0.00634868 0.00002811 0.00004158 -0.00072011 -0.00022305 
-0.00523510 0.00132669 -0.00029601 0.00120691 -0.00581929 0.00000743 0.00007104 -0.00071790 -0.00021211 
-0.00544337 0.00126413 -0.00029805 0.00115917 -0.00512054 -0.00001199 0.00014520 -0.00064634 -0.00019748 
-0.00578513 0.00112006 -0.00027459 0.00103532 -0.00467159 -0.00005265 0.00020324 -0.00058935 -0.00018420 
-0.00621968 0.00091088 -0.00026893 0.00085162 -0.00445881 -0.00010370 0.00020407 -0.00054696 -0.00018188 
-0.00661883 0.00061993 -0.00022953 0.00058457 -0.00432980 -0.00014913 0.00019272 -0.00049502 -0.00017672 
-0.00688788 0.00027455 -0.00015999 0.00024541 -0.00429931 -0.00018023 0.00019709 -0.00041564 -0.00017055 
-0.00691147 -0.00004888 -0.00011460 -0.00006025 -0.00440208 -0.00018506 0.00013657 -0.00036111 -0.00016886 
-0.00679285 -0.00029365 -0.00011354 -0.00028480 -0.00447938 -0.00019946 0.00004885 -0.00033617 -0.00016929 
-0.00656321 -0.00056251 -0.00006138 -0.00054499 -0.00453110 -0.00020372 -0.00002410 -0.00035877 -0.00017531 
-0.00632015 -0.00081476 -0.00001885 -0.00078951 -0.00472073 -0.00015871 -0.00007596 -0.00035691 -0.00017495 
-0.00611144 -0.00099802 -0.00003368 -0.00096450 -0.00498997 -0.00010278 -0.00014092 -0.00035641 -0.00017016 
-0.00585978 -0.00111012 -0.00001383 -0.00107585 -0.00520188 -0.00008009 -0.00016998 -0.00040847 -0.00016898 
-0.00554200 -0.00115077 -0.00002218 -0.00111843 -0.00543456 -0.00006500 -0.00018723 -0.00045613 -0.00018058 
-0.00513566 -0.00111872 -0.00001990 -0.00108327 -0.00560435 -0.00005987 -0.00016052 -0.00049986 -0.00018926 
-0.00482570 -0.00102963 -0.00003483 -0.00098209 -0.00584575 -0.00007505 -0.00013784 -0.00053533 -0.00019861 
-0.00448725 -0.00084210 -0.00005758 -0.00080013 -0.00614504 -0.00011739 -0.00008382 -0.00058252 -0.00019461 
-0.00417804 -0.00057174 -0.00007057 -0.00053199 -0.00632538 -0.00016631 -0.00002478 -0.00063058 -0.00018870 
-0.00419890 -0.00032037 -0.00009170 -0.00027555 -0.00656258 -0.00022067 0.00001772 -0.00066837 -0.00018978 
-0.00435031 -0.00004094 -0.00006414 0.00001208 -0.00681040 -0.00026049 0.00006066 -0.00066365 -0.00019772 
-0.00425051 0.00031128 -0.00005240 0.00036184 -0.00671874 -0.00024987 0.00009689 -0.00058996 -0.00018606 
-0.00422370 0.00065926 -0.00002814 0.00072201 -0.00639551 -0.00021953 0.00007070 -0.00049628 -0.00018678 
-0.00442512 0.00089131 -0.00003438 0.00095902 -0.00595797 -0.00020215 0.00000958 -0.00044503 -0.00018011 
-0.00450036 0.00085858 -0.00003820 0.00094798 -0.00525525 -0.00016241 -0.00008673 -0.00038712 -0.00017083 
-0.00428340 0.00064716 -0.00001909 0.00075641 -0.00440777 -0.00011109 -0.00013892 -0.00034083 -0.00013832 
-0.00333197 0.00034464 -0.00002969 0.00048818 -0.00315886 -0.00008673 -0.00024108 -0.00027281 -0.00008814 
-0.00145455 -0.00007967 -0.00003903 0.00000842 -0.00126000 -0.00007875 -0.00025512 -0.00012378 -0.00002610 
