-0.00054946 0.00005707 -0.00002785 0.00002176 -0.00041654 0.00002862 -0.00025539 0.00005354 -0.00001946 
-0.00139665 -0.00009540 -0.00003683 -0.00014119 -0.00104341 0.00002675 -0.00036474 0.00003347 -0.00004768 
-0.00171125 -0.00022034 -0.00003587 -0.00024625 -0.00135440 0.00001879 -0.00030776 -0.00002182 -0.00005840 
-0.00180959 -0.00031993 -0.00001858 -0.00033729 -0.00158979 0.00000401 -0.00022832 -0.00003741 -0.00006087 
-0.00170895 -0.00035572 -0.00000958 -0.00036747 -0.00168871 0.00000936 -0.00012045 -0.00001087 -0.00005574 
-0.00158971 -0.00035288 -0.00000803 -0.00036442 -0.00182227 0.00002536 -0.00005178 0.00004613 -0.00004969 
-0.00143787 -0.00029042 -0.00000671 -0.00030218 -0.00195510 0.00003736 0.00000962 0.00011042 -0.00004709 
-0.00128702 -0.00016882 -0.00000849 -0.00018470 -0.00200091 0.00003818 0.00001380 0.00017996 -0.00004174 
-0.00120773 -0.00003858 -0.00001192 -0.00005216 -0.00195160 0.00003076 0.00000335 0.00022682 -0.00004255 
-0.00121676 0.00007241 -0.00000572 0.00006478 -0.00200193 0.00003122 -0.00001805 0.00027700 -0.00004593 
-0.00123137 0.00019453 -0.00000604 0.00018530 -0.00200662 0.00003167 -0.00003736 0.00031596 -0.00004466 
-0.00129235 0.00030839 -0.00001778 0.00029829 -0.00192154 0.00002084 -0.00008803 0.00034235 -0.00003623 
-0.00142915 0.00037076 -0.00003736 0.00035913 -0.00181900 -0.00000415 -0.00014616 0.00033776 -0.00002813 
-0.00157879 0.00038054 -0.00003164 0.00037486 -0.00175051 -0.00001354 -0.00016756 0.00032465 -0.00002055 
-0.00164351 0.00037650 -0.00000883 0.00036918 -0.00163068 -0.00000631 -0.00017109 0.00029742 -0.00001577 
-0.00170113 0.00034697 0.00002173 0.00034140 -0.00149403 0.00000449 -0.00018092 0.00025312 -0.00001507 
-0.00181882 0.00029846 0.00003332 0.00030131 -0.00143217 0.00001714 -0.00017996 0.00020957 -0.00001944 
-0.00192880 0.00025127 0.00002767 0.00025552 -0.00134460 0.00002137 -0.00016530 0.00016102 -0.00001574 
-0.00199576 0.00017412 0.00003723 0.00017711 -0.00132973 0.00004604 -0.00010986 0.00013478 -0.00001850 
-0.00206119 0.00007920 0.00002822 0.00008435 -0.00132539 0.00005536 -0.00006330 0.00010809 -0.00002805 
-0.00203181 -0.00001440 0.00001783 -0.00000741 -0.00130735 0.00005117 -0.00000500 0.00009951 -0.00003533 
-0.00193879 -0.00011270 -0.00000088 -0.00010159 -0.00128389 0.00006258 0.00004779 0.00012185 -0.00003973 
-0.00190054 -0.00022507 -0.00001777 -0.00021113 -0.00134099 0.00005704 0.00009722 0.00015318 -0.00004566 
-0.00184829 -0.00031642 -0.00002942 -0.00029995 -0.00143270 0.00003697 0.00014079 0.00017994 -0.00004666 
-0.00179646 -0.00036837 -0.00004487 -0.00034894 -0.00155862 0.00002887 0.00015677 0.00024927 -0.00004767 
-0.00172435 -0.00038235 -0.00005583 -0.00036227 -0.00171970 0.00002197 0.00015123 0.00031109 -0.00004923 
-0.00156607 -0.00036754 -0.00005735 -0.00034450 -0.00182938 0.00003004 0.00013433 0.00037453 -0.00004750 
-0.00149841 -0.00029735 -0.00005853 -0.00027410 -0.00202460 0.00002599 0.00008856 0.00042071 -0.00005042 
-0.00143115 -0.00018179 -0.00005603 -0.00015969 -0.00210286 0.00001087 0.00002434 0.00043666 -0.00005242 
-0.00134382 -0.00006779 -0.00004484 -0.00004197 -0.00208731 -0.00000538 -0.00003186 0.00041961 -0.00005156 
-0.00127763 0.00005124 -0.00003264 0.00008256 -0.00201361 -0.00001394 -0.00008408 0.00038760 -0.00005232 
-0.00127910 0.00017476 -0.00002349 0.00020862 -0.00191750 -0.00001721 -0.00012472 0.00034868 -0.00005352 
-0.00136277 0.00030106 -0.00001434 0.00033628 -0.00185101 -0.00000702 -0.00015154 0.00030258 -0.00005361 
-0.00153873 0.00039749 -0.00001337 0.00042755 -0.00173981 -0.00000536 -0.00015315 0.00024631 -0.00005702 
-0.00169750 0.00038766 -0.00000438 0.00041003 -0.00158481 -0.00000687 -0.00011518 0.00019032 -0.00005912 
-0.00179641 0.00030926 0.00000307 0.00032474 -0.00138591 -0.00001455 -0.00004391 0.00013422 -0.00005724 
-0.00191729 0.00019701 0.00001340 0.00021062 -0.00130418 -0.00000103 0.00003834 0.00012724 -0.00006005 
-0.00202221 0.00005522 0.00001434 0.00006684 -0.00131689 0.00001766 0.00012253 0.00013819 -0.00006603 
-0.00200691 -0.00008764 0.00002072 -0.00007869 -0.00126420 0.00002679 0.00022661 0.00016184 -0.00006792 
-0.00193990 -0.00023114 0.00002009 -0.00022493 -0.00128332 0.00004310 0.00032113 0.00022366 -0.00006887 
-0.00182017 -0.00033470 0.00002103 -0.00033373 -0.00141841 0.00005444 0.00039366 0.00028711 -0.00007382 
-0.00162772 -0.00038143 0.00001430 -0.00038730 -0.00159625 0.00007513 0.00043150 0.00038514 -0.00007665 
-0.00146461 -0.00036372 -0.00001082 -0.00037341 -0.00182546 0.00010180 0.00043783 0.00048632 -0.00007965 
-0.00132325 -0.00029277 -0.00002536 -0.00031230 -0.00210256 0.00012163 0.00042121 0.00059400 -0.00008484 
-0.00118825 -0.00018927 -0.00004561 -0.00022941 -0.00249651 0.00013816 0.00044035 0.00071696 -0.00009740 
-0.00113391 -0.00003949 -0.00008049 -0.00011499 -0.00300546 0.00014164 0.00039952 0.00085053 -0.00010055 
-0.00139599 0.00018865 -0.00005532 0.00003120 -0.00443124 0.00010731 0.00048096 0.00113794 -0.00012943 
-0.00218011 0.00039391 0.00005018 0.00014972 -0.00725138 -0.00000741 0.00061949 0.00132413 -0.00016141 
-0.00274256 0.00058271 0.00012125 0.00039654 -0.00923418 -0.00014604 0.00070494 0.00056483 -0.00019068 
-0.00294680 0.00068093 0.00015808 0.00063991 -0.00973589 -0.00023047 0.00080008 -0.00059636 -0.00022209 
-0.00287454 0.00070533 0.00018015 0.00080593 -0.00888116 -0.00027738 0.00100451 -0.00158688 -0.00024935 
-0.00234930 0.00069884 0.00014932 0.00085295 -0.00645559 -0.00031512 0.00103031 -0.00190804 -0.00023212 
-0.00159448 0.00064414 0.00007419 0.00068518 -0.00355305 -0.00032381 0.00075918 -0.00129892 -0.00016982 
-0.00142639 0.00047958 0.00006863 0.00047468 -0.00215162 -0.00024320 0.00051678 -0.00082197 -0.00011163 
-0.00149521 0.00036594 0.00007220 0.00035233 -0.00165339 -0.00019119 0.00035119 -0.00061205 -0.00007961 
-0.00166650 0.00024456 0.00007672 0.00023329 -0.00138098 -0.00015553 0.00014167 -0.00051868 -0.00005737 
-0.00172226 0.00013037 0.00007410 0.00011965 -0.00129034 -0.00013461 -0.00007715 -0.00049617 -0.00004932 
-0.00169553 0.00007655 0.00006554 0.00007893 -0.00121579 -0.00012326 -0.00029329 -0.00051672 -0.00006051 
-0.00169331 0.00000643 0.00004228 0.00002308 -0.00116909 -0.00012815 -0.00046420 -0.00058568 -0.00007807 
-0.00162404 -0.00010614 0.00001616 -0.00007533 -0.00114984 -0.00012647 -0.00057573 -0.00068633 -0.00009699 
-0.00150541 -0.00019302 0.00000810 -0.00015927 -0.00120718 -0.00013938 -0.00062707 -0.00082426 -0.00011685 
-0.00140628 -0.00024733 -0.00000414 -0.00021259 -0.00136869 -0.00015264 -0.00065871 -0.00096461 -0.00013863 
-0.00123447 -0.00027804 0.00000540 -0.00023790 -0.00154827 -0.00017483 -0.00062856 -0.00111754 -0.00016451 
-0.00104774 -0.00030414 0.00004211 -0.00026298 -0.00183489 -0.00020404 -0.00055603 -0.00136042 -0.00018550 
-0.00100883 -0.00034108 0.00005250 -0.00031198 -0.00252659 -0.00024203 -0.00052867 -0.00178464 -0.00023393 
-0.00115009 -0.00032269 0.00007372 -0.00035461 -0.00397318 -0.00034124 -0.00052551 -0.00251345 -0.00032554 
-0.00198989 -0.00022498 -0.00001958 -0.00041403 -0.00719997 -0.00046100 -0.00058131 -0.00353501 -0.00043089 
-0.00308078 -0.00003993 -0.00020064 -0.00035734 -0.01152735 -0.00034664 -0.00062561 -0.00376383 -0.00040677 
-0.00351254 0.00016456 -0.00030541 0.00009877 -0.01368227 -0.00035643 -0.00075050 -0.00197726 -0.00040375 
-0.00346825 0.00038934 -0.00033439 0.00066313 -0.01348032 -0.00041920 -0.00110068 0.00013037 -0.00036888 
-0.00316445 0.00059374 -0.00034229 0.00102610 -0.01124305 -0.00032265 -0.00152936 0.00149118 -0.00030265 
-0.00250902 0.00068555 -0.00026669 0.00102184 -0.00759034 -0.00004910 -0.00153088 0.00174275 -0.00022905 
-0.00190451 0.00055255 -0.00019024 0.00064338 -0.00423323 0.00017276 -0.00107948 0.00114532 -0.00018111 
-0.00181623 0.00028382 -0.00016391 0.00028023 -0.00266013 0.00012122 -0.00061087 0.00071234 -0.00011369 
-0.00188624 0.00011726 -0.00015297 0.00008369 -0.00201651 0.00008502 -0.00020952 0.00050422 -0.00007746 
-0.00197018 -0.00004244 -0.00012979 -0.00007664 -0.00174530 0.00008188 0.00017860 0.00048040 -0.00005967 
-0.00209891 -0.00016480 -0.00011097 -0.00019538 -0.00173742 0.00008926 0.00050265 0.00057653 -0.00007173 
-0.00195025 -0.00027013 -0.00007147 -0.00029155 -0.00167537 0.00006644 0.00074239 0.00071138 -0.00007729 
-0.00180691 -0.00035117 -0.00006117 -0.00036552 -0.00172511 0.00008680 0.00082394 0.00090595 -0.00009622 
-0.00158863 -0.00034920 -0.00004638 -0.00035768 -0.00182258 0.00009914 0.00080570 0.00109317 -0.00011942 
-0.00138696 -0.00026815 -0.00002868 -0.00028120 -0.00197322 0.00011284 0.00073687 0.00125605 -0.00014742 
-0.00119280 -0.00016075 -0.00005084 -0.00016220 -0.00211037 0.00014093 0.00059306 0.00138271 -0.00017059 
-0.00105153 -0.00001193 -0.00007593 -0.00001256 -0.00224662 0.00016928 0.00042033 0.00146341 -0.00019363 
-0.00095399 0.00013856 -0.00010142 0.00015070 -0.00231377 0.00017698 0.00021183 0.00153442 -0.00018596 
-0.00098334 0.00031846 -0.00010725 0.00030731 -0.00267873 0.00019129 0.00009750 0.00173485 -0.00021568 
-0.00120235 0.00047080 -0.00007552 0.00044577 -0.00333702 0.00021050 -0.00004149 0.00194443 -0.00022553 
-0.00188958 0.00068130 0.00001713 0.00057792 -0.00557330 0.00029352 -0.00010865 0.00262627 -0.00028619 
-0.00315172 0.00085259 0.00024581 0.00068489 -0.00908951 0.00036531 -0.00000508 0.00311642 -0.00036021 
-0.00383216 0.00098261 0.00040275 0.00098470 -0.01097611 0.00041710 0.00021744 0.00194050 -0.00033927 
-0.00368932 0.00096617 0.00039307 0.00118274 -0.01054308 0.00042188 0.00051344 0.00031326 -0.00024066 
-0.00332493 0.00081790 0.00036350 0.00111392 -0.00880563 0.00028688 0.00068822 -0.00083870 -0.00015213 
-0.00269657 0.00060985 0.00029348 0.00081997 -0.00610656 0.00000691 0.00049591 -0.00123717 -0.00007614 
-0.00194319 0.00029173 0.00016419 0.00032178 -0.00338128 -0.00015014 0.00007453 -0.00085134 -0.00004957 
-0.00174263 0.00001984 0.00011949 0.00000920 -0.00213737 -0.00008225 -0.00024700 -0.00065600 -0.00001757 
-0.00174069 -0.00011229 0.00009507 -0.00013368 -0.00172114 -0.00005489 -0.00042794 -0.00062262 -0.00001959 
-0.00171834 -0.00022039 0.00007845 -0.00023692 -0.00160869 -0.00004774 -0.00058829 -0.00068365 -0.00003647 
-0.00169989 -0.00027035 0.00005157 -0.00027558 -0.00157723 -0.00002547 -0.00069187 -0.00077709 -0.00005256 
-0.00160494 -0.00031709 0.00002803 -0.00031778 -0.00159555 -0.00003452 -0.00071984 -0.00091034 -0.00006787 
-0.00154155 -0.00032675 0.00001290 -0.00031883 -0.00168003 -0.00006334 -0.00071762 -0.00105870 -0.00008820 
-0.00146849 -0.00031808 0.00001908 -0.00030271 -0.00178087 -0.00009536 -0.00064754 -0.00115993 -0.00011048 
-0.00137927 -0.00027279 0.00001021 -0.00025563 -0.00188017 -0.00010923 -0.00056671 -0.00125359 -0.00012800 
-0.00124740 -0.00022073 0.00001361 -0.00020456 -0.00200771 -0.00012174 -0.00043992 -0.00139208 -0.00014099 
-0.00106721 -0.00013097 0.00004034 -0.00011708 -0.00223308 -0.00012439 -0.00027706 -0.00154603 -0.00015180 
-0.00095413 0.00002358 0.00007747 0.00005173 -0.00250887 -0.00011748 -0.00008685 -0.00168007 -0.00015279 
-0.00097091 0.00018250 0.00008294 0.00021534 -0.00288399 -0.00011558 0.00006157 -0.00187883 -0.00017082 
-0.00114496 0.00037111 0.00007549 0.00038133 -0.00360161 -0.00015145 0.00024579 -0.00207439 -0.00018872 
-0.00169851 0.00064180 0.00002121 0.00059564 -0.00560516 -0.00027433 0.00037252 -0.00248506 -0.00025495 
-0.00255044 0.00096550 -0.00011938 0.00091553 -0.00869058 -0.00055152 0.00020800 -0.00259429 -0.00036151 
-0.00307727 0.00122474 -0.00024951 0.00137575 -0.01006130 -0.00082320 -0.00026096 -0.00139066 -0.00035316 
-0.00315629 0.00125597 -0.00026322 0.00155919 -0.00930981 -0.00080880 -0.00073093 -0.00015634 -0.00025369 
-0.00297375 0.00097012 -0.00022375 0.00123934 -0.00744360 -0.00050528 -0.00088995 0.00056791 -0.00014271 
-0.00241701 0.00050108 -0.00015570 0.00059927 -0.00502209 -0.00005889 -0.00057687 0.00082390 -0.00009267 
-0.00183052 0.00004127 -0.00010421 0.00000643 -0.00290076 0.00007134 -0.00011334 0.00061401 -0.00007376 
-0.00172100 -0.00018562 -0.00006252 -0.00023477 -0.00222213 0.00002772 0.00024769 0.00061431 -0.00005401 
-0.00171644 -0.00030044 -0.00003238 -0.00035116 -0.00202010 -0.00000839 0.00055146 0.00071479 -0.00005479 
-0.00170861 -0.00032031 0.00000301 -0.00036445 -0.00204524 -0.00001977 0.00075915 0.00089679 -0.00006712 
-0.00162094 -0.00030262 0.00001407 -0.00034173 -0.00205048 0.00000413 0.00083045 0.00110447 -0.00008029 
-0.00141906 -0.00028794 -0.00000857 -0.00030846 -0.00201230 0.00003923 0.00077708 0.00123971 -0.00010039 
-0.00127850 -0.00023849 -0.00001765 -0.00024395 -0.00202213 0.00006435 0.00062414 0.00134775 -0.00011675 
-0.00120485 -0.00013418 -0.00004249 -0.00012498 -0.00205918 0.00008888 0.00044418 0.00143881 -0.00012440 
-0.00115755 -0.00000151 -0.00005025 0.00000808 -0.00206876 0.00010462 0.00026235 0.00145815 -0.00012872 
-0.00116414 0.00017715 -0.00005855 0.00018173 -0.00203061 0.00010270 0.00009727 0.00145657 -0.00011866 
-0.00121826 0.00031525 -0.00005092 0.00031452 -0.00198681 0.00008934 -0.00005597 0.00142646 -0.00011528 
-0.00125044 0.00042196 -0.00005453 0.00043384 -0.00204820 0.00008218 -0.00021267 0.00139437 -0.00010150 
-0.00139763 0.00053655 -0.00005307 0.00054448 -0.00232063 0.00008127 -0.00036100 0.00151475 -0.00010917 
-0.00162114 0.00062388 -0.00002100 0.00062463 -0.00290459 0.00011944 -0.00044355 0.00163076 -0.00011799 
-0.00208117 0.00074590 0.00003828 0.00071806 -0.00439274 0.00023260 -0.00049932 0.00181318 -0.00016321 
-0.00287060 0.00081454 0.00019114 0.00083327 -0.00651815 0.00054131 -0.00026887 0.00177286 -0.00026372 
-0.00314916 0.00075354 0.00023144 0.00088844 -0.00749977 0.00064433 0.00004099 0.00094689 -0.00020690 
-0.00311635 0.00057886 0.00022843 0.00073837 -0.00752753 0.00039293 0.00031824 0.00009881 -0.00010823 
-0.00297569 0.00026975 0.00020611 0.00032078 -0.00669780 -0.00010647 0.00031190 -0.00059496 -0.00010762 
-0.00246329 -0.00000294 0.00018973 -0.00003307 -0.00485852 -0.00033592 0.00005723 -0.00098698 -0.00014019 
-0.00183867 -0.00017078 0.00012985 -0.00022433 -0.00298786 -0.00022110 -0.00022159 -0.00091934 -0.00009515 
-0.00160137 -0.00028826 0.00008134 -0.00032171 -0.00200917 -0.00003254 -0.00044787 -0.00085515 -0.00005091 
-0.00157716 -0.00035074 0.00006123 -0.00036990 -0.00188266 -0.00002762 -0.00058890 -0.00098894 -0.00004959 
-0.00147061 -0.00038793 0.00003969 -0.00040713 -0.00175140 -0.00001452 -0.00060532 -0.00108532 -0.00005671 
-0.00145653 -0.00038376 0.00001566 -0.00039189 -0.00183095 -0.00003505 -0.00057236 -0.00123516 -0.00007115 
-0.00142289 -0.00036421 0.00000743 -0.00037087 -0.00190800 -0.00006020 -0.00050480 -0.00134979 -0.00008723 
-0.00137026 -0.00032653 0.00000176 -0.00033272 -0.00200575 -0.00007630 -0.00038440 -0.00144337 -0.00010152 
-0.00124433 -0.00026345 -0.00001118 -0.00026862 -0.00202857 -0.00007112 -0.00025979 -0.00152149 -0.00010478 
-0.00117071 -0.00016337 0.00000101 -0.00015225 -0.00214151 -0.00007917 -0.00005408 -0.00162103 -0.00011459 
-0.00110120 0.00000776 0.00001788 0.00002130 -0.00213288 -0.00006906 0.00014837 -0.00159986 -0.00011312 
-0.00124441 0.00013962 0.00003574 0.00016052 -0.00226212 -0.00006090 0.00035154 -0.00162230 -0.00012062 
-0.00134831 0.00021537 0.00006113 0.00024343 -0.00237923 -0.00004159 0.00055994 -0.00164355 -0.00011738 
-0.00146234 0.00028528 0.00005773 0.00031222 -0.00271567 -0.00004591 0.00070203 -0.00162359 -0.00011825 
-0.00159954 0.00037817 0.00003177 0.00043334 -0.00324679 -0.00007802 0.00070976 -0.00149393 -0.00012565 
-0.00195937 0.00057359 -0.00001677 0.00062948 -0.00458660 -0.00027421 0.00064178 -0.00149106 -0.00018241 
-0.00255386 0.00075542 -0.00009194 0.00084255 -0.00631234 -0.00062876 0.00031108 -0.00140940 -0.00028293 
-0.00283752 0.00067806 -0.00009045 0.00080958 -0.00701174 -0.00058696 -0.00005608 -0.00071912 -0.00023061 
-0.00299131 0.00035551 -0.00012282 0.00041442 -0.00711808 -0.00017560 -0.00028383 -0.00003921 -0.00016823 
-0.00291591 -0.00004008 -0.00014967 -0.00010217 -0.00675313 0.00041530 -0.00021669 0.00065461 -0.00018548 
-0.00247082 -0.00026274 -0.00014397 -0.00033014 -0.00540012 0.00056568 0.00009074 0.00111571 -0.00021744 
-0.00187369 -0.00027578 -0.00005727 -0.00031336 -0.00371137 0.00028364 0.00044068 0.00113333 -0.00014247 
-0.00159320 -0.00030690 -0.00001005 -0.00032953 -0.00275095 0.00010054 0.00065622 0.00124614 -0.00009614 
-0.00138697 -0.00027024 0.00000697 -0.00029478 -0.00229631 0.00005773 0.00065361 0.00135765 -0.00008925 
-0.00126420 -0.00021912 0.00000636 -0.00023751 -0.00203142 0.00006003 0.00057298 0.00138591 -0.00008573 
-0.00123201 -0.00015264 0.00001821 -0.00017326 -0.00201667 0.00006776 0.00043491 0.00148411 -0.00011031 
-0.00118707 -0.00006421 -0.00000241 -0.00008303 -0.00200289 0.00007795 0.00027144 0.00154752 -0.00011706 
-0.00122293 0.00006159 -0.00000672 0.00004788 -0.00198095 0.00009357 0.00007704 0.00153954 -0.00012947 
-0.00117675 0.00017513 -0.00001319 0.00015462 -0.00183258 0.00009574 -0.00009125 0.00149775 -0.00012479 
-0.00120287 0.00025691 -0.00000481 0.00025371 -0.00178199 0.00008249 -0.00026143 0.00146331 -0.00012026 
-0.00127487 0.00030303 -0.00000796 0.00031396 -0.00174153 0.00006095 -0.00041783 0.00142591 -0.00010451 
-0.00140512 0.00032228 0.00000028 0.00034554 -0.00178046 0.00005234 -0.00053544 0.00137223 -0.00009394 
-0.00151884 0.00031986 0.00000296 0.00035491 -0.00187672 0.00002720 -0.00062664 0.00128461 -0.00008296 
-0.00165427 0.00028351 0.00000842 0.00032181 -0.00222595 0.00001101 -0.00067954 0.00127276 -0.00008174 
-0.00177943 0.00022231 0.00001949 0.00026157 -0.00278493 0.00003931 -0.00060638 0.00126834 -0.00009866 
-0.00189150 0.00015838 0.00005915 0.00019670 -0.00389751 0.00024072 -0.00042848 0.00132239 -0.00015512 
-0.00250884 0.00016108 0.00014762 0.00021856 -0.00566240 0.00047736 -0.00013295 0.00126642 -0.00020755 
-0.00309391 -0.00001887 0.00019412 0.00000193 -0.00721680 0.00031346 0.00017677 0.00068234 -0.00015729 
-0.00308168 -0.00032633 0.00021835 -0.00043010 -0.00742664 -0.00024097 0.00026013 -0.00005840 -0.00013694 
-0.00287359 -0.00060605 0.00020820 -0.00074933 -0.00726803 -0.00065629 0.00010863 -0.00095208 -0.00023273 
-0.00254341 -0.00070437 0.00020130 -0.00074926 -0.00627481 -0.00063326 -0.00020747 -0.00174474 -0.00028496 
-0.00197138 -0.00060291 0.00009880 -0.00060002 -0.00429414 -0.00026556 -0.00047981 -0.00169910 -0.00018077 
-0.00156884 -0.00045620 0.00001971 -0.00047108 -0.00283665 -0.00007098 -0.00053386 -0.00142468 -0.00011054 
-0.00149085 -0.00039179 -0.00000187 -0.00039894 -0.00240080 -0.00005590 -0.00048087 -0.00146442 -0.00011097 
-0.00141339 -0.00036790 -0.00001068 -0.00038767 -0.00214703 -0.00006758 -0.00038775 -0.00146355 -0.00010603 
-0.00131052 -0.00033198 -0.00002850 -0.00034654 -0.00204243 -0.00008755 -0.00025835 -0.00148258 -0.00012131 
-0.00115234 -0.00025736 -0.00002631 -0.00026779 -0.00199664 -0.00008993 -0.00012117 -0.00148824 -0.00012207 
-0.00114784 -0.00016057 -0.00001079 -0.00015782 -0.00210166 -0.00009025 0.00006152 -0.00152610 -0.00013491 
-0.00109635 -0.00003597 0.00000525 -0.00002351 -0.00209104 -0.00007544 0.00023883 -0.00146724 -0.00012730 
-0.00112441 0.00007320 0.00001124 0.00010058 -0.00209208 -0.00006833 0.00040533 -0.00140926 -0.00012708 
-0.00122084 0.00017649 0.00003207 0.00020674 -0.00206000 -0.00005129 0.00057562 -0.00133629 -0.00011718 
-0.00134929 0.00023754 0.00005110 0.00026885 -0.00205261 -0.00002424 0.00068387 -0.00120247 -0.00010587 
-0.00141828 0.00028439 0.00004476 0.00031985 -0.00206848 0.00000098 0.00071250 -0.00102634 -0.00009105 
-0.00149491 0.00029571 0.00002637 0.00034117 -0.00218454 -0.00001572 0.00063146 -0.00088319 -0.00008467 
-0.00159015 0.00029809 0.00001091 0.00035717 -0.00243431 -0.00004085 0.00044547 -0.00077150 -0.00009014 
-0.00182461 0.00020008 -0.00004236 0.00027811 -0.00339864 -0.00023401 0.00013793 -0.00077419 -0.00013314 
-0.00233205 0.00002197 -0.00008239 0.00006914 -0.00517099 -0.00034928 -0.00022197 -0.00087988 -0.00018653 
-0.00282985 -0.00036830 -0.00010860 -0.00044051 -0.00691472 0.00004498 -0.00052674 -0.00057696 -0.00016607 
-0.00331646 -0.00075165 -0.00016776 -0.00096435 -0.00834552 0.00056051 -0.00047783 -0.00002182 -0.00020986 
-0.00328801 -0.00097757 -0.00017450 -0.00116087 -0.00887766 0.00074125 -0.00012951 0.00094119 -0.00031637 
-0.00287053 -0.00093048 -0.00012476 -0.00094897 -0.00803281 0.00065621 0.00030762 0.00206172 -0.00036214 
-0.00201224 -0.00067751 0.00001273 -0.00064756 -0.00543182 0.00029486 0.00056813 0.00215177 -0.00024785 
-0.00145998 -0.00044332 0.00008406 -0.00046178 -0.00343509 0.00010693 0.00050969 0.00182120 -0.00015311 
-0.00136196 -0.00028663 0.00010412 -0.00030899 -0.00277972 0.00008097 0.00035167 0.00179428 -0.00015763 
-0.00114444 -0.00014326 0.00008629 -0.00017319 -0.00226563 0.00008173 0.00018506 0.00162801 -0.00013207 
-0.00108400 0.00002439 0.00003837 0.00000831 -0.00206100 0.00010226 -0.00004095 0.00152228 -0.00013509 
-0.00113017 0.00019685 0.00000813 0.00019039 -0.00187222 0.00009878 -0.00022604 0.00140789 -0.00012474 
-0.00129053 0.00029174 -0.00000696 0.00030307 -0.00177294 0.00008648 -0.00039164 0.00134983 -0.00011897 
-0.00136233 0.00033559 -0.00001272 0.00035607 -0.00164288 0.00007396 -0.00052754 0.00126997 -0.00009576 
-0.00146670 0.00037663 -0.00001655 0.00040209 -0.00154843 0.00006556 -0.00062110 0.00116946 -0.00007754 
-0.00160519 0.00037912 -0.00000807 0.00040822 -0.00151595 0.00004433 -0.00068128 0.00106219 -0.00005432 
-0.00179605 0.00031001 0.00001979 0.00033562 -0.00156817 0.00001483 -0.00070448 0.00098352 -0.00003499 
-0.00185832 0.00020794 0.00004357 0.00023471 -0.00162156 0.00000567 -0.00065289 0.00085858 -0.00002020 
-0.00176193 0.00009624 0.00006579 0.00010850 -0.00164169 0.00004288 -0.00050594 0.00079865 -0.00001384 
-0.00174313 0.00001381 0.00008042 0.00001987 -0.00185466 0.00006708 -0.00033903 0.00077285 -0.00001156 
-0.00188835 -0.00020456 0.00011647 -0.00022546 -0.00270861 0.00010504 -0.00008524 0.00084146 -0.00003271 
-0.00238003 -0.00052169 0.00019706 -0.00065912 -0.00481110 -0.00004269 0.00023033 0.00103070 -0.00003656 
-0.00315104 -0.00088687 0.00029598 -0.00110731 -0.00749727 -0.00035504 0.00054262 0.00070909 -0.00011397 
-0.00352981 -0.00121647 0.00035915 -0.00144138 -0.00934505 -0.00057876 0.00050706 -0.00013637 -0.00022133 
-0.00357475 -0.00132574 0.00035649 -0.00139970 -0.01004737 -0.00059195 0.00024488 -0.00151213 -0.00034235 
-0.00299404 -0.00120386 0.00024122 -0.00108460 -0.00875383 -0.00043397 -0.00009988 -0.00277166 -0.00035996 
-0.00207511 -0.00090937 0.00003609 -0.00081066 -0.00599070 -0.00025108 -0.00036873 -0.00260078 -0.00026581 
-0.00141583 -0.00057655 -0.00008182 -0.00054666 -0.00385014 -0.00015326 -0.00032346 -0.00213521 -0.00019676 
-0.00120647 -0.00039336 -0.00010992 -0.00037801 -0.00306080 -0.00013848 -0.00013444 -0.00195408 -0.00018843 
-0.00113952 -0.00022588 -0.00012258 -0.00021975 -0.00260095 -0.00013283 0.00001133 -0.00173089 -0.00017009 
-0.00111967 -0.00004720 -0.00008665 -0.00004043 -0.00237311 -0.00013139 0.00022654 -0.00155125 -0.00016738 
-0.00109875 0.00012106 -0.00005683 0.00013482 -0.00218134 -0.00011420 0.00038459 -0.00144778 -0.00014473 
-0.00130463 0.00024354 -0.00004136 0.00025615 -0.00211851 -0.00009932 0.00056747 -0.00136972 -0.00014090 
-0.00134418 0.00033910 -0.00002726 0.00035793 -0.00191764 -0.00008036 0.00066778 -0.00123135 -0.00011441 
-0.00148307 0.00040630 -0.00001243 0.00043583 -0.00176193 -0.00005121 0.00077870 -0.00112493 -0.00009455 
-0.00165791 0.00042709 -0.00000658 0.00046146 -0.00164530 -0.00001531 0.00082268 -0.00097835 -0.00007733 
-0.00180441 0.00038924 -0.00003257 0.00042174 -0.00154176 0.00000182 0.00072719 -0.00080590 -0.00006251 
-0.00182191 0.00029399 -0.00007413 0.00033896 -0.00149157 -0.00000175 0.00047467 -0.00063245 -0.00004787 
-0.00182389 0.00014505 -0.00009768 0.00019887 -0.00158134 -0.00003396 0.00015081 -0.00053829 -0.00004809 
-0.00172226 -0.00003470 -0.00011548 0.00001113 -0.00190845 -0.00005855 -0.00016221 -0.00056295 -0.00005016 
-0.00173872 -0.00032503 -0.00014314 -0.00031722 -0.00288039 -0.00007622 -0.00058665 -0.00075685 -0.00008532 
-0.00249949 -0.00072304 -0.00023677 -0.00089032 -0.00594142 0.00006543 -0.00114387 -0.00127304 -0.00013964 
-0.00318739 -0.00106912 -0.00032889 -0.00137717 -0.00937668 0.00038897 -0.00132910 -0.00105106 -0.00021301 
-0.00335923 -0.00115164 -0.00032588 -0.00140217 -0.01163969 0.00055522 -0.00101752 0.00003341 -0.00030790 
-0.00349055 -0.00102455 -0.00028925 -0.00102574 -0.01260557 0.00050428 -0.00058040 0.00191606 -0.00039451 
-0.00308385 -0.00075721 -0.00018559 -0.00055096 -0.01110171 0.00046558 -0.00028322 0.00355062 -0.00042266 
-0.00189226 -0.00043061 0.00000253 -0.00029509 -0.00724836 0.00041158 -0.00013532 0.00341713 -0.00038532 
-0.00105837 -0.00012902 0.00010222 -0.00011282 -0.00411686 0.00029849 -0.00014617 0.00255666 -0.00030303 
-0.00093489 0.00008726 0.00008987 0.00004735 -0.00279979 0.00024602 -0.00028523 0.00201139 -0.00024233 
-0.00093920 0.00015185 0.00006259 0.00010963 -0.00211109 0.00021277 -0.00041876 0.00162245 -0.00021440 
-0.00107345 0.00019841 0.00004905 0.00016058 -0.00171977 0.00018730 -0.00049664 0.00135005 -0.00018303 
-0.00123801 0.00021813 0.00004076 0.00017917 -0.00150545 0.00015954 -0.00057001 0.00115963 -0.00016479 
-0.00144322 0.00023520 0.00001837 0.00020954 -0.00140808 0.00014293 -0.00062855 0.00101454 -0.00014308 
-0.00163437 0.00022111 0.00001177 0.00019820 -0.00132718 0.00011716 -0.00063775 0.00086829 -0.00011720 
-0.00181285 0.00015774 0.00002368 0.00013281 -0.00133048 0.00009657 -0.00059092 0.00073651 -0.00009220 
-0.00187375 0.00006039 0.00004276 0.00003683 -0.00134217 0.00007033 -0.00047145 0.00062401 -0.00006822 
-0.00180966 -0.00003511 0.00005646 -0.00005195 -0.00133696 0.00006019 -0.00029180 0.00054863 -0.00004970 
-0.00177497 -0.00014469 0.00007409 -0.00015205 -0.00138855 0.00007903 -0.00006529 0.00052353 -0.00004718 
-0.00169584 -0.00028955 0.00008108 -0.00029579 -0.00151632 0.00012077 0.00015533 0.00055100 -0.00005859 
-0.00158135 -0.00046373 0.00009596 -0.00047701 -0.00182561 0.00016219 0.00036345 0.00065457 -0.00007994 
-0.00166090 -0.00072196 0.00013747 -0.00077054 -0.00286922 0.00022781 0.00066812 0.00095018 -0.00013647 
-0.00219874 -0.00091849 0.00020784 -0.00106041 -0.00538126 0.00022052 0.00098526 0.00141458 -0.00018761 
-0.00280148 -0.00096673 0.00028120 -0.00109049 -0.00788264 0.00014181 0.00103591 0.00122268 -0.00022408 
-0.00293442 -0.00097186 0.00029095 -0.00096822 -0.00912683 0.00008562 0.00085269 0.00041126 -0.00020963 
-0.00269729 -0.00091223 0.00022696 -0.00075790 -0.00898499 0.00006936 0.00064222 -0.00065692 -0.00018599 
-0.00212631 -0.00072985 0.00011882 -0.00051388 -0.00722226 -0.00000483 0.00046347 -0.00139521 -0.00015218 
-0.00133395 -0.00045400 -0.00004477 -0.00032557 -0.00443161 -0.00006465 0.00028611 -0.00117589 -0.00011716 
-0.00103269 -0.00016996 -0.00007734 -0.00010858 -0.00311011 -0.00009209 0.00026013 -0.00089195 -0.00008289 
-0.00100053 0.00002230 -0.00006374 0.00005948 -0.00262219 -0.00010857 0.00031878 -0.00079240 -0.00008079 
-0.00109328 0.00019959 -0.00003661 0.00022094 -0.00230326 -0.00010474 0.00039109 -0.00070179 -0.00007940 
-0.00129536 0.00030468 -0.00001730 0.00031442 -0.00212702 -0.00009957 0.00044041 -0.00061475 -0.00008280 
-0.00150048 0.00034276 0.00001283 0.00034660 -0.00195473 -0.00009179 0.00049615 -0.00052873 -0.00008188 
-0.00167612 0.00033767 0.00004706 0.00034012 -0.00179774 -0.00007001 0.00054254 -0.00041897 -0.00008180 
-0.00185326 0.00029217 0.00004924 0.00029989 -0.00163500 -0.00006044 0.00052213 -0.00030926 -0.00007942 
-0.00194885 0.00023229 0.00003998 0.00024453 -0.00146495 -0.00003824 0.00045582 -0.00021118 -0.00007346 
-0.00200579 0.00013186 0.00004139 0.00015114 -0.00133875 -0.00000349 0.00040138 -0.00012930 -0.00007042 
-0.00209556 -0.00001016 0.00002834 0.00000840 -0.00131731 0.00001560 0.00031490 -0.00007933 -0.00007332 
-0.00208179 -0.00016048 0.00001270 -0.00014795 -0.00133413 0.00001395 0.00019958 -0.00006250 -0.00007430 
-0.00198801 -0.00028415 0.00000582 -0.00027795 -0.00143078 0.00000513 0.00009464 -0.00008472 -0.00007286 
-0.00183146 -0.00035043 -0.00000319 -0.00035210 -0.00158575 0.00000545 -0.00000498 -0.00012990 -0.00007162 
-0.00164628 -0.00036844 -0.00001386 -0.00037614 -0.00171674 0.00000296 -0.00008235 -0.00019325 -0.00006947 
-0.00147049 -0.00032731 -0.00003859 -0.00034135 -0.00185031 0.00000752 -0.00013717 -0.00026863 -0.00006719 
-0.00137857 -0.00021182 -0.00005681 -0.00022820 -0.00197627 0.00000614 -0.00014299 -0.00035226 -0.00006730 
-0.00132406 -0.00004761 -0.00005473 -0.00006924 -0.00208089 0.00000718 -0.00010114 -0.00042499 -0.00006569 
-0.00126306 0.00012118 -0.00006053 0.00009244 -0.00204157 0.00000990 -0.00004104 -0.00046518 -0.00006081 
-0.00129921 0.00028245 -0.00006511 0.00024969 -0.00195810 0.00000938 0.00001851 -0.00047968 -0.00005899 
-0.00144786 0.00039965 -0.00006461 0.00036128 -0.00186985 0.00001391 0.00007962 -0.00046843 -0.00005879 
-0.00157082 0.00045819 -0.00007327 0.00041825 -0.00169289 0.00000757 0.00011414 -0.00043419 -0.00005375 
-0.00164139 0.00043751 -0.00006921 0.00040051 -0.00147481 0.00000111 0.00014724 -0.00036263 -0.00004721 
-0.00175944 0.00037948 -0.00005642 0.00035079 -0.00135575 -0.00000703 0.00015727 -0.00028848 -0.00004353 
-0.00191085 0.00030711 -0.00005381 0.00028806 -0.00128976 -0.00001782 0.00013486 -0.00022748 -0.00004112 
-0.00204916 0.00019953 -0.00004753 0.00018838 -0.00125346 -0.00003552 0.00008807 -0.00016519 -0.00003789 
-0.00211925 0.00007674 -0.00002682 0.00006665 -0.00125710 -0.00004726 0.00003958 -0.00010624 -0.00003494 
-0.00209237 -0.00003715 -0.00001123 -0.00004068 -0.00128830 -0.00005091 -0.00002726 -0.00007821 -0.00003285 
-0.00205090 -0.00012377 -0.00000877 -0.00012130 -0.00135099 -0.00005519 -0.00009772 -0.00008002 -0.00003330 
-0.00195352 -0.00020483 0.00000846 -0.00019916 -0.00137891 -0.00004958 -0.00014892 -0.00011267 -0.00003162 
-0.00186792 -0.00027683 0.00001849 -0.00026646 -0.00141745 -0.00002890 -0.00018752 -0.00014665 -0.00003212 
-0.00179396 -0.00033444 0.00001297 -0.00032083 -0.00148150 -0.00000699 -0.00021267 -0.00018636 -0.00002914 
-0.00171102 -0.00036815 0.00001224 -0.00035562 -0.00154417 0.00000811 -0.00020493 -0.00023772 -0.00003118 
-0.00162977 -0.00037726 0.00000743 -0.00036538 -0.00163864 0.00000999 -0.00018904 -0.00028902 -0.00003740 
-0.00148004 -0.00035984 0.00000438 -0.00034846 -0.00166977 0.00001701 -0.00015524 -0.00031543 -0.00004324 
-0.00140497 -0.00032314 -0.00000100 -0.00030690 -0.00175943 0.00001700 -0.00013122 -0.00033373 -0.00005036 
-0.00129450 -0.00025022 -0.00000564 -0.00023462 -0.00185939 0.00000345 -0.00007243 -0.00034559 -0.00005178 
-0.00121160 -0.00015617 -0.00001823 -0.00014269 -0.00193958 -0.00001153 -0.00002648 -0.00035244 -0.00005130 
-0.00121704 -0.00005725 -0.00002437 -0.00004457 -0.00200843 -0.00002275 0.00002511 -0.00034186 -0.00005007 
-0.00124994 0.00005245 -0.00001336 0.00006712 -0.00205922 -0.00002883 0.00005219 -0.00029549 -0.00005107 
-0.00124813 0.00018298 -0.00001797 0.00019699 -0.00204835 -0.00003073 0.00004482 -0.00022625 -0.00004762 
-0.00131716 0.00030449 -0.00001838 0.00031949 -0.00197466 -0.00002369 -0.00000084 -0.00014226 -0.00005458 
-0.00144947 0.00039274 -0.00001823 0.00040755 -0.00184915 -0.00001779 -0.00005344 -0.00006563 -0.00005420 
-0.00152620 0.00039272 -0.00001656 0.00041475 -0.00165337 -0.00001306 -0.00015228 -0.00001303 -0.00005538 
-0.00154409 0.00031401 -0.00001426 0.00034879 -0.00144827 -0.00000773 -0.00023860 0.00000655 -0.00005347 
-0.00125197 0.00018084 -0.00002403 0.00023380 -0.00109110 -0.00000952 -0.00031785 -0.00001259 -0.00004225 
-0.00053940 -0.00002683 -0.00003254 0.00000801 -0.00042598 -0.00001685 -0.00024375 -0.00003852 -0.00001870 
