-0.00269465 0.00014917 -0.00004582 0.00002057 -0.00237974 0.00018813 -0.00032111 0.00021112 -0.00003612 
-0.00595070 -0.00038489 -0.00007182 -0.00058543 -0.00533845 0.00028779 -0.00040865 0.00047232 -0.00017741 
-0.00764998 -0.00086593 -0.00009505 -0.00101562 -0.00727803 0.00036997 -0.00034646 0.00047553 -0.00028192 
-0.00846809 -0.00118890 -0.00003480 -0.00132732 -0.00880124 0.00037420 -0.00027811 0.00044129 -0.00033303 
-0.00861665 -0.00128813 -0.00002737 -0.00139997 -0.00979982 0.00044969 -0.00014309 0.00048726 -0.00035481 
-0.00846945 -0.00120988 -0.00004908 -0.00132522 -0.01066840 0.00058037 -0.00012521 0.00061795 -0.00037437 
-0.00812144 -0.00084567 -0.00008301 -0.00096810 -0.01134654 0.00069104 -0.00004576 0.00073126 -0.00037870 
-0.00776671 -0.00025527 -0.00010403 -0.00038301 -0.01149472 0.00069181 -0.00008054 0.00079707 -0.00037169 
-0.00759557 0.00030520 -0.00017540 0.00019283 -0.01125474 0.00069076 -0.00013743 0.00080431 -0.00035477 
-0.00775367 0.00077707 -0.00019695 0.00067695 -0.01117203 0.00066210 -0.00020847 0.00082825 -0.00035146 
-0.00795394 0.00123080 -0.00023305 0.00113663 -0.01110787 0.00062864 -0.00022765 0.00083880 -0.00033555 
-0.00844285 0.00164788 -0.00027641 0.00154666 -0.01095817 0.00055997 -0.00029693 0.00082247 -0.00033869 
-0.00911934 0.00185865 -0.00032191 0.00176065 -0.01063414 0.00047319 -0.00032825 0.00075810 -0.00033358 
-0.00967029 0.00183183 -0.00035848 0.00175911 -0.01011974 0.00038112 -0.00035565 0.00067775 -0.00033331 
-0.00990559 0.00174810 -0.00029866 0.00170066 -0.00931725 0.00035916 -0.00026109 0.00064578 -0.00031365 
-0.01028121 0.00156790 -0.00012727 0.00155019 -0.00865181 0.00038772 -0.00012678 0.00068366 -0.00030843 
-0.01122727 0.00124645 -0.00009586 0.00126096 -0.00858625 0.00040753 -0.00005850 0.00070351 -0.00033639 
-0.01174587 0.00094816 -0.00010365 0.00097158 -0.00833909 0.00041536 -0.00001578 0.00071592 -0.00032949 
-0.01197458 0.00060656 -0.00007293 0.00063230 -0.00808028 0.00046286 0.00004906 0.00075058 -0.00032091 
-0.01215498 0.00021304 -0.00011953 0.00024920 -0.00806244 0.00048194 0.00008521 0.00075139 -0.00033208 
-0.01188398 -0.00020604 -0.00012959 -0.00015145 -0.00793303 0.00046116 0.00015636 0.00075802 -0.00034851 
-0.01142615 -0.00070697 -0.00022757 -0.00063006 -0.00785675 0.00045864 0.00016129 0.00082080 -0.00035843 
-0.01110795 -0.00117472 -0.00029741 -0.00108203 -0.00825294 0.00041337 0.00013330 0.00084596 -0.00038236 
-0.01083886 -0.00156149 -0.00037055 -0.00144537 -0.00880501 0.00036091 0.00013072 0.00086453 -0.00039032 
-0.01061975 -0.00186374 -0.00046148 -0.00171140 -0.00941463 0.00033208 0.00006838 0.00096674 -0.00039329 
-0.01018149 -0.00204638 -0.00046967 -0.00187393 -0.01006297 0.00032251 0.00004051 0.00100888 -0.00037982 
-0.00964110 -0.00203286 -0.00048308 -0.00183591 -0.01088551 0.00035090 0.00002925 0.00105431 -0.00037376 
-0.00934468 -0.00172861 -0.00051330 -0.00152487 -0.01189350 0.00035842 -0.00002226 0.00107425 -0.00037559 
-0.00886571 -0.00127007 -0.00050920 -0.00106728 -0.01229350 0.00032207 -0.00007853 0.00102807 -0.00036204 
-0.00853623 -0.00079696 -0.00046862 -0.00057751 -0.01239903 0.00028923 -0.00008309 0.00092694 -0.00034731 
-0.00831959 -0.00028340 -0.00045193 -0.00005432 -0.01234616 0.00024690 -0.00010512 0.00080740 -0.00034483 
-0.00824445 0.00022585 -0.00044305 0.00045720 -0.01207710 0.00022175 -0.00008332 0.00069398 -0.00034664 
-0.00850516 0.00082764 -0.00039372 0.00104626 -0.01187028 0.00030040 0.00000143 0.00063878 -0.00035767 
-0.00915940 0.00133127 -0.00041639 0.00152086 -0.01140127 0.00032682 0.00008548 0.00056616 -0.00037682 
-0.00998049 0.00142654 -0.00046227 0.00157713 -0.01080919 0.00028958 0.00024791 0.00047532 -0.00039326 
-0.01055401 0.00123318 -0.00048565 0.00132892 -0.01007823 0.00023923 0.00050372 0.00046158 -0.00038412 
-0.01111795 0.00081711 -0.00051124 0.00085132 -0.00966515 0.00024699 0.00075067 0.00057133 -0.00037825 
-0.01175151 0.00030242 -0.00053437 0.00028541 -0.00978099 0.00026241 0.00095569 0.00071713 -0.00038668 
-0.01189426 -0.00026738 -0.00053199 -0.00035013 -0.00965617 0.00021278 0.00120922 0.00089496 -0.00037856 
-0.01164271 -0.00093786 -0.00051644 -0.00110807 -0.00993214 0.00021953 0.00144188 0.00118994 -0.00039799 
-0.01108720 -0.00146137 -0.00053259 -0.00171323 -0.01086926 0.00025955 0.00157028 0.00159455 -0.00042363 
-0.01021298 -0.00171115 -0.00054079 -0.00203854 -0.01214030 0.00026203 0.00154249 0.00196929 -0.00045723 
-0.00930526 -0.00158703 -0.00062648 -0.00198641 -0.01361036 0.00026314 0.00133965 0.00238404 -0.00047886 
-0.00876329 -0.00094951 -0.00059346 -0.00145257 -0.01552381 0.00010587 0.00119813 0.00279844 -0.00049730 
-0.00853255 -0.00008195 -0.00054012 -0.00070602 -0.01762963 -0.00016718 0.00106634 0.00329950 -0.00047996 
-0.00976406 0.00112029 -0.00033699 0.00011400 -0.02296067 -0.00057288 0.00142546 0.00521862 -0.00056912 
-0.01512020 0.00250444 0.00066799 0.00009955 -0.03696307 -0.00373039 0.00284864 0.00939549 0.00013110 
-0.02059905 0.00377819 0.00223249 -0.00035645 -0.05012250 -0.01156014 0.00371947 0.00886786 0.00124435 
-0.02290014 0.00440040 0.00351366 0.00017653 -0.05319709 -0.01641065 0.00383821 0.00294657 -0.00038349 
-0.02316037 0.00420376 0.00416312 0.00148747 -0.04953801 -0.01684621 0.00323236 -0.00356393 -0.00300187 
-0.02132914 0.00367033 0.00435421 0.00269688 -0.04188520 -0.01463224 0.00268427 -0.00775750 -0.00448363 
-0.01776837 0.00340865 0.00399111 0.00371982 -0.03238054 -0.01060486 0.00207783 -0.00824754 -0.00401239 
-0.01340036 0.00334756 0.00328592 0.00398184 -0.02262591 -0.00665439 0.00099678 -0.00627449 -0.00246621 
-0.01142383 0.00292725 0.00276415 0.00349285 -0.01654655 -0.00450928 0.00032188 -0.00466440 -0.00150816 
-0.01053442 0.00233744 0.00232444 0.00292972 -0.01269178 -0.00313765 -0.00023684 -0.00394489 -0.00105054 
-0.01024962 0.00166321 0.00205795 0.00220370 -0.01057966 -0.00235423 -0.00056105 -0.00367136 -0.00083867 
-0.01004289 0.00112699 0.00178323 0.00166646 -0.00923840 -0.00182810 -0.00087587 -0.00361144 -0.00073549 
-0.01011289 0.00061853 0.00156395 0.00116361 -0.00861741 -0.00163063 -0.00109296 -0.00370713 -0.00073449 
-0.01018962 -0.00000862 0.00131432 0.00052962 -0.00831918 -0.00151750 -0.00132262 -0.00395846 -0.00079282 
-0.00966326 -0.00071120 0.00097032 -0.00021339 -0.00822073 -0.00144362 -0.00148127 -0.00417411 -0.00084531 
-0.00938971 -0.00135012 0.00080946 -0.00086417 -0.00922331 -0.00157059 -0.00154513 -0.00474792 -0.00097205 
-0.00928785 -0.00178413 0.00068469 -0.00135655 -0.01097113 -0.00176854 -0.00157479 -0.00539525 -0.00111801 
-0.00889731 -0.00208657 0.00065922 -0.00169712 -0.01292215 -0.00198423 -0.00148461 -0.00621473 -0.00129232 
-0.00875380 -0.00226476 0.00065460 -0.00187677 -0.01663692 -0.00228237 -0.00134629 -0.00742716 -0.00150881 
-0.00996627 -0.00187270 0.00058226 -0.00170855 -0.02315714 -0.00275168 -0.00122469 -0.01039340 -0.00208090 
-0.01498792 -0.00062653 0.00024643 -0.00106063 -0.03731518 -0.00359132 -0.00180145 -0.01719782 -0.00322136 
-0.02321198 0.00151937 -0.00100747 -0.00069284 -0.05859099 0.00025754 -0.00299376 -0.02529157 -0.00164865 
-0.02956363 0.00339312 -0.00277076 -0.00055233 -0.07640284 0.00949254 -0.00417347 -0.02322947 0.00097167 
-0.03157126 0.00399286 -0.00398910 0.00145728 -0.07890699 0.01352142 -0.00381960 -0.01019325 -0.00085853 
-0.03091596 0.00396864 -0.00440950 0.00410446 -0.07294402 0.01250603 -0.00395488 0.00170596 -0.00317626 
-0.02812099 0.00383367 -0.00437179 0.00533322 -0.06215368 0.01124616 -0.00424744 0.00928730 -0.00438873 
-0.02301863 0.00393051 -0.00377311 0.00572326 -0.04728470 0.00869609 -0.00354972 0.01090531 -0.00405291 
-0.01791593 0.00384141 -0.00295977 0.00476487 -0.03261183 0.00633009 -0.00150000 0.00779110 -0.00295676 
-0.01500124 0.00290617 -0.00224133 0.00343105 -0.02321523 0.00406556 -0.00021228 0.00550807 -0.00178766 
-0.01362412 0.00175489 -0.00183854 0.00211673 -0.01840991 0.00284667 0.00055842 0.00463492 -0.00129578 
-0.01342965 0.00063718 -0.00165160 0.00090691 -0.01645854 0.00251855 0.00103661 0.00463790 -0.00118650 
-0.01288758 -0.00016448 -0.00136362 0.00002656 -0.01547002 0.00231729 0.00143983 0.00474750 -0.00111189 
-0.01213697 -0.00080794 -0.00111101 -0.00068399 -0.01510252 0.00219667 0.00162843 0.00506480 -0.00113934 
-0.01132981 -0.00108728 -0.00100435 -0.00101055 -0.01539045 0.00225212 0.00157871 0.00537418 -0.00121431 
-0.01048370 -0.00089315 -0.00095452 -0.00088473 -0.01613213 0.00239810 0.00127151 0.00576675 -0.00132234 
-0.00966250 -0.00037344 -0.00090735 -0.00040970 -0.01672981 0.00248837 0.00096716 0.00605303 -0.00140685 
-0.00923143 0.00038572 -0.00095094 0.00034706 -0.01755611 0.00260414 0.00054793 0.00640403 -0.00149278 
-0.00920169 0.00105257 -0.00100890 0.00104330 -0.01840795 0.00274223 0.00007969 0.00669705 -0.00155395 
-0.01006818 0.00167849 -0.00092978 0.00174526 -0.02065549 0.00290351 -0.00022782 0.00732695 -0.00169557 
-0.01135339 0.00213740 -0.00080350 0.00227487 -0.02284454 0.00274461 -0.00056459 0.00810082 -0.00182018 
-0.01583365 0.00297570 -0.00016133 0.00306442 -0.03161784 0.00399442 -0.00044108 0.01203902 -0.00294574 
-0.02302100 0.00425768 0.00119339 0.00371179 -0.04664625 0.00305469 -0.00019602 0.01800533 -0.00305589 
-0.03035499 0.00491489 0.00298550 0.00429576 -0.06270384 -0.00268062 -0.00011486 0.01863125 -0.00131459 
-0.03416799 0.00459930 0.00427022 0.00527727 -0.07038874 -0.00808677 0.00043416 0.01021486 -0.00129798 
-0.03343166 0.00351633 0.00436636 0.00508277 -0.06761506 -0.00986255 0.00148675 -0.00056709 -0.00277726 
-0.03122453 0.00233924 0.00401773 0.00410418 -0.05996290 -0.01060891 0.00209174 -0.00898756 -0.00423489 
-0.02588216 0.00137146 0.00347445 0.00251118 -0.04679329 -0.00894894 0.00136002 -0.01159004 -0.00441934 
-0.01944619 0.00054671 0.00267736 0.00117338 -0.03300024 -0.00629846 -0.00018204 -0.00920961 -0.00314660 
-0.01560669 0.00011798 0.00185423 0.00043345 -0.02429785 -0.00360408 -0.00104070 -0.00682960 -0.00155977 
-0.01364380 -0.00023495 0.00131407 0.00001259 -0.01941557 -0.00230488 -0.00135276 -0.00593031 -0.00102271 
-0.01277890 -0.00057938 0.00108491 -0.00041992 -0.01717716 -0.00201026 -0.00151063 -0.00546804 -0.00095642 
-0.01196014 -0.00092820 0.00077682 -0.00082562 -0.01577849 -0.00170032 -0.00158156 -0.00525873 -0.00091554 
-0.01118304 -0.00130748 0.00054707 -0.00122255 -0.01527745 -0.00169364 -0.00156822 -0.00525154 -0.00097931 
-0.01052902 -0.00151844 0.00036677 -0.00141351 -0.01557467 -0.00180451 -0.00148292 -0.00551815 -0.00103715 
-0.01042442 -0.00161186 0.00030396 -0.00148056 -0.01650956 -0.00201525 -0.00133645 -0.00575722 -0.00114721 
-0.01035284 -0.00155047 0.00021532 -0.00136880 -0.01781122 -0.00221355 -0.00120148 -0.00615161 -0.00123611 
-0.00997972 -0.00138439 0.00013808 -0.00116947 -0.01948941 -0.00237541 -0.00096387 -0.00670672 -0.00133299 
-0.00969623 -0.00088243 0.00015958 -0.00059922 -0.02163616 -0.00244566 -0.00067443 -0.00735595 -0.00139810 
-0.01049547 -0.00006793 0.00013265 0.00032313 -0.02481946 -0.00252435 -0.00037255 -0.00823234 -0.00155931 
-0.01150210 0.00072899 -0.00000088 0.00122323 -0.02764497 -0.00226940 -0.00000629 -0.00918159 -0.00166893 
-0.01447960 0.00153657 -0.00036618 0.00216155 -0.03401158 -0.00337820 0.00037009 -0.01153407 -0.00262935 
-0.02022518 0.00246361 -0.00129333 0.00286352 -0.04601102 -0.00353495 0.00034173 -0.01589113 -0.00349173 
-0.02704930 0.00335462 -0.00247078 0.00402971 -0.06037502 -0.00196613 0.00041763 -0.01668102 -0.00335868 
-0.03131049 0.00348355 -0.00326383 0.00575423 -0.06863613 -0.00088730 -0.00003067 -0.00956171 -0.00324117 
-0.03228466 0.00294543 -0.00322592 0.00611915 -0.06873998 0.00113780 -0.00152938 0.00054332 -0.00294677 
-0.03127721 0.00211599 -0.00259353 0.00474744 -0.06234740 0.00410020 -0.00265594 0.00857121 -0.00327655 
-0.02690944 0.00112730 -0.00224838 0.00200576 -0.04967068 0.00670888 -0.00157942 0.01115027 -0.00398728 
-0.02035801 0.00006374 -0.00176829 -0.00001990 -0.03521779 0.00621631 0.00036583 0.00898160 -0.00355603 
-0.01582957 -0.00052014 -0.00113590 -0.00071827 -0.02672872 0.00392961 0.00126131 0.00705587 -0.00205606 
-0.01356128 -0.00088170 -0.00058587 -0.00109124 -0.02276585 0.00234746 0.00178022 0.00620201 -0.00131456 
-0.01276561 -0.00110366 -0.00047983 -0.00135113 -0.02156885 0.00230638 0.00191143 0.00621228 -0.00127548 
-0.01170520 -0.00107807 -0.00039417 -0.00132451 -0.02053559 0.00215297 0.00180484 0.00623961 -0.00123382 
-0.01104354 -0.00083426 -0.00040109 -0.00104443 -0.02045174 0.00229422 0.00152954 0.00640365 -0.00130296 
-0.01075907 -0.00035311 -0.00039706 -0.00053545 -0.02045160 0.00244028 0.00107403 0.00654951 -0.00135569 
-0.01030995 0.00030612 -0.00045418 0.00018588 -0.02014291 0.00249800 0.00065505 0.00660554 -0.00136695 
-0.01045246 0.00105529 -0.00044070 0.00097959 -0.02008748 0.00258157 0.00032901 0.00657701 -0.00135795 
-0.01104003 0.00158867 -0.00038192 0.00158749 -0.02018917 0.00251990 0.00008961 0.00671532 -0.00135388 
-0.01129726 0.00174545 -0.00028129 0.00184599 -0.02010049 0.00238390 -0.00021601 0.00659517 -0.00130055 
-0.01216093 0.00187649 -0.00005624 0.00211447 -0.02136680 0.00241844 -0.00040153 0.00691445 -0.00137347 
-0.01321897 0.00201259 0.00019789 0.00233392 -0.02329736 0.00219929 -0.00073439 0.00746332 -0.00141921 
-0.01617443 0.00217072 0.00079749 0.00266366 -0.02895022 0.00351160 -0.00070528 0.00929403 -0.00233840 
-0.02150926 0.00244862 0.00157298 0.00274376 -0.03963786 0.00446419 -0.00079366 0.01254194 -0.00341238 
-0.02845670 0.00254904 0.00234938 0.00347922 -0.05387331 0.00427795 -0.00094989 0.01378204 -0.00378824 
-0.03301660 0.00207352 0.00254196 0.00376499 -0.06438750 0.00250793 -0.00018450 0.00858516 -0.00309776 
-0.03427970 0.00116690 0.00251540 0.00263780 -0.06716396 -0.00182209 0.00138819 -0.00033819 -0.00262039 
-0.03313126 0.00017374 0.00235883 0.00079284 -0.06250879 -0.00535558 0.00171898 -0.00846069 -0.00339502 
-0.02785907 -0.00044956 0.00220293 -0.00077856 -0.04969338 -0.00708876 0.00029473 -0.01164586 -0.00426703 
-0.02085624 -0.00079461 0.00185602 -0.00112375 -0.03550179 -0.00601446 -0.00073454 -0.00993629 -0.00359809 
-0.01618916 -0.00107176 0.00124956 -0.00133635 -0.02618426 -0.00348396 -0.00108237 -0.00756199 -0.00191587 
-0.01361238 -0.00138796 0.00089817 -0.00154685 -0.02136901 -0.00199475 -0.00137602 -0.00657656 -0.00121462 
-0.01221084 -0.00175165 0.00063235 -0.00192226 -0.01942465 -0.00195893 -0.00138477 -0.00618327 -0.00115711 
-0.01125109 -0.00198785 0.00038606 -0.00207258 -0.01853608 -0.00183728 -0.00133973 -0.00613308 -0.00108624 
-0.01105044 -0.00200850 0.00026421 -0.00204368 -0.01878874 -0.00198761 -0.00112597 -0.00631993 -0.00115774 
-0.01102548 -0.00198430 0.00008444 -0.00192365 -0.01942741 -0.00209152 -0.00106935 -0.00648745 -0.00119694 
-0.01066027 -0.00182304 -0.00019988 -0.00169821 -0.02022200 -0.00214563 -0.00097229 -0.00674004 -0.00123539 
-0.01035898 -0.00142658 -0.00017343 -0.00119802 -0.02144216 -0.00214842 -0.00056186 -0.00709276 -0.00123549 
-0.01062954 -0.00077017 -0.00014896 -0.00043386 -0.02284042 -0.00215928 -0.00015286 -0.00742553 -0.00131472 
-0.01120876 -0.00008018 -0.00019442 0.00031469 -0.02410025 -0.00209216 0.00032384 -0.00774024 -0.00134692 
-0.01212786 0.00032401 -0.00027046 0.00085925 -0.02593195 -0.00209324 0.00078266 -0.00820787 -0.00144983 
-0.01305510 0.00072483 -0.00038553 0.00135279 -0.02807256 -0.00186697 0.00121345 -0.00851426 -0.00154213 
-0.01585884 0.00119889 -0.00092854 0.00212018 -0.03340299 -0.00348781 0.00130184 -0.00978824 -0.00257452 
-0.02060921 0.00171201 -0.00169669 0.00272661 -0.04205788 -0.00578164 0.00144101 -0.01204154 -0.00439154 
-0.02703762 0.00186283 -0.00206699 0.00377491 -0.05309632 -0.00839106 0.00128968 -0.01200989 -0.00558686 
-0.03248758 0.00144408 -0.00192296 0.00374354 -0.06299934 -0.00787464 0.00005792 -0.00734529 -0.00448443 
-0.03475301 0.00044065 -0.00190062 0.00153624 -0.06690812 -0.00202844 -0.00183698 0.00001477 -0.00337479 
-0.03342472 -0.00077050 -0.00187828 -0.00167151 -0.06287627 0.00520137 -0.00075859 0.00713756 -0.00378006 
-0.02809037 -0.00158229 -0.00209632 -0.00269716 -0.05236106 0.00765776 0.00084171 0.01123687 -0.00479795 
-0.02114843 -0.00184961 -0.00166347 -0.00252712 -0.04003989 0.00594181 0.00159260 0.01097847 -0.00404974 
-0.01564525 -0.00194269 -0.00111498 -0.00247942 -0.03061076 0.00375404 0.00174489 0.00899215 -0.00243063 
-0.01236647 -0.00175512 -0.00074673 -0.00222206 -0.02551555 0.00217570 0.00164217 0.00782769 -0.00144986 
-0.01091647 -0.00132684 -0.00059463 -0.00175206 -0.02354363 0.00232401 0.00119721 0.00750678 -0.00138589 
-0.01011505 -0.00079229 -0.00040402 -0.00115814 -0.02207872 0.00229520 0.00087138 0.00721764 -0.00130758 
-0.00986686 -0.00014667 -0.00035865 -0.00045689 -0.02128609 0.00239120 0.00042283 0.00715875 -0.00134442 
-0.00998379 0.00051615 -0.00024600 0.00027126 -0.02038522 0.00246233 0.00005662 0.00687325 -0.00134546 
-0.01000066 0.00092090 -0.00018352 0.00076551 -0.01936217 0.00239939 -0.00021719 0.00660282 -0.00132118 
-0.01018775 0.00122300 -0.00003205 0.00117463 -0.01880125 0.00227991 -0.00044762 0.00641676 -0.00126028 
-0.01095851 0.00133803 0.00007348 0.00142546 -0.01878705 0.00210667 -0.00066533 0.00646310 -0.00124388 
-0.01173766 0.00136506 0.00026549 0.00152074 -0.01928484 0.00200061 -0.00092889 0.00653432 -0.00120921 
-0.01272668 0.00124725 0.00049705 0.00151075 -0.02063851 0.00207892 -0.00101410 0.00680545 -0.00128997 
-0.01409137 0.00107000 0.00075503 0.00129629 -0.02315733 0.00211063 -0.00113697 0.00734768 -0.00137901 
-0.01663128 0.00077326 0.00115541 0.00114324 -0.02806553 0.00342992 -0.00089433 0.00851423 -0.00215011 
-0.02118377 0.00064743 0.00176337 0.00104214 -0.03723791 0.00570153 -0.00075377 0.01082472 -0.00382518 
-0.02797493 0.00023950 0.00216751 0.00094621 -0.05081496 0.00724584 -0.00005018 0.01226656 -0.00475924 
-0.03377163 -0.00031402 0.00244978 0.00003454 -0.06333705 0.00701903 0.00106359 0.00870052 -0.00393051 
-0.03520208 -0.00107778 0.00259923 -0.00139237 -0.06734350 0.00372661 0.00160632 0.00031731 -0.00285041 
-0.03307777 -0.00183547 0.00222930 -0.00275339 -0.06369469 -0.00009090 0.00024316 -0.00817540 -0.00272075 
-0.02785091 -0.00234917 0.00203945 -0.00344029 -0.05228934 -0.00412851 -0.00113299 -0.01310782 -0.00352702 
-0.02128379 -0.00240343 0.00162160 -0.00280862 -0.03829394 -0.00490446 -0.00123808 -0.01176411 -0.00347863 
-0.01594399 -0.00234888 0.00102025 -0.00273047 -0.02787672 -0.00350071 -0.00106166 -0.00865210 -0.00226773 
-0.01299965 -0.00233912 0.00051800 -0.00262557 -0.02300390 -0.00207620 -0.00106589 -0.00726933 -0.00140950 
-0.01215785 -0.00238221 0.00029133 -0.00260560 -0.02158818 -0.00223749 -0.00090669 -0.00705318 -0.00135256 
-0.01138902 -0.00241589 0.00001402 -0.00253508 -0.02033645 -0.00231059 -0.00069694 -0.00673564 -0.00129765 
-0.01078899 -0.00237997 -0.00021001 -0.00238393 -0.02003074 -0.00237423 -0.00059481 -0.00668442 -0.00130778 
-0.01001440 -0.00210884 -0.00039456 -0.00203833 -0.02009186 -0.00236365 -0.00035830 -0.00664765 -0.00127443 
-0.00977194 -0.00157687 -0.00037097 -0.00140331 -0.02054586 -0.00236925 -0.00005583 -0.00671387 -0.00129906 
-0.00954636 -0.00096286 -0.00035483 -0.00073092 -0.02065193 -0.00235914 0.00038132 -0.00673190 -0.00130626 
-0.00969791 -0.00035432 -0.00034692 -0.00004238 -0.02072597 -0.00226954 0.00074224 -0.00677033 -0.00131365 
-0.01023332 0.00010628 -0.00028980 0.00046858 -0.02112929 -0.00213064 0.00116472 -0.00673807 -0.00128753 
-0.01110602 0.00029814 -0.00042308 0.00075626 -0.02227564 -0.00220389 0.00140055 -0.00684857 -0.00137725 
-0.01205005 0.00044444 -0.00061758 0.00089286 -0.02380157 -0.00223926 0.00155317 -0.00692438 -0.00144359 
-0.01484441 0.00037702 -0.00101198 0.00100090 -0.02814206 -0.00365461 0.00137537 -0.00774349 -0.00223517 
-0.01978385 0.00008070 -0.00176203 0.00084503 -0.03601226 -0.00691071 0.00105027 -0.00924997 -0.00426867 
-0.02643714 -0.00070826 -0.00201999 0.00026555 -0.04756195 -0.00971660 -0.00028723 -0.01021975 -0.00567566 
-0.03207223 -0.00189170 -0.00205745 -0.00222497 -0.05994284 -0.00789554 -0.00152186 -0.00791789 -0.00441291 
-0.03455993 -0.00310043 -0.00222232 -0.00501747 -0.06735513 -0.00292645 -0.00113199 -0.00136700 -0.00308806 
-0.03322881 -0.00379785 -0.00245205 -0.00614848 -0.06710303 0.00038771 0.00106013 0.00764496 -0.00290872 
-0.02827851 -0.00403964 -0.00229259 -0.00519801 -0.05817474 0.00307693 0.00192668 0.01413218 -0.00351137 
-0.02133113 -0.00352847 -0.00159806 -0.00387600 -0.04488913 0.00401121 0.00170910 0.01438768 -0.00344250 
-0.01563281 -0.00258125 -0.00068213 -0.00309727 -0.03374356 0.00350417 0.00139996 0.01108216 -0.00263175 
-0.01253234 -0.00163782 -0.00012951 -0.00213377 -0.02735788 0.00207336 0.00107285 0.00887153 -0.00159797 
-0.01108188 -0.00100206 0.00000519 -0.00139733 -0.02448017 0.00228809 0.00062740 0.00819721 -0.00150183 
-0.00987661 -0.00021959 0.00004480 -0.00051562 -0.02150438 0.00230874 0.00016328 0.00743302 -0.00137972 
-0.00960847 0.00052035 0.00006593 0.00032645 -0.01942051 0.00231702 -0.00018708 0.00686943 -0.00133655 
-0.00945155 0.00104979 0.00009829 0.00092338 -0.01755589 0.00209788 -0.00054128 0.00633217 -0.00120030 
-0.00953990 0.00126177 0.00014567 0.00121481 -0.01621151 0.00192980 -0.00076160 0.00592807 -0.00110944 
-0.00984299 0.00143253 0.00015609 0.00141549 -0.01541777 0.00173835 -0.00105084 0.00572546 -0.00100995 
-0.01058504 0.00141280 0.00025977 0.00144130 -0.01521989 0.00165470 -0.00126311 0.00554247 -0.00094778 
-0.01161730 0.00119396 0.00049024 0.00117596 -0.01576879 0.00159701 -0.00136835 0.00574783 -0.00091926 
-0.01248921 0.00084243 0.00078797 0.00084781 -0.01722586 0.00196969 -0.00127738 0.00593524 -0.00095591 
-0.01300422 0.00052692 0.00111347 0.00042747 -0.01894687 0.00216218 -0.00107962 0.00640424 -0.00103080 
-0.01445341 0.00006161 0.00156957 -0.00000757 -0.02304336 0.00353238 -0.00077496 0.00732803 -0.00163224 
-0.01885360 -0.00063688 0.00239144 -0.00077417 -0.03194436 0.00605141 -0.00024508 0.00942053 -0.00316532 
-0.02584805 -0.00138518 0.00334225 -0.00187966 -0.04561628 0.00895944 0.00095421 0.01137913 -0.00456004 
-0.03110783 -0.00244079 0.00362387 -0.00329519 -0.05788910 0.01045378 0.00172381 0.00850409 -0.00426180 
-0.03341525 -0.00368803 0.00388875 -0.00496672 -0.06509301 0.00901411 0.00135263 0.00101011 -0.00283855 
-0.03318586 -0.00486243 0.00381392 -0.00607873 -0.06671296 0.00667644 -0.00008531 -0.00885435 -0.00160643 
-0.02881262 -0.00541087 0.00296648 -0.00550953 -0.05890310 0.00241773 -0.00129608 -0.01684036 -0.00140204 
-0.02203258 -0.00498871 0.00150458 -0.00468692 -0.04412348 -0.00236658 -0.00160510 -0.01644293 -0.00268783 
-0.01582744 -0.00387776 0.00026903 -0.00391610 -0.03092489 -0.00329032 -0.00139224 -0.01136345 -0.00255897 
-0.01222714 -0.00301140 -0.00044166 -0.00315610 -0.02333908 -0.00215163 -0.00111861 -0.00807515 -0.00155214 
-0.01127179 -0.00276063 -0.00082033 -0.00283770 -0.02158975 -0.00238892 -0.00083540 -0.00735901 -0.00145572 
-0.01024256 -0.00220933 -0.00102544 -0.00225210 -0.01991737 -0.00244601 -0.00048043 -0.00676445 -0.00137296 
-0.00955130 -0.00150744 -0.00093524 -0.00146243 -0.01913464 -0.00251089 -0.00009984 -0.00647987 -0.00134868 
-0.00938350 -0.00072757 -0.00086922 -0.00067333 -0.01821971 -0.00248093 0.00033098 -0.00627227 -0.00132067 
-0.00940093 -0.00011821 -0.00080120 -0.00003976 -0.01716646 -0.00240402 0.00065345 -0.00597879 -0.00126602 
-0.00950592 0.00030168 -0.00075150 0.00041241 -0.01632227 -0.00224216 0.00097895 -0.00584665 -0.00117362 
-0.00986912 0.00057445 -0.00072275 0.00069630 -0.01564682 -0.00204919 0.00129330 -0.00551813 -0.00107020 
-0.01069713 0.00067038 -0.00085595 0.00074971 -0.01548959 -0.00193356 0.00141976 -0.00530597 -0.00101166 
-0.01167176 0.00039908 -0.00107286 0.00046290 -0.01587797 -0.00201213 0.00132118 -0.00506027 -0.00102483 
-0.01273890 -0.00041381 -0.00147816 -0.00044268 -0.01723600 -0.00233795 0.00098577 -0.00503775 -0.00118410 
-0.01403948 -0.00159341 -0.00198611 -0.00167265 -0.02082375 -0.00351008 0.00050050 -0.00546115 -0.00164843 
-0.01672567 -0.00284955 -0.00264409 -0.00318903 -0.02835769 -0.00544286 -0.00046107 -0.00707862 -0.00276300 
-0.02267848 -0.00373503 -0.00336027 -0.00467371 -0.04208143 -0.00780937 -0.00232953 -0.00970711 -0.00397231 
-0.02765420 -0.00457305 -0.00388932 -0.00611952 -0.05642129 -0.00983416 -0.00326984 -0.00842949 -0.00411132 
-0.02973615 -0.00542340 -0.00424546 -0.00673443 -0.06577321 -0.00882937 -0.00274186 -0.00167350 -0.00290168 
-0.02987643 -0.00597863 -0.00396144 -0.00544304 -0.07111148 -0.00923988 -0.00205634 0.00912053 -0.00127587 
-0.02795444 -0.00546271 -0.00279014 -0.00355839 -0.06944723 -0.00583326 -0.00162976 0.02033862 -0.00013832 
-0.02200043 -0.00390699 -0.00111258 -0.00268285 -0.05476297 0.00069318 -0.00065134 0.02312565 -0.00192423 
-0.01441800 -0.00176533 0.00017069 -0.00164972 -0.03627788 0.00358219 -0.00012140 0.01657307 -0.00312618 
-0.00957040 0.00004200 0.00071569 -0.00030040 -0.02296672 0.00263850 0.00006628 0.01010915 -0.00199025 
-0.00833198 0.00086941 0.00079574 0.00046410 -0.01806028 0.00226166 -0.00026703 0.00803052 -0.00152393 
-0.00806771 0.00135139 0.00079096 0.00093640 -0.01418205 0.00191740 -0.00052274 0.00674896 -0.00130255 
-0.00836328 0.00154400 0.00073576 0.00109284 -0.01204232 0.00164827 -0.00082910 0.00593502 -0.00113771 
-0.00901300 0.00147807 0.00078881 0.00099840 -0.01058843 0.00145746 -0.00104210 0.00540165 -0.00102328 
-0.00974970 0.00129519 0.00089179 0.00079157 -0.00984024 0.00127349 -0.00121891 0.00497159 -0.00090197 
-0.01041489 0.00092379 0.00109453 0.00035977 -0.00942617 0.00117991 -0.00129486 0.00470163 -0.00081636 
-0.01086807 0.00050888 0.00139619 -0.00010046 -0.00944245 0.00123476 -0.00126519 0.00446413 -0.00074331 
-0.01106836 0.00001360 0.00174873 -0.00065908 -0.00970166 0.00143463 -0.00114199 0.00432176 -0.00072729 
-0.01093611 -0.00060011 0.00190220 -0.00126092 -0.01041346 0.00164872 -0.00097831 0.00418859 -0.00072511 
-0.01109719 -0.00124673 0.00228951 -0.00195338 -0.01164512 0.00210073 -0.00068218 0.00414800 -0.00083288 
-0.01160795 -0.00196124 0.00273141 -0.00272522 -0.01448000 0.00322459 -0.00030076 0.00454888 -0.00120340 
-0.01328639 -0.00279577 0.00351062 -0.00359038 -0.01941728 0.00496361 0.00043473 0.00542765 -0.00198367 
-0.01741550 -0.00337284 0.00440385 -0.00402166 -0.02894785 0.00882505 0.00159087 0.00726215 -0.00352991 
-0.02123608 -0.00391256 0.00493826 -0.00366940 -0.03871636 0.01241417 0.00235680 0.00695827 -0.00397295 
-0.02280079 -0.00474274 0.00499348 -0.00320564 -0.04591705 0.01416108 0.00265914 0.00313372 -0.00261888 
-0.02277333 -0.00540925 0.00444540 -0.00255975 -0.04988565 0.01423189 0.00287327 -0.00300063 -0.00044412 
-0.02065794 -0.00529991 0.00319354 -0.00218065 -0.04750573 0.01031552 0.00256071 -0.00903377 0.00106164 
-0.01483990 -0.00425665 0.00134462 -0.00251666 -0.03479597 0.00367491 0.00123159 -0.00925280 0.00001771 
-0.00974334 -0.00290333 0.00012541 -0.00221740 -0.02211421 0.00110835 0.00057801 -0.00485737 -0.00059051 
-0.00831163 -0.00150582 -0.00029868 -0.00104545 -0.01799895 0.00084361 0.00061717 -0.00337558 -0.00043679 
-0.00802290 -0.00043067 -0.00048942 -0.00002945 -0.01636290 0.00046613 0.00085475 -0.00304843 -0.00045297 
-0.00841591 0.00048863 -0.00052885 0.00082841 -0.01501449 0.00022897 0.00109882 -0.00276318 -0.00048149 
-0.00928650 0.00104473 -0.00051876 0.00134791 -0.01392888 0.00006996 0.00141396 -0.00253341 -0.00048302 
-0.01025850 0.00129282 -0.00047193 0.00156241 -0.01288248 -0.00001692 0.00167228 -0.00221112 -0.00047441 
-0.01100905 0.00130758 -0.00044619 0.00154721 -0.01178578 -0.00007082 0.00178891 -0.00178014 -0.00045720 
-0.01145256 0.00115653 -0.00048014 0.00136531 -0.01085972 -0.00013528 0.00169305 -0.00137922 -0.00044968 
-0.01202594 0.00080926 -0.00050477 0.00098645 -0.01018471 -0.00014350 0.00155644 -0.00105604 -0.00044502 
-0.01244169 0.00022040 -0.00054353 0.00034177 -0.00988608 -0.00018406 0.00134376 -0.00080728 -0.00045775 
-0.01224227 -0.00047009 -0.00052638 -0.00041334 -0.00969816 -0.00027486 0.00109307 -0.00062070 -0.00046120 
-0.01183122 -0.00105442 -0.00049646 -0.00104932 -0.01013154 -0.00032424 0.00080572 -0.00050620 -0.00047431 
-0.01125592 -0.00136602 -0.00053777 -0.00141041 -0.01081161 -0.00029542 0.00048116 -0.00046199 -0.00047894 
-0.01056788 -0.00145707 -0.00058171 -0.00154203 -0.01139960 -0.00029138 0.00020785 -0.00046629 -0.00047627 
-0.00974000 -0.00133616 -0.00055335 -0.00145370 -0.01184919 -0.00030851 0.00001480 -0.00055270 -0.00046388 
-0.00911267 -0.00095214 -0.00054642 -0.00109170 -0.01234311 -0.00029586 -0.00011594 -0.00066256 -0.00045842 
-0.00873329 -0.00032114 -0.00055660 -0.00049307 -0.01279505 -0.00028401 -0.00018152 -0.00081505 -0.00046328 
-0.00853450 0.00041565 -0.00058986 0.00021723 -0.01275961 -0.00023226 -0.00018949 -0.00091100 -0.00045505 
-0.00861520 0.00113539 -0.00057957 0.00091890 -0.01239762 -0.00018751 -0.00019204 -0.00095884 -0.00044936 
-0.00889600 0.00171682 -0.00052417 0.00148480 -0.01167970 -0.00014261 -0.00011676 -0.00097709 -0.00043797 
-0.00924927 0.00199672 -0.00056525 0.00176718 -0.01070201 -0.00014048 -0.00010882 -0.00098308 -0.00042141 
-0.00964275 0.00197463 -0.00057857 0.00176971 -0.00961045 -0.00014521 -0.00002784 -0.00091103 -0.00040783 
-0.01036023 0.00180109 -0.00055469 0.00162756 -0.00892291 -0.00021553 0.00004806 -0.00086805 -0.00039261 
-0.01108481 0.00151467 -0.00055338 0.00138390 -0.00846752 -0.00031029 0.00005715 -0.00084285 -0.00038813 
-0.01180714 0.00112699 -0.00047077 0.00103732 -0.00821237 -0.00036813 0.00008070 -0.00079355 -0.00038069 
-0.01230790 0.00062701 -0.00035434 0.00055635 -0.00809065 -0.00040213 0.00011730 -0.00072238 -0.00037358 
-0.01247717 0.00014052 -0.00026909 0.00010686 -0.00821410 -0.00041234 0.00009006 -0.00066340 -0.00036828 
-0.01235274 -0.00024290 -0.00027839 -0.00023742 -0.00829022 -0.00040832 0.00000270 -0.00059327 -0.00036772 
-0.01206054 -0.00068154 -0.00021487 -0.00065125 -0.00827324 -0.00041869 -0.00006828 -0.00062534 -0.00038273 
-0.01172592 -0.00113661 -0.00014351 -0.00109953 -0.00863323 -0.00037625 -0.00010871 -0.00061212 -0.00038458 
-0.01131512 -0.00145431 -0.00016016 -0.00140496 -0.00907111 -0.00030289 -0.00017256 -0.00060214 -0.00038134 
-0.01090061 -0.00168824 -0.00012368 -0.00162520 -0.00938662 -0.00028026 -0.00020426 -0.00063578 -0.00037642 
-0.01028537 -0.00182290 -0.00011802 -0.00175703 -0.00974080 -0.00027887 -0.00020703 -0.00069484 -0.00038409 
-0.00957125 -0.00182337 -0.00010546 -0.00174824 -0.01002862 -0.00028178 -0.00016620 -0.00073841 -0.00038282 
-0.00898081 -0.00171761 -0.00015683 -0.00162065 -0.01038371 -0.00031177 -0.00017588 -0.00075833 -0.00039288 
-0.00839506 -0.00145094 -0.00020445 -0.00135569 -0.01083352 -0.00039430 -0.00014414 -0.00083189 -0.00039012 
-0.00777752 -0.00104265 -0.00021211 -0.00094735 -0.01108136 -0.00050007 -0.00009670 -0.00091572 -0.00037560 
-0.00782951 -0.00066973 -0.00020232 -0.00055959 -0.01156327 -0.00059548 -0.00003223 -0.00099869 -0.00038247 
-0.00803318 -0.00027787 -0.00012568 -0.00015734 -0.01198579 -0.00064410 0.00003648 -0.00100881 -0.00039476 
-0.00779258 0.00024111 -0.00012258 0.00036357 -0.01176702 -0.00064074 0.00003876 -0.00094109 -0.00038431 
-0.00755206 0.00073217 -0.00008316 0.00087488 -0.01114314 -0.00059063 -0.00000055 -0.00083255 -0.00036899 
-0.00760772 0.00107371 -0.00005673 0.00121937 -0.01026263 -0.00052216 -0.00004339 -0.00074950 -0.00034674 
-0.00748504 0.00104131 -0.00004924 0.00122174 -0.00894896 -0.00044049 -0.00014910 -0.00066556 -0.00030821 
-0.00690285 0.00078056 -0.00003043 0.00097642 -0.00737813 -0.00032922 -0.00021183 -0.00059808 -0.00023930 
-0.00535001 0.00039634 -0.00004503 0.00063012 -0.00529706 -0.00025578 -0.00031303 -0.00045976 -0.00013903 
-0.00249585 -0.00012193 -0.00005995 0.00000891 -0.00225471 -0.00015510 -0.00032271 -0.00019352 -0.00002956 
