-0.00189747 0.00012493 -0.00003461 0.00002354 -0.00162549 0.00012657 -0.00023467 0.00017087 -0.00003190 
-0.00448176 -0.00032827 -0.00006203 -0.00047546 -0.00388854 0.00017123 -0.00028787 0.00035655 -0.00013878 
-0.00568414 -0.00073204 -0.00008011 -0.00083306 -0.00523076 0.00020467 -0.00022205 0.00033691 -0.00020334 
-0.00622549 -0.00100193 -0.00003532 -0.00108784 -0.00630362 0.00018933 -0.00015719 0.00030940 -0.00023513 
-0.00627864 -0.00109359 -0.00001864 -0.00115708 -0.00703849 0.00023804 -0.00003661 0.00034955 -0.00024713 
-0.00604360 -0.00105212 -0.00002853 -0.00111847 -0.00760151 0.00031555 -0.00001912 0.00045445 -0.00025094 
-0.00568275 -0.00077795 -0.00004799 -0.00084882 -0.00808783 0.00038573 0.00003063 0.00055589 -0.00024604 
-0.00535261 -0.00030773 -0.00006249 -0.00038535 -0.00819944 0.00039421 -0.00000694 0.00062146 -0.00023960 
-0.00516619 0.00013844 -0.00009749 0.00007149 -0.00799894 0.00037792 -0.00005813 0.00062162 -0.00022701 
-0.00523351 0.00051996 -0.00009334 0.00046263 -0.00794370 0.00036237 -0.00011044 0.00065382 -0.00022789 
-0.00537435 0.00090358 -0.00011386 0.00084772 -0.00790902 0.00035394 -0.00014315 0.00067686 -0.00021708 
-0.00569946 0.00125811 -0.00015250 0.00119826 -0.00774687 0.00030529 -0.00022011 0.00067115 -0.00021332 
-0.00618483 0.00144298 -0.00018851 0.00138372 -0.00745010 0.00023189 -0.00026520 0.00061316 -0.00020299 
-0.00664163 0.00144182 -0.00019498 0.00140177 -0.00710760 0.00018132 -0.00028409 0.00056082 -0.00019945 
-0.00686749 0.00139432 -0.00014976 0.00136758 -0.00655618 0.00017142 -0.00022016 0.00052947 -0.00018379 
-0.00710210 0.00127521 -0.00003022 0.00126626 -0.00602183 0.00019303 -0.00013885 0.00052964 -0.00017889 
-0.00774789 0.00105158 0.00000217 0.00106652 -0.00591955 0.00022058 -0.00009018 0.00053058 -0.00019826 
-0.00813941 0.00083899 -0.00001093 0.00085797 -0.00571784 0.00023460 -0.00006054 0.00051999 -0.00019187 
-0.00830597 0.00056298 0.00001483 0.00057952 -0.00553107 0.00027193 0.00000377 0.00052224 -0.00019117 
-0.00845937 0.00024183 -0.00002660 0.00026390 -0.00550076 0.00029057 0.00003457 0.00050243 -0.00020386 
-0.00828015 -0.00008144 -0.00004579 -0.00005161 -0.00543069 0.00027538 0.00010154 0.00049521 -0.00021802 
-0.00794769 -0.00045299 -0.00011799 -0.00041078 -0.00534170 0.00028664 0.00012433 0.00054416 -0.00022515 
-0.00773407 -0.00082787 -0.00017649 -0.00077557 -0.00556871 0.00025134 0.00011599 0.00056023 -0.00024259 
-0.00755375 -0.00113622 -0.00022264 -0.00107026 -0.00596461 0.00019388 0.00013698 0.00055220 -0.00024509 
-0.00743037 -0.00135942 -0.00028316 -0.00127375 -0.00642807 0.00016375 0.00010744 0.00063130 -0.00024500 
-0.00711138 -0.00147459 -0.00030363 -0.00137793 -0.00693511 0.00014936 0.00008125 0.00066693 -0.00023844 
-0.00666428 -0.00146636 -0.00029268 -0.00135215 -0.00748905 0.00015118 0.00008169 0.00070352 -0.00022962 
-0.00644217 -0.00124822 -0.00029918 -0.00113062 -0.00818681 0.00015451 0.00003471 0.00072826 -0.00023586 
-0.00612513 -0.00089137 -0.00030395 -0.00077585 -0.00849631 0.00013302 -0.00004389 0.00070816 -0.00023289 
-0.00585613 -0.00051716 -0.00026443 -0.00039237 -0.00853311 0.00009538 -0.00007602 0.00063703 -0.00022531 
-0.00565883 -0.00011509 -0.00023056 0.00001964 -0.00840900 0.00006832 -0.00009911 0.00056018 -0.00022354 
-0.00561223 0.00027578 -0.00021595 0.00041543 -0.00821803 0.00006302 -0.00010138 0.00050020 -0.00022673 
-0.00581862 0.00071458 -0.00018930 0.00085290 -0.00805193 0.00010714 -0.00007158 0.00046275 -0.00023576 
-0.00629373 0.00109085 -0.00018607 0.00121282 -0.00766325 0.00013088 -0.00001628 0.00040110 -0.00024996 
-0.00684900 0.00116260 -0.00018862 0.00126197 -0.00718685 0.00012556 0.00010369 0.00033857 -0.00026019 
-0.00728273 0.00099694 -0.00019190 0.00106411 -0.00664963 0.00010765 0.00028686 0.00031177 -0.00025866 
-0.00769824 0.00068333 -0.00019409 0.00072237 -0.00632542 0.00013340 0.00046291 0.00037954 -0.00025831 
-0.00812663 0.00028040 -0.00020768 0.00029369 -0.00633443 0.00016080 0.00060571 0.00046040 -0.00026343 
-0.00816546 -0.00018206 -0.00019512 -0.00019984 -0.00621877 0.00015314 0.00080420 0.00056851 -0.00026296 
-0.00794461 -0.00070685 -0.00018836 -0.00077422 -0.00639934 0.00018536 0.00098788 0.00076318 -0.00027402 
-0.00745612 -0.00111552 -0.00018732 -0.00123107 -0.00700150 0.00023306 0.00112562 0.00100344 -0.00029169 
-0.00678328 -0.00134747 -0.00022990 -0.00150496 -0.00781258 0.00028243 0.00113795 0.00128169 -0.00031002 
-0.00620090 -0.00129841 -0.00030494 -0.00150532 -0.00895362 0.00033272 0.00106571 0.00160817 -0.00033342 
-0.00574476 -0.00091254 -0.00030409 -0.00118943 -0.01034230 0.00029561 0.00102280 0.00192091 -0.00036274 
-0.00549806 -0.00037370 -0.00031307 -0.00074041 -0.01189839 0.00020772 0.00097076 0.00229110 -0.00036805 
-0.00580818 0.00051594 -0.00028382 -0.00005563 -0.01489796 0.00004652 0.00111426 0.00319900 -0.00044318 
-0.00886863 0.00141293 0.00020640 0.00017129 -0.02346431 -0.00092028 0.00202955 0.00570719 -0.00041459 
-0.01274149 0.00224068 0.00105670 0.00027388 -0.03307748 -0.00387098 0.00249271 0.00592989 -0.00005447 
-0.01464990 0.00291245 0.00172054 0.00114104 -0.03681226 -0.00607267 0.00262613 0.00217379 -0.00065347 
-0.01510265 0.00317615 0.00207094 0.00210199 -0.03592665 -0.00656106 0.00248266 -0.00174086 -0.00142282 
-0.01434005 0.00294279 0.00213454 0.00274392 -0.03165878 -0.00599981 0.00235906 -0.00491038 -0.00200475 
-0.01177367 0.00281220 0.00190361 0.00313063 -0.02407940 -0.00479637 0.00199233 -0.00600746 -0.00193581 
-0.00878253 0.00270719 0.00151439 0.00298199 -0.01640518 -0.00334555 0.00102813 -0.00426218 -0.00122432 
-0.00731168 0.00236854 0.00125952 0.00258503 -0.01116263 -0.00226815 0.00040087 -0.00299212 -0.00074130 
-0.00689936 0.00196145 0.00106747 0.00216962 -0.00850759 -0.00167124 -0.00002692 -0.00249885 -0.00053373 
-0.00688449 0.00149368 0.00098294 0.00168039 -0.00688354 -0.00126838 -0.00033789 -0.00228106 -0.00042096 
-0.00673843 0.00109361 0.00085453 0.00128288 -0.00597872 -0.00100999 -0.00060291 -0.00226850 -0.00038368 
-0.00679787 0.00076173 0.00075351 0.00097117 -0.00554452 -0.00090610 -0.00080719 -0.00233292 -0.00039456 
-0.00676317 0.00029968 0.00060131 0.00051634 -0.00521553 -0.00085925 -0.00101819 -0.00246905 -0.00043505 
-0.00644023 -0.00027125 0.00041962 -0.00005766 -0.00509130 -0.00082604 -0.00116207 -0.00263151 -0.00048084 
-0.00614796 -0.00077731 0.00032165 -0.00056771 -0.00562171 -0.00090507 -0.00126369 -0.00299934 -0.00055333 
-0.00597863 -0.00115896 0.00022647 -0.00098254 -0.00675736 -0.00103178 -0.00135836 -0.00343769 -0.00065152 
-0.00552140 -0.00143227 0.00021730 -0.00127326 -0.00793142 -0.00119344 -0.00134950 -0.00399285 -0.00077039 
-0.00533758 -0.00163327 0.00024490 -0.00148354 -0.01035010 -0.00142900 -0.00128656 -0.00485014 -0.00092650 
-0.00567544 -0.00149723 0.00024075 -0.00145411 -0.01417486 -0.00168861 -0.00122741 -0.00647227 -0.00120309 
-0.00843305 -0.00082831 0.00000274 -0.00114782 -0.02371939 -0.00261359 -0.00169162 -0.01066381 -0.00206046 
-0.01365936 0.00048912 -0.00075350 -0.00091090 -0.03833276 -0.00127466 -0.00238812 -0.01586344 -0.00169382 
-0.01808468 0.00173255 -0.00168362 -0.00046358 -0.05105346 0.00250857 -0.00308074 -0.01523084 -0.00067945 
-0.01970560 0.00229675 -0.00238716 0.00126114 -0.05430294 0.00406059 -0.00300250 -0.00676995 -0.00128855 
-0.01938718 0.00258043 -0.00257512 0.00310086 -0.05144643 0.00366552 -0.00331697 0.00060783 -0.00188732 
-0.01775972 0.00273722 -0.00251813 0.00407815 -0.04470540 0.00352680 -0.00372543 0.00568211 -0.00211994 
-0.01412500 0.00295028 -0.00204395 0.00425847 -0.03325283 0.00311235 -0.00328091 0.00714751 -0.00186329 
-0.01068426 0.00295481 -0.00155498 0.00343958 -0.02199020 0.00270684 -0.00152506 0.00454401 -0.00133470 
-0.00891127 0.00226138 -0.00118706 0.00249206 -0.01470220 0.00169755 -0.00034877 0.00313193 -0.00083160 
-0.00845263 0.00142920 -0.00102343 0.00154228 -0.01163121 0.00127243 0.00033225 0.00258684 -0.00062207 
-0.00853928 0.00063667 -0.00091629 0.00071413 -0.01012190 0.00111697 0.00081447 0.00267212 -0.00056381 
-0.00836637 -0.00000922 -0.00076031 0.00003456 -0.00944756 0.00103440 0.00121791 0.00278748 -0.00053318 
-0.00783849 -0.00057961 -0.00060333 -0.00055890 -0.00915925 0.00099439 0.00141780 0.00310724 -0.00056439 
-0.00736525 -0.00089901 -0.00055309 -0.00088868 -0.00947119 0.00105848 0.00142237 0.00340487 -0.00063042 
-0.00665247 -0.00081352 -0.00051285 -0.00084133 -0.00996837 0.00115394 0.00123826 0.00373263 -0.00070411 
-0.00595285 -0.00045897 -0.00049718 -0.00051037 -0.01044622 0.00124111 0.00101419 0.00399973 -0.00077568 
-0.00556010 0.00008975 -0.00052515 0.00003322 -0.01111236 0.00132154 0.00072643 0.00430081 -0.00085008 
-0.00534935 0.00063417 -0.00057615 0.00058854 -0.01156263 0.00139554 0.00037117 0.00449308 -0.00088051 
-0.00567070 0.00117819 -0.00054298 0.00115621 -0.01285148 0.00146153 0.00009204 0.00487009 -0.00095018 
-0.00642200 0.00156168 -0.00046414 0.00156636 -0.01417532 0.00137459 -0.00015229 0.00536880 -0.00103222 
-0.00878850 0.00216107 -0.00014125 0.00212027 -0.01966997 0.00200481 -0.00026314 0.00747647 -0.00153592 
-0.01371231 0.00310510 0.00077382 0.00261087 -0.03023106 0.00201668 0.00002600 0.01140405 -0.00189769 
-0.01876727 0.00368298 0.00191704 0.00304495 -0.04104571 -0.00007596 0.00002561 0.01196369 -0.00138983 
-0.02111308 0.00356783 0.00267796 0.00382552 -0.04604983 -0.00203250 0.00055941 0.00638234 -0.00134151 
-0.02060942 0.00301372 0.00272320 0.00397366 -0.04486289 -0.00277498 0.00115630 0.00010056 -0.00150217 
-0.01912328 0.00216819 0.00248381 0.00334831 -0.04024024 -0.00327126 0.00164414 -0.00493018 -0.00174721 
-0.01531612 0.00142402 0.00207461 0.00230908 -0.03039159 -0.00345255 0.00107120 -0.00707716 -0.00189237 
-0.01138483 0.00077329 0.00154082 0.00114507 -0.02065160 -0.00280480 -0.00014169 -0.00533575 -0.00129692 
-0.00912867 0.00036113 0.00102246 0.00051542 -0.01441988 -0.00147065 -0.00098418 -0.00401598 -0.00059945 
-0.00818197 0.00002472 0.00076256 0.00013302 -0.01137980 -0.00096710 -0.00122109 -0.00356966 -0.00042109 
-0.00781610 -0.00029416 0.00062967 -0.00023369 -0.01003847 -0.00084451 -0.00137713 -0.00340689 -0.00042664 
-0.00737129 -0.00058279 0.00045041 -0.00053260 -0.00918222 -0.00067599 -0.00143039 -0.00337357 -0.00042895 
-0.00684467 -0.00088137 0.00031974 -0.00083993 -0.00881500 -0.00068248 -0.00139699 -0.00341669 -0.00047702 
-0.00645797 -0.00105553 0.00022479 -0.00098791 -0.00911868 -0.00078418 -0.00133499 -0.00368246 -0.00052768 
-0.00627371 -0.00112509 0.00020826 -0.00105302 -0.00972639 -0.00091317 -0.00118929 -0.00386943 -0.00059527 
-0.00611139 -0.00106554 0.00016521 -0.00097370 -0.01059110 -0.00103223 -0.00105549 -0.00417214 -0.00065415 
-0.00573716 -0.00092045 0.00010669 -0.00082710 -0.01166404 -0.00109599 -0.00086764 -0.00453465 -0.00071027 
-0.00538987 -0.00050693 0.00014366 -0.00039170 -0.01313440 -0.00112641 -0.00060176 -0.00499939 -0.00073766 
-0.00566018 0.00006796 0.00015597 0.00023062 -0.01517054 -0.00114139 -0.00029391 -0.00551356 -0.00080942 
-0.00625087 0.00065158 0.00006752 0.00085064 -0.01709578 -0.00103338 -0.00002934 -0.00621296 -0.00088813 
-0.00784262 0.00119208 -0.00011720 0.00143298 -0.02133402 -0.00161312 0.00039749 -0.00746388 -0.00129829 
-0.01152747 0.00188736 -0.00069181 0.00191895 -0.02978512 -0.00198637 0.00040801 -0.01020360 -0.00183110 
-0.01590621 0.00257487 -0.00146063 0.00268274 -0.03950669 -0.00180084 0.00040771 -0.01065016 -0.00203151 
-0.01826050 0.00278187 -0.00196686 0.00388315 -0.04433721 -0.00157783 -0.00018514 -0.00553975 -0.00193500 
-0.01903585 0.00258638 -0.00198768 0.00432525 -0.04422604 -0.00090590 -0.00120340 0.00017333 -0.00157512 
-0.01855232 0.00196538 -0.00162977 0.00350319 -0.03992177 0.00047667 -0.00197307 0.00440219 -0.00141419 
-0.01565342 0.00107554 -0.00135361 0.00171973 -0.03108758 0.00233010 -0.00115863 0.00625930 -0.00170357 
-0.01174061 0.00017550 -0.00102865 0.00014513 -0.02155993 0.00263660 0.00025994 0.00490023 -0.00145659 
-0.00907167 -0.00031922 -0.00060643 -0.00044073 -0.01580943 0.00148379 0.00116646 0.00397909 -0.00080305 
-0.00818590 -0.00067043 -0.00032734 -0.00081008 -0.01359254 0.00088730 0.00156095 0.00371024 -0.00060716 
-0.00772931 -0.00085870 -0.00023313 -0.00102502 -0.01285345 0.00084944 0.00174215 0.00384954 -0.00059265 
-0.00711907 -0.00090772 -0.00020079 -0.00105492 -0.01227877 0.00083773 0.00165405 0.00406072 -0.00060976 
-0.00652145 -0.00076093 -0.00021578 -0.00088559 -0.01218289 0.00091221 0.00143677 0.00418913 -0.00065689 
-0.00632162 -0.00040647 -0.00023564 -0.00050253 -0.01234095 0.00102962 0.00104370 0.00439479 -0.00071275 
-0.00601103 0.00009873 -0.00028076 0.00002662 -0.01225643 0.00107901 0.00067570 0.00446110 -0.00072106 
-0.00601256 0.00068349 -0.00026791 0.00062511 -0.01217330 0.00112065 0.00035547 0.00446472 -0.00070938 
-0.00637410 0.00114162 -0.00022143 0.00111043 -0.01212341 0.00106533 0.00013843 0.00450378 -0.00069857 
-0.00653692 0.00131836 -0.00017526 0.00133237 -0.01193109 0.00097600 -0.00017506 0.00442597 -0.00066443 
-0.00703516 0.00145838 -0.00003900 0.00155574 -0.01264039 0.00095447 -0.00037893 0.00453138 -0.00068211 
-0.00764045 0.00158464 0.00012438 0.00172023 -0.01380184 0.00085772 -0.00067286 0.00492835 -0.00070077 
-0.00932349 0.00167044 0.00046395 0.00189826 -0.01743126 0.00148484 -0.00074649 0.00587616 -0.00108672 
-0.01244894 0.00183123 0.00100300 0.00186796 -0.02438880 0.00222871 -0.00075485 0.00775673 -0.00168111 
-0.01666811 0.00197838 0.00154194 0.00226560 -0.03375031 0.00274863 -0.00090202 0.00845810 -0.00207376 
-0.01935850 0.00168794 0.00170000 0.00252902 -0.04044113 0.00182457 -0.00015772 0.00454737 -0.00169651 
-0.02017469 0.00106681 0.00171081 0.00191312 -0.04218738 -0.00024736 0.00090532 -0.00020176 -0.00126647 
-0.01947096 0.00028622 0.00159633 0.00067832 -0.03937896 -0.00212320 0.00108302 -0.00441997 -0.00157715 
-0.01616720 -0.00022033 0.00147101 -0.00027632 -0.03093279 -0.00364770 0.00010319 -0.00699102 -0.00210478 
-0.01178079 -0.00043630 0.00116619 -0.00060469 -0.02134221 -0.00294582 -0.00067140 -0.00583837 -0.00163879 
-0.00913603 -0.00068561 0.00075714 -0.00083682 -0.01504979 -0.00134854 -0.00108930 -0.00454240 -0.00081278 
-0.00797247 -0.00096115 0.00055558 -0.00104719 -0.01228456 -0.00077078 -0.00129430 -0.00419609 -0.00057398 
-0.00719225 -0.00123873 0.00040817 -0.00133478 -0.01112954 -0.00073070 -0.00127937 -0.00402796 -0.00055963 
-0.00667676 -0.00139984 0.00025422 -0.00144166 -0.01077790 -0.00068912 -0.00120237 -0.00412995 -0.00054096 
-0.00658394 -0.00140767 0.00019262 -0.00142485 -0.01111600 -0.00078419 -0.00101763 -0.00429831 -0.00059805 
-0.00648826 -0.00138563 0.00010084 -0.00135388 -0.01158816 -0.00084339 -0.00087453 -0.00448713 -0.00061940 
-0.00620679 -0.00122932 -0.00006029 -0.00117275 -0.01215142 -0.00086497 -0.00071651 -0.00465750 -0.00064651 
-0.00583507 -0.00087514 -0.00006514 -0.00077327 -0.01285975 -0.00085262 -0.00036936 -0.00490657 -0.00063702 
-0.00596308 -0.00032460 -0.00005310 -0.00016909 -0.01374195 -0.00082734 0.00002972 -0.00503102 -0.00067738 
-0.00640312 0.00020954 -0.00008180 0.00037988 -0.01458128 -0.00079061 0.00042194 -0.00525753 -0.00069692 
-0.00692193 0.00050033 -0.00009536 0.00075688 -0.01565403 -0.00076858 0.00090383 -0.00541680 -0.00072626 
-0.00752628 0.00076701 -0.00018892 0.00106103 -0.01698765 -0.00066302 0.00121248 -0.00553953 -0.00077724 
-0.00901278 0.00105449 -0.00048393 0.00150648 -0.02060160 -0.00141874 0.00137088 -0.00606342 -0.00116702 
-0.01176209 0.00139466 -0.00094359 0.00185405 -0.02656342 -0.00286643 0.00135689 -0.00723175 -0.00204638 
-0.01564688 0.00166264 -0.00122997 0.00245538 -0.03391008 -0.00452960 0.00112228 -0.00731033 -0.00276821 
-0.01867662 0.00145069 -0.00120556 0.00249121 -0.03941036 -0.00376986 0.00006487 -0.00375932 -0.00219650 
-0.01999667 0.00060646 -0.00131245 0.00109153 -0.04118978 -0.00106694 -0.00109743 -0.00007838 -0.00171793 
-0.01914155 -0.00044460 -0.00128405 -0.00085856 -0.03880406 0.00239606 -0.00047843 0.00349603 -0.00183945 
-0.01612296 -0.00107475 -0.00131280 -0.00150510 -0.03253910 0.00388530 0.00073693 0.00657028 -0.00233691 
-0.01192668 -0.00125775 -0.00097225 -0.00157654 -0.02449328 0.00285560 0.00134010 0.00637299 -0.00182201 
-0.00882378 -0.00132522 -0.00065613 -0.00158820 -0.01842914 0.00156517 0.00156698 0.00551480 -0.00105979 
-0.00702167 -0.00124782 -0.00042956 -0.00148302 -0.01512920 0.00080568 0.00147969 0.00506055 -0.00068323 
-0.00623885 -0.00095019 -0.00035259 -0.00116634 -0.01400139 0.00089119 0.00113205 0.00492140 -0.00066260 
-0.00580022 -0.00059236 -0.00022699 -0.00077125 -0.01311174 0.00088290 0.00082323 0.00489500 -0.00066019 
-0.00562815 -0.00011921 -0.00020355 -0.00028449 -0.01265443 0.00092985 0.00045162 0.00489070 -0.00068438 
-0.00573896 0.00036878 -0.00015151 0.00023984 -0.01211304 0.00099681 0.00007768 0.00472954 -0.00069898 
-0.00581941 0.00068249 -0.00009094 0.00058529 -0.01148188 0.00098711 -0.00017809 0.00453279 -0.00070325 
-0.00589551 0.00091659 -0.00001021 0.00087334 -0.01100910 0.00092028 -0.00044546 0.00440124 -0.00065897 
-0.00645793 0.00102685 0.00005648 0.00106110 -0.01098574 0.00083443 -0.00068065 0.00440911 -0.00064925 
-0.00698402 0.00104785 0.00017827 0.00111003 -0.01123867 0.00077752 -0.00091640 0.00445770 -0.00062137 
-0.00761671 0.00093087 0.00031739 0.00107065 -0.01210896 0.00079566 -0.00105366 0.00450554 -0.00064246 
-0.00840879 0.00077617 0.00047039 0.00088784 -0.01378165 0.00082478 -0.00117167 0.00479436 -0.00067344 
-0.00981266 0.00049832 0.00069608 0.00068914 -0.01705554 0.00143904 -0.00099998 0.00539652 -0.00099537 
-0.01198790 0.00040227 0.00104865 0.00057259 -0.02262042 0.00272709 -0.00081934 0.00650820 -0.00178104 
-0.01599732 0.00020446 0.00134941 0.00046019 -0.03153618 0.00372377 -0.00030936 0.00731301 -0.00238547 
-0.01987898 -0.00030045 0.00159255 -0.00021580 -0.04021076 0.00298806 0.00066605 0.00453297 -0.00183384 
-0.02077328 -0.00090656 0.00176674 -0.00117212 -0.04245614 0.00122317 0.00101961 0.00009653 -0.00138451 
-0.01927637 -0.00156423 0.00152962 -0.00211236 -0.03996051 -0.00071170 0.00010406 -0.00441895 -0.00160618 
-0.01617930 -0.00185040 0.00137520 -0.00228329 -0.03291742 -0.00292659 -0.00087823 -0.00808884 -0.00205577 
-0.01218104 -0.00170269 0.00107200 -0.00182957 -0.02359805 -0.00255144 -0.00099938 -0.00726532 -0.00178658 
-0.00916827 -0.00158425 0.00064182 -0.00175127 -0.01698195 -0.00150551 -0.00097993 -0.00544172 -0.00109941 
-0.00766724 -0.00161750 0.00035859 -0.00173827 -0.01393867 -0.00082813 -0.00092977 -0.00482880 -0.00074743 
-0.00726533 -0.00163236 0.00021257 -0.00173257 -0.01309289 -0.00091130 -0.00077271 -0.00468958 -0.00071226 
-0.00673123 -0.00168296 0.00005064 -0.00171695 -0.01222585 -0.00096203 -0.00055030 -0.00458672 -0.00069798 
-0.00618883 -0.00161775 -0.00007990 -0.00160000 -0.01198506 -0.00099471 -0.00038272 -0.00453384 -0.00069108 
-0.00571149 -0.00136286 -0.00015921 -0.00130587 -0.01215358 -0.00102017 -0.00009887 -0.00457863 -0.00067700 
-0.00550495 -0.00090136 -0.00015420 -0.00079664 -0.01238875 -0.00100171 0.00016900 -0.00454483 -0.00068852 
-0.00545411 -0.00037775 -0.00016700 -0.00025610 -0.01249854 -0.00100932 0.00051600 -0.00456030 -0.00068558 
-0.00561070 0.00009774 -0.00014752 0.00026485 -0.01244826 -0.00095249 0.00086965 -0.00450642 -0.00067824 
-0.00604229 0.00044339 -0.00009635 0.00062468 -0.01260305 -0.00084035 0.00122550 -0.00438699 -0.00065493 
-0.00654176 0.00056387 -0.00016802 0.00081592 -0.01327823 -0.00085544 0.00141818 -0.00429067 -0.00066160 
-0.00712656 0.00060732 -0.00028478 0.00085370 -0.01424088 -0.00088298 0.00150042 -0.00420799 -0.00068069 
-0.00856927 0.00050815 -0.00046925 0.00084719 -0.01692148 -0.00145795 0.00134999 -0.00451749 -0.00095049 
-0.01140684 0.00021232 -0.00093826 0.00061153 -0.02246586 -0.00327938 0.00088078 -0.00523993 -0.00188669 
-0.01529151 -0.00036876 -0.00116584 -0.00001265 -0.03001800 -0.00463729 -0.00017981 -0.00597783 -0.00264968 
-0.01855855 -0.00129515 -0.00123814 -0.00163943 -0.03777954 -0.00286962 -0.00109584 -0.00405833 -0.00198243 
-0.02025388 -0.00228885 -0.00148356 -0.00342310 -0.04275679 -0.00028356 -0.00076077 -0.00066383 -0.00159737 
-0.01950354 -0.00278141 -0.00152091 -0.00397463 -0.04282485 0.00123584 0.00057078 0.00417662 -0.00180307 
-0.01659403 -0.00291632 -0.00135252 -0.00328758 -0.03747441 0.00245194 0.00135779 0.00887120 -0.00210469 
-0.01223938 -0.00241895 -0.00085957 -0.00246004 -0.02870933 0.00219885 0.00132078 0.00905446 -0.00179956 
-0.00881229 -0.00171216 -0.00027458 -0.00193779 -0.02117800 0.00151854 0.00122175 0.00699526 -0.00124597 
-0.00717403 -0.00109649 0.00000580 -0.00131558 -0.01684373 0.00079392 0.00082181 0.00592025 -0.00082496 
-0.00619693 -0.00064306 0.00006013 -0.00081245 -0.01481854 0.00092842 0.00047070 0.00547026 -0.00075933 
-0.00550044 -0.00007402 0.00005827 -0.00019555 -0.01283336 0.00095926 0.00003341 0.00507300 -0.00070896 
-0.00546233 0.00049398 0.00003762 0.00041392 -0.01142563 0.00097957 -0.00031413 0.00466197 -0.00069072 
-0.00549701 0.00087774 0.00006568 0.00082685 -0.01017308 0.00089428 -0.00060479 0.00433050 -0.00061718 
-0.00560220 0.00103190 0.00007230 0.00102346 -0.00921113 0.00080075 -0.00082655 0.00401781 -0.00055830 
-0.00591527 0.00115627 0.00007773 0.00114833 -0.00870660 0.00072166 -0.00107328 0.00389088 -0.00050219 
-0.00650617 0.00113499 0.00012075 0.00115918 -0.00859234 0.00065469 -0.00124663 0.00370065 -0.00045090 
-0.00722987 0.00090786 0.00027372 0.00089687 -0.00892024 0.00060367 -0.00132888 0.00378878 -0.00041753 
-0.00768171 0.00056567 0.00043906 0.00057968 -0.00981096 0.00075336 -0.00126262 0.00380451 -0.00040562 
-0.00788988 0.00026046 0.00062228 0.00020430 -0.01092463 0.00090806 -0.00112383 0.00406497 -0.00044098 
-0.00845019 -0.00015944 0.00082460 -0.00020392 -0.01348879 0.00143178 -0.00089032 0.00452741 -0.00062231 
-0.01094224 -0.00073846 0.00129629 -0.00085951 -0.01939829 0.00260786 -0.00033828 0.00549102 -0.00123364 
-0.01536738 -0.00132860 0.00189044 -0.00188040 -0.02921823 0.00351055 0.00061237 0.00703624 -0.00191780 
-0.01905130 -0.00219053 0.00217453 -0.00295997 -0.03855024 0.00331381 0.00134156 0.00471733 -0.00175658 
-0.02029029 -0.00322343 0.00246255 -0.00409264 -0.04258519 0.00240729 0.00102517 0.00019033 -0.00147251 
-0.02010601 -0.00395190 0.00240213 -0.00454841 -0.04325469 0.00139398 0.00012592 -0.00537604 -0.00146553 
-0.01749005 -0.00419671 0.00186590 -0.00393394 -0.03853348 -0.00017995 -0.00080460 -0.01071302 -0.00141287 
-0.01314251 -0.00370161 0.00092732 -0.00331348 -0.02883090 -0.00162369 -0.00103644 -0.01050106 -0.00172078 
-0.00918791 -0.00280023 0.00011664 -0.00273027 -0.01995776 -0.00163028 -0.00104443 -0.00735219 -0.00138816 
-0.00713463 -0.00212818 -0.00027844 -0.00212648 -0.01498564 -0.00102579 -0.00072004 -0.00553420 -0.00089910 
-0.00653499 -0.00188662 -0.00051100 -0.00185629 -0.01381865 -0.00114456 -0.00046415 -0.00501988 -0.00083200 
-0.00596591 -0.00139216 -0.00058264 -0.00135625 -0.01278594 -0.00120463 -0.00008756 -0.00464831 -0.00079100 
-0.00553415 -0.00078242 -0.00049497 -0.00070131 -0.01215552 -0.00121797 0.00024208 -0.00438914 -0.00076115 
-0.00563042 -0.00014330 -0.00044873 -0.00007789 -0.01154842 -0.00119595 0.00059620 -0.00423489 -0.00073670 
-0.00576165 0.00031393 -0.00041430 0.00038892 -0.01069420 -0.00115390 0.00081456 -0.00398159 -0.00068320 
-0.00596351 0.00063054 -0.00037211 0.00072481 -0.01003066 -0.00104048 0.00107471 -0.00386386 -0.00060625 
-0.00632532 0.00076424 -0.00034734 0.00087653 -0.00943769 -0.00088491 0.00130111 -0.00355910 -0.00053337 
-0.00695720 0.00073593 -0.00042244 0.00082422 -0.00921600 -0.00077072 0.00136005 -0.00331086 -0.00048257 
-0.00750540 0.00038435 -0.00057110 0.00047714 -0.00929089 -0.00077259 0.00118950 -0.00300345 -0.00045344 
-0.00798889 -0.00030900 -0.00080547 -0.00025381 -0.01018731 -0.00095821 0.00085030 -0.00289466 -0.00051905 
-0.00841683 -0.00119372 -0.00102698 -0.00117580 -0.01251884 -0.00139729 0.00040917 -0.00303028 -0.00066556 
-0.00989026 -0.00210544 -0.00139286 -0.00224912 -0.01835018 -0.00224178 -0.00055914 -0.00389936 -0.00111699 
-0.01373144 -0.00275296 -0.00183356 -0.00349613 -0.02840801 -0.00277060 -0.00222840 -0.00601949 -0.00169055 
-0.01713401 -0.00339817 -0.00218955 -0.00457438 -0.03928768 -0.00271647 -0.00290153 -0.00483517 -0.00176285 
-0.01843241 -0.00403501 -0.00241337 -0.00497182 -0.04561983 -0.00202815 -0.00240419 -0.00047992 -0.00161723 
-0.01845798 -0.00423372 -0.00223740 -0.00401376 -0.04874821 -0.00224941 -0.00184379 0.00619519 -0.00133350 
-0.01714971 -0.00374367 -0.00163321 -0.00249646 -0.04706498 -0.00101940 -0.00137042 0.01360186 -0.00103139 
-0.01298739 -0.00255827 -0.00067277 -0.00166657 -0.03663147 0.00150852 -0.00064627 0.01481419 -0.00169257 
-0.00785413 -0.00099026 0.00011066 -0.00084901 -0.02326748 0.00242116 -0.00034024 0.01044763 -0.00193703 
-0.00514707 0.00030958 0.00040509 0.00013341 -0.01420667 0.00149332 -0.00029123 0.00647027 -0.00111285 
-0.00481379 0.00078913 0.00040201 0.00059237 -0.01126160 0.00136870 -0.00060206 0.00542084 -0.00093812 
-0.00494194 0.00103391 0.00040496 0.00081471 -0.00860316 0.00115023 -0.00073001 0.00444261 -0.00078254 
-0.00530982 0.00106535 0.00036477 0.00082798 -0.00718780 0.00097273 -0.00092307 0.00389785 -0.00068260 
-0.00588616 0.00092923 0.00036215 0.00070410 -0.00630215 0.00083868 -0.00106908 0.00352799 -0.00060230 
-0.00663336 0.00072879 0.00040303 0.00048859 -0.00595700 0.00072340 -0.00116939 0.00322289 -0.00052796 
-0.00715660 0.00040330 0.00052002 0.00014064 -0.00571838 0.00064341 -0.00118061 0.00295625 -0.00045379 
-0.00754549 0.00000426 0.00070102 -0.00027927 -0.00587521 0.00068917 -0.00110232 0.00278688 -0.00040390 
-0.00749910 -0.00040784 0.00084712 -0.00070201 -0.00599509 0.00075053 -0.00094307 0.00263364 -0.00035981 
-0.00734617 -0.00088010 0.00094741 -0.00116247 -0.00651769 0.00083919 -0.00073175 0.00253832 -0.00035770 
-0.00743420 -0.00136816 0.00114991 -0.00165918 -0.00764623 0.00108794 -0.00040982 0.00251668 -0.00041568 
-0.00749644 -0.00193680 0.00132399 -0.00226862 -0.00947064 0.00156683 -0.00007492 0.00281451 -0.00058198 
-0.00872446 -0.00259108 0.00176728 -0.00294954 -0.01391590 0.00243603 0.00067444 0.00350923 -0.00095632 
-0.01150774 -0.00305513 0.00225291 -0.00351332 -0.02144890 0.00375448 0.00175147 0.00507536 -0.00162837 
-0.01434357 -0.00336550 0.00264780 -0.00344731 -0.02922468 0.00493459 0.00231744 0.00424719 -0.00178407 
-0.01513168 -0.00389211 0.00269053 -0.00323142 -0.03359317 0.00541073 0.00232205 0.00142472 -0.00130294 
-0.01481331 -0.00402137 0.00233017 -0.00264462 -0.03529221 0.00527636 0.00222998 -0.00243052 -0.00063528 
-0.01295294 -0.00366599 0.00162136 -0.00201117 -0.03243448 0.00355637 0.00189856 -0.00628580 -0.00010141 
-0.00889624 -0.00280095 0.00050152 -0.00179910 -0.02318818 0.00101843 0.00096499 -0.00586554 -0.00043202 
-0.00571126 -0.00172102 -0.00014377 -0.00128946 -0.01471077 0.00028769 0.00051422 -0.00310940 -0.00041536 
-0.00501709 -0.00068401 -0.00026495 -0.00038135 -0.01235179 0.00014677 0.00063504 -0.00242113 -0.00033545 
-0.00504457 0.00010612 -0.00031633 0.00035467 -0.01116544 -0.00000739 0.00079153 -0.00218139 -0.00032845 
-0.00546540 0.00072571 -0.00029770 0.00091982 -0.01008881 -0.00009274 0.00096956 -0.00192708 -0.00034231 
-0.00620406 0.00099972 -0.00024943 0.00116487 -0.00926491 -0.00015680 0.00117585 -0.00173475 -0.00033761 
-0.00691598 0.00109767 -0.00015899 0.00123462 -0.00849617 -0.00016175 0.00132143 -0.00146249 -0.00033127 
-0.00745804 0.00101675 -0.00010870 0.00113736 -0.00771159 -0.00014607 0.00136811 -0.00110686 -0.00031410 
-0.00784808 0.00084438 -0.00014016 0.00095102 -0.00706696 -0.00016451 0.00124194 -0.00083257 -0.00030437 
-0.00833131 0.00054876 -0.00017953 0.00063941 -0.00659106 -0.00013211 0.00110504 -0.00062590 -0.00030036 
-0.00864164 0.00007921 -0.00020002 0.00014179 -0.00642802 -0.00012805 0.00093706 -0.00046634 -0.00031022 
-0.00855358 -0.00043817 -0.00019390 -0.00040825 -0.00638403 -0.00016929 0.00074449 -0.00036561 -0.00031517 
-0.00829081 -0.00084698 -0.00019335 -0.00084123 -0.00674538 -0.00017394 0.00052061 -0.00030817 -0.00031822 
-0.00779131 -0.00106686 -0.00022541 -0.00108894 -0.00718035 -0.00013461 0.00028612 -0.00027865 -0.00031869 
-0.00716920 -0.00112234 -0.00025244 -0.00117297 -0.00759457 -0.00012756 0.00009862 -0.00031093 -0.00031220 
-0.00651968 -0.00101341 -0.00026603 -0.00108369 -0.00797061 -0.00012140 -0.00005346 -0.00037575 -0.00030611 
-0.00615398 -0.00070519 -0.00029526 -0.00078695 -0.00843245 -0.00010808 -0.00012655 -0.00047314 -0.00029918 
-0.00597464 -0.00018369 -0.00031368 -0.00028684 -0.00880409 -0.00009147 -0.00014911 -0.00057189 -0.00030003 
-0.00580054 0.00039842 -0.00035073 0.00027632 -0.00875265 -0.00005484 -0.00013753 -0.00062847 -0.00029368 
-0.00580964 0.00093791 -0.00034565 0.00080554 -0.00840072 -0.00003139 -0.00010265 -0.00065708 -0.00028627 
-0.00610583 0.00134616 -0.00032458 0.00120219 -0.00792309 -0.00000185 -0.00004572 -0.00065981 -0.00027838 
-0.00647621 0.00153712 -0.00037108 0.00139274 -0.00724909 -0.00001143 -0.00004111 -0.00065952 -0.00026506 
-0.00675204 0.00147804 -0.00038162 0.00135100 -0.00643734 -0.00003487 0.00001126 -0.00060299 -0.00025138 
-0.00721157 0.00131991 -0.00036499 0.00121546 -0.00592997 -0.00009117 0.00005209 -0.00057134 -0.00023880 
-0.00772530 0.00108368 -0.00035577 0.00100985 -0.00564934 -0.00015525 0.00005077 -0.00054585 -0.00023734 
-0.00822135 0.00076065 -0.00029528 0.00071493 -0.00546783 -0.00019513 0.00004954 -0.00050846 -0.00023046 
-0.00858089 0.00035270 -0.00021380 0.00031575 -0.00542377 -0.00023127 0.00006131 -0.00045450 -0.00022728 
-0.00867387 -0.00003314 -0.00015932 -0.00004786 -0.00555784 -0.00024127 0.00001466 -0.00041445 -0.00022474 
-0.00856844 -0.00032929 -0.00016337 -0.00031991 -0.00564941 -0.00024803 -0.00006617 -0.00038592 -0.00022555 
-0.00831601 -0.00066257 -0.00010525 -0.00064013 -0.00568112 -0.00025601 -0.00012616 -0.00042998 -0.00023558 
-0.00805246 -0.00098837 -0.00004906 -0.00095848 -0.00594204 -0.00021645 -0.00015835 -0.00044312 -0.00023680 
-0.00779560 -0.00121419 -0.00006157 -0.00117606 -0.00628709 -0.00015412 -0.00020384 -0.00044518 -0.00023398 
-0.00746148 -0.00136436 -0.00003307 -0.00132116 -0.00650829 -0.00012880 -0.00021638 -0.00049735 -0.00023182 
-0.00704384 -0.00143628 -0.00003228 -0.00139259 -0.00681693 -0.00011951 -0.00020560 -0.00055797 -0.00024353 
-0.00652549 -0.00141061 -0.00002923 -0.00136335 -0.00704313 -0.00011737 -0.00015669 -0.00060399 -0.00024684 
-0.00612478 -0.00130483 -0.00006578 -0.00124407 -0.00733402 -0.00013139 -0.00014602 -0.00062939 -0.00025927 
-0.00570903 -0.00107721 -0.00009963 -0.00101824 -0.00770429 -0.00018744 -0.00010090 -0.00068577 -0.00025867 
-0.00528231 -0.00075143 -0.00010936 -0.00069396 -0.00792006 -0.00025854 -0.00003571 -0.00074955 -0.00024876 
-0.00530553 -0.00044554 -0.00011768 -0.00038112 -0.00823853 -0.00032593 0.00003137 -0.00080799 -0.00024962 
-0.00547822 -0.00011377 -0.00006943 -0.00004035 -0.00855727 -0.00036339 0.00009841 -0.00080823 -0.00026005 
-0.00534418 0.00030504 -0.00006297 0.00037843 -0.00842798 -0.00035528 0.00012634 -0.00074133 -0.00024860 
-0.00526249 0.00071305 -0.00004062 0.00080054 -0.00800745 -0.00032193 0.00009790 -0.00065208 -0.00024457 
-0.00543549 0.00099031 -0.00003595 0.00108131 -0.00742160 -0.00028513 0.00005665 -0.00058466 -0.00023459 
-0.00546687 0.00095681 -0.00003775 0.00107402 -0.00650240 -0.00023883 -0.00002858 -0.00052312 -0.00021634 
-0.00514756 0.00072270 -0.00001881 0.00085852 -0.00540499 -0.00016980 -0.00007604 -0.00046676 -0.00017216 
-0.00400146 0.00037813 -0.00003157 0.00054785 -0.00387013 -0.00013334 -0.00017659 -0.00036500 -0.00010646 
-0.00178103 -0.00008795 -0.00004037 0.00000976 -0.00157106 -0.00010240 -0.00020439 -0.00015990 -0.00002864 
