-0.00000011 0.00000002 0.00000001 0.00000003 -0.00000010 0.00000001 0.00000007 0.00000001 -0.00000001 
-0.00000021 0.00000003 0.00000000 0.00000003 -0.00000015 0.00000001 0.00000009 0.00000002 -0.00000001 
-0.00000026 0.00000002 -0.00000000 0.00000002 -0.00000017 0.00000000 0.00000008 0.00000002 -0.00000001 
-0.00000026 -0.00000001 -0.00000000 -0.00000001 -0.00000017 -0.00000000 0.00000007 0.00000002 -0.00000001 
-0.00000024 -0.00000002 -0.00000000 -0.00000003 -0.00000018 -0.00000000 0.00000004 0.00000002 -0.00000001 
-0.00000022 -0.00000003 -0.00000000 -0.00000004 -0.00000020 0.00000000 0.00000002 0.00000001 -0.00000001 
-0.00000018 -0.00000003 -0.00000001 -0.00000003 -0.00000023 0.00000000 -0.00000000 -0.00000001 -0.00000001 
-0.00000015 -0.00000001 -0.00000000 -0.00000002 -0.00000025 -0.00000000 -0.00000001 -0.00000003 -0.00000000 
-0.00000013 0.00000001 0.00000000 0.00000001 -0.00000024 -0.00000001 -0.00000001 -0.00000005 -0.00000000 
-0.00000013 0.00000003 0.00000001 0.00000003 -0.00000023 -0.00000001 0.00000000 -0.00000007 -0.00000000 
-0.00000014 0.00000005 0.00000002 0.00000006 -0.00000022 -0.00000001 0.00000002 -0.00000009 -0.00000000 
-0.00000016 0.00000006 0.00000002 0.00000007 -0.00000020 -0.00000001 0.00000003 -0.00000011 -0.00000000 
-0.00000018 0.00000006 0.00000002 0.00000008 -0.00000017 -0.00000001 0.00000006 -0.00000012 -0.00000000 
-0.00000020 0.00000006 0.00000002 0.00000008 -0.00000014 -0.00000001 0.00000008 -0.00000013 -0.00000000 
-0.00000021 0.00000005 0.00000002 0.00000008 -0.00000011 -0.00000000 0.00000011 -0.00000012 -0.00000000 
-0.00000023 0.00000003 0.00000003 0.00000006 -0.00000010 0.00000000 0.00000015 -0.00000010 -0.00000001 
-0.00000024 0.00000001 0.00000003 0.00000004 -0.00000009 0.00000000 0.00000018 -0.00000008 -0.00000001 
-0.00000026 -0.00000000 0.00000002 0.00000003 -0.00000010 0.00000001 0.00000019 -0.00000005 -0.00000001 
-0.00000027 -0.00000002 0.00000002 0.00000002 -0.00000012 0.00000002 0.00000021 -0.00000003 -0.00000001 
-0.00000029 -0.00000002 0.00000001 0.00000002 -0.00000015 0.00000002 0.00000022 0.00000000 -0.00000001 
-0.00000033 -0.00000001 0.00000000 0.00000003 -0.00000019 0.00000003 0.00000022 0.00000003 -0.00000001 
-0.00000037 -0.00000000 -0.00000001 0.00000005 -0.00000019 0.00000003 0.00000022 0.00000005 -0.00000001 
-0.00000041 -0.00000001 -0.00000002 0.00000004 -0.00000020 0.00000003 0.00000021 0.00000008 -0.00000001 
-0.00000048 -0.00000002 -0.00000002 0.00000002 -0.00000019 0.00000002 0.00000020 0.00000010 -0.00000001 
-0.00000054 -0.00000006 -0.00000003 -0.00000002 -0.00000019 0.00000001 0.00000016 0.00000012 -0.00000000 
-0.00000058 -0.00000012 -0.00000003 -0.00000008 -0.00000020 0.00000001 0.00000012 0.00000012 -0.00000000 
-0.00000056 -0.00000019 -0.00000003 -0.00000015 -0.00000023 -0.00000000 0.00000007 0.00000011 -0.00000000 
-0.00000051 -0.00000023 -0.00000003 -0.00000020 -0.00000029 -0.00000000 0.00000003 0.00000011 -0.00000000 
-0.00000041 -0.00000025 -0.00000002 -0.00000022 -0.00000033 -0.00000000 0.00000001 0.00000011 -0.00000000 
-0.00000026 -0.00000023 -0.00000001 -0.00000021 -0.00000033 -0.00000000 -0.00000002 0.00000013 -0.00000001 
-0.00000014 -0.00000017 -0.00000001 -0.00000015 -0.00000032 -0.00000000 -0.00000006 0.00000016 -0.00000001 
-0.00000008 -0.00000011 0.00000000 -0.00000009 -0.00000031 0.00000000 -0.00000009 0.00000018 -0.00000002 
-0.00000007 -0.00000005 -0.00000000 -0.00000003 -0.00000029 0.00000001 -0.00000011 0.00000017 -0.00000002 
-0.00000009 -0.00000001 -0.00000000 -0.00000000 -0.00000030 0.00000002 -0.00000017 0.00000019 -0.00000002 
-0.00000010 0.00000002 -0.00000001 0.00000002 -0.00000028 0.00000002 -0.00000023 0.00000017 -0.00000002 
-0.00000012 0.00000003 -0.00000001 0.00000003 -0.00000028 0.00000002 -0.00000028 0.00000014 -0.00000003 
-0.00000015 0.00000006 -0.00000001 0.00000006 -0.00000034 0.00000002 -0.00000037 0.00000011 -0.00000004 
-0.00000021 0.00000008 -0.00000002 0.00000009 -0.00000046 0.00000002 -0.00000048 0.00000006 -0.00000004 
-0.00000025 0.00000010 -0.00000001 0.00000011 -0.00000048 0.00000002 -0.00000047 0.00000001 -0.00000003 
-0.00000024 0.00000008 0.00000001 0.00000010 -0.00000043 0.00000003 -0.00000035 -0.00000002 -0.00000001 
-0.00000023 0.00000008 0.00000002 0.00000011 -0.00000039 0.00000001 -0.00000013 -0.00000000 0.00000001 
-0.00000024 0.00000012 0.00000003 0.00000012 -0.00000032 -0.00000000 0.00000009 0.00000012 0.00000003 
-0.00000033 0.00000022 0.00000006 0.00000019 -0.00000045 -0.00000001 0.00000033 0.00000035 0.00000004 
-0.00000024 0.00000023 0.00000005 0.00000020 -0.00000055 -0.00000003 0.00000037 0.00000044 0.00000002 
-0.00000012 0.00000012 0.00000000 0.00000014 -0.00000063 0.00000001 0.00000028 0.00000053 -0.00000001 
-0.00000008 0.00000003 -0.00000001 0.00000000 -0.00000125 0.00000007 0.00000039 0.00000108 -0.00000008 
-0.00000016 -0.00000000 0.00000001 -0.00000035 -0.00000682 0.00000026 0.00000131 0.00000510 -0.00000035 
-0.00000255 -0.00000008 0.00000039 -0.00000039 -0.00001920 0.00000046 0.00000179 0.00000735 -0.00000058 
-0.00000352 -0.00000011 0.00000055 0.00000003 -0.00002478 0.00000041 0.00000189 0.00000400 -0.00000058 
-0.00000283 0.00000019 0.00000044 0.00000068 -0.00002373 0.00000011 0.00000235 -0.00000100 -0.00000050 
-0.00000260 0.00000037 0.00000043 0.00000089 -0.00002101 -0.00000000 0.00000301 -0.00000414 -0.00000048 
-0.00000165 0.00000059 0.00000028 0.00000090 -0.00001304 -0.00000014 0.00000308 -0.00000462 -0.00000040 
-0.00000023 0.00000015 0.00000002 0.00000021 -0.00000322 -0.00000013 0.00000154 -0.00000208 -0.00000013 
-0.00000005 -0.00000006 0.00000002 -0.00000006 -0.00000045 0.00000001 0.00000029 -0.00000024 0.00000000 
-0.00000004 -0.00000010 0.00000002 -0.00000006 -0.00000038 0.00000006 0.00000020 -0.00000016 0.00000002 
-0.00000007 -0.00000011 0.00000002 -0.00000009 -0.00000039 0.00000008 0.00000009 -0.00000020 0.00000004 
-0.00000023 -0.00000013 0.00000003 -0.00000017 -0.00000046 0.00000009 -0.00000016 -0.00000021 0.00000005 
-0.00000035 -0.00000014 0.00000003 -0.00000021 -0.00000042 0.00000007 -0.00000036 -0.00000019 0.00000004 
-0.00000028 -0.00000010 0.00000001 -0.00000018 -0.00000036 0.00000007 -0.00000036 -0.00000017 0.00000002 
-0.00000019 -0.00000001 -0.00000001 -0.00000007 -0.00000025 0.00000005 -0.00000025 -0.00000014 0.00000001 
-0.00000014 0.00000005 -0.00000002 0.00000003 -0.00000023 0.00000001 -0.00000023 -0.00000016 -0.00000000 
-0.00000012 0.00000005 -0.00000003 0.00000002 -0.00000017 0.00000001 -0.00000017 -0.00000015 -0.00000001 
-0.00000004 0.00000000 -0.00000000 -0.00000000 -0.00000008 -0.00000000 -0.00000005 -0.00000008 -0.00000000 
-0.00000006 0.00000002 0.00000001 0.00000007 -0.00000027 -0.00000006 -0.00000010 -0.00000034 -0.00000004 
-0.00000020 -0.00000002 0.00000002 0.00000013 -0.00000091 -0.00000017 -0.00000020 -0.00000111 -0.00000012 
-0.00000048 -0.00000024 0.00000002 -0.00000002 -0.00000225 -0.00000032 -0.00000028 -0.00000260 -0.00000027 
-0.00000085 -0.00000062 0.00000001 -0.00000075 -0.00000715 -0.00000054 -0.00000063 -0.00000652 -0.00000057 
-0.00000252 -0.00000050 -0.00000038 -0.00000107 -0.00002388 -0.00000067 -0.00000084 -0.00000989 -0.00000087 
-0.00000363 -0.00000000 -0.00000073 -0.00000002 -0.00003246 -0.00000085 -0.00000157 -0.00000455 -0.00000094 
-0.00000278 0.00000064 -0.00000055 0.00000132 -0.00002958 -0.00000091 -0.00000326 0.00000182 -0.00000084 
-0.00000235 0.00000068 -0.00000043 0.00000167 -0.00002242 -0.00000101 -0.00000452 0.00000470 -0.00000056 
-0.00000109 0.00000022 -0.00000018 0.00000097 -0.00001142 -0.00000082 -0.00000335 0.00000340 -0.00000010 
-0.00000015 -0.00000023 -0.00000005 -0.00000004 -0.00000215 -0.00000022 -0.00000098 0.00000104 0.00000011 
-0.00000020 -0.00000012 -0.00000004 -0.00000011 -0.00000107 -0.00000009 -0.00000034 0.00000040 0.00000009 
-0.00000027 -0.00000011 -0.00000005 -0.00000013 -0.00000085 -0.00000003 0.00000002 0.00000029 0.00000009 
-0.00000040 -0.00000012 -0.00000004 -0.00000021 -0.00000089 -0.00000008 0.00000050 0.00000023 0.00000006 
-0.00000045 -0.00000015 -0.00000003 -0.00000032 -0.00000114 -0.00000014 0.00000093 0.00000027 0.00000000 
-0.00000055 -0.00000016 0.00000001 -0.00000040 -0.00000136 -0.00000017 0.00000115 0.00000040 -0.00000004 
-0.00000052 -0.00000011 0.00000002 -0.00000035 -0.00000123 -0.00000014 0.00000105 0.00000053 -0.00000005 
-0.00000040 0.00000005 0.00000005 -0.00000016 -0.00000112 -0.00000011 0.00000086 0.00000061 -0.00000006 
-0.00000031 0.00000023 0.00000008 0.00000003 -0.00000101 -0.00000010 0.00000072 0.00000065 -0.00000008 
-0.00000015 0.00000024 0.00000005 0.00000010 -0.00000079 -0.00000005 0.00000044 0.00000056 -0.00000008 
0.00000000 0.00000010 -0.00000000 -0.00000001 -0.00000058 -0.00000000 0.00000022 0.00000044 -0.00000005 
-0.00000004 0.00000006 -0.00000001 0.00000002 -0.00000048 0.00000004 0.00000012 0.00000047 -0.00000004 
-0.00000017 0.00000014 -0.00000004 0.00000019 -0.00000114 0.00000016 0.00000010 0.00000129 -0.00000011 
-0.00000022 0.00000015 -0.00000004 0.00000011 -0.00000221 0.00000026 0.00000007 0.00000236 -0.00000022 
-0.00000035 0.00000007 0.00000003 -0.00000024 -0.00000531 0.00000041 0.00000018 0.00000495 -0.00000046 
-0.00000180 0.00000022 0.00000032 0.00000010 -0.00001577 0.00000037 0.00000009 0.00000647 -0.00000070 
-0.00000310 0.00000072 0.00000061 0.00000108 -0.00002217 0.00000039 0.00000059 0.00000316 -0.00000065 
-0.00000254 0.00000080 0.00000058 0.00000147 -0.00002007 0.00000057 0.00000153 -0.00000094 -0.00000040 
-0.00000206 0.00000023 0.00000047 0.00000086 -0.00001406 0.00000078 0.00000178 -0.00000235 -0.00000011 
-0.00000095 -0.00000022 0.00000020 -0.00000003 -0.00000503 0.00000049 0.00000061 -0.00000101 0.00000009 
-0.00000014 -0.00000012 0.00000003 -0.00000014 -0.00000108 0.00000017 -0.00000012 -0.00000045 0.00000009 
-0.00000014 0.00000001 0.00000000 -0.00000005 -0.00000086 0.00000014 -0.00000028 -0.00000024 0.00000005 
-0.00000044 -0.00000007 0.00000002 -0.00000021 -0.00000106 0.00000017 -0.00000063 -0.00000024 0.00000002 
-0.00000057 -0.00000020 0.00000003 -0.00000040 -0.00000094 0.00000013 -0.00000085 -0.00000034 0.00000001 
-0.00000049 -0.00000027 0.00000003 -0.00000047 -0.00000091 0.00000011 -0.00000086 -0.00000038 -0.00000001 
-0.00000029 -0.00000022 0.00000001 -0.00000039 -0.00000070 0.00000009 -0.00000060 -0.00000033 -0.00000002 
-0.00000010 -0.00000003 -0.00000001 -0.00000011 -0.00000045 0.00000004 -0.00000032 -0.00000024 -0.00000002 
-0.00000009 0.00000003 -0.00000001 -0.00000002 -0.00000039 0.00000001 -0.00000025 -0.00000028 -0.00000003 
-0.00000015 0.00000009 -0.00000002 0.00000004 -0.00000047 -0.00000001 -0.00000026 -0.00000041 -0.00000005 
-0.00000018 0.00000009 -0.00000002 0.00000003 -0.00000065 -0.00000004 -0.00000025 -0.00000064 -0.00000006 
-0.00000016 0.00000010 0.00000002 0.00000012 -0.00000085 -0.00000012 -0.00000014 -0.00000097 -0.00000010 
-0.00000030 0.00000004 0.00000004 0.00000011 -0.00000127 -0.00000016 -0.00000003 -0.00000143 -0.00000014 
-0.00000033 -0.00000004 0.00000004 0.00000003 -0.00000190 -0.00000019 0.00000015 -0.00000203 -0.00000020 
-0.00000017 -0.00000004 0.00000000 0.00000002 -0.00000278 -0.00000025 0.00000037 -0.00000276 -0.00000032 
-0.00000025 0.00000033 -0.00000005 0.00000018 -0.00000662 -0.00000045 0.00000062 -0.00000500 -0.00000062 
-0.00000163 0.00000118 -0.00000033 0.00000125 -0.00001845 -0.00000092 0.00000048 -0.00000535 -0.00000085 
-0.00000294 0.00000146 -0.00000056 0.00000218 -0.00002257 -0.00000149 -0.00000108 -0.00000137 -0.00000065 
-0.00000184 0.00000109 -0.00000033 0.00000195 -0.00001727 -0.00000155 -0.00000199 0.00000117 -0.00000025 
-0.00000097 0.00000003 -0.00000018 0.00000052 -0.00000809 -0.00000113 -0.00000131 0.00000119 0.00000008 
-0.00000052 -0.00000012 -0.00000010 -0.00000008 -0.00000237 -0.00000035 -0.00000006 0.00000044 0.00000010 
-0.00000013 -0.00000010 -0.00000003 -0.00000014 -0.00000105 -0.00000018 0.00000019 0.00000041 0.00000009 
-0.00000017 -0.00000020 -0.00000004 -0.00000036 -0.00000109 -0.00000023 0.00000058 0.00000040 0.00000007 
-0.00000032 -0.00000020 -0.00000002 -0.00000045 -0.00000162 -0.00000030 0.00000095 0.00000037 0.00000001 
-0.00000017 -0.00000009 -0.00000001 -0.00000037 -0.00000162 -0.00000024 0.00000110 0.00000053 -0.00000002 
-0.00000014 0.00000007 0.00000002 -0.00000017 -0.00000154 -0.00000019 0.00000102 0.00000067 -0.00000004 
-0.00000007 0.00000016 0.00000003 0.00000000 -0.00000100 -0.00000011 0.00000060 0.00000054 -0.00000005 
-0.00000003 0.00000012 0.00000001 0.00000005 -0.00000048 -0.00000004 0.00000024 0.00000031 -0.00000003 
-0.00000004 0.00000012 0.00000001 0.00000008 -0.00000027 -0.00000001 0.00000011 0.00000022 -0.00000002 
-0.00000008 0.00000014 -0.00000000 0.00000011 -0.00000027 0.00000000 0.00000007 0.00000029 -0.00000003 
-0.00000011 0.00000013 -0.00000001 0.00000012 -0.00000022 0.00000002 0.00000002 0.00000029 -0.00000003 
-0.00000011 0.00000010 -0.00000001 0.00000010 -0.00000020 0.00000002 -0.00000002 0.00000027 -0.00000003 
-0.00000011 0.00000007 -0.00000001 0.00000007 -0.00000021 0.00000003 -0.00000004 0.00000028 -0.00000003 
-0.00000013 0.00000004 -0.00000000 0.00000004 -0.00000032 0.00000005 -0.00000007 0.00000037 -0.00000004 
-0.00000013 -0.00000000 0.00000001 0.00000003 -0.00000055 0.00000006 -0.00000012 0.00000042 -0.00000005 
-0.00000049 0.00000010 0.00000010 0.00000016 -0.00000312 0.00000023 -0.00000009 0.00000069 -0.00000011 
-0.00000118 0.00000023 0.00000023 0.00000037 -0.00000460 0.00000037 0.00000011 0.00000015 -0.00000010 
-0.00000062 0.00000020 0.00000013 0.00000027 -0.00000228 0.00000015 0.00000010 -0.00000013 -0.00000005 
-0.00000008 0.00000004 0.00000002 0.00000003 -0.00000032 -0.00000001 0.00000007 -0.00000008 0.00000001 
-0.00000008 0.00000000 0.00000001 -0.00000000 -0.00000024 0.00000002 0.00000005 -0.00000006 0.00000001 
-0.00000011 -0.00000002 0.00000001 -0.00000004 -0.00000033 0.00000005 -0.00000002 -0.00000006 0.00000002 
-0.00000028 -0.00000005 0.00000004 -0.00000009 -0.00000081 -0.00000004 -0.00000013 -0.00000014 -0.00000000 
-0.00000017 -0.00000005 0.00000001 -0.00000010 -0.00000037 0.00000004 -0.00000021 -0.00000011 0.00000000 
-0.00000015 -0.00000005 0.00000000 -0.00000009 -0.00000027 0.00000002 -0.00000020 -0.00000013 -0.00000000 
-0.00000012 -0.00000004 -0.00000001 -0.00000007 -0.00000019 0.00000001 -0.00000015 -0.00000014 -0.00000001 
-0.00000011 -0.00000003 -0.00000001 -0.00000006 -0.00000019 0.00000000 -0.00000013 -0.00000017 -0.00000001 
-0.00000009 -0.00000002 -0.00000001 -0.00000006 -0.00000021 -0.00000000 -0.00000011 -0.00000019 -0.00000001 
-0.00000004 -0.00000001 -0.00000001 -0.00000005 -0.00000020 -0.00000001 -0.00000008 -0.00000019 -0.00000001 
-0.00000003 0.00000002 -0.00000000 -0.00000001 -0.00000020 -0.00000001 -0.00000004 -0.00000019 -0.00000001 
-0.00000005 0.00000005 0.00000001 0.00000004 -0.00000021 -0.00000002 -0.00000000 -0.00000025 -0.00000002 
-0.00000011 0.00000008 0.00000001 0.00000008 -0.00000029 -0.00000005 0.00000005 -0.00000038 -0.00000004 
-0.00000014 0.00000008 0.00000002 0.00000009 -0.00000039 -0.00000006 0.00000011 -0.00000049 -0.00000005 
-0.00000014 0.00000004 0.00000002 0.00000006 -0.00000049 -0.00000006 0.00000016 -0.00000051 -0.00000006 
-0.00000012 0.00000003 0.00000001 0.00000006 -0.00000066 -0.00000005 0.00000024 -0.00000054 -0.00000007 
-0.00000012 0.00000010 -0.00000001 0.00000015 -0.00000103 -0.00000005 0.00000034 -0.00000068 -0.00000010 
-0.00000044 0.00000030 -0.00000006 0.00000039 -0.00000337 -0.00000024 0.00000031 -0.00000075 -0.00000012 
-0.00000130 0.00000042 -0.00000020 0.00000059 -0.00000525 -0.00000051 0.00000005 -0.00000037 -0.00000008 
-0.00000061 0.00000022 -0.00000011 0.00000031 -0.00000230 -0.00000019 0.00000004 -0.00000007 -0.00000001 
-0.00000007 0.00000009 -0.00000002 0.00000010 -0.00000036 0.00000002 0.00000002 0.00000001 0.00000001 
-0.00000006 0.00000007 -0.00000001 0.00000007 -0.00000027 0.00000001 0.00000000 0.00000000 0.00000001 
-0.00000043 0.00000005 -0.00000007 0.00000001 -0.00000147 0.00000022 -0.00000002 0.00000011 -0.00000002 
-0.00000041 0.00000006 -0.00000007 0.00000001 -0.00000202 0.00000024 0.00000012 0.00000027 -0.00000004 
-0.00000010 0.00000004 -0.00000001 0.00000000 -0.00000052 -0.00000000 0.00000028 0.00000018 -0.00000001 
-0.00000008 0.00000003 -0.00000001 0.00000000 -0.00000033 0.00000000 0.00000019 0.00000019 -0.00000001 
-0.00000009 0.00000002 -0.00000001 0.00000001 -0.00000026 0.00000001 0.00000014 0.00000020 -0.00000002 
-0.00000008 0.00000001 -0.00000000 -0.00000001 -0.00000023 0.00000002 0.00000010 0.00000022 -0.00000002 
-0.00000008 0.00000000 0.00000000 -0.00000002 -0.00000020 0.00000002 0.00000006 0.00000022 -0.00000002 
-0.00000010 0.00000001 0.00000001 -0.00000000 -0.00000018 0.00000003 0.00000003 0.00000023 -0.00000002 
-0.00000011 -0.00000000 0.00000001 -0.00000001 -0.00000018 0.00000003 0.00000000 0.00000024 -0.00000003 
-0.00000012 -0.00000003 0.00000002 -0.00000004 -0.00000019 0.00000003 -0.00000003 0.00000026 -0.00000003 
-0.00000010 -0.00000005 0.00000001 -0.00000005 -0.00000022 0.00000003 -0.00000007 0.00000025 -0.00000003 
-0.00000007 -0.00000003 0.00000001 -0.00000001 -0.00000031 0.00000002 -0.00000014 0.00000026 -0.00000002 
-0.00000006 0.00000001 0.00000001 0.00000009 -0.00000048 -0.00000002 -0.00000026 0.00000030 -0.00000002 
-0.00000010 0.00000012 0.00000002 0.00000028 -0.00000086 -0.00000010 -0.00000050 0.00000039 -0.00000001 
-0.00000016 0.00000021 0.00000004 0.00000043 -0.00000119 -0.00000021 -0.00000065 0.00000039 0.00000001 
-0.00000053 0.00000013 0.00000012 0.00000031 -0.00000276 0.00000007 -0.00000041 0.00000055 -0.00000004 
-0.00000056 0.00000009 0.00000010 0.00000018 -0.00000213 0.00000018 -0.00000015 0.00000037 -0.00000001 
-0.00000007 0.00000003 0.00000002 0.00000004 -0.00000040 -0.00000006 -0.00000003 0.00000011 0.00000003 
-0.00000049 0.00000002 0.00000010 -0.00000006 -0.00000295 -0.00000044 0.00000013 0.00000023 0.00000006 
-0.00000171 -0.00000034 0.00000035 -0.00000060 -0.00000705 -0.00000072 0.00000033 0.00000000 -0.00000007 
-0.00000188 -0.00000063 0.00000037 -0.00000088 -0.00000850 -0.00000067 0.00000009 -0.00000086 -0.00000023 
-0.00000047 -0.00000045 0.00000009 -0.00000056 -0.00000450 -0.00000024 -0.00000042 -0.00000154 -0.00000022 
-0.00000019 -0.00000021 0.00000003 -0.00000030 -0.00000130 -0.00000003 -0.00000050 -0.00000090 -0.00000011 
-0.00000012 -0.00000009 0.00000000 -0.00000016 -0.00000074 -0.00000003 -0.00000030 -0.00000062 -0.00000006 
-0.00000014 -0.00000007 -0.00000001 -0.00000013 -0.00000059 -0.00000005 -0.00000020 -0.00000059 -0.00000005 
-0.00000017 -0.00000007 -0.00000002 -0.00000013 -0.00000050 -0.00000006 -0.00000013 -0.00000059 -0.00000005 
-0.00000016 -0.00000009 -0.00000001 -0.00000014 -0.00000038 -0.00000006 -0.00000005 -0.00000050 -0.00000004 
-0.00000012 -0.00000009 0.00000000 -0.00000009 -0.00000018 -0.00000002 0.00000002 -0.00000026 -0.00000003 
-0.00000009 -0.00000010 0.00000002 -0.00000006 -0.00000019 0.00000001 0.00000008 -0.00000021 -0.00000002 
-0.00000009 -0.00000010 0.00000002 -0.00000003 -0.00000033 0.00000002 0.00000016 -0.00000026 -0.00000003 
-0.00000013 -0.00000013 0.00000004 -0.00000003 -0.00000048 0.00000005 0.00000029 -0.00000031 -0.00000004 
-0.00000017 -0.00000016 0.00000005 -0.00000005 -0.00000060 0.00000008 0.00000041 -0.00000033 -0.00000004 
-0.00000014 -0.00000015 0.00000004 -0.00000004 -0.00000056 0.00000009 0.00000040 -0.00000025 -0.00000003 
-0.00000010 -0.00000013 0.00000002 -0.00000007 -0.00000043 0.00000006 0.00000028 -0.00000015 -0.00000001 
-0.00000008 -0.00000012 0.00000001 -0.00000009 -0.00000035 0.00000003 0.00000017 -0.00000006 -0.00000000 
-0.00000007 -0.00000011 -0.00000000 -0.00000010 -0.00000036 0.00000001 0.00000009 -0.00000002 0.00000001 
-0.00000006 -0.00000011 -0.00000001 -0.00000010 -0.00000034 -0.00000000 0.00000001 -0.00000002 0.00000001 
-0.00000006 -0.00000008 -0.00000001 -0.00000010 -0.00000064 0.00000003 -0.00000003 -0.00000014 0.00000003 
-0.00000052 -0.00000029 -0.00000008 -0.00000042 -0.00000282 0.00000017 -0.00000013 -0.00000025 0.00000000 
-0.00000145 -0.00000074 -0.00000022 -0.00000111 -0.00000804 0.00000071 -0.00000025 -0.00000015 -0.00000013 
-0.00000195 -0.00000068 -0.00000036 -0.00000100 -0.00001034 0.00000081 -0.00000010 0.00000108 -0.00000035 
-0.00000034 -0.00000038 -0.00000006 -0.00000035 -0.00000568 0.00000039 0.00000013 0.00000220 -0.00000036 
-0.00000007 -0.00000007 0.00000000 -0.00000011 -0.00000165 0.00000015 0.00000026 0.00000134 -0.00000021 
-0.00000016 -0.00000008 0.00000002 -0.00000012 -0.00000109 0.00000011 0.00000021 0.00000107 -0.00000014 
-0.00000021 -0.00000012 0.00000005 -0.00000017 -0.00000070 0.00000010 0.00000013 0.00000084 -0.00000009 
-0.00000017 -0.00000011 0.00000004 -0.00000015 -0.00000037 0.00000007 0.00000002 0.00000054 -0.00000005 
-0.00000001 -0.00000003 0.00000000 -0.00000001 -0.00000014 0.00000001 -0.00000003 0.00000013 -0.00000001 
-0.00000002 -0.00000005 -0.00000000 -0.00000001 -0.00000027 0.00000000 -0.00000010 0.00000022 -0.00000002 
-0.00000007 -0.00000005 -0.00000001 0.00000004 -0.00000054 -0.00000002 -0.00000025 0.00000039 -0.00000003 
-0.00000014 -0.00000001 -0.00000002 0.00000014 -0.00000082 -0.00000006 -0.00000047 0.00000051 -0.00000003 
-0.00000023 0.00000012 -0.00000000 0.00000033 -0.00000097 -0.00000012 -0.00000065 0.00000052 -0.00000002 
-0.00000044 0.00000029 0.00000003 0.00000058 -0.00000133 -0.00000023 -0.00000093 0.00000055 0.00000001 
-0.00000069 0.00000043 0.00000008 0.00000074 -0.00000143 -0.00000028 -0.00000106 0.00000051 0.00000003 
-0.00000053 0.00000035 0.00000008 0.00000056 -0.00000095 -0.00000020 -0.00000078 0.00000040 0.00000006 
-0.00000034 0.00000023 0.00000005 0.00000037 -0.00000092 -0.00000022 -0.00000055 0.00000038 0.00000007 
-0.00000020 0.00000014 0.00000003 0.00000018 -0.00000078 -0.00000018 -0.00000025 0.00000036 0.00000008 
-0.00000072 0.00000027 0.00000016 0.00000014 -0.00000322 -0.00000067 0.00000017 0.00000049 0.00000006 
-0.00000127 -0.00000003 0.00000029 -0.00000047 -0.00000736 -0.00000095 0.00000118 0.00000134 -0.00000003 
-0.00000185 -0.00000097 0.00000042 -0.00000163 -0.00001367 -0.00000094 0.00000161 0.00000140 -0.00000035 
-0.00000285 -0.00000108 0.00000064 -0.00000148 -0.00001901 -0.00000102 0.00000089 -0.00000150 -0.00000067 
-0.00000192 -0.00000062 0.00000041 -0.00000054 -0.00001599 -0.00000073 -0.00000024 -0.00000511 -0.00000068 
-0.00000031 -0.00000039 0.00000006 -0.00000023 -0.00000524 -0.00000027 -0.00000059 -0.00000430 -0.00000042 
-0.00000015 0.00000001 0.00000000 -0.00000005 -0.00000175 -0.00000016 -0.00000021 -0.00000174 -0.00000018 
-0.00000014 -0.00000002 -0.00000001 -0.00000004 -0.00000101 -0.00000014 -0.00000001 -0.00000111 -0.00000012 
-0.00000016 -0.00000012 -0.00000002 -0.00000011 -0.00000083 -0.00000012 0.00000009 -0.00000095 -0.00000010 
-0.00000013 -0.00000015 -0.00000001 -0.00000011 -0.00000069 -0.00000006 0.00000017 -0.00000070 -0.00000007 
-0.00000015 -0.00000019 0.00000002 -0.00000009 -0.00000083 -0.00000001 0.00000033 -0.00000071 -0.00000007 
-0.00000023 -0.00000017 0.00000005 -0.00000002 -0.00000094 0.00000003 0.00000048 -0.00000070 -0.00000007 
-0.00000022 -0.00000007 0.00000003 0.00000008 -0.00000092 0.00000004 0.00000053 -0.00000061 -0.00000006 
-0.00000033 0.00000001 0.00000003 0.00000020 -0.00000100 0.00000009 0.00000070 -0.00000057 -0.00000004 
-0.00000037 0.00000002 0.00000003 0.00000020 -0.00000099 0.00000012 0.00000079 -0.00000042 -0.00000004 
-0.00000023 -0.00000002 0.00000001 0.00000012 -0.00000089 0.00000011 0.00000067 -0.00000024 -0.00000003 
-0.00000012 -0.00000003 -0.00000000 0.00000003 -0.00000052 0.00000005 0.00000031 -0.00000008 -0.00000000 
-0.00000007 -0.00000007 -0.00000001 -0.00000006 -0.00000036 0.00000000 0.00000010 -0.00000000 0.00000001 
-0.00000006 -0.00000003 -0.00000001 -0.00000003 -0.00000029 -0.00000001 -0.00000003 -0.00000000 0.00000003 
-0.00000007 0.00000001 -0.00000001 0.00000002 -0.00000047 0.00000002 -0.00000010 -0.00000011 0.00000004 
-0.00000042 0.00000011 -0.00000009 -0.00000005 -0.00000348 0.00000045 -0.00000048 -0.00000079 0.00000007 
-0.00000184 -0.00000044 -0.00000034 -0.00000093 -0.00001147 0.00000086 -0.00000184 -0.00000205 -0.00000020 
-0.00000251 -0.00000078 -0.00000047 -0.00000144 -0.00001903 0.00000101 -0.00000190 -0.00000130 -0.00000047 
-0.00000338 -0.00000072 -0.00000061 -0.00000106 -0.00002419 0.00000103 -0.00000120 0.00000240 -0.00000072 
-0.00000207 -0.00000048 -0.00000033 -0.00000031 -0.00001907 0.00000082 -0.00000053 0.00000641 -0.00000072 
-0.00000029 -0.00000009 -0.00000000 0.00000000 -0.00000649 0.00000045 -0.00000049 0.00000531 -0.00000054 
-0.00000019 0.00000001 0.00000002 -0.00000009 -0.00000265 0.00000028 -0.00000022 0.00000269 -0.00000027 
-0.00000017 0.00000001 0.00000002 -0.00000012 -0.00000138 0.00000020 -0.00000019 0.00000147 -0.00000016 
-0.00000014 -0.00000002 0.00000002 -0.00000009 -0.00000094 0.00000014 -0.00000025 0.00000103 -0.00000012 
-0.00000006 -0.00000002 0.00000001 -0.00000004 -0.00000044 0.00000006 -0.00000019 0.00000045 -0.00000006 
-0.00000004 0.00000003 -0.00000000 0.00000006 -0.00000030 0.00000001 -0.00000017 0.00000024 -0.00000002 
-0.00000009 0.00000011 0.00000000 0.00000019 -0.00000041 -0.00000002 -0.00000029 0.00000027 -0.00000001 
-0.00000019 0.00000014 0.00000000 0.00000025 -0.00000043 -0.00000005 -0.00000036 0.00000025 -0.00000000 
-0.00000040 0.00000020 0.00000002 0.00000034 -0.00000050 -0.00000008 -0.00000048 0.00000029 0.00000002 
-0.00000066 0.00000029 0.00000004 0.00000044 -0.00000064 -0.00000012 -0.00000058 0.00000032 0.00000004 
-0.00000064 0.00000032 0.00000008 0.00000044 -0.00000065 -0.00000014 -0.00000044 0.00000040 0.00000008 
-0.00000051 0.00000030 0.00000009 0.00000033 -0.00000075 -0.00000018 -0.00000015 0.00000046 0.00000010 
-0.00000017 0.00000021 0.00000005 0.00000016 -0.00000071 -0.00000015 0.00000014 0.00000036 0.00000006 
-0.00000006 0.00000010 0.00000002 0.00000009 -0.00000041 -0.00000004 0.00000013 0.00000023 0.00000003 
-0.00000011 0.00000001 0.00000004 -0.00000015 -0.00000181 -0.00000007 0.00000066 0.00000089 -0.00000003 
-0.00000156 -0.00000047 0.00000031 -0.00000073 -0.00000925 -0.00000015 0.00000215 0.00000255 -0.00000022 
-0.00000256 -0.00000072 0.00000051 -0.00000106 -0.00001610 -0.00000018 0.00000265 0.00000325 -0.00000039 
-0.00000259 -0.00000049 0.00000052 -0.00000085 -0.00001993 -0.00000027 0.00000206 0.00000134 -0.00000043 
-0.00000314 -0.00000021 0.00000057 -0.00000038 -0.00002329 -0.00000049 0.00000133 -0.00000274 -0.00000045 
-0.00000230 -0.00000007 0.00000038 0.00000006 -0.00001973 -0.00000057 0.00000114 -0.00000636 -0.00000050 
-0.00000031 -0.00000028 0.00000001 -0.00000004 -0.00000788 -0.00000035 0.00000105 -0.00000610 -0.00000041 
-0.00000008 -0.00000010 -0.00000002 -0.00000003 -0.00000211 -0.00000010 0.00000043 -0.00000186 -0.00000014 
-0.00000004 -0.00000011 0.00000001 -0.00000004 -0.00000052 0.00000003 0.00000016 -0.00000039 -0.00000001 
-0.00000008 -0.00000015 0.00000003 -0.00000008 -0.00000047 0.00000005 0.00000020 -0.00000033 -0.00000000 
-0.00000015 -0.00000022 0.00000006 -0.00000014 -0.00000043 0.00000007 0.00000028 -0.00000031 -0.00000000 
-0.00000016 -0.00000018 0.00000005 -0.00000012 -0.00000029 0.00000005 0.00000024 -0.00000022 -0.00000000 
-0.00000015 -0.00000013 0.00000003 -0.00000012 -0.00000031 0.00000002 0.00000018 -0.00000010 0.00000000 
-0.00000007 -0.00000008 0.00000001 -0.00000006 -0.00000045 -0.00000004 -0.00000000 0.00000001 0.00000000 
-0.00000007 -0.00000003 -0.00000000 0.00000001 -0.00000044 -0.00000007 -0.00000018 0.00000004 -0.00000001 
-0.00000010 -0.00000002 -0.00000001 0.00000005 -0.00000046 -0.00000009 -0.00000033 -0.00000001 -0.00000002 
-0.00000019 0.00000001 -0.00000000 0.00000010 -0.00000052 -0.00000012 -0.00000047 -0.00000010 -0.00000002 
-0.00000025 -0.00000001 -0.00000000 0.00000008 -0.00000044 -0.00000010 -0.00000041 -0.00000016 -0.00000002 
-0.00000024 -0.00000001 0.00000001 0.00000005 -0.00000033 -0.00000007 -0.00000030 -0.00000015 -0.00000001 
-0.00000021 -0.00000001 0.00000001 0.00000001 -0.00000030 -0.00000004 -0.00000022 -0.00000014 -0.00000001 
-0.00000017 -0.00000001 0.00000001 0.00000000 -0.00000032 -0.00000003 -0.00000016 -0.00000013 -0.00000001 
-0.00000015 0.00000002 0.00000000 0.00000002 -0.00000035 -0.00000002 -0.00000011 -0.00000011 -0.00000001 
-0.00000014 0.00000007 0.00000000 0.00000007 -0.00000037 -0.00000001 -0.00000006 -0.00000007 -0.00000000 
-0.00000019 0.00000014 -0.00000001 0.00000013 -0.00000036 -0.00000000 -0.00000002 -0.00000004 -0.00000000 
-0.00000030 0.00000020 -0.00000002 0.00000019 -0.00000034 0.00000001 -0.00000000 -0.00000000 -0.00000000 
-0.00000038 0.00000021 -0.00000003 0.00000019 -0.00000029 0.00000001 0.00000001 0.00000000 -0.00000000 
-0.00000046 0.00000021 -0.00000004 0.00000019 -0.00000023 0.00000001 0.00000002 -0.00000001 -0.00000000 
-0.00000052 0.00000018 -0.00000005 0.00000015 -0.00000018 0.00000001 0.00000004 -0.00000002 0.00000000 
-0.00000056 0.00000013 -0.00000005 0.00000009 -0.00000014 0.00000000 0.00000007 -0.00000004 0.00000000 
-0.00000053 0.00000007 -0.00000005 0.00000003 -0.00000013 -0.00000001 0.00000009 -0.00000004 0.00000000 
-0.00000052 0.00000003 -0.00000005 -0.00000001 -0.00000013 -0.00000002 0.00000013 -0.00000004 0.00000000 
-0.00000049 -0.00000001 -0.00000004 -0.00000005 -0.00000015 -0.00000002 0.00000016 -0.00000003 -0.00000000 
-0.00000043 -0.00000001 -0.00000002 -0.00000006 -0.00000017 -0.00000002 0.00000018 -0.00000002 -0.00000000 
-0.00000036 -0.00000002 -0.00000001 -0.00000006 -0.00000018 -0.00000002 0.00000019 -0.00000001 -0.00000001 
-0.00000030 -0.00000001 0.00000000 -0.00000005 -0.00000016 -0.00000001 0.00000018 0.00000001 -0.00000001 
-0.00000026 -0.00000002 0.00000001 -0.00000005 -0.00000015 -0.00000001 0.00000018 0.00000003 -0.00000001 
-0.00000025 -0.00000002 0.00000002 -0.00000005 -0.00000015 -0.00000001 0.00000018 0.00000005 -0.00000001 
-0.00000024 -0.00000002 0.00000002 -0.00000006 -0.00000015 -0.00000001 0.00000019 0.00000008 -0.00000001 
-0.00000024 -0.00000003 0.00000003 -0.00000007 -0.00000016 -0.00000001 0.00000018 0.00000011 -0.00000001 
-0.00000023 -0.00000004 0.00000003 -0.00000008 -0.00000016 -0.00000000 0.00000016 0.00000013 -0.00000001 
-0.00000021 -0.00000006 0.00000003 -0.00000009 -0.00000017 0.00000000 0.00000013 0.00000015 -0.00000001 
-0.00000018 -0.00000006 0.00000003 -0.00000009 -0.00000018 0.00000001 0.00000010 0.00000015 -0.00000001 
-0.00000016 -0.00000006 0.00000002 -0.00000008 -0.00000020 0.00000001 0.00000007 0.00000015 -0.00000001 
-0.00000015 -0.00000005 0.00000002 -0.00000007 -0.00000022 0.00000001 0.00000004 0.00000014 -0.00000001 
-0.00000014 -0.00000004 0.00000001 -0.00000005 -0.00000025 0.00000001 0.00000001 0.00000013 -0.00000001 
-0.00000013 -0.00000002 0.00000001 -0.00000003 -0.00000027 0.00000001 -0.00000002 0.00000011 -0.00000001 
-0.00000013 0.00000000 0.00000001 0.00000000 -0.00000027 0.00000001 -0.00000002 0.00000007 -0.00000001 
-0.00000014 0.00000003 0.00000000 0.00000003 -0.00000025 0.00000001 -0.00000002 0.00000003 -0.00000001 
-0.00000017 0.00000004 0.00000000 0.00000005 -0.00000024 0.00000001 0.00000000 -0.00000000 -0.00000001 
-0.00000021 0.00000004 0.00000000 0.00000005 -0.00000022 0.00000000 0.00000002 -0.00000003 -0.00000001 
-0.00000025 0.00000002 0.00000000 0.00000003 -0.00000020 0.00000000 0.00000005 -0.00000004 -0.00000001 
-0.00000023 -0.00000000 0.00000000 0.00000000 -0.00000015 0.00000000 0.00000007 -0.00000005 -0.00000001 
-0.00000012 -0.00000002 0.00000000 -0.00000002 -0.00000010 -0.00000001 0.00000005 -0.00000004 -0.00000001 
