0.999974 0.999991 0.000019 6.282533 
0.999966 1.000000 0.000028 6.282544 
0.999956 1.000016 0.000029 6.282552 
0.999950 1.000039 0.000034 6.282581 
0.999947 1.000050 0.000024 6.282589 
0.999945 1.000061 0.000003 6.282589 
0.999944 1.000072 -0.000013 6.282606 
0.999949 1.000071 -0.000033 6.282617 
0.999958 1.000063 -0.000050 6.282631 
0.999971 1.000049 -0.000059 6.282647 
0.999988 1.000031 -0.000061 6.282662 
1.000004 1.000010 -0.000060 6.282681 
1.000014 0.999997 -0.000050 6.282689 
1.000020 0.999989 -0.000035 6.282682 
1.000028 0.999981 -0.000025 6.282695 
1.000024 0.999984 -0.000016 6.282687 
1.000009 0.999994 -0.000010 6.282660 
1.000003 0.999999 -0.000009 6.282648 
1.000003 1.000003 -0.000012 6.282624 
1.000007 1.000001 -0.000010 6.282618 
1.000010 0.999998 -0.000011 6.282600 
1.000010 0.999996 -0.000015 6.282557 
1.000007 1.000002 -0.000008 6.282540 
0.999997 1.000016 -0.000005 6.282516 
0.999979 1.000030 -0.000014 6.282480 
0.999954 1.000051 -0.000028 6.282460 
0.999933 1.000071 -0.000055 6.282434 
0.999922 1.000083 -0.000097 6.282414 
0.999926 1.000091 -0.000150 6.282417 
0.999955 1.000085 -0.000207 6.282422 
1.000009 1.000059 -0.000254 6.282432 
1.000079 1.000021 -0.000272 6.282446 
1.000161 0.999976 -0.000256 6.282468 
1.000251 0.999937 -0.000216 6.282505 
1.000344 0.999911 -0.000155 6.282549 
1.000428 0.999909 -0.000087 6.282598 
1.000497 0.999938 -0.000023 6.282642 
1.000551 0.999993 0.000029 6.282683 
1.000588 1.000058 0.000058 6.282711 
1.000611 1.000108 0.000049 6.282731 
1.000627 1.000114 -0.000017 6.282721 
1.000651 1.000070 -0.000148 6.282699 
1.000701 0.999979 -0.000338 6.282675 
1.000784 0.999831 -0.000586 6.282631 
1.000901 0.999627 -0.000880 6.282585 
1.001035 0.999336 -0.001192 6.282504 
1.001141 0.998995 -0.001474 6.282375 
1.001171 0.998716 -0.001659 6.282248 
1.001121 0.998566 -0.001700 6.282176 
1.001036 0.998571 -0.001605 6.282200 
1.000960 0.998730 -0.001407 6.282312 
1.000914 0.998985 -0.001158 6.282458 
1.000906 0.999229 -0.000928 6.282598 
1.000932 0.999395 -0.000744 6.282707 
1.000970 0.999490 -0.000587 6.282767 
1.001000 0.999539 -0.000443 6.282813 
1.001003 0.999564 -0.000312 6.282868 
1.000966 0.999584 -0.000192 6.282913 
1.000892 0.999608 -0.000088 6.282952 
1.000792 0.999677 -0.000005 6.282990 
1.000678 0.999809 0.000044 6.283023 
1.000566 0.999985 0.000029 6.283047 
1.000480 1.000138 -0.000074 6.283074 
1.000441 1.000157 -0.000273 6.283123 
1.000460 0.999975 -0.000550 3.141590 
1.000529 0.999585 -0.000872 0.000046 
1.000637 0.999056 -0.001200 0.000077 
1.000780 0.998539 -0.001447 0.000091 
1.000943 0.998177 -0.001523 0.000107 
1.001089 0.998035 -0.001435 0.000175 
1.001195 0.998114 -0.001246 0.000312 
1.001270 0.998360 -0.001004 0.000471 
1.001337 0.998675 -0.000751 0.000615 
1.001387 0.998975 -0.000510 0.000731 
1.001384 0.999237 -0.000296 0.000817 
1.001310 0.999473 -0.000117 0.000863 
1.001179 0.999684 0.000014 0.000871 
1.001017 0.999865 0.000088 0.000871 
1.000850 1.000003 0.000103 0.000870 
1.000702 1.000071 0.000058 0.000854 
1.000592 1.000078 -0.000038 0.000834 
1.000547 1.000046 -0.000181 0.000836 
1.000596 0.999963 -0.000369 0.000848 
1.000751 0.999796 -0.000588 0.000863 
1.000962 0.999522 -0.000826 0.000881 
1.001152 0.999128 -0.001068 0.000889 
1.001281 0.998643 -0.001302 0.000873 
1.001355 0.998169 -0.001459 0.000866 
1.001425 0.997869 -0.001445 0.000912 
1.001500 0.997858 -0.001235 0.001000 
1.001532 0.998136 -0.000908 0.001100 
1.001485 0.998590 -0.000582 0.001190 
1.001370 0.999031 -0.000344 0.001250 
1.001224 0.999337 -0.000200 0.001270 
1.001073 0.999509 -0.000108 0.001275 
1.000920 0.999607 -0.000035 0.001295 
1.000759 0.999679 0.000027 0.001322 
1.000590 0.999754 0.000063 0.001341 
1.000422 0.999842 0.000067 0.001353 
1.000268 0.999923 0.000033 0.001355 
1.000161 0.999965 -0.000055 0.001342 
1.000129 0.999941 -0.000201 0.001323 
1.000186 0.999832 -0.000396 0.001324 
1.000338 0.999615 -0.000618 0.001348 
1.000561 0.999287 -0.000843 0.001377 
1.000796 0.998855 -0.001055 0.001405 
1.001009 0.998359 -0.001226 0.001437 
1.001194 0.997933 -0.001278 0.001491 
1.001329 0.997773 -0.001129 0.001574 
1.001385 0.997940 -0.000824 0.001671 
1.001345 0.998311 -0.000493 0.001755 
1.001224 0.998721 -0.000218 0.001800 
1.001055 0.999085 -0.000007 0.001792 
1.000854 0.999389 0.000142 0.001730 
1.000646 0.999647 0.000230 0.001636 
1.000447 0.999898 0.000253 0.001525 
1.000272 1.000134 0.000202 0.001413 
1.000142 1.000323 0.000088 0.001309 
1.000068 1.000440 -0.000062 0.001215 
1.000048 1.000467 -0.000211 0.001143 
1.000071 1.000414 -0.000337 0.001102 
1.000115 1.000294 -0.000425 0.001084 
1.000175 1.000129 -0.000477 0.001068 
1.000252 0.999944 -0.000508 0.001049 
1.000337 0.999753 -0.000521 0.001022 
1.000417 0.999564 -0.000510 0.000985 
1.000474 0.999405 -0.000459 0.000946 
1.000502 0.999342 -0.000343 0.000910 
1.000493 0.999372 -0.000187 0.000874 
1.000446 0.999423 -0.000033 0.000831 
1.000371 0.999483 0.000102 0.000779 
1.000271 0.999566 0.000214 0.000728 
1.000152 0.999662 0.000300 0.000691 
1.000017 0.999770 0.000348 0.000669 
0.999873 0.999887 0.000356 0.000660 
0.999735 1.000005 0.000324 0.000663 
0.999616 1.000119 0.000249 0.000676 
0.999525 1.000204 0.000141 0.000696 
0.999468 1.000246 0.000010 0.000723 
0.999453 1.000242 -0.000137 0.000756 
0.999483 1.000181 -0.000284 0.000795 
0.999561 1.000070 -0.000420 0.000833 
0.999681 0.999913 -0.000529 0.000871 
0.999832 0.999710 -0.000599 0.000905 
1.000009 0.999480 -0.000624 0.000936 
1.000194 0.999232 -0.000597 0.000967 
1.000355 0.998999 -0.000508 0.000991 
1.000460 0.998896 -0.000332 0.001002 
1.000487 0.998960 -0.000089 0.000993 
1.000434 0.999123 0.000157 0.000969 
1.000306 0.999364 0.000353 0.000933 
1.000118 0.999654 0.000458 0.000895 
0.999917 0.999953 0.000468 0.000855 
0.999753 1.000257 0.000401 0.000810 
0.999667 1.000527 0.000253 0.000773 
0.999684 1.000715 0.000061 0.000741 
0.999769 1.000804 -0.000128 0.000697 
0.999874 1.000776 -0.000298 0.000653 
1.000011 1.000654 -0.000431 0.000614 
1.000182 1.000480 -0.000512 0.000572 
1.000361 1.000291 -0.000540 0.000524 
1.000517 1.000109 -0.000524 0.000470 
1.000632 0.999942 -0.000487 0.000414 
1.000699 0.999783 -0.000446 0.000349 
1.000725 0.999631 -0.000409 0.000272 
1.000728 0.999485 -0.000368 0.000196 
1.000725 0.999378 -0.000307 0.000125 
1.000710 0.999384 -0.000209 0.000048 
1.000654 0.999445 -0.000118 3.141562 
1.000546 0.999440 -0.000094 6.283093 
1.000405 0.999357 -0.000124 6.283066 
1.000263 0.999349 -0.000131 6.283075 
1.000123 0.999576 -0.000071 6.283092 
0.999973 0.999941 -0.000007 6.283085 
0.999820 1.000261 0.000002 6.283059 
0.999683 1.000458 -0.000047 6.283031 
0.999586 1.000535 -0.000148 6.283012 
0.999551 1.000521 -0.000285 6.283009 
0.999582 1.000435 -0.000439 6.283024 
0.999682 1.000296 -0.000584 6.283048 
0.999841 1.000118 -0.000693 6.283071 
1.000036 0.999910 -0.000744 6.283092 
1.000246 0.999691 -0.000725 6.283111 
1.000447 0.999487 -0.000630 6.283114 
1.000615 0.999331 -0.000469 6.283098 
1.000718 0.999250 -0.000272 6.283066 
1.000740 0.999262 -0.000079 6.283030 
1.000679 0.999365 0.000064 6.282996 
1.000545 0.999552 0.000112 6.282961 
1.000376 0.999797 0.000043 6.282932 
1.000225 1.000029 -0.000131 6.282917 
1.000129 1.000210 -0.000336 6.282934 
1.000096 1.000386 -0.000486 6.282977 
1.000115 1.000552 -0.000580 6.283017 
1.000180 1.000637 -0.000655 6.283054 
1.000275 1.000614 -0.000712 6.283090 
1.000370 1.000509 -0.000741 6.283124 
1.000456 1.000359 -0.000740 6.283141 
1.000544 1.000199 -0.000719 6.283123 
1.000639 1.000053 -0.000690 6.283069 
1.000740 0.999923 -0.000651 6.282977 
1.000828 0.999810 -0.000598 6.282857 
1.000891 0.999720 -0.000524 6.282728 
1.000934 0.999668 -0.000419 6.282614 
1.000943 0.999662 -0.000294 6.282511 
1.000896 0.999684 -0.000186 6.282422 
1.000778 0.999665 -0.000157 6.282375 
1.000597 0.999510 -0.000262 6.282401 
1.000405 0.999224 -0.000478 6.282509 
1.000262 0.998938 -0.000709 6.282690 
1.000187 0.998813 -0.000867 6.282889 
1.000138 0.998990 -0.000906 6.283023 
1.000067 0.999417 -0.000861 6.283066 
0.999969 0.999855 -0.000811 6.283069 
0.999878 1.000161 -0.000805 6.283075 
0.999830 1.000324 -0.000848 6.283082 
0.999848 1.000357 -0.000919 6.283080 
0.999921 1.000274 -0.000987 6.283080 
1.000037 1.000100 -0.001016 6.283078 
1.000186 0.999873 -0.000983 6.283068 
1.000355 0.999632 -0.000886 6.283071 
1.000540 0.999412 -0.000730 6.283092 
1.000722 0.999258 -0.000511 6.283102 
1.000853 0.999206 -0.000255 6.283099 
1.000889 0.999269 -0.000015 6.283107 
1.000806 0.999444 0.000147 6.283131 
1.000614 0.999701 0.000156 3.141574 
1.000380 0.999949 -0.000041 0.000039 
1.000199 1.000094 -0.000422 0.000122 
1.000139 1.000131 -0.000888 0.000195 
1.000210 1.000112 -0.001300 0.000200 
1.000357 1.000115 -0.001546 0.000150 
1.000534 1.000152 -0.001596 0.000109 
1.000718 1.000151 -0.001498 0.000108 
1.000880 1.000068 -0.001327 0.000142 
1.001013 0.999925 -0.001147 0.000194 
1.001110 0.999755 -0.000982 0.000241 
1.001164 0.999590 -0.000834 0.000275 
1.001185 0.999454 -0.000698 0.000295 
1.001195 0.999354 -0.000569 0.000304 
1.001193 0.999285 -0.000446 0.000305 
1.001167 0.999253 -0.000321 0.000295 
1.001111 0.999267 -0.000196 0.000295 
1.001023 0.999314 -0.000084 0.000318 
1.000899 0.999379 -0.000013 0.000353 
1.000742 0.999422 -0.000013 0.000421 
1.000575 0.999396 -0.000115 0.000546 
1.000437 0.999297 -0.000334 0.000717 
1.000353 0.999197 -0.000613 0.000911 
1.000314 0.999183 -0.000872 0.001069 
1.000294 0.999284 -0.001072 0.001134 
1.000261 0.999473 -0.001199 0.001103 
1.000207 0.999691 -0.001274 0.001022 
1.000169 0.999832 -0.001324 0.000953 
1.000174 0.999818 -0.001362 0.000949 
1.000226 0.999662 -0.001363 0.000993 
1.000315 0.999420 -0.001298 0.001049 
1.000429 0.999148 -0.001165 0.001123 
1.000551 0.998905 -0.000955 0.001186 
1.000648 0.998736 -0.000677 0.001231 
1.000692 0.998658 -0.000357 0.001284 
1.000657 0.998697 -0.000025 0.001343 
1.000540 0.998868 0.000286 0.001398 
1.000348 0.999157 0.000534 0.001459 
1.000096 0.999536 0.000681 0.001522 
0.999824 0.999971 0.000697 0.001587 
0.999581 1.000400 0.000570 0.001643 
0.999421 1.000743 0.000315 0.001678 
0.999360 1.000952 -0.000010 0.001723 
0.999401 1.000995 -0.000338 0.001760 
0.999544 1.000885 -0.000629 0.001783 
0.999769 1.000662 -0.000843 0.001813 
1.000046 1.000366 -0.000940 0.001805 
1.000338 1.000048 -0.000927 0.001782 
1.000611 0.999755 -0.000818 0.001760 
1.000813 0.999518 -0.000625 0.001709 
1.000939 0.999354 -0.000385 0.001658 
1.000984 0.999260 -0.000126 0.001612 
1.000935 0.999235 0.000127 0.001547 
1.000815 0.999262 0.000351 0.001495 
1.000639 0.999332 0.000535 0.001458 
1.000412 0.999442 0.000669 0.001409 
1.000160 0.999581 0.000751 0.001376 
0.999901 0.999743 0.000777 0.001354 
0.999648 0.999922 0.000737 0.001334 
0.999419 1.000106 0.000633 0.001328 
0.999231 1.000277 0.000470 0.001328 
0.999094 1.000404 0.000258 0.001336 
0.999021 1.000461 0.000011 0.001352 
0.999017 1.000441 -0.000249 0.001377 
0.999077 1.000337 -0.000493 0.001409 
0.999195 1.000150 -0.000700 0.001452 
0.999370 0.999897 -0.000852 0.001486 
0.999589 0.999589 -0.000933 0.001527 
0.999836 0.999254 -0.000925 0.001581 
1.000098 0.998928 -0.000810 0.001624 
1.000333 0.998643 -0.000596 0.001679 
1.000508 0.998452 -0.000283 0.001732 
1.000589 0.998397 0.000094 0.001778 
