0.999623 0.998561 -15.993060 0.011924 
0.999525 0.998094 -15.792311 0.012010 
0.999416 0.997923 -15.593685 0.012096 
0.999307 0.997856 -15.387212 0.012162 
0.999303 0.997777 -15.173162 0.012122 
0.999421 0.997666 -14.989017 0.012042 
0.999523 0.997534 -14.825567 0.011965 
0.999554 0.997404 -14.658661 0.011905 
0.999565 0.997308 -14.497136 0.011877 
0.999500 0.997369 -14.618578 0.011306 
0.999425 0.997445 -14.799390 0.010636 
0.999417 0.997407 -14.712316 0.010393 
0.999415 0.997380 -14.727267 0.010126 
0.999420 0.997361 -14.894278 0.009838 
0.999426 0.997350 -15.063756 0.009537 
0.999428 0.997348 -15.233786 0.009227 
0.999427 0.997357 -15.403349 0.008913 
0.999427 0.997377 -15.572666 0.008594 
0.999429 0.997408 -15.741447 0.008271 
0.999438 0.997444 -15.915712 0.007967 
0.999454 0.997486 -15.945592 0.007690 
0.999474 0.997536 -14.449205 0.007428 
0.999499 0.997594 -12.914085 0.007186 
0.999529 0.997656 -12.707304 0.006968 
0.999569 0.997717 -12.483233 0.006775 
0.999623 0.997774 -12.242918 0.006610 
0.999693 0.997824 -11.986807 0.006472 
0.999786 0.997859 -11.715084 0.006363 
0.999906 0.997872 -11.591578 0.006282 
1.000053 0.997854 -11.587246 0.006227 
1.000227 0.997797 -11.174014 0.006196 
1.000428 0.997698 -10.686764 0.006187 
1.000656 0.997558 -10.498704 0.006199 
1.000911 0.997386 -10.314062 0.006232 
1.001190 0.997187 -10.134129 0.006286 
1.001494 0.996961 -9.959076 0.006356 
1.001821 0.996702 -9.789072 0.006442 
1.002169 0.996399 -9.624393 0.006536 
1.002527 0.996052 -9.458176 0.006634 
1.002886 0.995671 -9.297871 0.006734 
1.003237 0.995280 -9.152973 0.006840 
1.003573 0.994906 -9.019743 0.006958 
1.003887 0.994566 -8.898920 0.007090 
1.004178 0.994255 -8.789614 0.007232 
1.004445 0.993964 -8.691238 0.007382 
1.004685 0.993686 -8.603308 0.007537 
1.004892 0.993425 -8.525373 0.007696 
1.005054 0.993195 -8.457084 0.007864 
1.005166 0.993018 -8.398300 0.008050 
1.005230 0.992909 -8.349461 0.008261 
1.005253 0.992865 -8.310310 0.008500 
1.005244 0.992861 -8.279417 0.008764 
1.005213 0.992871 -8.255875 0.009044 
1.005168 0.992883 -8.238743 0.009341 
1.005113 0.992899 -8.226219 0.009659 
1.005045 0.992926 -8.216881 0.010005 
1.004966 0.992965 -8.210186 0.010385 
1.004880 0.993009 -8.205928 0.010800 
1.004797 0.993047 -8.203905 0.011246 
1.004724 0.993069 -8.203754 0.011717 
1.004660 0.993077 -8.205059 0.012210 
1.004603 0.993082 -8.207314 0.012727 
1.004553 0.993090 -8.208990 0.013272 
1.004508 0.993097 -8.208490 0.013846 
1.004467 0.993096 -8.206007 0.014447 
1.004430 0.993080 -8.202685 0.015070 
1.004402 0.993046 -8.199235 0.015707 
1.004383 0.993006 -8.195817 0.016352 
1.004369 0.992979 -8.192369 0.017006 
1.004354 0.992979 -8.188692 0.017670 
1.004340 0.992995 -8.184284 0.018344 
1.004330 0.993002 -8.178605 0.019020 
1.004328 0.992988 -8.172008 0.019692 
1.004338 0.992955 -8.165621 0.020352 
1.004359 0.992913 -8.160094 0.020997 
1.004391 0.992874 -8.155288 0.021621 
1.004431 0.992840 -8.150904 0.022225 
1.004476 0.992800 -8.146845 0.022806 
1.004523 0.992735 -8.143038 0.023358 
1.004574 0.992630 -8.139319 0.023878 
1.004631 0.992498 -8.135827 0.024362 
1.004692 0.992374 -8.132971 0.024809 
1.004755 0.992277 -8.130811 0.025217 
1.004813 0.992201 -8.129200 0.025584 
1.004861 0.992131 -8.128323 0.025907 
1.004898 0.992056 -8.128361 0.026187 
1.004919 0.991971 -8.128991 0.026422 
1.004924 0.991887 -8.129623 0.026616 
1.004910 0.991836 -8.129873 0.026775 
1.004879 0.991854 -8.129784 0.026902 
1.004829 0.991943 -8.129509 0.026997 
1.004763 0.992066 -8.129084 0.027061 
1.004682 0.992183 -8.128843 0.027094 
1.004588 0.992287 -8.129303 0.027103 
1.004490 0.992389 -8.130468 0.027095 
1.004390 0.992503 -8.131794 0.027078 
1.004288 0.992641 -8.132863 0.027057 
1.004188 0.992808 -8.133748 0.027033 
1.004089 0.992989 -8.134740 0.027004 
1.003993 0.993156 -8.135946 0.026970 
1.003898 0.993292 -8.137197 0.026934 
1.003807 0.993407 -8.138288 0.026900 
1.003722 0.993519 -8.139296 0.026874 
1.003643 0.993632 -8.141136 0.026858 
1.003568 0.993742 -8.143320 0.026850 
1.003488 0.993846 -8.144115 0.026847 
1.003399 0.993943 -8.143286 0.026845 
1.003296 0.994037 -8.141336 0.026842 
1.003181 0.994136 -8.138660 0.026840 
1.003055 0.994256 -8.135439 0.026839 
1.002924 0.994396 -8.131847 0.026835 
1.002791 0.994534 -8.128473 0.026822 
1.002659 0.994649 -8.126253 0.026795 
1.002526 0.994744 -8.122702 0.026751 
1.002385 0.994833 -8.115680 0.026687 
1.002236 0.994931 -8.107424 0.026600 
1.002084 0.995041 -8.100056 0.026489 
1.001934 0.995158 -8.094484 0.026352 
1.001793 0.995265 -8.090834 0.026188 
1.001664 0.995343 -8.088804 0.025993 
1.001548 0.995387 -8.087967 0.025765 
1.001442 0.995410 -8.087729 0.025503 
1.001342 0.995427 -8.086939 0.025206 
1.001249 0.995450 -8.086481 0.024874 
1.001162 0.995478 -8.088682 0.024507 
1.001085 0.995504 -8.093739 0.024105 
1.001019 0.995520 -8.100334 0.023669 
1.000963 0.995524 -8.106862 0.023204 
1.000913 0.995531 -8.112240 0.022715 
1.000865 0.995561 -8.116181 0.022203 
1.000817 0.995614 -8.119056 0.021671 
1.000771 0.995675 -8.121489 0.021124 
1.000732 0.995738 -8.124088 0.020566 
1.000699 0.995802 -8.126637 0.020001 
1.000672 0.995868 -8.127832 0.019432 
1.000649 0.995939 -8.126583 0.018864 
1.000630 0.996018 -8.122747 0.018301 
1.000611 0.996107 -8.117186 0.017746 
1.000594 0.996196 -8.110683 0.017199 
1.000583 0.996265 -8.103460 0.016663 
1.000581 0.996305 -8.095724 0.016137 
1.000588 0.996326 -8.087393 0.015622 
1.000599 0.996341 -8.078071 0.015117 
1.000609 0.996353 -8.067568 0.014623 
1.000615 0.996358 -8.056105 0.014141 
1.000614 0.996355 -8.044317 0.013669 
1.000605 0.996340 -8.033496 0.013203 
1.000591 0.996307 -8.024025 0.012741 
1.000576 0.996260 -8.015205 0.012276 
1.000561 0.996208 -8.006842 0.018928 
1.000546 0.996160 -7.998747 0.039816 
1.000528 0.996114 -7.990697 0.074941 
1.000507 0.996058 -7.982471 0.124303 
1.000483 0.995989 -7.973810 0.187903 
1.000456 0.995916 -7.964946 0.265738 
1.000426 0.995847 -7.958565 0.357805 
1.000400 0.995782 -7.956507 0.464102 
1.000386 0.995720 -7.956294 0.584626 
1.000383 0.995660 -7.956368 0.662387 
1.000393 0.995595 -7.957282 0.839862 
1.000411 0.995518 -7.959241 1.166924 
1.000436 0.995430 -7.962099 1.493976 
1.000465 0.995348 -7.965834 1.821020 
1.000493 0.995288 -7.970987 2.148057 
1.000522 0.995251 -7.980254 2.475086 
1.000560 0.995222 -7.991746 2.802107 
1.000608 0.995193 -7.997679 3.129123 
1.000659 0.995165 -8.002957 3.313664 
1.000706 0.995139 -8.015989 1.980841 
1.000749 0.995122 -8.036591 0.612409 
1.000787 0.995124 -8.064516 0.576141 
1.000820 0.995149 -8.099475 0.525638 
1.000852 0.995189 -8.141120 0.460898 
1.000892 0.995226 -8.188663 0.381921 
1.000942 0.995247 -8.238451 0.288710 
1.000997 0.995255 -8.286753 0.181269 
1.001053 0.995260 -8.276744 3.201196 
1.001112 0.995259 -8.353600 6.278139 
1.001181 0.995247 -8.570087 6.277632 
1.001265 0.995215 -8.777663 6.277152 
1.001365 0.995156 -8.976244 6.276699 
1.001481 0.995069 -9.165800 6.276275 
1.001606 0.994967 -9.346589 6.275880 
1.001733 0.994859 -9.519007 6.275517 
1.001853 0.994755 -9.683771 6.275184 
1.001966 0.994651 -9.699057 6.274883 
1.002084 0.994537 -8.194217 6.274610 
1.002209 0.994408 -6.655209 6.274362 
1.002336 0.994271 -6.449129 6.274137 
1.002457 0.994137 -6.228509 6.273933 
1.002563 0.994025 -5.993211 6.273750 
1.002648 0.993938 -5.743531 6.273588 
1.002709 0.993859 -5.479541 6.273447 
1.002753 0.993773 -5.200668 6.273324 
1.002792 0.993674 -4.906774 6.273216 
1.002837 0.993564 -4.671818 6.273119 
1.002885 0.993458 -4.504462 6.273027 
1.002928 0.993371 -4.338845 6.272939 
1.002962 0.993297 -4.173901 6.272855 
1.002989 0.993221 -4.009662 6.272779 
1.003016 0.993121 -3.846227 6.272714 
1.003050 0.992995 -3.683221 6.272663 
1.003096 0.992863 -3.519982 6.272624 
1.003159 0.992743 -3.357149 6.272594 
1.003235 0.992648 -3.197220 6.272571 
1.003313 0.992578 -3.040842 6.272557 
1.003388 0.992520 -2.886406 6.272561 
1.003459 0.992456 -2.740110 6.272589 
1.003528 0.992382 -2.608705 6.272648 
1.003599 0.992316 -2.491373 6.272738 
1.003674 0.992288 -2.387406 6.272856 
1.003756 0.992311 -2.297294 6.272993 
1.003843 0.992373 -2.222503 6.273142 
1.003935 0.992451 -2.164051 6.273306 
1.004024 0.992527 -2.120998 6.273490 
1.004108 0.992598 -2.091429 6.273695 
1.004186 0.992665 -2.166408 6.273923 
1.004264 0.992733 -2.337968 6.274174 
1.004351 0.992804 -2.506431 6.274445 
1.004452 0.992864 -2.672932 6.274731 
1.004567 0.992895 -2.839275 6.267908 
1.004687 0.992898 -3.005722 6.246849 
1.004800 0.992886 -3.177751 6.211551 
1.004894 0.992872 -3.360870 6.162014 
1.004968 0.992860 -3.554138 6.098242 
1.005028 0.992844 -2.090202 6.020238 
1.005088 0.992811 -0.430772 5.928002 
1.005156 0.992752 -0.231058 5.821535 
1.005225 0.992670 -0.018102 5.700834 
1.005277 0.992593 0.207776 5.622889 
1.005298 0.992557 1.047669 5.445218 
1.005283 0.992566 1.742376 5.117953 
1.005244 0.992595 1.691772 4.790704 
1.005193 0.992622 1.655383 4.463476 
1.005145 0.992638 1.689181 4.136269 
1.005107 0.992649 1.827353 3.809076 
1.005075 0.992670 2.004814 3.481890 
1.005039 0.992718 2.179319 3.154705 
1.004996 0.992802 2.352516 2.969993 
1.004951 0.992905 2.528036 4.302644 
1.004922 0.992990 2.705759 5.670913 
1.004918 0.993045 2.886169 5.707029 
1.004932 0.993088 3.074332 5.757385 
1.004958 0.993137 3.265276 5.821973 
1.004990 0.993199 3.423919 5.900789 
1.005019 0.993276 3.543927 5.993834 
1.005043 0.993359 3.648021 6.101110 
1.005060 0.993437 3.738444 3.081025 
1.005071 0.993500 3.817808 0.003933 
1.005075 0.993563 3.883573 0.004299 
1.005058 0.993661 3.931392 0.004635 
1.005004 0.993813 3.963214 0.004941 
1.004912 0.994002 3.889703 0.005222 
1.004790 0.994204 3.719090 0.005489 
1.004643 0.994400 3.551858 0.005746 
1.004475 0.994587 3.388742 0.005992 
1.004288 0.994766 3.230944 0.006226 
1.004089 0.994944 3.078950 0.006448 
1.003877 0.995135 2.928271 0.006653 
1.003648 0.995345 2.776261 0.006844 
1.003404 0.995557 2.625643 0.007028 
1.003157 0.995743 4.116242 0.007210 
1.002916 0.995891 5.780537 0.007392 
1.002687 0.996004 5.986779 0.007569 
1.002472 0.996091 6.209079 0.007735 
1.002273 0.996160 7.194640 0.007887 
1.002092 0.996213 8.044099 0.008021 
1.001928 0.996254 8.006626 0.008138 
1.001776 0.996282 7.979785 0.008237 
1.001637 0.996294 7.965463 0.008318 
1.001514 0.996287 7.963859 0.008379 
1.001408 0.996268 8.052948 0.008416 
1.001318 0.996246 8.225290 0.008426 
1.001244 0.996227 8.395156 0.008406 
1.001183 0.996217 8.562295 0.008356 
1.001132 0.996219 8.726563 0.008276 
1.001089 0.996235 8.888153 0.008168 
1.001052 0.996267 9.047891 0.008034 
1.001021 0.996311 9.206628 0.007874 
1.000998 0.996367 9.364717 0.007694 
1.000979 0.996433 9.521933 0.007481 
1.000966 0.996507 9.678744 0.007241 
1.000971 0.996582 9.835866 0.006997 
1.000998 0.996659 9.993154 0.006754 
1.001046 0.996734 10.150545 0.006516 
1.001109 0.996809 10.308085 0.006284 
1.001186 0.996881 10.465923 0.006063 
1.001270 0.996952 10.624674 0.005855 
1.001364 0.997023 10.785419 0.005664 
1.001252 0.997194 10.930689 0.005037 
1.001185 0.997344 11.081435 0.004480 
1.001412 0.997359 11.252785 0.004469 
1.001705 0.997355 11.420764 0.004475 
1.001974 0.997349 11.586174 0.004510 
1.002197 0.997341 11.750105 0.004556 
1.002376 0.997345 11.913998 0.004579 
1.002476 0.997378 12.086538 0.004637 
1.002579 0.997462 12.277620 0.004707 
1.002792 0.997644 12.495728 0.004821 
