0.969299 0.982648 -0.001467 0.858200 
0.957590 0.978677 -0.006329 0.860615 
0.952149 0.974077 -0.012252 0.863134 
0.951448 0.968154 -0.017849 0.864999 
0.954156 0.961417 -0.022481 0.865910 
0.959246 0.953748 -0.025537 0.866175 
0.965660 0.945016 -0.026155 0.866179 
0.972332 0.936174 -0.023828 0.866109 
0.978413 0.928740 -0.018788 0.865942 
0.982853 0.923782 -0.011715 0.865346 
0.984626 0.921567 -0.003478 0.864086 
0.983518 0.921963 0.004991 0.862231 
0.980105 0.924789 0.012996 0.859997 
0.974678 0.929721 0.019779 0.857452 
0.967679 0.936309 0.024695 0.854654 
0.960387 0.944286 0.027819 0.851752 
0.953116 0.952905 0.028979 0.848809 
0.945635 0.961061 0.027770 0.845935 
0.938471 0.968138 0.024401 0.843362 
0.932349 0.973712 0.019303 0.841281 
0.927906 0.977758 0.012940 0.839638 
0.925636 0.980192 0.005758 0.838364 
0.925834 0.980303 -0.001851 0.837477 
0.928527 0.977686 -0.009160 0.836828 
0.933257 0.972779 -0.015134 0.836167 
0.939432 0.966543 -0.019220 0.835401 
0.946739 0.959759 -0.021404 0.834594 
0.954995 0.952855 -0.021720 0.834041 
0.963826 0.946198 -0.019924 0.834240 
0.971981 0.940519 -0.015652 0.835426 
0.977959 0.936917 -0.009201 0.837560 
0.980955 0.936197 -0.001614 0.840421 
0.980816 0.938343 0.005687 0.843732 
0.978121 0.942746 0.011562 0.847491 
0.973461 0.948783 0.015337 0.851846 
0.967456 0.956204 0.016683 0.857084 
0.960872 0.964266 0.015174 0.863443 
0.954611 0.971378 0.010422 0.870940 
0.949969 0.975811 0.002768 0.879400 
0.947885 0.976290 -0.007125 0.888510 
0.948849 0.972477 -0.018521 0.898112 
0.953165 0.964376 -0.030814 0.908198 
0.960968 0.951834 -0.044140 0.918834 
0.972012 0.933661 -0.059145 0.929948 
0.984657 0.907338 -0.076910 0.941193 
0.995250 0.871746 -0.097065 0.951671 
1.001967 0.832984 -0.113547 0.960420 
1.006804 0.803094 -0.119625 0.968155 
1.010899 0.788432 -0.114272 0.976292 
1.014596 0.789832 -0.098469 0.985454 
1.017700 0.807877 -0.073749 0.994515 
1.017805 0.837453 -0.045552 0.999875 
1.012747 0.868309 -0.021600 0.999558 
1.003319 0.893719 -0.005446 0.994770 
0.992116 0.912741 0.003964 0.987282 
0.980585 0.926695 0.008333 0.978809 
0.969547 0.937167 0.008955 0.970593 
0.959741 0.944921 0.006609 0.963156 
0.951620 0.950591 0.001583 0.956764 
0.945572 0.955081 -0.006487 0.951871 
0.942261 0.958064 -0.018503 0.949036 
0.942798 0.957363 -0.035315 0.948881 
0.948307 0.950620 -0.057232 0.951394 
0.958748 0.933140 -0.084559 0.956567 
0.971884 0.900676 -0.117092 0.963536 
0.984493 0.855890 -0.149701 0.968667 
0.993966 0.809039 -0.173508 0.968985 
1.001323 0.774489 -0.181130 0.968723 
1.007248 0.758846 -0.171184 0.975051 
1.009453 0.762470 -0.147443 0.989450 
1.007961 0.785746 -0.114264 1.008707 
1.003910 0.822115 -0.078380 1.026579 
0.997632 0.858506 -0.048115 1.038675 
0.989469 0.887490 -0.027162 1.045790 
0.980232 0.910114 -0.014490 1.050090 
0.970996 0.928223 -0.008750 1.053163 
0.962839 0.942236 -0.009166 1.056120 
0.956973 0.951970 -0.014833 1.059429 
0.954516 0.956548 -0.024431 1.063236 
0.956116 0.955160 -0.036373 1.067588 
0.961542 0.948092 -0.049162 1.072227 
0.970019 0.935788 -0.061850 1.076948 
0.980146 0.918780 -0.074378 1.081524 
0.990397 0.897267 -0.087445 1.085291 
0.997498 0.869863 -0.102973 1.087212 
0.997435 0.835519 -0.121270 1.086538 
0.992492 0.799082 -0.138104 1.082536 
0.987764 0.772426 -0.146151 1.076874 
0.983888 0.764088 -0.141418 1.074175 
0.979495 0.775085 -0.125604 1.076236 
0.974963 0.803315 -0.101636 1.080713 
0.970634 0.842412 -0.074243 1.083276 
0.964915 0.880175 -0.050816 1.080824 
0.957780 0.907944 -0.035363 1.074690 
0.950551 0.926208 -0.026872 1.067561 
0.943869 0.937591 -0.023555 1.060695 
0.938445 0.944380 -0.023735 1.054677 
0.934698 0.948694 -0.026511 1.049605 
0.933118 0.951171 -0.031875 1.045746 
0.934508 0.951027 -0.039778 1.043609 
0.939538 0.947210 -0.049791 1.043290 
0.948416 0.939225 -0.061187 1.044137 
0.960387 0.926656 -0.073496 1.045367 
0.973884 0.908487 -0.086486 1.046046 
0.987124 0.883187 -0.100498 1.045010 
0.997127 0.849992 -0.115534 1.041121 
1.001989 0.812830 -0.128563 1.033825 
1.002133 0.782764 -0.133737 1.025075 
0.997897 0.770633 -0.127843 1.020396 
0.989563 0.780526 -0.112976 1.023302 
0.979079 0.810671 -0.092650 1.031200 
0.969898 0.852558 -0.070737 1.038292 
0.962994 0.892022 -0.052537 1.040799 
0.957724 0.919981 -0.041015 1.040235 
0.953958 0.937468 -0.035827 1.039099 
0.951894 0.947730 -0.035731 1.038147 
0.952336 0.951985 -0.038772 1.037714 
0.955533 0.950909 -0.043035 1.038107 
0.960934 0.945352 -0.046994 1.039142 
0.967718 0.936080 -0.049487 1.040283 
0.974931 0.924314 -0.050205 1.040938 
0.981701 0.911565 -0.049726 1.040586 
0.987430 0.898585 -0.049550 1.038648 
0.991871 0.884741 -0.051540 1.034421 
0.994418 0.868057 -0.057230 1.027283 
0.993911 0.846134 -0.067462 1.016813 
0.991010 0.819594 -0.079971 1.003143 
0.986694 0.797085 -0.089206 0.987404 
0.979248 0.790380 -0.091762 0.974581 
0.967614 0.802080 -0.089492 0.968263 
0.955503 0.826535 -0.083476 0.965366 
0.947882 0.857647 -0.071786 0.961354 
0.943514 0.887435 -0.057653 0.955159 
0.939166 0.909840 -0.046842 0.948718 
0.935163 0.925072 -0.040714 0.943169 
0.932538 0.935500 -0.038898 0.938734 
0.932379 0.942102 -0.040778 0.935437 
0.935650 0.944703 -0.045142 0.933314 
0.942633 0.942940 -0.050461 0.932482 
0.952670 0.936801 -0.055096 0.932613 
0.964249 0.927225 -0.058029 0.933022 
0.975002 0.915186 -0.059085 0.932872 
0.983535 0.901160 -0.059116 0.931503 
0.990252 0.884797 -0.059677 0.928690 
0.995501 0.865293 -0.062173 0.924133 
0.999066 0.841683 -0.067404 0.917149 
1.000469 0.815595 -0.074184 0.907456 
0.998451 0.794072 -0.080071 0.896195 
0.991354 0.786589 -0.083954 0.888067 
0.980332 0.795603 -0.086806 0.885910 
0.970984 0.815903 -0.086967 0.885162 
0.967847 0.845301 -0.079647 0.881180 
0.968139 0.877257 -0.067727 0.874897 
0.968885 0.902116 -0.058270 0.869226 
0.970986 0.917312 -0.052668 0.864943 
0.974849 0.923595 -0.049619 0.861639 
0.980238 0.922888 -0.047018 0.859272 
0.986263 0.917602 -0.043186 0.857834 
0.991732 0.910347 -0.037869 0.856847 
0.995565 0.903090 -0.031528 0.855811 
0.996915 0.897104 -0.025258 0.854232 
0.995741 0.892406 -0.020580 0.851406 
0.992789 0.887777 -0.019009 0.846763 
0.989558 0.881000 -0.021391 0.839971 
0.987548 0.869936 -0.027641 0.831123 
0.987053 0.852654 -0.037377 0.820250 
0.987158 0.829389 -0.049693 0.807177 
0.984676 0.806594 -0.063592 0.793768 
0.977414 0.793483 -0.078305 0.783731 
0.968337 0.792700 -0.091611 0.777874 
0.962309 0.803055 -0.098055 0.772830 
0.960582 0.825029 -0.092663 0.765257 
0.960023 0.853193 -0.079151 0.756101 
0.958484 0.878741 -0.066009 0.748273 
0.957177 0.897868 -0.057293 0.742595 
0.958247 0.910287 -0.053288 0.738744 
0.962888 0.916268 -0.052142 0.736814 
0.970796 0.916771 -0.051438 0.736520 
0.980747 0.913370 -0.049471 0.737035 
0.991052 0.907399 -0.045365 0.737799 
0.999248 0.900392 -0.039399 0.738124 
1.003758 0.893304 -0.032688 0.737498 
1.005344 0.886278 -0.026861 0.735837 
1.005424 0.878482 -0.023276 0.732916 
1.004913 0.868117 -0.023072 0.728546 
1.003884 0.853062 -0.027419 0.722440 
1.001227 0.832788 -0.037451 0.715043 
0.995839 0.810264 -0.053689 0.709683 
0.989934 0.793523 -0.073501 0.709347 
0.987925 0.787017 -0.090661 0.710983 
0.991069 0.791092 -0.098745 0.710071 
0.996954 0.809696 -0.094914 0.706004 
1.002135 0.837822 -0.082770 0.700806 
1.005130 0.863952 -0.068682 0.695967 
1.006552 0.882071 -0.055618 0.691813 
1.007381 0.891272 -0.043715 0.688750 
1.007842 0.894596 -0.032091 0.686752 
1.007321 0.895484 -0.020232 0.685391 
1.005376 0.896537 -0.008847 0.683861 
1.001627 0.899126 0.000967 0.681508 
0.996230 0.903302 0.008000 0.677808 
0.989719 0.907786 0.011288 0.672305 
0.983006 0.910579 0.010401 0.664937 
0.977720 0.910268 0.006073 0.656142 
0.974475 0.905366 -0.001326 0.646688 
0.972731 0.892754 -0.013284 0.637204 
0.971941 0.867940 -0.032037 0.628789 
0.972216 0.829369 -0.057044 0.623705 
0.974783 0.790744 -0.082801 0.623491 
0.980433 0.766693 -0.102475 0.626519 
0.987935 0.760137 -0.111536 0.629576 
0.995222 0.773958 -0.108472 0.630226 
1.000470 0.804419 -0.096508 0.628010 
1.002839 0.838570 -0.081786 0.624212 
1.003635 0.864954 -0.068190 0.621373 
1.004690 0.880607 -0.056487 0.621134 
1.006173 0.888871 -0.045720 0.622722 
1.007135 0.893230 -0.034893 0.625260 
1.006511 0.895926 -0.023944 0.628213 
1.003667 0.898564 -0.013388 0.631117 
0.998447 0.901969 -0.004348 0.633710 
0.991674 0.906158 0.001908 0.635782 
0.984826 0.910262 0.004411 0.637037 
0.978837 0.912664 0.002404 0.637205 
0.974422 0.911053 -0.005045 0.636428 
0.972400 0.901925 -0.019185 0.635704 
0.973927 0.880963 -0.041712 0.637309 
0.980510 0.844872 -0.072186 0.644944 
0.993540 0.803963 -0.102924 0.659016 
1.012030 0.773082 -0.124416 0.674825 
1.032075 0.758747 -0.132886 0.687899 
1.049072 0.765244 -0.127977 0.695862 
1.059235 0.789818 -0.110988 0.698594 
1.060363 0.822899 -0.085539 0.699281 
1.052615 0.853842 -0.057449 0.700997 
1.038844 0.876516 -0.032745 0.703645 
1.022325 0.892626 -0.014160 0.705921 
1.005217 0.906388 -0.001483 0.706837 
0.989391 0.919359 0.005860 0.705843 
0.975994 0.931287 0.008613 0.702471 
0.965272 0.941338 0.007702 0.696556 
0.957014 0.948933 0.003980 0.688568 
0.950724 0.953490 -0.002211 0.679336 
0.945991 0.954547 -0.011077 0.669929 
0.942865 0.951131 -0.023073 0.661585 
0.941768 0.940318 -0.039192 0.655724 
0.943651 0.918137 -0.059827 0.654232 
0.949383 0.883452 -0.083467 0.658747 
0.959173 0.846633 -0.104630 0.668345 
0.972325 0.821923 -0.117771 0.679758 
0.986794 0.814545 -0.121240 0.690470 
1.000290 0.824721 -0.115082 0.699585 
1.010642 0.848114 -0.100447 0.706761 
1.015402 0.873691 -0.080550 0.713036 
1.014357 0.891139 -0.060290 0.720489 
1.010016 0.899963 -0.042214 0.729368 
1.004319 0.905312 -0.026331 0.738656 
0.997868 0.910338 -0.012484 0.747809 
0.990689 0.916446 -0.000619 0.756652 
0.982587 0.924203 0.008956 0.765185 
0.973711 0.933243 0.015521 0.773310 
0.964749 0.942644 0.018695 0.780843 
0.956519 0.951803 0.018902 0.787753 
0.949529 0.960642 0.016738 0.794190 
0.944183 0.969050 0.012327 0.800301 
0.941125 0.976081 0.005657 0.806295 
0.941202 0.979689 -0.002566 0.812489 
0.944900 0.978312 -0.010658 0.819034 
0.951813 0.972268 -0.016686 0.825700 
0.960575 0.963131 -0.019316 0.831916 
0.969164 0.952756 -0.018029 0.837212 
0.976071 0.943002 -0.013293 0.841453 
0.980600 0.935325 -0.006194 0.844636 
0.982188 0.930449 0.002294 0.847023 
0.980680 0.928781 0.011200 0.848948 
0.976453 0.930501 0.019339 0.850407 
0.970240 0.935254 0.025678 0.851192 
0.962890 0.942096 0.029672 0.851163 
0.954970 0.949772 0.031124 0.850315 
0.946900 0.957337 0.030120 0.848933 
0.939197 0.964200 0.026916 0.847371 
0.932462 0.969911 0.021916 0.845703 
0.927163 0.974317 0.015593 0.844086 
0.923579 0.977461 0.008233 0.842736 
0.921896 0.979104 0.000180 0.841722 
0.922172 0.978718 -0.008048 0.841114 
0.924371 0.976062 -0.015895 0.841015 
0.928440 0.971445 -0.022884 0.841482 
0.934240 0.965411 -0.028637 0.842398 
0.941657 0.958200 -0.032702 0.843738 
0.950579 0.950013 -0.034532 0.845723 
0.960222 0.941490 -0.033662 0.848280 
0.969114 0.933632 -0.030070 0.851112 
0.976410 0.927476 -0.024328 0.854183 
0.982131 0.923917 -0.017200 0.857453 
0.986309 0.923818 -0.009494 0.860903 
0.989253 0.928269 -0.002198 0.864587 
0.991975 0.938514 0.003358 0.868314 
0.996508 0.955661 0.005761 0.871795 
