0.999802 0.999937 0.000067 6.282640 
0.999721 0.999943 0.000051 6.282650 
0.999690 0.999947 0.000015 6.282667 
0.999699 0.999940 -0.000014 6.282712 
0.999723 0.999919 -0.000058 6.282714 
0.999752 0.999911 -0.000098 6.282721 
0.999790 0.999891 -0.000122 6.282733 
0.999833 0.999839 -0.000129 6.282732 
0.999868 0.999795 -0.000117 6.282763 
0.999895 0.999756 -0.000082 6.282777 
0.999914 0.999725 -0.000037 6.282778 
0.999916 0.999712 0.000006 6.282786 
0.999889 0.999716 0.000057 6.282753 
0.999839 0.999737 0.000105 6.282686 
0.999783 0.999768 0.000137 6.282602 
0.999719 0.999816 0.000151 6.282483 
0.999663 0.999870 0.000141 6.282354 
0.999619 0.999909 0.000100 6.282215 
0.999600 0.999923 0.000036 6.282064 
0.999622 0.999909 -0.000032 6.281940 
0.999669 0.999870 -0.000097 6.281798 
0.999736 0.999828 -0.000140 6.281641 
0.999807 0.999789 -0.000156 6.281502 
0.999862 0.999753 -0.000162 6.281365 
0.999896 0.999730 -0.000165 6.281251 
0.999920 0.999724 -0.000167 6.281164 
0.999938 0.999734 -0.000167 6.281068 
0.999942 0.999773 -0.000177 6.280984 
0.999941 0.999843 -0.000208 6.280944 
0.999958 0.999912 -0.000231 6.280910 
0.999976 0.999978 -0.000234 6.280902 
0.999984 1.000051 -0.000205 6.280920 
0.999999 1.000130 -0.000156 6.280951 
1.000044 1.000213 -0.000126 6.281023 
1.000135 1.000290 -0.000119 6.281112 
1.000276 1.000346 -0.000140 6.281209 
1.000463 1.000372 -0.000184 6.281317 
1.000682 1.000388 -0.000228 6.281403 
1.000914 1.000379 -0.000264 6.281453 
1.001133 1.000299 -0.000327 6.281459 
1.001335 1.000094 -0.000469 6.281401 
1.001546 0.999760 -0.000712 6.281320 
1.001788 0.999347 -0.001064 6.281217 
1.002077 0.998892 -0.001540 6.281068 
1.002420 0.998378 -0.002122 6.280887 
1.002775 0.997710 -0.002743 6.280625 
1.003028 0.996987 -0.003250 6.280270 
1.003085 0.996446 -0.003481 6.279925 
1.002951 0.996207 -0.003389 6.279729 
1.002689 0.996322 -0.003038 6.279770 
1.002372 0.996822 -0.002523 6.280062 
1.002084 0.997622 -0.001954 6.280505 
1.001905 0.998433 -0.001493 6.280943 
1.001860 0.998976 -0.001213 6.281268 
1.001909 0.999223 -0.001054 6.281479 
1.001994 0.999274 -0.000946 6.281658 
1.002059 0.999208 -0.000854 6.281865 
1.002063 0.999066 -0.000756 6.282087 
1.001991 0.998923 -0.000644 6.282314 
1.001863 0.998927 -0.000530 6.282535 
1.001709 0.999172 -0.000451 6.282718 
1.001570 0.999603 -0.000488 6.282854 
1.001507 0.999987 -0.000712 6.282985 
1.001562 1.000007 -0.001122 3.141571 
1.001714 0.999489 -0.001638 0.000206 
1.001893 0.998498 -0.002178 0.000430 
1.002069 0.997327 -0.002649 0.000596 
1.002259 0.996351 -0.002867 0.000685 
1.002453 0.995789 -0.002707 0.000751 
1.002567 0.995709 -0.002271 0.000903 
1.002533 0.996112 -0.001769 0.001194 
1.002430 0.996899 -0.001337 0.001583 
1.002400 0.997809 -0.001024 0.001982 
1.002458 0.998570 -0.000829 0.002325 
1.002517 0.999067 -0.000730 0.002593 
1.002528 0.999324 -0.000679 0.002788 
1.002496 0.999394 -0.000636 0.002925 
1.002423 0.999333 -0.000583 0.003031 
1.002311 0.999195 -0.000516 0.003116 
1.002161 0.998976 -0.000440 0.003155 
1.001992 0.998739 -0.000388 0.003167 
1.001880 0.998588 -0.000454 0.003207 
1.001942 0.998474 -0.000701 0.003278 
1.002216 0.998263 -0.001112 0.003372 
1.002580 0.997851 -0.001646 0.003464 
1.002845 0.997184 -0.002280 0.003508 
1.002908 0.996324 -0.002930 0.003499 
1.002847 0.995551 -0.003349 0.003519 
1.002829 0.995208 -0.003304 0.003631 
1.002893 0.995494 -0.002775 0.003804 
1.002905 0.996399 -0.001967 0.003982 
1.002748 0.997648 -0.001206 0.004123 
1.002448 0.998754 -0.000746 0.004173 
1.002134 0.999373 -0.000596 0.004120 
1.001897 0.999528 -0.000606 0.004042 
1.001741 0.999418 -0.000645 0.004024 
1.001631 0.999210 -0.000650 0.004063 
1.001531 0.999032 -0.000605 0.004110 
1.001424 0.998970 -0.000528 0.004126 
1.001327 0.998997 -0.000472 0.004087 
1.001287 0.999007 -0.000485 0.003989 
1.001364 0.998928 -0.000594 0.003863 
1.001609 0.998715 -0.000809 0.003775 
1.002008 0.998332 -0.001094 0.003746 
1.002439 0.997774 -0.001411 0.003746 
1.002748 0.997064 -0.001733 0.003749 
1.002871 0.996346 -0.001973 0.003770 
1.002849 0.996000 -0.001931 0.003859 
1.002702 0.996333 -0.001521 0.004007 
1.002415 0.997200 -0.000972 0.004153 
1.002026 0.998197 -0.000572 0.004234 
1.001649 0.998975 -0.000401 0.004214 
1.001368 0.999396 -0.000367 0.004088 
1.001186 0.999521 -0.000351 0.003871 
1.001074 0.999486 -0.000294 0.003612 
1.000989 0.999439 -0.000207 0.003341 
1.000914 0.999448 -0.000133 0.003081 
1.000845 0.999497 -0.000094 0.002861 
1.000779 0.999560 -0.000076 0.002678 
1.000716 0.999614 -0.000058 0.002540 
1.000657 0.999629 -0.000019 0.002465 
1.000594 0.999603 0.000039 0.002434 
1.000538 0.999564 0.000087 0.002404 
1.000515 0.999534 0.000088 0.002355 
1.000513 0.999498 0.000024 0.002267 
1.000493 0.999430 -0.000090 0.002133 
1.000424 0.999366 -0.000194 0.001969 
1.000306 0.999473 -0.000190 0.001797 
1.000149 0.999709 -0.000123 0.001608 
0.999979 0.999854 -0.000103 0.001380 
0.999856 0.999918 -0.000112 0.001123 
0.999793 0.999969 -0.000127 0.000876 
0.999773 0.999985 -0.000166 0.000666 
0.999787 0.999969 -0.000218 0.000498 
0.999834 0.999930 -0.000264 0.000366 
0.999908 0.999869 -0.000288 0.000267 
0.999999 0.999799 -0.000279 0.000192 
1.000089 0.999722 -0.000233 0.000134 
1.000160 0.999651 -0.000149 0.000089 
1.000203 0.999606 -0.000044 0.000057 
1.000226 0.999599 0.000059 0.000046 
1.000247 0.999642 0.000142 0.000042 
1.000270 0.999720 0.000203 0.000044 
1.000301 0.999808 0.000234 0.000060 
1.000342 0.999888 0.000225 0.000080 
1.000371 0.999917 0.000168 0.000094 
1.000342 0.999880 0.000056 0.000085 
1.000253 0.999959 -0.000030 3.141604 
1.000132 1.000135 -0.000089 6.283050 
1.000030 1.000176 -0.000187 6.282861 
1.000003 1.000112 -0.000279 6.282650 
1.000004 0.999994 -0.000385 6.282458 
1.000007 0.999814 -0.000472 6.282295 
1.000026 0.999627 -0.000463 6.282149 
1.000055 0.999446 -0.000396 6.282037 
1.000100 0.999299 -0.000283 6.281945 
1.000128 0.999226 -0.000120 6.281855 
1.000105 0.999215 0.000061 6.281764 
1.000047 0.999259 0.000220 6.281668 
0.999989 0.999342 0.000332 6.281568 
0.999944 0.999447 0.000400 6.281452 
0.999892 0.999572 0.000419 6.281323 
0.999818 0.999696 0.000369 6.281175 
0.999751 0.999787 0.000233 6.280986 
0.999720 0.999809 0.000025 6.280754 
0.999745 0.999744 -0.000217 6.280485 
0.999844 0.999663 -0.000430 6.280183 
1.000014 0.999721 -0.000556 6.279836 
1.000183 0.999747 -0.000679 6.279465 
1.000305 0.999446 -0.000915 6.279138 
1.000394 0.998784 -0.001227 6.278924 
1.000495 0.998118 -0.001405 6.278841 
1.000610 0.998069 -0.001265 6.278803 
1.000671 0.998571 -0.000934 6.278707 
1.000639 0.999103 -0.000621 6.278539 
1.000549 0.999441 -0.000373 6.278346 
1.000438 0.999581 -0.000183 6.278171 
1.000340 0.999613 -0.000045 6.278037 
1.000266 0.999625 0.000043 6.277948 
1.000199 0.999667 0.000098 6.277883 
1.000109 0.999747 0.000139 6.277829 
0.999973 0.999857 0.000170 6.277782 
0.999810 0.999981 0.000172 6.277739 
0.999652 1.000110 0.000132 6.277684 
0.999524 1.000240 0.000045 6.277601 
0.999452 1.000346 -0.000116 6.277491 
0.999444 1.000385 -0.000374 6.277355 
0.999526 1.000322 -0.000734 6.277211 
0.999712 1.000163 -0.001172 6.277061 
1.000012 0.999921 -0.001649 6.276923 
1.000425 0.999518 -0.002085 6.276830 
1.000907 0.998912 -0.002293 6.276823 
1.001344 0.998407 -0.002073 6.276910 
1.001621 0.998234 -0.001502 6.277040 
1.001704 0.998259 -0.000846 6.277171 
1.001614 0.998381 -0.000250 6.277286 
1.001360 0.998594 0.000235 6.277375 
1.000978 0.998904 0.000568 6.277408 
1.000570 0.999297 0.000701 6.277352 
1.000227 0.999713 0.000625 6.277198 
0.999990 1.000072 0.000382 6.276949 
0.999840 1.000311 0.000029 6.276637 
0.999775 1.000427 -0.000355 6.276314 
0.999843 1.000477 -0.000661 6.276011 
1.000030 1.000524 -0.000843 6.275721 
1.000240 1.000549 -0.000984 6.275451 
1.000381 1.000357 -0.001256 6.275271 
1.000438 0.999643 -0.001812 6.275272 
1.000534 0.998347 -0.002580 6.275528 
1.000822 0.996856 -0.003251 6.276013 
1.001284 0.995733 -0.003549 6.276569 
1.001742 0.995444 -0.003371 6.276979 
1.002007 0.996076 -0.002803 6.277114 
1.002003 0.997134 -0.002074 6.277059 
1.001789 0.998103 -0.001403 6.276973 
1.001494 0.998874 -0.000899 6.276896 
1.001209 0.999484 -0.000559 6.276819 
1.000948 0.999954 -0.000316 6.276757 
1.000695 1.000325 -0.000115 6.276708 
1.000429 1.000652 0.000064 6.276671 
1.000151 1.000960 0.000175 6.276670 
0.999902 1.001236 0.000171 6.276695 
0.999731 1.001459 0.000048 6.276713 
0.999656 1.001587 -0.000199 6.276714 
0.999669 1.001556 -0.000567 6.276728 
0.999767 1.001363 -0.001035 6.276788 
0.999972 1.001044 -0.001605 6.276911 
1.000335 1.000577 -0.002290 6.277102 
1.000899 0.999844 -0.003029 6.277344 
1.001642 0.998852 -0.003648 6.277554 
1.002404 0.997855 -0.003932 6.277613 
1.002935 0.997181 -0.003736 6.277522 
1.003100 0.997032 -0.003059 6.277439 
1.002939 0.997319 -0.002075 6.277507 
1.002523 0.997786 -0.001086 6.277719 
1.001958 0.998277 -0.000347 6.277987 
1.001391 0.998756 0.000052 6.278243 
1.000901 0.999204 0.000140 6.278469 
1.000545 0.999610 0.000007 6.278666 
1.000376 0.999943 -0.000251 6.278830 
1.000363 1.000164 -0.000561 6.278964 
1.000439 1.000272 -0.000852 6.279091 
1.000557 1.000299 -0.001085 6.279257 
1.000692 1.000247 -0.001271 6.279486 
1.000840 1.000094 -0.001444 6.279755 
1.001009 0.999810 -0.001643 6.280066 
1.001221 0.999342 -0.001927 6.280458 
1.001531 0.998714 -0.002325 6.280951 
1.001975 0.998069 -0.002714 6.281478 
1.002492 0.997588 -0.002900 6.281881 
1.002939 0.997382 -0.002795 6.282038 
1.003164 0.997504 -0.002446 6.281926 
1.003087 0.997933 -0.001961 6.281614 
1.002751 0.998512 -0.001461 6.281262 
1.002256 0.999018 -0.001047 6.281025 
1.001664 0.999362 -0.000730 6.280908 
1.001009 0.999611 -0.000480 6.280856 
1.000391 0.999829 -0.000316 6.280856 
0.999917 1.000059 -0.000240 6.280854 
0.999629 1.000303 -0.000237 6.280839 
0.999500 1.000528 -0.000302 6.280848 
0.999482 1.000703 -0.000431 6.280877 
0.999571 1.000777 -0.000603 6.280939 
0.999763 1.000700 -0.000774 6.281032 
1.000035 1.000469 -0.000895 6.281134 
1.000343 1.000139 -0.000923 6.281244 
1.000639 0.999774 -0.000842 6.281350 
1.000873 0.999431 -0.000655 6.281434 
1.000969 0.999174 -0.000369 6.281530 
1.000891 0.999035 -0.000029 6.281625 
1.000680 0.999028 0.000279 6.281705 
1.000396 0.999146 0.000505 6.281776 
1.000102 0.999330 0.000644 6.281796 
0.999839 0.999543 0.000693 6.281790 
0.999607 0.999766 0.000657 6.281775 
0.999412 0.999970 0.000552 6.281724 
0.999282 1.000135 0.000398 6.281650 
0.999231 1.000244 0.000222 6.281557 
0.999249 1.000292 0.000049 6.281432 
0.999330 1.000286 -0.000099 6.281312 
0.999450 1.000238 -0.000216 6.281204 
0.999579 1.000175 -0.000312 6.281077 
0.999723 1.000097 -0.000381 6.280971 
0.999879 1.000011 -0.000425 6.280870 
1.000038 0.999922 -0.000439 6.280774 
1.000190 0.999815 -0.000412 6.280706 
1.000328 0.999703 -0.000345 6.280647 
1.000434 0.999607 -0.000237 6.280605 
1.000503 0.999540 -0.000095 6.280584 
1.000532 0.999521 0.000069 6.280563 
1.000516 0.999565 0.000242 6.280555 
1.000463 0.999669 0.000404 6.280567 
1.000372 0.999830 0.000546 6.280565 
1.000237 1.000035 0.000641 6.280581 
1.000066 1.000272 0.000680 6.280605 
0.999879 1.000513 0.000645 6.280622 
0.999695 1.000713 0.000510 6.280673 
0.999554 1.000878 0.000302 6.280698 
0.999505 1.000981 0.000027 6.280727 
