0.996271 0.990943 -0.000865 1.275857 
0.995817 0.987793 0.000218 1.277044 
0.994959 0.986681 0.001920 1.278033 
0.993459 0.986895 0.003609 1.278667 
0.991784 0.987951 0.005111 1.278797 
0.990008 0.989553 0.006334 1.278519 
0.987774 0.991420 0.006940 1.278083 
0.985224 0.993319 0.006655 1.277645 
0.983007 0.995057 0.005570 1.277176 
0.981484 0.996250 0.003895 1.276421 
0.980653 0.996629 0.001850 1.275259 
0.980454 0.996241 -0.000366 1.273689 
0.980865 0.995255 -0.002608 1.271672 
0.981833 0.993728 -0.004578 1.269231 
0.983299 0.991814 -0.006077 1.266530 
0.985335 0.989932 -0.007189 1.263796 
0.987753 0.988115 -0.007780 1.261191 
0.990114 0.986193 -0.007590 1.258796 
0.992159 0.984323 -0.006680 1.256723 
0.993756 0.982773 -0.005246 1.255084 
0.995010 0.981753 -0.003471 1.253840 
0.995908 0.981429 -0.001509 1.252914 
0.996067 0.981827 0.000535 1.252264 
0.995275 0.982860 0.002457 1.251815 
0.993807 0.984352 0.003968 1.251473 
0.992120 0.986147 0.004949 1.251132 
0.990440 0.988184 0.005430 1.250687 
0.988776 0.990378 0.005436 1.250230 
0.987123 0.992640 0.004879 1.249995 
0.985679 0.994649 0.003584 1.250100 
0.984859 0.995917 0.001613 1.250559 
0.985021 0.996348 -0.000660 1.251237 
0.986122 0.996035 -0.002723 1.251943 
0.987840 0.995107 -0.004241 1.252677 
0.989930 0.993740 -0.005096 1.253561 
0.992324 0.992180 -0.005246 1.254725 
0.994837 0.990723 -0.004690 1.256203 
0.996979 0.989566 -0.003443 1.257951 
0.998250 0.988911 -0.001671 1.259900 
0.998292 0.988867 0.000405 1.261930 
0.997065 0.989474 0.002698 1.264028 
0.994805 0.990878 0.005294 1.266238 
0.991554 0.993322 0.008447 1.268587 
0.986864 0.997042 0.012494 1.271120 
0.979684 1.002085 0.017597 1.273827 
0.968881 1.007837 0.023559 1.276202 
0.955500 1.013103 0.029318 1.277181 
0.943176 1.016825 0.033002 1.276521 
0.935782 1.018517 0.032810 1.275506 
0.935991 1.018438 0.027881 1.275731 
0.944172 1.016733 0.019221 1.277731 
0.957163 1.013023 0.009912 1.280638 
0.969523 1.007765 0.003196 1.283132 
0.977865 1.002445 -0.000166 1.284570 
0.982513 0.998161 -0.001528 1.285148 
0.984995 0.994954 -0.002072 1.285387 
0.986476 0.992435 -0.002179 1.285771 
0.987500 0.990440 -0.001928 1.286463 
0.988370 0.988967 -0.001322 1.287442 
0.989602 0.988082 -0.000219 1.288777 
0.991203 0.987998 0.001745 1.290635 
0.992319 0.989078 0.004920 1.293132 
0.991768 0.991649 0.009648 1.296380 
0.988152 0.995694 0.016139 1.300244 
0.979925 1.000524 0.024634 1.304103 
0.966367 1.005278 0.034558 1.306665 
0.949764 1.009623 0.043464 1.306889 
0.934691 1.013716 0.048186 1.305958 
0.925832 1.016761 0.046418 1.306608 
0.926875 1.016856 0.038073 1.310636 
0.938080 1.013205 0.026003 1.317473 
0.954744 1.007228 0.014589 1.324915 
0.969859 1.001617 0.006550 1.330916 
0.979715 0.997683 0.001922 1.334785 
0.985362 0.994941 -0.000370 1.337058 
0.988856 0.992877 -0.001190 1.338500 
0.991204 0.991350 -0.000902 1.339636 
0.992887 0.990384 0.000356 1.340786 
0.993782 0.990140 0.002486 1.342139 
0.993202 0.990857 0.005145 1.343829 
0.990897 0.992687 0.008010 1.345890 
0.987211 0.995800 0.011031 1.348316 
0.982231 1.000246 0.014375 1.351009 
0.975584 1.005687 0.018119 1.353593 
0.966636 1.011164 0.022493 1.355532 
0.954569 1.015186 0.028090 1.356092 
0.940278 1.016804 0.034026 1.354937 
0.927651 1.016387 0.037700 1.353198 
0.921828 1.015073 0.036517 1.352739 
0.926355 1.013260 0.029703 1.354200 
0.940400 1.010249 0.019514 1.356570 
0.958507 1.005319 0.010071 1.358594 
0.973564 0.999147 0.004417 1.359561 
0.982170 0.993603 0.002411 1.359312 
0.985946 0.989739 0.002248 1.358372 
0.987523 0.987382 0.002693 1.357342 
0.988325 0.986093 0.003266 1.356335 
0.989030 0.985510 0.003869 1.355303 
0.989701 0.985433 0.004699 1.354401 
0.989897 0.985973 0.006009 1.353876 
0.989216 0.987536 0.007916 1.353848 
0.987378 0.990549 0.010344 1.354311 
0.984079 0.995150 0.013100 1.355163 
0.978892 1.000957 0.016014 1.356070 
0.971194 1.007152 0.019103 1.356553 
0.960252 1.012675 0.022567 1.356257 
0.947061 1.016646 0.025704 1.355221 
0.935708 1.018379 0.026697 1.354563 
0.931451 1.017182 0.024149 1.355926 
0.937622 1.013115 0.018252 1.359574 
0.953031 1.007121 0.010987 1.364111 
0.971256 1.000612 0.005192 1.367781 
0.984484 0.995056 0.002450 1.369694 
0.990581 0.991288 0.001964 1.370138 
0.992672 0.989248 0.002410 1.369807 
0.993405 0.988448 0.003413 1.369173 
0.993538 0.988575 0.004839 1.368539 
0.993053 0.989480 0.006396 1.368082 
0.991853 0.991010 0.007723 1.367859 
0.989814 0.992989 0.008489 1.367867 
0.986971 0.995248 0.008462 1.368026 
0.983543 0.997607 0.007611 1.368096 
0.979835 1.000070 0.006444 1.367689 
0.975817 1.002634 0.005839 1.366421 
0.970768 1.004978 0.006484 1.364002 
0.963686 1.006675 0.008718 1.360195 
0.955240 1.007627 0.011614 1.355228 
0.949125 1.007937 0.013051 1.350007 
0.949235 1.006704 0.012341 1.345378 
0.956105 1.002928 0.010666 1.341473 
0.966087 0.997597 0.008961 1.337933 
0.974567 0.992498 0.007352 1.334665 
0.980242 0.988346 0.005890 1.332010 
0.984326 0.985137 0.004809 1.329966 
0.987467 0.982893 0.004308 1.328016 
0.989938 0.981646 0.004465 1.325948 
0.991811 0.981498 0.005302 1.323919 
0.992560 0.982569 0.006610 1.322138 
0.991888 0.984699 0.007905 1.320775 
0.990060 0.987503 0.008756 1.319786 
0.987659 0.990589 0.009024 1.318932 
0.985034 0.993480 0.008756 1.317967 
0.982128 0.995843 0.008132 1.316796 
0.978720 0.997800 0.007511 1.315475 
0.974502 0.999668 0.007286 1.313999 
0.969008 1.001621 0.007803 1.312297 
0.962398 1.003541 0.008976 1.310333 
0.957109 1.004871 0.009996 1.308127 
0.956249 1.004351 0.010779 1.305693 
0.961040 1.001379 0.011772 1.302820 
0.969821 0.997285 0.012236 1.299484 
0.977907 0.993893 0.011496 1.296374 
0.983334 0.991893 0.009603 1.293993 
0.987502 0.990798 0.007783 1.292171 
0.990058 0.990435 0.007103 1.290542 
0.990639 0.991063 0.007104 1.288972 
0.989844 0.992419 0.007080 1.287457 
0.988115 0.994066 0.006627 1.285890 
0.985912 0.995807 0.005775 1.284138 
0.983652 0.997600 0.004635 1.282110 
0.981659 0.999201 0.003249 1.279731 
0.980111 0.999978 0.001824 1.276924 
0.978895 0.999860 0.000892 1.273562 
0.977435 0.999488 0.001011 1.269563 
0.974901 0.999437 0.002391 1.265002 
0.970677 1.000227 0.004751 1.259953 
0.965395 1.001747 0.007515 1.254597 
0.961802 1.002582 0.010562 1.249148 
0.961216 1.000828 0.015011 1.244165 
0.961806 0.996754 0.020847 1.240361 
0.962813 0.992898 0.024945 1.237867 
0.965461 0.990796 0.024455 1.235792 
0.971512 0.989752 0.020013 1.233120 
0.979488 0.988560 0.014850 1.229856 
0.985674 0.987281 0.011338 1.226593 
0.988776 0.986833 0.009658 1.223884 
0.989277 0.987737 0.009087 1.221991 
0.988293 0.989889 0.008924 1.220782 
0.986750 0.992761 0.008704 1.219867 
0.985048 0.995506 0.008077 1.218891 
0.983284 0.997488 0.006948 1.217677 
0.981524 0.998507 0.005532 1.216249 
0.979824 0.998931 0.004031 1.214737 
0.978317 0.999259 0.002563 1.213289 
0.977189 0.999906 0.001322 1.211944 
0.976094 1.000759 0.001037 1.210647 
0.974290 1.000702 0.003043 1.209252 
0.971687 0.999000 0.008369 1.207581 
0.968786 0.996103 0.016995 1.206215 
0.966500 0.993877 0.026299 1.205790 
0.965980 0.994068 0.031916 1.205937 
0.968463 0.996342 0.031820 1.205920 
0.974277 0.998887 0.027354 1.205505 
0.980773 1.000387 0.021427 1.204888 
0.984548 1.000952 0.016139 1.204321 
0.985124 1.001224 0.011823 1.203984 
0.983923 1.001388 0.008071 1.203715 
0.982192 1.001372 0.004601 1.203262 
0.980796 1.001124 0.001437 1.202408 
0.980181 1.000465 -0.001318 1.201040 
0.980423 0.999347 -0.003505 1.199104 
0.981275 0.997717 -0.004882 1.196559 
0.982428 0.995641 -0.005355 1.193424 
0.983949 0.993689 -0.005226 1.189813 
0.986177 0.992259 -0.004609 1.185967 
0.988355 0.991064 -0.002463 1.182180 
0.987386 0.989579 0.003244 1.179099 
0.979953 0.988126 0.013480 1.177700 
0.966883 0.988041 0.026239 1.178487 
0.953693 0.990213 0.037228 1.181090 
0.946513 0.994157 0.042717 1.184345 
0.947896 0.998394 0.041710 1.186604 
0.955951 1.001124 0.035858 1.186933 
0.966260 1.001616 0.028274 1.186053 
0.974441 1.000894 0.021528 1.185388 
0.979046 1.000213 0.016324 1.185460 
0.981062 0.999966 0.012258 1.185909 
0.981483 1.000013 0.008731 1.186393 
0.981116 1.000060 0.005313 1.186772 
0.980668 0.999741 0.001873 1.187051 
0.980584 0.998821 -0.001427 1.187397 
0.981084 0.997444 -0.004353 1.187882 
0.982255 0.995893 -0.006761 1.188407 
0.984100 0.994201 -0.008303 1.188834 
0.986393 0.992309 -0.008202 1.189162 
0.988336 0.990406 -0.005191 1.189687 
0.987628 0.989009 0.002589 1.191174 
0.980811 0.989342 0.015967 1.194749 
0.967759 0.993149 0.031774 1.200476 
0.954455 1.000595 0.044229 1.206502 
0.947785 1.009135 0.049535 1.210649 
0.949551 1.015635 0.047496 1.212527 
0.956902 1.018663 0.040168 1.213448 
0.965575 1.018218 0.030120 1.215039 
0.972066 1.015211 0.019978 1.217963 
0.975355 1.011273 0.011620 1.221561 
0.976924 1.007347 0.005396 1.225087 
0.978284 1.003524 0.001066 1.228159 
0.980009 0.999948 -0.001591 1.230554 
0.982083 0.996837 -0.002863 1.232097 
0.984123 0.994210 -0.003126 1.232669 
0.985918 0.991957 -0.002775 1.232434 
0.987623 0.989905 -0.001978 1.231852 
0.989602 0.987899 -0.000557 1.231407 
0.991751 0.985951 0.001987 1.231478 
0.992975 0.984257 0.006594 1.232613 
0.991092 0.983325 0.014451 1.235656 
0.984216 0.984112 0.025617 1.240933 
0.973415 0.987492 0.037221 1.246948 
0.963556 0.992989 0.044872 1.251165 
0.959665 0.998749 0.046286 1.252614 
0.962572 1.003062 0.042171 1.252380 
0.968956 1.005235 0.034612 1.252100 
0.974874 1.005415 0.026069 1.252941 
0.978457 1.004247 0.018662 1.254906 
0.979932 1.002476 0.012977 1.257201 
0.980296 1.000697 0.008502 1.259336 
0.980339 0.999243 0.004737 1.261245 
0.980672 0.998059 0.001323 1.262983 
0.981726 0.996811 -0.001830 1.264677 
0.983566 0.995120 -0.004404 1.266387 
0.985942 0.992896 -0.006015 1.268117 
0.988576 0.990489 -0.006605 1.269870 
0.991288 0.988265 -0.006335 1.271619 
0.993972 0.986396 -0.005269 1.273354 
0.996418 0.985091 -0.003351 1.275099 
0.998044 0.984714 -0.000697 1.276893 
0.998201 0.985530 0.002184 1.278761 
0.996761 0.987411 0.004570 1.280657 
0.994135 0.989929 0.005946 1.282398 
0.990945 0.992548 0.006135 1.283814 
0.987785 0.994855 0.005194 1.284869 
0.985104 0.996637 0.003341 1.285553 
0.983189 0.997627 0.000862 1.285952 
0.982244 0.997538 -0.001905 1.286181 
0.982395 0.996408 -0.004531 1.286225 
0.983537 0.994568 -0.006597 1.285969 
0.985318 0.992426 -0.007910 1.285302 
0.987269 0.990235 -0.008482 1.284196 
0.989047 0.988019 -0.008390 1.282743 
0.990582 0.985821 -0.007744 1.281060 
0.991825 0.983787 -0.006625 1.279198 
0.992819 0.982091 -0.005132 1.277254 
0.993734 0.980860 -0.003323 1.275335 
0.994497 0.980157 -0.001221 1.273538 
0.994820 0.980004 0.001058 1.271957 
0.994497 0.980398 0.003343 1.270646 
0.993527 0.981350 0.005464 1.269726 
0.992094 0.982895 0.007306 1.269219 
0.990318 0.984981 0.008690 1.268990 
0.988175 0.987523 0.009385 1.269054 
0.985756 0.990350 0.009213 1.269454 
0.983347 0.993021 0.008156 1.270072 
0.981253 0.995073 0.006415 1.270866 
0.979696 0.996490 0.004204 1.271819 
0.978902 0.997443 0.001705 1.272933 
0.979219 0.997927 -0.000777 1.274333 
0.981163 0.998159 -0.002766 1.276080 
0.985163 0.998827 -0.003613 1.278304 
