0.998369 0.994699 -9.670061 0.412894 
0.998100 0.993051 -9.476515 0.413675 
0.997812 0.992348 -9.284564 0.414360 
0.997530 0.991983 -9.082360 0.414881 
0.997611 0.991607 -8.881694 0.415110 
0.998049 0.991110 -8.706494 0.415115 
0.998417 0.990524 -8.549891 0.415032 
0.998547 0.989966 -8.396296 0.414955 
0.998613 0.989579 -8.249399 0.414887 
0.998318 0.989948 -8.276735 0.413035 
0.997965 0.990362 -8.345938 0.410954 
0.997938 0.990206 -8.296551 0.410349 
0.997926 0.990096 -8.263308 0.409662 
0.997931 0.990014 -8.339230 0.408907 
0.997932 0.989962 -8.516960 0.408104 
0.997914 0.989948 -8.695248 0.407273 
0.997880 0.989976 -8.873089 0.406424 
0.997842 0.990047 -9.050251 0.405564 
0.997803 0.990151 -9.226212 0.404697 
0.997785 0.990259 -9.399693 0.403902 
0.997791 0.990369 -9.570692 0.403199 
0.997809 0.990501 -9.747070 0.402544 
0.997834 0.990651 -8.282776 0.401948 
0.997867 0.990816 -6.637737 0.401420 
0.997912 0.990989 -6.450347 0.400966 
0.997977 0.991158 -6.246156 0.400593 
0.998074 0.991310 -6.025302 0.400304 
0.998213 0.991426 -5.189512 0.400102 
0.998403 0.991485 -4.487002 0.399991 
0.998648 0.991473 -4.516481 0.399969 
0.998941 0.991380 -4.544525 0.400033 
0.999276 0.991206 -4.542656 0.400178 
0.999650 0.990954 -4.433043 0.400402 
1.000066 0.990632 -4.252673 0.400706 
1.000524 0.990245 -4.073910 0.401091 
1.001028 0.989790 -3.897413 0.401553 
1.001573 0.989252 -3.723773 0.402085 
1.002146 0.988624 -3.553698 0.402675 
1.002724 0.987922 -3.387959 0.403306 
1.003284 0.987173 -3.227100 0.403972 
1.003809 0.986415 -3.064380 0.404674 
1.004294 0.985687 -2.908783 0.405419 
1.004735 0.985016 -2.770131 0.406209 
1.005134 0.984406 -2.642279 0.407038 
1.005487 0.983838 -2.524973 0.407893 
1.005788 0.983300 -2.418020 0.408761 
1.006021 0.982807 -2.321300 0.409637 
1.006175 0.982388 -2.234547 0.410522 
1.006248 0.982063 -2.157380 0.411431 
1.006253 0.981833 -2.089757 0.412377 
1.006207 0.981694 -2.033664 0.413367 
1.006132 0.981620 -1.990643 0.414393 
1.006046 0.981560 -1.957780 0.415444 
1.005959 0.981484 -1.931823 0.416522 
1.005873 0.981395 -1.911862 0.417635 
1.005792 0.981301 -1.897339 0.418799 
1.005723 0.981191 -1.887670 0.420025 
1.005677 0.981041 -1.882333 0.421315 
1.005663 0.980850 -1.881232 0.422664 
1.005681 0.980634 -1.886416 0.424069 
1.005731 0.980400 -1.897014 0.425530 
1.005803 0.980157 -1.906678 0.427051 
1.005881 0.979929 -1.913354 0.428641 
1.005962 0.979723 -1.918725 0.430297 
1.006047 0.979518 -1.922944 0.432006 
1.006132 0.979295 -1.925947 0.433749 
1.006211 0.979074 -1.927833 0.435508 
1.006274 0.978910 -1.929845 0.437272 
1.006314 0.978836 -1.935338 0.439042 
1.006329 0.978842 -1.941663 0.440815 
1.006317 0.978911 -1.943359 0.442582 
1.006285 0.979016 -1.941914 0.444323 
1.006253 0.979115 -1.939738 0.446012 
1.006229 0.979184 -1.937256 0.447636 
1.006212 0.979240 -1.934707 0.449187 
1.006197 0.979313 -1.932750 0.450666 
1.006181 0.979402 -1.933437 0.452071 
1.006170 0.979464 -1.939307 0.453397 
1.006165 0.979455 -1.944107 0.454639 
1.006164 0.979378 -1.943862 0.455796 
1.006169 0.979254 -1.943063 0.456867 
1.006182 0.979113 -1.943176 0.457857 
1.006196 0.978985 -1.944437 0.458771 
1.006197 0.978880 -1.947010 0.459610 
1.006175 0.978784 -1.951667 0.460374 
1.006129 0.978669 -1.959667 0.461065 
1.006061 0.978530 -1.969669 0.461685 
1.005967 0.978409 -1.976582 0.462250 
1.005846 0.978368 -1.980497 0.462779 
1.005704 0.978430 -1.985059 0.463277 
1.005547 0.978578 -1.990404 0.463741 
1.005373 0.978775 -1.995917 0.464168 
1.005185 0.978974 -2.001317 0.464561 
1.004991 0.979157 -2.007024 0.464932 
1.004804 0.979338 -2.013420 0.465297 
1.004636 0.979543 -2.019172 0.465666 
1.004490 0.979786 -2.022992 0.466047 
1.004373 0.980049 -2.026191 0.466437 
1.004287 0.980291 -2.029849 0.466827 
1.004225 0.980490 -2.033246 0.467218 
1.004182 0.980648 -2.035759 0.467622 
1.004157 0.980785 -2.037466 0.468054 
1.004150 0.980923 -2.038628 0.468517 
1.004160 0.981074 -2.039429 0.469007 
1.004182 0.981217 -2.042300 0.469512 
1.004203 0.981337 -2.046728 0.470018 
1.004207 0.981437 -2.049885 0.470518 
1.004179 0.981553 -2.051736 0.471011 
1.004111 0.981727 -2.052336 0.471503 
1.004005 0.981976 -2.052133 0.471989 
1.003873 0.982287 -2.051675 0.472448 
1.003723 0.982626 -2.051248 0.472853 
1.003555 0.982950 -2.051479 0.473174 
1.003373 0.983230 -2.055415 0.473399 
1.003176 0.983485 -2.057683 0.473522 
1.002953 0.983753 -2.054172 0.473540 
1.002712 0.984040 -2.049752 0.473451 
1.002467 0.984322 -2.045932 0.473246 
1.002230 0.984568 -2.043132 0.472915 
1.002009 0.984771 -2.041268 0.472446 
1.001801 0.984929 -2.040283 0.471831 
1.001600 0.985027 -2.040527 0.471069 
1.001403 0.985071 -2.042081 0.470169 
1.001211 0.985094 -2.042000 0.469143 
1.001021 0.985117 -2.042445 0.468002 
1.000842 0.985122 -2.047696 0.466752 
1.000679 0.985100 -2.055708 0.465403 
1.000528 0.985086 -2.064384 0.463971 
1.000380 0.985119 -2.072876 0.462473 
1.000229 0.985185 -2.081185 0.460918 
1.000072 0.985244 -2.089736 0.459320 
0.999922 0.985293 -2.098575 0.457697 
0.999785 0.985361 -2.107587 0.456062 
0.999666 0.985454 -2.118606 0.454425 
0.999571 0.985558 -2.129972 0.452792 
0.999496 0.985686 -2.137444 0.451171 
0.999434 0.985850 -2.141078 0.449570 
0.999387 0.986024 -2.142110 0.447993 
0.999356 0.986170 -2.140994 0.446436 
0.999346 0.986285 -2.137853 0.444900 
0.999360 0.986396 -2.132807 0.443378 
0.999398 0.986510 -2.126350 0.441864 
0.999456 0.986612 -2.118525 0.440355 
0.999528 0.986699 -2.107712 0.438853 
0.999606 0.986783 -2.093964 0.437357 
0.999687 0.986855 -2.079477 0.435859 
0.999766 0.986908 -2.065027 0.434351 
0.999840 0.986962 -2.050427 0.432822 
0.999905 0.987048 -2.035836 0.431258 
0.999959 0.987152 -2.021895 0.429646 
1.000010 0.987235 -2.009275 0.427982 
1.000064 0.987276 -1.997503 0.426277 
1.000118 0.987288 -1.986079 0.424536 
1.000173 0.987272 -1.975756 0.422754 
1.000226 0.987220 -1.966421 0.420922 
1.000269 0.987152 -1.957532 0.419036 
1.000306 0.987078 -1.949605 0.417090 
1.000344 0.986979 -1.943358 0.415082 
1.000392 0.986835 -1.939279 0.413014 
1.000453 0.986650 -1.937665 0.410898 
1.000529 0.986420 -1.938117 0.408747 
1.000613 0.986138 -1.939919 0.406568 
1.000694 0.985830 -1.942714 0.404364 
1.000765 0.985545 -1.946243 0.402133 
1.000821 0.985302 -1.950940 0.399877 
1.000871 0.985084 -1.957400 0.397606 
1.000922 0.984873 -1.965247 0.395334 
1.000964 0.984696 -1.973710 0.393079 
1.000988 0.984573 -1.982456 0.390856 
1.001000 0.984468 -1.991142 0.388682 
1.001002 0.984370 -1.999192 0.386565 
1.000990 0.984345 -2.006719 0.384506 
1.000972 0.984416 -2.014242 0.382501 
1.000962 0.984529 -2.021864 0.380557 
1.000972 0.984637 -2.028874 0.378688 
1.000999 0.984744 -2.033852 0.376908 
1.001035 0.984872 -2.036081 0.375228 
1.001077 0.985009 -2.036157 0.373651 
1.001135 0.985126 -2.034972 0.372174 
1.001219 0.985223 -2.032833 0.370788 
1.001337 0.985305 -2.029314 0.369486 
1.001490 0.985347 -2.023853 0.368268 
1.001672 0.985336 -2.016087 0.367135 
1.001870 0.985304 -2.005824 0.366084 
1.002065 0.985283 -1.993160 0.365106 
1.002246 0.985277 -1.978905 0.364190 
1.002411 0.985271 -1.963881 0.363324 
1.002563 0.985260 -1.949317 0.362492 
1.002715 0.985235 -1.935613 0.361685 
1.002869 0.985180 -1.921201 0.360905 
1.003006 0.985108 -1.905435 0.360154 
1.003110 0.985060 -1.888934 0.359427 
1.003176 0.985041 -1.872300 0.358717 
1.003205 0.985013 -1.855812 0.358021 
1.003207 0.984945 -1.839356 0.357335 
1.003196 0.984845 -1.822155 0.356654 
1.003170 0.984742 -1.809237 0.355972 
1.003145 0.984620 -1.802404 0.355296 
1.003137 0.984444 -1.796399 0.354636 
1.003136 0.984215 -1.790709 0.354006 
1.003144 0.983937 -1.786579 0.353413 
1.003165 0.983606 -1.784267 0.352860 
1.003201 0.983232 -1.783494 0.352345 
1.003252 0.982863 -1.783849 0.351863 
1.003317 0.982531 -1.785165 0.351415 
1.003381 0.982242 -1.794151 0.351015 
1.003473 0.981929 -1.805388 0.350681 
1.003600 0.981559 -1.807888 0.350431 
1.003726 0.981187 -1.810654 0.350272 
1.003843 0.980862 -1.821094 0.350201 
1.003949 0.980621 -1.838397 0.350204 
1.004046 0.980495 -1.862190 0.350267 
1.004144 0.980476 -1.892494 0.350388 
1.004254 0.980508 -1.929587 0.350580 
1.004385 0.980535 -1.973850 0.350860 
1.004547 0.980532 -2.019335 0.351234 
1.004709 0.980545 -2.063003 0.351699 
1.004836 0.980626 -2.197278 0.352251 
1.004965 0.980740 -2.416363 0.352884 
1.005130 0.980839 -2.625731 0.353600 
1.005338 0.980901 -2.826494 0.354398 
1.005588 0.980914 -3.019587 0.355278 
1.005862 0.980880 -3.205706 0.356235 
1.006134 0.980834 -3.385241 0.357265 
1.006369 0.980818 -3.558331 0.358365 
1.006541 0.980853 -3.727537 0.359535 
1.006677 0.980896 -2.253170 0.360776 
1.006847 0.980861 -0.611590 0.362087 
1.007051 0.980757 -0.442882 0.363465 
1.007241 0.980660 -0.268476 0.364894 
1.007383 0.980616 -0.088414 0.366355 
1.007448 0.980653 0.695539 0.367838 
1.007424 0.980769 1.335386 0.369348 
1.007320 0.980931 1.232580 0.370896 
1.007169 0.981086 1.129603 0.372480 
1.007027 0.981194 1.026407 0.374086 
1.006918 0.981259 1.001906 0.375698 
1.006810 0.981336 1.049018 0.377305 
1.006672 0.981454 1.087310 0.378900 
1.006512 0.981594 1.117168 0.380482 
1.006342 0.981732 1.138960 0.382053 
1.006178 0.981843 1.153477 0.383614 
1.006037 0.981914 1.161406 0.385162 
1.005940 0.981941 1.158398 0.386690 
1.005895 0.981936 1.154066 0.388194 
1.005882 0.981918 1.157464 0.389679 
1.005872 0.981897 1.164528 0.391153 
1.005859 0.981871 1.176361 0.392619 
1.005840 0.981864 1.193443 0.394068 
1.005798 0.981915 1.216872 0.395481 
1.005718 0.982052 1.247971 0.396846 
1.005596 0.982282 1.287663 0.398167 
1.005433 0.982591 1.336731 0.399455 
1.005227 0.982954 1.401212 0.400725 
1.004976 0.983352 1.481099 0.401982 
1.004682 0.983781 1.570689 0.403218 
1.004349 0.984254 1.670092 0.404421 
1.003979 0.984795 1.779979 0.405576 
1.003568 0.985409 1.901060 0.406678 
1.003124 0.986073 2.033461 0.407733 
1.002661 0.986745 2.176448 0.408752 
1.002193 0.987386 2.329018 0.409743 
1.001737 0.987971 2.490304 0.410702 
1.001304 0.988493 2.658064 0.411615 
1.000901 0.988961 2.830169 0.412466 
1.000529 0.989384 3.006111 0.413246 
1.000188 0.989765 3.185399 0.413953 
0.999877 0.990094 3.360166 0.414586 
0.999600 0.990355 3.522187 0.415146 
0.999360 0.990534 3.670217 0.415633 
0.999160 0.990631 3.803266 0.416039 
0.999000 0.990654 3.920677 0.416358 
0.998877 0.990618 4.021918 0.416585 
0.998783 0.990543 4.106548 0.416717 
0.998707 0.990445 4.174280 0.416757 
0.998642 0.990334 4.224829 0.416708 
0.998582 0.990217 4.165252 0.416574 
0.998526 0.990097 4.002398 0.416361 
0.998472 0.989975 3.835913 0.416078 
0.998421 0.989854 3.665950 0.415736 
0.998383 0.989726 3.492747 0.415290 
0.998361 0.989596 3.316605 0.414759 
0.998347 0.989482 3.138268 0.414226 
0.998337 0.989390 2.958587 0.413703 
0.998328 0.989313 2.777764 0.413204 
0.998319 0.989246 4.234416 0.412742 
0.998318 0.989185 5.861255 0.412326 
0.998332 0.989137 6.026635 0.411975 
0.998368 0.989131 6.204502 0.411703 
0.998474 0.988856 6.637811 0.409857 
0.998639 0.988611 7.047004 0.408196 
0.998749 0.988753 7.189527 0.408439 
0.998760 0.988938 7.341500 0.408819 
0.998660 0.989041 7.492948 0.409302 
0.998545 0.989047 7.644421 0.409870 
0.998579 0.989021 7.796741 0.410499 
0.998756 0.989121 7.938252 0.411274 
0.999074 0.989776 8.060158 0.412224 
0.999642 0.991551 8.144950 0.413429 
