1.000732 0.999967 -5.786456 6.215986 
1.001004 1.000010 -5.437421 6.215924 
1.001285 0.999956 -5.219976 6.215835 
1.001569 0.999879 -5.065067 6.215788 
1.001766 0.999829 -4.960077 6.215821 
1.001838 0.999866 -4.875239 6.215944 
1.001893 1.000074 -4.794881 6.216137 
1.001989 1.000416 -4.729240 6.216374 
1.002115 1.000857 -4.659739 6.216640 
1.003293 1.000986 -4.370188 6.216773 
1.004702 1.000940 -4.041204 6.216815 
1.005315 1.001107 -3.891236 6.216902 
1.005965 1.001300 -3.751249 6.216983 
1.006655 1.001518 -3.620464 6.217052 
1.007394 1.001756 -3.496506 6.217099 
1.008191 1.002012 -3.378407 6.217115 
1.009041 1.002272 -3.265929 6.217093 
1.009937 1.002529 -3.158261 6.217024 
1.010867 1.002778 -3.055604 6.216905 
1.011792 1.003032 -2.970786 6.216736 
1.012695 1.003298 -2.909617 6.216517 
1.013596 1.003555 -2.864536 6.216248 
1.014494 1.003794 -2.832256 6.215932 
1.015378 1.004020 -2.809791 6.215576 
1.016228 1.004228 -2.796515 6.215187 
1.017032 1.004405 -2.792414 6.214771 
1.017780 1.004532 -2.797322 6.214337 
1.018471 1.004595 -2.811070 6.213896 
1.019106 1.004572 -2.833771 6.213455 
1.019696 1.004436 -2.866802 6.213025 
1.020262 1.004164 -2.906107 6.212616 
1.020803 1.003761 -2.945156 6.212246 
1.021299 1.003256 -2.984079 6.211926 
1.021750 1.002656 -3.025230 6.211666 
1.022173 1.001960 -3.068840 6.211467 
1.022588 1.001173 -3.113450 6.211333 
1.023001 1.000300 -3.158119 6.211261 
1.023425 0.999341 -3.202415 6.211245 
1.023878 0.998309 -3.245688 6.211273 
1.024374 0.997240 -3.285395 6.211336 
1.024899 0.996194 -3.320873 6.211422 
1.025449 0.995228 -3.355309 6.211515 
1.026042 0.994373 -3.390491 6.211583 
1.026708 0.993638 -3.422420 6.211592 
1.027459 0.993025 -3.446522 6.211518 
1.028294 0.992534 -3.462435 6.211336 
1.029219 0.992185 -3.470243 6.211021 
1.030240 0.992027 -3.469819 6.210553 
1.031346 0.992114 -3.461280 6.209918 
1.032514 0.992478 -3.445340 6.209104 
1.033737 0.993114 -3.422626 6.208091 
1.035008 0.993994 -3.392280 6.206856 
1.036339 0.995022 -3.346188 6.205392 
1.037750 0.996074 -3.284054 6.203707 
1.039229 0.997081 -3.213319 6.201819 
1.040751 0.998025 -3.134550 6.199749 
1.042292 0.998894 -3.047822 6.197515 
1.043823 0.999659 -2.953271 6.195140 
1.045316 1.000288 -2.850899 6.192647 
1.046751 1.000746 -2.740539 6.190056 
1.048105 1.000991 -2.621933 6.187396 
1.049390 1.000924 -2.489405 6.184711 
1.050606 1.000486 -2.353846 6.182058 
1.051681 0.999721 -2.225982 6.179500 
1.052560 0.998691 -2.100629 6.177075 
1.053218 0.997451 -1.978872 6.174809 
1.053632 0.996057 -1.861673 6.172718 
1.053791 0.994568 -1.749529 6.170832 
1.053692 0.993022 -1.642693 6.169182 
1.053338 0.991428 -1.541472 6.167801 
1.052745 0.989792 -1.446625 6.166724 
1.051906 0.988170 -1.365210 6.165985 
1.050805 0.986653 -1.297782 6.165598 
1.049465 0.985338 -1.239118 6.165541 
1.047926 0.984323 -1.189728 6.165779 
1.046226 0.983655 -1.148584 6.166298 
1.044399 0.983332 -1.114553 6.167100 
1.042477 0.983297 -1.087192 6.168182 
1.040496 0.983475 -1.066339 6.169532 
1.038502 0.983798 -1.051958 6.171127 
1.036535 0.984219 -1.043913 6.172940 
1.034644 0.984720 -1.040478 6.174920 
1.032880 0.985304 -1.040090 6.177003 
1.031278 0.985956 -1.040835 6.179147 
1.029846 0.986637 -1.039541 6.181332 
1.028573 0.987288 -1.035419 6.183545 
1.027463 0.987843 -1.029137 6.185774 
1.026544 0.988263 -1.021033 6.187997 
1.025842 0.988540 -1.011314 6.190186 
1.025363 0.988691 -1.000166 6.192303 
1.025107 0.988755 -0.987597 6.194308 
1.025055 0.988767 -0.973157 6.196180 
1.025170 0.988748 -0.955595 6.197919 
1.025411 0.988718 -0.934397 6.199540 
1.025754 0.988683 -0.910949 6.201055 
1.026210 0.988644 -0.886682 6.202466 
1.026800 0.988628 -0.861956 6.203765 
1.027517 0.988684 -0.843669 6.204925 
1.028323 0.988866 -0.838502 6.205917 
1.029178 0.989218 -0.845889 6.206736 
1.030041 0.989761 -0.865379 6.207397 
1.030878 0.990506 -0.896898 6.207923 
1.031680 0.991445 -0.940845 6.208333 
1.032448 0.992529 -0.997886 6.208628 
1.033191 0.993704 -1.068403 6.208790 
1.033908 0.994941 -1.152164 6.208799 
1.034570 0.996228 -1.191595 6.208637 
1.035133 0.997537 -1.179222 6.208304 
1.035567 0.998841 -1.314690 6.207819 
1.035856 1.000115 -1.598597 6.207205 
1.035996 1.001336 -1.882039 6.206480 
1.035995 1.002471 -2.165564 6.205649 
1.035853 1.003479 -2.449715 6.204710 
1.035572 1.004342 -2.735111 6.203665 
1.035147 1.005076 -3.022172 6.202522 
1.034570 1.005690 -3.111737 6.201303 
1.033834 1.006176 -3.118532 6.200035 
1.032952 1.006528 -1.803922 6.198745 
1.031951 1.006745 -0.393513 6.197455 
1.030865 1.006829 -0.319059 6.196181 
1.029721 1.006778 -0.233956 6.194931 
1.028538 1.006604 -0.138086 6.193717 
1.027327 1.006334 -0.031284 6.192553 
1.026100 1.005997 0.087040 6.191449 
1.024869 1.005607 0.331754 6.190418 
1.023645 1.005167 0.532655 6.189470 
1.022448 1.004682 0.427383 6.188611 
1.021298 1.004164 0.309815 6.187844 
1.020207 1.003627 0.323699 6.187168 
1.019176 1.003079 0.341609 6.186582 
1.018205 1.002523 0.361381 6.186095 
1.017282 1.001974 0.384216 6.185700 
1.016396 1.001449 0.414423 6.185368 
1.015548 1.000943 0.453151 6.185086 
1.014732 1.000445 0.444474 6.184852 
1.013944 0.999948 0.381953 6.184660 
1.013181 0.999458 0.386685 6.184504 
1.012435 0.998982 0.465356 6.184375 
1.011710 0.998522 0.553516 6.184268 
1.011405 0.997636 0.541277 6.184488 
1.010928 0.996998 0.550100 6.184685 
1.009941 0.997093 0.688243 6.184492 
1.009000 0.997133 0.836978 6.184269 
1.008004 0.996952 0.998850 6.184101 
1.007014 0.996558 1.166540 6.183982 
1.006073 0.996046 1.332251 6.183853 
1.005244 0.995554 1.498922 6.183691 
1.004756 0.995092 1.668465 6.183532 
1.004742 0.994564 1.828981 6.183411 
