1.000000 0.999998 0.000004 0.015337 
1.000000 1.000001 0.000007 0.015337 
0.999997 1.000011 0.000007 0.015334 
0.999995 1.000013 0.000005 0.015334 
0.999995 1.000014 0.000005 0.015335 
0.999996 1.000015 0.000004 0.015336 
0.999997 1.000017 0.000003 0.015339 
0.999996 1.000020 -0.000001 0.015339 
0.999993 1.000019 -0.000006 0.015338 
0.999993 1.000018 -0.000009 0.015340 
0.999999 1.000017 -0.000008 0.015344 
1.000003 1.000012 -0.000006 0.015346 
1.000004 1.000010 -0.000004 0.015347 
1.000005 1.000011 -0.000004 0.015347 
1.000002 1.000013 -0.000003 0.015343 
1.000001 1.000016 -0.000005 0.015342 
0.999999 1.000017 -0.000010 0.015341 
0.999996 1.000021 -0.000013 0.015339 
0.999998 1.000021 -0.000017 0.015333 
1.000003 1.000021 -0.000021 0.015326 
1.000010 1.000019 -0.000023 0.015323 
1.000016 1.000016 -0.000024 0.015317 
1.000021 1.000016 -0.000023 0.015310 
1.000024 1.000015 -0.000020 0.015300 
1.000026 1.000014 -0.000021 0.015281 
1.000024 1.000016 -0.000022 0.015271 
1.000021 1.000025 -0.000024 0.015265 
1.000021 1.000030 -0.000030 0.015254 
1.000025 1.000031 -0.000036 0.015249 
1.000033 1.000031 -0.000046 0.015249 
1.000044 1.000024 -0.000056 0.015253 
1.000058 1.000013 -0.000059 0.015251 
1.000074 1.000004 -0.000054 0.015251 
1.000087 0.999995 -0.000045 0.015255 
1.000103 0.999986 -0.000036 0.015268 
1.000122 0.999980 -0.000026 0.015282 
1.000132 0.999982 -0.000022 0.015292 
1.000146 0.999983 -0.000019 0.015301 
1.000169 0.999974 -0.000018 0.015307 
1.000187 0.999967 -0.000026 0.015313 
1.000205 0.999952 -0.000044 0.015309 
1.000228 0.999919 -0.000076 0.015300 
1.000258 0.999883 -0.000124 0.015293 
1.000293 0.999837 -0.000192 0.015282 
1.000336 0.999776 -0.000279 0.015270 
1.000385 0.999687 -0.000380 0.015237 
1.000421 0.999581 -0.000486 0.015185 
1.000429 0.999499 -0.000567 0.015134 
1.000404 0.999464 -0.000598 0.015099 
1.000358 0.999486 -0.000576 0.015100 
1.000311 0.999563 -0.000514 0.015134 
1.000273 0.999670 -0.000431 0.015172 
1.000252 0.999765 -0.000357 0.015218 
1.000244 0.999826 -0.000303 0.015264 
1.000239 0.999863 -0.000255 0.015285 
1.000239 0.999881 -0.000214 0.015300 
1.000241 0.999885 -0.000176 0.015315 
1.000238 0.999885 -0.000141 0.015321 
1.000232 0.999889 -0.000109 0.015322 
1.000228 0.999895 -0.000080 0.015324 
1.000224 0.999916 -0.000061 0.015323 
1.000218 0.999945 -0.000055 0.015318 
1.000214 0.999961 -0.000064 0.015321 
1.000222 0.999947 -0.000105 0.015329 
1.000240 0.999884 -0.000176 0.015339 
1.000266 0.999761 -0.000270 0.015341 
1.000305 0.999591 -0.000382 0.015335 
1.000346 0.999427 -0.000478 0.015324 
1.000384 0.999326 -0.000517 0.015316 
1.000407 0.999310 -0.000499 0.015335 
1.000407 0.999370 -0.000446 0.015387 
1.000394 0.999486 -0.000373 0.015446 
1.000381 0.999617 -0.000301 0.015494 
1.000367 0.999725 -0.000242 0.015527 
1.000351 0.999799 -0.000196 0.015549 
1.000329 0.999848 -0.000156 0.015554 
1.000304 0.999880 -0.000119 0.015545 
1.000277 0.999894 -0.000085 0.015534 
1.000252 0.999907 -0.000059 0.015526 
1.000233 0.999915 -0.000047 0.015509 
1.000216 0.999912 -0.000043 0.015495 
1.000207 0.999909 -0.000054 0.015496 
1.000218 0.999896 -0.000082 0.015491 
1.000256 0.999862 -0.000124 0.015479 
1.000306 0.999797 -0.000185 0.015477 
1.000351 0.999692 -0.000263 0.015477 
1.000384 0.999548 -0.000350 0.015464 
1.000406 0.999399 -0.000424 0.015451 
1.000428 0.999307 -0.000447 0.015461 
1.000447 0.999313 -0.000407 0.015493 
1.000449 0.999415 -0.000325 0.015529 
1.000429 0.999574 -0.000239 0.015563 
1.000394 0.999722 -0.000181 0.015593 
1.000352 0.999820 -0.000148 0.015607 
1.000312 0.999867 -0.000130 0.015610 
1.000279 0.999889 -0.000112 0.015618 
1.000249 0.999897 -0.000093 0.015623 
1.000223 0.999902 -0.000079 0.015622 
1.000199 0.999910 -0.000066 0.015621 
1.000182 0.999915 -0.000058 0.015618 
1.000179 0.999916 -0.000063 0.015612 
1.000192 0.999907 -0.000080 0.015608 
1.000221 0.999876 -0.000110 0.015611 
1.000269 0.999819 -0.000150 0.015617 
1.000325 0.999732 -0.000195 0.015623 
1.000373 0.999612 -0.000249 0.015627 
1.000407 0.999471 -0.000314 0.015632 
1.000427 0.999347 -0.000360 0.015647 
1.000430 0.999307 -0.000354 0.015672 
1.000412 0.999379 -0.000301 0.015703 
1.000378 0.999520 -0.000238 0.015728 
1.000338 0.999660 -0.000188 0.015747 
1.000300 0.999761 -0.000153 0.015751 
1.000262 0.999818 -0.000129 0.015729 
1.000232 0.999843 -0.000105 0.015694 
1.000207 0.999865 -0.000078 0.015654 
1.000184 0.999891 -0.000055 0.015613 
1.000162 0.999920 -0.000041 0.015577 
1.000142 0.999949 -0.000037 0.015542 
1.000132 0.999968 -0.000040 0.015508 
1.000126 0.999979 -0.000043 0.015488 
1.000119 0.999978 -0.000044 0.015475 
1.000112 0.999969 -0.000047 0.015467 
1.000108 0.999955 -0.000054 0.015461 
1.000107 0.999933 -0.000063 0.015450 
1.000108 0.999905 -0.000075 0.015439 
1.000105 0.999878 -0.000084 0.015430 
1.000098 0.999877 -0.000079 0.015427 
1.000091 0.999897 -0.000064 0.015427 
1.000082 0.999917 -0.000050 0.015427 
1.000070 0.999933 -0.000041 0.015424 
1.000061 0.999948 -0.000032 0.015415 
1.000054 0.999958 -0.000023 0.015404 
1.000046 0.999962 -0.000016 0.015398 
1.000039 0.999969 -0.000015 0.015398 
1.000033 0.999973 -0.000014 0.015397 
1.000030 0.999979 -0.000014 0.015398 
1.000029 0.999983 -0.000014 0.015401 
1.000028 0.999983 -0.000012 0.015403 
1.000027 0.999982 -0.000012 0.015412 
1.000030 0.999978 -0.000014 0.015420 
1.000038 0.999976 -0.000019 0.015425 
1.000046 0.999971 -0.000024 0.015435 
1.000053 0.999954 -0.000028 0.015441 
1.000066 0.999934 -0.000039 0.015446 
1.000085 0.999906 -0.000053 0.015454 
1.000095 0.999873 -0.000068 0.015458 
1.000096 0.999861 -0.000074 0.015458 
1.000095 0.999878 -0.000067 0.015452 
1.000087 0.999902 -0.000060 0.015443 
1.000077 0.999921 -0.000057 0.015432 
1.000066 0.999928 -0.000059 0.015422 
1.000060 0.999933 -0.000058 0.015412 
1.000055 0.999948 -0.000053 0.015401 
1.000050 0.999964 -0.000049 0.015393 
1.000048 0.999975 -0.000044 0.015385 
1.000047 0.999983 -0.000041 0.015376 
1.000043 0.999984 -0.000035 0.015366 
1.000044 0.999981 -0.000027 0.015356 
1.000049 0.999980 -0.000025 0.015350 
1.000053 0.999979 -0.000028 0.015337 
1.000058 0.999978 -0.000032 0.015321 
1.000061 0.999974 -0.000041 0.015305 
1.000062 0.999963 -0.000060 0.015284 
1.000067 0.999944 -0.000086 0.015259 
1.000074 0.999916 -0.000115 0.015237 
1.000085 0.999888 -0.000139 0.015222 
1.000099 0.999885 -0.000151 0.015206 
1.000108 0.999884 -0.000162 0.015188 
1.000105 0.999852 -0.000191 0.015175 
1.000095 0.999794 -0.000224 0.015174 
1.000090 0.999761 -0.000231 0.015182 
1.000088 0.999798 -0.000204 0.015188 
1.000082 0.999877 -0.000163 0.015187 
1.000072 0.999948 -0.000124 0.015177 
1.000060 0.999989 -0.000095 0.015164 
1.000049 1.000008 -0.000077 0.015156 
1.000038 1.000013 -0.000062 0.015149 
1.000028 1.000009 -0.000052 0.015147 
1.000024 1.000009 -0.000053 0.015147 
1.000022 1.000010 -0.000056 0.015139 
1.000021 1.000008 -0.000060 0.015133 
1.000022 1.000003 -0.000068 0.015133 
1.000027 0.999997 -0.000079 0.015125 
1.000036 0.999991 -0.000091 0.015112 
1.000046 0.999983 -0.000108 0.015099 
1.000058 0.999974 -0.000131 0.015083 
1.000071 0.999962 -0.000167 0.015073 
1.000082 0.999942 -0.000215 0.015065 
1.000093 0.999915 -0.000271 0.015057 
1.000113 0.999875 -0.000323 0.015060 
1.000140 0.999839 -0.000343 0.015072 
1.000166 0.999839 -0.000314 0.015089 
1.000183 0.999868 -0.000250 0.015105 
1.000188 0.999903 -0.000184 0.015114 
1.000183 0.999931 -0.000129 0.015123 
1.000167 0.999954 -0.000089 0.015134 
1.000139 0.999975 -0.000063 0.015143 
1.000111 0.999992 -0.000052 0.015141 
1.000085 1.000005 -0.000057 0.015126 
1.000067 1.000015 -0.000074 0.015099 
1.000067 1.000018 -0.000103 0.015067 
1.000076 1.000013 -0.000137 0.015036 
1.000093 1.000000 -0.000166 0.015010 
1.000116 0.999987 -0.000186 0.014985 
1.000138 0.999977 -0.000205 0.014960 
1.000151 0.999936 -0.000243 0.014950 
1.000156 0.999842 -0.000306 0.014965 
1.000158 0.999708 -0.000388 0.015001 
1.000172 0.999575 -0.000461 0.015052 
1.000198 0.999499 -0.000488 0.015111 
1.000219 0.999532 -0.000454 0.015149 
1.000223 0.999655 -0.000379 0.015152 
1.000203 0.999788 -0.000295 0.015141 
1.000169 0.999889 -0.000224 0.015133 
1.000135 0.999958 -0.000170 0.015122 
1.000108 1.000003 -0.000132 0.015110 
1.000091 1.000028 -0.000111 0.015104 
1.000081 1.000036 -0.000096 0.015092 
1.000072 1.000037 -0.000085 0.015072 
1.000068 1.000033 -0.000082 0.015063 
1.000078 1.000025 -0.000087 0.015057 
1.000100 1.000016 -0.000098 0.015049 
1.000128 1.000005 -0.000119 0.015035 
1.000160 0.999984 -0.000153 0.015025 
1.000190 0.999954 -0.000201 0.015029 
1.000210 0.999911 -0.000271 0.015037 
1.000229 0.999844 -0.000367 0.015048 
1.000258 0.999751 -0.000472 0.015067 
1.000296 0.999661 -0.000551 0.015090 
1.000331 0.999609 -0.000576 0.015092 
1.000342 0.999622 -0.000529 0.015075 
1.000325 0.999694 -0.000428 0.015071 
1.000291 0.999775 -0.000310 0.015078 
1.000246 0.999834 -0.000204 0.015089 
1.000205 0.999878 -0.000135 0.015111 
1.000174 0.999905 -0.000098 0.015130 
1.000145 0.999919 -0.000081 0.015134 
1.000130 0.999930 -0.000080 0.015140 
1.000134 0.999937 -0.000088 0.015145 
1.000147 0.999940 -0.000100 0.015139 
1.000161 0.999940 -0.000113 0.015127 
1.000178 0.999934 -0.000131 0.015121 
1.000200 0.999919 -0.000154 0.015120 
1.000224 0.999890 -0.000182 0.015124 
1.000247 0.999838 -0.000217 0.015147 
1.000272 0.999753 -0.000270 0.015184 
1.000304 0.999642 -0.000344 0.015230 
1.000347 0.999537 -0.000419 0.015290 
1.000393 0.999475 -0.000470 0.015329 
1.000424 0.999484 -0.000484 0.015334 
1.000417 0.999557 -0.000456 0.015314 
1.000372 0.999669 -0.000397 0.015273 
1.000308 0.999779 -0.000329 0.015233 
1.000241 0.999855 -0.000268 0.015219 
1.000173 0.999900 -0.000220 0.015232 
1.000111 0.999926 -0.000182 0.015247 
1.000068 0.999941 -0.000152 0.015262 
1.000035 0.999958 -0.000129 0.015279 
1.000011 0.999979 -0.000112 0.015285 
1.000001 0.999999 -0.000100 0.015296 
1.000006 1.000017 -0.000093 0.015314 
1.000019 1.000033 -0.000088 0.015329 
1.000035 1.000047 -0.000087 0.015341 
1.000054 1.000045 -0.000085 0.015360 
1.000075 1.000035 -0.000078 0.015378 
1.000091 1.000021 -0.000069 0.015381 
1.000104 1.000007 -0.000054 0.015384 
1.000107 0.999995 -0.000034 0.015397 
1.000096 0.999989 -0.000014 0.015405 
1.000081 0.999992 -0.000004 0.015409 
1.000070 0.999998 -0.000001 0.015414 
1.000053 1.000000 0.000005 0.015409 
1.000042 1.000000 0.000007 0.015405 
1.000043 0.999999 0.000003 0.015401 
1.000041 1.000000 0.000003 0.015390 
1.000040 1.000000 0.000003 0.015377 
1.000040 0.999998 0.000002 0.015367 
1.000041 0.999991 0.000003 0.015361 
1.000041 0.999991 0.000006 0.015351 
1.000039 0.999996 0.000011 0.015343 
1.000035 0.999999 0.000012 0.015337 
1.000028 0.999999 0.000012 0.015332 
1.000024 1.000000 0.000013 0.015328 
1.000019 1.000003 0.000011 0.015323 
1.000016 1.000005 0.000008 0.015321 
1.000015 1.000006 0.000007 0.015322 
1.000013 1.000006 0.000006 0.015320 
1.000010 1.000002 0.000006 0.015320 
1.000009 1.000001 0.000005 0.015321 
1.000006 1.000004 0.000005 0.015322 
1.000003 1.000005 0.000006 0.015322 
1.000000 1.000004 0.000004 0.015323 
0.999999 1.000006 0.000002 0.015324 
0.999999 1.000007 0.000003 0.015327 
1.000000 1.000007 0.000004 0.015330 
0.999997 1.000006 0.000002 0.015332 
0.999997 1.000004 0.000001 0.015336 
0.999999 1.000002 0.000003 0.015338 
