1.027947 0.998752 -2.552017 5.642044 
1.026296 1.001087 -2.454240 5.640752 
1.025397 1.002045 -2.343406 5.639210 
1.025037 1.001997 -2.241071 5.637837 
1.024853 1.001758 -2.169506 5.636871 
1.024897 1.002836 -2.123730 5.636471 
1.024994 1.005826 -2.096889 5.636374 
1.024865 1.010124 -2.105533 5.636151 
1.024698 1.014960 -2.213683 5.635712 
1.021325 1.028645 -2.064395 5.633389 
1.017736 1.043030 -1.787355 5.630695 
1.017328 1.049416 -1.718197 5.629408 
1.017227 1.056046 -1.651511 5.628086 
1.017476 1.062896 -1.586843 5.626719 
1.018154 1.069909 -1.522830 5.625288 
1.019339 1.076938 -1.458318 5.623760 
1.021101 1.083802 -1.392334 5.622118 
1.023508 1.090339 -1.323080 5.620365 
1.026599 1.096414 -1.245515 5.618513 
1.030595 1.101621 -1.176440 5.616630 
1.035520 1.105840 -1.123895 5.614733 
1.041158 1.109262 -1.070509 5.612789 
1.047468 1.111826 -1.014713 5.610837 
1.054399 1.113491 -0.959882 5.608924 
1.061865 1.114195 -0.906555 5.607096 
1.069744 1.113870 -0.855298 5.605396 
1.077903 1.112456 -0.806743 5.603872 
1.086209 1.109915 -0.761442 5.602557 
1.094520 1.106259 -0.719841 5.601472 
1.102685 1.101544 -0.683948 5.600649 
1.110555 1.095852 -0.646049 5.600155 
1.117993 1.089299 -0.606856 5.600073 
1.124870 1.082000 -0.574072 5.600465 
1.131078 1.074033 -0.545444 5.601340 
1.136537 1.065511 -0.521337 5.602669 
1.141200 1.056571 -0.501709 5.604398 
1.145054 1.047312 -0.485904 5.606446 
1.148110 1.037906 -0.473042 5.608723 
1.150409 1.028561 -0.462666 5.611176 
1.151986 1.019456 -0.458945 5.613806 
1.152854 1.010796 -0.471777 5.616609 
1.153076 1.002701 -0.503769 5.619476 
1.152796 0.995234 -0.551387 5.622201 
1.152168 0.988573 -0.613358 5.624594 
1.151320 0.982853 -0.687793 5.626531 
1.150355 0.978107 -0.772416 5.627920 
1.149364 0.974501 -0.865727 5.628716 
1.148408 0.972175 -0.967318 5.628924 
1.147502 0.971143 -1.169601 5.628583 
1.146645 0.971376 -1.465870 5.627687 
1.145931 0.972690 -1.755877 5.626103 
1.145493 0.974875 -2.037998 5.623710 
1.145375 0.977827 -2.311006 5.620532 
1.145567 0.981304 -2.573513 5.616677 
1.146049 0.984949 -2.825024 5.612294 
1.146816 0.988529 -3.066829 5.607538 
1.147861 0.991828 -3.300655 5.602552 
1.149167 0.994571 -1.889155 5.597445 
1.150724 0.996503 -0.300549 5.592260 
1.152538 0.997398 -0.166493 5.586995 
1.154572 0.997136 -0.012427 5.581686 
1.156730 0.995701 0.161363 5.576420 
1.158948 0.993041 0.353985 5.571321 
1.161212 0.989118 1.011663 5.566588 
1.163532 0.984113 1.532111 5.562386 
1.165929 0.978282 1.463680 5.558748 
1.168427 0.971744 1.403372 5.555597 
1.171015 0.964573 1.428964 5.552833 
1.173649 0.956938 1.533221 5.550386 
1.176260 0.949094 1.630517 5.548202 
1.178806 0.941374 1.720237 5.546285 
1.181272 0.934152 1.801281 5.544753 
1.183608 0.927771 1.872279 5.543735 
1.185785 0.922601 1.931414 5.543169 
1.187917 0.918762 1.977721 5.542784 
1.190101 0.916065 2.013664 5.542273 
1.192245 0.914416 2.042471 5.541465 
1.194214 0.913883 2.065331 5.540318 
1.195930 0.914523 2.082690 5.538850 
1.197389 0.916298 2.094735 5.537126 
1.198589 0.919085 2.101756 5.535202 
1.199524 0.922582 2.104225 5.532983 
1.200301 0.926361 2.102022 5.530250 
1.201162 0.929863 2.096769 5.526781 
1.202047 0.932748 2.094414 5.522489 
1.202569 0.935121 2.097733 5.517465 
1.202504 0.937182 2.105076 5.511894 
1.201827 0.939042 2.115410 5.505968 
1.200643 0.940682 2.127636 5.499837 
1.199115 0.941956 2.141067 5.493591 
1.197437 0.942696 2.155601 5.487246 
1.195794 0.942828 2.171553 5.480830 
1.194221 0.942416 2.190487 5.474440 
1.192506 0.941763 2.214190 5.468248 
1.190460 0.941318 2.241122 5.462495 
1.188125 0.941425 2.268481 5.457429 
1.185697 0.942231 2.294281 5.453248 
1.183557 0.943586 2.317082 5.450058 
1.181999 0.945305 2.338291 5.447857 
1.181024 0.947476 2.360191 5.446572 
1.180459 0.950303 2.383766 5.446132 
1.180071 0.953962 2.409456 5.446506 
1.179749 0.958568 2.437150 5.447704 
1.179547 0.964160 2.466208 5.449759 
1.179554 0.970616 2.496008 5.452653 
1.179912 0.977559 2.525656 5.456268 
1.180881 0.984398 2.556216 5.460379 
1.182306 0.990903 2.592255 5.464709 
1.183646 0.997237 2.635988 5.469026 
1.184536 1.003439 2.686942 5.473179 
1.184852 1.009419 2.745970 5.477095 
1.184654 1.015029 2.813733 5.480742 
1.184031 1.020099 2.889865 5.484081 
1.183002 1.024440 2.973667 5.487033 
1.181567 1.027894 3.064714 5.489478 
1.179682 1.030431 3.164030 5.491313 
1.177079 1.032268 3.265824 5.492493 
1.173522 1.033628 3.361907 5.493044 
1.169090 1.034524 3.451658 5.493049 
1.164080 1.034863 3.537362 5.492599 
1.158788 1.034548 3.617347 5.491769 
1.153348 1.033582 3.687653 5.490614 
1.147774 1.032076 3.747330 5.489175 
1.142078 1.030191 3.796241 5.487494 
1.136283 1.028056 3.834590 5.485629 
1.130416 1.025747 3.919339 5.483644 
1.124565 1.023272 3.907632 5.481611 
1.118921 1.020605 3.750314 5.479594 
1.113723 1.017697 3.597692 5.477645 
1.109053 1.014570 3.443107 5.475791 
1.105047 1.011193 3.280430 5.474165 
1.101502 1.007693 3.112823 5.472789 
1.098067 1.004294 2.943522 5.471530 
1.094802 1.000981 2.773157 5.470330 
1.091731 0.997684 2.744637 5.469161 
1.088800 0.994361 4.233159 5.468024 
1.085909 0.991045 5.756965 5.466904 
1.082996 0.987821 5.946850 5.465754 
1.080049 0.984761 6.146355 5.464544 
1.084525 0.977314 6.554089 5.465408 
1.087010 0.970584 6.926102 5.466757 
1.080698 0.969615 7.060255 5.465925 
1.075643 0.969133 7.198278 5.464113 
1.071318 0.968001 7.339487 5.462024 
1.066121 0.966248 7.485684 5.460235 
1.058850 0.964775 7.638194 5.458136 
1.050686 0.964205 7.795152 5.455182 
1.044539 0.963830 7.958491 5.451920 
1.042041 0.961977 8.122929 5.448870 
