0.991987 0.982290 -12.642126 1.347358 
0.990938 0.975564 -12.440443 1.349569 
0.990403 0.971484 -12.264967 1.351505 
0.990117 0.968728 -12.094698 1.352903 
0.990701 0.966563 -11.934973 1.353527 
0.991993 0.964606 -11.789066 1.353496 
0.992929 0.962712 -11.645883 1.353219 
0.993306 0.961089 -11.499840 1.352929 
0.993673 0.960055 -11.357351 1.352525 
0.992821 0.961630 -11.224977 1.348730 
0.991733 0.963105 -11.087959 1.344685 
0.991717 0.962369 -10.940832 1.343527 
0.991730 0.961866 -10.794880 1.342184 
0.991759 0.961530 -10.649763 1.340697 
0.991756 0.961336 -10.504824 1.339117 
0.991688 0.961277 -10.359230 1.337490 
0.991572 0.961350 -10.212781 1.335841 
0.991431 0.961544 -10.065471 1.334182 
0.991271 0.961826 -9.916842 1.332532 
0.991155 0.962094 -9.766142 1.331055 
0.991105 0.962351 -9.613266 1.329787 
0.991074 0.962682 -9.465479 1.328636 
0.991054 0.963075 -9.329533 1.327630 
0.991044 0.963510 -9.205149 1.326791 
0.991059 0.963962 -9.092309 1.326137 
0.991121 0.964393 -8.991127 1.325689 
0.991260 0.964754 -8.901613 1.325469 
0.991514 0.964981 -8.823763 1.325500 
0.991910 0.965007 -8.757777 1.325800 
0.992447 0.964779 -8.703995 1.326373 
0.993114 0.964273 -8.755297 1.327217 
0.993898 0.963485 -8.904852 1.328328 
0.994795 0.962429 -9.053653 1.329705 
0.995811 0.961129 -9.202711 1.331348 
0.996954 0.959601 -9.352795 1.333260 
0.998231 0.957825 -9.504351 1.335435 
0.999630 0.955757 -9.657821 1.337846 
1.001107 0.953387 -9.813801 1.340447 
1.002597 0.950781 -9.972889 1.343187 
1.004051 0.948048 -8.496983 1.346031 
1.005432 0.945317 -6.853778 1.348960 
1.006717 0.942702 -6.674638 1.351962 
1.007901 0.940280 -6.484760 1.355018 
1.008977 0.938053 -6.283807 1.358091 
1.009938 0.935968 -5.472975 1.361135 
1.010762 0.933993 -4.799984 1.364094 
1.011411 0.932190 -4.862960 1.366924 
1.011876 0.930656 -4.913517 1.369615 
1.012176 0.929446 -4.951050 1.372173 
1.012334 0.928573 -4.895857 1.374604 
1.012387 0.927984 -4.752532 1.376912 
1.012388 0.927571 -4.606383 1.379097 
1.012371 0.927201 -4.459046 1.381162 
1.012358 0.926780 -4.310840 1.383130 
1.012375 0.926300 -4.161731 1.385044 
1.012445 0.925767 -4.011548 1.386950 
1.012591 0.925143 -3.860094 1.388885 
1.012816 0.924397 -3.707119 1.390858 
1.013108 0.923545 -3.553007 1.392889 
1.013470 0.922597 -3.398803 1.395030 
1.013896 0.921569 -3.249446 1.397344 
1.014355 0.920512 -3.108581 1.399887 
1.014830 0.919488 -2.975176 1.402695 
1.015324 0.918517 -2.848837 1.405767 
1.015823 0.917557 -2.729383 1.409075 
1.016279 0.916610 -2.616743 1.412574 
1.016632 0.915797 -2.510969 1.416236 
1.016846 0.915251 -2.417077 1.420093 
1.016941 0.914988 -2.338320 1.424190 
1.016934 0.914974 -2.272369 1.428526 
1.016830 0.915173 -2.216756 1.433048 
1.016667 0.915502 -2.169036 1.437668 
1.016486 0.915852 -2.128360 1.442292 
1.016285 0.916164 -2.094487 1.446856 
1.016042 0.916489 -2.067528 1.451330 
1.015751 0.916886 -2.047889 1.455709 
1.015431 0.917292 -2.041030 1.459990 
1.015146 0.917549 -2.042743 1.464138 
1.014910 0.917594 -2.043149 1.468088 
1.014694 0.917459 -2.043291 1.471788 
1.014498 0.917178 -2.044722 1.475203 
1.014305 0.916821 -2.047473 1.478323 
1.014082 0.916464 -2.051704 1.481158 
1.013802 0.916155 -2.057702 1.483710 
1.013469 0.915852 -2.065999 1.485975 
1.013097 0.915492 -2.077436 1.487941 
1.012708 0.915113 -2.087747 1.489603 
1.012292 0.914852 -2.094260 1.490984 
1.011834 0.914809 -2.100660 1.492118 
1.011338 0.915013 -2.108237 1.493026 
1.010811 0.915437 -2.116350 1.493719 
1.010261 0.915999 -2.124504 1.494209 
1.009708 0.916605 -2.132385 1.494513 
1.009184 0.917201 -2.139953 1.494662 
1.008716 0.917812 -2.147242 1.494694 
1.008331 0.918496 -2.153501 1.494649 
1.008046 0.919233 -2.158176 1.494554 
1.007863 0.919940 -2.161721 1.494417 
1.007775 0.920554 -2.164237 1.494243 
1.007775 0.921043 -2.165515 1.494056 
1.007848 0.921420 -2.165594 1.493893 
1.007986 0.921739 -2.164672 1.493786 
1.008180 0.922050 -2.163102 1.493746 
1.008420 0.922372 -2.161169 1.493767 
1.008682 0.922666 -2.159036 1.493832 
1.008934 0.922882 -2.156530 1.493925 
1.009134 0.923065 -2.153284 1.494036 
1.009244 0.923336 -2.149170 1.494179 
1.009242 0.923782 -2.144403 1.494368 
1.009128 0.924438 -2.139346 1.494580 
1.008921 0.925269 -2.134306 1.494758 
1.008644 0.926171 -2.129606 1.494831 
1.008316 0.927028 -2.125554 1.494745 
1.007944 0.927777 -2.122436 1.494474 
1.007531 0.928439 -2.119604 1.494005 
1.007073 0.929100 -2.115813 1.493328 
1.006572 0.929771 -2.111028 1.492426 
1.006047 0.930382 -2.106128 1.491267 
1.005524 0.930868 -2.101753 1.489802 
1.005018 0.931185 -2.098243 1.487999 
1.004535 0.931312 -2.095907 1.485857 
1.004077 0.931261 -2.094884 1.483400 
1.003652 0.931074 -2.094956 1.480655 
1.003253 0.930829 -2.095395 1.477645 
1.002864 0.930572 -2.095966 1.474388 
1.002481 0.930270 -2.097426 1.470902 
1.002110 0.929933 -2.100274 1.467212 
1.001757 0.929641 -2.104235 1.463362 
1.001415 0.929448 -2.108910 1.459410 
1.001082 0.929354 -2.114071 1.455415 
1.000776 0.929332 -2.119461 1.451412 
1.000511 0.929343 -2.124726 1.447421 
1.000279 0.929403 -2.129598 1.443460 
1.000078 0.929510 -2.134243 1.439547 
0.999922 0.929636 -2.138591 1.435701 
0.999832 0.929819 -2.141971 1.431941 
0.999819 0.930060 -2.143666 1.428285 
0.999884 0.930297 -2.143416 1.424737 
1.000023 0.930484 -2.141303 1.421290 
1.000222 0.930600 -2.137448 1.417921 
1.000466 0.930642 -2.132069 1.414613 
1.000744 0.930647 -2.125374 1.411354 
1.001054 0.930636 -2.117453 1.408129 
1.001385 0.930634 -2.108075 1.404927 
1.001722 0.930670 -2.097276 1.401740 
1.002050 0.930716 -2.085460 1.398553 
1.002347 0.930780 -2.073061 1.395349 
1.002581 0.930926 -2.060469 1.392109 
1.002734 0.931174 -2.048041 1.388819 
1.002826 0.931492 -2.036065 1.385463 
1.002892 0.931857 -2.024558 1.382027 
1.002946 0.932230 -2.013383 1.378498 
1.002967 0.932585 -2.002506 1.374881 
1.002950 0.932885 -1.992362 1.371177 
1.002905 0.933091 -1.983162 1.367379 
1.002825 0.933238 -1.974753 1.363478 
1.002709 0.933334 -1.967155 1.359463 
1.002582 0.933321 -1.960571 1.355324 
1.002478 0.933161 -1.955277 1.351054 
1.002412 0.932839 -1.951497 1.346660 
1.002386 0.932336 -1.949333 1.342157 
1.002389 0.931674 -1.948684 1.337566 
1.002409 0.930910 -1.949365 1.332895 
1.002431 0.930134 -1.951012 1.328139 
1.002447 0.929408 -1.953404 1.323308 
1.002471 0.928709 -1.956582 1.318421 
1.002519 0.928021 -1.960546 1.313508 
1.002585 0.927401 -1.965199 1.308613 
1.002657 0.926872 -1.970399 1.303784 
1.002740 0.926435 -1.975760 1.299055 
1.002825 0.926145 -1.980735 1.294443 
1.002887 0.926045 -1.985011 1.289955 
1.002933 0.926137 -1.988592 1.285601 
1.003004 0.926337 -1.991624 1.281408 
1.003144 0.926550 -1.993980 1.277408 
1.003364 0.926783 -1.995217 1.273626 
1.003644 0.927070 -1.994970 1.270075 
1.003959 0.927379 -1.993255 1.266747 
1.004295 0.927676 -1.990218 1.263623 
1.004651 0.927933 -1.985957 1.260690 
1.005044 0.928102 -1.980458 1.257934 
1.005494 0.928161 -1.973688 1.255338 
1.005999 0.928124 -1.965602 1.252889 
1.006531 0.928068 -1.956128 1.250562 
1.007044 0.928081 -1.945381 1.248326 
1.007488 0.928163 -1.933757 1.246139 
1.007825 0.928281 -1.921789 1.243968 
1.008055 0.928442 -1.909994 1.241797 
1.008224 0.928623 -1.898477 1.239619 
1.008372 0.928813 -1.886769 1.237413 
1.008476 0.929056 -1.874573 1.235153 
1.008498 0.929385 -1.862018 1.232827 
1.008421 0.929800 -1.849455 1.230431 
1.008246 0.930225 -1.837282 1.227967 
1.007982 0.930572 -1.825710 1.225438 
1.007647 0.930844 -1.814991 1.222861 
1.007283 0.931080 -1.806149 1.220249 
1.006952 0.931212 -1.799489 1.217615 
1.006695 0.931156 -1.794071 1.214969 
1.006499 0.930880 -1.789627 1.212339 
1.006357 0.930390 -1.786504 1.209759 
1.006270 0.929723 -1.784979 1.207259 
1.006233 0.928920 -1.785072 1.204864 
1.006246 0.928065 -1.786624 1.202586 
1.006306 0.927245 -1.789677 1.200443 
1.006427 0.926438 -1.794780 1.198461 
1.006634 0.925526 -1.800445 1.196677 
1.006913 0.924506 -1.804751 1.195127 
1.007214 0.923504 -1.808280 1.193838 
1.007500 0.922664 -1.811716 1.192822 
1.007761 0.922080 -1.814999 1.192083 
1.008004 0.921758 -1.817864 1.191628 
1.008262 0.921663 -1.820108 1.191456 
1.008565 0.921688 -1.821509 1.191576 
1.008937 0.921709 -1.821598 1.192010 
1.009357 0.921719 -1.819459 1.192766 
1.009767 0.921835 -1.816622 1.193834 
1.010165 0.922076 -1.814919 1.195201 
1.010606 0.922346 -1.813149 1.196869 
1.011125 0.922541 -1.810205 1.198844 
1.011742 0.922600 -1.806066 1.201117 
1.012455 0.922538 -1.801024 1.203648 
1.013227 0.922392 -1.795352 1.206397 
1.013994 0.922244 -1.789324 1.209326 
1.014669 0.922207 -1.782842 1.212401 
1.015229 0.922284 -1.783258 1.215594 
1.015771 0.922288 -1.794678 1.218900 
1.016354 0.922120 -1.812611 1.222312 
1.016920 0.921893 -1.836804 1.225798 
1.017401 0.921770 -1.868262 1.229291 
1.017729 0.921881 -1.907293 1.232715 
1.017842 0.922255 -1.953896 1.236030 
1.017709 0.922862 -2.007866 1.239222 
1.017338 0.923633 -2.066098 1.242300 
1.016832 0.924399 -2.067703 1.245275 
1.016320 0.925032 -2.006016 1.248152 
1.015803 0.925608 -2.082851 1.250920 
1.015232 0.926234 -2.300391 1.253568 
1.014602 0.926908 -2.510807 1.256090 
1.013939 0.927566 -2.714743 1.258497 
1.013274 0.928135 -2.912297 1.260812 
1.012648 0.928578 -3.103300 1.263066 
1.012104 0.928883 -3.284932 1.265301 
1.011714 0.929018 -3.315817 1.267553 
1.011482 0.929019 -3.326137 1.269856 
1.011329 0.928962 -1.958091 1.272248 
1.011216 0.928852 -0.427734 1.274762 
1.011140 0.928714 -0.231577 1.277413 
1.011086 0.928658 -0.023082 1.280187 
1.011017 0.928819 0.198422 1.283062 
1.010895 0.929292 0.433623 1.286037 
1.010697 0.930091 0.683042 1.289135 
1.010405 0.931165 0.944397 1.292371 
1.009984 0.932460 1.143889 1.295756 
1.009417 0.933923 1.277754 1.299276 
1.008732 0.935536 1.413866 1.302892 
1.007949 0.937358 1.552742 1.306544 
1.007065 0.939451 1.694870 1.310181 
1.006070 0.941805 1.840633 1.313774 
1.004969 0.944331 1.990105 1.317321 
1.003785 0.946892 2.143120 1.320818 
1.002557 0.949361 2.299432 1.324248 
1.001327 0.951652 2.459481 1.327579 
1.000149 0.953732 2.624372 1.330768 
0.999060 0.955619 2.794317 1.333768 
0.998068 0.957336 2.968569 1.336552 
0.997164 0.958875 3.146283 1.339112 
0.996340 0.960200 3.319489 1.341448 
0.995599 0.961262 3.480230 1.343560 
0.994954 0.962028 3.627692 1.345438 
0.994418 0.962489 3.761079 1.347073 
0.994000 0.962674 3.879601 1.348460 
0.993695 0.962634 3.982436 1.349598 
0.993483 0.962429 4.068819 1.350493 
0.993333 0.962113 4.138196 1.351161 
0.993217 0.961727 4.190193 1.351621 
0.993116 0.961297 4.131993 1.351888 
0.993026 0.960838 3.970642 1.351980 
0.992947 0.960360 3.805838 1.351919 
0.992885 0.959880 3.637554 1.351737 
0.992852 0.959356 3.466196 1.351348 
0.992862 0.958793 3.291913 1.350791 
0.992909 0.958256 3.114758 1.350229 
0.992975 0.957755 2.935205 1.349697 
0.993044 0.957288 2.753438 1.349225 
0.993124 0.956858 4.208096 1.348841 
0.993240 0.956487 5.831839 1.348575 
0.993419 0.956237 5.993191 1.348466 
0.993697 0.956238 6.166192 1.348550 
0.993766 0.955139 6.608846 1.345414 
0.994108 0.953871 7.028950 1.342581 
0.994817 0.953817 7.165347 1.343576 
0.995099 0.953850 7.303830 1.344882 
0.995052 0.953804 7.439616 1.346465 
0.995087 0.953839 7.573427 1.348319 
0.995536 0.954378 7.705346 1.350467 
0.996502 0.956148 7.830049 1.353057 
0.998095 0.960383 7.938895 1.356072 
1.000808 0.968681 8.020340 1.359538 
