1.000000 1.000000 0.000000 0.000000 
1.000000 1.000000 0.000000 0.000000 
1.000000 1.000000 0.000000 0.000000 
1.000000 1.000000 0.000000 0.000000 
1.000000 1.000000 0.000000 0.000000 
1.000000 1.000000 0.000000 0.000000 
1.000000 1.000000 0.000000 0.000000 
1.000000 1.000000 0.000000 0.000000 
1.000000 1.000000 0.000000 0.000000 
1.000000 1.000000 0.021371 0.000000 
1.000000 1.000000 0.056990 0.000000 
1.000000 1.000000 0.085486 0.000000 
1.000000 1.000000 0.113981 0.000000 
1.000000 1.000000 0.142476 0.000000 
1.000000 1.000000 0.170971 0.000000 
1.000000 1.000000 0.199466 0.000000 
1.000000 1.000000 0.227961 0.000000 
1.000000 1.000000 0.242209 0.000000 
1.000000 1.000000 0.242209 0.000000 
1.000000 1.000000 0.256457 0.000000 
1.000000 1.000000 0.270704 0.000000 
1.000000 1.000000 0.270704 0.000000 
1.000000 1.000000 0.270704 0.000000 
1.000000 1.000000 0.270704 0.000000 
1.000000 1.000000 0.270704 0.000000 
1.000000 1.000000 0.242209 0.000000 
1.000000 1.000000 0.206590 0.000000 
1.000000 1.000000 0.192342 0.000000 
1.000000 1.000000 0.178095 0.000000 
1.000000 1.000000 0.156723 0.000000 
1.000000 1.000000 0.128228 0.000000 
1.000000 1.000000 0.099733 0.000000 
1.000000 1.000000 0.071238 0.000000 
1.000000 1.000000 0.042743 0.000000 
1.000000 1.000000 0.014248 0.000000 
1.000000 1.000000 0.000000 0.000000 
1.000000 1.000000 0.000000 0.000000 
1.000000 1.000000 0.000000 0.000000 
1.000000 1.000000 0.000000 0.000000 
1.000000 1.000000 0.000000 0.000000 
1.000000 1.000000 0.000000 0.000000 
1.000000 1.000000 0.000000 0.000000 
1.000000 1.000000 0.000000 0.000000 
1.000000 1.000000 0.000000 0.000000 
1.000000 1.000000 0.000000 0.000000 
1.000000 1.000000 0.000000 0.000000 
1.000000 1.000000 0.000000 0.000000 
1.000000 1.000000 0.000000 0.000000 
1.000000 1.000000 0.000000 0.000000 
1.000000 1.000000 0.007124 0.000000 
1.000000 1.000000 0.021371 0.000000 
1.000000 1.000000 0.035619 0.000000 
1.000000 1.000000 0.049867 0.000000 
1.000000 1.000000 0.064114 0.000000 
1.000000 1.000000 0.078362 0.000000 
1.000000 1.000000 0.092609 0.000000 
1.000000 1.000000 0.106857 0.000000 
1.000000 1.000000 0.121104 0.000000 
1.000000 1.000000 0.142476 0.000000 
1.000000 1.000000 0.156723 0.000000 
1.000000 1.000000 0.156723 0.000000 
1.000000 1.000000 0.156723 0.000000 
1.000000 1.000000 0.156723 0.000000 
1.000000 1.000000 0.156723 0.000000 
1.000000 1.000000 0.156723 0.000000 
1.000000 1.000000 0.156723 0.000000 
1.000000 1.000000 0.156723 0.000000 
1.000000 1.000000 0.142476 0.000000 
1.000000 1.000000 0.135352 0.000000 
1.000000 1.000000 0.149600 0.000000 
1.000000 1.000000 0.163847 0.000000 
1.000000 1.000000 0.185219 0.000000 
1.000000 1.000000 0.213714 0.000000 
1.000000 1.000000 0.242209 0.000000 
1.000000 1.000000 0.249333 0.000000 
1.000000 1.000000 0.235085 0.000000 
1.000000 1.000000 0.220838 0.000000 
1.000000 1.000000 0.242209 0.000000 
1.000000 1.000000 0.270704 0.000000 
1.000000 1.000000 0.270704 0.000000 
1.000000 1.000000 0.284952 0.000000 
1.000000 1.000000 0.299199 0.000000 
1.000000 1.000000 0.299199 0.000000 
1.000000 1.000000 0.256457 0.000000 
1.000000 1.000000 0.213714 0.000000 
1.000000 1.000000 0.213714 0.000000 
1.000000 1.000000 0.213714 0.000000 
1.000000 1.000000 0.199466 0.000000 
1.000000 1.000000 0.170971 0.000000 
1.000000 1.000000 0.142476 0.000000 
1.000000 1.000000 0.106857 0.000000 
1.000000 1.000000 0.064114 0.000000 
1.000000 1.000000 0.021371 0.000000 
1.000000 1.000000 0.000000 0.000000 
1.000000 1.000000 0.000000 0.000000 
1.000000 1.000000 0.000000 0.000000 
1.000000 1.000000 0.000000 0.000000 
1.000000 1.000000 0.000000 0.000000 
1.000000 1.000000 0.000000 0.000000 
1.000000 1.000000 0.007124 0.000000 
1.000000 1.000000 0.021371 0.000000 
1.000000 1.000000 0.035619 0.000000 
1.000000 1.000000 0.056990 0.000000 
1.000000 1.000000 0.085486 0.000000 
1.000000 1.000000 0.113981 0.000000 
1.000000 1.000000 0.142476 0.000000 
1.000000 1.000000 0.170971 0.000000 
1.000000 1.000000 0.199466 0.000000 
1.000000 1.000000 0.227961 0.000000 
1.000000 1.000000 0.242209 0.000000 
1.000000 1.000000 0.242209 0.000000 
1.000000 1.000000 0.256457 0.000000 
1.000000 1.000000 0.270704 0.000000 
1.000000 1.000000 0.270704 0.000000 
1.000000 1.000000 0.270704 0.000000 
1.000000 1.000000 0.270704 0.000000 
1.000000 1.000000 0.270704 0.000000 
1.000000 1.000000 0.242209 0.000000 
1.000000 1.000000 0.206590 0.000000 
1.000000 1.000000 0.192342 0.000000 
1.000000 1.000000 0.178095 0.000000 
1.000000 1.000000 0.170971 0.000000 
1.000000 1.000000 0.178095 0.000000 
1.000000 1.000000 0.192342 0.000000 
1.000000 1.000000 0.185219 0.000000 
1.000000 1.000000 0.156723 0.000000 
1.000000 1.000000 0.128228 0.000000 
1.000000 1.000000 0.113981 0.000000 
1.000000 1.000000 0.113981 0.000000 
1.000000 1.000000 0.113981 0.000000 
1.000000 1.000000 0.142476 0.000000 
1.000000 1.000000 0.185219 0.000000 
1.000000 1.000000 0.199466 0.000000 
1.000000 1.000000 0.156723 0.000000 
1.000000 1.000000 0.113981 0.000000 
1.000000 1.000000 0.113981 0.000000 
1.000000 1.000000 0.113981 0.000000 
1.000000 1.000000 0.113981 0.000000 
1.000000 1.000000 0.113981 0.000000 
1.000000 1.000000 0.113981 0.000000 
1.000000 1.000000 0.099733 0.000000 
1.000000 1.000000 0.064114 0.000000 
1.000000 1.000000 0.021371 0.000000 
1.000000 1.000000 0.000000 0.000000 
1.000000 1.000000 0.000000 0.000000 
1.000000 1.000000 0.000000 0.000000 
1.000000 1.000000 0.000000 0.000000 
1.000000 1.000000 0.000000 0.000000 
1.000000 1.000000 0.000000 0.000000 
1.000000 1.000000 0.014248 0.000000 
1.000000 1.000000 0.042743 0.000000 
1.000000 1.000000 0.071238 0.000000 
1.000000 1.000000 0.099733 0.000000 
1.000000 1.000000 0.113981 0.000000 
1.000000 1.000000 0.113981 0.000000 
1.000000 1.000000 0.113981 0.000000 
1.000000 1.000000 0.113981 0.000000 
1.000000 1.000000 0.113981 0.000000 
1.000000 1.000000 0.142476 0.000000 
1.000000 1.000000 0.170971 0.000000 
1.000000 1.000000 0.170971 0.000000 
1.000000 1.000000 0.170971 0.000000 
1.000000 1.000000 0.142476 0.000000 
1.000000 1.000000 0.113981 0.000000 
1.000000 1.000000 0.135352 0.000000 
1.000000 1.000000 0.178095 0.000000 
1.000000 1.000000 0.199466 0.000000 
1.000000 1.000000 0.199466 0.000000 
1.000000 1.000000 0.185219 0.000000 
1.000000 1.000000 0.156723 0.000000 
1.000000 1.000000 0.128228 0.000000 
1.000000 1.000000 0.099733 0.000000 
1.000000 1.000000 0.085486 0.000000 
1.000000 1.000000 0.128228 0.000000 
1.000000 1.000000 0.170971 0.000000 
1.000000 1.000000 0.128228 0.000000 
1.000000 1.000000 0.085486 0.000000 
1.000000 1.000000 0.085486 0.000000 
1.000000 1.000000 0.085486 0.000000 
1.000000 1.000000 0.085486 0.000000 
1.000000 1.000000 0.085486 0.000000 
1.000000 1.000000 0.085486 0.000000 
1.000000 1.000000 0.085486 0.000000 
1.000000 1.000000 0.078362 0.000000 
1.000000 1.000000 0.064114 0.000000 
1.000000 1.000000 0.071238 0.000000 
1.000000 1.000000 0.085486 0.000000 
1.000000 1.000000 0.085486 0.000000 
1.000000 1.000000 0.085486 0.000000 
1.000000 1.000000 0.085486 0.000000 
1.000000 1.000000 0.085486 0.000000 
1.000000 1.000000 0.085486 0.000000 
1.000000 1.000000 0.113981 0.000000 
1.000000 1.000000 0.142476 0.000000 
1.000000 1.000000 0.142476 0.000000 
1.000000 1.000000 0.113981 0.000000 
1.000000 1.000000 0.085486 0.000000 
1.000000 1.000000 0.085486 0.000000 
1.000000 1.000000 0.085486 0.000000 
1.000000 1.000000 0.092609 0.000000 
1.000000 1.000000 0.106857 0.000000 
1.000000 1.000000 0.121104 0.000000 
1.000000 1.000000 0.121104 0.000000 
1.000000 1.000000 0.106857 0.000000 
1.000000 1.000000 0.092609 0.000000 
1.000000 1.000000 0.092609 0.000000 
1.000000 1.000000 0.099733 0.000000 
1.000000 1.000000 0.099733 0.000000 
1.000000 1.000000 0.113981 0.000000 
1.000000 1.000000 0.128228 0.000000 
1.000000 1.000000 0.128228 0.000000 
1.000000 1.000000 0.128228 0.000000 
1.000000 1.000000 0.128228 0.000000 
1.000000 1.000000 0.128228 0.000000 
1.000000 1.000000 0.128228 0.000000 
1.000000 1.000000 0.113981 0.000000 
1.000000 1.000000 0.099733 0.000000 
1.000000 1.000000 0.099733 0.000000 
1.000000 1.000000 0.092609 0.000000 
1.000000 1.000000 0.078362 0.000000 
1.000000 1.000000 0.064114 0.000000 
1.000000 1.000000 0.049867 0.000000 
1.000000 1.000000 0.042743 0.000000 
1.000000 1.000000 0.042743 0.000000 
1.000000 1.000000 0.042743 0.000000 
1.000000 1.000000 0.049867 0.000000 
1.000000 1.000000 0.064114 0.000000 
1.000000 1.000000 0.078362 0.000000 
1.000000 1.000000 0.092609 0.000000 
1.000000 1.000000 0.106857 0.000000 
1.000000 1.000000 0.121104 0.000000 
1.000000 1.000000 0.142476 0.000000 
1.000000 1.000000 0.156723 0.000000 
1.000000 1.000000 0.156723 0.000000 
1.000000 1.000000 0.156723 0.000000 
1.000000 1.000000 0.156723 0.000000 
1.000000 1.000000 0.156723 0.000000 
1.000000 1.000000 0.156723 0.000000 
1.000000 1.000000 0.156723 0.000000 
1.000000 1.000000 0.156723 0.000000 
1.000000 1.000000 0.142476 0.000000 
1.000000 1.000000 0.128228 0.000000 
1.000000 1.000000 0.128228 0.000000 
1.000000 1.000000 0.128228 0.000000 
1.000000 1.000000 0.128228 0.000000 
1.000000 1.000000 0.128228 0.000000 
1.000000 1.000000 0.128228 0.000000 
1.000000 1.000000 0.128228 0.000000 
1.000000 1.000000 0.128228 0.000000 
1.000000 1.000000 0.135352 0.000000 
1.000000 1.000000 0.156723 0.000000 
1.000000 1.000000 0.170971 0.000000 
1.000000 1.000000 0.170971 0.000000 
1.000000 1.000000 0.170971 0.000000 
1.000000 1.000000 0.170971 0.000000 
1.000000 1.000000 0.170971 0.000000 
1.000000 1.000000 0.170971 0.000000 
1.000000 1.000000 0.170971 0.000000 
1.000000 1.000000 0.185219 0.000000 
1.000000 1.000000 0.170971 0.000000 
1.000000 1.000000 0.135352 0.000000 
1.000000 1.000000 0.121104 0.000000 
1.000000 1.000000 0.106857 0.000000 
1.000000 1.000000 0.092609 0.000000 
1.000000 1.000000 0.078362 0.000000 
1.000000 1.000000 0.064114 0.000000 
1.000000 1.000000 0.049867 0.000000 
1.000000 1.000000 0.035619 0.000000 
1.000000 1.000000 0.014248 0.000000 
1.000000 1.000000 0.000000 0.000000 
1.000000 1.000000 0.000000 0.000000 
1.000000 1.000000 0.000000 0.000000 
1.000000 1.000000 0.000000 0.000000 
1.000000 1.000000 0.000000 0.000000 
1.000000 1.000000 0.000000 0.000000 
1.000000 1.000000 0.014248 0.000000 
1.000000 1.000000 0.042743 0.000000 
1.000000 1.000000 0.056990 0.000000 
1.000000 1.000000 0.056990 0.000000 
1.000000 1.000000 0.056990 0.000000 
1.000000 1.000000 0.056990 0.000000 
1.000000 1.000000 0.056990 0.000000 
1.000000 1.000000 0.056990 0.000000 
1.000000 1.000000 0.056990 0.000000 
1.000000 1.000000 0.085486 0.000000 
1.000000 1.000000 0.113981 0.000000 
1.000000 1.000000 0.085486 0.000000 
1.000000 1.000000 0.206590 0.000000 
1.000000 1.000000 0.356190 0.000000 
1.000000 1.000000 0.178095 0.000000 
1.000000 1.000000 0.000000 0.000000 
1.000000 1.000000 0.000000 0.000000 
1.000000 1.000000 0.000000 0.000000 
1.000000 1.000000 0.000000 0.000000 
1.000000 1.000000 0.000000 0.000000 
1.000000 1.000000 0.000000 0.000000 
1.000000 1.000000 0.000000 0.000000 
1.000000 1.000000 0.000000 0.000000 
1.000000 1.000000 0.000000 0.000000 
