0.999403 0.999798 0.000174 0.046237 
0.999158 0.999801 0.000116 0.046258 
0.999078 0.999768 -0.000005 0.046289 
0.999099 0.999678 -0.000116 0.046326 
0.999176 0.999579 -0.000228 0.046288 
0.999288 0.999507 -0.000332 0.046237 
0.999419 0.999394 -0.000390 0.046196 
0.999554 0.999219 -0.000373 0.046169 
0.999676 0.999061 -0.000293 0.046175 
0.999760 0.998944 -0.000168 0.046148 
0.999790 0.998882 -0.000028 0.046085 
0.999756 0.998866 0.000109 0.045978 
0.999651 0.998890 0.000252 0.045783 
0.999497 0.998951 0.000374 0.045508 
0.999321 0.999035 0.000451 0.045170 
0.999145 0.999166 0.000494 0.044781 
0.998993 0.999329 0.000487 0.044391 
0.998870 0.999475 0.000405 0.043995 
0.998790 0.999570 0.000259 0.043600 
0.998786 0.999605 0.000098 0.043245 
0.998850 0.999602 -0.000045 0.042896 
0.998959 0.999596 -0.000150 0.042560 
0.999074 0.999582 -0.000220 0.042273 
0.999163 0.999538 -0.000278 0.042029 
0.999228 0.999481 -0.000333 0.041847 
0.999297 0.999449 -0.000392 0.041723 
0.999386 0.999444 -0.000443 0.041605 
0.999482 0.999475 -0.000485 0.041504 
0.999579 0.999527 -0.000511 0.041457 
0.999679 0.999571 -0.000471 0.041453 
0.999730 0.999638 -0.000347 0.041506 
0.999714 0.999761 -0.000171 0.041592 
0.999683 0.999932 -0.000013 0.041694 
0.999690 1.000125 0.000068 0.041836 
0.999765 1.000306 0.000080 0.041992 
0.999919 1.000452 0.000037 0.042161 
1.000153 1.000553 -0.000044 0.042339 
1.000444 1.000617 -0.000135 0.042480 
1.000764 1.000619 -0.000229 0.042570 
1.001085 1.000474 -0.000374 0.042601 
1.001427 1.000114 -0.000646 0.042573 
1.001858 0.999563 -0.001093 0.042535 
1.002441 0.998894 -0.001737 0.042477 
1.003220 0.998139 -0.002621 0.042359 
1.004196 0.997184 -0.003737 0.042197 
1.005263 0.995757 -0.004984 0.041921 
1.006172 0.993883 -0.006143 0.041461 
1.006632 0.991965 -0.006966 0.040905 
1.006593 0.990705 -0.007120 0.040505 
1.006232 0.990884 -0.006300 0.040548 
1.005600 0.992542 -0.004780 0.041101 
1.004684 0.994851 -0.003293 0.041919 
1.003727 0.996816 -0.002346 0.042666 
1.003047 0.997955 -0.001922 0.043179 
1.002706 0.998395 -0.001740 0.043512 
1.002575 0.998450 -0.001617 0.043828 
1.002520 0.998318 -0.001496 0.044239 
1.002454 0.998056 -0.001352 0.044726 
1.002337 0.997800 -0.001177 0.045253 
1.002184 0.997815 -0.001003 0.045785 
1.002028 0.998267 -0.000914 0.046267 
1.001928 0.999048 -0.001054 0.046694 
1.001987 0.999727 -0.001551 0.047143 
1.002280 0.999762 -0.002395 0.047703 
1.002752 0.998845 -0.003456 0.048370 
1.003258 0.996997 -0.004636 0.049032 
1.003746 0.994632 -0.005768 0.049532 
1.004211 0.992308 -0.006505 0.049804 
1.004596 0.990676 -0.006427 0.050041 
1.004724 0.990507 -0.005379 0.050537 
1.004414 0.991904 -0.003819 0.051336 
1.003794 0.994101 -0.002447 0.052262 
1.003257 0.996190 -0.001562 0.053122 
1.002988 0.997656 -0.001090 0.053806 
1.002861 0.998468 -0.000888 0.054312 
1.002760 0.998832 -0.000825 0.054702 
1.002659 0.998926 -0.000813 0.055040 
1.002544 0.998880 -0.000810 0.055337 
1.002406 0.998717 -0.000798 0.055576 
1.002254 0.998373 -0.000768 0.055745 
1.002139 0.997917 -0.000769 0.055893 
1.002208 0.997519 -0.000955 0.056094 
1.002666 0.997171 -0.001448 0.056377 
1.003564 0.996677 -0.002233 0.056738 
1.004665 0.995817 -0.003252 0.057124 
1.005573 0.994373 -0.004511 0.057429 
1.006009 0.992307 -0.005911 0.057574 
1.005999 0.990049 -0.007044 0.057631 
1.005860 0.988565 -0.007292 0.057763 
1.005826 0.989031 -0.006191 0.058033 
1.005691 0.991617 -0.004103 0.058299 
1.005066 0.994891 -0.002171 0.058373 
1.004019 0.997274 -0.001138 0.058206 
1.003007 0.998354 -0.000845 0.057881 
1.002291 0.998534 -0.000867 0.057564 
1.001863 0.998305 -0.000950 0.057406 
1.001621 0.997984 -0.000982 0.057388 
1.001458 0.997799 -0.000935 0.057399 
1.001306 0.997869 -0.000866 0.057359 
1.001188 0.998045 -0.000873 0.057251 
1.001209 0.998114 -0.001028 0.057085 
1.001494 0.997978 -0.001357 0.056918 
1.002126 0.997587 -0.001834 0.056850 
1.003072 0.996924 -0.002398 0.056909 
1.004120 0.995969 -0.002976 0.057034 
1.004991 0.994685 -0.003509 0.057166 
1.005528 0.993214 -0.003864 0.057288 
1.005671 0.992098 -0.003770 0.057422 
1.005341 0.991933 -0.003127 0.057611 
1.004606 0.993108 -0.002096 0.057839 
1.003654 0.995328 -0.001068 0.057944 
1.002674 0.997354 -0.000493 0.057824 
1.001871 0.998447 -0.000362 0.057531 
1.001332 0.998825 -0.000372 0.057110 
1.001006 0.998858 -0.000353 0.056614 
1.000809 0.998824 -0.000304 0.056113 
1.000689 0.998838 -0.000275 0.055668 
1.000625 0.998887 -0.000279 0.055305 
1.000606 0.998937 -0.000299 0.055025 
1.000620 0.998961 -0.000306 0.054849 
1.000665 0.998908 -0.000261 0.054795 
1.000738 0.998766 -0.000149 0.054841 
1.000853 0.998582 -0.000016 0.054926 
1.001054 0.998397 0.000043 0.054989 
1.001325 0.998159 -0.000056 0.054975 
1.001591 0.997719 -0.000343 0.054819 
1.001769 0.996999 -0.000756 0.054490 
1.001774 0.996254 -0.001126 0.054048 
1.001550 0.995746 -0.001404 0.053553 
1.001151 0.995910 -0.001478 0.052989 
1.000676 0.996917 -0.001271 0.052352 
1.000193 0.998029 -0.001019 0.051691 
0.999781 0.998722 -0.000877 0.051074 
0.999497 0.999093 -0.000813 0.050534 
0.999361 0.999281 -0.000778 0.050077 
0.999357 0.999338 -0.000751 0.049697 
0.999450 0.999327 -0.000715 0.049385 
0.999600 0.999258 -0.000649 0.049133 
0.999760 0.999141 -0.000533 0.048930 
0.999904 0.999021 -0.000378 0.048765 
1.000043 0.998949 -0.000214 0.048635 
1.000190 0.998955 -0.000063 0.048531 
1.000350 0.999011 0.000069 0.048454 
1.000538 0.999073 0.000167 0.048414 
1.000776 0.999086 0.000219 0.048394 
1.001035 0.998941 0.000179 0.048356 
1.001225 0.998498 -0.000036 0.048246 
1.001263 0.997957 -0.000368 0.047989 
1.001085 0.997413 -0.000847 0.047628 
1.000739 0.997135 -0.001375 0.047183 
1.000448 0.997656 -0.001523 0.046659 
1.000231 0.998472 -0.001377 0.046163 
1.000022 0.998902 -0.001216 0.045738 
0.999887 0.998981 -0.001044 0.045400 
0.999849 0.998861 -0.000880 0.045152 
0.999898 0.998692 -0.000693 0.044967 
0.999968 0.998574 -0.000457 0.044802 
0.999998 0.998510 -0.000200 0.044634 
0.999990 0.998502 0.000038 0.044454 
0.999974 0.998535 0.000233 0.044255 
0.999954 0.998609 0.000386 0.044038 
0.999887 0.998736 0.000482 0.043796 
0.999765 0.998901 0.000469 0.043496 
0.999667 0.999029 0.000282 0.043104 
0.999673 0.999037 -0.000076 0.042598 
0.999832 0.998862 -0.000556 0.041988 
1.000147 0.998540 -0.001088 0.041273 
1.000506 0.998185 -0.001652 0.040448 
1.000708 0.997535 -0.002385 0.039587 
1.000747 0.996725 -0.003163 0.038819 
1.000781 0.996217 -0.003594 0.038272 
1.000868 0.995981 -0.003502 0.037977 
1.000949 0.996431 -0.002877 0.037794 
1.000926 0.997505 -0.002034 0.037565 
1.000775 0.998439 -0.001334 0.037257 
1.000565 0.998942 -0.000830 0.036923 
1.000369 0.999075 -0.000485 0.036619 
1.000241 0.999035 -0.000265 0.036363 
1.000183 0.998980 -0.000149 0.036161 
1.000148 0.998972 -0.000086 0.035989 
1.000077 0.999019 -0.000027 0.035825 
0.999926 0.999101 0.000035 0.035665 
0.999726 0.999196 0.000068 0.035514 
0.999532 0.999300 0.000049 0.035344 
0.999396 0.999410 -0.000065 0.035119 
0.999338 0.999472 -0.000375 0.034819 
0.999333 0.999368 -0.001014 0.034436 
0.999380 0.998957 -0.002088 0.034005 
0.999504 0.998213 -0.003576 0.033562 
0.999829 0.997467 -0.005072 0.033185 
1.000522 0.997214 -0.005904 0.032967 
1.001459 0.997180 -0.005811 0.032931 
1.002279 0.997072 -0.004881 0.033095 
1.002732 0.997081 -0.003464 0.033441 
1.002818 0.997129 -0.002079 0.033849 
1.002632 0.997171 -0.000917 0.034223 
1.002199 0.997293 0.000016 0.034522 
1.001575 0.997567 0.000693 0.034684 
1.000917 0.998005 0.001068 0.034676 
1.000368 0.998542 0.001139 0.034503 
0.999968 0.999060 0.000954 0.034180 
0.999668 0.999452 0.000559 0.033746 
0.999462 0.999681 0.000040 0.033252 
0.999473 0.999842 -0.000432 0.032726 
0.999731 1.000069 -0.000772 0.032140 
1.000090 1.000334 -0.001120 0.031506 
1.000360 1.000237 -0.001833 0.030945 
1.000468 0.998980 -0.003281 0.030671 
1.000614 0.996146 -0.005350 0.030926 
1.001117 0.992707 -0.007209 0.031786 
1.002001 0.990415 -0.007975 0.032941 
1.002904 0.990185 -0.007444 0.033877 
1.003410 0.991746 -0.006047 0.034320 
1.003388 0.994064 -0.004422 0.034403 
1.002981 0.996082 -0.003032 0.034403 
1.002421 0.997527 -0.002025 0.034426 
1.001868 0.998535 -0.001336 0.034453 
1.001378 0.999209 -0.000823 0.034486 
1.000946 0.999670 -0.000370 0.034530 
1.000519 1.000047 0.000065 0.034586 
1.000069 1.000413 0.000422 0.034670 
0.999641 1.000774 0.000616 0.034774 
0.999312 1.001117 0.000613 0.034854 
0.999116 1.001365 0.000365 0.034888 
0.999049 1.001409 -0.000173 0.034916 
0.999147 1.001255 -0.001021 0.035016 
0.999503 1.000946 -0.002269 0.035241 
1.000242 1.000196 -0.004062 0.035609 
1.001461 0.998423 -0.006294 0.036112 
1.003127 0.995974 -0.008240 0.036607 
1.004875 0.994232 -0.008995 0.036780 
1.006104 0.993794 -0.008341 0.036573 
1.006468 0.994173 -0.006717 0.036403 
1.006054 0.994883 -0.004638 0.036681 
1.005095 0.995631 -0.002621 0.037385 
1.003857 0.996319 -0.001085 0.038250 
1.002618 0.997011 -0.000180 0.039093 
1.001539 0.997722 0.000138 0.039847 
1.000742 0.998422 0.000011 0.040509 
1.000316 0.999010 -0.000400 0.041054 
1.000208 0.999386 -0.000932 0.041460 
1.000294 0.999562 -0.001430 0.041785 
1.000462 0.999619 -0.001813 0.042127 
1.000638 0.999610 -0.002119 0.042535 
1.000824 0.999573 -0.002427 0.042992 
1.001060 0.999516 -0.002839 0.043491 
1.001398 0.999293 -0.003543 0.044068 
1.001934 0.998552 -0.004697 0.044789 
1.002771 0.997045 -0.006070 0.045660 
1.003824 0.995344 -0.007011 0.046456 
1.004755 0.994656 -0.006962 0.046806 
1.005199 0.995354 -0.005967 0.046621 
1.005036 0.996673 -0.004550 0.046172 
1.004398 0.997908 -0.003213 0.045756 
1.003498 0.998778 -0.002196 0.045507 
1.002457 0.999272 -0.001481 0.045387 
1.001361 0.999557 -0.000967 0.045321 
1.000367 0.999759 -0.000618 0.045285 
0.999629 0.999958 -0.000404 0.045230 
0.999211 1.000182 -0.000287 0.045152 
0.999039 1.000418 -0.000252 0.045100 
0.999000 1.000633 -0.000321 0.045085 
0.999079 1.000749 -0.000499 0.045124 
0.999296 1.000683 -0.000728 0.045231 
0.999634 1.000422 -0.000927 0.045394 
1.000051 1.000034 -0.001037 0.045597 
1.000490 0.999574 -0.001025 0.045814 
1.000876 0.999094 -0.000863 0.046030 
1.001101 0.998679 -0.000539 0.046271 
1.001095 0.998388 -0.000102 0.046501 
1.000873 0.998265 0.000332 0.046690 
1.000528 0.998323 0.000675 0.046831 
1.000144 0.998505 0.000910 0.046878 
0.999754 0.998763 0.001037 0.046866 
0.999374 0.999064 0.001056 0.046818 
0.999016 0.999381 0.000971 0.046702 
0.998731 0.999675 0.000794 0.046528 
0.998568 0.999902 0.000562 0.046300 
0.998525 1.000044 0.000326 0.046006 
0.998586 1.000091 0.000118 0.045703 
0.998704 1.000056 -0.000057 0.045410 
0.998836 0.999970 -0.000215 0.045097 
0.998992 0.999856 -0.000350 0.044801 
0.999177 0.999758 -0.000460 0.044507 
0.999383 0.999668 -0.000536 0.044214 
0.999595 0.999553 -0.000563 0.043961 
0.999803 0.999408 -0.000532 0.043732 
0.999983 0.999256 -0.000440 0.043560 
1.000132 0.999133 -0.000299 0.043454 
1.000249 0.999063 -0.000118 0.043367 
1.000323 0.999060 0.000099 0.043315 
1.000344 0.999131 0.000332 0.043322 
1.000303 0.999283 0.000566 0.043339 
1.000166 0.999512 0.000753 0.043376 
0.999939 0.999799 0.000863 0.043424 
0.999687 1.000107 0.000877 0.043456 
0.999435 1.000392 0.000759 0.043520 
0.999237 1.000673 0.000523 0.043573 
0.999197 1.000929 0.000165 0.043654 
