0.999638 1.003515 -4.207893 6.112310 
1.000084 1.004149 -3.955073 6.112077 
1.000192 1.004853 -3.755777 6.111777 
1.000204 1.005541 -3.607974 6.111581 
1.000345 1.006153 -3.517039 6.111558 
1.000923 1.006648 -3.473094 6.111743 
1.002072 1.007020 -3.463032 6.112056 
1.003493 1.007316 -3.487860 6.112382 
1.004921 1.007563 -3.591490 6.112702 
1.004139 1.011556 -3.805274 6.112295 
1.002812 1.016406 -3.943193 6.111658 
1.003190 1.018371 -3.959291 6.111501 
1.003649 1.020412 -3.981836 6.111309 
1.004223 1.022500 -4.008403 6.111068 
1.004939 1.024614 -4.036542 6.110759 
1.005804 1.026731 -4.064170 6.110363 
1.006814 1.028824 -4.089587 6.109863 
1.007977 1.030862 -4.111020 6.109249 
1.009306 1.032809 -4.124471 6.108514 
1.010908 1.034512 -4.120543 6.107674 
1.012803 1.035903 -4.103662 6.106730 
1.014928 1.037016 -4.079672 6.105672 
1.017276 1.037828 -4.048100 6.104514 
1.019825 1.038341 -4.013440 6.103275 
1.022544 1.038534 -3.976063 6.101974 
1.025391 1.038377 -3.936582 6.100632 
1.028336 1.037841 -3.895536 6.099272 
1.031344 1.036904 -3.853291 6.097917 
1.034369 1.035553 -3.810254 6.096589 
1.037362 1.033796 -3.769103 6.095314 
1.040301 1.031639 -3.723302 6.094127 
1.043140 1.029140 -3.676545 6.093072 
1.045817 1.026375 -3.637496 6.092187 
1.048311 1.023371 -3.603093 6.091491 
1.050619 1.020163 -3.574201 6.090988 
1.052754 1.016792 -3.550228 6.090680 
1.054703 1.013294 -3.530260 6.090561 
1.056456 1.009711 -3.513687 6.090612 
1.058026 1.006116 -3.500057 6.090818 
1.059436 1.002600 -3.487155 6.091169 
1.060681 0.999279 -3.479315 6.091652 
1.061777 0.996240 -3.478851 6.092222 
1.062788 0.993516 -3.481685 6.092807 
1.063788 0.991151 -3.485440 6.093329 
1.064825 0.989168 -3.486446 6.093736 
1.065903 0.987566 -3.483112 6.093981 
1.067046 0.986388 -3.475057 6.094017 
1.068294 0.985733 -3.462075 6.093813 
1.069656 0.985674 -3.444131 6.093351 
1.071120 0.986226 -3.421630 6.092609 
1.072697 0.987342 -3.393548 6.091539 
1.074399 0.988935 -3.357427 6.090095 
1.076244 0.990871 -3.308628 6.088269 
1.078251 0.992941 -3.246080 6.086092 
1.080399 0.994969 -3.173653 6.083606 
1.082660 0.996899 -3.093016 6.080855 
1.085014 0.998691 -3.004614 6.077882 
1.087415 1.000256 -2.908754 6.074728 
1.089816 1.001488 -2.805553 6.071427 
1.092182 1.002295 -2.694918 6.068007 
1.094474 1.002600 -2.576469 6.064508 
1.096682 1.002292 -2.448372 6.060998 
1.098809 1.001275 -2.316735 6.057577 
1.100770 0.999599 -2.188922 6.054348 
1.102481 0.997402 -2.064676 6.051370 
1.103919 0.994794 -1.944531 6.048657 
1.105046 0.991848 -1.829353 6.046215 
1.105833 0.988640 -1.719641 6.044065 
1.106269 0.985257 -1.615731 6.042243 
1.106354 0.981785 -1.518089 6.040779 
1.106100 0.978321 -1.427885 6.039719 
1.105503 0.975004 -1.349177 6.039118 
1.104531 0.972004 -1.283205 6.038989 
1.103218 0.969488 -1.228143 6.039262 
1.101645 0.967580 -1.183164 6.039842 
1.099857 0.966313 -1.146275 6.040678 
1.097870 0.965681 -1.116155 6.041770 
1.095705 0.965648 -1.092448 6.043121 
1.093402 0.966146 -1.075017 6.044714 
1.091014 0.967075 -1.063726 6.046522 
1.088592 0.968298 -1.058283 6.048505 
1.086211 0.969694 -1.057659 6.050575 
1.083974 0.971173 -1.060835 6.052618 
1.081948 0.972637 -1.064442 6.054566 
1.080091 0.974021 -1.064502 6.056415 
1.078324 0.975298 -1.060995 6.058188 
1.076628 0.976424 -1.055205 6.059905 
1.075057 0.977345 -1.047897 6.061565 
1.073681 0.978014 -1.039464 6.063151 
1.072548 0.978403 -1.030037 6.064631 
1.071692 0.978540 -1.019452 6.065964 
1.071109 0.978479 -1.006909 6.067133 
1.070730 0.978286 -0.990577 6.068173 
1.070461 0.978087 -0.970153 6.069150 
1.070254 0.977998 -0.947923 6.070138 
1.070158 0.978036 -0.926103 6.071186 
1.070290 0.978183 -0.905396 6.072291 
1.070713 0.978480 -0.892051 6.073411 
1.071385 0.979019 -0.891866 6.074496 
1.072227 0.979885 -0.903833 6.075524 
1.073146 0.981144 -0.927290 6.076506 
1.074076 0.982843 -0.962130 6.077478 
1.075013 0.985017 -1.008932 6.078473 
1.075968 0.987602 -1.068680 6.079493 
1.076985 0.990392 -1.142058 6.080483 
1.078117 0.993223 -1.228078 6.081347 
1.079298 0.996082 -1.267461 6.082004 
1.080370 0.998971 -1.401675 6.082405 
1.081216 1.001841 -1.681262 6.082550 
1.081795 1.004642 -1.957789 6.082456 
1.082114 1.007323 -2.232416 6.082139 
1.082196 1.009817 -2.506107 6.081597 
1.082035 1.012018 -2.779651 6.080806 
1.081623 1.013835 -3.053554 6.079736 
1.080940 1.015306 -3.327580 6.078373 
1.079921 1.016522 -3.409318 6.076737 
1.078514 1.017509 -1.925460 6.074879 
1.076750 1.018234 -0.410197 6.072854 
1.074718 1.018667 -0.282375 6.070715 
1.072506 1.018796 -0.195219 6.068498 
1.070170 1.018618 -0.098383 6.066227 
1.067728 1.018160 0.008355 6.063927 
1.065198 1.017487 0.125213 6.061628 
1.062604 1.016672 0.252625 6.059364 
1.059973 1.015750 0.490621 6.057169 
1.057343 1.014713 0.668067 6.055075 
1.054778 1.013543 0.678392 6.053109 
1.052336 1.012246 0.588295 6.051290 
1.050039 1.010855 0.500481 6.049623 
1.047871 1.009405 0.515846 6.048107 
1.045861 1.007873 0.532914 6.046781 
1.043966 1.006289 0.552730 6.045630 
1.042110 1.004729 0.578756 6.044594 
1.040315 1.003187 0.611660 6.043648 
1.038591 1.001644 0.602300 6.042787 
1.036923 1.000095 0.551835 6.042009 
1.035270 0.998570 0.511505 6.041300 
1.033588 0.997119 0.531486 6.040635 
1.031880 0.995761 0.611248 6.039999 
1.032201 0.992494 0.602939 6.040112 
1.031822 0.989635 0.616105 6.040216 
1.028865 0.989323 0.746012 6.039445 
1.026322 0.989139 0.879707 6.038549 
1.024065 0.988672 1.018218 6.037799 
1.021658 0.987934 1.163605 6.037224 
1.018824 0.987281 1.314017 6.036534 
1.015798 0.986941 1.469477 6.035605 
1.013529 0.986720 1.634912 6.034627 
1.012673 0.986122 1.804613 6.033763 
