0.969695 0.952258 -6.074421 0.495749 
0.965315 0.930416 -5.905856 0.498481 
0.963275 0.914139 -5.768417 0.501946 
0.962542 0.902097 -5.637197 0.505121 
0.963280 0.893166 -5.511336 0.507454 
0.964849 0.886309 -5.386408 0.509144 
0.966186 0.880800 -5.256608 0.510647 
0.967355 0.876542 -5.122294 0.512088 
0.968814 0.873674 -4.986723 0.513343 
0.967928 0.878874 -4.850853 0.511010 
0.966167 0.883471 -4.716109 0.508379 
0.966091 0.880624 -4.582835 0.508765 
0.966097 0.878667 -4.449431 0.508960 
0.966118 0.877388 -4.315484 0.508997 
0.966074 0.876636 -4.180637 0.508940 
0.965928 0.876308 -4.044816 0.508839 
0.965688 0.876343 -3.908239 0.508724 
0.965351 0.876683 -3.770997 0.508625 
0.964897 0.877266 -3.632833 0.508589 
0.964411 0.877776 -3.493122 0.508806 
0.963953 0.878228 -3.358167 0.509347 
0.963498 0.878888 -3.234536 0.510161 
0.963060 0.879685 -3.122035 0.511311 
0.962671 0.880543 -3.020704 0.512853 
0.962371 0.881382 -2.930717 0.514838 
0.962201 0.882103 -2.852202 0.517320 
0.962200 0.882585 -2.785107 0.520356 
0.962410 0.882684 -2.729075 0.524004 
0.962868 0.882254 -2.683227 0.528316 
0.963616 0.881161 -2.590255 0.533329 
0.964680 0.879321 -2.444306 0.539065 
0.966066 0.876732 -2.446452 0.545527 
0.967773 0.873447 -2.597691 0.552699 
0.969797 0.869525 -2.748978 0.560544 
0.972128 0.864973 -2.900633 0.569012 
0.974747 0.859725 -3.052841 0.578033 
0.977601 0.853726 -3.205708 0.587515 
0.980612 0.847040 -3.359361 0.597347 
0.983702 0.839844 -3.373090 0.607420 
0.986776 0.832415 -3.371304 0.617618 
0.989730 0.825087 -1.996250 0.627802 
0.992508 0.818101 -0.467303 0.637818 
0.995082 0.811541 -0.280229 0.647502 
0.997418 0.805354 -0.088415 0.656702 
0.999470 0.799460 0.108242 0.665291 
1.001183 0.793918 0.309759 0.673158 
1.002516 0.788938 0.515876 0.680235 
1.003474 0.784706 0.725646 0.686481 
1.004065 0.781321 0.866863 0.691856 
1.004374 0.778720 0.928442 0.696307 
1.004564 0.776621 0.976068 0.699815 
1.004726 0.774698 1.015736 0.702409 
1.004864 0.772727 1.048287 0.704188 
1.004996 0.770636 1.073959 0.705287 
1.005161 0.768434 1.092991 0.705853 
1.005412 0.766093 1.105525 0.706043 
1.005790 0.763541 1.111610 0.705972 
1.006300 0.760725 1.111070 0.705729 
1.007038 0.757555 1.099823 0.705426 
1.008083 0.753956 1.085869 0.705227 
1.009319 0.750071 1.077035 0.705316 
1.010623 0.746138 1.068903 0.705857 
1.011971 0.742327 1.061076 0.706925 
1.013333 0.738658 1.053517 0.708545 
1.014644 0.735145 1.045998 0.710704 
1.015797 0.731960 1.038133 0.713348 
1.016705 0.729320 1.029325 0.716444 
1.017400 0.727325 1.019009 0.720003 
1.017893 0.725952 1.012160 0.724028 
1.018120 0.725196 1.009825 0.728455 
1.018086 0.724995 1.007778 0.733156 
1.017834 0.725180 1.005876 0.737951 
1.017373 0.725565 1.004087 0.742702 
1.016704 0.726139 1.002237 0.747313 
1.015841 0.726989 1.000121 0.751693 
1.014843 0.728015 0.997346 0.755780 
1.013817 0.728916 0.993642 0.759517 
1.012829 0.729415 0.990501 0.762809 
1.011858 0.729456 0.988581 0.765551 
1.010844 0.729120 0.986647 0.767694 
1.009750 0.728520 0.984053 0.769236 
1.008571 0.727797 0.980479 0.770207 
1.007327 0.727085 0.975778 0.770614 
1.006058 0.726382 0.969924 0.770442 
1.004812 0.725524 0.962920 0.769705 
1.003622 0.724425 0.955083 0.768429 
1.002513 0.723241 0.947459 0.766647 
1.001473 0.722245 0.940586 0.764434 
1.000475 0.721625 0.933982 0.761903 
0.999547 0.721418 0.927350 0.759114 
0.998740 0.721537 0.920778 0.756064 
0.998087 0.721804 0.914431 0.752742 
0.997608 0.722020 0.908429 0.749199 
0.997325 0.722090 0.902786 0.745532 
0.997265 0.722090 0.897591 0.741829 
0.997472 0.722094 0.893260 0.738155 
0.997959 0.722041 0.890241 0.734562 
0.998698 0.721792 0.888641 0.731059 
0.999663 0.721242 0.888360 0.727622 
1.000809 0.720357 0.889246 0.724261 
1.002074 0.719199 0.891127 0.721074 
1.003407 0.717917 0.893846 0.718162 
1.004771 0.716680 0.897324 0.715535 
1.006122 0.715574 0.901623 0.713148 
1.007405 0.714565 0.906851 0.710961 
1.008538 0.713603 0.912939 0.708928 
1.009430 0.712792 0.919661 0.707011 
1.010011 0.712336 0.926764 0.705213 
1.010239 0.712384 0.934047 0.703578 
1.010117 0.712992 0.941374 0.702135 
1.009683 0.714114 0.948654 0.700788 
1.008986 0.715573 0.955819 0.699370 
1.008056 0.717147 0.962751 0.697786 
1.006921 0.718696 0.969238 0.696016 
1.005605 0.720221 0.975182 0.694033 
1.004117 0.721778 0.980740 0.691815 
1.002475 0.723306 0.986017 0.689342 
1.000717 0.724640 0.990923 0.686578 
0.998890 0.725639 0.995291 0.683455 
0.997040 0.726232 0.998924 0.679916 
0.995213 0.726416 1.001662 0.675978 
0.993456 0.726269 1.003456 0.671679 
0.991804 0.725915 1.004392 0.667037 
0.990272 0.725449 1.004650 0.662070 
0.988858 0.724846 1.004334 0.656804 
0.987579 0.724022 1.003414 0.651268 
0.986463 0.723026 1.001912 0.645500 
0.985529 0.722047 0.999930 0.639566 
0.984796 0.721249 0.997580 0.633577 
0.984300 0.720705 0.995034 0.627598 
0.984066 0.720382 0.992539 0.621590 
0.984083 0.720160 0.990290 0.615541 
0.984322 0.719902 0.988337 0.609531 
0.984780 0.719498 0.986701 0.603622 
0.985476 0.718974 0.985622 0.597858 
0.986423 0.718452 0.985489 0.592274 
0.987620 0.717953 0.986595 0.586889 
0.989048 0.717377 0.989063 0.581685 
0.990664 0.716616 0.992912 0.576598 
0.992393 0.715603 0.998055 0.571606 
0.994153 0.714353 1.004344 0.566776 
0.995888 0.712979 1.011693 0.562143 
0.997564 0.711650 1.020115 0.557657 
0.999144 0.710528 1.029624 0.553272 
1.000593 0.709641 1.040079 0.548950 
1.001871 0.708901 1.051259 0.544650 
1.002914 0.708337 1.062923 0.540333 
1.003658 0.708082 1.074800 0.535996 
1.004076 0.708237 1.086632 0.531700 
1.004193 0.708850 1.098297 0.527462 
1.004053 0.709894 1.109808 0.523163 
1.003681 0.711269 1.121101 0.518707 
1.003093 0.712821 1.131945 0.514094 
1.002310 0.714349 1.142144 0.509322 
1.001327 0.715778 1.151693 0.504375 
1.000134 0.717186 1.160582 0.499252 
0.998755 0.718552 1.168685 0.493959 
0.997252 0.719733 1.175875 0.488498 
0.995694 0.720591 1.182061 0.482833 
0.994143 0.721039 1.187146 0.476941 
0.992650 0.721074 1.191026 0.470859 
0.991258 0.720762 1.193712 0.464608 
0.989984 0.720209 1.195393 0.458180 
0.988822 0.719551 1.196284 0.451595 
0.987792 0.718829 1.196456 0.444895 
0.986941 0.717956 1.195933 0.438122 
0.986302 0.716936 1.194811 0.431314 
0.985888 0.715912 1.193223 0.424531 
0.985715 0.715039 1.191330 0.417837 
0.985802 0.714440 1.189366 0.411233 
0.986136 0.714150 1.187623 0.404681 
0.986682 0.714105 1.186316 0.398218 
0.987429 0.714173 1.185491 0.391931 
0.988410 0.714186 1.185161 0.385882 
0.989643 0.714100 1.185470 0.380091 
0.991108 0.714018 1.186639 0.374560 
0.992766 0.713979 1.188853 0.369281 
0.994565 0.713913 1.192225 0.364219 
0.996450 0.713718 1.196780 0.359347 
0.998365 0.713301 1.202498 0.354698 
1.000263 0.712642 1.209310 0.350304 
1.002112 0.711815 1.217113 0.346134 
1.003879 0.710966 1.225834 0.342127 
1.005505 0.710282 1.235434 0.338230 
1.006922 0.709845 1.245799 0.334394 
1.008078 0.709586 1.256753 0.330588 
1.008932 0.709490 1.268066 0.326795 
1.009470 0.709645 1.279488 0.323051 
1.009718 0.710147 1.290896 0.319375 
1.009697 0.711080 1.302283 0.315665 
1.009405 0.712463 1.313618 0.311818 
1.008840 0.714224 1.324797 0.307837 
1.007999 0.716217 1.335641 0.303748 
1.006899 0.718237 1.345925 0.299556 
1.005582 0.720183 1.355434 0.295257 
1.004089 0.722108 1.363906 0.290856 
1.002486 0.724011 1.371142 0.286366 
1.000861 0.725736 1.377161 0.281768 
0.999278 0.727107 1.382023 0.277042 
0.997778 0.728003 1.385678 0.272247 
0.996395 0.728391 1.388013 0.267469 
0.995145 0.728326 1.388939 0.262721 
0.994044 0.727953 1.388460 0.257981 
0.993107 0.727461 1.386632 0.253255 
0.992347 0.726916 1.383543 0.248585 
0.991794 0.726207 1.379489 0.244034 
0.991472 0.725259 1.374914 0.239659 
0.991368 0.724204 1.370083 0.235518 
0.991454 0.723286 1.365057 0.231658 
0.991699 0.722714 1.359908 0.228057 
0.992082 0.722589 1.354770 0.224679 
0.992604 0.722908 1.349813 0.221561 
0.993290 0.723527 1.345159 0.218794 
0.994173 0.724180 1.340940 0.216461 
0.995272 0.724719 1.337386 0.214597 
0.996561 0.725239 1.334633 0.213194 
0.997982 0.725894 1.332687 0.212226 
0.999494 0.726666 1.331582 0.211667 
1.001075 0.727404 1.331409 0.211511 
1.002724 0.727963 1.332227 0.211798 
1.004440 0.728270 1.333997 0.212566 
1.006203 0.728327 1.336576 0.213783 
1.007970 0.728243 1.339768 0.215340 
1.009668 0.728256 1.343189 0.217115 
1.011201 0.728554 1.346270 0.219027 
1.012510 0.729118 1.348800 0.221041 
1.013587 0.729791 1.350965 0.223128 
1.014430 0.730563 1.352943 0.225266 
1.015015 0.731628 1.354823 0.227399 
1.015284 0.733193 1.356614 0.229377 
1.015162 0.735395 1.358246 0.231039 
1.014591 0.738290 1.359419 0.232287 
1.013545 0.741813 1.359137 0.233116 
1.012066 0.745721 1.356435 0.233593 
1.010274 0.749740 1.352150 0.233763 
1.008286 0.753735 1.347584 0.233618 
1.006162 0.757764 1.343024 0.233159 
1.003941 0.761854 1.338359 0.232393 
1.001659 0.765854 1.333328 0.231344 
0.999369 0.769581 1.327642 0.230130 
0.997154 0.772898 1.320952 0.228914 
0.995111 0.775713 1.312724 0.227866 
0.993361 0.777973 1.303822 0.227113 
0.991961 0.779762 1.297499 0.226723 
0.990844 0.781228 1.295597 0.226768 
0.989921 0.782439 1.297848 0.227373 
0.989095 0.783473 1.302522 0.228666 
0.988297 0.784479 1.308115 0.230769 
0.987516 0.785707 1.315066 0.233780 
0.986727 0.787461 1.324069 0.237714 
0.985879 0.789956 1.336228 0.242538 
0.984901 0.793294 1.353465 0.248200 
0.983660 0.797491 1.377710 0.254657 
0.982011 0.802412 1.409165 0.261912 
0.979916 0.807884 1.447359 0.269963 
0.977205 0.814144 1.485358 0.278743 
0.973902 0.821350 1.523422 0.288150 
0.970211 0.829396 1.568751 0.298045 
0.966121 0.838233 1.621350 0.308270 
0.961625 0.847654 1.681215 0.318693 
0.956737 0.857382 1.748169 0.329210 
0.951486 0.867138 1.821599 0.339745 
0.945944 0.876695 1.900450 0.350227 
0.940222 0.885968 1.983606 0.360566 
0.934212 0.895225 2.062844 0.370652 
0.928264 0.904192 2.147564 0.380385 
0.922698 0.912484 2.247063 0.389690 
0.917319 0.920168 2.353113 0.398511 
0.912153 0.927118 2.464907 0.406816 
0.907220 0.933269 2.581601 0.414591 
0.902538 0.938628 2.702225 0.421835 
0.898127 0.943264 2.825765 0.428552 
0.894000 0.947293 2.951255 0.434756 
0.890150 0.950834 3.077820 0.440467 
0.886766 0.953769 3.211838 0.445715 
0.883832 0.956145 3.352808 0.450529 
0.881134 0.958204 3.493469 0.454945 
0.878677 0.959988 3.633827 0.459009 
0.876471 0.961544 3.773805 0.462773 
0.874549 0.962927 3.913296 0.466297 
0.872644 0.964120 4.053044 0.469525 
0.870707 0.965162 4.193325 0.472549 
0.868993 0.966125 4.333657 0.475574 
0.867531 0.966978 4.474126 0.478644 
0.866330 0.967788 4.613153 0.481800 
0.865446 0.968656 4.749229 0.485076 
0.865057 0.969658 4.882568 0.488498 
0.865432 0.970902 5.013191 0.492079 
0.866950 0.972536 5.140878 0.495796 
0.862095 0.972340 5.286683 0.495698 
0.856150 0.972512 5.433417 0.496466 
0.856373 0.974615 5.558821 0.502043 
0.857159 0.975807 5.678916 0.507796 
0.859134 0.976941 5.795533 0.513807 
0.863229 0.978877 5.909874 0.519934 
0.870764 0.982115 6.021514 0.526030 
0.883481 0.987212 6.128042 0.531925 
0.903436 0.994911 6.225024 0.536963 
0.457758 0.499778 6.276945 0.539160 
