0.940927 0.928484 -0.134259 0.536307 
0.935365 0.892837 0.565006 0.536943 
0.930722 0.866617 0.661831 0.539574 
0.928193 0.846346 0.769888 0.542731 
0.927505 0.830918 0.880147 0.545579 
0.927975 0.818996 0.993441 0.548185 
0.928980 0.809586 1.112162 0.550915 
0.930396 0.802236 1.235718 0.553874 
0.932485 0.796743 1.362032 0.557100 
0.932449 0.803675 1.495787 0.559962 
0.930876 0.809735 1.626501 0.562617 
0.930491 0.804199 1.748324 0.565599 
0.930321 0.800042 1.871846 0.568688 
0.930258 0.796968 1.996531 0.571893 
0.930201 0.794744 2.122293 0.575265 
0.930086 0.793201 2.248972 0.578853 
0.929866 0.792227 2.376306 0.582691 
0.929492 0.791738 2.504156 0.586821 
0.928904 0.791670 2.632783 0.591302 
0.928160 0.791541 2.763102 0.596228 
0.927371 0.791355 2.889218 0.601695 
0.926579 0.791505 3.004584 0.607774 
0.925821 0.791875 3.109107 0.614533 
0.925131 0.792348 3.202615 0.622026 
0.924547 0.792786 3.284907 0.630302 
0.924094 0.793013 3.355822 0.639413 
0.923784 0.792838 3.415371 0.649416 
0.923618 0.792103 3.464371 0.660350 
0.923664 0.790618 3.505852 0.672226 
0.924050 0.788172 3.596135 0.685019 
0.924826 0.784687 3.738539 0.698680 
0.925974 0.780211 3.732428 0.713133 
0.927468 0.774816 3.577298 0.728276 
0.929282 0.768494 3.422456 0.744005 
0.931369 0.761125 3.267639 0.760208 
0.933635 0.752661 3.112675 0.776748 
0.935987 0.743242 2.957954 0.793437 
0.938449 0.733021 2.804694 0.810054 
0.941021 0.722196 2.788663 0.826391 
0.943536 0.711165 2.782569 0.842253 
0.945861 0.700294 1.156664 0.857455 
0.947935 0.689766 -0.314797 0.871820 
0.949697 0.679561 -0.135614 0.885201 
0.951068 0.669601 0.048669 0.897449 
0.951954 0.660059 0.238091 0.908431 
0.952353 0.651275 0.432590 0.918018 
0.952353 0.643439 0.630934 0.926130 
0.951976 0.636626 0.679113 0.932757 
0.951273 0.630827 0.655136 0.937945 
0.950389 0.625828 0.706125 0.941761 
0.949418 0.621290 0.748970 0.944302 
0.948382 0.616866 0.784514 0.945679 
0.947299 0.612398 0.813067 0.946010 
0.946215 0.607929 0.834886 0.945474 
0.945244 0.603438 0.850136 0.944243 
0.944473 0.598810 0.858664 0.942441 
0.943935 0.593976 0.860138 0.940215 
0.943737 0.588849 0.856767 0.937803 
0.943915 0.583339 0.852633 0.935412 
0.944352 0.577456 0.849171 0.933161 
0.944947 0.571341 0.845919 0.931141 
0.945666 0.565324 0.842768 0.929434 
0.946492 0.559631 0.839798 0.928116 
0.947395 0.554293 0.836896 0.927159 
0.948272 0.549474 0.833852 0.926451 
0.949017 0.545411 0.830641 0.925981 
0.949634 0.542108 0.827891 0.925850 
0.950111 0.539430 0.826385 0.925996 
0.950371 0.537318 0.825893 0.926227 
0.950396 0.535869 0.825924 0.926440 
0.950208 0.535193 0.826460 0.926566 
0.949797 0.535091 0.827424 0.926509 
0.949135 0.535325 0.828534 0.926151 
0.948212 0.535881 0.829550 0.925415 
0.947082 0.536630 0.830239 0.924303 
0.945860 0.537188 0.830396 0.922803 
0.944604 0.537279 0.830415 0.920800 
0.943269 0.536936 0.830889 0.918233 
0.941790 0.536309 0.831707 0.915191 
0.940120 0.535401 0.832337 0.911764 
0.938233 0.534150 0.832331 0.907986 
0.936159 0.532703 0.831475 0.903866 
0.933973 0.531241 0.829798 0.899407 
0.931756 0.529693 0.827371 0.894624 
0.929558 0.527984 0.824318 0.889546 
0.927405 0.526289 0.820971 0.884233 
0.925315 0.524849 0.817575 0.878822 
0.923318 0.523732 0.814047 0.873441 
0.921444 0.522888 0.810277 0.868074 
0.919745 0.522380 0.806366 0.862661 
0.918302 0.522308 0.802548 0.857158 
0.917161 0.522481 0.798971 0.851578 
0.916330 0.522570 0.795573 0.845996 
0.915824 0.522499 0.792276 0.840522 
0.915689 0.522297 0.789229 0.835245 
0.915959 0.521858 0.786974 0.830219 
0.916599 0.521104 0.786059 0.825404 
0.917537 0.520037 0.786542 0.820715 
0.918725 0.518710 0.788250 0.816212 
0.920113 0.517130 0.790989 0.812012 
0.921612 0.515221 0.794518 0.808211 
0.923147 0.513092 0.798708 0.804841 
0.924666 0.511027 0.803667 0.801861 
0.926109 0.509126 0.809551 0.799180 
0.927390 0.507374 0.816377 0.796719 
0.928410 0.505914 0.823864 0.794405 
0.929102 0.504842 0.831581 0.792232 
0.929443 0.504173 0.839326 0.790308 
0.929402 0.503956 0.847037 0.788599 
0.928958 0.504223 0.854655 0.786973 
0.928154 0.505063 0.862219 0.785275 
0.927040 0.506395 0.869724 0.783365 
0.925642 0.507891 0.876890 0.781170 
0.923996 0.509355 0.883390 0.778680 
0.922139 0.510729 0.889183 0.775869 
0.920085 0.511857 0.894521 0.772722 
0.917830 0.512665 0.899608 0.769221 
0.915366 0.513201 0.904354 0.765292 
0.912728 0.513474 0.908551 0.760956 
0.909994 0.513446 0.912040 0.756311 
0.907233 0.513038 0.914722 0.751394 
0.904504 0.512272 0.916583 0.746197 
0.901852 0.511305 0.917745 0.740740 
0.899304 0.510180 0.918348 0.735043 
0.896880 0.508883 0.918429 0.729162 
0.894617 0.507598 0.917934 0.723172 
0.892576 0.506508 0.916858 0.717185 
0.890828 0.505636 0.915333 0.711339 
0.889430 0.504960 0.913547 0.705642 
0.888424 0.504492 0.911737 0.699934 
0.887816 0.504276 0.910112 0.694123 
0.887578 0.504189 0.908698 0.688296 
0.887699 0.503973 0.907406 0.682564 
0.888193 0.503558 0.906329 0.677028 
0.889079 0.503037 0.905880 0.671741 
0.890353 0.502360 0.906564 0.666706 
0.891973 0.501474 0.908643 0.661850 
0.893862 0.500378 0.912093 0.657058 
0.895928 0.499064 0.916797 0.652343 
0.898062 0.497564 0.922593 0.647849 
0.900171 0.495872 0.929314 0.643664 
0.902208 0.494101 0.936942 0.639752 
0.904144 0.492512 0.945562 0.636050 
0.905950 0.491202 0.955153 0.632461 
0.907585 0.490102 0.965539 0.628896 
0.908991 0.489351 0.976431 0.625297 
0.910100 0.489033 0.987519 0.621689 
0.910866 0.489130 0.998615 0.618199 
0.911291 0.489723 1.009628 0.614785 
0.911422 0.490815 1.020516 0.611233 
0.911316 0.492415 1.031270 0.607380 
0.911013 0.494406 1.041731 0.603185 
0.910538 0.496449 1.051641 0.598612 
0.909876 0.498343 1.060984 0.593650 
0.908980 0.500102 1.069877 0.588310 
0.907814 0.501597 1.078302 0.582617 
0.906386 0.502735 1.086140 0.576587 
0.904754 0.503577 1.093203 0.570189 
0.902995 0.504083 1.099329 0.563476 
0.901175 0.504199 1.104446 0.556554 
0.899345 0.503894 1.108558 0.549465 
0.897534 0.503201 1.111788 0.542208 
0.895745 0.502265 1.114338 0.534835 
0.894001 0.501176 1.116220 0.527404 
0.892368 0.499908 1.117306 0.519996 
0.890932 0.498651 1.117544 0.512704 
0.889777 0.497615 1.117033 0.505640 
0.888962 0.496781 1.116025 0.498886 
0.888519 0.496161 1.114820 0.492328 
0.888457 0.495808 1.113686 0.485810 
0.888767 0.495711 1.112774 0.479341 
0.889442 0.495718 1.112079 0.473052 
0.890514 0.495639 1.111527 0.467032 
0.892018 0.495424 1.111272 0.461344 
0.893955 0.495158 1.111706 0.455983 
0.896281 0.494765 1.113220 0.450891 
0.898900 0.494152 1.116022 0.445970 
0.901700 0.493388 1.120092 0.441137 
0.904581 0.492474 1.125350 0.436477 
0.907452 0.491346 1.131667 0.432102 
0.910263 0.490020 1.138885 0.428051 
0.912996 0.488692 1.146933 0.424265 
0.915606 0.487585 1.155868 0.420648 
0.918038 0.486755 1.165684 0.417081 
0.920208 0.486144 1.176255 0.413504 
0.922013 0.485938 1.187320 0.409925 
0.923401 0.486323 1.198560 0.406415 
0.924386 0.487183 1.209846 0.403027 
0.925012 0.488468 1.221095 0.399602 
0.925354 0.490270 1.232174 0.395982 
0.925460 0.492639 1.243025 0.392087 
0.925318 0.495382 1.253601 0.387868 
0.924915 0.498184 1.263778 0.383308 
0.924200 0.500925 1.273480 0.378440 
0.923134 0.503655 1.282546 0.373296 
0.921769 0.506186 1.290734 0.367892 
0.920207 0.508248 1.297944 0.362226 
0.918551 0.509905 1.304058 0.356293 
0.916872 0.511232 1.308944 0.350205 
0.915181 0.512130 1.312599 0.344077 
0.913480 0.512518 1.315061 0.337945 
0.911783 0.512481 1.316350 0.331812 
0.910097 0.512191 1.316463 0.325734 
0.908495 0.511706 1.315303 0.319774 
0.907103 0.510921 1.312922 0.314013 
0.906017 0.509995 1.309634 0.308557 
0.905276 0.509336 1.305708 0.303481 
0.904859 0.508973 1.301387 0.298778 
0.904727 0.508792 1.296927 0.294326 
0.904893 0.508893 1.292454 0.290004 
0.905375 0.509331 1.288021 0.285823 
0.906208 0.509936 1.283640 0.281924 
0.907488 0.510466 1.279417 0.278402 
0.909264 0.510854 1.275775 0.275279 
0.911483 0.511288 1.273164 0.272519 
0.914042 0.511812 1.271756 0.270017 
0.916820 0.512174 1.271579 0.267642 
0.919728 0.512345 1.272502 0.265361 
0.922729 0.512481 1.274301 0.263292 
0.925799 0.512541 1.276811 0.261592 
0.928965 0.512409 1.279972 0.260329 
0.932251 0.512219 1.283867 0.259359 
0.935555 0.512296 1.288628 0.258496 
0.938706 0.512860 1.294166 0.257626 
0.941561 0.513836 1.300200 0.256706 
0.944034 0.515213 1.306431 0.255760 
0.946117 0.517295 1.312526 0.254891 
0.947852 0.520209 1.318364 0.254132 
0.949292 0.523770 1.324066 0.253336 
0.950493 0.527903 1.329818 0.252242 
0.951387 0.532761 1.335764 0.250572 
0.951788 0.538392 1.341854 0.248255 
0.951571 0.544559 1.347820 0.245395 
0.950730 0.550988 1.353326 0.242122 
0.949343 0.557647 1.358046 0.238533 
0.947547 0.564503 1.361767 0.234679 
0.945468 0.571227 1.364583 0.230547 
0.943187 0.577469 1.366696 0.226109 
0.940721 0.583165 1.368170 0.221440 
0.938018 0.588429 1.368942 0.216728 
0.935049 0.593298 1.368887 0.212257 
0.931900 0.597738 1.367869 0.208314 
0.928731 0.601809 1.365848 0.205093 
0.925671 0.605556 1.363033 0.202718 
0.922788 0.608864 1.360085 0.201311 
0.920099 0.611717 1.357959 0.201013 
0.917586 0.614406 1.357430 0.201979 
0.915219 0.617403 1.359064 0.204383 
0.912981 0.621114 1.363441 0.208321 
0.910901 0.625703 1.371313 0.213819 
0.908968 0.631224 1.381818 0.220883 
0.907130 0.637617 1.394253 0.229461 
0.905318 0.644570 1.409966 0.239492 
0.903433 0.651884 1.430561 0.250929 
0.901403 0.659760 1.457272 0.263695 
0.899167 0.668532 1.490684 0.277664 
0.896679 0.678328 1.531146 0.292671 
0.893916 0.689019 1.579021 0.308499 
0.890874 0.700298 1.634702 0.324935 
0.887221 0.712149 1.691407 0.341811 
0.882924 0.724277 1.749305 0.358963 
0.878244 0.736169 1.815392 0.376247 
0.873153 0.747885 1.889223 0.393530 
0.867673 0.759622 1.969934 0.410668 
0.861837 0.771432 2.056371 0.427504 
0.855677 0.783150 2.147416 0.443899 
0.849221 0.794558 2.242057 0.459724 
0.842493 0.805483 2.339274 0.474882 
0.835168 0.816180 2.430805 0.489317 
0.827732 0.826186 2.525971 0.502993 
0.820655 0.835128 2.633911 0.515900 
0.813615 0.843496 2.746115 0.528050 
0.806661 0.851402 2.861475 0.539458 
0.799833 0.858889 2.979034 0.550141 
0.793165 0.865958 3.098012 0.560130 
0.786686 0.872627 3.217778 0.569463 
0.780430 0.878938 3.337800 0.578195 
0.774444 0.884965 3.457605 0.586399 
0.768211 0.889295 3.577152 0.594150 
0.760862 0.890827 3.689322 0.601522 
0.754243 0.893166 3.808446 0.608633 
0.749186 0.897540 3.941514 0.615620 
0.744409 0.901949 4.073922 0.622566 
0.740065 0.906462 4.205775 0.629513 
0.736398 0.911199 4.337241 0.636483 
0.733763 0.916334 4.468536 0.643469 
0.732640 0.922104 4.599957 0.650407 
0.712563 0.901813 4.576526 0.657143 
0.672757 0.855036 4.393898 0.663585 
0.683933 0.883412 4.725814 0.669254 
0.713675 0.939529 5.211543 0.676590 
0.712186 0.948283 5.330640 0.686169 
0.713638 0.957695 5.446977 0.695527 
0.719805 0.968695 5.561494 0.704394 
0.732743 0.982249 5.674503 0.712252 
0.754774 0.999633 5.787032 0.718090 
0.384187 0.504735 6.063306 0.720343 
0.000000 0.000000 6.283185 0.720343 
0.000000 0.000000 6.283185 0.720343 
