1.000001 0.999999 -1.373025 0.015335 
1.000005 0.999998 -0.905418 0.015335 
1.000010 0.999999 -0.458657 0.015334 
1.000013 0.999999 -0.329982 0.015334 
1.000013 0.999999 -0.409484 0.015334 
1.000012 1.000000 -0.372260 0.015335 
1.000014 1.000000 -0.353622 0.015337 
1.000015 0.999999 -0.123653 0.015336 
1.000013 0.999998 0.154783 0.015336 
1.000013 0.999999 0.080967 0.015336 
1.000013 1.000000 -0.006121 0.015335 
1.000014 1.000000 0.067990 0.015335 
1.000015 1.000000 0.118941 0.015334 
1.000015 1.000000 0.166866 0.015334 
1.000015 1.000000 0.224805 0.015333 
1.000016 1.000000 0.280326 0.015333 
1.000017 1.000000 0.337698 0.015332 
1.000017 1.000001 0.384085 0.015331 
1.000019 1.000001 0.418210 0.015330 
1.000020 1.000000 0.459538 0.015328 
1.000021 1.000000 0.507058 0.015327 
1.000022 1.000000 0.553467 0.015326 
1.000024 0.999999 0.601649 0.015325 
1.000026 0.999999 0.650348 0.015324 
1.000028 0.999998 0.694791 0.015322 
1.000030 0.999997 0.738440 0.015321 
1.000033 0.999996 0.780375 0.015320 
1.000036 0.999994 0.822549 0.015319 
1.000040 0.999991 0.866609 0.015318 
1.000045 0.999988 0.909003 0.015317 
1.000050 0.999983 0.949982 0.015316 
1.000056 0.999978 0.989538 0.015315 
1.000062 0.999972 1.026341 0.015313 
1.000069 0.999965 1.059123 0.015312 
1.000077 0.999957 1.089615 0.015311 
1.000084 0.999948 1.117427 0.015310 
1.000093 0.999939 1.142365 0.015308 
1.000102 0.999929 1.164290 0.015307 
1.000111 0.999918 1.181405 0.015305 
1.000121 0.999907 1.194199 0.015303 
1.000129 0.999896 1.203690 0.015302 
1.000138 0.999885 1.210095 0.015300 
1.000146 0.999875 1.213638 0.015298 
1.000154 0.999865 1.215418 0.015297 
1.000161 0.999856 1.215507 0.015296 
1.000167 0.999848 1.213989 0.015295 
1.000173 0.999841 1.211076 0.015294 
1.000177 0.999836 1.206752 0.015294 
1.000180 0.999831 1.201766 0.015293 
1.000181 0.999828 1.196966 0.015294 
1.000182 0.999826 1.192565 0.015295 
1.000183 0.999826 1.188803 0.015296 
1.000183 0.999825 1.186036 0.015297 
1.000182 0.999825 1.184190 0.015299 
1.000181 0.999826 1.183095 0.015301 
1.000180 0.999827 1.182751 0.015304 
1.000179 0.999827 1.183479 0.015307 
1.000177 0.999828 1.185439 0.015310 
1.000176 0.999828 1.188543 0.015313 
1.000175 0.999827 1.192397 0.015317 
1.000175 0.999826 1.196666 0.015320 
1.000175 0.999825 1.201012 0.015324 
1.000175 0.999824 1.205111 0.015328 
1.000175 0.999823 1.208709 0.015332 
1.000176 0.999822 1.212040 0.015336 
1.000176 0.999820 1.215618 0.015340 
1.000177 0.999818 1.219265 0.015344 
1.000178 0.999816 1.222885 0.015347 
1.000179 0.999815 1.226432 0.015351 
1.000179 0.999815 1.229658 0.015354 
1.000178 0.999816 1.232794 0.015358 
1.000178 0.999817 1.235689 0.015361 
1.000177 0.999818 1.238218 0.015364 
1.000177 0.999819 1.240884 0.015367 
1.000176 0.999821 1.243790 0.015369 
1.000175 0.999823 1.246752 0.015371 
1.000173 0.999825 1.249716 0.015373 
1.000172 0.999828 1.252525 0.015375 
1.000171 0.999830 1.254927 0.015377 
1.000170 0.999831 1.257418 0.015378 
1.000169 0.999832 1.259490 0.015379 
1.000168 0.999833 1.261117 0.015381 
1.000167 0.999834 1.262941 0.015382 
1.000167 0.999835 1.264632 0.015383 
1.000167 0.999836 1.266125 0.015384 
1.000167 0.999836 1.267308 0.015386 
1.000167 0.999836 1.268194 0.015387 
1.000167 0.999836 1.268999 0.015389 
1.000167 0.999836 1.269953 0.015391 
1.000166 0.999836 1.270811 0.015393 
1.000166 0.999837 1.271620 0.015395 
1.000166 0.999838 1.272435 0.015398 
1.000165 0.999839 1.272997 0.015401 
1.000165 0.999840 1.273391 0.015404 
1.000165 0.999840 1.273823 0.015407 
1.000164 0.999840 1.274508 0.015410 
1.000164 0.999840 1.275558 0.015414 
1.000164 0.999841 1.276739 0.015417 
1.000163 0.999841 1.277867 0.015421 
1.000163 0.999840 1.278800 0.015424 
1.000163 0.999840 1.279506 0.015427 
1.000163 0.999840 1.280143 0.015430 
1.000163 0.999839 1.280843 0.015433 
1.000162 0.999839 1.281762 0.015435 
1.000162 0.999838 1.282762 0.015438 
1.000161 0.999838 1.283700 0.015439 
1.000160 0.999838 1.284377 0.015440 
1.000159 0.999838 1.284837 0.015441 
1.000157 0.999840 1.285173 0.015441 
1.000155 0.999843 1.285269 0.015440 
1.000152 0.999847 1.285239 0.015439 
1.000148 0.999851 1.285098 0.015437 
1.000144 0.999857 1.284938 0.015435 
1.000139 0.999862 1.284641 0.015432 
1.000134 0.999868 1.284248 0.015428 
1.000129 0.999875 1.283858 0.015424 
1.000123 0.999882 1.283478 0.015420 
1.000117 0.999890 1.282936 0.015415 
1.000111 0.999898 1.281745 0.015410 
1.000104 0.999906 1.280382 0.015405 
1.000098 0.999913 1.279105 0.015400 
1.000092 0.999920 1.277969 0.015395 
1.000087 0.999926 1.276946 0.015390 
1.000081 0.999932 1.276338 0.015386 
1.000076 0.999937 1.276217 0.015381 
1.000072 0.999942 1.276179 0.015377 
1.000067 0.999947 1.276156 0.015373 
1.000064 0.999950 1.275644 0.015370 
1.000060 0.999953 1.275817 0.015368 
1.000057 0.999956 1.277101 0.015365 
1.000055 0.999957 1.278504 0.015363 
1.000053 0.999959 1.280351 0.015362 
1.000051 0.999960 1.282503 0.015361 
1.000049 0.999961 1.284390 0.015361 
1.000048 0.999961 1.285971 0.015361 
1.000047 0.999961 1.287267 0.015361 
1.000046 0.999962 1.287657 0.015361 
1.000046 0.999961 1.288877 0.015362 
1.000046 0.999961 1.290527 0.015362 
1.000046 0.999960 1.290637 0.015363 
1.000046 0.999959 1.290569 0.015364 
1.000047 0.999959 1.289192 0.015365 
1.000048 0.999958 1.286723 0.015365 
1.000048 0.999957 1.284139 0.015366 
1.000049 0.999956 1.280502 0.015366 
1.000050 0.999955 1.276087 0.015366 
1.000051 0.999954 1.271516 0.015366 
1.000052 0.999953 1.266018 0.015365 
1.000053 0.999953 1.259275 0.015364 
1.000054 0.999952 1.252306 0.015363 
1.000055 0.999952 1.244335 0.015362 
1.000055 0.999951 1.236205 0.015360 
1.000056 0.999950 1.228660 0.015358 
1.000057 0.999949 1.220352 0.015355 
1.000058 0.999948 1.211511 0.015353 
1.000059 0.999947 1.202505 0.015350 
1.000060 0.999946 1.193438 0.015346 
1.000061 0.999945 1.184767 0.015343 
1.000062 0.999943 1.176199 0.015339 
1.000064 0.999942 1.166794 0.015336 
1.000065 0.999940 1.157428 0.015332 
1.000067 0.999937 1.148278 0.015328 
1.000068 0.999935 1.138110 0.015325 
1.000069 0.999932 1.127420 0.015321 
1.000071 0.999930 1.116889 0.015317 
1.000072 0.999929 1.106740 0.015314 
1.000073 0.999927 1.096692 0.015310 
1.000074 0.999926 1.086022 0.015307 
1.000075 0.999925 1.074734 0.015304 
1.000075 0.999923 1.063558 0.015301 
1.000076 0.999922 1.052672 0.015299 
1.000076 0.999922 1.041676 0.015296 
1.000076 0.999922 1.030851 0.015293 
1.000077 0.999922 1.020659 0.015291 
1.000077 0.999923 1.011183 0.015289 
1.000077 0.999923 1.002120 0.015286 
1.000078 0.999924 0.993471 0.015284 
1.000079 0.999924 0.985968 0.015282 
1.000080 0.999924 0.979807 0.015280 
1.000081 0.999924 0.975226 0.015278 
1.000082 0.999924 0.971788 0.015276 
1.000084 0.999924 0.969301 0.015274 
1.000086 0.999923 0.968126 0.015273 
1.000088 0.999923 0.967888 0.015271 
1.000090 0.999922 0.968529 0.015270 
1.000092 0.999921 0.970190 0.015268 
1.000094 0.999920 0.972877 0.015267 
1.000097 0.999919 0.976474 0.015265 
1.000099 0.999918 0.980843 0.015264 
1.000101 0.999917 0.985221 0.015263 
1.000103 0.999915 0.989357 0.015262 
1.000106 0.999913 0.993641 0.015261 
1.000108 0.999912 0.997904 0.015260 
1.000109 0.999910 1.002265 0.015259 
1.000111 0.999908 1.006883 0.015258 
1.000112 0.999906 1.011438 0.015258 
1.000114 0.999904 1.015652 0.015257 
1.000115 0.999902 1.019217 0.015257 
1.000117 0.999900 1.021471 0.015256 
1.000118 0.999896 1.022623 0.015256 
1.000119 0.999893 1.023777 0.015256 
1.000121 0.999889 1.024982 0.015256 
1.000122 0.999886 1.026218 0.015256 
1.000123 0.999883 1.027730 0.015256 
1.000125 0.999880 1.029189 0.015256 
1.000126 0.999878 1.030326 0.015256 
1.000126 0.999875 1.031021 0.015256 
1.000127 0.999873 1.031266 0.015257 
1.000128 0.999871 1.031510 0.015257 
1.000128 0.999869 1.032293 0.015257 
1.000129 0.999868 1.033219 0.015258 
1.000129 0.999867 1.034181 0.015258 
1.000130 0.999868 1.035313 0.015258 
1.000131 0.999869 1.036401 0.015258 
1.000132 0.999869 1.037536 0.015258 
1.000132 0.999869 1.038660 0.015258 
1.000134 0.999869 1.039888 0.015257 
1.000135 0.999869 1.041493 0.015257 
1.000137 0.999870 1.043792 0.015257 
1.000139 0.999869 1.046559 0.015256 
1.000141 0.999869 1.050042 0.015256 
1.000143 0.999868 1.054247 0.015255 
1.000146 0.999867 1.058643 0.015254 
1.000148 0.999865 1.063339 0.015254 
1.000151 0.999864 1.068038 0.015253 
1.000153 0.999862 1.072774 0.015253 
1.000155 0.999861 1.078030 0.015253 
1.000157 0.999859 1.084055 0.015253 
1.000158 0.999857 1.090638 0.015253 
1.000160 0.999856 1.097704 0.015254 
1.000160 0.999855 1.104995 0.015255 
1.000160 0.999854 1.112028 0.015256 
1.000160 0.999854 1.118897 0.015258 
1.000160 0.999854 1.125552 0.015260 
1.000160 0.999854 1.131896 0.015262 
1.000159 0.999853 1.138135 0.015264 
1.000159 0.999853 1.144050 0.015267 
1.000158 0.999852 1.149144 0.015270 
1.000158 0.999852 1.153106 0.015273 
1.000158 0.999851 1.155876 0.015276 
1.000158 0.999851 1.157157 0.015279 
1.000158 0.999849 1.157095 0.015282 
1.000159 0.999848 1.155647 0.015286 
1.000160 0.999847 1.152555 0.015289 
1.000160 0.999846 1.148053 0.015292 
1.000161 0.999844 1.141983 0.015296 
1.000161 0.999844 1.134333 0.015299 
1.000161 0.999843 1.125300 0.015302 
1.000161 0.999843 1.115371 0.015306 
1.000160 0.999844 1.104687 0.015309 
1.000159 0.999846 1.093643 0.015312 
1.000156 0.999850 1.082878 0.015314 
1.000153 0.999855 1.072931 0.015317 
1.000148 0.999860 1.064252 0.015319 
1.000143 0.999867 1.057484 0.015322 
1.000138 0.999874 1.053577 0.015324 
1.000132 0.999882 1.052699 0.015327 
1.000125 0.999890 1.055279 0.015329 
1.000118 0.999899 1.061388 0.015332 
1.000110 0.999909 1.071261 0.015333 
1.000103 0.999919 1.085782 0.015335 
1.000095 0.999929 1.104952 0.015337 
1.000088 0.999938 1.128320 0.015339 
1.000081 0.999947 1.157274 0.015341 
1.000074 0.999955 1.191721 0.015343 
1.000068 0.999962 1.229314 0.015345 
1.000062 0.999969 1.270038 0.015346 
1.000057 0.999975 1.313272 0.015347 
1.000052 0.999980 1.358364 0.015348 
1.000047 0.999985 1.406003 0.015348 
1.000043 0.999988 1.455235 0.015349 
1.000040 0.999991 1.505278 0.015349 
1.000037 0.999994 1.557776 0.015349 
1.000034 0.999995 1.610286 0.015349 
1.000032 0.999996 1.660403 0.015348 
1.000029 0.999997 1.711166 0.015348 
1.000027 0.999998 1.761368 0.015347 
1.000026 0.999999 1.811555 0.015346 
1.000024 1.000000 1.864961 0.015345 
1.000022 1.000000 1.918783 0.015343 
1.000020 1.000000 1.969872 0.015342 
1.000019 1.000000 2.021097 0.015341 
1.000017 1.000000 2.071838 0.015340 
1.000016 1.000000 2.132487 0.015338 
1.000015 1.000000 2.210689 0.015337 
1.000014 1.000000 2.276798 0.015336 
1.000013 1.000000 2.340045 0.015335 
1.000012 1.000000 2.418535 0.015335 
1.000011 1.000000 2.479657 0.015334 
1.000009 1.000001 2.467818 0.015332 
1.000006 1.000000 2.482989 0.015330 
1.000008 0.999998 2.553967 0.015332 
1.000008 0.999997 2.837768 0.015331 
1.000008 0.999997 3.208812 0.015329 
1.000008 0.999999 3.027817 0.015331 
1.000008 1.000002 2.986986 0.015334 
1.000007 0.999999 3.266375 0.015336 
1.000006 0.999998 3.019316 0.015336 
1.000004 1.000000 2.940512 0.015336 
