0.999207 0.996962 -12.810917 0.125599 
0.999048 0.995992 -12.620975 0.126108 
0.998859 0.995607 -12.429304 0.126557 
0.998672 0.995423 -12.225868 0.126896 
0.998687 0.995210 -12.022305 0.127024 
0.998907 0.994926 -11.846260 0.127030 
0.999100 0.994599 -11.688518 0.126983 
0.999171 0.994293 -11.532839 0.126926 
0.999202 0.994084 -11.384542 0.126869 
0.999065 0.994290 -11.258218 0.125772 
0.998901 0.994520 -11.123886 0.124559 
0.998885 0.994436 -10.965938 0.124210 
0.998879 0.994377 -10.810048 0.123813 
0.998884 0.994333 -10.656731 0.123376 
0.998889 0.994308 -10.505791 0.122914 
0.998884 0.994304 -10.355557 0.122438 
0.998872 0.994325 -10.205030 0.121956 
0.998858 0.994371 -10.054041 0.121471 
0.998846 0.994435 -9.902107 0.120987 
0.998844 0.994504 -9.748219 0.120551 
0.998855 0.994575 -9.592434 0.120173 
0.998872 0.994661 -9.442406 0.119827 
0.998895 0.994761 -9.304494 0.119519 
0.998923 0.994870 -9.177969 0.119253 
0.998960 0.994984 -9.062804 0.119033 
0.999013 0.995097 -8.959364 0.118862 
0.999087 0.995202 -8.867908 0.118738 
0.999189 0.995287 -8.788621 0.118664 
0.999325 0.995342 -8.721685 0.118639 
0.999499 0.995353 -8.667210 0.118659 
0.999706 0.995314 -8.717750 0.118721 
0.999943 0.995222 -8.865700 0.118820 
1.000211 0.995080 -9.012094 0.118953 
1.000509 0.994896 -9.159084 0.119120 
1.000837 0.994675 -9.308089 0.119318 
1.001196 0.994415 -9.459764 0.119542 
1.001585 0.994107 -9.614607 0.119789 
1.001997 0.993740 -9.773222 0.120048 
1.002419 0.993313 -9.936312 0.120312 
1.002835 0.992846 -8.465791 0.120574 
1.003230 0.992370 -6.829488 0.120839 
1.003600 0.991917 -6.661141 0.121112 
1.003942 0.991506 -6.488915 0.121395 
1.004254 0.991131 -6.313532 0.121684 
1.004536 0.990779 -5.536462 0.121973 
1.004783 0.990440 -4.905447 0.122258 
1.004986 0.990120 -5.018662 0.122537 
1.005130 0.989843 -5.127751 0.122816 
1.005210 0.989637 -5.232196 0.123106 
1.005230 0.989514 -5.253536 0.123418 
1.005204 0.989470 -5.199922 0.123757 
1.005147 0.989473 -5.157920 0.124120 
1.005072 0.989483 -5.126459 0.124499 
1.004991 0.989485 -5.102836 0.124896 
1.004902 0.989486 -5.084969 0.125320 
1.004805 0.989496 -5.071733 0.125782 
1.004700 0.989517 -5.062406 0.126291 
1.004597 0.989537 -5.056554 0.126850 
1.004507 0.989538 -5.054156 0.127456 
1.004438 0.989517 -5.055729 0.128103 
1.004390 0.989475 -5.061566 0.128790 
1.004360 0.989423 -5.068746 0.129521 
1.004341 0.989377 -5.073513 0.130300 
1.004326 0.989341 -5.075376 0.131129 
1.004313 0.989300 -5.075114 0.132002 
1.004306 0.989243 -5.073414 0.132911 
1.004307 0.989168 -5.071051 0.133843 
1.004317 0.989096 -5.069021 0.134789 
1.004327 0.989057 -5.068226 0.135750 
1.004334 0.989061 -5.067947 0.136726 
1.004335 0.989093 -5.065607 0.137712 
1.004336 0.989127 -5.060315 0.138698 
1.004341 0.989140 -5.053742 0.139669 
1.004356 0.989130 -5.047263 0.140616 
1.004382 0.989110 -5.041407 0.141532 
1.004417 0.989096 -5.036588 0.142414 
1.004458 0.989093 -5.033450 0.143259 
1.004501 0.989083 -5.032198 0.144065 
1.004545 0.989031 -5.031206 0.144826 
1.004593 0.988926 -5.028933 0.145538 
1.004644 0.988786 -5.026140 0.146197 
1.004697 0.988648 -5.024104 0.146805 
1.004748 0.988538 -5.023049 0.147360 
1.004790 0.988452 -5.022838 0.147862 
1.004813 0.988374 -5.023838 0.148310 
1.004817 0.988289 -5.026865 0.148704 
1.004799 0.988186 -5.031594 0.149046 
1.004760 0.988083 -5.035980 0.149342 
1.004697 0.988027 -5.039123 0.149601 
1.004612 0.988057 -5.041952 0.149830 
1.004508 0.988168 -5.044979 0.150029 
1.004388 0.988317 -5.047876 0.150197 
1.004251 0.988457 -5.050671 0.150338 
1.004103 0.988580 -5.053958 0.150461 
1.003954 0.988700 -5.058142 0.150577 
1.003812 0.988834 -5.062921 0.150696 
1.003679 0.988998 -5.067182 0.150822 
1.003557 0.989194 -5.070821 0.150957 
1.003449 0.989396 -5.074693 0.151097 
1.003354 0.989571 -5.078638 0.151241 
1.003272 0.989707 -5.082099 0.151395 
1.003201 0.989819 -5.085041 0.151566 
1.003144 0.989930 -5.087455 0.151758 
1.003098 0.990050 -5.088872 0.151971 
1.003060 0.990171 -5.092924 0.152199 
1.003020 0.990284 -5.099178 0.152436 
1.002973 0.990384 -5.103482 0.152674 
1.002912 0.990477 -5.106321 0.152911 
1.002834 0.990588 -5.107970 0.153146 
1.002739 0.990736 -5.108687 0.153378 
1.002632 0.990917 -5.108898 0.153597 
1.002516 0.991106 -5.108812 0.153791 
1.002389 0.991278 -5.108681 0.153949 
1.002250 0.991427 -5.113532 0.154063 
1.002101 0.991561 -5.117241 0.154128 
1.001942 0.991698 -5.114358 0.154140 
1.001775 0.991846 -5.111439 0.154098 
1.001607 0.992000 -5.109799 0.153999 
1.001444 0.992135 -5.109721 0.153838 
1.001288 0.992234 -5.111084 0.153612 
1.001137 0.992294 -5.113643 0.153318 
1.000987 0.992326 -5.117492 0.152953 
1.000841 0.992340 -5.122941 0.152519 
1.000700 0.992352 -5.126711 0.152017 
1.000567 0.992363 -5.132361 0.151452 
1.000446 0.992365 -5.143923 0.150824 
1.000335 0.992350 -5.157520 0.150140 
1.000229 0.992323 -5.171611 0.149407 
1.000124 0.992311 -5.185179 0.148632 
1.000018 0.992332 -5.197879 0.147821 
0.999912 0.992371 -5.209984 0.146978 
0.999812 0.992416 -5.221738 0.146110 
0.999723 0.992465 -5.234213 0.145227 
0.999649 0.992516 -5.250378 0.144336 
0.999591 0.992571 -5.264887 0.143441 
0.999539 0.992640 -5.272836 0.142549 
0.999491 0.992731 -5.277010 0.141666 
0.999450 0.992842 -5.278171 0.140795 
0.999420 0.992951 -5.276920 0.139937 
0.999402 0.993039 -5.273710 0.139095 
0.999401 0.993109 -5.268962 0.138269 
0.999414 0.993169 -5.263141 0.137457 
0.999439 0.993231 -5.255655 0.136659 
0.999469 0.993296 -5.243989 0.135875 
0.999502 0.993359 -5.229198 0.135107 
0.999539 0.993415 -5.214232 0.134350 
0.999576 0.993457 -5.199421 0.133600 
0.999612 0.993486 -5.184846 0.132851 
0.999643 0.993517 -5.170499 0.132095 
0.999668 0.993560 -5.156652 0.131322 
0.999692 0.993605 -5.143527 0.130527 
0.999716 0.993645 -5.131103 0.129711 
0.999744 0.993662 -5.119868 0.128878 
0.999776 0.993648 -5.109498 0.128026 
0.999805 0.993618 -5.099142 0.127152 
0.999826 0.993584 -5.089454 0.126249 
0.999840 0.993553 -5.081393 0.125316 
0.999855 0.993525 -5.075272 0.124349 
0.999876 0.993482 -5.071249 0.123347 
0.999908 0.993412 -5.069520 0.122316 
0.999950 0.993310 -5.069956 0.121265 
0.999997 0.993179 -5.071927 0.120201 
1.000039 0.993045 -5.074401 0.119127 
1.000071 0.992937 -5.077593 0.118040 
1.000092 0.992854 -5.083110 0.116942 
1.000112 0.992782 -5.091312 0.115834 
1.000135 0.992709 -5.101009 0.114722 
1.000157 0.992633 -5.111021 0.113614 
1.000172 0.992566 -5.120883 0.112519 
1.000181 0.992514 -5.130542 0.111447 
1.000182 0.992482 -5.139927 0.110403 
1.000179 0.992491 -5.149262 0.109384 
1.000177 0.992531 -5.159057 0.108388 
1.000186 0.992568 -5.169209 0.107417 
1.000211 0.992593 -5.178247 0.106477 
1.000247 0.992611 -5.184252 0.105574 
1.000288 0.992634 -5.186722 0.104717 
1.000335 0.992667 -5.186827 0.103912 
1.000394 0.992697 -5.185767 0.103160 
1.000476 0.992709 -5.183601 0.102460 
1.000582 0.992695 -5.179690 0.101810 
1.000711 0.992648 -5.173446 0.101213 
1.000858 0.992579 -5.164396 0.100671 
1.001011 0.992512 -5.152113 0.100184 
1.001159 0.992455 -5.136770 0.099751 
1.001298 0.992408 -5.119608 0.099371 
1.001431 0.992359 -5.101755 0.099037 
1.001567 0.992296 -5.081750 0.098743 
1.001706 0.992220 -5.056273 0.098484 
1.001841 0.992138 -5.023180 0.098257 
1.001959 0.992068 -4.982084 0.098063 
1.002054 0.992024 -4.933306 0.097895 
1.002118 0.991989 -4.877170 0.097748 
1.002156 0.991938 -4.813992 0.097620 
1.002177 0.991864 -4.743833 0.097503 
1.002193 0.991776 -4.665678 0.097391 
1.002205 0.991684 -4.576457 0.097279 
1.002214 0.991596 -4.473748 0.097164 
1.002218 0.991500 -4.360307 0.097047 
1.002220 0.991378 -4.240157 0.096934 
1.002223 0.991219 -4.114574 0.096828 
1.002229 0.991020 -3.983764 0.096732 
1.002241 0.990807 -3.847511 0.096647 
1.002262 0.990611 -3.705434 0.096567 
1.002294 0.990444 -3.557174 0.096494 
1.002332 0.990296 -3.402080 0.096437 
1.002377 0.990145 -3.242360 0.096406 
1.002432 0.989967 -3.085300 0.096412 
1.002492 0.989775 -2.940021 0.096462 
1.002549 0.989606 -2.810181 0.096560 
1.002602 0.989497 -2.694349 0.096700 
1.002655 0.989465 -2.591790 0.096873 
1.002716 0.989491 -2.502457 0.097074 
1.002793 0.989534 -2.426830 0.097309 
1.002887 0.989569 -2.365726 0.097584 
1.002994 0.989592 -2.321117 0.097902 
1.003102 0.989623 -2.294144 0.098263 
1.003199 0.989686 -2.371395 0.098665 
1.003300 0.989775 -2.541935 0.099104 
1.003424 0.989859 -2.708723 0.099575 
1.003577 0.989910 -2.873342 0.100074 
1.003759 0.989920 -3.037425 0.100599 
1.003953 0.989904 -3.202359 0.101145 
1.004139 0.989888 -3.368894 0.101709 
1.004300 0.989889 -3.537333 0.102293 
1.004428 0.989909 -3.707034 0.102897 
1.004537 0.989928 -2.236427 0.103523 
1.004663 0.989904 -0.598182 0.104166 
1.004805 0.989831 -0.430470 0.104827 
1.004937 0.989753 -0.257825 0.105499 
1.005034 0.989715 -0.080414 0.106174 
1.005077 0.989730 0.699736 0.106849 
1.005064 0.989783 1.334376 0.107533 
1.005008 0.989840 1.224689 0.108235 
1.004932 0.989882 1.117907 0.108955 
1.004860 0.989905 1.013645 0.109685 
1.004803 0.989912 0.987806 0.110419 
1.004743 0.989933 1.033535 0.111149 
1.004662 0.989987 1.069182 0.111874 
1.004564 0.990059 1.096061 0.112592 
1.004460 0.990119 1.114716 0.113307 
1.004364 0.990152 1.126196 0.114020 
1.004287 0.990164 1.132003 0.114726 
1.004231 0.990169 1.134017 0.115421 
1.004196 0.990176 1.135666 0.116102 
1.004173 0.990186 1.139863 0.116771 
1.004148 0.990198 1.148112 0.117430 
1.004116 0.990204 1.161659 0.118081 
1.004075 0.990207 1.181046 0.118723 
1.004021 0.990237 1.207175 0.119345 
1.003943 0.990327 1.241881 0.119940 
1.003834 0.990489 1.287047 0.120507 
1.003692 0.990703 1.344094 0.121054 
1.003521 0.990943 1.414135 0.121591 
1.003323 0.991190 1.496804 0.122121 
1.003099 0.991445 1.590746 0.122641 
1.002850 0.991714 1.695417 0.123147 
1.002578 0.992015 1.810997 0.123634 
1.002286 0.992361 1.938057 0.124099 
1.001976 0.992740 2.076924 0.124543 
1.001658 0.993122 2.226752 0.124976 
1.001342 0.993473 2.385746 0.125403 
1.001040 0.993778 2.552010 0.125824 
1.000757 0.994040 2.723740 0.126229 
1.000494 0.994270 2.899604 0.126610 
1.000253 0.994476 3.078992 0.126961 
1.000036 0.994660 3.254319 0.127279 
0.999842 0.994815 3.417703 0.127563 
0.999673 0.994930 3.567891 0.127812 
0.999530 0.994998 3.703367 0.128024 
0.999412 0.995016 3.822849 0.128194 
0.999321 0.994995 3.925640 0.128317 
0.999251 0.994946 4.011512 0.128387 
0.999199 0.994881 4.080427 0.128403 
0.999158 0.994809 4.132382 0.128365 
0.999125 0.994734 4.074529 0.128272 
0.999095 0.994659 3.913563 0.128128 
0.999066 0.994587 3.748892 0.127936 
0.999037 0.994518 3.580500 0.127699 
0.999009 0.994455 3.408663 0.127426 
0.998985 0.994394 3.233806 0.127085 
0.998966 0.994336 3.056500 0.126690 
0.998951 0.994290 2.877658 0.126291 
0.998937 0.994257 2.698226 0.125897 
0.998925 0.994235 4.156804 0.125515 
0.998913 0.994220 5.785901 0.125154 
0.998906 0.994210 5.954241 0.124821 
0.998906 0.994208 6.135910 0.124527 
0.998917 0.994230 6.330275 0.124281 
0.998945 0.994136 6.742897 0.123051 
0.998996 0.994048 7.125614 0.121940 
0.999041 0.994128 7.273345 0.122021 
0.999057 0.994239 7.432835 0.122173 
0.999021 0.994312 7.591982 0.122395 
0.998975 0.994334 7.749393 0.122673 
0.999002 0.994333 7.904316 0.122981 
0.999083 0.994400 8.043661 0.123392 
0.999220 0.994796 8.164898 0.123891 
0.999489 0.995850 8.246584 0.124541 
