1.000000 1.000000 0.000000 0.000000 
1.000001 1.000000 -0.000000 3.141593 
1.000001 1.000000 -0.000000 6.283185 
1.000001 1.000000 -0.000000 6.283185 
1.000002 1.000000 -0.000000 6.283185 
1.000002 1.000000 -0.000001 6.283185 
1.000002 1.000000 -0.000001 6.283185 
1.000001 1.000000 -0.000000 6.283185 
1.000000 1.000000 0.000000 6.283185 
1.000000 1.000000 0.000000 6.283185 
1.000001 1.000000 -0.000000 3.141593 
1.000001 1.000000 -0.000001 0.000000 
1.000001 1.000000 -0.000001 0.000000 
1.000001 1.000000 -0.000000 0.000000 
1.000000 1.000000 -0.000000 0.000000 
1.000002 1.000000 -0.000001 3.141593 
1.000002 1.000000 -0.000001 6.283185 
1.000001 1.000000 -0.000001 3.141593 
1.000002 1.000000 -0.000001 3.141593 
1.000001 1.000000 -0.000000 6.283185 
1.000001 1.000000 -0.000000 6.283185 
1.000001 1.000000 0.000000 3.141593 
1.000000 1.000000 0.000000 0.000000 
1.000000 1.000000 0.000000 0.000000 
1.000000 1.000000 0.000000 0.000000 
1.000000 1.000000 -0.000000 0.000000 
1.000000 1.000001 0.000000 0.000000 
1.000000 1.000000 -0.000000 0.000000 
1.000000 1.000000 -0.000000 0.000000 
1.000000 1.000000 -0.000000 3.141593 
1.000001 1.000000 -0.000000 6.283185 
1.000001 1.000000 0.000001 6.283185 
1.000001 1.000001 0.000001 6.283185 
1.000001 1.000002 0.000000 6.283185 
1.000000 1.000002 0.000000 6.283184 
1.000000 1.000001 0.000001 3.141592 
0.999999 1.000001 0.000001 0.000001 
1.000001 1.000001 0.000001 3.141593 
1.000003 1.000003 0.000000 6.283185 
0.999998 1.000004 0.000001 3.141593 
1.000000 1.000002 0.000000 3.141593 
1.000001 1.000002 0.000001 3.141593 
0.999998 1.000003 0.000001 0.000001 
0.999998 1.000003 0.000002 3.141593 
0.999998 1.000003 0.000002 6.283185 
0.999996 1.000003 0.000003 6.283184 
0.999994 1.000004 0.000006 6.283183 
0.999992 1.000005 0.000008 6.283181 
0.999990 1.000004 0.000010 6.283181 
0.999989 1.000005 0.000010 6.283181 
0.999991 1.000005 0.000008 6.283181 
0.999993 1.000003 0.000006 6.283183 
0.999995 1.000003 0.000005 6.283184 
0.999997 1.000003 0.000003 6.283185 
1.000000 1.000002 0.000001 3.141593 
1.000001 1.000001 0.000001 0.000001 
1.000001 1.000001 0.000001 0.000001 
1.000000 1.000001 0.000001 0.000001 
0.999999 1.000001 0.000000 0.000000 
1.000000 1.000001 0.000000 0.000000 
1.000000 1.000002 0.000001 0.000000 
1.000000 1.000002 0.000001 3.141593 
1.000000 1.000002 0.000000 6.283185 
0.999998 1.000003 0.000002 6.283185 
0.999997 1.000004 0.000003 6.283185 
0.999994 1.000004 0.000004 3.141593 
0.999989 1.000004 0.000007 3.141593 
0.999987 1.000005 0.000010 6.283184 
0.999985 1.000005 0.000011 6.283183 
0.999989 1.000004 0.000010 6.283184 
0.999991 1.000005 0.000009 3.141592 
0.999993 1.000006 0.000008 0.000001 
0.999996 1.000004 0.000006 0.000001 
0.999997 1.000003 0.000004 0.000000 
0.999998 1.000004 0.000002 0.000002 
0.999999 1.000004 0.000002 0.000002 
0.999999 1.000002 0.000002 0.000002 
1.000000 1.000001 0.000001 0.000002 
1.000000 1.000001 0.000000 0.000002 
1.000000 1.000002 0.000001 0.000001 
1.000001 1.000000 0.000001 3.141593 
1.000000 1.000000 0.000002 6.283184 
1.000000 1.000000 0.000002 6.283184 
1.000000 1.000001 0.000002 6.283185 
0.999998 1.000003 0.000002 6.283185 
0.999996 1.000005 0.000003 6.283185 
0.999993 1.000006 0.000006 6.283185 
0.999987 1.000003 0.000009 6.283183 
0.999985 1.000003 0.000010 6.283183 
0.999987 1.000006 0.000008 6.283184 
0.999991 1.000006 0.000006 3.141593 
0.999996 1.000003 0.000005 0.000001 
0.999998 1.000002 0.000004 0.000001 
0.999998 1.000003 0.000002 0.000001 
0.999998 1.000002 0.000002 0.000001 
0.999999 1.000001 0.000003 0.000001 
0.999998 1.000001 0.000002 0.000001 
1.000001 1.000002 0.000002 0.000001 
0.999999 1.000002 0.000001 0.000001 
0.999997 1.000001 -0.000000 0.000000 
1.000000 1.000001 0.000000 0.000000 
1.000000 1.000003 0.000000 0.000001 
0.999999 1.000004 0.000001 0.000001 
0.999998 1.000004 0.000002 0.000001 
0.999998 1.000005 0.000003 0.000001 
0.999995 1.000006 0.000005 0.000002 
0.999992 1.000007 0.000007 0.000002 
0.999989 1.000008 0.000008 0.000003 
0.999987 1.000007 0.000008 0.000002 
0.999986 1.000006 0.000007 0.000002 
0.999988 1.000006 0.000005 0.000001 
0.999994 1.000005 0.000003 0.000001 
0.999997 1.000003 0.000003 0.000002 
0.999997 1.000002 0.000003 0.000002 
0.999997 1.000002 0.000003 0.000002 
0.999997 1.000001 0.000001 0.000001 
0.999998 1.000000 0.000001 0.000001 
0.999998 1.000002 0.000001 0.000002 
1.000000 1.000002 0.000001 0.000001 
1.000000 1.000001 0.000000 0.000001 
1.000001 1.000002 0.000000 3.141593 
1.000001 1.000002 0.000000 6.283185 
1.000001 1.000001 0.000000 6.283185 
0.999999 1.000001 0.000001 6.283185 
0.999999 1.000001 0.000002 3.141592 
0.999998 1.000002 0.000002 0.000000 
0.999998 1.000002 0.000002 3.141593 
0.999999 1.000002 0.000002 6.283185 
0.999999 1.000002 0.000001 6.283185 
1.000000 1.000002 0.000001 3.141592 
1.000000 1.000002 0.000001 0.000000 
0.999999 1.000001 0.000002 0.000000 
0.999998 1.000001 0.000001 3.141593 
0.999999 1.000001 0.000001 6.283185 
1.000000 1.000001 0.000000 6.283185 
1.000000 1.000001 -0.000000 6.283185 
1.000000 1.000001 -0.000000 3.141593 
1.000001 1.000001 -0.000000 0.000000 
1.000001 1.000001 -0.000001 0.000000 
1.000000 1.000001 -0.000001 3.141593 
1.000000 1.000001 -0.000001 3.141593 
1.000000 1.000000 -0.000001 0.000001 
1.000000 1.000001 -0.000000 0.000001 
0.999999 1.000001 -0.000000 0.000001 
0.999998 1.000001 0.000000 0.000001 
0.999999 1.000000 0.000001 0.000001 
0.999998 1.000001 0.000001 0.000001 
0.999998 1.000003 0.000001 0.000001 
0.999998 1.000002 0.000001 0.000000 
0.999999 1.000003 0.000001 0.000000 
0.999999 1.000002 0.000000 0.000001 
1.000000 1.000001 0.000000 3.141594 
1.000000 1.000001 0.000001 3.141593 
1.000001 1.000001 0.000001 0.000001 
1.000001 1.000000 0.000001 0.000000 
1.000000 1.000001 0.000000 0.000000 
1.000001 1.000000 0.000000 3.141593 
1.000001 1.000000 -0.000000 3.141593 
1.000000 1.000001 -0.000000 3.141593 
1.000000 1.000001 -0.000000 3.141593 
1.000000 1.000001 0.000000 3.141593 
1.000000 1.000000 0.000000 6.283185 
0.999999 1.000000 0.000000 3.141593 
0.999999 1.000001 0.000001 3.141592 
0.999999 1.000001 0.000001 6.283184 
0.999997 1.000000 0.000002 6.283184 
0.999996 1.000000 0.000003 6.283184 
0.999998 1.000002 0.000002 3.141592 
0.999998 1.000002 0.000002 3.141593 
0.999997 1.000002 0.000004 3.141593 
0.999996 1.000001 0.000004 3.141593 
0.999996 1.000000 0.000004 3.141594 
0.999995 1.000000 0.000003 0.000001 
0.999995 1.000001 0.000003 0.000001 
0.999997 1.000003 0.000003 0.000001 
1.000000 1.000001 0.000001 3.141593 
1.000000 1.000000 0.000001 6.283185 
1.000000 1.000000 0.000001 3.141593 
1.000000 1.000000 0.000000 0.000000 
1.000001 0.999999 -0.000000 3.141593 
1.000001 1.000000 0.000000 3.141593 
1.000000 1.000000 0.000001 3.141593 
1.000001 1.000000 0.000000 6.283185 
1.000001 1.000001 0.000000 6.283185 
1.000001 1.000001 0.000001 6.283185 
1.000000 1.000001 0.000001 6.283185 
0.999999 1.000001 0.000001 3.141593 
0.999999 1.000001 0.000002 3.141593 
0.999998 1.000001 0.000002 6.283185 
0.999998 1.000000 0.000003 6.283185 
0.999997 1.000000 0.000004 3.141592 
0.999994 1.000003 0.000005 3.141593 
0.999996 1.000004 0.000005 6.283185 
0.999999 1.000002 0.000003 6.283184 
0.999999 1.000002 0.000003 6.283185 
1.000000 1.000001 0.000001 6.283185 
1.000000 1.000000 -0.000000 3.141592 
1.000000 1.000000 -0.000000 0.000000 
1.000001 1.000000 -0.000000 3.141593 
1.000000 1.000000 0.000001 6.283185 
0.999999 1.000000 0.000001 3.141593 
1.000000 1.000000 0.000000 3.141592 
1.000000 1.000000 0.000001 3.141592 
1.000000 1.000000 0.000002 3.141593 
0.999999 1.000002 0.000001 6.283184 
0.999998 1.000003 0.000002 6.283183 
0.999998 1.000002 0.000002 6.283184 
0.999997 1.000002 0.000003 6.283185 
0.999995 1.000001 0.000004 3.141593 
0.999994 1.000000 0.000005 3.141593 
0.999993 1.000000 0.000006 3.141593 
0.999992 1.000002 0.000006 0.000001 
0.999995 1.000003 0.000004 0.000002 
0.999998 1.000003 0.000003 0.000001 
0.999999 1.000003 0.000002 0.000000 
1.000000 1.000002 0.000002 0.000000 
1.000000 1.000001 0.000001 0.000000 
1.000001 1.000000 0.000001 3.141593 
1.000001 1.000000 0.000001 6.283185 
1.000001 1.000000 0.000001 6.283185 
1.000000 1.000000 0.000001 6.283185 
1.000000 1.000000 0.000001 6.283185 
0.999999 1.000001 0.000001 6.283185 
0.999998 1.000002 0.000002 6.283184 
0.999997 1.000002 0.000002 6.283184 
0.999997 1.000003 0.000003 6.283185 
0.999996 1.000003 0.000003 6.283185 
0.999995 1.000003 0.000005 6.283185 
0.999994 1.000003 0.000007 6.283185 
0.999993 1.000004 0.000009 6.283185 
0.999991 1.000004 0.000009 3.141593 
0.999991 1.000004 0.000007 3.141592 
0.999992 1.000003 0.000006 6.283184 
0.999996 1.000003 0.000004 6.283184 
0.999998 1.000002 0.000002 3.141592 
0.999999 1.000001 0.000001 3.141593 
1.000000 1.000000 0.000001 6.283185 
1.000000 1.000000 0.000002 3.141593 
1.000000 1.000000 0.000002 0.000000 
1.000001 1.000001 0.000002 3.141593 
1.000001 1.000002 0.000001 6.283185 
0.999999 1.000003 -0.000001 6.283184 
0.999996 1.000002 -0.000000 6.283184 
0.999997 1.000002 -0.000000 6.283184 
0.999998 1.000003 -0.000001 6.283185 
0.999998 1.000003 0.000001 6.283185 
0.999996 1.000004 0.000003 3.141593 
0.999993 1.000005 0.000006 0.000001 
0.999990 1.000005 0.000007 0.000002 
0.999986 1.000005 0.000008 0.000001 
0.999986 1.000005 0.000009 0.000002 
0.999989 1.000005 0.000008 0.000002 
0.999992 1.000005 0.000007 0.000001 
0.999996 1.000003 0.000006 3.141593 
0.999998 1.000001 0.000005 6.283185 
0.999999 1.000001 0.000003 6.283185 
0.999999 1.000001 0.000002 6.283185 
1.000001 1.000002 0.000003 6.283185 
1.000001 1.000002 0.000002 6.283185 
0.999999 1.000000 0.000002 3.141593 
0.999999 1.000000 0.000002 0.000000 
1.000000 1.000001 0.000001 0.000000 
1.000000 1.000001 0.000001 0.000000 
1.000001 1.000001 0.000001 0.000000 
1.000000 1.000001 0.000001 0.000000 
1.000000 1.000001 0.000000 0.000000 
1.000000 1.000001 -0.000000 0.000000 
1.000000 1.000000 -0.000000 0.000000 
1.000000 1.000001 0.000000 0.000000 
1.000000 1.000002 -0.000000 0.000001 
0.999999 1.000001 -0.000001 0.000001 
1.000000 1.000000 -0.000001 0.000001 
1.000001 1.000001 -0.000001 0.000001 
1.000001 1.000001 -0.000001 0.000001 
1.000000 1.000000 -0.000001 0.000001 
1.000001 1.000000 0.000000 0.000000 
1.000001 0.999999 0.000000 0.000001 
1.000000 0.999999 0.000001 0.000001 
1.000000 1.000000 0.000000 0.000000 
1.000000 1.000000 0.000000 0.000000 
1.000001 1.000000 -0.000000 3.141592 
1.000001 1.000000 -0.000000 3.141592 
1.000001 1.000000 -0.000001 0.000000 
1.000001 1.000001 -0.000001 3.141593 
1.000001 1.000000 -0.000001 6.283185 
1.000001 1.000000 -0.000000 6.283185 
1.000000 1.000000 0.000000 3.141593 
1.000000 1.000000 0.000000 0.000000 
1.000000 1.000000 -0.000000 3.141593 
1.000000 1.000000 -0.000000 3.141593 
1.000000 1.000000 -0.000000 0.000000 
1.000001 1.000000 -0.000001 0.000001 
1.000000 1.000000 -0.000000 0.000000 
1.000000 1.000000 -0.000000 0.000000 
1.000000 1.000000 -0.000000 0.000000 
1.000001 1.000001 -0.000001 0.000001 
1.000001 1.000000 -0.000001 0.000000 
1.000000 1.000000 0.000000 0.000000 
1.000000 1.000000 0.000000 0.000000 
