0.927773 0.933801 -0.008280 0.397162 
0.901661 0.916871 -0.019835 0.397128 
0.886843 0.899174 -0.031674 0.399300 
0.881423 0.880331 -0.041414 0.402144 
0.883215 0.861134 -0.047784 0.404799 
0.889958 0.841827 -0.049924 0.407305 
0.899576 0.822888 -0.047157 0.410016 
0.910113 0.805693 -0.039266 0.413054 
0.919842 0.791945 -0.026751 0.416491 
0.926603 0.783034 -0.010594 0.420077 
0.928441 0.779624 0.007695 0.423572 
0.925077 0.781813 0.026259 0.426999 
0.916970 0.789241 0.043555 0.430496 
0.904062 0.801138 0.057998 0.434070 
0.887346 0.816431 0.068297 0.437635 
0.868901 0.833817 0.074027 0.440934 
0.849787 0.851695 0.075031 0.443792 
0.830645 0.868513 0.071275 0.446426 
0.812455 0.883120 0.063165 0.449261 
0.796437 0.894952 0.051611 0.452583 
0.783621 0.904106 0.037605 0.456442 
0.774689 0.910896 0.021668 0.461143 
0.770275 0.914802 0.004116 0.466820 
0.770810 0.914681 -0.014143 0.473054 
0.776316 0.910021 -0.031707 0.479509 
0.786700 0.901098 -0.047555 0.486363 
0.802013 0.888204 -0.060845 0.494165 
0.821991 0.871702 -0.070196 0.503617 
0.844992 0.852758 -0.073826 0.515220 
0.867921 0.833609 -0.070626 0.528989 
0.887677 0.817079 -0.061092 0.544790 
0.901916 0.805402 -0.046932 0.562410 
0.909039 0.799687 -0.030425 0.581647 
0.908283 0.800275 -0.014064 0.602565 
0.899601 0.807186 -0.000295 0.625443 
0.884156 0.820316 0.008652 0.650632 
0.864025 0.838223 0.010349 0.678028 
0.841951 0.857676 0.002798 0.706835 
0.821357 0.874606 -0.014256 0.736069 
0.805157 0.886012 -0.039650 0.764637 
0.794204 0.891090 -0.071334 0.791492 
0.787444 0.887464 -0.108415 0.815539 
0.775773 0.870019 -0.155544 0.838334 
0.752753 0.835124 -0.211407 0.859856 
0.726304 0.790556 -0.261737 0.877916 
0.706360 0.748989 -0.294926 0.890263 
0.695792 0.716518 -0.309348 0.896249 
0.695436 0.693688 -0.307202 0.897132 
0.714234 0.678478 -0.287771 0.888777 
0.753725 0.671351 -0.251965 0.877219 
0.799078 0.673338 -0.205642 0.869359 
0.833430 0.682483 -0.157648 0.860021 
0.849794 0.696413 -0.114992 0.848144 
0.850346 0.714376 -0.080581 0.834959 
0.839235 0.735178 -0.055584 0.820273 
0.820066 0.757219 -0.040655 0.805730 
0.795817 0.778196 -0.036485 0.793087 
0.769622 0.796349 -0.042597 0.782924 
0.744162 0.811486 -0.058364 0.774439 
0.721622 0.822886 -0.083835 0.767343 
0.703789 0.826994 -0.119144 0.761811 
0.692002 0.818548 -0.163636 0.758016 
0.684708 0.790008 -0.217981 0.759126 
0.677633 0.742951 -0.279557 0.760799 
0.673625 0.691402 -0.331988 0.758351 
0.675974 0.648994 -0.362418 0.759973 
0.677291 0.621010 -0.375768 0.772385 
0.678674 0.605949 -0.372275 0.792794 
0.683035 0.597540 -0.352451 0.810265 
0.695788 0.595464 -0.317047 0.820642 
0.726216 0.606080 -0.263846 0.828833 
0.760738 0.626138 -0.205059 0.835469 
0.781817 0.651633 -0.153458 0.839088 
0.787448 0.682813 -0.112992 0.838619 
0.781434 0.718384 -0.085694 0.835192 
0.768090 0.755117 -0.073280 0.830285 
0.752319 0.788394 -0.075965 0.824614 
0.738954 0.812791 -0.091685 0.818092 
0.731043 0.824088 -0.116393 0.809985 
0.729204 0.820720 -0.145364 0.799774 
0.731828 0.803963 -0.175584 0.786831 
0.736775 0.776193 -0.205800 0.772129 
0.739844 0.736828 -0.237370 0.755771 
0.736031 0.685302 -0.271762 0.736943 
0.723723 0.624920 -0.305088 0.716317 
0.710328 0.572515 -0.325234 0.700265 
0.690453 0.535793 -0.335570 0.696366 
0.674294 0.515384 -0.334054 0.704285 
0.670663 0.517343 -0.311975 0.723672 
0.670432 0.535955 -0.275752 0.740918 
0.684676 0.569339 -0.225313 0.745202 
0.707246 0.613069 -0.169755 0.743170 
0.721054 0.656713 -0.124290 0.735768 
0.722933 0.697089 -0.093032 0.724371 
0.716442 0.732421 -0.075183 0.711508 
0.705311 0.760391 -0.069636 0.698511 
0.692966 0.781343 -0.074501 0.686503 
0.682237 0.795632 -0.088271 0.675137 
0.675558 0.802565 -0.109736 0.665321 
0.674215 0.800899 -0.137297 0.657337 
0.677957 0.788747 -0.168523 0.649446 
0.686234 0.765326 -0.201850 0.640716 
0.697377 0.729437 -0.236720 0.631929 
0.708112 0.679024 -0.273679 0.622484 
0.717021 0.617012 -0.308803 0.611905 
0.722664 0.558661 -0.332162 0.603593 
0.711669 0.505860 -0.350488 0.602492 
0.701927 0.468516 -0.352447 0.614465 
0.703559 0.473900 -0.323008 0.641712 
0.698176 0.503145 -0.283222 0.673364 
0.703177 0.540618 -0.235351 0.695927 
0.720764 0.590136 -0.181137 0.706932 
0.732188 0.641081 -0.138498 0.710075 
0.734535 0.688570 -0.113059 0.708597 
0.732203 0.728645 -0.103825 0.703678 
0.730251 0.757197 -0.107548 0.696527 
0.731394 0.772108 -0.119477 0.687906 
0.736188 0.772562 -0.134652 0.677329 
0.743929 0.761212 -0.150054 0.664679 
0.753005 0.740913 -0.164611 0.650308 
0.761733 0.713072 -0.178084 0.634275 
0.767945 0.678563 -0.191728 0.616369 
0.769181 0.636308 -0.207494 0.596114 
0.762972 0.583632 -0.228348 0.573229 
0.750633 0.522643 -0.252176 0.550362 
0.737693 0.471684 -0.268440 0.532502 
0.717010 0.428513 -0.282345 0.526370 
0.694430 0.403943 -0.285357 0.540428 
0.682756 0.428880 -0.261085 0.571849 
0.676572 0.474705 -0.225734 0.593892 
0.680384 0.525273 -0.183659 0.596038 
0.689785 0.584883 -0.139220 0.590136 
0.692533 0.638271 -0.107700 0.580869 
0.689331 0.681622 -0.090894 0.570654 
0.683773 0.715367 -0.086824 0.559987 
0.679610 0.740070 -0.093539 0.549470 
0.679597 0.755202 -0.108605 0.539394 
0.685383 0.759395 -0.129081 0.529575 
0.697433 0.752447 -0.152225 0.520257 
0.713758 0.734236 -0.175141 0.510672 
0.731920 0.704576 -0.195557 0.499682 
0.750328 0.664203 -0.213476 0.488076 
0.766338 0.613236 -0.229768 0.475196 
0.777419 0.551012 -0.246156 0.461497 
0.783418 0.483053 -0.261131 0.448919 
0.781679 0.426172 -0.270753 0.437386 
0.763878 0.378829 -0.279411 0.440710 
0.742341 0.353917 -0.277507 0.466406 
0.730580 0.381260 -0.254458 0.502173 
0.721184 0.431704 -0.224330 0.531818 
0.722502 0.490546 -0.186640 0.548396 
0.733207 0.563437 -0.146855 0.554831 
0.740547 0.627872 -0.123771 0.552747 
0.747065 0.673735 -0.116955 0.544846 
0.756210 0.700974 -0.120197 0.533147 
0.769104 0.711370 -0.128048 0.519027 
0.784649 0.707523 -0.135873 0.502820 
0.801189 0.693291 -0.141295 0.485274 
0.816598 0.672361 -0.144074 0.467288 
0.829307 0.646668 -0.145116 0.448466 
0.838149 0.616587 -0.145815 0.428175 
0.841599 0.580874 -0.148199 0.406404 
0.839148 0.536327 -0.154510 0.383047 
0.831221 0.479873 -0.166253 0.359117 
0.819516 0.418510 -0.180462 0.339025 
0.802829 0.368221 -0.193849 0.329669 
0.778130 0.334221 -0.206901 0.339338 
0.753566 0.328453 -0.211259 0.364088 
0.737153 0.366654 -0.198607 0.382919 
0.726896 0.423256 -0.176048 0.387157 
0.723441 0.483202 -0.147925 0.384070 
0.723127 0.549999 -0.120163 0.376626 
0.720745 0.608079 -0.104162 0.366893 
0.718364 0.651132 -0.101097 0.356908 
0.719259 0.680501 -0.107597 0.346727 
0.725598 0.696155 -0.120231 0.337422 
0.737736 0.698682 -0.135366 0.328109 
0.755510 0.689457 -0.150252 0.318158 
0.777972 0.669817 -0.162906 0.308492 
0.802763 0.641194 -0.171854 0.297935 
0.827319 0.604594 -0.176662 0.285855 
0.848661 0.560075 -0.178398 0.272887 
0.864558 0.505880 -0.179092 0.257302 
0.873864 0.440540 -0.180571 0.240831 
0.875846 0.376274 -0.181585 0.228012 
0.867143 0.327094 -0.183686 0.223578 
0.846827 0.292521 -0.188437 0.245825 
0.824053 0.286123 -0.186439 0.282881 
0.804218 0.321976 -0.175603 0.313230 
0.789845 0.383039 -0.163022 0.337748 
0.787115 0.459522 -0.145612 0.351891 
0.793018 0.539220 -0.128230 0.354868 
0.802424 0.598678 -0.120543 0.349411 
0.814875 0.633578 -0.119125 0.338633 
0.829561 0.648848 -0.118632 0.323963 
0.845734 0.650342 -0.116334 0.307787 
0.862195 0.642657 -0.111065 0.290407 
0.877753 0.629635 -0.102947 0.271266 
0.891154 0.613293 -0.092971 0.250414 
0.901401 0.594162 -0.082043 0.227711 
0.907062 0.571433 -0.071583 0.203155 
0.906255 0.542174 -0.064030 0.177899 
0.898384 0.502052 -0.062229 0.152501 
0.883809 0.443582 -0.069100 0.130025 
0.865044 0.376913 -0.083222 0.116990 
0.843895 0.328969 -0.101346 0.120906 
0.820348 0.306310 -0.119928 0.144467 
0.797522 0.307358 -0.132723 0.177427 
0.779293 0.340895 -0.137407 0.205252 
0.768623 0.399537 -0.134530 0.216940 
0.765553 0.471291 -0.125000 0.215727 
0.766734 0.546237 -0.116439 0.209882 
0.771284 0.605937 -0.115960 0.201463 
0.779905 0.642861 -0.121860 0.192315 
0.792172 0.660776 -0.129682 0.182729 
0.807135 0.664409 -0.136208 0.172753 
0.823555 0.657015 -0.139923 0.162126 
0.840678 0.641939 -0.140102 0.151350 
0.858054 0.621490 -0.136685 0.140973 
0.874576 0.596923 -0.130376 0.130460 
0.889178 0.568422 -0.122103 0.118870 
0.901384 0.534243 -0.112564 0.106022 
0.909783 0.492162 -0.102641 0.092010 
0.912273 0.438189 -0.094239 0.078056 
0.907317 0.375205 -0.089742 0.069256 
0.893302 0.327802 -0.093255 0.072967 
0.869131 0.311733 -0.106312 0.097971 
0.840731 0.323935 -0.126437 0.144437 
0.821443 0.360846 -0.150306 0.196514 
0.821632 0.414393 -0.170189 0.232113 
0.841609 0.483684 -0.175011 0.242707 
0.870957 0.559997 -0.165122 0.235778 
0.899132 0.617503 -0.150665 0.220630 
0.921537 0.647845 -0.135581 0.203376 
0.936495 0.661225 -0.119615 0.185634 
0.944719 0.666612 -0.102772 0.167685 
0.947735 0.668152 -0.085735 0.149401 
0.946278 0.667215 -0.069923 0.130402 
0.940942 0.664558 -0.056018 0.111051 
0.933314 0.659806 -0.044232 0.090930 
0.923568 0.650610 -0.035865 0.070097 
0.912108 0.634838 -0.031502 0.049501 
0.900363 0.609501 -0.030068 0.030279 
0.888429 0.571290 -0.031973 0.013864 
0.875968 0.521207 -0.036473 3.143511 
0.863423 0.466863 -0.041204 6.280033 
0.850179 0.427592 -0.047778 3.142236 
0.835315 0.422336 -0.058404 0.014248 
0.820541 0.450073 -0.070329 0.033891 
0.810701 0.506264 -0.079811 0.054160 
0.808116 0.588422 -0.085323 0.072624 
0.808401 0.676434 -0.089642 0.087311 
0.810353 0.737320 -0.097397 0.099766 
0.816907 0.757814 -0.106901 0.114414 
0.828824 0.753421 -0.113100 0.132426 
0.843917 0.739167 -0.112698 0.153611 
0.858551 0.720709 -0.105227 0.177380 
0.870062 0.701144 -0.092285 0.202377 
0.877982 0.682553 -0.074787 0.227846 
0.882985 0.666684 -0.052801 0.253037 
0.884346 0.655700 -0.026397 0.277388 
0.880271 0.653912 0.003712 0.300979 
0.868811 0.666327 0.034768 0.323949 
0.849149 0.694069 0.061141 0.346648 
0.823273 0.732795 0.076643 0.369700 
0.795957 0.775504 0.077963 0.392816 
0.772831 0.814646 0.065357 0.415190 
0.758490 0.843573 0.042210 0.436177 
0.754905 0.858979 0.013663 0.454663 
0.761381 0.860500 -0.014848 0.469839 
0.776034 0.849323 -0.038264 0.482584 
0.796335 0.829079 -0.053223 0.493710 
0.819451 0.804742 -0.058452 0.502998 
0.842586 0.780736 -0.054000 0.510443 
0.862965 0.760449 -0.041043 0.516029 
0.877898 0.745987 -0.021662 0.519613 
0.884924 0.738699 0.001689 0.521952 
0.882409 0.738662 0.025764 0.524100 
0.870791 0.744365 0.047474 0.526342 
0.852204 0.754455 0.065266 0.528922 
0.828630 0.768215 0.078104 0.532322 
0.801932 0.784931 0.085265 0.536642 
0.773949 0.803630 0.086485 0.541830 
0.746329 0.823146 0.081504 0.547940 
0.720682 0.843138 0.070118 0.554803 
0.698716 0.863844 0.052026 0.561884 
0.682709 0.883290 0.027107 0.568988 
0.675530 0.897614 -0.003726 0.576914 
0.678347 0.903759 -0.037742 0.585899 
0.690144 0.900589 -0.071399 0.595078 
0.710744 0.888697 -0.101935 0.604140 
0.740630 0.869902 -0.127030 0.613138 
0.779469 0.847226 -0.144390 0.621761 
0.826119 0.824738 -0.152143 0.629616 
0.879418 0.807256 -0.149220 0.635700 
0.907647 0.800394 -0.145007 0.638093 
0.907647 0.800394 -0.145007 0.638093 
0.907647 0.800394 -0.145007 0.638093 
0.907647 0.800394 -0.145007 0.638093 
