0.999651 0.999931 -14.490644 0.021881 
0.999540 0.999915 -14.294511 0.021884 
0.999509 0.999891 -14.100030 0.021893 
0.999516 0.999859 -13.918806 0.021925 
0.999516 0.999849 -13.685147 0.021907 
0.999508 0.999883 -13.486614 0.021890 
0.999495 0.999909 -13.318485 0.021876 
0.999479 0.999904 -13.123569 0.021861 
0.999469 0.999898 -12.937733 0.021882 
0.999452 0.999895 -14.288864 0.021696 
0.999434 0.999894 -14.168976 0.021459 
0.999426 0.999896 -12.508550 0.021373 
0.999420 0.999898 -12.325222 0.021278 
0.999415 0.999903 -12.144468 0.021173 
0.999412 0.999909 -11.969458 0.021061 
0.999412 0.999914 -11.798855 0.020942 
0.999415 0.999917 -11.631588 0.020818 
0.999423 0.999921 -11.468962 0.020689 
0.999436 0.999925 -11.160889 0.020555 
0.999455 0.999931 -10.943071 0.020423 
0.999480 0.999937 -10.879314 0.020297 
0.999512 0.999943 -10.736261 0.020174 
0.999551 0.999948 -10.597878 0.020055 
0.999599 0.999950 -10.463062 0.019941 
0.999657 0.999948 -10.333778 0.019834 
0.999726 0.999939 -10.209457 0.019735 
0.999807 0.999924 -10.089260 0.019643 
0.999902 0.999900 -9.972546 0.019559 
1.000011 0.999863 -9.859090 0.019483 
1.000136 0.999812 -9.748354 0.019412 
1.000275 0.999744 -9.641854 0.019347 
1.000428 0.999659 -9.535475 0.019287 
1.000591 0.999559 -9.430328 0.019232 
1.000763 0.999444 -9.330616 0.019183 
1.000944 0.999319 -9.233400 0.019138 
1.001132 0.999183 -9.138442 0.019099 
1.001327 0.999035 -9.045797 0.019062 
1.001528 0.998875 -8.956191 0.019027 
1.001729 0.998704 -8.870554 0.018992 
1.001925 0.998527 -8.789749 0.018959 
1.002113 0.998348 -8.712734 0.018931 
1.002289 0.998175 -8.641626 0.018910 
1.002451 0.998015 -8.577497 0.018899 
1.002599 0.997870 -8.518092 0.018897 
1.002735 0.997740 -8.463797 0.018905 
1.002856 0.997623 -8.414919 0.018922 
1.002959 0.997522 -8.371848 0.018948 
1.003040 0.997439 -8.334695 0.018989 
1.003099 0.997376 -8.303069 0.019048 
1.003138 0.997332 -8.276317 0.019130 
1.003158 0.997310 -8.254199 0.019233 
1.003166 0.997306 -8.236185 0.019356 
1.003164 0.997316 -8.221817 0.019496 
1.003157 0.997333 -8.211114 0.019649 
1.003145 0.997353 -8.203323 0.019818 
1.003127 0.997374 -8.197491 0.020003 
1.003106 0.997393 -8.193028 0.020208 
1.003082 0.997408 -8.189543 0.020431 
1.003059 0.997420 -8.186687 0.020667 
1.003039 0.997432 -8.184189 0.020914 
1.003022 0.997443 -8.181913 0.021167 
1.003011 0.997452 -8.179898 0.021425 
1.003003 0.997455 -8.177799 0.021688 
1.003000 0.997449 -8.174660 0.021958 
1.002999 0.997434 -8.170250 0.022233 
1.003001 0.997412 -8.165315 0.022512 
1.003005 0.997384 -8.160376 0.022789 
1.003013 0.997359 -8.155464 0.023061 
1.003022 0.997339 -8.150497 0.023329 
1.003034 0.997319 -8.145521 0.023591 
1.003046 0.997297 -8.140569 0.023850 
1.003059 0.997271 -8.135456 0.024104 
1.003073 0.997242 -8.130121 0.024352 
1.003087 0.997213 -8.125132 0.024594 
1.003102 0.997185 -8.121074 0.024825 
1.003118 0.997162 -8.117895 0.025046 
1.003134 0.997140 -8.115343 0.025255 
1.003150 0.997113 -8.113356 0.025453 
1.003163 0.997078 -8.111960 0.025640 
1.003175 0.997037 -8.111090 0.025816 
1.003185 0.996998 -8.110714 0.025982 
1.003193 0.996967 -8.110981 0.026136 
1.003199 0.996949 -8.112000 0.026277 
1.003204 0.996940 -8.113754 0.026405 
1.003206 0.996933 -8.116192 0.026519 
1.003204 0.996925 -8.119100 0.026619 
1.003197 0.996914 -8.122007 0.026707 
1.003186 0.996909 -8.124461 0.026784 
1.003169 0.996918 -8.126209 0.026853 
1.003148 0.996948 -8.127238 0.026913 
1.003123 0.996997 -8.127598 0.026963 
1.003093 0.997057 -8.127344 0.027002 
1.003060 0.997118 -8.126801 0.027030 
1.003024 0.997173 -8.126360 0.027049 
1.002988 0.997223 -8.125761 0.027059 
1.002953 0.997273 -8.124475 0.027064 
1.002917 0.997328 -8.122447 0.027065 
1.002880 0.997387 -8.119884 0.027059 
1.002842 0.997451 -8.116898 0.027047 
1.002801 0.997517 -8.113416 0.027026 
1.002758 0.997580 -8.109421 0.026997 
1.002714 0.997635 -8.105244 0.026960 
1.002671 0.997682 -8.101444 0.026918 
1.002629 0.997722 -8.097612 0.026870 
1.002584 0.997760 -8.092492 0.026817 
1.002532 0.997799 -8.085479 0.026757 
1.002471 0.997842 -8.076599 0.026690 
1.002400 0.997896 -8.065975 0.026616 
1.002321 0.997961 -8.053875 0.026534 
1.002234 0.998034 -8.041248 0.026445 
1.002144 0.998107 -8.028761 0.026348 
1.002050 0.998178 -8.016175 0.026243 
1.001953 0.998246 -8.001692 0.026131 
1.001848 0.998317 -7.983118 0.026009 
1.001735 0.998397 -7.960482 0.025879 
1.001613 0.998490 -7.934846 0.025742 
1.001486 0.998596 -7.907146 0.025597 
1.001355 0.998710 -7.878217 0.025445 
1.001222 0.998824 -7.850140 0.025286 
1.001090 0.998935 -7.820848 0.025121 
1.000959 0.999041 -7.786824 0.024949 
1.000828 0.999146 -7.755029 0.024771 
1.000696 0.999254 -7.732709 0.024589 
1.000564 0.999369 -7.721098 0.024401 
1.000432 0.999489 -7.721156 0.024210 
1.000303 0.999612 -7.733126 0.024016 
1.000179 0.999733 -7.756550 0.023819 
1.000062 0.999851 -7.791838 0.023622 
0.999953 0.999966 -7.833017 0.023425 
0.999851 1.000076 -7.877901 0.023228 
0.999756 1.000183 -8.023462 0.023033 
0.999668 1.000290 -8.262423 0.022840 
0.999585 1.000397 -8.495141 0.022651 
0.999507 1.000502 -8.721675 0.022465 
0.999435 1.000603 -8.941868 0.022284 
0.999370 1.000698 -9.155218 0.022107 
0.999312 1.000785 -9.361176 0.021936 
0.999261 1.000861 -9.557409 0.021769 
0.999214 1.000926 -9.752489 0.021606 
0.999169 1.000984 -8.304010 0.021446 
0.999125 1.001034 -6.672040 0.021289 
0.999080 1.001075 -6.495257 0.021136 
0.999035 1.001106 -6.299486 0.020985 
0.998988 1.001128 -6.085159 0.020838 
0.998941 1.001139 -5.254221 0.020692 
0.998893 1.001139 -4.554897 0.020547 
0.998843 1.001128 -4.585495 0.020402 
0.998789 1.001111 -4.613042 0.020256 
0.998730 1.001089 -4.610507 0.020105 
0.998668 1.001061 -4.500234 0.019952 
0.998606 1.001029 -4.318292 0.019794 
0.998542 1.000995 -4.136246 0.019631 
0.998478 1.000960 -3.954247 0.019464 
0.998413 1.000925 -3.772326 0.019291 
0.998349 1.000890 -3.590316 0.019112 
0.998287 1.000858 -3.408112 0.018926 
0.998229 1.000831 -3.226000 0.018733 
0.998177 1.000808 -3.037734 0.018532 
0.998132 1.000791 -2.858629 0.018324 
0.998097 1.000782 -2.703117 0.018107 
0.998067 1.000780 -2.563589 0.017882 
0.998037 1.000785 -2.439842 0.017651 
0.998007 1.000797 -2.331880 0.017414 
0.997984 1.000813 -2.239741 0.017173 
0.997973 1.000835 -2.163442 0.016927 
0.997971 1.000863 -2.103034 0.016676 
0.997976 1.000896 -2.059077 0.016421 
0.997984 1.000935 -2.124937 0.016162 
0.997992 1.000978 -2.292618 0.015903 
0.997995 1.001024 -2.461356 0.015646 
0.997993 1.001070 -2.631262 0.015392 
0.997990 1.001117 -2.802248 0.015144 
0.997998 1.001166 -2.973995 0.014900 
0.998011 1.001216 -3.146080 0.014659 
0.998019 1.001269 -3.318249 0.014423 
0.998018 1.001324 -3.490516 0.014194 
0.998005 1.001380 -2.024168 0.013974 
0.997981 1.001437 -0.385840 0.013764 
0.997948 1.001493 -0.206556 0.013567 
0.997909 1.001551 -0.011915 0.013382 
0.997867 1.001610 0.198147 0.013208 
0.997824 1.001673 1.022125 0.013043 
0.997772 1.001736 1.712112 0.012888 
0.997710 1.001798 1.669795 0.012744 
0.997644 1.001855 1.643343 0.012610 
0.997578 1.001907 1.632987 0.012486 
0.997514 1.001955 1.717122 0.012371 
0.997454 1.002000 1.888322 0.012263 
0.997397 1.002044 2.060664 0.012159 
0.997343 1.002086 2.233820 0.012060 
0.997289 1.002125 2.407660 0.011965 
0.997234 1.002156 2.582272 0.011875 
0.997179 1.002179 2.757903 0.011790 
0.997126 1.002198 2.934628 0.011712 
0.997073 1.002217 3.111775 0.011638 
0.997021 1.002239 3.288227 0.011566 
0.996974 1.002263 3.463196 0.011496 
0.996934 1.002288 3.636460 0.011427 
0.996897 1.002313 3.801089 0.011359 
0.996856 1.002337 3.950285 0.011295 
0.996810 1.002362 4.084402 0.011237 
0.996760 1.002392 4.203647 0.011187 
0.996710 1.002431 4.307420 0.011144 
0.996666 1.002481 4.394323 0.011105 
0.996637 1.002536 4.463645 0.011069 
0.996619 1.002593 4.515893 0.011037 
0.996608 1.002648 4.552013 0.011011 
0.996594 1.002704 4.480190 0.010995 
0.996577 1.002760 4.308150 0.010990 
0.996564 1.002822 4.136115 0.010996 
0.996563 1.002890 3.963865 0.011010 
0.996583 1.002963 3.790544 0.011029 
0.996625 1.003037 3.615767 0.011048 
0.996680 1.003108 3.440262 0.011069 
0.996733 1.003176 3.265253 0.011093 
0.996779 1.003241 3.091634 0.011122 
0.996816 1.003303 4.558336 0.011158 
0.996846 1.003364 6.198110 0.011202 
0.996874 1.003428 6.379235 0.011253 
0.996902 1.003492 6.575139 0.011309 
0.996926 1.003553 6.785330 0.011369 
0.996942 1.003608 7.609038 0.011433 
0.996945 1.003652 8.299236 0.011502 
0.996936 1.003684 8.258035 0.011579 
0.996923 1.003703 8.233547 0.011665 
0.996908 1.003712 8.225554 0.011762 
0.996890 1.003714 8.311802 0.011872 
0.996872 1.003712 8.484147 0.011994 
0.996852 1.003703 8.656496 0.012129 
0.996834 1.003684 8.829720 0.012275 
0.996819 1.003653 9.005032 0.012432 
0.996812 1.003612 9.182139 0.012602 
0.996815 1.003562 9.359956 0.012787 
0.996830 1.003510 9.537789 0.012990 
0.996852 1.003460 9.715162 0.013209 
0.996878 1.003417 9.891555 0.013441 
0.996911 1.003381 10.059464 0.013681 
0.996953 1.003349 10.212043 0.013925 
0.997003 1.003322 10.350355 0.014173 
0.997058 1.003303 10.474465 0.014423 
0.997114 1.003295 10.582508 0.014673 
0.997169 1.003299 10.673194 0.014923 
0.997223 1.003313 10.746697 0.015169 
0.997272 1.003338 10.803329 0.015406 
0.997319 1.003368 10.843286 0.015629 
0.997366 1.003400 10.774302 0.015836 
0.997411 1.003431 10.604332 0.016029 
0.997454 1.003461 10.434670 0.016208 
0.997490 1.003490 10.265687 0.016371 
0.997524 1.003517 10.096012 0.016515 
0.997559 1.003537 9.925445 0.016637 
0.997598 1.003543 9.748011 0.016737 
0.997640 1.003535 9.557580 0.016815 
0.997682 1.003513 9.354914 0.016876 
0.997721 1.003476 10.807680 0.016923 
0.997753 1.003428 12.456383 0.016960 
0.997776 1.003372 12.649408 0.016987 
0.997791 1.003312 12.860201 0.017005 
0.997800 1.003246 13.086057 0.017015 
0.997809 1.003171 13.925149 0.017017 
0.997817 1.003088 14.616320 0.017015 
0.997820 1.002997 14.561629 0.017013 
0.997816 1.002903 14.523377 0.017014 
0.997803 1.002810 14.558369 0.017017 
0.997782 1.002718 14.701785 0.017022 
0.997754 1.002632 14.888563 0.017027 
0.997723 1.002551 15.074016 0.017032 
0.997693 1.002473 15.256818 0.017036 
0.997667 1.002397 15.437594 0.017040 
0.997645 1.002321 15.617133 0.017043 
0.997626 1.002251 15.795424 0.017045 
0.997613 1.002186 15.972178 0.017045 
0.997605 1.002129 16.147055 0.017041 
0.997604 1.002081 16.291187 0.017030 
0.997613 1.002042 16.397142 0.017013 
0.997632 1.002011 16.486189 0.016987 
0.997662 1.001987 16.558666 0.016953 
0.997703 1.001971 16.615221 0.016911 
0.997753 1.001962 16.656324 0.016862 
0.997808 1.001962 16.589565 0.016806 
0.997868 1.001967 16.422363 0.016739 
0.997931 1.001979 16.254581 0.016665 
0.997991 1.002006 16.085991 0.016587 
0.998050 1.002051 15.916468 0.016507 
0.998107 1.002112 15.746075 0.016425 
0.998161 1.002187 15.575042 0.016344 
0.998211 1.002275 15.403742 0.016262 
0.998257 1.002368 15.232726 0.016183 
0.998295 1.002465 16.701035 0.016107 
0.998415 1.002404 18.654295 0.015935 
0.998501 1.002383 19.134119 0.015780 
0.998473 1.002583 19.291691 0.015745 
0.998456 1.002824 19.445066 0.015697 
0.998453 1.003060 19.597206 0.015663 
0.998451 1.003271 19.750822 0.015636 
0.998448 1.003451 19.908665 0.015596 
0.998436 1.003546 20.074450 0.015584 
0.998383 1.003599 20.249193 0.015554 
0.998282 1.003631 20.433031 0.015542 
