0.999999 1.000002 -0.000001 0.015336 
1.000000 1.000002 -0.000001 0.015336 
1.000002 1.000003 -0.000001 0.015336 
1.000002 1.000003 -0.000001 0.015335 
1.000004 1.000002 -0.000001 0.015335 
1.000004 1.000003 -0.000000 0.015336 
1.000003 1.000003 -0.000002 0.015336 
1.000005 1.000002 -0.000002 0.015336 
1.000006 1.000001 -0.000001 0.015335 
1.000007 1.000002 0.000001 0.015335 
1.000007 1.000003 -0.000001 0.015336 
1.000005 1.000003 -0.000003 0.015337 
1.000004 1.000002 -0.000001 0.015336 
1.000005 1.000002 -0.000000 0.015337 
1.000006 1.000002 -0.000001 0.015338 
1.000006 1.000002 -0.000001 0.015338 
1.000007 1.000002 0.000000 0.015338 
1.000006 1.000001 0.000001 0.015338 
1.000004 1.000002 0.000002 0.015337 
1.000005 1.000003 0.000002 0.015336 
1.000007 1.000003 0.000002 0.015337 
1.000005 1.000004 0.000001 0.015336 
1.000005 1.000004 0.000001 0.015335 
1.000004 1.000004 0.000002 0.015334 
1.000005 1.000004 0.000002 0.015333 
1.000006 1.000002 0.000002 0.015332 
1.000007 1.000001 0.000002 0.015330 
1.000008 1.000000 0.000002 0.015329 
1.000008 1.000002 0.000002 0.015330 
1.000009 1.000006 0.000004 0.015330 
1.000009 1.000007 0.000006 0.015330 
1.000007 1.000009 0.000008 0.015330 
1.000005 1.000011 0.000009 0.015329 
1.000003 1.000011 0.000008 0.015329 
1.000000 1.000013 0.000006 0.015330 
0.999998 1.000015 0.000004 0.015330 
0.999999 1.000016 0.000002 0.015331 
0.999998 1.000015 -0.000001 0.015332 
0.999992 1.000018 -0.000000 0.015331 
0.999990 1.000021 0.000002 0.015332 
0.999987 1.000021 0.000002 0.015333 
0.999984 1.000022 0.000005 0.015332 
0.999985 1.000028 0.000014 0.015332 
0.999979 1.000034 0.000022 0.015330 
0.999968 1.000041 0.000033 0.015327 
0.999954 1.000046 0.000048 0.015323 
0.999938 1.000049 0.000065 0.015316 
0.999926 1.000050 0.000081 0.015307 
0.999920 1.000050 0.000090 0.015299 
0.999921 1.000046 0.000088 0.015299 
0.999935 1.000039 0.000077 0.015305 
0.999953 1.000033 0.000064 0.015313 
0.999967 1.000027 0.000052 0.015321 
0.999976 1.000022 0.000043 0.015327 
0.999979 1.000019 0.000036 0.015332 
0.999983 1.000018 0.000030 0.015334 
0.999983 1.000020 0.000025 0.015336 
0.999981 1.000021 0.000019 0.015337 
0.999984 1.000021 0.000013 0.015338 
0.999983 1.000021 0.000009 0.015338 
0.999985 1.000024 0.000008 0.015337 
0.999990 1.000027 0.000008 0.015336 
0.999989 1.000029 0.000008 0.015334 
0.999985 1.000033 0.000013 0.015331 
0.999976 1.000037 0.000025 0.015331 
0.999958 1.000038 0.000039 0.015332 
0.999933 1.000042 0.000060 0.015332 
0.999910 1.000048 0.000079 0.015326 
0.999896 1.000052 0.000088 0.015323 
0.999896 1.000054 0.000087 0.015326 
0.999908 1.000055 0.000077 0.015331 
0.999929 1.000052 0.000065 0.015339 
0.999948 1.000045 0.000055 0.015347 
0.999962 1.000038 0.000044 0.015351 
0.999973 1.000034 0.000036 0.015355 
0.999979 1.000029 0.000029 0.015356 
0.999983 1.000024 0.000020 0.015355 
0.999985 1.000021 0.000013 0.015352 
0.999987 1.000022 0.000010 0.015350 
0.999994 1.000021 0.000009 0.015347 
0.999994 1.000017 0.000007 0.015343 
0.999990 1.000016 0.000009 0.015340 
0.999989 1.000017 0.000012 0.015339 
0.999987 1.000025 0.000017 0.015337 
0.999975 1.000037 0.000026 0.015336 
0.999959 1.000043 0.000037 0.015335 
0.999939 1.000047 0.000050 0.015332 
0.999915 1.000050 0.000064 0.015328 
0.999900 1.000055 0.000069 0.015326 
0.999902 1.000059 0.000065 0.015331 
0.999917 1.000058 0.000054 0.015339 
0.999939 1.000052 0.000042 0.015347 
0.999960 1.000044 0.000033 0.015351 
0.999973 1.000035 0.000026 0.015352 
0.999980 1.000029 0.000021 0.015352 
0.999982 1.000024 0.000020 0.015353 
0.999983 1.000021 0.000016 0.015352 
0.999986 1.000021 0.000014 0.015353 
0.999988 1.000020 0.000012 0.015354 
0.999988 1.000018 0.000009 0.015352 
0.999990 1.000021 0.000010 0.015352 
0.999991 1.000024 0.000011 0.015353 
0.999985 1.000030 0.000016 0.015353 
0.999977 1.000040 0.000023 0.015352 
0.999963 1.000046 0.000028 0.015354 
0.999943 1.000050 0.000037 0.015356 
0.999920 1.000054 0.000050 0.015357 
0.999901 1.000058 0.000060 0.015359 
0.999893 1.000058 0.000062 0.015362 
0.999902 1.000057 0.000054 0.015367 
0.999925 1.000053 0.000044 0.015371 
0.999946 1.000047 0.000037 0.015374 
0.999961 1.000040 0.000032 0.015373 
0.999972 1.000033 0.000028 0.015370 
0.999975 1.000029 0.000024 0.015367 
0.999975 1.000026 0.000019 0.015365 
0.999981 1.000023 0.000013 0.015359 
0.999985 1.000021 0.000009 0.015353 
0.999988 1.000016 0.000007 0.015347 
0.999992 1.000016 0.000009 0.015342 
0.999995 1.000019 0.000009 0.015339 
0.999994 1.000021 0.000008 0.015339 
0.999994 1.000020 0.000010 0.015338 
0.999991 1.000020 0.000013 0.015337 
0.999985 1.000017 0.000015 0.015336 
0.999980 1.000019 0.000016 0.015335 
0.999976 1.000021 0.000017 0.015335 
0.999975 1.000020 0.000017 0.015335 
0.999979 1.000020 0.000015 0.015336 
0.999986 1.000018 0.000011 0.015338 
0.999989 1.000015 0.000011 0.015340 
0.999993 1.000014 0.000010 0.015339 
0.999994 1.000015 0.000008 0.015339 
0.999994 1.000015 0.000006 0.015338 
0.999999 1.000013 0.000006 0.015339 
1.000001 1.000010 0.000004 0.015339 
0.999998 1.000010 0.000004 0.015339 
0.999998 1.000012 0.000004 0.015341 
0.999998 1.000014 0.000002 0.015341 
0.999998 1.000013 0.000001 0.015341 
0.999996 1.000012 0.000001 0.015343 
0.999996 1.000015 0.000005 0.015343 
0.999995 1.000015 0.000006 0.015343 
0.999988 1.000014 0.000006 0.015343 
0.999985 1.000019 0.000009 0.015344 
0.999979 1.000024 0.000012 0.015345 
0.999970 1.000025 0.000014 0.015346 
0.999970 1.000025 0.000016 0.015346 
0.999972 1.000024 0.000017 0.015347 
0.999977 1.000022 0.000017 0.015346 
0.999979 1.000021 0.000017 0.015344 
0.999982 1.000019 0.000021 0.015345 
0.999985 1.000017 0.000019 0.015344 
0.999988 1.000017 0.000016 0.015341 
0.999992 1.000014 0.000015 0.015337 
0.999995 1.000012 0.000013 0.015337 
0.999997 1.000015 0.000013 0.015339 
0.999996 1.000015 0.000009 0.015338 
0.999997 1.000013 0.000006 0.015337 
0.999999 1.000014 0.000008 0.015336 
0.999998 1.000014 0.000009 0.015335 
0.999998 1.000014 0.000010 0.015333 
0.999996 1.000013 0.000010 0.015331 
0.999990 1.000015 0.000013 0.015329 
0.999986 1.000017 0.000016 0.015328 
0.999982 1.000016 0.000018 0.015327 
0.999978 1.000015 0.000023 0.015327 
0.999976 1.000016 0.000026 0.015326 
0.999977 1.000019 0.000028 0.015325 
0.999976 1.000018 0.000035 0.015325 
0.999968 1.000014 0.000042 0.015326 
0.999963 1.000014 0.000044 0.015329 
0.999967 1.000015 0.000040 0.015332 
0.999978 1.000016 0.000033 0.015331 
0.999991 1.000015 0.000026 0.015331 
0.999997 1.000014 0.000020 0.015332 
0.999998 1.000014 0.000018 0.015332 
0.999999 1.000012 0.000014 0.015331 
0.999999 1.000007 0.000011 0.015329 
1.000000 1.000006 0.000011 0.015328 
1.000001 1.000006 0.000012 0.015327 
0.999999 1.000008 0.000013 0.015326 
0.999998 1.000010 0.000013 0.015326 
0.999997 1.000010 0.000015 0.015325 
0.999997 1.000010 0.000017 0.015324 
0.999997 1.000012 0.000019 0.015322 
0.999995 1.000014 0.000023 0.015319 
0.999991 1.000017 0.000031 0.015318 
0.999988 1.000017 0.000038 0.015317 
0.999984 1.000017 0.000045 0.015317 
0.999975 1.000017 0.000053 0.015318 
0.999969 1.000020 0.000056 0.015320 
0.999969 1.000024 0.000050 0.015321 
0.999979 1.000026 0.000041 0.015323 
0.999988 1.000027 0.000031 0.015325 
0.999991 1.000025 0.000022 0.015325 
0.999993 1.000021 0.000017 0.015325 
0.999995 1.000018 0.000014 0.015326 
0.999997 1.000013 0.000013 0.015325 
0.999997 1.000010 0.000013 0.015325 
0.999996 1.000009 0.000013 0.015323 
0.999996 1.000009 0.000015 0.015320 
0.999995 1.000011 0.000019 0.015319 
0.999993 1.000013 0.000021 0.015317 
0.999990 1.000015 0.000022 0.015315 
0.999988 1.000019 0.000026 0.015312 
0.999982 1.000021 0.000032 0.015313 
0.999971 1.000022 0.000042 0.015316 
0.999955 1.000024 0.000053 0.015321 
0.999937 1.000025 0.000063 0.015328 
0.999928 1.000026 0.000068 0.015334 
0.999933 1.000028 0.000062 0.015339 
0.999952 1.000028 0.000051 0.015339 
0.999972 1.000025 0.000040 0.015335 
0.999986 1.000021 0.000031 0.015331 
0.999995 1.000016 0.000023 0.015329 
1.000001 1.000012 0.000017 0.015329 
1.000003 1.000007 0.000013 0.015326 
1.000001 1.000007 0.000013 0.015324 
0.999997 1.000007 0.000014 0.015322 
0.999993 1.000005 0.000013 0.015321 
0.999991 1.000009 0.000013 0.015319 
0.999989 1.000015 0.000016 0.015317 
0.999987 1.000019 0.000021 0.015316 
0.999985 1.000026 0.000027 0.015315 
0.999982 1.000033 0.000034 0.015315 
0.999972 1.000038 0.000044 0.015315 
0.999959 1.000041 0.000057 0.015317 
0.999946 1.000046 0.000073 0.015320 
0.999933 1.000051 0.000084 0.015322 
0.999926 1.000050 0.000083 0.015321 
0.999933 1.000046 0.000074 0.015318 
0.999950 1.000044 0.000063 0.015315 
0.999966 1.000039 0.000047 0.015316 
0.999979 1.000026 0.000031 0.015320 
0.999985 1.000016 0.000020 0.015323 
0.999989 1.000015 0.000014 0.015324 
0.999992 1.000014 0.000012 0.015325 
0.999992 1.000010 0.000012 0.015327 
0.999991 1.000009 0.000012 0.015328 
0.999989 1.000013 0.000013 0.015327 
0.999986 1.000017 0.000013 0.015323 
0.999985 1.000021 0.000014 0.015322 
0.999982 1.000025 0.000017 0.015323 
0.999976 1.000029 0.000022 0.015323 
0.999971 1.000031 0.000027 0.015326 
0.999959 1.000036 0.000036 0.015331 
0.999943 1.000044 0.000049 0.015336 
0.999925 1.000052 0.000062 0.015344 
0.999912 1.000058 0.000072 0.015352 
0.999913 1.000060 0.000076 0.015353 
0.999926 1.000059 0.000071 0.015348 
0.999945 1.000052 0.000062 0.015340 
0.999963 1.000035 0.000049 0.015333 
0.999977 1.000023 0.000037 0.015330 
0.999987 1.000019 0.000029 0.015330 
0.999994 1.000013 0.000024 0.015330 
0.999999 1.000008 0.000020 0.015332 
1.000003 1.000005 0.000019 0.015335 
1.000003 1.000003 0.000017 0.015337 
1.000002 1.000004 0.000015 0.015337 
1.000003 1.000005 0.000013 0.015338 
1.000003 1.000006 0.000010 0.015337 
1.000004 1.000008 0.000009 0.015338 
1.000003 1.000010 0.000011 0.015341 
1.000003 1.000013 0.000010 0.015342 
1.000001 1.000012 0.000007 0.015341 
0.999998 1.000014 0.000004 0.015344 
0.999998 1.000018 0.000002 0.015345 
0.999997 1.000017 -0.000000 0.015344 
0.999998 1.000012 -0.000001 0.015344 
0.999999 1.000009 -0.000004 0.015342 
1.000001 1.000004 -0.000005 0.015341 
1.000002 1.000004 -0.000004 0.015342 
1.000004 1.000006 -0.000004 0.015341 
1.000006 1.000004 -0.000003 0.015341 
1.000005 1.000005 -0.000003 0.015340 
1.000003 1.000004 -0.000002 0.015336 
1.000002 1.000004 -0.000001 0.015336 
1.000002 1.000005 -0.000001 0.015337 
1.000002 1.000006 -0.000001 0.015335 
1.000002 1.000006 -0.000001 0.015334 
1.000002 1.000005 -0.000001 0.015335 
1.000001 1.000004 -0.000002 0.015335 
1.000002 1.000003 -0.000002 0.015334 
1.000004 1.000002 -0.000000 0.015334 
1.000004 1.000003 -0.000000 0.015335 
1.000005 1.000004 -0.000001 0.015335 
1.000005 1.000003 -0.000001 0.015334 
1.000003 1.000002 -0.000001 0.015334 
1.000003 1.000003 -0.000002 0.015335 
1.000002 1.000002 -0.000001 0.015336 
1.000002 1.000000 0.000001 0.015334 
1.000003 1.000000 0.000000 0.015334 
1.000004 1.000001 -0.000001 0.015335 
1.000005 1.000001 -0.000000 0.015336 
1.000004 0.999999 0.000000 0.015337 
1.000002 0.999999 0.000000 0.015337 
1.000002 1.000000 0.000000 0.015337 
