0.946071 0.933570 -6.560864 0.393654 
0.941304 0.899480 -5.760739 0.395209 
0.937123 0.874862 -5.652107 0.398570 
0.934905 0.855972 -5.538064 0.402322 
0.934514 0.841683 -5.423920 0.405654 
0.935285 0.830686 -5.307915 0.408667 
0.936479 0.822014 -5.186645 0.411747 
0.937997 0.815268 -5.060668 0.414970 
0.940158 0.810301 -4.932314 0.418331 
0.939991 0.817056 -4.799114 0.420434 
0.938311 0.822978 -4.668515 0.422275 
0.938016 0.817979 -4.544189 0.425174 
0.937909 0.814289 -4.418675 0.428101 
0.937890 0.811623 -4.292193 0.431066 
0.937859 0.809757 -4.164711 0.434120 
0.937754 0.808534 -4.036320 0.437309 
0.937536 0.807848 -3.907264 0.440663 
0.937164 0.807619 -3.777667 0.444220 
0.936588 0.807781 -3.647265 0.448033 
0.935876 0.807879 -3.515169 0.452225 
0.935130 0.807922 -3.387347 0.456884 
0.934381 0.808280 -3.270373 0.462050 
0.933665 0.808843 -3.164289 0.467791 
0.933014 0.809500 -3.069249 0.474160 
0.932471 0.810124 -2.985440 0.481205 
0.932068 0.810552 -2.913012 0.488977 
0.931826 0.810602 -2.851943 0.497534 
0.931758 0.810106 -2.801525 0.506923 
0.931917 0.808886 -2.759240 0.517166 
0.932412 0.806747 -2.668457 0.528256 
0.933299 0.803599 -2.525303 0.540160 
0.934564 0.799476 -2.530631 0.552814 
0.936186 0.794449 -2.685032 0.566130 
0.938141 0.788538 -2.839221 0.580016 
0.940395 0.781651 -2.993460 0.594377 
0.942867 0.773709 -3.147932 0.609094 
0.945456 0.764804 -3.302360 0.624010 
0.948139 0.755104 -3.455828 0.638932 
0.950915 0.744826 -3.471352 0.653672 
0.953647 0.734327 -3.475968 0.668043 
0.956193 0.723969 -2.108551 0.681850 
0.958490 0.713957 -0.586799 0.694929 
0.960482 0.704313 -0.406471 0.707141 
0.962108 0.694952 -0.221087 0.718352 
0.963278 0.685956 -0.030616 0.728434 
0.963958 0.677641 0.164931 0.737268 
0.964208 0.670257 0.364598 0.744775 
0.964077 0.663904 0.564579 0.750946 
0.963613 0.658540 0.692172 0.755801 
0.962949 0.653962 0.744002 0.759388 
0.962202 0.649864 0.787350 0.761817 
0.961404 0.645913 0.823328 0.763199 
0.960576 0.641922 0.852280 0.763646 
0.959757 0.637898 0.874457 0.763310 
0.959039 0.633869 0.890054 0.762356 
0.958517 0.629732 0.898973 0.760938 
0.958232 0.625368 0.900654 0.759218 
0.958281 0.620646 0.896125 0.757382 
0.958723 0.615498 0.890035 0.755615 
0.959464 0.609969 0.885149 0.754054 
0.960386 0.604217 0.880725 0.752789 
0.961443 0.598537 0.876464 0.751897 
0.962609 0.593138 0.872406 0.751446 
0.963846 0.588068 0.868433 0.751434 
0.965056 0.583433 0.864275 0.751799 
0.966132 0.579434 0.859770 0.752504 
0.967051 0.576168 0.855454 0.753549 
0.967811 0.573596 0.852764 0.754881 
0.968353 0.571649 0.851721 0.756352 
0.968637 0.570388 0.851319 0.757838 
0.968679 0.569861 0.851388 0.759258 
0.968483 0.569870 0.851871 0.760507 
0.968022 0.570202 0.852518 0.761466 
0.967290 0.570843 0.853102 0.762044 
0.966332 0.571725 0.853413 0.762193 
0.965255 0.572542 0.853238 0.761868 
0.964148 0.572968 0.852931 0.760995 
0.962991 0.572912 0.853073 0.759506 
0.961699 0.572500 0.853570 0.757431 
0.960228 0.571771 0.853872 0.754844 
0.958563 0.570706 0.853527 0.751773 
0.956725 0.569468 0.852305 0.748237 
0.954781 0.568228 0.850199 0.744254 
0.952812 0.566907 0.847256 0.739837 
0.950880 0.565384 0.843593 0.735025 
0.949022 0.563752 0.839586 0.729885 
0.947241 0.562249 0.835623 0.724508 
0.945541 0.561064 0.831670 0.719022 
0.943958 0.560210 0.827536 0.713485 
0.942548 0.559737 0.823286 0.707872 
0.941370 0.559715 0.819130 0.702176 
0.940471 0.559914 0.815206 0.696418 
0.939872 0.559996 0.811479 0.690654 
0.939585 0.559896 0.807914 0.684990 
0.939648 0.559678 0.804667 0.679504 
0.940084 0.559298 0.802254 0.674253 
0.940871 0.558681 0.801185 0.669256 
0.941954 0.557798 0.801518 0.664465 
0.943273 0.556691 0.803093 0.659893 
0.944775 0.555305 0.805707 0.655633 
0.946393 0.553522 0.809136 0.651766 
0.948054 0.551500 0.813259 0.648325 
0.949696 0.549569 0.818167 0.645294 
0.951259 0.547834 0.823997 0.642584 
0.952660 0.546254 0.830780 0.640136 
0.953810 0.544904 0.838281 0.637892 
0.954627 0.543936 0.846098 0.635805 
0.955067 0.543417 0.853985 0.633924 
0.955119 0.543281 0.861840 0.632251 
0.954778 0.543558 0.869632 0.630682 
0.954065 0.544445 0.877382 0.629080 
0.953026 0.545862 0.885074 0.627304 
0.951695 0.547440 0.892456 0.625253 
0.950111 0.548981 0.899230 0.622911 
0.948308 0.550467 0.905351 0.620252 
0.946295 0.551805 0.911020 0.617241 
0.944079 0.552852 0.916391 0.613870 
0.941671 0.553537 0.921396 0.610084 
0.939100 0.553933 0.925874 0.605864 
0.936433 0.554068 0.929646 0.601270 
0.933751 0.553808 0.932583 0.596331 
0.931116 0.553158 0.934670 0.591045 
0.928575 0.552315 0.936027 0.585449 
0.926152 0.551341 0.936784 0.579572 
0.923870 0.550170 0.936973 0.573456 
0.921763 0.548879 0.936572 0.567170 
0.919882 0.547671 0.935604 0.560797 
0.918288 0.546705 0.934187 0.554455 
0.917044 0.545966 0.932473 0.548203 
0.916194 0.545437 0.930684 0.541954 
0.915737 0.545203 0.929058 0.535637 
0.915646 0.545151 0.927651 0.529339 
0.915905 0.544958 0.926381 0.523149 
0.916522 0.544517 0.925354 0.517145 
0.917511 0.543952 0.924968 0.511387 
0.918866 0.543302 0.925677 0.505891 
0.920559 0.542498 0.927732 0.500627 
0.922526 0.541499 0.931159 0.495513 
0.924668 0.540347 0.935880 0.490524 
0.926878 0.539019 0.941723 0.485767 
0.929068 0.537404 0.948522 0.481337 
0.931182 0.535606 0.956252 0.477185 
0.933183 0.533954 0.965007 0.473258 
0.935041 0.532619 0.974763 0.469486 
0.936720 0.531526 0.985330 0.465790 
0.938164 0.530696 0.996458 0.462118 
0.939303 0.530293 1.007870 0.458453 
0.940082 0.530387 1.019324 0.454860 
0.940504 0.530863 1.030653 0.451362 
0.940616 0.531698 1.041852 0.447790 
0.940462 0.533058 1.052938 0.443959 
0.940083 0.534902 1.063757 0.439836 
0.939509 0.536877 1.074053 0.435381 
0.938736 0.538727 1.083771 0.430566 
0.937722 0.540467 1.093021 0.425395 
0.936433 0.542072 1.101758 0.419877 
0.934884 0.543368 1.109839 0.414026 
0.933132 0.544248 1.117114 0.407828 
0.931253 0.544776 1.123467 0.401293 
0.929318 0.545005 1.128794 0.394497 
0.927394 0.544837 1.133059 0.387491 
0.925515 0.544256 1.136367 0.380268 
0.923689 0.543427 1.138921 0.372868 
0.921932 0.542469 1.140775 0.365355 
0.920303 0.541339 1.141818 0.357799 
0.918884 0.540080 1.142037 0.350277 
0.917747 0.538913 1.141546 0.342879 
0.916949 0.538000 1.140539 0.335696 
0.916537 0.537333 1.139273 0.328688 
0.916522 0.536891 1.138041 0.321732 
0.916878 0.536729 1.137039 0.314829 
0.917587 0.536755 1.136303 0.308103 
0.918675 0.536722 1.135781 0.301646 
0.920172 0.536516 1.135599 0.295508 
0.922079 0.536230 1.136104 0.289696 
0.924356 0.535904 1.137631 0.284179 
0.926927 0.535433 1.140389 0.278888 
0.929690 0.534750 1.144418 0.273749 
0.932533 0.533889 1.149659 0.268812 
0.935362 0.532858 1.155990 0.264181 
0.938130 0.531612 1.163276 0.259882 
0.940809 0.530267 1.171444 0.255856 
0.943355 0.529080 1.180513 0.252019 
0.945708 0.528192 1.190461 0.248282 
0.947796 0.527548 1.201162 0.244580 
0.949536 0.527178 1.212408 0.240894 
0.950860 0.527267 1.223912 0.237275 
0.951766 0.527910 1.235459 0.233781 
0.952308 0.529029 1.246964 0.230301 
0.952546 0.530591 1.258372 0.226655 
0.952514 0.532679 1.269600 0.222769 
0.952214 0.535208 1.280555 0.218615 
0.951634 0.537880 1.291115 0.214171 
0.950752 0.540499 1.301193 0.209436 
0.949536 0.543100 1.310644 0.204433 
0.948015 0.545643 1.319206 0.199187 
0.946290 0.547890 1.326730 0.193694 
0.944470 0.549667 1.333163 0.187928 
0.942621 0.550996 1.338412 0.181953 
0.940776 0.551921 1.342394 0.175885 
0.938949 0.552387 1.345108 0.169758 
0.937152 0.552424 1.346600 0.163562 
0.935394 0.552194 1.346889 0.157333 
0.933723 0.551807 1.345901 0.151147 
0.932241 0.551171 1.343648 0.145080 
0.931049 0.550274 1.340429 0.139212 
0.930189 0.549378 1.336574 0.133614 
0.929648 0.548757 1.332282 0.128321 
0.929404 0.548467 1.327764 0.123266 
0.929449 0.548494 1.323204 0.118345 
0.929784 0.548871 1.318706 0.113573 
0.930440 0.549491 1.314305 0.109090 
0.931490 0.550097 1.310062 0.105010 
0.932994 0.550534 1.306305 0.101360 
0.934921 0.550917 1.303481 0.098115 
0.937180 0.551404 1.301794 0.095211 
0.939661 0.551914 1.301263 0.092576 
0.942277 0.552275 1.301837 0.090164 
0.944974 0.552473 1.303373 0.088042 
0.947731 0.552545 1.305706 0.086351 
0.950560 0.552433 1.308727 0.085152 
0.953466 0.552191 1.312443 0.084335 
0.956372 0.552086 1.316946 0.083720 
0.959127 0.552393 1.322174 0.083198 
0.961588 0.553150 1.327873 0.082725 
0.963669 0.554265 1.333768 0.089440 
0.965347 0.555840 1.339589 0.110491 
0.966653 0.558110 1.345172 0.145900 
0.967633 0.561130 1.350543 0.195561 
0.968316 0.564810 1.355834 0.259253 
0.968647 0.569197 1.361150 0.329618 
0.968501 0.574335 1.366469 0.399446 
0.967770 0.580066 1.371551 0.468814 
0.966455 0.586133 1.376102 0.537825 
0.964644 0.592389 1.379874 0.585173 
0.962465 0.598820 1.382700 0.610891 
0.960053 0.605296 1.384660 0.636368 
0.957497 0.611501 1.385921 0.661597 
0.954831 0.617224 1.386554 0.686632 
0.952034 0.622456 1.386513 0.697389 
0.949108 0.627204 1.385737 0.694098 
0.946127 0.631463 1.384193 0.691241 
0.943231 0.635315 1.381970 0.688993 
0.940529 0.638846 1.379376 0.616229 
0.938057 0.642007 1.377060 0.537185 
0.935814 0.644753 1.375925 0.516114 
0.933782 0.647243 1.376731 0.481907 
0.931923 0.649877 1.380084 0.434701 
0.930204 0.653054 1.386651 0.374592 
0.928631 0.657005 1.397245 0.308720 
0.927159 0.661907 1.411035 0.244202 
0.925718 0.667817 1.427256 0.181020 
0.924220 0.674493 1.447064 0.119122 
0.922541 0.681637 1.471826 0.094095 
0.920630 0.689290 1.502705 0.105877 
0.918459 0.697744 1.540360 0.118730 
0.915990 0.707190 1.585231 0.132512 
0.913199 0.717557 1.637687 0.147044 
0.910086 0.728601 1.698009 0.162134 
0.906350 0.740317 1.759221 0.177633 
0.901967 0.752397 1.821288 0.193406 
0.897194 0.764275 1.891105 0.209318 
0.892031 0.775867 1.968240 0.225248 
0.886541 0.787312 2.051960 0.241062 
0.880780 0.798720 2.141242 0.256618 
0.874776 0.809996 2.234930 0.271793 
0.868554 0.820939 2.331830 0.286475 
0.862132 0.831375 2.430730 0.300577 
0.855214 0.841511 2.523249 0.314042 
0.848239 0.850901 2.618762 0.326838 
0.841653 0.859179 2.726593 0.338948 
0.835176 0.866778 2.838377 0.350376 
0.828848 0.873834 2.953095 0.361135 
0.822696 0.880433 3.069804 0.371241 
0.816734 0.886603 3.187633 0.380721 
0.810975 0.892369 3.305881 0.389608 
0.805435 0.897776 3.424014 0.397951 
0.800147 0.902891 3.541643 0.405811 
0.795466 0.907496 3.665625 0.413258 
0.790501 0.910493 3.788907 0.420364 
0.785418 0.913167 3.912318 0.427198 
0.781083 0.916720 4.042894 0.433885 
0.777006 0.920239 4.172775 0.440538 
0.773296 0.923770 4.302052 0.447197 
0.770146 0.927412 4.430937 0.453892 
0.767852 0.931306 4.559712 0.460633 
0.766819 0.935647 4.688682 0.467386 
0.767593 0.940688 4.818234 0.474062 
0.747962 0.919573 4.787704 0.480528 
0.738512 0.919413 4.947428 0.485433 
0.748668 0.946322 5.262542 0.491735 
0.747508 0.952598 5.380177 0.500900 
0.748504 0.959143 5.494819 0.509971 
0.753236 0.966996 5.608111 0.518764 
0.763609 0.976977 5.720251 0.526970 
0.781665 0.990122 5.830893 0.533852 
0.809936 1.007710 5.941740 0.538385 
0.413502 0.508889 6.140432 0.539914 
0.000000 0.000000 6.283185 0.539914 
