0.928279 0.917654 -3.041153 0.495831 
0.921263 0.878743 -2.492510 0.494489 
0.915292 0.849570 -2.423245 0.495613 
0.911749 0.826597 -2.327026 0.497574 
0.910122 0.808807 -2.224164 0.499518 
0.909699 0.794854 -2.115865 0.501478 
0.910013 0.783750 -2.001689 0.503719 
0.911045 0.774949 -1.882937 0.506376 
0.912834 0.768152 -1.761680 0.509534 
0.913137 0.774923 -1.779849 0.515098 
0.911939 0.780768 -1.852007 0.520780 
0.911292 0.773911 -1.843240 0.524583 
0.910955 0.768551 -1.845823 0.528735 
0.910795 0.764381 -1.953747 0.533242 
0.910704 0.761153 -2.160235 0.538152 
0.910612 0.758687 -2.365859 0.543512 
0.910451 0.756863 -2.570923 0.549366 
0.910145 0.755597 -2.775628 0.555763 
0.909613 0.754838 -2.980129 0.562760 
0.908898 0.754044 -3.186632 0.570368 
0.908142 0.753191 -3.396759 0.578667 
0.907414 0.752698 -3.610157 0.587792 
0.906750 0.752424 -2.188626 0.597790 
0.906186 0.752200 -0.599915 0.608695 
0.905749 0.751811 -0.475625 0.620541 
0.905434 0.751040 -0.341356 0.633363 
0.905204 0.749747 -0.197331 0.647183 
0.904993 0.747860 -0.044050 0.662002 
0.904944 0.745123 0.559999 0.677783 
0.905239 0.741281 1.016215 0.694447 
0.905854 0.736337 0.882329 0.711875 
0.906752 0.730341 0.756430 0.729922 
0.907895 0.723261 0.716668 0.748452 
0.909229 0.714941 0.755698 0.767335 
0.910632 0.705390 0.787830 0.786409 
0.911962 0.694863 0.812820 0.805473 
0.913127 0.683613 0.830083 0.824316 
0.914341 0.671557 0.832422 0.842708 
0.915595 0.658841 0.829805 0.860395 
0.916593 0.645988 0.831966 0.877127 
0.917264 0.633287 0.831969 0.892734 
0.917530 0.620783 0.829966 0.907116 
0.917288 0.608439 0.826050 0.920161 
0.916401 0.596580 0.820342 0.931719 
0.914834 0.585612 0.812911 0.941681 
0.912716 0.575580 0.803564 0.949990 
0.910258 0.566302 0.791833 0.956585 
0.907514 0.557670 0.784097 0.961476 
0.904533 0.549665 0.780954 0.964767 
0.901502 0.542148 0.776846 0.966697 
0.898463 0.534882 0.772486 0.967509 
0.895400 0.527702 0.768172 0.967322 
0.892348 0.520658 0.764128 0.966275 
0.889442 0.513639 0.760474 0.964559 
0.886847 0.506359 0.757114 0.962294 
0.884667 0.498634 0.753753 0.959556 
0.882935 0.490177 0.751025 0.956656 
0.881679 0.481155 0.749266 0.953884 
0.880854 0.472244 0.747951 0.951487 
0.880225 0.463688 0.746794 0.949591 
0.879681 0.455387 0.745596 0.948075 
0.879289 0.447391 0.744451 0.946917 
0.879090 0.439726 0.743358 0.946125 
0.879047 0.432495 0.742254 0.945580 
0.879054 0.425954 0.741247 0.945212 
0.878982 0.420081 0.740808 0.945248 
0.878811 0.415410 0.741075 0.945534 
0.878487 0.412388 0.741627 0.945846 
0.877806 0.410289 0.742244 0.945949 
0.876863 0.408473 0.743149 0.945517 
0.875824 0.407018 0.744526 0.944632 
0.874644 0.405989 0.746175 0.943309 
0.873288 0.405346 0.747893 0.941443 
0.871767 0.405063 0.749537 0.939030 
0.870135 0.404960 0.750751 0.936088 
0.868464 0.404753 0.750981 0.932276 
0.866739 0.403838 0.750699 0.927529 
0.864880 0.401891 0.750879 0.922012 
0.862914 0.399408 0.751422 0.916048 
0.860813 0.396998 0.751757 0.909995 
0.858497 0.394702 0.751540 0.903681 
0.855986 0.392416 0.750744 0.896976 
0.853328 0.390103 0.749417 0.889929 
0.850550 0.387704 0.747507 0.882578 
0.847626 0.384955 0.744926 0.874878 
0.844597 0.381963 0.742072 0.867285 
0.841594 0.379560 0.739297 0.860180 
0.838678 0.378206 0.736297 0.853781 
0.835865 0.377586 0.733005 0.847840 
0.833233 0.377125 0.729713 0.841683 
0.830854 0.376743 0.726612 0.835374 
0.828748 0.376443 0.723677 0.829116 
0.826919 0.376059 0.720781 0.823015 
0.825420 0.375492 0.717869 0.817219 
0.824389 0.374964 0.715206 0.811946 
0.823900 0.374343 0.713321 0.807112 
0.823786 0.373164 0.712630 0.802672 
0.823906 0.371436 0.713266 0.798211 
0.824265 0.369468 0.714962 0.793519 
0.824784 0.367797 0.717304 0.789089 
0.825401 0.366274 0.720177 0.785084 
0.826092 0.364611 0.723667 0.781494 
0.826829 0.362960 0.727930 0.778275 
0.827542 0.361557 0.733028 0.775296 
0.828072 0.360048 0.738640 0.772373 
0.828205 0.358752 0.744414 0.769660 
0.827991 0.358550 0.750237 0.766734 
0.827554 0.359427 0.755938 0.763653 
0.826816 0.361038 0.761498 0.760844 
0.825830 0.362410 0.767212 0.758113 
0.824655 0.363477 0.773079 0.755395 
0.823283 0.364742 0.778814 0.752570 
0.821709 0.366098 0.783988 0.749535 
0.819961 0.367347 0.788199 0.746216 
0.818133 0.368675 0.791700 0.742589 
0.816324 0.369781 0.795096 0.738305 
0.814441 0.370083 0.798597 0.733619 
0.812376 0.369521 0.801992 0.728903 
0.810196 0.368280 0.805009 0.724122 
0.807882 0.367222 0.807384 0.719146 
0.805432 0.366394 0.809130 0.713809 
0.802878 0.365364 0.810359 0.708191 
0.800262 0.364152 0.811224 0.702357 
0.797607 0.362816 0.811855 0.696380 
0.794873 0.361051 0.811825 0.690280 
0.792024 0.359375 0.810959 0.684551 
0.789185 0.358484 0.809465 0.679351 
0.786478 0.358523 0.807577 0.674434 
0.783879 0.359427 0.805673 0.669404 
0.781482 0.360061 0.804081 0.664233 
0.779381 0.360240 0.802736 0.659262 
0.777589 0.360373 0.801375 0.654518 
0.776122 0.360369 0.799759 0.650094 
0.775044 0.360257 0.797751 0.646103 
0.774424 0.360217 0.796259 0.642538 
0.774211 0.359997 0.796300 0.639108 
0.774251 0.359335 0.797986 0.635776 
0.774553 0.358166 0.800978 0.632594 
0.775259 0.356452 0.804827 0.629780 
0.776278 0.354811 0.809270 0.627354 
0.777432 0.353450 0.814369 0.625125 
0.778645 0.352208 0.820257 0.623073 
0.779901 0.351191 0.826983 0.621128 
0.781115 0.350233 0.834452 0.618980 
0.782148 0.349231 0.842359 0.616611 
0.782994 0.348762 0.850482 0.614459 
0.783910 0.349120 0.858520 0.612429 
0.784968 0.350246 0.866363 0.610323 
0.785882 0.351917 0.874302 0.607817 
0.786557 0.353617 0.882519 0.604819 
0.787101 0.355313 0.890711 0.601390 
0.787565 0.357043 0.898359 0.597368 
0.787955 0.358560 0.905141 0.592686 
0.788309 0.359935 0.911498 0.587516 
0.788665 0.361260 0.918122 0.581915 
0.788972 0.362054 0.924917 0.575641 
0.789053 0.362067 0.931540 0.568750 
0.788814 0.361470 0.937736 0.561440 
0.788293 0.360743 0.943241 0.553655 
0.787518 0.360047 0.947924 0.545354 
0.786509 0.359062 0.951919 0.536773 
0.785275 0.357759 0.955527 0.528051 
0.783824 0.356339 0.959066 0.519367 
0.782143 0.354721 0.961979 0.510715 
0.780247 0.352813 0.963595 0.502255 
0.778271 0.351297 0.964107 0.494302 
0.776399 0.350725 0.963849 0.486897 
0.774566 0.351154 0.963265 0.479508 
0.772764 0.351573 0.962799 0.472258 
0.771158 0.351395 0.962545 0.465802 
0.769809 0.351120 0.962265 0.460048 
0.768781 0.350809 0.961668 0.455032 
0.768173 0.350375 0.960358 0.450764 
0.768112 0.349917 0.959028 0.447244 
0.768607 0.349633 0.958951 0.444359 
0.769472 0.349220 0.960461 0.441969 
0.770525 0.348291 0.963452 0.439883 
0.771884 0.346685 0.967619 0.438397 
0.773556 0.344962 0.972572 0.437772 
0.775386 0.343609 0.978171 0.437604 
0.777366 0.342503 0.984551 0.437727 
0.779458 0.341684 0.991750 0.437993 
0.781596 0.341179 0.999848 0.438202 
0.783612 0.340893 1.008612 0.438218 
0.785328 0.340738 1.017711 0.438202 
0.786807 0.341132 1.026966 0.438051 
0.788261 0.342451 1.036108 0.437734 
0.789478 0.344641 1.045089 0.437154 
0.790379 0.347102 1.054086 0.435962 
0.791178 0.349590 1.063061 0.434132 
0.791857 0.352239 1.071498 0.431528 
0.792399 0.354807 1.078996 0.428068 
0.792772 0.357129 1.085662 0.423809 
0.792956 0.359243 1.092029 0.418877 
0.792982 0.361211 1.098194 0.413279 
0.792814 0.362662 1.103750 0.407005 
0.792346 0.363339 1.108508 0.400177 
0.791682 0.363437 1.112374 0.393056 
0.790923 0.363387 1.115135 0.385543 
0.790000 0.363187 1.116706 0.377501 
0.788896 0.362601 1.117289 0.369231 
0.787626 0.361696 1.116928 0.360930 
0.786279 0.360587 1.115348 0.352766 
0.784956 0.359249 1.112448 0.344899 
0.783735 0.357681 1.108567 0.337263 
0.782759 0.356524 1.104168 0.329968 
0.782076 0.356261 1.099509 0.323183 
0.781571 0.356534 1.094748 0.316270 
0.781205 0.356602 1.090064 0.309373 
0.781031 0.356369 1.085311 0.303198 
0.781175 0.356072 1.079956 0.297744 
0.781836 0.355669 1.073992 0.293032 
0.783129 0.355178 1.068605 0.289007 
0.785047 0.354804 1.064936 0.285449 
0.787513 0.354742 1.063046 0.282276 
0.790275 0.354625 1.062657 0.279616 
0.793069 0.354097 1.063513 0.277283 
0.795925 0.353393 1.065238 0.275673 
0.798987 0.352964 1.067394 0.275161 
0.802377 0.353029 1.069859 0.275349 
0.806144 0.353660 1.073009 0.275933 
0.810183 0.354856 1.077343 0.276649 
0.814287 0.356648 1.082906 0.277369 
0.818199 0.359005 1.089164 0.278160 
0.821661 0.361850 1.095718 0.279334 
0.824659 0.365684 1.102288 0.280630 
0.827527 0.370933 1.108621 0.281970 
0.830478 0.377174 1.114775 0.283176 
0.833496 0.383969 1.121140 0.283599 
0.836451 0.391198 1.127997 0.283031 
0.839095 0.398595 1.135479 0.281456 
0.841140 0.406143 1.144706 0.279085 
0.842289 0.414022 1.156457 0.276093 
0.842396 0.422337 1.170576 0.272577 
0.841507 0.431222 1.187060 0.268377 
0.839691 0.440489 1.205974 0.263589 
0.836792 0.449726 1.227555 0.258364 
0.832565 0.458897 1.252087 0.252807 
0.826837 0.468249 1.279684 0.247320 
0.819488 0.478053 1.310268 0.242344 
0.810374 0.488776 1.346934 0.238198 
0.799452 0.500595 1.389667 0.235040 
0.786858 0.513357 1.435876 0.233035 
0.772747 0.527108 1.486195 0.232383 
0.757261 0.541992 1.540745 0.233403 
0.740509 0.558110 1.599725 0.236347 
0.722695 0.575518 1.663434 0.241322 
0.704121 0.594251 1.732188 0.248395 
0.685080 0.614237 1.806226 0.257580 
0.665727 0.635282 1.889379 0.268691 
0.646409 0.656653 1.978220 0.281574 
0.627545 0.677754 2.069602 0.296211 
0.609424 0.698606 2.167081 0.312518 
0.592368 0.719108 2.270248 0.330369 
0.576637 0.738988 2.379327 0.349496 
0.562477 0.757918 2.494647 0.369551 
0.550069 0.775602 2.616553 0.390216 
0.539472 0.791755 2.745403 0.411218 
0.530649 0.806096 2.881683 0.432296 
0.523647 0.818345 3.022546 0.453330 
0.518455 0.828596 3.160535 0.474252 
0.514966 0.837183 3.290500 0.494915 
0.513072 0.844218 3.411341 0.515142 
0.512617 0.849735 3.522600 0.534725 
0.513417 0.853791 3.623848 0.553480 
0.515250 0.856490 3.714590 0.571297 
0.517849 0.857986 3.794223 0.588121 
0.520944 0.858489 3.861981 0.603946 
0.524308 0.858261 3.916880 0.618817 
0.527737 0.857612 3.866000 0.632760 
0.531037 0.856820 3.716255 0.645768 
0.534046 0.856068 3.566683 0.657838 
0.536619 0.855505 3.416847 0.668970 
0.538643 0.855265 3.266369 0.679190 
0.539477 0.854316 3.114169 0.688556 
0.538491 0.851577 2.958997 0.697136 
0.535660 0.847084 2.800183 0.705020 
0.530998 0.840866 2.637113 0.712297 
0.524538 0.832949 4.107744 0.719027 
0.516342 0.823365 5.744184 0.725264 
0.510077 0.820330 5.924075 0.731266 
0.506440 0.825377 6.123379 0.737201 
0.502671 0.831914 6.334219 0.743006 
0.486191 0.813411 7.138504 0.748530 
0.456960 0.769127 7.784928 0.753659 
0.427735 0.724915 7.688283 0.758464 
0.398588 0.680757 7.596709 0.762980 
0.369583 0.636625 7.510363 0.767224 
0.340796 0.592477 7.507791 0.771219 
0.403943 0.754491 7.818937 0.778612 
0.481215 0.951337 8.158404 0.788365 
0.483325 0.978158 8.290936 0.796262 
0.242819 0.496115 8.104927 0.799862 
0.000000 0.000000 7.853981 0.799862 
0.000000 0.000000 7.853981 0.799862 
0.000000 0.000000 7.853981 0.799862 
0.000000 0.000000 7.853981 0.799862 
0.000000 0.000000 7.853981 0.799862 
0.000000 0.000000 7.853981 0.799862 
