0.999887 0.999962 0.000044 0.050560 
0.999842 0.999976 0.000043 0.050571 
0.999819 0.999988 0.000027 0.050586 
0.999821 0.999998 0.000015 0.050632 
0.999830 0.999991 -0.000014 0.050633 
0.999840 1.000000 -0.000046 0.050647 
0.999859 1.000003 -0.000069 0.050666 
0.999883 0.999973 -0.000084 0.050666 
0.999904 0.999953 -0.000090 0.050704 
0.999926 0.999924 -0.000079 0.050716 
0.999944 0.999894 -0.000055 0.050721 
0.999953 0.999880 -0.000033 0.050743 
0.999947 0.999874 -0.000002 0.050732 
0.999927 0.999881 0.000031 0.050704 
0.999899 0.999895 0.000054 0.050671 
0.999863 0.999919 0.000066 0.050610 
0.999831 0.999948 0.000064 0.050536 
0.999808 0.999970 0.000043 0.050456 
0.999795 0.999975 0.000008 0.050367 
0.999807 0.999959 -0.000030 0.050296 
0.999835 0.999931 -0.000066 0.050206 
0.999873 0.999902 -0.000090 0.050102 
0.999910 0.999881 -0.000093 0.050019 
0.999937 0.999868 -0.000092 0.049930 
0.999949 0.999863 -0.000097 0.049846 
0.999950 0.999869 -0.000103 0.049781 
0.999948 0.999885 -0.000116 0.049711 
0.999939 0.999921 -0.000146 0.049658 
0.999935 0.999972 -0.000195 0.049637 
0.999959 1.000013 -0.000242 0.049616 
0.999998 1.000040 -0.000271 0.049609 
1.000039 1.000063 -0.000270 0.049621 
1.000097 1.000082 -0.000242 0.049648 
1.000175 1.000106 -0.000204 0.049709 
1.000278 1.000138 -0.000165 0.049784 
1.000408 1.000167 -0.000142 0.049860 
1.000561 1.000194 -0.000134 0.049946 
1.000723 1.000230 -0.000128 0.050021 
1.000880 1.000257 -0.000127 0.050066 
1.001017 1.000236 -0.000163 0.050076 
1.001141 1.000126 -0.000276 0.050033 
1.001271 0.999914 -0.000480 0.049970 
1.001425 0.999625 -0.000777 0.049894 
1.001621 0.999286 -0.001178 0.049783 
1.001868 0.998882 -0.001668 0.049650 
1.002129 0.998342 -0.002188 0.049461 
1.002315 0.997745 -0.002629 0.049196 
1.002347 0.997287 -0.002861 0.048932 
1.002233 0.997075 -0.002833 0.048782 
1.002042 0.997150 -0.002588 0.048820 
1.001832 0.997520 -0.002195 0.049049 
1.001664 0.998105 -0.001744 0.049381 
1.001589 0.998689 -0.001356 0.049697 
1.001609 0.999086 -0.001091 0.049932 
1.001682 0.999280 -0.000909 0.050083 
1.001763 0.999337 -0.000764 0.050211 
1.001812 0.999317 -0.000633 0.050354 
1.001797 0.999251 -0.000507 0.050495 
1.001710 0.999189 -0.000383 0.050636 
1.001572 0.999231 -0.000271 0.050773 
1.001409 0.999441 -0.000201 0.050885 
1.001257 0.999788 -0.000231 0.050965 
1.001162 1.000092 -0.000409 0.051046 
1.001160 1.000116 -0.000745 0.051165 
1.001245 0.999722 -0.001186 0.051311 
1.001369 0.998947 -0.001665 0.051450 
1.001514 0.997991 -0.002115 0.051547 
1.001692 0.997145 -0.002382 0.051591 
1.001889 0.996622 -0.002342 0.051624 
1.002041 0.996499 -0.002058 0.051731 
1.002099 0.996774 -0.001679 0.051959 
1.002108 0.997354 -0.001308 0.052256 
1.002153 0.998036 -0.000993 0.052550 
1.002233 0.998625 -0.000752 0.052800 
1.002280 0.999050 -0.000575 0.052989 
1.002259 0.999328 -0.000439 0.053112 
1.002174 0.999487 -0.000335 0.053187 
1.002043 0.999549 -0.000257 0.053240 
1.001882 0.999542 -0.000212 0.053278 
1.001707 0.999450 -0.000198 0.053292 
1.001540 0.999318 -0.000225 0.053298 
1.001438 0.999218 -0.000341 0.053329 
1.001487 0.999109 -0.000580 0.053385 
1.001711 0.998898 -0.000929 0.053452 
1.002017 0.998510 -0.001358 0.053520 
1.002257 0.997912 -0.001848 0.053550 
1.002354 0.997157 -0.002340 0.053538 
1.002357 0.996459 -0.002665 0.053554 
1.002387 0.996103 -0.002637 0.053648 
1.002471 0.996261 -0.002231 0.053795 
1.002505 0.996927 -0.001607 0.053956 
1.002405 0.997885 -0.001013 0.054093 
1.002191 0.998758 -0.000630 0.054157 
1.001952 0.999284 -0.000467 0.054136 
1.001749 0.999473 -0.000417 0.054092 
1.001584 0.999474 -0.000390 0.054084 
1.001431 0.999406 -0.000350 0.054111 
1.001275 0.999346 -0.000296 0.054138 
1.001112 0.999351 -0.000243 0.054146 
1.000961 0.999403 -0.000229 0.054121 
1.000866 0.999429 -0.000285 0.054057 
1.000877 0.999373 -0.000426 0.053975 
1.001034 0.999188 -0.000652 0.053922 
1.001329 0.998851 -0.000935 0.053916 
1.001682 0.998354 -0.001235 0.053931 
1.001979 0.997713 -0.001532 0.053948 
1.002158 0.997033 -0.001770 0.053980 
1.002236 0.996592 -0.001791 0.054060 
1.002234 0.996678 -0.001495 0.054193 
1.002120 0.997258 -0.001025 0.054337 
1.001891 0.998035 -0.000622 0.054440 
1.001621 0.998716 -0.000378 0.054462 
1.001377 0.999166 -0.000244 0.054393 
1.001174 0.999410 -0.000147 0.054242 
1.001003 0.999533 -0.000056 0.054043 
1.000848 0.999641 0.000014 0.053827 
1.000708 0.999780 0.000037 0.053617 
1.000594 0.999921 0.000001 0.053427 
1.000511 1.000031 -0.000070 0.053269 
1.000459 1.000085 -0.000142 0.053152 
1.000431 1.000065 -0.000188 0.053084 
1.000416 0.999982 -0.000205 0.053054 
1.000414 0.999867 -0.000209 0.053033 
1.000440 0.999742 -0.000228 0.052994 
1.000483 0.999612 -0.000273 0.052931 
1.000508 0.999468 -0.000334 0.052841 
1.000495 0.999341 -0.000367 0.052729 
1.000446 0.999364 -0.000304 0.052620 
1.000360 0.999512 -0.000180 0.052503 
1.000247 0.999624 -0.000082 0.052355 
1.000140 0.999692 -0.000010 0.052190 
1.000050 0.999761 0.000042 0.052032 
0.999976 0.999818 0.000066 0.051898 
0.999913 0.999866 0.000065 0.051795 
0.999862 0.999909 0.000047 0.051725 
0.999829 0.999938 0.000019 0.051679 
0.999813 0.999959 -0.000015 0.051647 
0.999811 0.999966 -0.000046 0.051631 
0.999818 0.999954 -0.000071 0.051627 
0.999830 0.999926 -0.000094 0.051632 
0.999860 0.999891 -0.000117 0.051649 
0.999913 0.999857 -0.000147 0.051671 
0.999987 0.999815 -0.000177 0.051698 
1.000087 0.999752 -0.000199 0.051731 
1.000206 0.999667 -0.000220 0.051764 
1.000319 0.999543 -0.000241 0.051791 
1.000387 0.999392 -0.000258 0.051803 
1.000394 0.999380 -0.000211 0.051771 
1.000343 0.999517 -0.000112 0.051688 
1.000262 0.999638 -0.000030 0.051575 
1.000179 0.999741 0.000027 0.051439 
1.000087 0.999834 0.000032 0.051306 
1.000004 0.999913 -0.000002 0.051193 
0.999951 0.999992 -0.000043 0.051097 
0.999935 1.000030 -0.000089 0.051015 
0.999947 1.000040 -0.000118 0.050941 
0.999972 1.000033 -0.000126 0.050866 
1.000001 0.999998 -0.000120 0.050790 
1.000041 0.999955 -0.000103 0.050715 
1.000103 0.999910 -0.000084 0.050635 
1.000178 0.999870 -0.000063 0.050546 
1.000235 0.999844 -0.000048 0.050448 
1.000256 0.999823 -0.000059 0.050328 
1.000257 0.999784 -0.000116 0.050183 
1.000259 0.999705 -0.000216 0.050013 
1.000279 0.999577 -0.000335 0.049828 
1.000336 0.999462 -0.000423 0.049627 
1.000422 0.999490 -0.000439 0.049398 
1.000487 0.999536 -0.000458 0.049158 
1.000494 0.999361 -0.000577 0.048953 
1.000463 0.998943 -0.000767 0.048826 
1.000440 0.998576 -0.000866 0.048796 
1.000427 0.998682 -0.000751 0.048790 
1.000378 0.999171 -0.000529 0.048728 
1.000275 0.999651 -0.000346 0.048620 
1.000149 0.999954 -0.000233 0.048495 
1.000035 1.000080 -0.000185 0.048384 
0.999957 1.000088 -0.000180 0.048309 
0.999931 1.000044 -0.000211 0.048271 
0.999946 0.999989 -0.000258 0.048252 
0.999981 0.999938 -0.000293 0.048237 
1.000010 0.999887 -0.000306 0.048224 
1.000032 0.999836 -0.000295 0.048211 
1.000057 0.999796 -0.000264 0.048183 
1.000081 0.999784 -0.000223 0.048127 
1.000099 0.999798 -0.000206 0.048050 
1.000108 0.999824 -0.000248 0.047957 
1.000119 0.999845 -0.000373 0.047859 
1.000149 0.999856 -0.000595 0.047754 
1.000229 0.999844 -0.000901 0.047662 
1.000379 0.999734 -0.001237 0.047612 
1.000594 0.999488 -0.001461 0.047622 
1.000823 0.999300 -0.001419 0.047693 
1.000991 0.999299 -0.001155 0.047792 
1.001076 0.999368 -0.000832 0.047888 
1.001079 0.999433 -0.000529 0.047969 
1.000986 0.999504 -0.000272 0.048038 
1.000817 0.999608 -0.000085 0.048071 
1.000630 0.999756 -0.000003 0.048033 
1.000487 0.999922 -0.000037 0.047915 
1.000412 1.000060 -0.000160 0.047721 
1.000382 1.000136 -0.000338 0.047486 
1.000385 1.000150 -0.000519 0.047239 
1.000451 1.000142 -0.000638 0.047006 
1.000564 1.000150 -0.000677 0.046790 
1.000656 1.000157 -0.000703 0.046591 
1.000668 1.000013 -0.000843 0.046466 
1.000599 0.999503 -0.001209 0.046482 
1.000544 0.998614 -0.001746 0.046682 
1.000623 0.997639 -0.002236 0.047042 
1.000837 0.996965 -0.002476 0.047447 
1.001062 0.996925 -0.002391 0.047733 
1.001167 0.997528 -0.002046 0.047820 
1.001106 0.998353 -0.001603 0.047790 
1.000932 0.999056 -0.001221 0.047746 
1.000742 0.999581 -0.000964 0.047704 
1.000594 0.999953 -0.000812 0.047655 
1.000493 1.000186 -0.000714 0.047611 
1.000417 1.000314 -0.000623 0.047576 
1.000351 1.000386 -0.000515 0.047545 
1.000295 1.000437 -0.000410 0.047539 
1.000266 1.000473 -0.000336 0.047558 
1.000278 1.000508 -0.000298 0.047569 
1.000317 1.000540 -0.000306 0.047563 
1.000351 1.000543 -0.000383 0.047569 
1.000359 1.000515 -0.000554 0.047612 
1.000358 1.000458 -0.000865 0.047698 
1.000414 1.000314 -0.001353 0.047837 
1.000610 0.999962 -0.001974 0.048025 
1.000977 0.999401 -0.002567 0.048187 
1.001431 0.998819 -0.002938 0.048225 
1.001806 0.998448 -0.002953 0.048150 
1.001999 0.998404 -0.002592 0.048082 
1.002018 0.998587 -0.001979 0.048117 
1.001886 0.998818 -0.001330 0.048244 
1.001655 0.999025 -0.000820 0.048407 
1.001400 0.999208 -0.000513 0.048559 
1.001163 0.999367 -0.000389 0.048689 
1.000983 0.999516 -0.000392 0.048799 
1.000897 0.999643 -0.000468 0.048887 
1.000891 0.999727 -0.000573 0.048951 
1.000922 0.999769 -0.000664 0.049008 
1.000960 0.999784 -0.000726 0.049094 
1.000994 0.999769 -0.000770 0.049228 
1.001015 0.999708 -0.000829 0.049391 
1.001024 0.999553 -0.000944 0.049601 
1.001048 0.999241 -0.001166 0.049898 
1.001140 0.998791 -0.001515 0.050276 
1.001338 0.998349 -0.001889 0.050685 
1.001597 0.998074 -0.002135 0.051003 
1.001827 0.998029 -0.002181 0.051120 
1.001935 0.998224 -0.002057 0.051029 
1.001865 0.998609 -0.001827 0.050799 
1.001657 0.999028 -0.001571 0.050560 
1.001386 0.999313 -0.001355 0.050429 
1.001083 0.999422 -0.001173 0.050396 
1.000764 0.999432 -0.000994 0.050404 
1.000479 0.999411 -0.000827 0.050445 
1.000279 0.999413 -0.000668 0.050475 
1.000169 0.999464 -0.000513 0.050492 
1.000115 0.999555 -0.000377 0.050531 
1.000078 0.999682 -0.000270 0.050584 
1.000059 0.999822 -0.000201 0.050653 
1.000061 0.999939 -0.000168 0.050739 
1.000079 1.000016 -0.000159 0.050829 
1.000109 1.000066 -0.000165 0.050922 
1.000146 1.000091 -0.000184 0.051012 
1.000187 1.000084 -0.000210 0.051083 
1.000202 1.000055 -0.000220 0.051159 
1.000178 0.999999 -0.000206 0.051229 
1.000135 0.999937 -0.000189 0.051286 
1.000094 0.999886 -0.000177 0.051344 
1.000078 0.999832 -0.000154 0.051359 
1.000088 0.999782 -0.000122 0.051350 
1.000104 0.999748 -0.000083 0.051325 
1.000108 0.999732 -0.000038 0.051267 
1.000110 0.999732 0.000006 0.051201 
1.000112 0.999738 0.000047 0.051127 
1.000098 0.999751 0.000088 0.051023 
1.000081 0.999763 0.000130 0.050930 
1.000053 0.999773 0.000165 0.050853 
1.000004 0.999798 0.000185 0.050758 
0.999952 0.999832 0.000194 0.050682 
0.999903 0.999873 0.000183 0.050613 
0.999852 0.999920 0.000157 0.050555 
0.999810 0.999960 0.000119 0.050525 
0.999787 0.999988 0.000068 0.050491 
0.999772 1.000002 0.000013 0.050474 
0.999768 1.000000 -0.000043 0.050479 
0.999778 0.999981 -0.000090 0.050481 
0.999799 0.999952 -0.000125 0.050494 
0.999830 0.999913 -0.000148 0.050525 
0.999872 0.999864 -0.000148 0.050541 
0.999916 0.999812 -0.000139 0.050574 
0.999952 0.999766 -0.000117 0.050617 
0.999988 0.999725 -0.000077 0.050653 
1.000015 0.999680 -0.000037 0.050717 
1.000029 0.999672 0.000015 0.050757 
1.000043 0.999696 0.000063 0.050799 
