0.949450 0.963215 -0.005305 0.598324 
0.930090 0.953295 -0.014031 0.600274 
0.919991 0.942579 -0.023515 0.603207 
0.917412 0.930444 -0.031759 0.606021 
0.920542 0.917653 -0.037781 0.608113 
0.927634 0.904189 -0.040775 0.609658 
0.936915 0.890033 -0.039806 0.611110 
0.946850 0.876595 -0.034520 0.612582 
0.956009 0.865755 -0.025310 0.613959 
0.962699 0.858787 -0.013109 0.614935 
0.965089 0.856162 0.000754 0.615333 
0.962773 0.857707 0.014836 0.615278 
0.956747 0.863108 0.027922 0.615103 
0.947411 0.871955 0.038938 0.614969 
0.935302 0.883514 0.046823 0.614780 
0.922098 0.896922 0.051296 0.614381 
0.908707 0.910901 0.052248 0.613690 
0.895352 0.924058 0.049461 0.612837 
0.882844 0.935399 0.043259 0.612105 
0.872164 0.944277 0.034342 0.611764 
0.864208 0.950594 0.023520 0.611805 
0.859563 0.954300 0.011442 0.612236 
0.858654 0.954909 -0.001413 0.613221 
0.861662 0.951956 -0.014080 0.614563 
0.868156 0.945644 -0.025153 0.615892 
0.877575 0.936721 -0.033799 0.617216 
0.889619 0.926030 -0.039767 0.618744 
0.903910 0.914207 -0.042661 0.620942 
0.919556 0.901945 -0.041708 0.624428 
0.934445 0.890600 -0.036343 0.629369 
0.946299 0.881968 -0.026986 0.635778 
0.953609 0.877480 -0.015193 0.643423 
0.955801 0.877564 -0.003025 0.651972 
0.953332 0.881791 0.007764 0.661433 
0.946473 0.889452 0.015707 0.671896 
0.935946 0.900080 0.019670 0.683812 
0.923314 0.912741 0.018617 0.697722 
0.910407 0.925185 0.011590 0.713650 
0.899453 0.934746 -0.001414 0.731321 
0.892337 0.938792 -0.019747 0.750280 
0.890298 0.936067 -0.042037 0.769883 
0.893731 0.926381 -0.066684 0.789558 
0.901796 0.908928 -0.093285 0.808751 
0.911731 0.881109 -0.123590 0.827131 
0.917886 0.840165 -0.159575 0.844410 
0.918194 0.790713 -0.195258 0.859814 
0.916538 0.745138 -0.218639 0.873262 
0.917108 0.714369 -0.224785 0.885758 
0.923248 0.700707 -0.215250 0.897209 
0.937892 0.702300 -0.189548 0.906332 
0.958307 0.719012 -0.149201 0.912403 
0.975226 0.745144 -0.104165 0.912937 
0.981036 0.773002 -0.064754 0.907132 
0.975362 0.799504 -0.034836 0.897129 
0.962168 0.823698 -0.014352 0.884439 
0.944668 0.845290 -0.002505 0.870725 
0.925219 0.863908 0.001371 0.857428 
0.905706 0.879322 -0.001806 0.845389 
0.887573 0.891748 -0.011645 0.835081 
0.872192 0.901717 -0.028396 0.827016 
0.861061 0.907849 -0.052759 0.821602 
0.855755 0.906785 -0.085036 0.819639 
0.857295 0.894189 -0.125015 0.821306 
0.865112 0.863025 -0.173149 0.827979 
0.875771 0.813843 -0.225590 0.836694 
0.884856 0.756171 -0.272319 0.841824 
0.891957 0.702342 -0.303424 0.842767 
0.900179 0.666370 -0.311740 0.844696 
0.907547 0.651505 -0.297372 0.853500 
0.913582 0.656079 -0.263958 0.869828 
0.923541 0.680444 -0.214517 0.890201 
0.934833 0.715887 -0.159977 0.906557 
0.939704 0.751382 -0.112974 0.916107 
0.936112 0.784773 -0.077742 0.921466 
0.926577 0.816808 -0.054263 0.923834 
0.913725 0.846809 -0.042553 0.924901 
0.900535 0.872685 -0.042356 0.925685 
0.890313 0.891739 -0.051999 0.926548 
0.885442 0.901491 -0.068519 0.927592 
0.886526 0.900717 -0.088546 0.928475 
0.892735 0.890397 -0.109141 0.928856 
0.902182 0.872164 -0.129202 0.928430 
0.912175 0.847638 -0.149000 0.926658 
0.919117 0.816121 -0.170294 0.923136 
0.917372 0.775238 -0.196069 0.917119 
0.904661 0.726273 -0.225289 0.908487 
0.887868 0.676977 -0.250850 0.896662 
0.874542 0.642809 -0.262495 0.885118 
0.865486 0.633466 -0.255339 0.881282 
0.861849 0.648057 -0.230808 0.886031 
0.866516 0.684604 -0.191008 0.893739 
0.874763 0.733131 -0.145392 0.896185 
0.878848 0.779263 -0.106664 0.891244 
0.876681 0.817310 -0.079757 0.882841 
0.869841 0.847093 -0.064203 0.873113 
0.860832 0.868647 -0.058109 0.863383 
0.851912 0.883050 -0.059511 0.854782 
0.844939 0.892197 -0.066970 0.847650 
0.841539 0.896797 -0.079706 0.842166 
0.843021 0.896134 -0.096822 0.838745 
0.850004 0.889360 -0.117090 0.837270 
0.862061 0.875633 -0.139079 0.836687 
0.877475 0.854443 -0.161925 0.835654 
0.894201 0.824537 -0.185512 0.833808 
0.909243 0.783559 -0.210448 0.830335 
0.918050 0.730982 -0.236528 0.823365 
0.919444 0.673260 -0.258580 0.811745 
0.915439 0.628149 -0.267420 0.798361 
0.907257 0.609943 -0.258979 0.791829 
0.896945 0.621439 -0.235683 0.797933 
0.890431 0.661347 -0.199538 0.812270 
0.890090 0.716878 -0.157765 0.823348 
0.890858 0.770273 -0.122358 0.826649 
0.889376 0.813912 -0.099607 0.826211 
0.886738 0.846499 -0.089552 0.824478 
0.885559 0.867336 -0.089099 0.822235 
0.887761 0.876561 -0.094349 0.820227 
0.893751 0.875507 -0.101626 0.818797 
0.902437 0.865942 -0.108028 0.817341 
0.912243 0.850612 -0.112227 0.815208 
0.921811 0.832107 -0.114467 0.812046 
0.930078 0.812008 -0.115847 0.807483 
0.935814 0.790651 -0.118342 0.801060 
0.938104 0.766567 -0.124134 0.792151 
0.934681 0.736249 -0.135920 0.780400 
0.924635 0.695811 -0.155188 0.765389 
0.911126 0.647015 -0.177762 0.747703 
0.897136 0.608142 -0.192967 0.731089 
0.882282 0.597419 -0.195316 0.723183 
0.867637 0.615841 -0.186623 0.725726 
0.859688 0.657949 -0.165861 0.728747 
0.859235 0.711837 -0.136888 0.725292 
0.859548 0.762943 -0.110604 0.718093 
0.857287 0.803352 -0.093666 0.710290 
0.853904 0.832268 -0.086199 0.702781 
0.851852 0.851981 -0.086443 0.696349 
0.853294 0.863601 -0.092685 0.691306 
0.859735 0.867211 -0.102769 0.687201 
0.871578 0.862865 -0.114249 0.684231 
0.887903 0.851512 -0.124991 0.682184 
0.906380 0.834078 -0.133406 0.679786 
0.923989 0.811436 -0.138860 0.676527 
0.938961 0.784405 -0.142490 0.672072 
0.950503 0.752703 -0.146092 0.666278 
0.957439 0.714630 -0.152174 0.658704 
0.959232 0.667699 -0.162611 0.648681 
0.956135 0.615350 -0.175211 0.635914 
0.947789 0.574469 -0.184381 0.622570 
0.933365 0.561700 -0.188231 0.618071 
0.917649 0.578023 -0.185989 0.625235 
0.909808 0.618313 -0.172744 0.632139 
0.910937 0.674533 -0.150016 0.632626 
0.915343 0.732366 -0.128203 0.629526 
0.920468 0.777788 -0.114680 0.624665 
0.927384 0.804586 -0.108670 0.619061 
0.936832 0.815237 -0.105865 0.613427 
0.947874 0.814253 -0.102509 0.608100 
0.958733 0.805732 -0.096567 0.603335 
0.967514 0.793966 -0.087982 0.598826 
0.972905 0.782104 -0.078122 0.594101 
0.974467 0.771305 -0.068979 0.588580 
0.972592 0.760983 -0.062489 0.581548 
0.968082 0.748988 -0.060406 0.572542 
0.962135 0.732046 -0.063862 0.561636 
0.955676 0.706608 -0.073291 0.549014 
0.948513 0.667563 -0.089413 0.534816 
0.939897 0.616933 -0.109975 0.520747 
0.928793 0.573462 -0.129963 0.510482 
0.915960 0.555293 -0.145831 0.508007 
0.905137 0.564589 -0.154108 0.509823 
0.900090 0.598111 -0.150039 0.506996 
0.899923 0.650170 -0.134033 0.498263 
0.900462 0.706066 -0.115229 0.487820 
0.900226 0.751446 -0.102471 0.478479 
0.901292 0.782346 -0.097374 0.471211 
0.906150 0.800946 -0.097690 0.465759 
0.915805 0.809007 -0.100586 0.461753 
0.929761 0.808002 -0.103156 0.458846 
0.946751 0.800220 -0.103473 0.456345 
0.964670 0.787703 -0.100427 0.454139 
0.980622 0.772349 -0.093918 0.451538 
0.992308 0.755577 -0.085464 0.447585 
0.998940 0.737423 -0.077538 0.442441 
1.001176 0.715706 -0.072637 0.435839 
0.999972 0.686856 -0.072898 0.427423 
0.996152 0.647104 -0.079593 0.417425 
0.989654 0.597777 -0.092653 0.408110 
0.980783 0.552908 -0.110662 0.404319 
0.972649 0.529463 -0.129155 0.409358 
0.968902 0.532615 -0.140871 0.416339 
0.970488 0.561996 -0.141052 0.417066 
0.975649 0.613394 -0.130567 0.413425 
0.981548 0.670764 -0.114914 0.408186 
0.986979 0.716371 -0.099820 0.402355 
0.992400 0.743566 -0.086394 0.396691 
0.997425 0.756417 -0.072758 0.391479 
1.001024 0.761517 -0.057499 0.386858 
1.002176 0.763395 -0.040912 0.382511 
1.000295 0.765372 -0.024592 0.377714 
0.995746 0.768578 -0.010315 0.371694 
0.988844 0.772342 0.000260 0.364054 
0.980024 0.774574 0.005877 0.354507 
0.970718 0.772750 0.006169 0.343254 
0.962144 0.763317 0.001010 0.330974 
0.954457 0.741685 -0.010308 0.318847 
0.947949 0.703119 -0.028790 0.308114 
0.943532 0.645552 -0.053126 0.301419 
0.941637 0.583286 -0.079754 0.301443 
0.942302 0.540289 -0.104745 0.308384 
0.945415 0.525835 -0.122759 0.316759 
0.950340 0.541393 -0.129759 0.319534 
0.956079 0.587983 -0.124965 0.315534 
0.961163 0.651488 -0.113199 0.306862 
0.965464 0.708086 -0.101906 0.297393 
0.970422 0.744970 -0.093109 0.290532 
0.976476 0.764327 -0.085247 0.286292 
0.982686 0.773092 -0.076308 0.283404 
0.987556 0.775776 -0.065342 0.281611 
0.990003 0.775678 -0.052846 0.280691 
0.989685 0.775269 -0.040002 0.279729 
0.986519 0.775396 -0.028708 0.278668 
0.981084 0.775331 -0.020888 0.277132 
0.974760 0.772897 -0.017978 0.274418 
0.969112 0.764655 -0.020817 0.270638 
0.965389 0.746848 -0.029757 0.266710 
0.964664 0.714732 -0.045336 0.264478 
0.968143 0.664628 -0.068123 0.266833 
0.976610 0.605459 -0.096155 0.277420 
0.989959 0.558560 -0.124313 0.296328 
1.007039 0.536497 -0.146206 0.316866 
1.025558 0.540148 -0.156684 0.332008 
1.043143 0.571600 -0.152234 0.338679 
1.056801 0.624126 -0.132663 0.338109 
1.060959 0.679896 -0.102941 0.335391 
1.054520 0.725907 -0.069468 0.333404 
1.039379 0.757905 -0.040010 0.331131 
1.017885 0.781999 -0.017972 0.327847 
0.994549 0.804113 -0.002501 0.323517 
0.972060 0.824063 0.006133 0.317362 
0.952265 0.841573 0.008712 0.309100 
0.936190 0.855233 0.006099 0.298556 
0.924232 0.863631 -0.000662 0.285932 
0.916245 0.865159 -0.010948 0.271884 
0.911858 0.858014 -0.024520 0.257678 
0.911149 0.839705 -0.040804 0.245079 
0.914397 0.807298 -0.058846 0.235847 
0.921472 0.760251 -0.077075 0.231732 
0.931579 0.704730 -0.094146 0.234159 
0.943331 0.658289 -0.108522 0.243479 
0.955535 0.635324 -0.118762 0.257843 
0.968352 0.637463 -0.123515 0.273846 
0.982088 0.666385 -0.120806 0.287757 
0.993846 0.718251 -0.109672 0.296763 
0.998659 0.769322 -0.092900 0.302956 
0.996977 0.798162 -0.074532 0.311767 
0.992899 0.809278 -0.056429 0.324249 
0.987300 0.815159 -0.038408 0.339075 
0.979614 0.821319 -0.020395 0.355484 
0.969416 0.829615 -0.003704 0.372444 
0.956602 0.840229 0.010197 0.389378 
0.942198 0.852433 0.020179 0.405908 
0.927786 0.865761 0.026302 0.421750 
0.914407 0.880169 0.029127 0.436516 
0.902365 0.895697 0.028656 0.450308 
0.892335 0.912164 0.024108 0.463438 
0.885793 0.927591 0.014822 0.476235 
0.884502 0.937673 0.001780 0.489057 
0.889320 0.939305 -0.012044 0.501938 
0.899550 0.932689 -0.023356 0.514476 
0.913247 0.920034 -0.029745 0.526085 
0.927627 0.904466 -0.030138 0.536238 
0.940061 0.889084 -0.024929 0.544585 
0.948768 0.876152 -0.015226 0.551420 
0.952954 0.867236 -0.002413 0.557450 
0.952729 0.863429 0.011765 0.562788 
0.948421 0.865085 0.025506 0.567111 
0.940495 0.871639 0.037308 0.570335 
0.929641 0.881784 0.046076 0.572524 
0.916553 0.894109 0.051163 0.573897 
0.902113 0.907406 0.052306 0.574991 
0.887445 0.920314 0.049460 0.576153 
0.873770 0.931844 0.043079 0.577379 
0.862051 0.941403 0.033765 0.578940 
0.852975 0.948613 0.021927 0.581086 
0.847137 0.953150 0.008243 0.583791 
0.844910 0.954396 -0.006447 0.587158 
0.846477 0.951967 -0.021212 0.591198 
0.851832 0.946189 -0.035162 0.595712 
0.860941 0.937623 -0.047570 0.600617 
0.873848 0.926403 -0.057505 0.606050 
0.889950 0.912976 -0.063908 0.611997 
0.907196 0.898486 -0.065946 0.618188 
0.923812 0.884542 -0.063477 0.624499 
0.939683 0.873043 -0.057045 0.630950 
0.954786 0.865994 -0.047297 0.637383 
0.968882 0.865650 -0.035072 0.643618 
0.982040 0.874391 -0.021912 0.649338 
0.995207 0.894419 -0.009785 0.653771 
1.002020 0.907517 -0.004222 0.655546 
