0.986117 0.973366 -6.272031 1.087663 
0.984150 0.962328 -6.072644 1.089950 
0.983379 0.954984 -5.909371 1.092184 
0.983208 0.949832 -5.753928 1.093769 
0.984062 0.945869 -5.607434 1.094452 
0.985582 0.942502 -5.468094 1.094501 
0.986776 0.939495 -5.328743 1.094317 
0.987425 0.937021 -5.187522 1.094089 
0.987970 0.935385 -5.046912 1.093746 
0.986923 0.938181 -4.910954 1.089851 
0.985556 0.940804 -4.773046 1.085677 
0.985551 0.939550 -4.630085 1.084532 
0.985578 0.938709 -4.487849 1.083185 
0.985609 0.938172 -4.345839 1.081683 
0.985589 0.937883 -4.203493 1.080086 
0.985488 0.937815 -4.060359 1.078442 
0.985322 0.937952 -3.916385 1.076777 
0.985109 0.938270 -3.771502 1.075108 
0.984862 0.938725 -3.625375 1.073463 
0.984654 0.939140 -3.477393 1.072016 
0.984514 0.939517 -3.334328 1.070817 
0.984393 0.940002 -3.203148 1.069781 
0.984289 0.940568 -3.083542 1.068946 
0.984207 0.941181 -2.975372 1.068346 
0.984171 0.941800 -2.878708 1.068011 
0.984209 0.942372 -2.793656 1.067971 
0.984356 0.942828 -2.720175 1.068261 
0.984659 0.943076 -2.658125 1.068917 
0.985150 0.943021 -2.607438 1.069969 
0.985836 0.942583 -2.511319 1.071433 
0.986713 0.941721 -2.512741 1.073318 
0.987768 0.940431 -2.662317 1.075628 
0.988995 0.938739 -2.811382 1.078366 
0.990396 0.936685 -2.960755 1.081531 
0.991975 0.934290 -3.110955 1.085113 
0.993738 0.931530 -3.262303 1.089092 
0.995666 0.928345 -3.415159 1.093424 
0.997699 0.924727 -3.570124 1.098042 
0.999763 0.920770 -3.585647 1.102876 
1.001788 0.916644 -2.087843 1.107874 
1.003715 0.912546 -0.558615 1.112994 
1.005507 0.908646 -0.365110 1.118189 
1.007154 0.905031 -0.160466 1.123392 
1.008654 0.901691 0.055624 1.128521 
1.009998 0.898556 0.283381 1.133501 
1.011153 0.895595 0.522927 1.138255 
1.012074 0.892894 0.774308 1.142723 
1.012754 0.890595 1.037602 1.146888 
1.013206 0.888789 1.242078 1.150743 
1.013461 0.887484 1.384168 1.154272 
1.013597 0.886562 1.530293 1.157454 
1.013700 0.885833 1.678268 1.160277 
1.013808 0.885125 1.826734 1.162763 
1.013938 0.884338 1.975730 1.164972 
1.014113 0.883464 2.125390 1.166980 
1.014363 0.882496 2.275869 1.168868 
1.014715 0.881398 2.427353 1.170693 
1.015167 0.880137 2.580164 1.172472 
1.015723 0.878704 2.736465 1.174243 
1.016420 0.877072 2.892183 1.176095 
1.017233 0.875285 3.039662 1.178139 
1.018087 0.873463 3.178704 1.180479 
1.018956 0.871703 3.310743 1.183173 
1.019833 0.870024 3.435863 1.186221 
1.020692 0.868375 3.554021 1.189599 
1.021461 0.866809 3.665035 1.193245 
1.022059 0.865496 3.768343 1.197125 
1.022460 0.864573 3.861466 1.201293 
1.022688 0.864060 3.939819 1.205806 
1.022748 0.863933 4.003552 1.210656 
1.022644 0.864142 4.057492 1.215761 
1.022426 0.864557 4.104007 1.220990 
1.022134 0.865030 4.143489 1.226219 
1.021766 0.865504 4.175982 1.231378 
1.021300 0.866064 4.201318 1.236420 
1.020743 0.866749 4.218971 1.241331 
1.020145 0.867424 4.227191 1.246101 
1.019585 0.867894 4.227573 1.250668 
1.019086 0.868071 4.225823 1.254936 
1.018617 0.867977 4.224106 1.258832 
1.018157 0.867674 4.221560 1.262324 
1.017678 0.867271 4.217885 1.265418 
1.017151 0.866880 4.212890 1.268130 
1.016569 0.866549 4.206388 1.270451 
1.015948 0.866196 4.198122 1.272370 
1.015314 0.865735 4.188066 1.273875 
1.014695 0.865240 4.178086 1.274962 
1.014087 0.864873 4.169960 1.275667 
1.013455 0.864771 4.162628 1.276047 
1.012791 0.864996 4.154948 1.276140 
1.012114 0.865513 4.147090 1.275955 
1.011448 0.866200 4.139319 1.275489 
1.010823 0.866913 4.131829 1.274756 
1.010270 0.867575 4.124671 1.273810 
1.009820 0.868232 4.117930 1.272713 
1.009504 0.868953 4.112104 1.271521 
1.009338 0.869702 4.107753 1.270275 
1.009314 0.870392 4.104825 1.268983 
1.009425 0.870939 4.103105 1.267638 
1.009660 0.871283 4.102564 1.266267 
1.009996 0.871434 4.103083 1.264928 
1.010412 0.871479 4.104480 1.263687 
1.010893 0.871513 4.106520 1.262573 
1.011417 0.871578 4.109092 1.261571 
1.011951 0.871631 4.112269 1.260658 
1.012445 0.871617 4.116174 1.259815 
1.012842 0.871611 4.120785 1.259022 
1.013095 0.871744 4.125965 1.258299 
1.013170 0.872117 4.131545 1.257689 
1.013069 0.872797 4.137304 1.257192 
1.012821 0.873763 4.143049 1.256741 
1.012461 0.874873 4.148560 1.256226 
1.012011 0.875966 4.153688 1.255569 
1.011477 0.876954 4.158365 1.254750 
1.010863 0.877866 4.162754 1.253758 
1.010174 0.878790 4.167219 1.252578 
1.009414 0.879714 4.171888 1.251195 
1.008610 0.880551 4.176493 1.249573 
1.007805 0.881211 4.180638 1.247639 
1.007020 0.881617 4.184021 1.245335 
1.006263 0.881738 4.186380 1.242660 
1.005545 0.881625 4.187643 1.239654 
1.004873 0.881365 4.187964 1.236351 
1.004249 0.881045 4.187677 1.232763 
1.003661 0.880692 4.186916 1.228899 
1.003105 0.880251 4.185489 1.224781 
1.002596 0.879741 4.183241 1.220429 
1.002142 0.879253 4.180224 1.215882 
1.001730 0.878866 4.176614 1.211222 
1.001361 0.878643 4.172624 1.206532 
1.001060 0.878583 4.168559 1.201839 
1.000843 0.878608 4.164719 1.197137 
1.000694 0.878667 4.161281 1.192442 
1.000609 0.878723 4.158200 1.187791 
1.000608 0.878758 4.155599 1.183217 
1.000718 0.878837 4.153862 1.178741 
1.000948 0.878965 4.153417 1.174383 
1.001296 0.879086 4.154529 1.170148 
1.001754 0.879146 4.157247 1.166018 
1.002299 0.879076 4.161516 1.161960 
1.002899 0.878847 4.167134 1.157972 
1.003526 0.878517 4.173924 1.154058 
1.004170 0.878167 4.181819 1.150203 
1.004816 0.877866 4.190902 1.146383 
1.005443 0.877650 4.201081 1.142581 
1.006023 0.877481 4.212127 1.138781 
1.006523 0.877368 4.223769 1.134961 
1.006905 0.877376 4.235650 1.131111 
1.007145 0.877531 4.247448 1.127240 
1.007264 0.877844 4.258931 1.123352 
1.007298 0.878319 4.270114 1.119404 
1.007266 0.878902 4.281057 1.115350 
1.007152 0.879520 4.291662 1.111192 
1.006956 0.880095 4.301602 1.106945 
1.006682 0.880575 4.310753 1.102607 
1.006327 0.880994 4.319114 1.098168 
1.005903 0.881359 4.326609 1.093625 
1.005448 0.881600 4.333160 1.088968 
1.005010 0.881656 4.338590 1.084171 
1.004613 0.881470 4.342751 1.079222 
1.004268 0.881016 4.345520 1.074143 
1.003979 0.880348 4.346891 1.068971 
1.003739 0.879551 4.347007 1.063711 
1.003533 0.878709 4.346202 1.058356 
1.003361 0.877887 4.344705 1.052918 
1.003245 0.877063 4.342610 1.047420 
1.003204 0.876223 4.339998 1.041889 
1.003229 0.875420 4.336877 1.036370 
1.003305 0.874708 4.333350 1.030922 
1.003434 0.874165 4.329718 1.025590 
1.003606 0.873879 4.326396 1.020381 
1.003796 0.873832 4.323699 1.015289 
1.004001 0.873958 4.321743 1.010339 
1.004266 0.874174 4.320463 1.005575 
1.004634 0.874401 4.319904 1.001026 
1.005110 0.874654 4.320253 0.996710 
1.005668 0.874963 4.321676 0.992635 
1.006277 0.875301 4.324268 0.988791 
1.006917 0.875621 4.328047 0.985155 
1.007578 0.875846 4.333023 0.981719 
1.008268 0.875894 4.339163 0.978473 
1.008990 0.875783 4.346397 0.975402 
1.009738 0.875588 4.354654 0.972480 
1.010477 0.875404 4.363924 0.969672 
1.011154 0.875319 4.374086 0.966939 
1.011718 0.875332 4.384872 0.964241 
1.012132 0.875398 4.395937 0.961547 
1.012393 0.875525 4.406930 0.958855 
1.012545 0.875716 4.417800 0.956169 
1.012620 0.876013 4.428765 0.953450 
1.012595 0.876492 4.439959 0.950646 
1.012441 0.877147 4.451324 0.947740 
1.012147 0.877916 4.462641 0.944740 
1.011717 0.878710 4.473509 0.941656 
1.011168 0.879432 4.483547 0.938494 
1.010528 0.880074 4.492359 0.935269 
1.009856 0.880666 4.499549 0.932000 
1.009224 0.881142 4.505278 0.928685 
1.008674 0.881390 4.509973 0.925325 
1.008210 0.881334 4.513669 0.921945 
1.007840 0.880957 4.516087 0.918601 
1.007565 0.880315 4.516947 0.915336 
1.007376 0.879489 4.516117 0.912167 
1.007271 0.878576 4.513679 0.909101 
1.007259 0.877663 4.509790 0.906159 
1.007357 0.876730 4.504852 0.903368 
1.007572 0.875672 4.499816 0.900770 
1.007882 0.874489 4.495208 0.898415 
1.008244 0.873336 4.490761 0.896343 
1.008629 0.872432 4.486228 0.894570 
1.009005 0.871887 4.481708 0.893099 
1.009371 0.871681 4.477517 0.891927 
1.009766 0.871739 4.473977 0.891070 
1.010229 0.871943 4.471355 0.890556 
1.010771 0.872163 4.469890 0.890411 
1.011366 0.872386 4.469371 0.890653 
1.011983 0.872712 4.469008 0.891274 
1.012623 0.873170 4.468719 0.892256 
1.013310 0.873667 4.469136 0.893598 
1.014068 0.874047 4.470678 0.895311 
1.014911 0.874219 4.473421 0.897385 
1.015842 0.874216 4.477185 0.899786 
1.016823 0.874105 4.481758 0.902465 
1.017783 0.873987 4.487145 0.905362 
1.018655 0.873972 4.487270 0.908424 
1.019434 0.874049 4.476797 0.911611 
1.020165 0.874062 4.457928 0.914902 
1.020858 0.873936 4.432086 0.918291 
1.021470 0.873788 4.399272 0.921734 
1.021926 0.873834 4.359305 0.925137 
1.022150 0.874243 4.312127 0.928406 
1.022086 0.875038 4.257987 0.931479 
1.021706 0.876167 4.198193 0.934330 
1.021052 0.877512 4.194754 0.936970 
1.020235 0.878879 4.255043 0.939423 
1.019342 0.880155 4.175752 0.941698 
1.018390 0.881410 3.955976 0.943791 
1.017364 0.882741 3.744118 0.945689 
1.016277 0.884126 3.539358 0.947396 
1.015169 0.885450 3.341220 0.948952 
1.014094 0.886596 3.149559 0.950415 
1.013108 0.887517 2.965057 0.951855 
1.012294 0.888182 2.932949 0.953348 
1.011703 0.888596 2.923864 0.954953 
1.011282 0.888852 1.299639 0.956719 
1.010963 0.889023 -0.162399 0.958707 
1.010714 0.889110 0.033700 0.960978 
1.010531 0.889140 0.242201 0.963583 
1.010399 0.889246 0.463224 0.966538 
1.010278 0.889626 0.697199 0.969832 
1.010121 0.890429 0.944593 0.973463 
1.009890 0.891696 1.055446 0.977433 
1.009514 0.893402 1.104298 0.981735 
1.008922 0.895475 1.235035 0.986369 
1.008116 0.897807 1.367467 0.991324 
1.007140 0.900365 1.502508 0.996550 
1.006024 0.903217 1.640510 1.001973 
1.004768 0.906443 1.781734 1.007511 
1.003359 0.910039 1.926467 1.013096 
1.001802 0.913887 2.074913 1.018687 
1.000125 0.917796 2.227127 1.024247 
0.998368 0.921577 2.383212 1.029733 
0.996598 0.925091 2.544240 1.035100 
0.994905 0.928271 2.710859 1.040292 
0.993346 0.931136 2.882332 1.045245 
0.991935 0.933721 3.057744 1.049909 
0.990663 0.936018 3.229110 1.054258 
0.989515 0.937979 3.388580 1.058278 
0.988501 0.939541 3.535455 1.061958 
0.987636 0.940652 3.668927 1.065288 
0.986936 0.941307 3.788080 1.068261 
0.986414 0.941546 3.891968 1.070876 
0.986064 0.941449 3.979668 1.073138 
0.985855 0.941111 4.050447 1.075061 
0.985743 0.940614 4.103878 1.076665 
0.985691 0.940020 4.047122 1.077976 
0.985675 0.939370 3.887198 1.079015 
0.985684 0.938692 3.723765 1.079808 
0.985713 0.938007 3.556712 1.080387 
0.985767 0.937345 3.385942 1.080792 
0.985848 0.936622 3.211830 1.080929 
0.985964 0.935836 3.034676 1.080858 
0.986115 0.935104 2.854659 1.080782 
0.986277 0.934449 2.672214 1.080742 
0.986440 0.933887 4.126006 1.080772 
0.986618 0.933439 5.748634 1.080901 
0.986837 0.933156 5.908710 1.081162 
0.987129 0.933141 6.080647 1.081591 
0.987549 0.933590 6.263967 1.082218 
0.987621 0.931709 6.682093 1.078981 
0.987945 0.929395 7.072585 1.076258 
0.988782 0.929456 7.207629 1.078229 
0.989148 0.929805 7.342811 1.080503 
0.989208 0.930423 7.474988 1.083033 
0.989498 0.931570 7.603863 1.085800 
0.990213 0.933774 7.727244 1.088777 
0.991481 0.938072 7.842037 1.092066 
0.993722 0.946111 7.943029 1.095552 
0.997815 0.959873 8.017802 1.099060 
