0.978842 0.963203 -6.157777 0.728333 
0.975924 0.946798 -5.972903 0.730926 
0.974797 0.934996 -5.823478 0.733859 
0.974673 0.926372 -5.683164 0.736303 
0.975785 0.919859 -5.551143 0.737862 
0.977547 0.914664 -5.422307 0.738796 
0.978866 0.910318 -5.289701 0.739528 
0.979681 0.906871 -5.152955 0.740222 
0.980568 0.904603 -5.015851 0.740766 
0.979402 0.908894 -4.879602 0.737331 
0.977700 0.912821 -4.742912 0.733524 
0.977667 0.910850 -4.605816 0.733047 
0.977675 0.909538 -4.468915 0.732353 
0.977672 0.908727 -4.331629 0.731483 
0.977590 0.908313 -4.193431 0.730499 
0.977405 0.908233 -4.054097 0.729447 
0.977136 0.908447 -3.913774 0.728355 
0.976800 0.908913 -3.772515 0.727243 
0.976396 0.909573 -3.630021 0.726147 
0.976008 0.910167 -3.485716 0.725262 
0.975678 0.910703 -3.346132 0.724649 
0.975361 0.911395 -3.217969 0.724228 
0.975062 0.912192 -3.100976 0.724049 
0.974802 0.913041 -2.995140 0.724154 
0.974616 0.913879 -2.900628 0.724582 
0.974537 0.914631 -2.817586 0.725375 
0.974609 0.915204 -2.745971 0.726579 
0.974877 0.915477 -2.685566 0.728245 
0.975378 0.915321 -2.635995 0.730416 
0.976131 0.914633 -2.540159 0.733124 
0.977143 0.913351 -2.541300 0.736388 
0.978413 0.911464 -2.690568 0.740217 
0.979936 0.909012 -2.839470 0.744613 
0.981710 0.906050 -2.988728 0.749564 
0.983733 0.902605 -3.138735 0.755048 
0.986002 0.898638 -3.289696 0.761026 
0.988483 0.894072 -3.441889 0.767441 
0.991099 0.888920 -3.595742 0.774213 
0.993765 0.883344 -3.609913 0.781261 
0.996401 0.877565 -2.111544 0.788500 
0.998930 0.871828 -0.585803 0.795848 
1.001300 0.866362 -0.402616 0.803219 
1.003493 0.861278 -0.215275 0.810497 
1.005498 0.856542 -0.023466 0.817560 
1.007287 0.852071 0.172998 0.824304 
1.008816 0.847848 0.374130 0.830638 
1.010036 0.844023 0.579865 0.836498 
1.010939 0.840809 0.789900 0.841847 
1.011549 0.838273 0.932802 0.846645 
1.011916 0.836374 0.994541 0.850860 
1.012158 0.834962 1.040525 0.854470 
1.012375 0.833770 1.079226 0.857459 
1.012589 0.832564 1.110976 0.859876 
1.012819 0.831254 1.135966 0.861823 
1.013092 0.829840 1.154372 0.863415 
1.013448 0.828315 1.166385 0.864767 
1.013926 0.826630 1.172128 0.865960 
1.014528 0.824702 1.171731 0.867038 
1.015274 0.822506 1.157515 0.868075 
1.016238 0.820013 1.140560 0.869201 
1.017364 0.817274 1.131721 0.870561 
1.018539 0.814473 1.123128 0.872301 
1.019737 0.811769 1.114834 0.874499 
1.020939 0.809176 1.106832 0.877166 
1.022102 0.806659 1.098997 0.880281 
1.023136 0.804322 1.091006 0.883789 
1.023940 0.802357 1.082222 0.887651 
1.024497 0.800939 1.071145 0.891908 
1.024854 0.800065 1.064642 0.896610 
1.024994 0.799680 1.063815 0.901726 
1.024911 0.799766 1.062383 0.907151 
1.024657 0.800173 1.060946 0.912719 
1.024262 0.800688 1.059623 0.918286 
1.023724 0.801275 1.058339 0.923774 
1.023035 0.802046 1.056885 0.929112 
1.022222 0.802988 1.054795 0.934254 
1.021365 0.803901 1.051293 0.939174 
1.020562 0.804512 1.047920 0.943797 
1.019821 0.804729 1.045801 0.948004 
1.019086 0.804629 1.043684 0.951713 
1.018325 0.804266 1.040869 0.954896 
1.017517 0.803752 1.036998 0.957573 
1.016658 0.803264 1.031922 0.959761 
1.015759 0.802837 1.025534 0.961437 
1.014853 0.802329 1.017748 0.962592 
1.013967 0.801645 1.008815 0.963236 
1.013137 0.800870 1.000046 0.963374 
1.012348 0.800254 0.992415 0.963042 
1.011556 0.799973 0.985287 0.962318 
1.010772 0.800037 0.978037 0.961260 
1.010029 0.800426 0.970777 0.959879 
1.009361 0.801030 0.963750 0.958163 
1.008788 0.801622 0.957057 0.956131 
1.008336 0.802094 0.950756 0.953867 
1.008035 0.802526 0.944954 0.951455 
1.007925 0.802991 0.939997 0.948955 
1.008019 0.803465 0.936311 0.946413 
1.008306 0.803809 0.933948 0.943848 
1.008773 0.803907 0.932824 0.941248 
1.009393 0.803741 0.932894 0.938639 
1.010129 0.803327 0.933999 0.936098 
1.010942 0.802744 0.935921 0.933717 
1.011806 0.802157 0.938540 0.931536 
1.012693 0.801656 0.941837 0.929532 
1.013556 0.801188 0.945884 0.927670 
1.014329 0.800707 0.950719 0.925925 
1.014941 0.800273 0.956214 0.924272 
1.015329 0.800067 0.962204 0.922722 
1.015458 0.800244 0.968506 0.921331 
1.015335 0.800836 0.974910 0.920120 
1.014993 0.801820 0.981269 0.919012 
1.014475 0.803086 0.987498 0.917873 
1.013806 0.804407 0.993466 0.916604 
1.012997 0.805648 0.999051 0.915179 
1.012063 0.806848 1.004252 0.913587 
1.011012 0.808073 1.009243 0.911800 
1.009856 0.809313 1.014140 0.909802 
1.008632 0.810430 1.018793 0.907559 
1.007388 0.811275 1.022958 0.904987 
1.006151 0.811799 1.026415 0.902021 
1.004942 0.811983 1.028960 0.898667 
1.003788 0.811845 1.030509 0.894966 
1.002708 0.811537 1.031200 0.890945 
1.001710 0.811177 1.031248 0.886615 
1.000787 0.810738 1.030731 0.881989 
0.999941 0.810155 1.029583 0.877092 
0.999195 0.809424 1.027776 0.871956 
0.998558 0.808682 1.025408 0.866622 
0.998020 0.808107 1.022613 0.861196 
0.997602 0.807739 1.019548 0.855767 
0.997335 0.807556 1.016487 0.850330 
0.997219 0.807540 1.013714 0.844868 
0.997232 0.807545 1.011277 0.839415 
0.997373 0.807443 1.009133 0.834032 
0.997662 0.807267 1.007487 0.828758 
0.998126 0.807099 1.006707 0.823621 
0.998768 0.806983 1.007144 0.818638 
0.999583 0.806856 1.008981 0.813810 
1.000556 0.806586 1.012263 0.809085 
1.001637 0.806121 1.016945 0.804425 
1.002769 0.805471 1.022843 0.799862 
1.003908 0.804645 1.029783 0.795419 
1.005034 0.803794 1.037779 0.791068 
1.006120 0.803082 1.046882 0.786770 
1.007137 0.802525 1.056965 0.782496 
1.008051 0.802076 1.067835 0.778216 
1.008818 0.801720 1.079249 0.773901 
1.009388 0.801534 1.090910 0.769537 
1.009726 0.801632 1.102536 0.765173 
1.009856 0.802033 1.113926 0.760837 
1.009821 0.802696 1.125104 0.756447 
1.009634 0.803630 1.136117 0.751923 
1.009296 0.804699 1.146747 0.747264 
1.008820 0.805716 1.156725 0.742489 
1.008207 0.806644 1.166013 0.737591 
1.007451 0.807518 1.174581 0.732565 
1.006575 0.808352 1.182332 0.727416 
1.005628 0.809061 1.189174 0.722145 
1.004674 0.809506 1.194994 0.716711 
1.003750 0.809625 1.199687 0.711083 
1.002885 0.809427 1.203122 0.705291 
1.002105 0.808910 1.205261 0.699379 
1.001417 0.808189 1.206278 0.693346 
1.000805 0.807416 1.206444 0.687188 
1.000279 0.806617 1.205918 0.680932 
0.999871 0.805755 1.204797 0.674612 
0.999602 0.804804 1.203179 0.668255 
0.999469 0.803841 1.201127 0.661905 
0.999457 0.803026 1.198730 0.655639 
0.999579 0.802446 1.196215 0.649496 
0.999829 0.802130 1.193945 0.643466 
1.000173 0.802121 1.192196 0.637547 
1.000601 0.802295 1.191053 0.631789 
1.001158 0.802471 1.190512 0.626256 
1.001876 0.802617 1.190652 0.620974 
1.002749 0.802781 1.191610 0.615947 
1.003747 0.803013 1.193535 0.611176 
1.004832 0.803290 1.196535 0.606646 
1.005975 0.803484 1.200677 0.602325 
1.007149 0.803506 1.205990 0.598212 
1.008333 0.803334 1.212417 0.594312 
1.009518 0.802951 1.219867 0.590604 
1.010690 0.802486 1.228235 0.587046 
1.011799 0.802121 1.237449 0.583584 
1.012783 0.801918 1.247405 0.580170 
1.013594 0.801852 1.257930 0.576765 
1.014198 0.801876 1.268780 0.573343 
1.014587 0.801993 1.279707 0.569919 
1.014788 0.802304 1.290611 0.566508 
1.014829 0.802882 1.301560 0.563046 
1.014696 0.803744 1.312599 0.559453 
1.014364 0.804929 1.323604 0.555712 
1.013822 0.806315 1.334385 0.551848 
1.013085 0.807699 1.344687 0.547880 
1.012184 0.809002 1.354195 0.543819 
1.011163 0.810234 1.362574 0.539682 
1.010084 0.811419 1.369631 0.535485 
1.009020 0.812487 1.375462 0.531222 
1.008026 0.813250 1.380251 0.526876 
1.007124 0.813608 1.383940 0.522486 
1.006336 0.813581 1.386300 0.518132 
1.005674 0.813160 1.387217 0.513863 
1.005141 0.812445 1.386627 0.509692 
1.004744 0.811618 1.384570 0.505619 
1.004493 0.810763 1.381233 0.501665 
1.004396 0.809831 1.377046 0.497867 
1.004461 0.808732 1.372550 0.494277 
1.004668 0.807470 1.368016 0.490952 
1.004984 0.806310 1.363339 0.487947 
1.005383 0.805490 1.358485 0.485275 
1.005833 0.805049 1.353680 0.482930 
1.006329 0.805022 1.349123 0.480913 
1.006899 0.805324 1.345018 0.479255 
1.007578 0.805750 1.341568 0.478003 
1.008372 0.806162 1.338887 0.477196 
1.009268 0.806575 1.336841 0.476846 
1.010234 0.807100 1.335256 0.476938 
1.011253 0.807797 1.334220 0.477453 
1.012330 0.808494 1.334047 0.478385 
1.013472 0.808999 1.334968 0.479750 
1.014687 0.809290 1.336943 0.481547 
1.015966 0.809359 1.339841 0.483738 
1.017272 0.809275 1.343471 0.486257 
1.018533 0.809211 1.347106 0.489011 
1.019689 0.809301 1.349290 0.491925 
1.020718 0.809529 1.349750 0.494959 
1.021625 0.809758 1.349486 0.498083 
1.022409 0.809884 1.349086 0.501283 
1.023030 0.810100 1.348644 0.504506 
1.023412 0.810686 1.348124 0.507627 
1.023477 0.811743 1.347574 0.510524 
1.023164 0.813332 1.347001 0.513112 
1.022440 0.815428 1.344397 0.515362 
1.021384 0.817810 1.336339 0.517312 
1.020121 0.820232 1.325537 0.519009 
1.018720 0.822598 1.316057 0.520455 
1.017221 0.824965 1.307517 0.521647 
1.015632 0.827441 1.299291 0.522575 
1.013979 0.829939 1.290907 0.523248 
1.012314 0.832268 1.282003 0.523739 
1.010706 0.834335 1.272227 0.524152 
1.009234 0.836061 1.259382 0.524609 
1.008050 0.837328 1.242992 0.525227 
1.007185 0.838202 1.232135 0.526077 
1.006527 0.838876 1.230398 0.527209 
1.006010 0.839409 1.233781 0.528698 
1.005598 0.839812 1.242181 0.530638 
1.005280 0.840102 1.255695 0.533115 
1.005044 0.840477 1.274517 0.536187 
1.004864 0.841217 1.299093 0.539860 
1.004695 0.842459 1.330270 0.544128 
1.004489 0.844270 1.371059 0.548967 
1.004115 0.846703 1.426087 0.554337 
1.003452 0.849685 1.493953 0.560214 
1.002506 0.853028 1.571437 0.566590 
1.001330 0.856690 1.658964 0.573421 
0.999968 0.860753 1.756796 0.580621 
0.998431 0.865321 1.865090 0.588088 
0.996715 0.870374 1.984073 0.595715 
0.994818 0.875735 2.113980 0.603418 
0.992764 0.881181 2.254803 0.611123 
0.990594 0.886483 2.405733 0.618762 
0.988393 0.891432 2.564754 0.626282 
0.986274 0.895917 2.730107 0.633624 
0.984322 0.899962 2.900786 0.640715 
0.982570 0.903613 3.075749 0.647486 
0.981009 0.906851 3.246924 0.653889 
0.979624 0.909603 3.406431 0.659895 
0.978423 0.911783 3.553573 0.665485 
0.977426 0.913332 3.687501 0.670647 
0.976653 0.914244 3.807190 0.675377 
0.976117 0.914573 3.911538 0.679685 
0.975809 0.914431 3.999553 0.683583 
0.975691 0.913947 4.070506 0.687090 
0.975715 0.913231 4.123947 0.690231 
0.975832 0.912364 4.067006 0.693034 
0.976011 0.911402 3.906702 0.695526 
0.976237 0.910389 3.742687 0.697739 
0.976502 0.909366 3.574807 0.699710 
0.976807 0.908386 3.402907 0.701488 
0.977138 0.907291 3.227507 0.702985 
0.977497 0.906080 3.048928 0.704278 
0.977895 0.904958 2.867116 0.705580 
0.978300 0.903965 2.682375 0.706932 
0.978698 0.903136 4.133350 0.708371 
0.979109 0.902528 5.752689 0.709928 
0.979572 0.902242 5.909118 0.711633 
0.980142 0.902448 6.077183 0.713514 
0.980908 0.903417 6.256502 0.715579 
0.981019 0.899990 6.676506 0.713576 
0.981458 0.895879 7.068563 0.712288 
0.982755 0.896216 7.197197 0.716027 
0.983398 0.897060 7.323408 0.719994 
0.983657 0.898569 7.446038 0.724214 
0.984179 0.901253 7.565645 0.728633 
0.985360 0.905961 7.681541 0.733187 
0.987546 0.914027 7.791343 0.737879 
0.991253 0.927274 7.889036 0.742347 
0.997751 0.947947 7.965536 0.746166 
