0.993795 0.997633 0.000878 0.939430 
0.991674 0.997465 0.000206 0.940310 
0.990964 0.996967 -0.000957 0.941078 
0.991148 0.995970 -0.002120 0.941619 
0.991886 0.994864 -0.003183 0.941787 
0.992981 0.993725 -0.004094 0.941671 
0.994238 0.992239 -0.004596 0.941451 
0.995507 0.990476 -0.004474 0.941244 
0.996687 0.988928 -0.003792 0.941023 
0.997516 0.987862 -0.002711 0.940575 
0.997797 0.987264 -0.001389 0.939792 
0.997540 0.987072 0.000054 0.938655 
0.996830 0.987268 0.001544 0.937117 
0.995751 0.987826 0.002876 0.935190 
0.994429 0.988722 0.003907 0.932999 
0.993153 0.990050 0.004707 0.930747 
0.991972 0.991687 0.005163 0.928588 
0.990737 0.993282 0.005047 0.926562 
0.989530 0.994654 0.004401 0.924750 
0.988556 0.995720 0.003413 0.923251 
0.987955 0.996561 0.002237 0.922025 
0.987823 0.997209 0.000975 0.921031 
0.988159 0.997386 -0.000323 0.920275 
0.988880 0.996893 -0.001546 0.919729 
0.989861 0.995909 -0.002516 0.919347 
0.991032 0.994808 -0.003148 0.919042 
0.992357 0.993783 -0.003460 0.918677 
0.993767 0.992790 -0.003470 0.918283 
0.995221 0.991772 -0.003111 0.918060 
0.996528 0.990846 -0.002228 0.918097 
0.997344 0.990328 -0.000854 0.918376 
0.997577 0.990505 0.000711 0.918779 
0.997318 0.991333 0.002077 0.919173 
0.996688 0.992550 0.003017 0.919595 
0.995812 0.993987 0.003488 0.920175 
0.994853 0.995626 0.003495 0.921027 
0.994013 0.997338 0.003055 0.922164 
0.993392 0.998777 0.002175 0.923512 
0.993099 0.999600 0.000968 0.924994 
0.993204 0.999506 -0.000435 0.926539 
0.993739 0.998493 -0.002020 0.928103 
0.994842 0.996769 -0.003873 0.929692 
0.996710 0.994325 -0.006189 0.931295 
0.999528 0.990856 -0.009242 0.932896 
1.003312 0.985624 -0.013150 0.934462 
1.007555 0.977908 -0.017584 0.935640 
1.011347 0.968900 -0.021415 0.935866 
1.013891 0.961107 -0.023451 0.935230 
1.014885 0.956448 -0.022999 0.934698 
1.014504 0.956333 -0.019761 0.935309 
1.012841 0.961214 -0.014289 0.937436 
1.009935 0.969836 -0.008045 0.940478 
1.006196 0.978906 -0.003058 0.943203 
1.002418 0.985265 -0.000469 0.944908 
0.999387 0.988552 0.000403 0.945810 
0.997259 0.990032 0.000617 0.946388 
0.995738 0.990727 0.000612 0.947036 
0.994621 0.991072 0.000492 0.947854 
0.993826 0.991347 0.000262 0.948779 
0.993357 0.992096 -0.000221 0.949861 
0.993347 0.993443 -0.001325 0.951261 
0.994082 0.994686 -0.003445 0.953151 
0.995858 0.994723 -0.006912 0.955691 
0.998712 0.992234 -0.011855 0.958861 
1.002135 0.985901 -0.018282 0.962196 
1.005483 0.975349 -0.025654 0.964709 
1.008543 0.963032 -0.031912 0.965627 
1.011477 0.952740 -0.034608 0.965824 
1.013720 0.947071 -0.032614 0.967154 
1.013725 0.947788 -0.026528 0.970631 
1.010789 0.955122 -0.018519 0.975881 
1.006220 0.966800 -0.010993 0.981568 
1.002140 0.978458 -0.005339 0.986212 
0.999349 0.986409 -0.001967 0.989180 
0.997451 0.990596 -0.000406 0.990848 
0.996121 0.992784 0.000101 0.991787 
0.995243 0.994061 -0.000053 0.992370 
0.994755 0.994955 -0.000750 0.992807 
0.994684 0.995413 -0.001966 0.993245 
0.995169 0.994930 -0.003533 0.993839 
0.996354 0.993331 -0.005294 0.994693 
0.998455 0.990864 -0.007332 0.995910 
1.001642 0.987527 -0.009859 0.997481 
1.005710 0.982895 -0.012935 0.999122 
1.009838 0.976338 -0.016671 1.000346 
1.012725 0.967285 -0.021342 1.000489 
1.013729 0.956840 -0.025851 0.999344 
1.013390 0.948192 -0.027952 0.998109 
1.012494 0.944589 -0.026252 0.998366 
1.011141 0.947953 -0.020877 1.000354 
1.008851 0.957806 -0.013583 1.003089 
1.005212 0.970810 -0.007057 1.005477 
1.000740 0.982112 -0.003200 1.006900 
0.996740 0.988655 -0.001987 1.007319 
0.994030 0.991114 -0.002187 1.007205 
0.992553 0.991701 -0.002724 1.006970 
0.991926 0.991755 -0.003141 1.006635 
0.991767 0.991932 -0.003358 1.006100 
0.991829 0.992371 -0.003594 1.005471 
0.992165 0.992650 -0.004161 1.004996 
0.993122 0.992386 -0.005255 1.004814 
0.995119 0.991310 -0.006908 1.005029 
0.998355 0.989098 -0.009005 1.005643 
1.002607 0.985345 -0.011415 1.006407 
1.007247 0.979455 -0.014101 1.006873 
1.011407 0.970825 -0.017015 1.006683 
1.014446 0.960536 -0.019225 1.005870 
1.015895 0.952339 -0.019044 1.005396 
1.014983 0.950201 -0.015926 1.006666 
1.011593 0.955602 -0.011020 1.009934 
1.006741 0.967151 -0.006096 1.014096 
1.001696 0.980405 -0.002812 1.017545 
0.997579 0.990058 -0.001608 1.019288 
0.994950 0.994402 -0.001585 1.019547 
0.993614 0.995459 -0.001944 1.019004 
0.993154 0.995535 -0.002492 1.018071 
0.993276 0.995440 -0.003255 1.017024 
0.993848 0.995155 -0.004142 1.016082 
0.994795 0.994553 -0.004939 1.015379 
0.996039 0.993472 -0.005421 1.015010 
0.997513 0.991823 -0.005391 1.014988 
0.999102 0.989656 -0.004783 1.015148 
1.000838 0.987157 -0.003963 1.015136 
1.002757 0.984273 -0.003674 1.014559 
1.004526 0.980331 -0.004534 1.013087 
1.005650 0.974438 -0.006773 1.010481 
1.006060 0.967435 -0.009350 1.006992 
1.006245 0.963358 -0.009888 1.003436 
1.005801 0.965419 -0.007956 1.000293 
1.003618 0.971950 -0.005801 0.997157 
0.999923 0.978717 -0.004927 0.993662 
0.995977 0.983055 -0.004929 0.990258 
0.992842 0.985977 -0.004566 0.987537 
0.990677 0.989079 -0.003680 0.985476 
0.989208 0.991810 -0.003062 0.983637 
0.988427 0.993824 -0.002971 0.981813 
0.988398 0.995212 -0.003364 0.980062 
0.989160 0.995696 -0.004058 0.978503 
0.990558 0.995184 -0.004713 0.977265 
0.992312 0.993931 -0.005064 0.976369 
0.994244 0.992412 -0.005086 0.975699 
0.996129 0.990852 -0.004837 0.975088 
0.997765 0.989110 -0.004427 0.974457 
0.999200 0.986869 -0.004085 0.973811 
1.000654 0.983701 -0.004100 0.973076 
1.002126 0.979056 -0.004794 0.972110 
1.003425 0.973378 -0.005955 0.970858 
1.004403 0.970051 -0.006295 0.969301 
1.004279 0.971596 -0.005936 0.967136 
1.002574 0.976734 -0.006185 0.963854 
0.999806 0.982500 -0.007152 0.959831 
0.997087 0.985825 -0.008060 0.956369 
0.995497 0.988150 -0.007457 0.953944 
0.994776 0.991332 -0.005897 0.952102 
0.994498 0.993508 -0.004945 0.950447 
0.994816 0.994063 -0.004526 0.948911 
0.995575 0.993634 -0.004187 0.947495 
0.996469 0.992635 -0.003693 0.946067 
0.997392 0.991337 -0.003067 0.944505 
0.998406 0.989967 -0.002382 0.942749 
0.999431 0.988715 -0.001607 0.940759 
1.000068 0.987704 -0.000804 0.938466 
1.000236 0.986880 -0.000321 0.935767 
1.000327 0.985771 -0.000600 0.932564 
1.000632 0.983594 -0.001876 0.928870 
1.001404 0.979691 -0.004023 0.924718 
1.002516 0.974735 -0.006512 0.920231 
1.003183 0.972733 -0.008425 0.915549 
1.002139 0.974830 -0.010513 0.910942 
0.999280 0.976018 -0.014200 0.906985 
0.996447 0.974176 -0.017944 0.904272 
0.995117 0.972965 -0.018771 0.902392 
0.994808 0.976677 -0.015888 0.900274 
0.994264 0.983950 -0.011615 0.897583 
0.993318 0.990023 -0.008336 0.894761 
0.992677 0.993069 -0.006495 0.892421 
0.992862 0.993667 -0.005617 0.890815 
0.993943 0.993006 -0.005213 0.889818 
0.995589 0.992008 -0.004964 0.889069 
0.997199 0.991006 -0.004582 0.888245 
0.998338 0.990005 -0.003934 0.887211 
0.998864 0.988949 -0.003108 0.886007 
0.999041 0.987861 -0.002191 0.884752 
0.999196 0.986840 -0.001273 0.883572 
0.999636 0.985966 -0.000539 0.882470 
1.000279 0.984833 -0.000576 0.881355 
1.000307 0.983256 -0.002204 0.880053 
0.999107 0.982661 -0.005807 0.878239 
0.996843 0.982751 -0.011610 0.876236 
0.994960 0.981612 -0.018602 0.874995 
0.995213 0.979157 -0.023960 0.874768 
0.997694 0.977759 -0.025141 0.874798 
1.000629 0.980217 -0.021929 0.874546 
1.002370 0.985073 -0.016704 0.874113 
1.002855 0.988561 -0.011873 0.873762 
1.002740 0.989547 -0.008057 0.873629 
1.002365 0.989056 -0.004992 0.873532 
1.001813 0.988117 -0.002447 0.873224 
1.001180 0.987373 -0.000356 0.872529 
1.000439 0.987124 0.001319 0.871388 
0.999564 0.987402 0.002558 0.869811 
0.998468 0.988031 0.003252 0.867804 
0.997141 0.988825 0.003391 0.865436 
0.996000 0.989912 0.003271 0.862806 
0.995313 0.991616 0.003011 0.860058 
0.994730 0.993418 0.001804 0.857370 
0.993639 0.993023 -0.002030 0.855269 
0.992286 0.988360 -0.009265 0.854652 
0.992013 0.979717 -0.018454 0.856035 
0.993799 0.969765 -0.026783 0.859000 
0.997350 0.962184 -0.031625 0.862281 
1.001333 0.959913 -0.031675 0.864344 
1.003992 0.964087 -0.027490 0.864589 
1.004460 0.972411 -0.021417 0.863765 
1.003489 0.980178 -0.015814 0.863076 
1.002253 0.984988 -0.011507 0.863045 
1.001316 0.987413 -0.008286 0.863301 
1.000735 0.988291 -0.005672 0.863472 
1.000365 0.988316 -0.003284 0.863427 
0.999960 0.988073 -0.000937 0.863185 
0.999290 0.987950 0.001324 0.862917 
0.998396 0.988177 0.003384 0.862763 
0.997423 0.988906 0.005187 0.862742 
0.996318 0.990210 0.006438 0.862797 
0.994971 0.991948 0.006465 0.862967 
0.993493 0.993460 0.004229 0.863480 
0.992272 0.992982 -0.001650 0.864850 
0.992291 0.988578 -0.011442 0.867835 
0.994936 0.980373 -0.022834 0.872433 
1.000474 0.971399 -0.032134 0.877240 
1.007196 0.965402 -0.036660 0.880603 
1.012697 0.964216 -0.035819 0.882226 
1.015560 0.967640 -0.030596 0.883273 
1.015457 0.973670 -0.022780 0.885061 
1.013033 0.979034 -0.014728 0.887961 
1.009683 0.982106 -0.008206 0.891351 
1.006356 0.983749 -0.003561 0.894531 
1.003268 0.985002 -0.000562 0.897211 
1.000534 0.986345 0.001089 0.899314 
0.998346 0.987819 0.001728 0.900772 
0.996654 0.989191 0.001708 0.901555 
0.995257 0.990383 0.001372 0.901837 
0.993952 0.991592 0.000869 0.901989 
0.992595 0.993081 -0.000005 0.902382 
0.991268 0.994702 -0.001708 0.903252 
0.990207 0.995499 -0.004957 0.904935 
0.989762 0.993837 -0.010581 0.907999 
0.990536 0.989220 -0.018432 0.912632 
0.993105 0.983168 -0.026452 0.917783 
0.997176 0.977678 -0.031814 0.921645 
1.001518 0.974628 -0.032988 0.923328 
1.004895 0.975011 -0.030368 0.923351 
1.006625 0.978005 -0.025240 0.922851 
1.006594 0.981869 -0.019095 0.922922 
1.005271 0.984922 -0.013499 0.923905 
1.003354 0.986536 -0.009144 0.925323 
1.001412 0.987196 -0.005796 0.926732 
0.999815 0.987468 -0.003119 0.928011 
0.998621 0.987837 -0.000801 0.929172 
0.997607 0.988674 0.001301 0.930331 
0.996431 0.990052 0.002984 0.931555 
0.994950 0.991778 0.003951 0.932833 
0.993410 0.993609 0.004180 0.934155 
0.992093 0.995351 0.003834 0.935490 
0.991090 0.996924 0.003010 0.936796 
0.990487 0.998270 0.001692 0.938082 
0.990491 0.999053 -0.000041 0.939388 
0.991253 0.998860 -0.001846 0.940748 
0.992625 0.997639 -0.003224 0.942155 
0.994275 0.995705 -0.003869 0.943501 
0.995853 0.993509 -0.003736 0.944640 
0.997147 0.991450 -0.002917 0.945524 
0.998098 0.989799 -0.001577 0.946132 
0.998542 0.988703 0.000112 0.946524 
0.998260 0.988271 0.001916 0.946780 
0.997295 0.988578 0.003549 0.946857 
0.995911 0.989540 0.004741 0.946656 
0.994435 0.990875 0.005394 0.946097 
0.993061 0.992225 0.005564 0.945163 
0.991749 0.993345 0.005341 0.943946 
0.990456 0.994222 0.004816 0.942546 
0.989237 0.994860 0.004019 0.941007 
0.988233 0.995349 0.003011 0.939397 
0.987550 0.995853 0.001836 0.937771 
0.987218 0.996303 0.000487 0.936210 
0.987243 0.996485 -0.000970 0.934804 
0.987602 0.996247 -0.002408 0.933619 
0.988283 0.995592 -0.003709 0.932766 
0.989316 0.994668 -0.004812 0.932276 
0.990674 0.993563 -0.005603 0.932032 
0.992321 0.992256 -0.005920 0.932036 
0.994166 0.990796 -0.005658 0.932326 
0.995889 0.989377 -0.004814 0.932795 
0.997121 0.988195 -0.003553 0.933410 
0.997861 0.987361 -0.002037 0.934146 
0.998279 0.986985 -0.000390 0.934975 
0.998376 0.987263 0.001170 0.935995 
0.998320 0.988536 0.002337 0.937251 
0.998617 0.991082 0.002663 0.938855 
