0.923598 0.928223 -0.008870 0.494253 
0.896448 0.910474 -0.020790 0.494664 
0.880860 0.891939 -0.032941 0.497461 
0.874913 0.872317 -0.042911 0.501014 
0.876370 0.852315 -0.049369 0.504451 
0.882926 0.832183 -0.051442 0.507821 
0.892467 0.812553 -0.048496 0.511416 
0.903019 0.794809 -0.040356 0.515343 
0.912729 0.780621 -0.027518 0.519672 
0.919376 0.771359 -0.010961 0.524169 
0.921111 0.767697 0.007765 0.528606 
0.917778 0.769743 0.026801 0.533006 
0.909635 0.777125 0.044573 0.537454 
0.896481 0.789071 0.059468 0.541968 
0.879444 0.804485 0.070187 0.546465 
0.860578 0.822050 0.076303 0.550624 
0.840911 0.840182 0.077660 0.554294 
0.821048 0.857339 0.074172 0.557755 
0.802026 0.872431 0.066251 0.561437 
0.785128 0.884941 0.054830 0.565593 
0.771380 0.895074 0.040860 0.570289 
0.761467 0.903117 0.024760 0.575805 
0.756045 0.908303 0.006767 0.582240 
0.755615 0.909421 -0.012243 0.589188 
0.760327 0.905849 -0.030940 0.596390 
0.770317 0.897585 -0.048291 0.604170 
0.785861 0.884867 -0.063331 0.613125 
0.806550 0.868015 -0.074380 0.623884 
0.830480 0.848175 -0.079370 0.636880 
0.854560 0.827826 -0.077199 0.652094 
0.875574 0.809973 -0.068363 0.669337 
0.890962 0.796872 -0.054517 0.688379 
0.899038 0.789752 -0.037910 0.709076 
0.898913 0.789181 -0.021032 0.731513 
0.890428 0.795483 -0.006384 0.755943 
0.874531 0.808599 0.003412 0.782573 
0.853250 0.826943 0.005533 0.811132 
0.829677 0.847200 -0.002059 0.840672 
0.807462 0.865134 -0.019616 0.870054 
0.789479 0.878099 -0.045924 0.898096 
0.776010 0.884873 -0.079015 0.923819 
0.764552 0.881740 -0.119141 0.946347 
0.742315 0.863286 -0.172270 0.968908 
0.709790 0.826894 -0.231239 0.990344 
0.681814 0.783433 -0.277688 1.006276 
0.663281 0.745911 -0.303925 1.017432 
0.653179 0.716392 -0.312256 1.023446 
0.652735 0.693495 -0.306270 1.024064 
0.674173 0.676170 -0.284821 1.015911 
0.718326 0.667003 -0.248199 1.004478 
0.766521 0.667174 -0.202468 0.996625 
0.801728 0.673848 -0.156204 0.986653 
0.818214 0.685690 -0.115232 0.973590 
0.818732 0.702208 -0.082057 0.960129 
0.807508 0.721999 -0.057977 0.945553 
0.787702 0.743226 -0.044171 0.931646 
0.762523 0.763108 -0.041297 0.919977 
0.735238 0.780121 -0.048768 0.910658 
0.708580 0.793984 -0.066024 0.902771 
0.684615 0.803777 -0.093238 0.895936 
0.665179 0.805336 -0.130548 0.890523 
0.651192 0.793163 -0.177286 0.887931 
0.640400 0.760753 -0.234393 0.888590 
0.629573 0.712357 -0.296837 0.888457 
0.624042 0.666470 -0.345291 0.880274 
0.613359 0.626621 -0.378411 0.878144 
0.600491 0.595887 -0.402205 0.894260 
0.612628 0.585507 -0.397549 0.913239 
0.633303 0.586550 -0.364141 0.930846 
0.654600 0.588014 -0.318017 0.944161 
0.692491 0.595084 -0.261199 0.951099 
0.729853 0.609750 -0.202814 0.956372 
0.750518 0.630609 -0.152476 0.958603 
0.755911 0.658647 -0.112256 0.956827 
0.748985 0.692438 -0.084844 0.952554 
0.734089 0.728790 -0.072217 0.947107 
0.716210 0.762157 -0.075129 0.940962 
0.700423 0.786722 -0.091521 0.933900 
0.689833 0.798251 -0.117454 0.924892 
0.685036 0.795111 -0.148177 0.912938 
0.684826 0.778491 -0.181265 0.898142 
0.687382 0.750134 -0.215929 0.881257 
0.688331 0.708718 -0.252954 0.861865 
0.684336 0.654834 -0.291667 0.839600 
0.672402 0.596616 -0.325340 0.815981 
0.645551 0.543254 -0.352810 0.796927 
0.613320 0.499551 -0.374196 0.787164 
0.605362 0.480980 -0.368016 0.796949 
0.616846 0.497826 -0.326976 0.831367 
0.627259 0.524826 -0.276364 0.857929 
0.649289 0.554313 -0.220892 0.862881 
0.676333 0.592582 -0.163447 0.858758 
0.689552 0.630489 -0.118519 0.848822 
0.690330 0.667009 -0.087142 0.836258 
0.681895 0.699690 -0.069037 0.822342 
0.668387 0.726243 -0.063257 0.808873 
0.653312 0.747200 -0.068134 0.795987 
0.639528 0.762203 -0.082627 0.784530 
0.629538 0.769988 -0.105633 0.775199 
0.624473 0.768461 -0.135355 0.767323 
0.624711 0.756028 -0.169690 0.759288 
0.629994 0.731579 -0.207745 0.751419 
0.638348 0.693222 -0.248873 0.742421 
0.648895 0.641067 -0.291042 0.734281 
0.656471 0.581033 -0.329985 0.720735 
0.646854 0.517156 -0.367332 0.709805 
0.631940 0.457980 -0.393121 0.713869 
0.636863 0.433141 -0.379505 0.729126 
0.649027 0.458612 -0.329945 0.761131 
0.654784 0.502052 -0.273667 0.790793 
0.669842 0.538641 -0.217429 0.807614 
0.689939 0.576128 -0.163795 0.816983 
0.698621 0.617986 -0.123107 0.818632 
0.697320 0.660325 -0.098638 0.817144 
0.690908 0.697890 -0.090181 0.812214 
0.684613 0.726148 -0.094991 0.805462 
0.681375 0.741830 -0.108866 0.796741 
0.682350 0.744175 -0.127487 0.785668 
0.687311 0.734746 -0.148120 0.772598 
0.694769 0.714912 -0.168984 0.757503 
0.702683 0.685710 -0.189570 0.740077 
0.708994 0.647257 -0.210874 0.720376 
0.710029 0.597541 -0.235486 0.696592 
0.706057 0.537573 -0.262565 0.671579 
0.695079 0.474282 -0.290089 0.646418 
0.670173 0.407886 -0.320448 0.625600 
0.642011 0.352359 -0.339850 0.620641 
0.626932 0.349146 -0.324534 0.650388 
0.626880 0.400374 -0.277437 0.694536 
0.634554 0.460414 -0.222500 0.714019 
0.645719 0.512733 -0.170544 0.716343 
0.654962 0.564386 -0.125042 0.710854 
0.655296 0.611109 -0.093517 0.700947 
0.648706 0.650311 -0.076926 0.690430 
0.639507 0.682517 -0.073413 0.679640 
0.631460 0.706994 -0.081329 0.669613 
0.627478 0.722257 -0.098300 0.660087 
0.629563 0.727066 -0.121769 0.651320 
0.637828 0.720477 -0.148876 0.643108 
0.650795 0.701448 -0.176549 0.634034 
0.667502 0.669640 -0.203513 0.623166 
0.686219 0.625125 -0.228843 0.612066 
0.702244 0.566419 -0.253857 0.598527 
0.715465 0.497777 -0.276878 0.585091 
0.717941 0.428202 -0.300437 0.571116 
0.700118 0.354263 -0.326148 0.561576 
0.679610 0.297396 -0.334206 0.573389 
0.671235 0.305756 -0.312478 0.603213 
0.668801 0.363158 -0.270394 0.637611 
0.671619 0.423860 -0.219152 0.665057 
0.681288 0.486048 -0.167537 0.681456 
0.689655 0.551851 -0.126971 0.687037 
0.692734 0.609572 -0.104955 0.684065 
0.694343 0.652644 -0.099619 0.676087 
0.698479 0.680189 -0.105752 0.663857 
0.707153 0.691961 -0.117958 0.648935 
0.720058 0.689341 -0.131742 0.631658 
0.735908 0.675448 -0.144370 0.612978 
0.752849 0.652918 -0.155039 0.593217 
0.769000 0.623312 -0.163752 0.571616 
0.781832 0.586500 -0.171664 0.548123 
0.789265 0.541264 -0.180366 0.522712 
0.789799 0.483595 -0.193264 0.494639 
0.785113 0.415639 -0.208984 0.469365 
0.772327 0.352466 -0.225940 0.453004 
0.744300 0.286535 -0.250106 0.451884 
0.715670 0.245771 -0.262269 0.473292 
0.701284 0.282217 -0.241635 0.509146 
0.692915 0.362678 -0.203741 0.525099 
0.687192 0.432519 -0.164408 0.518455 
0.684768 0.491990 -0.127345 0.512062 
0.680050 0.550266 -0.099734 0.503833 
0.672292 0.599480 -0.086485 0.494169 
0.664745 0.637920 -0.086065 0.484607 
0.660854 0.664472 -0.095731 0.475389 
0.662513 0.677836 -0.111851 0.467060 
0.670283 0.678465 -0.131241 0.458527 
0.685199 0.667048 -0.151698 0.450200 
0.706051 0.644449 -0.171085 0.441471 
0.731201 0.611042 -0.187420 0.431520 
0.758169 0.567071 -0.200174 0.420486 
0.783634 0.511730 -0.209726 0.406911 
0.804970 0.443561 -0.217792 0.389899 
0.819963 0.368113 -0.224150 0.371349 
0.822746 0.301087 -0.229291 0.356794 
0.807012 0.237374 -0.237223 0.373672 
0.784151 0.198158 -0.235401 0.403564 
0.765777 0.231964 -0.211952 0.427717 
0.745587 0.310819 -0.183649 0.462155 
0.731237 0.391503 -0.155771 0.490539 
0.729075 0.473479 -0.126593 0.503852 
0.730638 0.546717 -0.109366 0.505285 
0.734919 0.598402 -0.106197 0.498962 
0.743145 0.629221 -0.110325 0.487110 
0.755915 0.642317 -0.117022 0.471717 
0.772774 0.641023 -0.122870 0.454135 
0.792396 0.629259 -0.125917 0.434281 
0.813183 0.610177 -0.125658 0.412191 
0.833651 0.585531 -0.122061 0.387623 
0.851443 0.555968 -0.115712 0.360536 
0.863323 0.520355 -0.108594 0.331756 
0.867016 0.475648 -0.103690 0.301844 
0.861541 0.416411 -0.104670 0.272972 
0.848427 0.349363 -0.111726 0.250685 
0.828946 0.292611 -0.123679 0.246033 
0.801064 0.243949 -0.142452 0.261777 
0.771644 0.220626 -0.154640 0.287785 
0.746706 0.258035 -0.149753 0.324367 
0.726210 0.336183 -0.136915 0.351376 
0.713117 0.415468 -0.120914 0.357511 
0.705588 0.491858 -0.105794 0.357114 
0.701186 0.561579 -0.099661 0.351415 
0.700736 0.610999 -0.104811 0.343780 
0.705080 0.640606 -0.116699 0.335837 
0.714380 0.654073 -0.130950 0.326854 
0.728166 0.653455 -0.145063 0.316552 
0.745715 0.641289 -0.156836 0.305569 
0.766660 0.619825 -0.164958 0.294959 
0.789852 0.590831 -0.169084 0.284142 
0.813877 0.555228 -0.169107 0.272102 
0.837920 0.512407 -0.164897 0.258418 
0.859990 0.461212 -0.156534 0.242304 
0.876908 0.399837 -0.144651 0.223704 
0.884717 0.332399 -0.131028 0.206222 
0.878013 0.277942 -0.121925 0.191818 
0.851762 0.242923 -0.121619 0.204659 
0.808779 0.235475 -0.127548 0.246489 
0.767614 0.277825 -0.139012 0.302457 
0.746081 0.356864 -0.154023 0.359561 
0.748864 0.445079 -0.161841 0.392808 
0.770407 0.533660 -0.157770 0.400615 
0.798433 0.606256 -0.151670 0.390242 
0.826267 0.647621 -0.148813 0.373355 
0.852083 0.664417 -0.145716 0.354738 
0.874589 0.667334 -0.139717 0.334307 
0.893331 0.661976 -0.130091 0.312820 
0.907146 0.651539 -0.117762 0.290216 
0.915352 0.638423 -0.103525 0.267149 
0.918630 0.623686 -0.088245 0.243339 
0.916759 0.606088 -0.073962 0.219016 
0.910126 0.584299 -0.061887 0.194530 
0.900405 0.555024 -0.051939 0.170260 
0.887453 0.515403 -0.045018 0.147634 
0.871078 0.466658 -0.040933 0.127863 
0.852243 0.414933 -0.038157 0.113269 
0.830850 0.381116 -0.037886 0.109256 
0.806313 0.380137 -0.042686 0.120154 
0.779674 0.408507 -0.050690 0.141708 
0.756971 0.464395 -0.058270 0.167601 
0.743006 0.548653 -0.063008 0.194424 
0.733812 0.649167 -0.067659 0.216647 
0.727984 0.730988 -0.080626 0.232260 
0.728850 0.767209 -0.101145 0.247619 
0.738646 0.768538 -0.121577 0.266285 
0.756559 0.753552 -0.136647 0.287868 
0.778609 0.728411 -0.143784 0.311885 
0.801273 0.697064 -0.142943 0.336602 
0.823289 0.662593 -0.133802 0.361332 
0.844350 0.627573 -0.115684 0.385348 
0.862617 0.595087 -0.087981 0.407943 
0.874876 0.571148 -0.050391 0.429472 
0.877192 0.563439 -0.004903 0.450488 
0.866029 0.576601 0.042306 0.471697 
0.840677 0.609866 0.082473 0.494030 
0.804724 0.658462 0.108340 0.517216 
0.764632 0.714713 0.115758 0.540163 
0.727837 0.769021 0.104077 0.562265 
0.700353 0.813417 0.076253 0.582366 
0.685548 0.842342 0.038130 0.599410 
0.685001 0.852183 -0.002741 0.614269 
0.698329 0.843820 -0.039336 0.627691 
0.722790 0.821865 -0.066613 0.639210 
0.754535 0.791922 -0.081626 0.648571 
0.789189 0.759373 -0.083457 0.655586 
0.821907 0.728716 -0.072908 0.659976 
0.847925 0.703685 -0.051935 0.662577 
0.863159 0.686466 -0.024203 0.664623 
0.866112 0.677199 0.005961 0.666585 
0.857996 0.675608 0.035623 0.668863 
0.840438 0.681185 0.062404 0.671987 
0.815234 0.693070 0.084426 0.676100 
0.784424 0.710388 0.100582 0.681207 
0.749936 0.732108 0.109847 0.687305 
0.713669 0.758348 0.111261 0.694138 
0.677699 0.789808 0.103621 0.701335 
0.645052 0.824306 0.085420 0.708706 
0.619915 0.856763 0.056086 0.717049 
0.605188 0.882095 0.017702 0.726820 
0.601754 0.896899 -0.025905 0.737190 
0.610869 0.899685 -0.071070 0.747569 
0.633781 0.890709 -0.114076 0.757996 
0.670534 0.872026 -0.151061 0.768275 
0.720323 0.847230 -0.178693 0.777805 
0.782162 0.820974 -0.194448 0.785576 
0.815990 0.808103 -0.199088 0.788831 
0.815990 0.808103 -0.199088 0.788831 
0.815990 0.808103 -0.199088 0.788831 
0.815990 0.808103 -0.199088 0.788831 
0.815990 0.808103 -0.199088 0.788831 
