0.995035 0.988283 -0.000843 1.161367 
0.994399 0.984099 0.000610 1.162910 
0.993290 0.982523 0.002802 1.164239 
0.991384 0.982667 0.004993 1.165176 
0.989218 0.983955 0.006972 1.165505 
0.986855 0.986011 0.008573 1.165318 
0.983852 0.988456 0.009335 1.164915 
0.980461 0.990977 0.008910 1.164484 
0.977558 0.993311 0.007435 1.163967 
0.975592 0.994927 0.005192 1.163077 
0.974545 0.995447 0.002460 1.161685 
0.974345 0.994963 -0.000487 1.159807 
0.974960 0.993736 -0.003434 1.157425 
0.976297 0.991786 -0.005990 1.154573 
0.978266 0.989313 -0.007911 1.151449 
0.980933 0.986880 -0.009304 1.148293 
0.984030 0.984504 -0.010017 1.145260 
0.987016 0.981986 -0.009766 1.142451 
0.989603 0.979527 -0.008638 1.140007 
0.991644 0.977458 -0.006846 1.138050 
0.993253 0.976051 -0.004589 1.136547 
0.994383 0.975536 -0.002045 1.135417 
0.994551 0.975985 0.000651 1.134622 
0.993498 0.977324 0.003213 1.134069 
0.991519 0.979318 0.005220 1.133614 
0.989177 0.981716 0.006469 1.133146 
0.986819 0.984396 0.006999 1.132580 
0.984533 0.987276 0.006887 1.132007 
0.982360 0.990262 0.006065 1.131705 
0.980537 0.992892 0.004310 1.131823 
0.979568 0.994543 0.001704 1.132366 
0.979863 0.995088 -0.001244 1.133165 
0.981326 0.994617 -0.003885 1.133991 
0.983544 0.993330 -0.005800 1.134860 
0.986212 0.991486 -0.006835 1.135936 
0.989259 0.989390 -0.006944 1.137383 
0.992432 0.987401 -0.006107 1.139277 
0.995110 0.985767 -0.004341 1.141571 
0.996658 0.984788 -0.001858 1.144160 
0.996663 0.984642 0.001056 1.146930 
0.995033 0.985402 0.004243 1.149842 
0.992058 0.987223 0.007776 1.152953 
0.987794 0.990372 0.011942 1.156306 
0.981600 0.995086 0.017184 1.160001 
0.972088 1.001416 0.023613 1.164042 
0.957969 1.008527 0.031075 1.167892 
0.940573 1.014830 0.038440 1.170283 
0.925119 1.019198 0.042798 1.170844 
0.916418 1.021194 0.042095 1.171069 
0.916548 1.021051 0.036089 1.172628 
0.926500 1.019263 0.025353 1.176062 
0.943267 1.015248 0.013161 1.180054 
0.959520 1.008878 0.004231 1.182699 
0.970665 1.002079 -0.000266 1.183510 
0.977140 0.996500 -0.002142 1.183047 
0.980664 0.992277 -0.002800 1.182066 
0.982693 0.989011 -0.002785 1.181216 
0.983991 0.986542 -0.002289 1.180714 
0.985013 0.984861 -0.001391 1.180532 
0.986356 0.983954 0.000117 1.180805 
0.987981 0.984012 0.002743 1.181775 
0.988869 0.985465 0.007008 1.183683 
0.987632 0.988760 0.013353 1.186685 
0.982588 0.993893 0.022214 1.190680 
0.971854 1.000025 0.033759 1.194807 
0.954346 1.005884 0.047316 1.197515 
0.932261 1.010981 0.059805 1.197482 
0.912745 1.015727 0.066047 1.195909 
0.902280 1.019130 0.063237 1.196870 
0.903711 1.018919 0.052445 1.202812 
0.917679 1.014591 0.036851 1.212466 
0.939385 1.007803 0.021292 1.222576 
0.959303 1.001106 0.010066 1.230377 
0.972237 0.996089 0.003687 1.235260 
0.979858 0.992516 0.000466 1.238087 
0.984648 0.989844 -0.000737 1.239857 
0.987850 0.987923 -0.000440 1.241221 
0.990088 0.986753 0.001188 1.242594 
0.991241 0.986555 0.003981 1.244231 
0.990518 0.987616 0.007544 1.246293 
0.987579 0.990153 0.011449 1.248869 
0.982730 0.994290 0.015607 1.251973 
0.976076 0.999992 0.020111 1.255480 
0.967142 1.006657 0.025105 1.259002 
0.955288 1.013234 0.030882 1.261865 
0.939690 1.017925 0.038106 1.263245 
0.921006 1.018982 0.046274 1.262694 
0.905016 1.017633 0.051266 1.261340 
0.898840 1.015998 0.049237 1.261625 
0.905084 1.013903 0.040621 1.264151 
0.922119 1.010421 0.028319 1.267131 
0.944316 1.004907 0.016426 1.268892 
0.963184 0.997854 0.008694 1.268880 
0.974480 0.991380 0.005269 1.267294 
0.980132 0.986726 0.004140 1.264952 
0.982859 0.983653 0.004093 1.262669 
0.984378 0.981812 0.004480 1.260621 
0.985596 0.980858 0.005160 1.258789 
0.986570 0.980625 0.006321 1.257373 
0.986801 0.981273 0.008204 1.256648 
0.985839 0.983309 0.010876 1.256769 
0.983314 0.987198 0.014196 1.257704 
0.978852 0.993043 0.017909 1.259197 
0.971860 1.000306 0.021873 1.260740 
0.961559 1.007991 0.026191 1.261642 
0.947275 1.014824 0.031062 1.261407 
0.929860 1.019272 0.036023 1.260151 
0.914604 1.020710 0.038390 1.259230 
0.909086 1.019264 0.035388 1.260760 
0.916699 1.014859 0.027863 1.264921 
0.935147 1.007910 0.018864 1.269705 
0.957867 1.000179 0.011009 1.273189 
0.975632 0.993586 0.006232 1.274759 
0.984835 0.989021 0.004394 1.274797 
0.988800 0.986400 0.004112 1.273960 
0.990513 0.985208 0.004937 1.272880 
0.991081 0.985201 0.006559 1.271920 
0.990608 0.986272 0.008479 1.271263 
0.988999 0.988216 0.010175 1.270951 
0.986160 0.990750 0.011201 1.270923 
0.982234 0.993642 0.011306 1.271074 
0.977577 0.996715 0.010527 1.271123 
0.972536 0.999980 0.009501 1.270596 
0.966953 1.003357 0.009247 1.269022 
0.959882 1.006498 0.010555 1.265977 
0.950323 1.009019 0.013660 1.261176 
0.938817 1.010340 0.017796 1.254963 
0.929615 1.010204 0.020686 1.248358 
0.929082 1.008148 0.020437 1.242460 
0.937890 1.003124 0.018546 1.237581 
0.950296 0.996025 0.016940 1.233290 
0.962186 0.989770 0.014425 1.229319 
0.971644 0.985093 0.011111 1.225868 
0.978019 0.981309 0.008614 1.222934 
0.982559 0.978533 0.007179 1.220146 
0.985971 0.976822 0.006863 1.217438 
0.988399 0.976437 0.007656 1.214997 
0.989443 0.977630 0.009230 1.213034 
0.988707 0.980299 0.010947 1.211752 
0.986479 0.983987 0.012181 1.211057 
0.983343 0.988108 0.012658 1.210575 
0.979751 0.991941 0.012407 1.209934 
0.975612 0.994951 0.011731 1.208925 
0.970624 0.997412 0.011215 1.207565 
0.964340 0.999783 0.011449 1.205758 
0.956358 1.002374 0.012685 1.203410 
0.946923 1.004987 0.014734 1.200554 
0.938739 1.006545 0.016745 1.197342 
0.937308 1.005458 0.017960 1.194026 
0.943627 1.001182 0.019243 1.190493 
0.953664 0.995678 0.020473 1.186601 
0.965002 0.991752 0.019052 1.182737 
0.974648 0.989642 0.015276 1.179422 
0.981107 0.988298 0.012085 1.176731 
0.985173 0.987898 0.010557 1.174462 
0.986560 0.988764 0.010236 1.172530 
0.985728 0.990636 0.010124 1.170926 
0.983479 0.992975 0.009536 1.169537 
0.980471 0.995389 0.008359 1.168212 
0.977428 0.997710 0.006701 1.166748 
0.974818 0.999570 0.004757 1.164924 
0.972844 1.000323 0.002901 1.162519 
0.971187 0.999943 0.001886 1.159257 
0.969043 0.999312 0.002338 1.155033 
0.965269 0.999259 0.004495 1.149852 
0.959203 1.000328 0.007961 1.143757 
0.951571 1.002232 0.012128 1.136956 
0.944682 1.002976 0.017169 1.129819 
0.942542 1.000387 0.023502 1.123372 
0.943966 0.995029 0.030842 1.118540 
0.945878 0.990069 0.036171 1.115316 
0.951326 0.987483 0.035029 1.112515 
0.961172 0.986225 0.028482 1.109078 
0.971506 0.984728 0.021494 1.105308 
0.979395 0.983216 0.016725 1.101863 
0.983693 0.982776 0.014344 1.099297 
0.984718 0.984110 0.013483 1.097850 
0.983784 0.987047 0.013181 1.097288 
0.981870 0.990875 0.012727 1.097096 
0.979581 0.994554 0.011686 1.096754 
0.977113 0.997225 0.009982 1.095964 
0.974653 0.998694 0.007972 1.094710 
0.972238 0.999400 0.005994 1.093101 
0.969956 0.999993 0.004210 1.091349 
0.967749 1.000984 0.002930 1.089471 
0.965117 1.002182 0.003011 1.087352 
0.961323 1.002205 0.006040 1.084974 
0.955738 1.000040 0.013324 1.082579 
0.951230 0.996341 0.024176 1.080906 
0.949089 0.993569 0.035283 1.080436 
0.948342 0.993773 0.041908 1.080707 
0.952885 0.996265 0.041287 1.080791 
0.962939 0.998812 0.035270 1.080161 
0.972557 1.000174 0.027834 1.079099 
0.978032 1.000636 0.021213 1.078212 
0.979414 1.000915 0.015744 1.077714 
0.978311 1.001216 0.010967 1.077429 
0.976350 1.001412 0.006502 1.077019 
0.974698 1.001304 0.002382 1.076135 
0.973991 1.000593 -0.001215 1.074603 
0.974313 0.999231 -0.004001 1.072310 
0.975340 0.997219 -0.005663 1.069183 
0.976582 0.994732 -0.006048 1.065161 
0.978021 0.992436 -0.005503 1.060374 
0.979916 0.990804 -0.004175 1.055151 
0.981126 0.989471 -0.000760 1.049871 
0.977943 0.987878 0.007070 1.045309 
0.966581 0.986335 0.020221 1.042583 
0.950047 0.986187 0.035730 1.042452 
0.934760 0.988427 0.048617 1.044948 
0.926006 0.992721 0.055112 1.049017 
0.928869 0.997522 0.053816 1.052670 
0.941432 1.000740 0.046573 1.054113 
0.955319 1.001496 0.037248 1.053797 
0.965268 1.000907 0.028794 1.053671 
0.971037 1.000387 0.022132 1.054333 
0.973654 1.000278 0.016823 1.055400 
0.974261 1.000423 0.012191 1.056484 
0.973897 1.000510 0.007762 1.057331 
0.973359 1.000114 0.003349 1.057947 
0.973202 0.998972 -0.000843 1.058451 
0.973709 0.997233 -0.004522 1.058933 
0.974970 0.995306 -0.007459 1.059278 
0.976911 0.993268 -0.009187 1.059342 
0.979172 0.991066 -0.008745 1.059159 
0.980615 0.988873 -0.004557 1.059156 
0.978516 0.987287 0.005565 1.060416 
0.968107 0.987771 0.022688 1.064461 
0.950433 0.992452 0.042369 1.071662 
0.933886 1.001676 0.057461 1.080078 
0.925482 1.012519 0.064022 1.086680 
0.928021 1.020888 0.061423 1.090265 
0.939221 1.024561 0.051886 1.091791 
0.952273 1.023665 0.039070 1.093125 
0.961617 1.019635 0.026305 1.095620 
0.966701 1.014457 0.015713 1.098934 
0.969372 1.009288 0.007779 1.102242 
0.971416 1.004303 0.002205 1.105057 
0.973715 0.999740 -0.001292 1.107030 
0.976306 0.995835 -0.003086 1.107907 
0.978835 0.992532 -0.003629 1.107574 
0.981037 0.989701 -0.003361 1.106224 
0.983082 0.987130 -0.002441 1.104403 
0.985402 0.984621 -0.000640 1.102704 
0.987820 0.982113 0.002713 1.101640 
0.988784 0.979774 0.008861 1.101949 
0.985493 0.978288 0.019216 1.104748 
0.974986 0.978994 0.033630 1.110676 
0.959946 0.982980 0.048008 1.117857 
0.947997 0.989658 0.057152 1.123407 
0.943769 0.996934 0.059035 1.126324 
0.947806 1.002633 0.054222 1.127326 
0.957098 1.005604 0.044807 1.128039 
0.965879 1.006041 0.034030 1.129878 
0.970734 1.004848 0.024637 1.132896 
0.972577 1.002935 0.017304 1.136241 
0.973047 1.000994 0.011448 1.139340 
0.973138 0.999338 0.006460 1.142080 
0.973644 0.997877 0.001904 1.144532 
0.975091 0.996207 -0.002292 1.146855 
0.977544 0.993887 -0.005702 1.149130 
0.980687 0.990878 -0.007858 1.151334 
0.984195 0.987644 -0.008704 1.153478 
0.987875 0.984620 -0.008435 1.155555 
0.991599 0.982013 -0.007092 1.157578 
0.995019 0.980134 -0.004582 1.159629 
0.997304 0.979488 -0.001075 1.161819 
0.997612 0.980448 0.002749 1.164192 
0.995788 0.982887 0.005941 1.166662 
0.992365 0.986241 0.007805 1.168973 
0.988163 0.989754 0.008083 1.170906 
0.983971 0.992819 0.006844 1.172402 
0.980412 0.995127 0.004404 1.173433 
0.977867 0.996392 0.001153 1.174096 
0.976592 0.996312 -0.002477 1.174529 
0.976743 0.994910 -0.005920 1.174712 
0.978184 0.992606 -0.008630 1.174509 
0.980467 0.989910 -0.010360 1.173762 
0.982998 0.987105 -0.011123 1.172426 
0.985344 0.984241 -0.011010 1.170648 
0.987403 0.981405 -0.010158 1.168597 
0.989111 0.978804 -0.008697 1.166318 
0.990490 0.976646 -0.006765 1.163920 
0.991717 0.975062 -0.004420 1.161541 
0.992718 0.974128 -0.001694 1.159295 
0.993130 0.973880 0.001265 1.157294 
0.992693 0.974327 0.004244 1.155625 
0.991430 0.975500 0.007030 1.154430 
0.989560 0.977443 0.009468 1.153736 
0.987232 0.980100 0.011330 1.153422 
0.984411 0.983378 0.012302 1.153513 
0.981216 0.987065 0.012148 1.154049 
0.978021 0.990561 0.010824 1.154889 
0.975232 0.993273 0.008576 1.155979 
0.973164 0.995210 0.005707 1.157303 
0.972140 0.996566 0.002463 1.158858 
0.972632 0.997337 -0.000766 1.160755 
0.975273 0.997786 -0.003324 1.163046 
0.980621 0.998800 -0.004378 1.165832 
