1.000066 0.999997 1.110312 0.002711 
1.000101 0.999996 1.068296 0.002731 
1.000118 0.999995 1.081625 0.002739 
1.000129 0.999990 1.121569 0.002745 
1.000132 0.999992 1.152645 0.002755 
1.000119 1.000012 1.113413 0.002770 
1.000110 1.000041 0.715868 0.002789 
1.000129 1.000034 0.266033 0.002807 
1.000165 0.999995 0.186523 0.002829 
1.000312 1.000017 0.375550 0.002902 
1.000471 1.000067 0.531826 0.002980 
1.000537 1.000083 0.491524 0.003018 
1.000607 1.000102 0.457699 0.003058 
1.000682 1.000123 0.436120 0.003102 
1.000762 1.000145 0.427155 0.003147 
1.000848 1.000167 0.434044 0.003195 
1.000940 1.000188 0.475186 0.003245 
1.001037 1.000208 0.553268 0.003295 
1.001137 1.000230 0.648923 0.003348 
1.001233 1.000252 0.743694 0.003400 
1.001326 1.000272 0.831720 0.003454 
1.001417 1.000292 0.884281 0.003512 
1.001507 1.000310 0.901638 0.003575 
1.001595 1.000329 0.919475 0.003646 
1.001681 1.000345 0.936731 0.003726 
1.001765 1.000358 0.952675 0.003817 
1.001849 1.000364 1.116169 0.003921 
1.001931 1.000362 1.426367 0.004041 
1.002014 1.000347 1.719350 0.004179 
1.002100 1.000313 1.995269 0.004337 
1.002193 1.000257 2.169204 0.004516 
1.002296 1.000179 2.335362 0.004717 
1.002410 1.000081 2.585151 0.004941 
1.002537 0.999966 2.816049 0.005187 
1.002683 0.999834 3.030022 0.005453 
1.002849 0.999686 1.733726 0.005734 
1.003036 0.999524 0.273733 0.006028 
1.003245 0.999344 0.145935 0.006329 
1.003480 0.999142 0.011079 0.006630 
1.003744 0.998926 -0.123307 0.006927 
1.004034 0.998713 -0.207051 0.007211 
1.004349 0.998518 -0.243365 0.014597 
1.004691 0.998348 -0.282515 0.036195 
1.005058 0.998206 -0.318568 0.071992 
1.005448 0.998094 -0.351050 0.121977 
1.005857 0.998006 -0.382972 0.186144 
1.006291 0.997943 -0.414740 0.264482 
1.006748 0.997915 -0.446347 0.356985 
1.007225 0.997940 -0.477837 0.463648 
1.007718 0.998034 -0.509622 0.584464 
1.008221 0.998196 -0.542387 0.812035 
1.008731 0.998418 -0.574635 1.139231 
1.009242 0.998674 -0.606291 1.466319 
1.009757 0.998932 -0.640028 1.793304 
1.010279 0.999170 -0.675639 2.120193 
1.010805 0.999384 -0.711565 2.446995 
1.011325 0.999570 -0.747187 2.773720 
1.011831 0.999732 -0.782315 3.100376 
1.012314 0.999870 -0.816834 3.426972 
1.012768 0.999977 -0.850577 2.115045 
1.013185 1.000040 -0.883671 0.632111 
1.013561 1.000033 -0.917999 0.609535 
1.013902 0.999933 -0.951090 0.572714 
1.014198 0.999746 -0.978790 0.521670 
1.014431 0.999488 -1.002126 0.456418 
1.014593 0.999176 -1.022642 0.376973 
1.014675 0.998837 -1.041058 0.283344 
1.014674 0.998500 -1.057716 0.175540 
1.014587 0.998169 -1.072675 3.195166 
1.014414 0.997830 -1.085812 6.271880 
1.014161 0.997478 -1.096809 6.271226 
1.013834 0.997124 -1.103662 6.270695 
1.013432 0.996792 -1.106542 6.270292 
1.012960 0.996511 -1.108642 6.270016 
1.012428 0.996317 -1.110939 6.269858 
1.011846 0.996234 -1.112913 6.269812 
1.011225 0.996259 -1.114333 6.269875 
1.010577 0.996351 -1.114883 6.270046 
1.009920 0.996472 -1.114216 6.270322 
1.009272 0.996608 -1.112496 6.263573 
1.008646 0.996753 -1.109965 6.242664 
1.008056 0.996907 -1.107338 6.207582 
1.007514 0.997077 -1.104872 6.165431 
1.007025 0.997268 -1.100918 6.123322 
1.006593 0.997473 -1.094339 6.074119 
1.006220 0.997662 -1.085490 6.010692 
1.005912 0.997803 -1.074381 5.933034 
1.005679 0.997887 -1.060754 5.841139 
1.005525 0.997921 -1.044883 5.777738 
1.005450 0.997910 -1.027098 5.749943 
1.005446 0.997870 -1.007420 5.722120 
1.005504 0.997814 -0.985432 5.708509 
1.005609 0.997751 -0.960663 5.709107 
1.005749 0.997684 -0.933737 5.545819 
1.005920 0.997605 -0.905730 5.218646 
1.006122 0.997513 -0.876784 4.891434 
1.006355 0.997421 -0.853747 4.564178 
1.006610 0.997344 -0.843855 4.500454 
1.006871 0.997299 -0.847296 4.607643 
1.007123 0.997307 -0.863873 4.629289 
1.007351 0.997377 -0.893257 4.665128 
1.007547 0.997512 -0.935451 4.708046 
1.007712 0.997703 -0.990671 5.349321 
1.007850 0.997929 -1.059019 5.997678 
1.007962 0.998174 -1.140321 6.061841 
1.008048 0.998435 -1.177382 6.140207 
1.008100 0.998709 -1.312661 6.232777 
1.008109 0.998992 -1.595986 6.282562 
1.008072 0.999283 -1.877593 6.282446 
1.007988 0.999575 -2.157577 6.282304 
1.007863 0.999859 -2.436327 6.282142 
1.007701 1.000120 -2.714235 6.281961 
1.007509 1.000345 -2.991893 6.281761 
1.007289 1.000532 -3.270114 6.281545 
1.007043 1.000688 -3.407059 6.281319 
1.006769 1.000814 -2.028214 6.281087 
1.006470 1.000912 -0.615748 6.280855 
1.006151 1.000983 -0.538041 6.280628 
1.005820 1.001026 -0.449273 6.280410 
1.005483 1.001037 -0.349827 6.280201 
1.005148 1.001016 -0.239931 6.280003 
1.004820 1.000966 -0.119764 6.279817 
1.004501 1.000898 0.010799 6.279646 
1.004192 1.000819 0.152489 6.279491 
1.003895 1.000737 0.234975 6.279353 
1.003610 1.000654 0.251676 6.279231 
1.003341 1.000571 0.267141 6.279124 
1.003090 1.000489 0.282153 6.279034 
1.002860 1.000409 0.297582 6.278958 
1.002650 1.000331 0.314421 6.278897 
1.002462 1.000254 0.329933 6.278853 
1.002294 1.000181 0.346146 6.278823 
1.002140 1.000117 0.368835 6.278802 
1.002000 1.000059 0.398732 6.278789 
1.001872 1.000007 0.436247 6.278782 
1.001755 0.999957 0.481561 6.278782 
1.001647 0.999912 0.535120 6.278786 
1.001547 0.999870 0.597908 6.278792 
1.001456 0.999830 0.670865 6.278803 
1.001435 0.999707 0.618756 6.278851 
1.001384 0.999612 0.593593 6.278896 
1.001260 0.999647 0.726271 6.278903 
1.001158 0.999679 0.864882 6.278917 
1.001043 0.999681 1.010419 6.278935 
1.000916 0.999675 1.157135 6.278947 
1.000797 0.999668 1.308354 6.278946 
1.000718 0.999653 1.476538 6.278936 
1.000699 0.999599 1.659362 6.278939 
1.000693 0.999508 1.837512 6.278946 
