1.007961 0.999084 -5.597269 6.057592 
1.008672 0.999949 -5.463368 6.057124 
1.009593 1.000315 -5.325186 6.056438 
1.010649 1.000352 -5.208313 6.055768 
1.011676 1.000477 -5.126673 6.055239 
1.012600 1.001292 -5.069432 6.054946 
1.013237 1.002999 -5.027987 6.054795 
1.013509 1.005196 -5.003229 6.054617 
1.013487 1.007711 -4.982790 6.054372 
1.011201 1.014591 -4.915605 6.053307 
1.009017 1.021737 -4.827458 6.052054 
1.009079 1.025095 -4.763659 6.051393 
1.009226 1.028596 -4.704100 6.050694 
1.009485 1.032215 -4.647395 6.049953 
1.009907 1.035912 -4.591888 6.049155 
1.010547 1.039610 -4.536544 6.048277 
1.011459 1.043217 -4.480539 6.047297 
1.012695 1.046657 -4.423057 6.046210 
1.014293 1.049854 -4.363999 6.045009 
1.016382 1.052618 -4.305812 6.043715 
1.018964 1.054888 -4.251169 6.042330 
1.021920 1.056726 -4.196086 6.040836 
1.025237 1.058104 -4.138939 6.039253 
1.028887 1.059009 -4.082635 6.037603 
1.032827 1.059411 -4.027446 6.035907 
1.036992 1.059269 -3.973848 6.034190 
1.041325 1.058549 -3.922351 6.032481 
1.045765 1.057223 -3.873284 6.030810 
1.050240 1.055284 -3.826745 6.029202 
1.054672 1.052749 -3.784397 6.027686 
1.058995 1.049652 -3.740382 6.026314 
1.063135 1.046064 -3.696474 6.025142 
1.067013 1.042064 -3.659240 6.024214 
1.070585 1.037694 -3.626509 6.023551 
1.073829 1.033017 -3.598885 6.023157 
1.076748 1.028105 -3.576069 6.023032 
1.079329 1.023006 -3.557275 6.023164 
1.081559 1.017785 -3.541762 6.023526 
1.083447 1.012555 -3.529092 6.024102 
1.085011 1.007447 -3.517340 6.024891 
1.086261 1.002592 -3.509593 6.025873 
1.087237 0.998078 -3.507790 6.026984 
1.088018 0.993970 -3.508662 6.028125 
1.088699 0.990372 -3.510245 6.029202 
1.089352 0.987327 -3.509500 6.030149 
1.090005 0.984817 -3.504448 6.030909 
1.090698 0.982917 -3.494320 6.031424 
1.091480 0.981753 -3.478915 6.031662 
1.092378 0.981399 -3.458211 6.031608 
1.093396 0.981846 -3.432497 6.031217 
1.094563 0.983015 -3.400960 6.030422 
1.095902 0.984827 -3.361609 6.029175 
1.097424 0.987159 -3.310910 6.027475 
1.099156 0.989733 -3.247049 6.025360 
1.101093 0.992292 -3.172668 6.022885 
1.103207 0.994745 -3.090031 6.020104 
1.105483 0.997024 -2.999861 6.017077 
1.107884 0.998993 -2.902588 6.013853 
1.110359 1.000498 -2.798398 6.010460 
1.112866 1.001421 -2.687267 6.006934 
1.115351 1.001683 -2.568995 6.003326 
1.117781 1.001181 -2.442236 5.999706 
1.120175 0.999775 -2.310786 5.996181 
1.122467 0.997494 -2.181809 5.992870 
1.124564 0.994535 -2.057139 5.989848 
1.126451 0.991051 -1.936905 5.987134 
1.128100 0.987127 -1.821906 5.984719 
1.129470 0.982847 -1.712607 5.982609 
1.130533 0.978323 -1.609305 5.980833 
1.131274 0.973685 -1.512404 5.979411 
1.131707 0.969099 -1.422831 5.978380 
1.131837 0.964754 -1.343800 5.977805 
1.131617 0.960869 -1.277446 5.977704 
1.131069 0.957674 -1.223112 5.977996 
1.130306 0.955291 -1.179300 5.978542 
1.129368 0.953716 -1.143628 5.979247 
1.128222 0.952941 -1.114623 5.980089 
1.126856 0.952941 -1.091870 5.981067 
1.125298 0.953666 -1.075224 5.982159 
1.123603 0.955029 -1.064553 5.983346 
1.121813 0.956855 -1.059628 5.984592 
1.119984 0.958936 -1.059745 5.985792 
1.118249 0.961101 -1.064150 5.986805 
1.116703 0.963165 -1.068955 5.987532 
1.115249 0.965034 -1.069729 5.987963 
1.113731 0.966716 -1.066555 5.988151 
1.112109 0.968203 -1.060830 5.988151 
1.110457 0.969464 -1.053565 5.988001 
1.108884 0.970429 -1.045343 5.987721 
1.107466 0.971022 -1.036311 5.987305 
1.106266 0.971239 -1.026307 5.986711 
1.105308 0.971143 -1.014503 5.985933 
1.104514 0.970834 -0.998796 5.985041 
1.103751 0.970501 -0.978791 5.984149 
1.102960 0.970350 -0.956913 5.983389 
1.102219 0.970469 -0.935688 5.982865 
1.101738 0.970808 -0.916454 5.982616 
1.101667 0.971332 -0.905292 5.982620 
1.101963 0.972130 -0.907453 5.982814 
1.102515 0.973344 -0.921908 5.983151 
1.103198 0.975083 -0.947998 5.983645 
1.103919 0.977418 -0.985459 5.984352 
1.104677 0.980403 -1.034757 5.985316 
1.105505 0.983989 -1.096840 5.986544 
1.106472 0.987933 -1.172749 5.987972 
1.107700 0.991909 -1.261741 5.989468 
1.109107 0.995816 -1.303340 5.990886 
1.110404 0.999727 -1.438200 5.992125 
1.111393 1.003629 -1.717337 5.993143 
1.112008 1.007452 -1.992816 5.993948 
1.112273 1.011107 -2.265944 5.994546 
1.112239 1.014497 -2.537597 5.994919 
1.111916 1.017476 -2.808699 5.995019 
1.111292 1.019904 -3.079922 5.994789 
1.110336 1.021780 -3.350774 5.994182 
1.108921 1.023249 -3.428095 5.993191 
1.106928 1.024421 -1.938306 5.991862 
1.104394 1.025280 -0.416886 5.990262 
1.101474 1.025760 -0.284737 5.988453 
1.098330 1.025814 -0.194459 5.986483 
1.095049 1.025445 -0.094241 5.984379 
1.091650 1.024688 0.015967 5.982169 
1.088138 1.023636 0.136245 5.979890 
1.084534 1.022400 0.266975 5.977583 
1.080873 1.021043 0.508125 5.975293 
1.077208 1.019565 0.688403 5.973068 
1.073639 1.017940 0.699398 5.970950 
1.070290 1.016137 0.606479 5.968967 
1.067211 1.014188 0.515983 5.967134 
1.064352 1.012173 0.530447 5.965456 
1.061754 1.010062 0.546854 5.963996 
1.059342 1.007902 0.566055 5.962745 
1.056988 1.005793 0.591276 5.961613 
1.054730 1.003716 0.623081 5.960571 
1.052582 1.001642 0.612001 5.959613 
1.050519 0.999557 0.558685 5.958738 
1.048485 0.997495 0.515237 5.957930 
1.046408 0.995540 0.533936 5.957158 
1.044275 0.993732 0.613640 5.956405 
1.045501 0.989354 0.605943 5.956853 
1.045661 0.985501 0.620567 5.957325 
1.041698 0.985028 0.752431 5.956397 
1.038427 0.984697 0.887727 5.955185 
1.035542 0.983995 1.025073 5.954121 
1.032223 0.982945 1.167366 5.953322 
1.028038 0.982154 1.315459 5.952359 
1.023578 0.981952 1.469275 5.951019 
1.020237 0.981863 1.632887 5.949583 
1.018971 0.981207 1.800716 5.948250 
