0.953973 0.936427 -5.823663 0.531544 
0.947230 0.907225 -5.777428 0.532486 
0.943628 0.884457 -5.664692 0.534970 
0.941869 0.867098 -5.548368 0.537674 
0.941886 0.854016 -5.433037 0.539866 
0.943006 0.843958 -5.316303 0.541673 
0.944411 0.836010 -5.194304 0.543506 
0.946006 0.829836 -5.067444 0.545462 
0.948094 0.825373 -4.938147 0.547498 
0.947599 0.831835 -4.803022 0.548196 
0.945732 0.837508 -4.670204 0.548704 
0.945513 0.833011 -4.544225 0.550385 
0.945449 0.829730 -4.417159 0.552080 
0.945447 0.827395 -4.289125 0.553808 
0.945409 0.825798 -4.160026 0.555625 
0.945277 0.824793 -4.029924 0.557578 
0.945022 0.824283 -3.899071 0.559698 
0.944610 0.824192 -3.767591 0.562021 
0.944006 0.824454 -3.635239 0.564601 
0.943288 0.824644 -3.501295 0.567562 
0.942553 0.824774 -3.371803 0.570989 
0.941811 0.825192 -3.253245 0.574911 
0.941095 0.825797 -3.145621 0.579396 
0.940432 0.826485 -3.049073 0.584500 
0.939868 0.827142 -2.963795 0.590271 
0.939436 0.827627 -2.889933 0.596761 
0.939167 0.827769 -2.827453 0.604029 
0.939091 0.827399 -2.775718 0.612126 
0.939262 0.826342 -2.732698 0.621084 
0.939766 0.824408 -2.641521 0.630910 
0.940625 0.821488 -2.497759 0.641590 
0.941786 0.817585 -2.502422 0.653083 
0.943198 0.812751 -2.656195 0.665322 
0.944829 0.807008 -2.809840 0.678229 
0.946643 0.800287 -2.963611 0.691716 
0.948583 0.792482 -3.117676 0.705680 
0.950582 0.783621 -3.271844 0.719979 
0.952593 0.773841 -3.425534 0.734443 
0.954529 0.763328 -3.440598 0.748896 
0.956160 0.752395 -3.443614 0.763168 
0.957302 0.741395 -2.074551 0.777088 
0.957928 0.730544 -0.551249 0.790475 
0.958039 0.719893 -0.369461 0.803163 
0.957614 0.709385 -0.182676 0.815007 
0.956588 0.699046 0.009156 0.825874 
0.954915 0.689137 0.206033 0.835642 
0.952590 0.679949 0.407244 0.844222 
0.949605 0.671638 0.609944 0.851577 
0.946048 0.664254 0.740468 0.857696 
0.942243 0.657689 0.793894 0.862590 
0.938520 0.651682 0.838128 0.866285 
0.934990 0.645966 0.874844 0.868865 
0.931663 0.640394 0.904490 0.870457 
0.928530 0.634957 0.927318 0.871204 
0.925635 0.629707 0.943552 0.871272 
0.923104 0.624621 0.953187 0.870806 
0.921143 0.619640 0.955850 0.869932 
0.920037 0.614681 0.950909 0.868790 
0.919972 0.609637 0.942644 0.867537 
0.920769 0.604517 0.935852 0.866337 
0.922102 0.599479 0.930058 0.865366 
0.923816 0.594756 0.924541 0.864747 
0.925873 0.590508 0.919265 0.864533 
0.928282 0.586769 0.914132 0.864734 
0.931071 0.583631 0.908828 0.865294 
0.934240 0.581262 0.903054 0.866155 
0.937662 0.579712 0.896890 0.867326 
0.941025 0.578889 0.892340 0.868811 
0.943987 0.578704 0.890304 0.870565 
0.946443 0.579143 0.889313 0.872508 
0.948500 0.580172 0.888745 0.874501 
0.950242 0.581599 0.888550 0.876380 
0.951663 0.583210 0.888534 0.878042 
0.952733 0.584975 0.888462 0.879404 
0.953409 0.586832 0.888151 0.880407 
0.953629 0.588488 0.887379 0.881025 
0.953400 0.589605 0.886481 0.881202 
0.952818 0.590046 0.886083 0.880850 
0.951966 0.589891 0.886089 0.879923 
0.950820 0.589215 0.885908 0.878440 
0.949275 0.588055 0.885092 0.876449 
0.947290 0.586547 0.883378 0.874004 
0.944945 0.584863 0.880707 0.871110 
0.942348 0.582967 0.877124 0.867765 
0.939598 0.580737 0.872733 0.863997 
0.936820 0.578243 0.867936 0.859846 
0.934073 0.575728 0.863265 0.855369 
0.931294 0.573442 0.858782 0.850692 
0.928415 0.571490 0.854224 0.845928 
0.925532 0.569926 0.849586 0.841086 
0.922886 0.568781 0.845022 0.836118 
0.920690 0.567920 0.840683 0.830994 
0.918979 0.567077 0.836601 0.825775 
0.917724 0.566189 0.832749 0.820569 
0.916928 0.565341 0.829280 0.815456 
0.916563 0.564538 0.826660 0.810505 
0.916622 0.563719 0.825343 0.805755 
0.917188 0.562823 0.825385 0.801164 
0.918367 0.561839 0.826658 0.796680 
0.920143 0.560739 0.828993 0.792344 
0.922355 0.559477 0.832200 0.788274 
0.924800 0.558177 0.836142 0.784575 
0.927371 0.557103 0.840852 0.781235 
0.930030 0.556350 0.846464 0.778168 
0.932732 0.555857 0.853023 0.775320 
0.935458 0.555639 0.860347 0.772628 
0.938151 0.555808 0.868085 0.770037 
0.940628 0.556451 0.875985 0.767582 
0.942656 0.557549 0.883912 0.765336 
0.944123 0.559096 0.891800 0.763291 
0.945078 0.561160 0.899625 0.761318 
0.945628 0.563640 0.907383 0.759223 
0.945813 0.566188 0.914892 0.756905 
0.945630 0.568594 0.921880 0.754360 
0.945078 0.570835 0.928289 0.751567 
0.944096 0.572860 0.934263 0.748509 
0.942619 0.574531 0.939905 0.745185 
0.940684 0.575709 0.945140 0.741554 
0.938419 0.576386 0.949838 0.737557 
0.935923 0.576581 0.953836 0.733188 
0.933219 0.576229 0.957007 0.728483 
0.930306 0.575338 0.959320 0.723475 
0.927248 0.574091 0.960862 0.718185 
0.924118 0.572590 0.961772 0.712630 
0.920959 0.570795 0.962094 0.706848 
0.917843 0.568716 0.961814 0.700875 
0.914864 0.566517 0.960970 0.694761 
0.912058 0.564430 0.959702 0.688609 
0.909419 0.562560 0.958133 0.682517 
0.907004 0.560927 0.956440 0.676468 
0.904959 0.559585 0.954861 0.670362 
0.903433 0.558478 0.953497 0.664199 
0.902448 0.557379 0.952318 0.658076 
0.901964 0.556172 0.951413 0.652079 
0.901968 0.554965 0.951120 0.646253 
0.902444 0.553857 0.951839 0.640632 
0.903380 0.552826 0.953831 0.635212 
0.904809 0.551788 0.957146 0.629922 
0.906758 0.550717 0.961747 0.624685 
0.909176 0.549606 0.967505 0.619550 
0.911928 0.548405 0.974264 0.614629 
0.914828 0.547189 0.981987 0.609946 
0.917762 0.546208 0.990737 0.605448 
0.920703 0.545636 1.000501 0.601067 
0.923638 0.545420 1.011098 0.596746 
0.926555 0.545493 1.022310 0.592426 
0.929401 0.545943 1.033877 0.588073 
0.932016 0.546887 1.045564 0.583738 
0.934225 0.548291 1.057159 0.579523 
0.935977 0.550096 1.068624 0.575354 
0.937299 0.552341 1.079999 0.571046 
0.938252 0.554970 1.091149 0.566514 
0.938887 0.557689 1.101844 0.561741 
0.939183 0.560227 1.111977 0.556715 
0.939074 0.562552 1.121610 0.551428 
0.938489 0.564693 1.130691 0.545899 
0.937385 0.566518 1.139081 0.540144 
0.935834 0.567841 1.146636 0.534160 
0.933986 0.568619 1.153274 0.527909 
0.931933 0.568891 1.158896 0.521420 
0.929689 0.568624 1.163414 0.514751 
0.927253 0.567811 1.166906 0.507914 
0.924657 0.566597 1.169549 0.500918 
0.921965 0.565129 1.171453 0.493806 
0.919257 0.563411 1.172574 0.486636 
0.916634 0.561404 1.172917 0.479448 
0.914209 0.559250 1.172585 0.472312 
0.912018 0.557204 1.171758 0.465315 
0.910037 0.555391 1.170642 0.458484 
0.908288 0.553834 1.169484 0.451731 
0.906883 0.552568 1.168534 0.444999 
0.905974 0.551569 1.167882 0.438355 
0.905636 0.550660 1.167535 0.431897 
0.905849 0.549717 1.167578 0.425685 
0.906586 0.548793 1.168261 0.419730 
0.907810 0.548000 1.169861 0.414029 
0.909452 0.547315 1.172599 0.408540 
0.911484 0.546616 1.176544 0.403189 
0.913932 0.545861 1.181667 0.397970 
0.916797 0.545062 1.187903 0.392957 
0.919976 0.544219 1.195148 0.388190 
0.923291 0.543395 1.203321 0.383648 
0.926603 0.542785 1.212393 0.379274 
0.929854 0.542547 1.222330 0.374993 
0.933014 0.542673 1.233022 0.370750 
0.936033 0.543088 1.244306 0.366508 
0.938869 0.543869 1.255919 0.362295 
0.941459 0.545177 1.267621 0.358185 
0.943701 0.547028 1.279324 0.354141 
0.945491 0.549361 1.290995 0.350013 
0.946804 0.552148 1.302549 0.345732 
0.947689 0.555304 1.313864 0.341287 
0.948178 0.558586 1.324824 0.336665 
0.948245 0.561768 1.335296 0.331865 
0.947830 0.564806 1.345118 0.326893 
0.946919 0.567731 1.354033 0.321777 
0.945557 0.570406 1.361855 0.316516 
0.943837 0.572576 1.368553 0.311073 
0.941881 0.574124 1.374095 0.305474 
0.939768 0.575043 1.378380 0.299827 
0.937487 0.575326 1.381348 0.294180 
0.934988 0.575009 1.383025 0.288513 
0.932288 0.574254 1.383438 0.282823 
0.929478 0.573209 1.382568 0.277153 
0.926690 0.571883 1.380436 0.271559 
0.924048 0.570183 1.377294 0.266103 
0.921640 0.568214 1.373507 0.260853 
0.919457 0.566297 1.369322 0.255877 
0.917411 0.564644 1.364880 0.251150 
0.915457 0.563339 1.360342 0.246573 
0.913712 0.562437 1.355861 0.242103 
0.912416 0.561924 1.351516 0.237827 
0.911732 0.561622 1.347386 0.233859 
0.911670 0.561345 1.343675 0.230263 
0.912161 0.561082 1.340728 0.227050 
0.913102 0.561009 1.338783 0.224195 
0.914385 0.561197 1.337894 0.221645 
0.915971 0.561503 1.338042 0.219340 
0.917951 0.561812 1.339171 0.217300 
0.920434 0.562108 1.341188 0.215617 
0.923393 0.562380 1.343974 0.214359 
0.926631 0.562625 1.347461 0.213496 
0.929913 0.562990 1.351614 0.212901 
0.933112 0.563712 1.356348 0.212460 
0.936172 0.564935 1.361448 0.212108 
0.939061 0.566580 1.366671 0.211821 
0.941786 0.568589 1.371831 0.211601 
0.944349 0.571117 1.376791 0.211473 
0.946628 0.574324 1.381541 0.211362 
0.948412 0.578231 1.386143 0.211099 
0.949554 0.582811 1.390636 0.210523 
0.950056 0.588075 1.394913 0.209527 
0.950031 0.593945 1.398724 0.208122 
0.949561 0.600219 1.401764 0.206381 
0.948692 0.606680 1.403879 0.204363 
0.947488 0.613256 1.405114 0.202099 
0.946019 0.619927 1.405610 0.199612 
0.944322 0.626523 1.405527 0.196894 
0.942468 0.632784 1.404904 0.193997 
0.940589 0.638574 1.403651 0.191064 
0.938814 0.643882 1.401643 0.188271 
0.937220 0.648699 1.398936 0.185817 
0.935841 0.653054 1.395811 0.183866 
0.934723 0.657056 1.392935 0.182534 
0.933882 0.660773 1.391211 0.181930 
0.933297 0.664183 1.391462 0.182185 
0.932945 0.667341 1.394381 0.183430 
0.932809 0.670471 1.400562 0.185804 
0.932772 0.674010 1.408876 0.189406 
0.932672 0.678346 1.418362 0.194254 
0.932436 0.683616 1.430046 0.200345 
0.932056 0.689875 1.445018 0.207660 
0.931516 0.697064 1.464404 0.216161 
0.930689 0.704934 1.489263 0.225820 
0.929457 0.713314 1.520456 0.236602 
0.927782 0.722327 1.558656 0.248421 
0.925644 0.732161 1.604340 0.261149 
0.922752 0.743111 1.650644 0.274622 
0.919092 0.755026 1.697638 0.288663 
0.914956 0.767367 1.752380 0.303119 
0.910409 0.779850 1.814659 0.317862 
0.905477 0.792200 1.884102 0.332767 
0.900148 0.804199 1.960155 0.347715 
0.894464 0.815817 2.042129 0.362584 
0.888516 0.827158 2.129153 0.377236 
0.882369 0.838227 2.220004 0.391544 
0.875798 0.849152 2.306026 0.405400 
0.869207 0.859399 2.396440 0.418713 
0.863004 0.868485 2.500667 0.431423 
0.856957 0.876634 2.610449 0.443493 
0.851081 0.883884 2.724661 0.454897 
0.845389 0.890327 2.842238 0.465629 
0.839909 0.896099 2.962282 0.475696 
0.834667 0.901335 3.083909 0.485111 
0.829665 0.906116 3.206166 0.493897 
0.824898 0.910492 3.328252 0.502081 
0.820625 0.914262 3.456853 0.509702 
0.816872 0.917484 3.591802 0.516815 
0.813436 0.920475 3.725924 0.523481 
0.809398 0.922159 3.852217 0.529767 
0.805324 0.923572 3.978607 0.535704 
0.802127 0.925891 4.112279 0.541412 
0.799208 0.928134 4.245400 0.547031 
0.796633 0.930311 4.377995 0.552605 
0.794537 0.932489 4.510314 0.558170 
0.793136 0.934772 4.642735 0.563747 
0.792685 0.937359 4.773842 0.569339 
0.793545 0.940501 4.902108 0.574899 
0.773294 0.918129 4.867136 0.580301 
0.766116 0.918662 5.021751 0.583609 
0.779817 0.945539 5.335527 0.588108 
0.779661 0.949414 5.452925 0.595710 
0.780876 0.952933 5.565902 0.603309 
0.784805 0.957326 5.677565 0.610792 
0.792899 0.963371 5.788497 0.617872 
0.807051 0.971738 5.898000 0.624268 
0.829218 0.983392 6.004316 0.629179 
0.421292 0.495105 6.169950 0.631120 
0.000000 0.000000 6.283185 0.631120 
