0.999983 0.999946 -0.000039 6.265122 
1.000000 0.999925 -0.000049 6.265148 
1.000026 0.999906 -0.000043 6.265161 
1.000057 0.999896 -0.000045 6.265214 
1.000074 0.999892 -0.000028 6.265232 
1.000098 0.999889 0.000007 6.265251 
1.000114 0.999890 0.000037 6.265282 
1.000093 0.999903 0.000066 6.265285 
1.000079 0.999919 0.000094 6.265326 
1.000054 0.999941 0.000108 6.265359 
1.000017 0.999971 0.000105 6.265368 
0.999986 1.000001 0.000101 6.265403 
0.999960 1.000020 0.000084 6.265414 
0.999939 1.000029 0.000057 6.265409 
0.999927 1.000037 0.000035 6.265417 
0.999930 1.000029 0.000007 6.265388 
0.999936 1.000017 -0.000012 6.265365 
0.999941 1.000000 -0.000019 6.265338 
0.999947 0.999984 -0.000023 6.265291 
0.999949 0.999984 -0.000031 6.265276 
0.999953 0.999980 -0.000031 6.265236 
0.999968 0.999971 -0.000029 6.265177 
0.999990 0.999954 -0.000037 6.265149 
1.000015 0.999927 -0.000032 6.265108 
1.000045 0.999890 -0.000009 6.265062 
1.000082 0.999846 0.000025 6.265040 
1.000110 0.999814 0.000079 6.265008 
1.000129 0.999795 0.000155 6.264986 
1.000140 0.999795 0.000249 6.264997 
1.000126 0.999842 0.000345 6.265008 
1.000082 0.999928 0.000417 6.265026 
1.000015 1.000044 0.000446 6.265054 
0.999938 1.000187 0.000419 6.265090 
0.999878 1.000343 0.000344 6.265147 
0.999844 1.000504 0.000237 6.265219 
0.999851 1.000649 0.000117 6.265293 
0.999908 1.000763 0.000001 6.265366 
1.000015 1.000841 -0.000097 6.265430 
1.000149 1.000886 -0.000158 6.265474 
1.000260 1.000900 -0.000150 6.265494 
1.000299 1.000899 -0.000044 6.265475 
1.000254 1.000916 0.000164 6.265444 
1.000122 1.000975 0.000470 6.265400 
0.999901 1.001091 0.000862 6.265328 
0.999590 1.001265 0.001315 6.265252 
0.999146 1.001467 0.001782 6.265132 
0.998631 1.001628 0.002187 6.264950 
0.998203 1.001682 0.002430 6.264771 
0.997956 1.001637 0.002457 6.264677 
0.997928 1.001542 0.002294 6.264718 
0.998121 1.001450 0.001990 6.264892 
0.998467 1.001398 0.001618 6.265127 
0.998818 1.001402 0.001269 6.265346 
0.999060 1.001457 0.000990 6.265515 
0.999193 1.001525 0.000755 6.265625 
0.999264 1.001571 0.000536 6.265714 
0.999305 1.001563 0.000338 6.265810 
0.999331 1.001488 0.000161 6.265905 
0.999374 1.001345 0.000009 6.265996 
0.999494 1.001153 -0.000105 6.266086 
0.999732 1.000937 -0.000156 6.266168 
1.000050 1.000727 -0.000106 6.266233 
1.000320 1.000566 0.000086 6.266300 
1.000378 1.000493 0.000427 6.266392 
1.000112 1.000517 0.000876 6.266501 
0.999522 1.000618 0.001373 6.266604 
0.998734 1.000780 0.001857 6.266680 
0.997969 1.001003 0.002199 6.266721 
0.997416 1.001272 0.002278 6.266758 
0.997158 1.001533 0.002117 6.266861 
0.997208 1.001735 0.001809 6.267055 
0.997510 1.001892 0.001428 6.267293 
0.997936 1.002036 0.001022 6.267513 
0.998377 1.002140 0.000628 6.267691 
0.998798 1.002146 0.000272 6.267827 
0.999196 1.002028 -0.000022 6.267913 
0.999567 1.001805 -0.000224 6.267952 
0.999894 1.001523 -0.000317 6.267978 
1.000133 1.001233 -0.000298 6.267996 
1.000248 1.000976 -0.000178 6.267992 
1.000257 1.000789 0.000020 6.267988 
1.000199 1.000715 0.000290 6.268008 
1.000055 1.000805 0.000628 6.268043 
0.999776 1.001066 0.001008 6.268084 
0.999329 1.001413 0.001397 6.268126 
0.998709 1.001726 0.001779 6.268147 
0.997968 1.001936 0.002126 6.268137 
0.997266 1.002059 0.002326 6.268141 
0.996831 1.002176 0.002249 6.268211 
0.996812 1.002295 0.001881 6.268332 
0.997211 1.002340 0.001340 6.268465 
0.997866 1.002261 0.000806 6.268583 
0.998505 1.002073 0.000412 6.268655 
0.998948 1.001833 0.000168 6.268667 
0.999202 1.001583 0.000012 6.268661 
0.999361 1.001324 -0.000104 6.268677 
0.999489 1.001048 -0.000191 6.268715 
0.999627 1.000756 -0.000234 6.268755 
0.999790 1.000461 -0.000227 6.268784 
0.999940 1.000191 -0.000143 6.268793 
1.000028 0.999994 0.000034 6.268779 
1.000002 0.999915 0.000303 6.268757 
0.999831 0.999990 0.000651 6.268763 
0.999488 1.000234 0.001042 6.268800 
0.998964 1.000599 0.001428 6.268849 
0.998276 1.000999 0.001774 6.268903 
0.997506 1.001379 0.002017 6.268960 
0.996874 1.001721 0.002032 6.269044 
0.996649 1.001990 0.001724 6.269172 
0.996887 1.002126 0.001181 6.269315 
0.997416 1.002086 0.000611 6.269424 
0.998023 1.001897 0.000130 6.269470 
0.998590 1.001613 -0.000244 6.269448 
0.999103 1.001264 -0.000505 6.269353 
0.999576 1.000887 -0.000643 6.269212 
1.000038 1.000521 -0.000642 6.269054 
1.000467 1.000208 -0.000501 6.268900 
1.000794 0.999986 -0.000246 6.268758 
1.000973 0.999870 0.000067 6.268635 
1.000990 0.999851 0.000371 6.268545 
1.000856 0.999908 0.000621 6.268498 
1.000606 1.000014 0.000795 6.268481 
1.000286 1.000156 0.000898 6.268464 
0.999940 1.000323 0.000947 6.268435 
0.999590 1.000502 0.000953 6.268390 
0.999253 1.000667 0.000913 6.268329 
0.998974 1.000790 0.000798 6.268261 
0.998854 1.000859 0.000572 6.268191 
0.998882 1.000852 0.000278 6.268117 
0.998952 1.000769 -0.000009 6.268026 
0.999052 1.000630 -0.000267 6.267927 
0.999199 1.000442 -0.000486 6.267836 
0.999378 1.000211 -0.000643 6.267763 
0.999589 0.999946 -0.000727 6.267718 
0.999822 0.999666 -0.000738 6.267698 
1.000056 0.999398 -0.000669 6.267707 
1.000275 0.999164 -0.000516 6.267734 
1.000438 0.998984 -0.000297 6.267770 
1.000521 0.998876 -0.000029 6.267817 
1.000510 0.998850 0.000268 6.267874 
1.000391 0.998911 0.000560 6.267936 
1.000174 0.999062 0.000829 6.267999 
0.999865 0.999287 0.001041 6.268060 
0.999474 0.999581 0.001171 6.268118 
0.999037 0.999925 0.001203 6.268176 
0.998578 1.000278 0.001121 6.268229 
0.998167 1.000584 0.000914 6.268271 
0.997979 1.000790 0.000549 6.268287 
0.998075 1.000848 0.000069 6.268267 
0.998366 1.000744 -0.000411 6.268225 
0.998824 1.000497 -0.000800 6.268167 
0.999387 1.000136 -0.001014 6.268106 
0.999983 0.999737 -0.001028 6.268046 
1.000557 0.999396 -0.000867 6.267980 
1.001015 0.999193 -0.000555 6.267921 
1.001313 0.999168 -0.000165 6.267866 
1.001451 0.999298 0.000227 6.267797 
1.001426 0.999552 0.000577 6.267723 
1.001261 0.999905 0.000842 6.267650 
1.000974 1.000294 0.001006 6.267573 
1.000606 1.000658 0.001060 6.267495 
1.000234 1.000966 0.001014 6.267416 
0.999900 1.001188 0.000911 6.267327 
0.999599 1.001315 0.000787 6.267225 
0.999328 1.001365 0.000661 6.267108 
0.999085 1.001365 0.000530 6.266991 
0.998922 1.001337 0.000369 6.266868 
0.998943 1.001281 0.000157 6.266733 
0.999059 1.001158 -0.000034 6.266597 
0.999091 1.000948 -0.000115 6.266483 
0.999020 1.000678 -0.000100 6.266425 
0.999052 1.000395 -0.000094 6.266433 
0.999442 1.000116 -0.000167 6.266457 
1.000055 0.999822 -0.000230 6.266442 
1.000590 0.999526 -0.000190 6.266398 
1.000927 0.999269 -0.000042 6.266356 
1.001055 0.999092 0.000195 6.266335 
1.001009 0.999031 0.000487 6.266338 
1.000834 0.999108 0.000803 6.266376 
1.000559 0.999318 0.001098 6.266430 
1.000200 0.999642 0.001311 6.266476 
0.999783 1.000041 0.001401 6.266521 
0.999345 1.000468 0.001346 6.266564 
0.998943 1.000870 0.001138 6.266587 
0.998644 1.001193 0.000796 6.266582 
0.998499 1.001383 0.000377 6.266544 
0.998537 1.001403 -0.000042 6.266488 
0.998767 1.001256 -0.000378 6.266433 
0.999177 1.000971 -0.000548 6.266368 
0.999717 1.000614 -0.000496 6.266308 
1.000250 1.000281 -0.000229 6.266278 
1.000669 1.000043 0.000148 6.266295 
1.001030 0.999932 0.000495 6.266349 
1.001324 0.999939 0.000779 6.266413 
1.001431 1.000053 0.001031 6.266479 
1.001324 1.000248 0.001234 6.266541 
1.001063 1.000468 0.001359 6.266596 
1.000726 1.000687 0.001398 6.266621 
1.000381 1.000911 0.001373 6.266589 
1.000065 1.001146 0.001303 6.266500 
0.999786 1.001379 0.001187 6.266353 
0.999550 1.001566 0.001028 6.266166 
0.999377 1.001678 0.000824 6.265965 
0.999294 1.001734 0.000560 6.265777 
0.999306 1.001716 0.000262 6.265611 
0.999386 1.001585 0.000007 6.265464 
0.999418 1.001325 -0.000106 6.265380 
0.999248 1.000957 0.000009 6.265406 
0.998871 1.000571 0.000320 6.265572 
0.998488 1.000269 0.000680 6.265850 
0.998345 1.000079 0.000957 6.266154 
0.998643 0.999944 0.001090 6.266374 
0.999309 0.999797 0.001119 6.266461 
0.999995 0.999628 0.001152 6.266485 
1.000463 0.999486 0.001256 6.266506 
1.000681 0.999434 0.001434 6.266529 
1.000671 0.999502 0.001640 6.266545 
1.000457 0.999675 0.001811 6.266560 
1.000084 0.999930 0.001891 6.266578 
0.999622 1.000241 0.001838 6.266593 
0.999144 1.000589 0.001643 6.266625 
0.998718 1.000952 0.001311 6.266678 
0.998433 1.001278 0.000847 6.266717 
0.998360 1.001489 0.000297 6.266738 
0.998527 1.001504 -0.000241 6.266767 
0.998936 1.001283 -0.000640 6.266818 
0.999528 1.000870 -0.000763 6.266891 
1.000156 1.000385 -0.000509 6.266991 
1.000619 0.999995 0.000102 6.267118 
1.000837 0.999838 0.000918 6.267223 
1.000873 0.999936 0.001712 6.267228 
1.000835 1.000215 0.002289 6.267149 
1.000785 1.000589 0.002559 6.267080 
1.000647 1.001006 0.002546 6.267081 
1.000375 1.001398 0.002359 6.267142 
1.000011 1.001719 0.002099 6.267226 
0.999623 1.001958 0.001820 6.267306 
0.999264 1.002095 0.001544 6.267368 
0.998970 1.002154 0.001273 6.267418 
0.998754 1.002172 0.001004 6.267457 
0.998610 1.002147 0.000733 6.267477 
0.998547 1.002066 0.000450 6.267485 
0.998581 1.001921 0.000160 6.267510 
0.998704 1.001707 -0.000106 6.267568 
0.998890 1.001420 -0.000298 6.267645 
0.999078 1.001070 -0.000362 6.267766 
0.999182 1.000697 -0.000241 6.267968 
0.999183 1.000367 0.000083 6.268244 
0.999169 1.000135 0.000530 6.268548 
0.999245 0.999996 0.000984 6.268796 
0.999420 0.999918 0.001371 6.268909 
0.999667 0.999863 0.001679 6.268880 
0.999916 0.999819 0.001928 6.268773 
1.000023 0.999831 0.002139 6.268684 
0.999879 0.999946 0.002314 6.268684 
0.999494 1.000161 0.002399 6.268751 
0.998963 1.000439 0.002337 6.268839 
0.998390 1.000745 0.002114 6.268949 
0.997873 1.001044 0.001728 6.269041 
0.997489 1.001284 0.001196 6.269111 
0.997295 1.001398 0.000565 6.269187 
0.997341 1.001331 -0.000105 6.269264 
0.997645 1.001079 -0.000736 6.269351 
0.998201 1.000660 -0.001243 6.269446 
0.998971 1.000117 -0.001545 6.269540 
0.999872 0.999530 -0.001574 6.269633 
1.000765 0.999005 -0.001297 6.269714 
1.001488 0.998648 -0.000758 6.269776 
1.001929 0.998511 -0.000071 6.269845 
1.002024 0.998608 0.000633 6.269906 
1.001797 0.998928 0.001247 6.269946 
1.001338 0.999421 0.001688 6.269980 
1.000735 1.000010 0.001897 6.269979 
1.000093 1.000619 0.001873 6.269948 
0.999504 1.001166 0.001645 6.269905 
0.999033 1.001576 0.001256 6.269826 
0.998705 1.001824 0.000771 6.269737 
0.998522 1.001902 0.000250 6.269650 
0.998476 1.001803 -0.000254 6.269538 
0.998534 1.001558 -0.000701 6.269441 
0.998675 1.001201 -0.001065 6.269361 
0.998890 1.000753 -0.001332 6.269275 
0.999161 1.000257 -0.001497 6.269212 
0.999484 0.999744 -0.001545 6.269160 
0.999848 0.999242 -0.001469 6.269122 
1.000220 0.998781 -0.001269 6.269116 
1.000557 0.998404 -0.000942 6.269120 
1.000812 0.998137 -0.000510 6.269136 
1.000934 0.997992 -0.000010 6.269179 
1.000892 0.997987 0.000511 6.269230 
1.000680 0.998119 0.001003 6.269289 
1.000304 0.998365 0.001423 6.269368 
0.999785 0.998721 0.001728 6.269439 
0.999160 0.999170 0.001890 6.269523 
0.998484 0.999676 0.001872 6.269621 
0.997820 1.000206 0.001641 6.269717 
0.997246 1.000685 0.001203 6.269830 
0.996867 1.001036 0.000575 6.269928 
0.996759 1.001194 -0.000182 6.270022 
