0.999998 0.999989 -0.000009 0.015336 
1.000001 0.999987 -0.000011 0.015336 
1.000010 0.999983 -0.000014 0.015341 
1.000013 0.999982 -0.000014 0.015344 
1.000011 0.999982 -0.000010 0.015342 
1.000015 0.999981 -0.000006 0.015345 
1.000021 0.999979 -0.000001 0.015347 
1.000025 0.999980 0.000005 0.015348 
1.000025 0.999982 0.000011 0.015351 
1.000022 0.999986 0.000016 0.015357 
1.000017 0.999993 0.000016 0.015362 
1.000011 0.999998 0.000013 0.015364 
1.000009 0.999997 0.000011 0.015366 
1.000011 0.999994 0.000008 0.015365 
1.000011 0.999997 0.000008 0.015375 
1.000019 0.999996 0.000008 0.015369 
1.000026 0.999986 0.000012 0.015349 
1.000028 0.999981 0.000022 0.015340 
1.000030 0.999984 0.000030 0.015324 
1.000029 0.999994 0.000038 0.015312 
1.000020 1.000007 0.000046 0.015301 
1.000007 1.000020 0.000050 0.015280 
1.000004 1.000029 0.000042 0.015270 
0.999999 1.000032 0.000033 0.015258 
0.999994 1.000037 0.000033 0.015221 
1.000001 1.000036 0.000031 0.015199 
1.000016 1.000031 0.000035 0.015182 
1.000026 1.000031 0.000048 0.015163 
1.000034 1.000036 0.000065 0.015156 
1.000037 1.000048 0.000082 0.015149 
1.000033 1.000067 0.000098 0.015150 
1.000025 1.000087 0.000104 0.015156 
1.000013 1.000109 0.000096 0.015161 
1.000005 1.000134 0.000082 0.015171 
0.999997 1.000165 0.000066 0.015195 
0.999992 1.000200 0.000054 0.015223 
0.999997 1.000233 0.000047 0.015241 
1.000005 1.000270 0.000043 0.015262 
1.000003 1.000313 0.000044 0.015278 
0.999992 1.000351 0.000057 0.015286 
0.999961 1.000386 0.000090 0.015279 
0.999902 1.000426 0.000149 0.015264 
0.999829 1.000475 0.000237 0.015250 
0.999734 1.000536 0.000359 0.015222 
0.999615 1.000610 0.000514 0.015195 
0.999453 1.000689 0.000690 0.015145 
0.999263 1.000747 0.000864 0.015059 
0.999115 1.000756 0.000988 0.014969 
0.999051 1.000708 0.001025 0.014913 
0.999088 1.000630 0.000976 0.014920 
0.999223 1.000558 0.000861 0.014983 
0.999411 1.000505 0.000716 0.015064 
0.999583 1.000476 0.000586 0.015142 
0.999696 1.000475 0.000490 0.015211 
0.999758 1.000484 0.000415 0.015247 
0.999789 1.000496 0.000347 0.015267 
0.999797 1.000507 0.000285 0.015291 
0.999793 1.000506 0.000229 0.015307 
0.999793 1.000493 0.000174 0.015318 
0.999808 1.000473 0.000122 0.015330 
0.999851 1.000448 0.000085 0.015337 
0.999917 1.000423 0.000077 0.015333 
0.999966 1.000406 0.000106 0.015336 
0.999952 1.000409 0.000187 0.015354 
0.999838 1.000435 0.000318 0.015376 
0.999609 1.000481 0.000481 0.015388 
0.999303 1.000538 0.000662 0.015391 
0.999012 1.000602 0.000806 0.015384 
0.998831 1.000664 0.000855 0.015377 
0.998797 1.000706 0.000811 0.015415 
0.998901 1.000720 0.000711 0.015504 
0.999102 1.000716 0.000589 0.015601 
0.999328 1.000711 0.000475 0.015684 
0.999517 1.000708 0.000381 0.015747 
0.999647 1.000700 0.000306 0.015793 
0.999733 1.000676 0.000240 0.015811 
0.999786 1.000636 0.000180 0.015806 
0.999822 1.000590 0.000128 0.015797 
0.999849 1.000543 0.000087 0.015787 
0.999851 1.000497 0.000067 0.015762 
0.999833 1.000456 0.000067 0.015739 
0.999817 1.000433 0.000092 0.015732 
0.999791 1.000450 0.000149 0.015728 
0.999728 1.000512 0.000237 0.015725 
0.999610 1.000598 0.000352 0.015735 
0.999421 1.000677 0.000489 0.015738 
0.999168 1.000726 0.000636 0.015719 
0.998908 1.000752 0.000757 0.015707 
0.998749 1.000778 0.000787 0.015731 
0.998767 1.000808 0.000703 0.015782 
0.998959 1.000818 0.000545 0.015846 
0.999254 1.000792 0.000387 0.015907 
0.999530 1.000733 0.000281 0.015951 
0.999708 1.000665 0.000228 0.015969 
0.999792 1.000601 0.000200 0.015974 
0.999820 1.000546 0.000175 0.015987 
0.999826 1.000491 0.000146 0.016001 
0.999828 1.000439 0.000121 0.016003 
0.999838 1.000390 0.000099 0.016001 
0.999854 1.000349 0.000088 0.015994 
0.999858 1.000332 0.000095 0.015980 
0.999834 1.000346 0.000127 0.015965 
0.999776 1.000393 0.000184 0.015958 
0.999671 1.000476 0.000258 0.015964 
0.999516 1.000578 0.000342 0.015976 
0.999309 1.000665 0.000437 0.015988 
0.999068 1.000725 0.000537 0.015992 
0.998861 1.000754 0.000599 0.016009 
0.998806 1.000750 0.000572 0.016053 
0.998946 1.000719 0.000469 0.016110 
0.999193 1.000663 0.000358 0.016165 
0.999432 1.000591 0.000276 0.016198 
0.999604 1.000521 0.000223 0.016196 
0.999698 1.000460 0.000183 0.016155 
0.999745 1.000409 0.000140 0.016097 
0.999789 1.000364 0.000097 0.016025 
0.999839 1.000320 0.000066 0.015950 
0.999889 1.000280 0.000049 0.015880 
0.999934 1.000249 0.000046 0.015815 
0.999969 1.000228 0.000053 0.015761 
0.999985 1.000218 0.000063 0.015726 
0.999980 1.000207 0.000068 0.015708 
0.999961 1.000192 0.000070 0.015693 
0.999931 1.000187 0.000078 0.015678 
0.999890 1.000184 0.000096 0.015665 
0.999843 1.000179 0.000120 0.015650 
0.999800 1.000172 0.000135 0.015630 
0.999797 1.000160 0.000125 0.015614 
0.999835 1.000144 0.000095 0.015602 
0.999871 1.000124 0.000068 0.015590 
0.999896 1.000103 0.000049 0.015570 
0.999916 1.000085 0.000034 0.015546 
0.999931 1.000071 0.000023 0.015525 
0.999943 1.000056 0.000016 0.015510 
0.999954 1.000042 0.000014 0.015504 
0.999964 1.000032 0.000013 0.015500 
0.999973 1.000025 0.000016 0.015499 
0.999976 1.000022 0.000017 0.015501 
0.999975 1.000022 0.000016 0.015504 
0.999974 1.000024 0.000019 0.015515 
0.999967 1.000027 0.000022 0.015527 
0.999960 1.000036 0.000029 0.015539 
0.999951 1.000052 0.000039 0.015553 
0.999928 1.000073 0.000048 0.015566 
0.999899 1.000099 0.000063 0.015576 
0.999855 1.000125 0.000084 0.015586 
0.999799 1.000145 0.000107 0.015591 
0.999784 1.000150 0.000111 0.015588 
0.999821 1.000141 0.000095 0.015576 
0.999865 1.000125 0.000078 0.015555 
0.999898 1.000108 0.000068 0.015529 
0.999914 1.000088 0.000072 0.015504 
0.999919 1.000074 0.000074 0.015480 
0.999936 1.000065 0.000067 0.015463 
0.999958 1.000058 0.000064 0.015448 
0.999973 1.000055 0.000059 0.015428 
0.999977 1.000053 0.000051 0.015406 
0.999976 1.000052 0.000044 0.015386 
0.999977 1.000054 0.000035 0.015370 
0.999975 1.000063 0.000030 0.015351 
0.999970 1.000079 0.000030 0.015326 
0.999968 1.000090 0.000036 0.015297 
0.999962 1.000094 0.000055 0.015262 
0.999945 1.000097 0.000089 0.015221 
0.999915 1.000101 0.000136 0.015176 
0.999865 1.000108 0.000188 0.015133 
0.999818 1.000128 0.000227 0.015096 
0.999814 1.000157 0.000239 0.015056 
0.999821 1.000174 0.000252 0.015013 
0.999766 1.000169 0.000295 0.014982 
0.999649 1.000155 0.000350 0.014971 
0.999573 1.000148 0.000367 0.014979 
0.999632 1.000148 0.000318 0.014988 
0.999780 1.000139 0.000242 0.014979 
0.999913 1.000116 0.000178 0.014955 
0.999989 1.000090 0.000130 0.014928 
1.000024 1.000068 0.000102 0.014903 
1.000033 1.000051 0.000088 0.014889 
1.000029 1.000033 0.000082 0.014885 
1.000022 1.000027 0.000086 0.014881 
1.000017 1.000031 0.000094 0.014875 
1.000016 1.000030 0.000103 0.014869 
1.000007 1.000030 0.000113 0.014864 
0.999995 1.000036 0.000124 0.014852 
0.999986 1.000047 0.000135 0.014829 
0.999978 1.000061 0.000153 0.014800 
0.999970 1.000076 0.000185 0.014772 
0.999952 1.000094 0.000240 0.014755 
0.999925 1.000111 0.000319 0.014737 
0.999889 1.000134 0.000415 0.014724 
0.999823 1.000174 0.000511 0.014721 
0.999749 1.000231 0.000560 0.014737 
0.999725 1.000288 0.000519 0.014765 
0.999762 1.000326 0.000416 0.014789 
0.999818 1.000345 0.000304 0.014809 
0.999868 1.000341 0.000204 0.014828 
0.999910 1.000310 0.000127 0.014849 
0.999948 1.000259 0.000077 0.014860 
0.999985 1.000200 0.000055 0.014850 
1.000023 1.000150 0.000068 0.014822 
1.000049 1.000128 0.000108 0.014775 
1.000057 1.000120 0.000168 0.014710 
1.000051 1.000127 0.000231 0.014641 
1.000037 1.000158 0.000281 0.014586 
1.000019 1.000200 0.000315 0.014535 
0.999994 1.000237 0.000347 0.014487 
0.999926 1.000254 0.000409 0.014463 
0.999766 1.000251 0.000522 0.014478 
0.999518 1.000248 0.000672 0.014541 
0.999258 1.000273 0.000803 0.014647 
0.999104 1.000326 0.000857 0.014761 
0.999149 1.000375 0.000805 0.014830 
0.999359 1.000390 0.000674 0.014838 
0.999599 1.000360 0.000526 0.014822 
0.999790 1.000302 0.000398 0.014814 
0.999928 1.000246 0.000303 0.014800 
1.000023 1.000205 0.000239 0.014775 
1.000082 1.000174 0.000200 0.014756 
1.000112 1.000150 0.000175 0.014738 
1.000127 1.000132 0.000153 0.014709 
1.000130 1.000120 0.000141 0.014690 
1.000121 1.000126 0.000148 0.014685 
1.000107 1.000153 0.000165 0.014673 
1.000090 1.000198 0.000194 0.014650 
1.000059 1.000247 0.000244 0.014636 
1.000011 1.000286 0.000321 0.014642 
0.999944 1.000312 0.000438 0.014657 
0.999833 1.000337 0.000602 0.014685 
0.999669 1.000383 0.000787 0.014734 
0.999495 1.000459 0.000940 0.014783 
0.999374 1.000541 0.001001 0.014792 
0.999366 1.000590 0.000938 0.014767 
0.999465 1.000589 0.000771 0.014752 
0.999592 1.000549 0.000561 0.014761 
0.999697 1.000482 0.000374 0.014785 
0.999773 1.000410 0.000242 0.014816 
0.999825 1.000347 0.000168 0.014845 
0.999862 1.000296 0.000138 0.014863 
0.999892 1.000265 0.000138 0.014874 
0.999916 1.000262 0.000156 0.014881 
0.999927 1.000278 0.000183 0.014875 
0.999929 1.000304 0.000212 0.014859 
0.999922 1.000334 0.000244 0.014853 
0.999899 1.000367 0.000280 0.014862 
0.999850 1.000399 0.000326 0.014873 
0.999760 1.000428 0.000386 0.014911 
0.999610 1.000460 0.000473 0.014989 
0.999414 1.000510 0.000598 0.015082 
0.999227 1.000582 0.000724 0.015187 
0.999127 1.000661 0.000806 0.015274 
0.999141 1.000713 0.000822 0.015300 
0.999260 1.000715 0.000772 0.015264 
0.999447 1.000660 0.000679 0.015189 
0.999625 1.000561 0.000565 0.015123 
0.999746 1.000447 0.000466 0.015102 
0.999811 1.000332 0.000386 0.015114 
0.999845 1.000224 0.000317 0.015133 
0.999867 1.000137 0.000262 0.015159 
0.999892 1.000071 0.000220 0.015186 
0.999924 1.000030 0.000187 0.015206 
0.999966 1.000011 0.000162 0.015230 
1.000008 1.000006 0.000150 0.015260 
1.000043 1.000016 0.000146 0.015292 
1.000068 1.000041 0.000146 0.015321 
1.000072 1.000073 0.000146 0.015349 
1.000060 1.000108 0.000140 0.015379 
1.000037 1.000140 0.000126 0.015399 
1.000012 1.000169 0.000109 0.015411 
0.999997 1.000178 0.000084 0.015437 
0.999984 1.000163 0.000050 0.015453 
0.999979 1.000132 0.000026 0.015463 
0.999985 1.000100 0.000013 0.015479 
0.999986 1.000075 0.000002 0.015471 
0.999984 1.000057 0.000002 0.015471 
0.999982 1.000054 0.000005 0.015468 
0.999982 1.000051 0.000003 0.015443 
0.999979 1.000053 0.000003 0.015424 
0.999971 1.000062 0.000002 0.015410 
0.999967 1.000068 -0.000003 0.015390 
0.999969 1.000069 -0.000012 0.015372 
0.999972 1.000067 -0.000023 0.015362 
0.999976 1.000056 -0.000027 0.015348 
0.999981 1.000043 -0.000027 0.015332 
0.999986 1.000034 -0.000027 0.015324 
0.999993 1.000024 -0.000023 0.015316 
0.999997 1.000019 -0.000017 0.015306 
0.999999 1.000016 -0.000013 0.015303 
1.000001 1.000010 -0.000010 0.015303 
0.999998 1.000007 -0.000007 0.015297 
0.999996 1.000001 -0.000006 0.015299 
0.999998 0.999996 -0.000004 0.015306 
0.999997 0.999990 -0.000000 0.015314 
0.999998 0.999987 -0.000001 0.015312 
0.999999 0.999988 -0.000001 0.015310 
0.999997 0.999988 -0.000001 0.015321 
0.999996 0.999991 -0.000001 0.015324 
0.999993 0.999991 -0.000000 0.015328 
0.999990 0.999992 -0.000004 0.015337 
0.999990 0.999997 -0.000007 0.015344 
