0.901717 0.872192 0.028396 0.827016 
0.907849 0.861061 0.052759 0.821602 
0.906785 0.855755 0.085036 0.819639 
0.894189 0.857295 0.125015 0.821306 
0.863025 0.865112 0.173149 0.827979 
0.813843 0.875771 0.225590 0.836694 
0.756171 0.884856 0.272319 0.841824 
0.702342 0.891957 0.303424 0.842767 
0.666370 0.900179 0.311740 0.844696 
0.651505 0.907547 0.297372 0.853500 
0.656079 0.913582 0.263958 0.869828 
0.680444 0.923541 0.214517 0.890201 
0.715887 0.934833 0.159977 0.906557 
0.751382 0.939704 0.112974 0.916107 
0.784773 0.936112 0.077742 0.921466 
0.816808 0.926577 0.054264 0.923834 
0.846809 0.913725 0.042553 0.924901 
0.872684 0.900535 0.042356 0.925684 
0.891739 0.890313 0.051999 0.926548 
0.901491 0.885442 0.068519 0.927592 
0.900717 0.886526 0.088546 0.928475 
0.890397 0.892735 0.109141 0.928856 
0.872164 0.902182 0.129202 0.928430 
0.847638 0.912175 0.149000 0.926658 
0.816121 0.919117 0.170294 0.923136 
0.775238 0.917372 0.196069 0.917119 
0.726273 0.904661 0.225289 0.908487 
0.676977 0.887868 0.250850 0.896662 
0.642809 0.874542 0.262495 0.885118 
0.633466 0.865486 0.255339 0.881282 
0.648057 0.861849 0.230808 0.886031 
0.684604 0.866516 0.191008 0.893739 
0.733131 0.874763 0.145392 0.896185 
0.779263 0.878848 0.106664 0.891244 
0.817310 0.876681 0.079757 0.882841 
0.847093 0.869841 0.064203 0.873113 
0.868647 0.860832 0.058109 0.863383 
0.883050 0.851912 0.059511 0.854782 
0.892197 0.844939 0.066970 0.847650 
0.896797 0.841539 0.079706 0.842166 
0.896134 0.843021 0.096822 0.838745 
0.889359 0.850004 0.117090 0.837270 
0.875633 0.862061 0.139079 0.836687 
0.854443 0.877475 0.161925 0.835654 
0.824537 0.894201 0.185512 0.833808 
0.783559 0.909243 0.210448 0.830335 
0.730982 0.918049 0.236528 0.823365 
0.673260 0.919444 0.258579 0.811745 
0.628149 0.915439 0.267420 0.798361 
0.609943 0.907257 0.258979 0.791829 
0.621439 0.896945 0.235683 0.797933 
0.661347 0.890432 0.199538 0.812270 
0.716878 0.890090 0.157765 0.823348 
0.770273 0.890858 0.122358 0.826649 
0.813913 0.889377 0.099607 0.826211 
0.846500 0.886738 0.089552 0.824478 
0.867336 0.885559 0.089099 0.822235 
0.876561 0.887761 0.094349 0.820227 
0.875507 0.893751 0.101626 0.818797 
0.865942 0.902437 0.108028 0.817341 
0.850612 0.912243 0.112227 0.815208 
0.832107 0.921811 0.114467 0.812046 
0.812008 0.930078 0.115847 0.807483 
0.790651 0.935814 0.118342 0.801060 
0.766567 0.938104 0.124134 0.792151 
0.736250 0.934681 0.135920 0.780400 
0.695811 0.924635 0.155188 0.765389 
0.647015 0.911126 0.177762 0.747703 
0.608142 0.897136 0.192967 0.731089 
0.597418 0.882282 0.195316 0.723183 
0.615841 0.867637 0.186623 0.725726 
0.657949 0.859688 0.165861 0.728747 
0.711837 0.859235 0.136888 0.725292 
0.762943 0.859548 0.110604 0.718093 
0.803352 0.857287 0.093666 0.710290 
0.832268 0.853904 0.086199 0.702781 
0.851981 0.851852 0.086443 0.696349 
0.863601 0.853294 0.092685 0.691306 
0.867211 0.859735 0.102769 0.687201 
0.862865 0.871578 0.114249 0.684231 
0.851512 0.887903 0.124991 0.682184 
0.834078 0.906380 0.133406 0.679786 
0.811436 0.923989 0.138860 0.676527 
0.784405 0.938961 0.142490 0.672072 
0.752703 0.950504 0.146093 0.666278 
0.714630 0.957439 0.152174 0.658704 
0.667699 0.959232 0.162611 0.648681 
0.615350 0.956135 0.175211 0.635914 
0.574469 0.947789 0.184381 0.622570 
0.561700 0.933365 0.188231 0.618071 
0.578023 0.917649 0.185989 0.625235 
0.618313 0.909808 0.172744 0.632139 
0.674533 0.910937 0.150016 0.632626 
0.732366 0.915343 0.128203 0.629526 
0.777788 0.920468 0.114680 0.624665 
0.804586 0.927384 0.108670 0.619061 
0.815237 0.936832 0.105865 0.613427 
0.814253 0.947874 0.102509 0.608100 
0.805732 0.958733 0.096567 0.603335 
0.793966 0.967514 0.087982 0.598826 
0.782104 0.972905 0.078121 0.594101 
0.771305 0.974467 0.068979 0.588580 
0.760983 0.972593 0.062489 0.581548 
0.748988 0.968082 0.060406 0.572542 
0.732046 0.962135 0.063862 0.561636 
0.706608 0.955676 0.073291 0.549014 
0.667563 0.948513 0.089413 0.534816 
0.616933 0.939897 0.109975 0.520747 
0.573462 0.928793 0.129963 0.510482 
0.555293 0.915960 0.145831 0.508007 
0.564589 0.905137 0.154108 0.509823 
0.598111 0.900090 0.150039 0.506996 
0.650169 0.899923 0.134033 0.498263 
0.706066 0.900462 0.115229 0.487820 
0.751446 0.900226 0.102471 0.478479 
0.782346 0.901292 0.097374 0.471211 
0.800946 0.906150 0.097690 0.465759 
0.809007 0.915805 0.100586 0.461753 
0.808002 0.929761 0.103156 0.458846 
0.800220 0.946751 0.103473 0.456345 
0.787703 0.964671 0.100427 0.454139 
0.772349 0.980622 0.093918 0.451538 
0.755577 0.992307 0.085464 0.447585 
0.737423 0.998940 0.077538 0.442441 
0.715707 1.001176 0.072637 0.435839 
0.686856 0.999972 0.072898 0.427423 
0.647104 0.996152 0.079593 0.417425 
0.597777 0.989654 0.092653 0.408110 
0.552908 0.980783 0.110662 0.404319 
0.529463 0.972649 0.129155 0.409358 
0.532615 0.968902 0.140871 0.416339 
0.561996 0.970488 0.141052 0.417066 
0.613394 0.975649 0.130567 0.413425 
0.670764 0.981548 0.114914 0.408186 
0.716371 0.986979 0.099820 0.402355 
0.743566 0.992400 0.086394 0.396691 
0.756417 0.997425 0.072758 0.391479 
0.761517 1.001024 0.057499 0.386858 
0.763395 1.002176 0.040912 0.382511 
0.765372 1.000295 0.024592 0.377714 
0.768578 0.995746 0.010315 0.371694 
0.772342 0.988844 -0.000260 0.364054 
0.774574 0.980024 -0.005877 0.354507 
0.772750 0.970718 -0.006169 0.343254 
0.763317 0.962144 -0.001010 0.330974 
0.741685 0.954457 0.010308 0.318847 
0.703119 0.947949 0.028790 0.308114 
0.645552 0.943532 0.053126 0.301419 
0.583286 0.941637 0.079754 0.301443 
0.540289 0.942302 0.104745 0.308384 
0.525835 0.945415 0.122759 0.316759 
0.541393 0.950340 0.129759 0.319534 
0.587983 0.956079 0.124965 0.315534 
0.651488 0.961163 0.113199 0.306862 
0.708086 0.965464 0.101906 0.297393 
0.744970 0.970422 0.093109 0.290532 
0.764327 0.976476 0.085247 0.286292 
0.773092 0.982686 0.076308 0.283404 
0.775776 0.987556 0.065342 0.281611 
0.775678 0.990003 0.052846 0.280691 
0.775269 0.989685 0.040002 0.279729 
0.775396 0.986519 0.028708 0.278668 
0.775331 0.981084 0.020888 0.277132 
0.772897 0.974760 0.017978 0.274418 
0.764655 0.969112 0.020817 0.270638 
0.746848 0.965390 0.029757 0.266710 
0.714732 0.964664 0.045336 0.264478 
0.664628 0.968143 0.068123 0.266833 
0.605459 0.976610 0.096155 0.277420 
0.558560 0.989959 0.124313 0.296328 
0.536497 1.007039 0.146206 0.316866 
0.540148 1.025558 0.156684 0.332008 
0.571600 1.043143 0.152234 0.338679 
0.624126 1.056801 0.132663 0.338109 
0.679896 1.060959 0.102941 0.335391 
0.725907 1.054520 0.069468 0.333404 
0.757905 1.039378 0.040010 0.331131 
0.781999 1.017885 0.017972 0.327847 
0.804113 0.994549 0.002501 0.323517 
0.824063 0.972060 -0.006133 0.317362 
0.841573 0.952265 -0.008712 0.309100 
0.855233 0.936189 -0.006099 0.298556 
