0.988082 0.989602 0.000219 1.288777 
0.987998 0.991203 -0.001745 1.290635 
0.989078 0.992319 -0.004920 1.293132 
0.991649 0.991768 -0.009648 1.296380 
0.995694 0.988152 -0.016139 1.300244 
1.000524 0.979925 -0.024634 1.304103 
1.005278 0.966367 -0.034558 1.306665 
1.009623 0.949764 -0.043464 1.306889 
1.013716 0.934692 -0.048186 1.305958 
1.016761 0.925832 -0.046418 1.306608 
1.016856 0.926874 -0.038073 1.310636 
1.013205 0.938080 -0.026003 1.317473 
1.007228 0.954744 -0.014589 1.324915 
1.001617 0.969859 -0.006550 1.330916 
0.997683 0.979715 -0.001922 1.334785 
0.994941 0.985362 0.000370 1.337058 
0.992877 0.988856 0.001190 1.338500 
0.991350 0.991204 0.000902 1.339636 
0.990384 0.992887 -0.000356 1.340786 
0.990140 0.993782 -0.002486 1.342139 
0.990857 0.993202 -0.005145 1.343829 
0.992687 0.990897 -0.008010 1.345891 
0.995800 0.987212 -0.011031 1.348317 
1.000246 0.982231 -0.014375 1.351009 
1.005687 0.975584 -0.018119 1.353593 
1.011164 0.966636 -0.022493 1.355532 
1.015186 0.954569 -0.028090 1.356092 
1.016804 0.940278 -0.034026 1.354937 
1.016387 0.927651 -0.037700 1.353198 
1.015073 0.921829 -0.036517 1.352739 
1.013260 0.926355 -0.029703 1.354200 
1.010249 0.940400 -0.019514 1.356570 
1.005319 0.958507 -0.010071 1.358594 
0.999147 0.973564 -0.004417 1.359561 
0.993603 0.982170 -0.002411 1.359312 
0.989739 0.985946 -0.002248 1.358372 
0.987382 0.987523 -0.002693 1.357342 
0.986093 0.988325 -0.003266 1.356335 
0.985510 0.989030 -0.003869 1.355303 
0.985433 0.989701 -0.004699 1.354401 
0.985973 0.989897 -0.006009 1.353876 
0.987536 0.989216 -0.007916 1.353848 
0.990549 0.987378 -0.010344 1.354311 
0.995150 0.984079 -0.013100 1.355163 
1.000957 0.978892 -0.016014 1.356070 
1.007152 0.971194 -0.019103 1.356553 
1.012675 0.960252 -0.022567 1.356257 
1.016646 0.947061 -0.025704 1.355221 
1.018379 0.935708 -0.026697 1.354563 
1.017182 0.931451 -0.024149 1.355926 
1.013115 0.937622 -0.018252 1.359574 
1.007121 0.953031 -0.010987 1.364111 
1.000612 0.971256 -0.005192 1.367781 
0.995056 0.984484 -0.002450 1.369694 
0.991288 0.990581 -0.001964 1.370138 
0.989248 0.992671 -0.002410 1.369807 
0.988448 0.993405 -0.003413 1.369173 
0.988575 0.993538 -0.004839 1.368539 
0.989480 0.993054 -0.006396 1.368082 
0.991011 0.991853 -0.007723 1.367859 
0.992989 0.989814 -0.008489 1.367867 
0.995248 0.986971 -0.008462 1.368026 
0.997607 0.983543 -0.007611 1.368096 
1.000070 0.979835 -0.006444 1.367689 
1.002634 0.975816 -0.005839 1.366421 
1.004978 0.970768 -0.006484 1.364002 
1.006675 0.963686 -0.008718 1.360195 
1.007627 0.955240 -0.011614 1.355228 
1.007937 0.949125 -0.013051 1.350007 
1.006704 0.949235 -0.012341 1.345378 
1.002928 0.956105 -0.010666 1.341473 
0.997597 0.966087 -0.008961 1.337933 
0.992497 0.974567 -0.007352 1.334665 
0.988346 0.980242 -0.005890 1.332010 
0.985136 0.984325 -0.004809 1.329967 
0.982893 0.987467 -0.004308 1.328016 
0.981646 0.989938 -0.004465 1.325948 
0.981499 0.991811 -0.005302 1.323919 
0.982569 0.992560 -0.006610 1.322138 
0.984699 0.991889 -0.007905 1.320775 
0.987504 0.990060 -0.008756 1.319786 
0.990589 0.987659 -0.009024 1.318932 
0.993480 0.985034 -0.008756 1.317967 
0.995843 0.982128 -0.008132 1.316796 
0.997800 0.978720 -0.007511 1.315475 
0.999668 0.974502 -0.007286 1.313999 
1.001621 0.969008 -0.007803 1.312297 
1.003541 0.962398 -0.008976 1.310333 
1.004871 0.957109 -0.009997 1.308127 
1.004351 0.956249 -0.010780 1.305693 
1.001379 0.961040 -0.011772 1.302819 
0.997285 0.969821 -0.012236 1.299484 
0.993893 0.977907 -0.011496 1.296374 
0.991892 0.983334 -0.009603 1.293993 
0.990797 0.987502 -0.007783 1.292171 
0.990435 0.990058 -0.007103 1.290542 
0.991063 0.990639 -0.007104 1.288971 
0.992419 0.989844 -0.007080 1.287457 
0.994066 0.988115 -0.006627 1.285890 
0.995807 0.985912 -0.005775 1.284138 
0.997600 0.983652 -0.004635 1.282110 
0.999201 0.981660 -0.003249 1.279731 
0.999978 0.980111 -0.001824 1.276924 
0.999860 0.978895 -0.000892 1.273562 
0.999488 0.977435 -0.001011 1.269563 
0.999437 0.974901 -0.002391 1.265002 
1.000227 0.970677 -0.004751 1.259953 
1.001747 0.965395 -0.007515 1.254597 
1.002583 0.961802 -0.010562 1.249148 
1.000828 0.961216 -0.015011 1.244165 
0.996754 0.961807 -0.020847 1.240361 
0.992898 0.962813 -0.024945 1.237867 
0.990796 0.965461 -0.024455 1.235792 
0.989752 0.971512 -0.020013 1.233120 
0.988560 0.979488 -0.014850 1.229856 
0.987282 0.985674 -0.011338 1.226593 
0.986833 0.988776 -0.009658 1.223884 
0.987737 0.989277 -0.009087 1.221991 
0.989889 0.988293 -0.008924 1.220782 
0.992761 0.986750 -0.008704 1.219867 
0.995506 0.985047 -0.008077 1.218891 
0.997488 0.983284 -0.006948 1.217676 
0.998507 0.981524 -0.005532 1.216249 
0.998931 0.979824 -0.004031 1.214737 
0.999259 0.978317 -0.002563 1.213289 
0.999906 0.977189 -0.001322 1.211944 
1.000759 0.976094 -0.001037 1.210647 
1.000703 0.974290 -0.003043 1.209252 
0.999000 0.971687 -0.008369 1.207581 
0.996103 0.968786 -0.016995 1.206215 
0.993877 0.966500 -0.026299 1.205790 
0.994068 0.965979 -0.031916 1.205937 
0.996343 0.968463 -0.031820 1.205920 
0.998887 0.974277 -0.027354 1.205505 
1.000387 0.980773 -0.021427 1.204888 
1.000952 0.984548 -0.016139 1.204321 
1.001224 0.985124 -0.011823 1.203984 
1.001388 0.983923 -0.008071 1.203715 
1.001372 0.982192 -0.004601 1.203262 
1.001124 0.980796 -0.001436 1.202408 
1.000465 0.980181 0.001318 1.201040 
0.999347 0.980423 0.003505 1.199104 
0.997717 0.981275 0.004882 1.196559 
0.995641 0.982428 0.005355 1.193424 
0.993689 0.983949 0.005226 1.189813 
0.992259 0.986176 0.004609 1.185967 
0.991064 0.988355 0.002463 1.182180 
0.989580 0.987386 -0.003244 1.179099 
0.988127 0.979953 -0.013480 1.177700 
0.988041 0.966883 -0.026239 1.178487 
0.990213 0.953693 -0.037228 1.181090 
0.994157 0.946512 -0.042717 1.184345 
0.998394 0.947896 -0.041710 1.186604 
1.001124 0.955951 -0.035858 1.186933 
1.001616 0.966260 -0.028274 1.186053 
1.000894 0.974441 -0.021528 1.185388 
1.000213 0.979046 -0.016324 1.185460 
0.999966 0.981062 -0.012258 1.185909 
1.000013 0.981483 -0.008731 1.186393 
1.000060 0.981116 -0.005313 1.186772 
0.999741 0.980668 -0.001873 1.187051 
0.998821 0.980584 0.001427 1.187397 
0.997444 0.981084 0.004353 1.187881 
0.995893 0.982255 0.006761 1.188407 
0.994201 0.984100 0.008303 1.188834 
0.992309 0.986393 0.008202 1.189162 
0.990406 0.988335 0.005191 1.189687 
0.989009 0.987628 -0.002589 1.191174 
0.989342 0.980811 -0.015967 1.194749 
0.993149 0.967759 -0.031774 1.200476 
1.000595 0.954455 -0.044229 1.206502 
1.009135 0.947785 -0.049535 1.210649 
1.015635 0.949551 -0.047496 1.212527 
1.018663 0.956902 -0.040168 1.213448 
1.018218 0.965575 -0.030119 1.215039 
1.015211 0.972066 -0.019978 1.217963 
1.011273 0.975355 -0.011620 1.221561 
1.007347 0.976924 -0.005396 1.225087 
1.003524 0.978284 -0.001066 1.228159 
0.999948 0.980009 0.001591 1.230554 
0.996837 0.982083 0.002863 1.232097 
0.994210 0.984123 0.003126 1.232669 
