-0.00001633 -0.00000317 -0.00000154 -0.00000338 -0.00001163 -0.00000236 -0.00001775 -0.00001316 -0.00000557  -0.00002478 0.00000708 0.00000644 0.00001420 -0.00002360 -0.00000753 -0.00000739 -0.00003389 -0.00000772  -0.00002649 0.00000794 0.00000747 0.00001548 -0.00001661 -0.00000591 0.00000098 -0.00003796 -0.00000786  
-0.00002478 0.00000708 0.00000644 0.00001420 -0.00002360 -0.00000753 -0.00000739 -0.00003389 -0.00000772  -0.00002649 0.00000794 0.00000747 0.00001548 -0.00001661 -0.00000591 0.00000098 -0.00003796 -0.00000786  -0.00004315 0.00000720 0.00001172 0.00001885 -0.00002155 -0.00000788 0.00000681 -0.00005706 -0.00001196  
-0.00002649 0.00000794 0.00000747 0.00001548 -0.00001661 -0.00000591 0.00000098 -0.00003796 -0.00000786  -0.00004315 0.00000720 0.00001172 0.00001885 -0.00002155 -0.00000788 0.00000681 -0.00005706 -0.00001196  -0.00003862 0.00000763 0.00000904 0.00002128 -0.00004771 -0.00001141 0.00001363 -0.00008113 -0.00001447  
-0.00004315 0.00000720 0.00001172 0.00001885 -0.00002155 -0.00000788 0.00000681 -0.00005706 -0.00001196  -0.00003862 0.00000763 0.00000904 0.00002128 -0.00004771 -0.00001141 0.00001363 -0.00008113 -0.00001447  -0.00012534 -0.00003364 0.00002422 0.00000765 -0.00012452 -0.00001601 0.00005169 -0.00020623 -0.00003714  
-0.00003862 0.00000763 0.00000904 0.00002128 -0.00004771 -0.00001141 0.00001363 -0.00008113 -0.00001447  -0.00012534 -0.00003364 0.00002422 0.00000765 -0.00012452 -0.00001601 0.00005169 -0.00020623 -0.00003714  -0.00014068 -0.00004623 0.00001778 -0.00000125 -0.00019237 -0.00001831 0.00007334 -0.00025688 -0.00003862  
-0.00012534 -0.00003364 0.00002422 0.00000765 -0.00012452 -0.00001601 0.00005169 -0.00020623 -0.00003714  -0.00014068 -0.00004623 0.00001778 -0.00000125 -0.00019237 -0.00001831 0.00007334 -0.00025688 -0.00003862  -0.00009432 0.00000141 0.00001128 0.00004796 -0.00022053 -0.00001237 0.00007757 -0.00024213 -0.00001946  
-0.00014068 -0.00004623 0.00001778 -0.00000125 -0.00019237 -0.00001831 0.00007334 -0.00025688 -0.00003862  -0.00009432 0.00000141 0.00001128 0.00004796 -0.00022053 -0.00001237 0.00007757 -0.00024213 -0.00001946  -0.00010538 0.00001154 0.00001840 0.00008108 -0.00041021 0.00001149 0.00011728 -0.00032751 -0.00000000  
-0.00009432 0.00000141 0.00001128 0.00004796 -0.00022053 -0.00001237 0.00007757 -0.00024213 -0.00001946  -0.00010538 0.00001154 0.00001840 0.00008108 -0.00041021 0.00001149 0.00011728 -0.00032751 -0.00000000  -0.00014546 0.00005836 0.00000836 0.00013122 -0.00056869 0.00002926 0.00013041 -0.00035118 0.00001548  
-0.00010538 0.00001154 0.00001840 0.00008108 -0.00041021 0.00001149 0.00011728 -0.00032751 -0.00000000  -0.00014546 0.00005836 0.00000836 0.00013122 -0.00056869 0.00002926 0.00013041 -0.00035118 0.00001548  -0.00019870 0.00011315 -0.00000909 0.00017727 -0.00067590 0.00004645 0.00008397 -0.00031378 0.00003310  
-0.00014546 0.00005836 0.00000836 0.00013122 -0.00056869 0.00002926 0.00013041 -0.00035118 0.00001548  -0.00019870 0.00011315 -0.00000909 0.00017727 -0.00067590 0.00004645 0.00008397 -0.00031378 0.00003310  -0.00026159 0.00016527 -0.00001885 0.00019315 -0.00064563 0.00006426 -0.00002943 -0.00023549 0.00004038  
-0.00019870 0.00011315 -0.00000909 0.00017727 -0.00067590 0.00004645 0.00008397 -0.00031378 0.00003310  -0.00026159 0.00016527 -0.00001885 0.00019315 -0.00064563 0.00006426 -0.00002943 -0.00023549 0.00004038  -0.00026818 0.00015804 -0.00003770 0.00013800 -0.00070858 0.00006887 -0.00024128 -0.00018720 0.00002432  
-0.00026159 0.00016527 -0.00001885 0.00019315 -0.00064563 0.00006426 -0.00002943 -0.00023549 0.00004038  -0.00026818 0.00015804 -0.00003770 0.00013800 -0.00070858 0.00006887 -0.00024128 -0.00018720 0.00002432  -0.00031038 0.00010268 -0.00004200 0.00005371 -0.00085308 0.00000803 -0.00040078 -0.00020015 -0.00002506  
-0.00026818 0.00015804 -0.00003770 0.00013800 -0.00070858 0.00006887 -0.00024128 -0.00018720 0.00002432  -0.00031038 0.00010268 -0.00004200 0.00005371 -0.00085308 0.00000803 -0.00040078 -0.00020015 -0.00002506  -0.00037537 0.00001937 -0.00006014 -0.00004670 -0.00126261 0.00001887 -0.00056895 -0.00023980 -0.00003899  
-0.00031038 0.00010268 -0.00004200 0.00005371 -0.00085308 0.00000803 -0.00040078 -0.00020015 -0.00002506  -0.00037537 0.00001937 -0.00006014 -0.00004670 -0.00126261 0.00001887 -0.00056895 -0.00023980 -0.00003899  -0.00037153 -0.00007249 -0.00006372 -0.00024260 -0.00222450 0.00017086 -0.00095172 -0.00040333 -0.00006014  
-0.00037537 0.00001937 -0.00006014 -0.00004670 -0.00126261 0.00001887 -0.00056895 -0.00023980 -0.00003899  -0.00037153 -0.00007249 -0.00006372 -0.00024260 -0.00222450 0.00017086 -0.00095172 -0.00040333 -0.00006014  -0.00044601 -0.00021287 -0.00007059 -0.00043612 -0.00346302 0.00036089 -0.00101849 -0.00036883 -0.00012556  
-0.00037153 -0.00007249 -0.00006372 -0.00024260 -0.00222450 0.00017086 -0.00095172 -0.00040333 -0.00006014  -0.00044601 -0.00021287 -0.00007059 -0.00043612 -0.00346302 0.00036089 -0.00101849 -0.00036883 -0.00012556  -0.00056707 -0.00033443 -0.00007338 -0.00051571 -0.00448728 0.00049241 -0.00077203 0.00027535 -0.00022497  
-0.00044601 -0.00021287 -0.00007059 -0.00043612 -0.00346302 0.00036089 -0.00101849 -0.00036883 -0.00012556  -0.00056707 -0.00033443 -0.00007338 -0.00051571 -0.00448728 0.00049241 -0.00077203 0.00027535 -0.00022497  -0.00057368 -0.00029485 -0.00004956 -0.00033294 -0.00443190 0.00048797 -0.00033251 0.00129396 -0.00032210  
-0.00056707 -0.00033443 -0.00007338 -0.00051571 -0.00448728 0.00049241 -0.00077203 0.00027535 -0.00022497  -0.00057368 -0.00029485 -0.00004956 -0.00033294 -0.00443190 0.00048797 -0.00033251 0.00129396 -0.00032210  -0.00036580 -0.00012272 0.00000092 -0.00010589 -0.00238400 0.00027019 -0.00001803 0.00135651 -0.00026681  
-0.00057368 -0.00029485 -0.00004956 -0.00033294 -0.00443190 0.00048797 -0.00033251 0.00129396 -0.00032210  -0.00036580 -0.00012272 0.00000092 -0.00010589 -0.00238400 0.00027019 -0.00001803 0.00135651 -0.00026681  -0.00027968 -0.00004644 0.00001778 -0.00009264 -0.00096472 0.00009335 0.00012905 0.00069680 -0.00010316  
-0.00036580 -0.00012272 0.00000092 -0.00010589 -0.00238400 0.00027019 -0.00001803 0.00135651 -0.00026681  -0.00027968 -0.00004644 0.00001778 -0.00009264 -0.00096472 0.00009335 0.00012905 0.00069680 -0.00010316  -0.00027188 -0.00000210 0.00001136 -0.00004828 -0.00060882 0.00006422 0.00010657 0.00058187 -0.00007757  
-0.00027968 -0.00004644 0.00001778 -0.00009264 -0.00096472 0.00009335 0.00012905 0.00069680 -0.00010316  -0.00027188 -0.00000210 0.00001136 -0.00004828 -0.00060882 0.00006422 0.00010657 0.00058187 -0.00007757  -0.00021683 0.00005028 0.00002272 -0.00002567 -0.00046920 0.00004944 0.00005231 0.00054723 -0.00007923  
-0.00027188 -0.00000210 0.00001136 -0.00004828 -0.00060882 0.00006422 0.00010657 0.00058187 -0.00007757  -0.00021683 0.00005028 0.00002272 -0.00002567 -0.00046920 0.00004944 0.00005231 0.00054723 -0.00007923  -0.00022093 0.00005272 0.00002941 -0.00002706 -0.00031239 0.00006049 0.00001049 0.00048349 -0.00009398  
-0.00021683 0.00005028 0.00002272 -0.00002567 -0.00046920 0.00004944 0.00005231 0.00054723 -0.00007923  -0.00022093 0.00005272 0.00002941 -0.00002706 -0.00031239 0.00006049 0.00001049 0.00048349 -0.00009398  -0.00018073 0.00000152 0.00002039 -0.00005055 -0.00015862 0.00004698 -0.00004484 0.00033721 -0.00007506  
-0.00022093 0.00005272 0.00002941 -0.00002706 -0.00031239 0.00006049 0.00001049 0.00048349 -0.00009398  -0.00018073 0.00000152 0.00002039 -0.00005055 -0.00015862 0.00004698 -0.00004484 0.00033721 -0.00007506  -0.00011389 -0.00001460 0.00000976 -0.00004667 -0.00011202 0.00002649 -0.00007185 0.00020576 -0.00004279  
-0.00018073 0.00000152 0.00002039 -0.00005055 -0.00015862 0.00004698 -0.00004484 0.00033721 -0.00007506  -0.00011389 -0.00001460 0.00000976 -0.00004667 -0.00011202 0.00002649 -0.00007185 0.00020576 -0.00004279  -0.00006622 -0.00000617 0.00000884 -0.00003283 -0.00010604 0.00002331 -0.00007024 0.00014257 -0.00002946  
-0.00011389 -0.00001460 0.00000976 -0.00004667 -0.00011202 0.00002649 -0.00007185 0.00020576 -0.00004279  -0.00006622 -0.00000617 0.00000884 -0.00003283 -0.00010604 0.00002331 -0.00007024 0.00014257 -0.00002946  -0.00002342 0.00001083 0.00000009 0.00000177 -0.00004770 0.00000834 -0.00002200 0.00003847 -0.00000654  
-0.00006622 -0.00000617 0.00000884 -0.00003283 -0.00010604 0.00002331 -0.00007024 0.00014257 -0.00002946  -0.00002342 0.00001083 0.00000009 0.00000177 -0.00004770 0.00000834 -0.00002200 0.00003847 -0.00000654  -0.00001801 0.00001325 -0.00000083 0.00000560 -0.00003501 0.00000582 -0.00002471 0.00002312 -0.00000416  
-0.00002342 0.00001083 0.00000009 0.00000177 -0.00004770 0.00000834 -0.00002200 0.00003847 -0.00000654  -0.00001801 0.00001325 -0.00000083 0.00000560 -0.00003501 0.00000582 -0.00002471 0.00002312 -0.00000416  -0.00002199 0.00001232 -0.00000165 0.00000533 -0.00002357 0.00000450 -0.00002510 0.00001537 -0.00000219  
-0.00001801 0.00001325 -0.00000083 0.00000560 -0.00003501 0.00000582 -0.00002471 0.00002312 -0.00000416  -0.00002199 0.00001232 -0.00000165 0.00000533 -0.00002357 0.00000450 -0.00002510 0.00001537 -0.00000219  -0.00003527 0.00000857 -0.00000138 0.00000558 -0.00002475 0.00000247 -0.00003027 0.00000186 -0.00000144  
-0.00002199 0.00001232 -0.00000165 0.00000533 -0.00002357 0.00000450 -0.00002510 0.00001537 -0.00000219  -0.00003527 0.00000857 -0.00000138 0.00000558 -0.00002475 0.00000247 -0.00003027 0.00000186 -0.00000144  -0.00008492 -0.00000210 0.00000223 -0.00000250 -0.00002811 0.00000516 -0.00003258 -0.00000705 -0.00000203  
-0.00003527 0.00000857 -0.00000138 0.00000558 -0.00002475 0.00000247 -0.00003027 0.00000186 -0.00000144  -0.00008492 -0.00000210 0.00000223 -0.00000250 -0.00002811 0.00000516 -0.00003258 -0.00000705 -0.00000203  -0.00013025 -0.00002893 0.00000464 -0.00002538 -0.00006234 0.00000747 0.00000464 -0.00001446 -0.00000510  
-0.00008492 -0.00000210 0.00000223 -0.00000250 -0.00002811 0.00000516 -0.00003258 -0.00000705 -0.00000203  -0.00013025 -0.00002893 0.00000464 -0.00002538 -0.00006234 0.00000747 0.00000464 -0.00001446 -0.00000510  -0.00011195 -0.00003035 0.00000363 -0.00002523 -0.00007469 0.00000891 0.00003954 0.00000328 -0.00001020  
