1.030319 1.001400 -2.729140 6.262463 
1.031208 1.001530 -2.612020 6.260336 
1.032021 1.001474 -2.480563 6.258161 
1.032759 1.001188 -2.346105 6.255980 
1.033376 1.000703 -2.220016 6.253838 
1.033833 1.000061 -2.096531 6.251769 
1.034118 0.999293 -1.976816 6.249794 
1.034223 0.998433 -1.861777 6.247931 
1.034143 0.997529 -1.751884 6.246203 
1.033882 0.996607 -1.647316 6.244633 
1.033444 0.995664 -1.548197 6.243249 
1.032841 0.994696 -1.454955 6.242081 
1.032077 0.993738 -1.374956 6.241157 
1.031143 0.992850 -1.308836 6.240491 
1.030061 0.992091 -1.251280 6.240077 
1.028865 0.991509 -1.202970 6.239894 
1.027585 0.991132 -1.162658 6.239934 
1.026246 0.990972 -1.129262 6.240197 
1.024869 0.990985 -1.102329 6.240681 
1.023476 0.991110 -1.081565 6.241378 
1.022097 0.991307 -1.066939 6.242277 
1.020758 0.991558 -1.058431 6.243359 
1.019490 0.991856 -1.054415 6.244587 
1.018324 0.992201 -1.053670 6.245921 
1.017285 0.992582 -1.054108 6.247329 
1.016377 0.992979 -1.052222 6.248793 
1.015589 0.993359 -1.047467 6.250302 
1.014925 0.993671 -1.040433 6.251842 
1.014399 0.993886 -1.031246 6.253397 
1.014028 0.994007 -1.020178 6.254945 
1.013811 0.994052 -1.007585 6.256457 
1.013744 0.994046 -0.993630 6.257907 
