0.979858 0.992516 0.000466 1.238087 
0.984648 0.989844 -0.000737 1.239857 
0.987850 0.987923 -0.000440 1.241221 
0.990088 0.986753 0.001188 1.242594 
0.991241 0.986555 0.003981 1.244231 
0.990518 0.987616 0.007544 1.246293 
0.987579 0.990153 0.011449 1.248869 
0.982730 0.994290 0.015607 1.251973 
0.976076 0.999992 0.020111 1.255480 
0.967142 1.006657 0.025105 1.259002 
0.955288 1.013234 0.030882 1.261865 
0.939690 1.017925 0.038106 1.263245 
0.921006 1.018982 0.046274 1.262694 
0.905016 1.017633 0.051266 1.261340 
0.898840 1.015998 0.049237 1.261625 
0.905084 1.013903 0.040621 1.264151 
0.922119 1.010421 0.028319 1.267131 
0.944316 1.004907 0.016426 1.268892 
0.963184 0.997854 0.008694 1.268880 
0.974480 0.991380 0.005269 1.267294 
0.980132 0.986726 0.004140 1.264952 
0.982859 0.983653 0.004093 1.262669 
0.984378 0.981812 0.004480 1.260621 
0.985596 0.980858 0.005160 1.258789 
0.986570 0.980625 0.006321 1.257373 
0.986801 0.981273 0.008204 1.256648 
0.985839 0.983309 0.010876 1.256769 
0.983314 0.987198 0.014196 1.257704 
0.978852 0.993043 0.017909 1.259197 
0.971860 1.000306 0.021873 1.260740 
0.961559 1.007991 0.026191 1.261642 
0.947275 1.014824 0.031062 1.261407 
0.929860 1.019272 0.036023 1.260151 
0.914604 1.020710 0.038390 1.259230 
0.909086 1.019264 0.035388 1.260760 
0.916699 1.014859 0.027863 1.264921 
0.935147 1.007910 0.018864 1.269705 
0.957867 1.000179 0.011009 1.273189 
0.975632 0.993586 0.006232 1.274759 
0.984835 0.989021 0.004394 1.274797 
0.988800 0.986400 0.004112 1.273960 
0.990513 0.985208 0.004937 1.272880 
0.991081 0.985201 0.006559 1.271920 
0.990608 0.986272 0.008479 1.271263 
0.988999 0.988216 0.010175 1.270951 
0.986160 0.990750 0.011201 1.270923 
0.982234 0.993642 0.011306 1.271074 
0.977577 0.996715 0.010527 1.271123 
0.972536 0.999980 0.009501 1.270596 
0.966953 1.003357 0.009247 1.269022 
0.959882 1.006498 0.010555 1.265977 
0.950323 1.009019 0.013660 1.261176 
0.938817 1.010340 0.017796 1.254963 
0.929615 1.010204 0.020686 1.248358 
0.929082 1.008148 0.020437 1.242460 
0.937890 1.003124 0.018546 1.237581 
0.950296 0.996025 0.016940 1.233290 
0.962186 0.989770 0.014425 1.229319 
0.971644 0.985093 0.011111 1.225868 
0.978019 0.981309 0.008614 1.222934 
0.982559 0.978533 0.007179 1.220146 
0.985971 0.976822 0.006863 1.217438 
0.988399 0.976437 0.007656 1.214997 
0.989443 0.977630 0.009230 1.213034 
0.988707 0.980299 0.010947 1.211752 
0.986479 0.983987 0.012181 1.211057 
0.983343 0.988108 0.012658 1.210575 
0.979751 0.991941 0.012407 1.209934 
0.975612 0.994951 0.011731 1.208925 
0.970624 0.997412 0.011215 1.207565 
0.964340 0.999783 0.011449 1.205758 
0.956358 1.002374 0.012685 1.203410 
0.946923 1.004987 0.014734 1.200554 
0.938739 1.006545 0.016745 1.197342 
0.937308 1.005458 0.017960 1.194026 
0.943627 1.001182 0.019243 1.190493 
0.953664 0.995678 0.020473 1.186601 
0.965002 0.991752 0.019052 1.182737 
0.974648 0.989642 0.015276 1.179422 
0.981107 0.988298 0.012085 1.176731 
0.985173 0.987898 0.010557 1.174462 
0.986560 0.988764 0.010236 1.172530 
0.985728 0.990636 0.010124 1.170926 
0.983479 0.992975 0.009536 1.169537 
0.980471 0.995389 0.008359 1.168212 
0.977428 0.997710 0.006701 1.166748 
0.974818 0.999570 0.004757 1.164924 
0.972844 1.000323 0.002901 1.162519 
0.971187 0.999943 0.001886 1.159257 
0.969043 0.999312 0.002338 1.155033 
0.965269 0.999259 0.004495 1.149852 
0.959203 1.000328 0.007961 1.143757 
0.951571 1.002232 0.012128 1.136956 
0.944682 1.002976 0.017169 1.129819 
0.942542 1.000387 0.023502 1.123372 
0.943966 0.995029 0.030842 1.118540 
0.945878 0.990069 0.036171 1.115316 
0.951326 0.987483 0.035029 1.112515 
0.961172 0.986225 0.028482 1.109078 
0.971506 0.984728 0.021494 1.105308 
0.979395 0.983216 0.016725 1.101863 
0.983693 0.982776 0.014344 1.099297 
0.984718 0.984110 0.013483 1.097850 
0.983784 0.987047 0.013181 1.097288 
0.981870 0.990875 0.012727 1.097096 
0.979581 0.994554 0.011686 1.096754 
0.977113 0.997225 0.009982 1.095964 
0.974653 0.998694 0.007972 1.094710 
0.972238 0.999400 0.005994 1.093101 
0.969956 0.999993 0.004210 1.091349 
0.967749 1.000984 0.002930 1.089471 
0.965117 1.002182 0.003011 1.087352 
0.961323 1.002205 0.006040 1.084974 
0.955738 1.000040 0.013324 1.082579 
0.951230 0.996341 0.024176 1.080906 
0.949089 0.993569 0.035283 1.080436 
0.948342 0.993773 0.041908 1.080707 
0.952885 0.996265 0.041287 1.080791 
0.962939 0.998812 0.035270 1.080161 
0.972557 1.000174 0.027834 1.079099 
0.978032 1.000636 0.021213 1.078212 
0.979414 1.000915 0.015744 1.077714 
0.978311 1.001216 0.010967 1.077429 
0.976350 1.001412 0.006502 1.077019 
0.974698 1.001304 0.002382 1.076135 
0.973991 1.000593 -0.001215 1.074603 
0.974313 0.999231 -0.004001 1.072310 
0.975340 0.997219 -0.005663 1.069183 
0.976582 0.994732 -0.006048 1.065161 
0.978021 0.992436 -0.005503 1.060374 
0.979916 0.990804 -0.004175 1.055151 
0.981126 0.989471 -0.000760 1.049871 
0.977943 0.987878 0.007070 1.045309 
0.966581 0.986335 0.020221 1.042583 
0.950047 0.986187 0.035730 1.042452 
0.934760 0.988427 0.048617 1.044948 
0.926006 0.992721 0.055112 1.049017 
0.928869 0.997522 0.053816 1.052670 
0.941432 1.000740 0.046573 1.054113 
0.955319 1.001496 0.037248 1.053797 
0.965268 1.000907 0.028794 1.053671 
0.971037 1.000387 0.022132 1.054333 
0.973654 1.000278 0.016823 1.055400 
0.974261 1.000423 0.012191 1.056484 
0.973897 1.000510 0.007762 1.057331 
0.973359 1.000114 0.003349 1.057947 
0.973202 0.998972 -0.000843 1.058451 
0.973709 0.997233 -0.004522 1.058933 
0.974970 0.995306 -0.007459 1.059278 
0.976911 0.993268 -0.009187 1.059342 
0.979172 0.991066 -0.008745 1.059159 
0.980615 0.988873 -0.004557 1.059156 
