1.001184 0.996806 -0.001321 0.010973 
1.001072 0.997440 -0.001294 0.011343 
1.001121 0.998380 -0.001541 0.011706 
1.001445 0.999143 -0.002186 0.012173 
1.002096 0.999095 -0.003215 0.012837 
1.002939 0.997833 -0.004503 0.013666 
1.003749 0.995278 -0.006014 0.014502 
1.004445 0.991720 -0.007674 0.015104 
1.005072 0.987912 -0.008994 0.015379 
1.005551 0.985237 -0.009110 0.015635 
1.005550 0.985173 -0.007563 0.016373 
1.004831 0.987839 -0.005033 0.017700 
1.003665 0.991718 -0.002785 0.019235 
1.002631 0.995052 -0.001484 0.020600 
1.002029 0.997090 -0.000975 0.021657 
1.001731 0.998024 -0.000897 0.022435 
1.001562 0.998317 -0.001000 0.023050 
1.001471 0.998301 -0.001141 0.023585 
1.001440 0.998152 -0.001261 0.024052 
1.001447 0.997877 -0.001348 0.024431 
1.001481 0.997365 -0.001372 0.024733 
1.001563 0.996679 -0.001370 0.025026 
1.001850 0.996040 -0.001526 0.025407 
1.002607 0.995463 -0.002015 0.025940 
1.003930 0.994707 -0.002839 0.026604 
1.005535 0.993468 -0.003934 0.027308 
1.006888 0.991425 -0.005372 0.027862 
1.007508 0.988365 -0.007208 0.028073 
1.007361 0.984755 -0.008974 0.027998 
1.006971 0.982216 -0.009578 0.027973 
1.006777 0.982751 -0.008118 0.028236 
1.006526 0.986688 -0.005094 0.028585 
1.005621 0.991858 -0.002281 0.028672 
1.004072 0.995603 -0.000949 0.028409 
1.002558 0.997198 -0.000839 0.027917 
1.001532 0.997457 -0.001156 0.027431 
1.000978 0.997168 -0.001483 0.027137 
1.000726 0.996759 -0.001670 0.026991 
1.000620 0.996507 -0.001681 0.026847 
1.000561 0.996555 -0.001599 0.026619 
1.000568 0.996719 -0.001569 0.026307 
1.000776 0.996737 -0.001676 0.025944 
1.001338 0.996509 -0.001940 0.025621 
1.002336 0.996001 -0.002327 0.025493 
1.003701 0.995201 -0.002764 0.025610 
1.005139 0.994076 -0.003189 0.025890 
1.006287 0.992508 -0.003616 0.026213 
1.006897 0.990451 -0.004038 0.026475 
1.006837 0.988371 -0.004236 0.026688 
1.006070 0.987436 -0.003839 0.027049 
1.004772 0.988919 -0.002700 0.027660 
1.003206 0.992603 -0.001365 0.028257 
1.001653 0.996355 -0.000684 0.028536 
1.000481 0.998472 -0.000778 0.028480 
0.999866 0.998969 -0.001143 0.028173 
0.999698 0.998577 -0.001389 0.027697 
0.999776 0.997985 -0.001447 0.027141 
0.999952 0.997553 -0.001401 0.026589 
1.000145 0.997313 -0.001312 0.026113 
1.000330 0.997205 -0.001188 0.025765 
1.000498 0.997158 -0.001003 0.025601 
1.000651 0.997062 -0.000701 0.025661 
1.000789 0.996859 -0.000244 0.025911 
1.000944 0.996617 0.000305 0.026251 
1.001220 0.996421 0.000739 0.026566 
1.001592 0.996184 0.000858 0.026720 
1.001938 0.995607 0.000549 0.026575 
1.002139 0.994386 -0.000207 0.026072 
1.002060 0.992688 -0.001232 0.025350 
1.001711 0.991514 -0.002073 0.024590 
1.001164 0.992025 -0.002316 0.023728 
1.000417 0.993841 -0.002136 0.022636 
0.999631 0.995615 -0.001875 0.021424 
0.998988 0.996783 -0.001669 0.020292 
0.998547 0.997482 -0.001578 0.019308 
0.998359 0.997917 -0.001539 0.018449 
0.998405 0.998161 -0.001509 0.017688 
0.998634 0.998260 -0.001460 0.017010 
0.998996 0.998189 -0.001344 0.016395 
0.999405 0.997964 -0.001112 0.015857 
0.999772 0.997690 -0.000756 0.015412 
1.000069 0.997521 -0.000331 0.015050 
1.000285 0.997548 0.000092 0.014746 
1.000434 0.997726 0.000482 0.014500 
1.000540 0.997961 0.000806 0.014324 
1.000635 0.998137 0.001016 0.014209 
1.000760 0.998056 0.001015 0.014114 
1.000885 0.997392 0.000597 0.013969 
1.000952 0.996219 -0.000247 0.013706 
1.000804 0.995136 -0.001395 0.013349 
1.000342 0.994859 -0.002585 0.012755 
0.999835 0.995596 -0.003213 0.011860 
0.999494 0.996689 -0.003099 0.010924 
0.999285 0.997327 -0.002690 0.010144 
0.999240 0.997324 -0.002284 0.009568 
0.999369 0.996989 -0.001868 0.009137 
0.999571 0.996613 -0.001354 0.008789 
0.999686 0.996378 -0.000721 0.008469 
0.999619 0.996317 -0.000058 0.008116 
0.999445 0.996381 0.000512 0.007709 
0.999297 0.996512 0.000925 0.007256 
0.999190 0.996698 0.001212 0.006768 
0.999030 0.996976 0.001393 0.006245 
0.998773 0.997335 0.001384 0.005638 
0.998528 0.997659 0.001074 0.004894 
0.998425 0.997781 0.000434 0.003997 
0.998585 0.997556 -0.000442 0.002964 
0.999048 0.996912 -0.001455 0.001806 
0.999602 0.995900 -0.002610 3.142146 
0.999898 0.994705 -0.003950 6.282512 
0.999834 0.993662 -0.005273 6.281506 
0.999718 0.993246 -0.005982 6.280892 
0.999791 0.993691 -0.005667 6.280581 
0.999937 0.994907 -0.004585 6.280296 
0.999989 0.996355 -0.003344 6.279885 
0.999959 0.997342 -0.002313 6.279330 
0.999931 0.997662 -0.001505 6.278714 
0.999960 0.997528 -0.000851 6.278131 
1.000065 0.997299 -0.000322 6.277623 
1.000194 0.997224 0.000077 6.277191 
1.000207 0.997363 0.000380 6.276796 
0.999987 0.997671 0.000629 6.276414 
0.999526 0.998050 0.000802 6.276028 
0.998956 0.998411 0.000854 6.275638 
0.998444 0.998734 0.000768 6.275214 
0.998112 0.999026 0.000487 6.274716 
0.997983 0.999175 -0.000161 6.274125 
0.997978 0.998916 -0.001414 6.273445 
0.998069 0.998035 -0.003419 6.272735 
0.998276 0.996657 -0.006043 6.272055 
0.998771 0.995116 -0.008587 6.271598 
0.999835 0.994192 -0.009862 6.271534 
1.001309 0.994203 -0.009314 6.271724 
1.002596 0.994460 -0.007412 6.272068 
1.003303 0.994557 -0.004985 6.272596 
1.003464 0.994521 -0.002709 6.273223 
1.003225 0.994499 -0.000799 6.273843 
1.002616 0.994650 0.000743 6.274379 
1.001682 0.995081 0.001873 6.274753 
1.000625 0.995791 0.002534 6.274904 
0.999655 0.996677 0.002739 6.274801 
0.998848 0.997576 0.002542 6.274448 
0.998148 0.998333 0.001976 6.273882 
0.997562 0.998872 0.001128 6.273162 
0.997294 0.999295 0.000241 6.272321 
0.997443 0.999779 -0.000515 6.271358 
0.997836 1.000296 -0.001302 6.270320 
0.998227 1.000279 -0.002598 6.269410 
0.998549 0.998554 -0.004912 6.268940 
0.999072 0.994572 -0.008050 6.269242 
1.000152 0.989731 -0.010850 6.270393 
1.001718 0.986493 -0.012039 6.271914 
1.003213 0.986221 -0.011234 6.273084 
1.004085 0.988314 -0.009058 6.273597 
1.004212 0.991132 -0.006481 6.273729 
1.003822 0.993450 -0.004176 6.273847 
1.003210 0.995128 -0.002386 6.274025 
1.002560 0.996413 -0.001074 6.274205 
1.001921 0.997422 -0.000076 6.274367 
1.001264 0.998275 0.000762 6.274523 
1.000512 0.999094 0.001504 6.274685 
0.999637 0.999932 0.002065 6.274887 
0.998742 1.000743 0.002314 6.275117 
0.997986 1.001467 0.002199 6.275323 
0.997465 1.001994 0.001673 6.275478 
0.997211 1.002158 0.000674 6.275614 
0.997281 1.001887 -0.000847 6.275823 
0.997797 1.001090 -0.003046 6.276185 
0.998944 0.999187 -0.006121 6.276752 
1.000892 0.995522 -0.009752 6.277575 
1.003529 0.991159 -0.012652 6.278460 
1.006175 0.988527 -0.013408 6.278845 
1.007893 0.988549 -0.011774 6.278550 
1.008249 0.990046 -0.008693 6.278199 
1.007445 0.991668 -0.005275 6.278454 
1.005910 0.992966 -0.002248 6.279321 
1.004061 0.994075 -0.000019 6.280444 
1.002231 0.995189 0.001276 6.281565 
1.000602 0.996358 0.001706 6.282566 
0.999310 0.997540 0.001449 3.141792 
0.998498 0.998582 0.000709 0.000772 
0.998143 0.999305 -0.000300 0.001083 
