1.001154 0.999495 0.000105 6.266086 
1.000937 0.999732 0.000156 6.266168 
1.000727 1.000050 0.000106 6.266233 
1.000566 1.000320 -0.000086 6.266300 
1.000493 1.000378 -0.000427 6.266392 
1.000517 1.000112 -0.000876 6.266501 
1.000618 0.999522 -0.001373 6.266604 
1.000780 0.998734 -0.001857 6.266680 
1.001003 0.997969 -0.002199 6.266721 
1.001272 0.997416 -0.002278 6.266758 
1.001533 0.997158 -0.002117 6.266861 
1.001735 0.997208 -0.001809 6.267055 
1.001892 0.997510 -0.001428 6.267293 
1.002036 0.997936 -0.001022 6.267513 
1.002140 0.998377 -0.000628 6.267691 
1.002146 0.998798 -0.000272 6.267827 
1.002028 0.999196 0.000022 6.267913 
1.001805 0.999567 0.000224 6.267952 
1.001523 0.999894 0.000317 6.267978 
1.001233 1.000133 0.000298 6.267996 
1.000976 1.000248 0.000178 6.267992 
1.000789 1.000257 -0.000020 6.267988 
1.000715 1.000199 -0.000291 6.268008 
1.000805 1.000055 -0.000628 6.268043 
1.001066 0.999776 -0.001008 6.268084 
1.001413 0.999329 -0.001397 6.268126 
1.001726 0.998709 -0.001780 6.268147 
1.001936 0.997968 -0.002126 6.268137 
1.002059 0.997266 -0.002326 6.268141 
1.002176 0.996831 -0.002249 6.268211 
1.002294 0.996812 -0.001881 6.268332 
1.002340 0.997211 -0.001340 6.268465 
1.002261 0.997867 -0.000806 6.268583 
1.002073 0.998505 -0.000412 6.268655 
1.001833 0.998948 -0.000168 6.268667 
1.001583 0.999201 -0.000012 6.268661 
1.001324 0.999361 0.000104 6.268677 
1.001048 0.999489 0.000191 6.268715 
1.000756 0.999628 0.000234 6.268755 
1.000461 0.999790 0.000227 6.268784 
1.000191 0.999940 0.000143 6.268793 
0.999994 1.000028 -0.000034 6.268779 
0.999915 1.000002 -0.000303 6.268757 
0.999990 0.999831 -0.000651 6.268763 
1.000234 0.999488 -0.001042 6.268800 
1.000599 0.998964 -0.001428 6.268849 
1.000999 0.998275 -0.001774 6.268903 
1.001379 0.997506 -0.002017 6.268960 
1.001721 0.996874 -0.002032 6.269044 
1.001990 0.996649 -0.001724 6.269172 
1.002126 0.996887 -0.001181 6.269315 
1.002086 0.997416 -0.000611 6.269424 
1.001896 0.998023 -0.000130 6.269470 
1.001613 0.998590 0.000244 6.269448 
1.001264 0.999103 0.000505 6.269353 
1.000887 0.999576 0.000643 6.269212 
1.000521 1.000038 0.000642 6.269054 
1.000208 1.000467 0.000501 6.268900 
0.999986 1.000793 0.000246 6.268758 
0.999870 1.000973 -0.000067 6.268635 
0.999851 1.000990 -0.000371 6.268545 
0.999908 1.000856 -0.000621 6.268498 
1.000014 1.000606 -0.000795 6.268481 
1.000156 1.000286 -0.000898 6.268464 
1.000323 0.999939 -0.000947 6.268435 
1.000502 0.999590 -0.000953 6.268390 
1.000667 0.999253 -0.000913 6.268329 
1.000790 0.998974 -0.000798 6.268261 
1.000859 0.998855 -0.000572 6.268191 
1.000852 0.998883 -0.000278 6.268117 
1.000769 0.998952 0.000009 6.268026 
1.000630 0.999052 0.000267 6.267927 
1.000442 0.999198 0.000486 6.267836 
1.000211 0.999378 0.000643 6.267763 
0.999946 0.999589 0.000727 6.267718 
0.999666 0.999821 0.000738 6.267698 
0.999398 1.000056 0.000669 6.267707 
0.999165 1.000275 0.000516 6.267734 
0.998984 1.000439 0.000297 6.267770 
0.998875 1.000521 0.000029 6.267817 
0.998850 1.000510 -0.000268 6.267874 
0.998911 1.000391 -0.000560 6.267936 
0.999062 1.000175 -0.000829 6.267999 
0.999288 0.999865 -0.001041 6.268060 
0.999581 0.999474 -0.001171 6.268118 
0.999925 0.999037 -0.001203 6.268176 
1.000277 0.998578 -0.001121 6.268229 
1.000584 0.998167 -0.000914 6.268271 
1.000790 0.997979 -0.000549 6.268287 
1.000848 0.998075 -0.000069 6.268267 
1.000744 0.998366 0.000411 6.268225 
1.000497 0.998824 0.000800 6.268167 
1.000136 0.999387 0.001014 6.268106 
0.999737 0.999983 0.001028 6.268046 
0.999396 1.000557 0.000868 6.267980 
0.999193 1.001014 0.000555 6.267921 
0.999168 1.001313 0.000165 6.267866 
0.999298 1.001451 -0.000227 6.267797 
0.999552 1.001426 -0.000577 6.267723 
0.999905 1.001261 -0.000842 6.267650 
1.000294 1.000974 -0.001006 6.267573 
1.000659 1.000606 -0.001060 6.267495 
1.000967 1.000235 -0.001014 6.267416 
1.001188 0.999900 -0.000911 6.267327 
1.001316 0.999599 -0.000787 6.267225 
1.001366 0.999329 -0.000661 6.267108 
1.001365 0.999085 -0.000530 6.266991 
1.001337 0.998922 -0.000369 6.266868 
1.001281 0.998943 -0.000157 6.266733 
1.001158 0.999059 0.000034 6.266597 
1.000948 0.999091 0.000115 6.266483 
1.000678 0.999020 0.000100 6.266425 
1.000395 0.999052 0.000094 6.266433 
1.000116 0.999442 0.000167 6.266457 
0.999822 1.000055 0.000230 6.266442 
0.999526 1.000590 0.000190 6.266398 
0.999269 1.000927 0.000042 6.266356 
0.999092 1.001055 -0.000195 6.266335 
0.999031 1.001009 -0.000487 6.266338 
0.999108 1.000834 -0.000803 6.266376 
0.999318 1.000559 -0.001098 6.266430 
0.999642 1.000199 -0.001311 6.266476 
1.000041 0.999783 -0.001401 6.266521 
1.000468 0.999345 -0.001346 6.266564 
1.000870 0.998943 -0.001138 6.266587 
1.001193 0.998644 -0.000796 6.266582 
1.001383 0.998498 -0.000377 6.266544 
1.001403 0.998537 0.000042 6.266488 
1.001257 0.998767 0.000378 6.266433 
1.000971 0.999177 0.000548 6.266368 
1.000614 0.999717 0.000496 6.266308 
1.000281 1.000249 0.000229 6.266278 
1.000043 1.000669 -0.000148 6.266295 
0.999932 1.001030 -0.000495 6.266349 
0.999938 1.001324 -0.000779 6.266413 
1.000053 1.001431 -0.001031 6.266479 
1.000248 1.001324 -0.001234 6.266541 
1.000468 1.001063 -0.001359 6.266596 
1.000687 1.000726 -0.001398 6.266621 
1.000911 1.000381 -0.001373 6.266589 
1.001146 1.000065 -0.001303 6.266500 
1.001379 0.999786 -0.001187 6.266353 
1.001566 0.999550 -0.001028 6.266166 
1.001678 0.999377 -0.000824 6.265965 
1.001734 0.999294 -0.000560 6.265777 
1.001716 0.999307 -0.000262 6.265611 
1.001585 0.999386 -0.000007 6.265464 
1.001325 0.999418 0.000106 6.265380 
1.000957 0.999248 -0.000009 6.265406 
1.000571 0.998871 -0.000320 6.265572 
1.000268 0.998487 -0.000680 6.265850 
1.000078 0.998344 -0.000957 6.266154 
0.999944 0.998643 -0.001090 6.266374 
0.999797 0.999309 -0.001119 6.266461 
0.999628 0.999995 -0.001152 6.266485 
0.999486 1.000463 -0.001256 6.266506 
0.999434 1.000681 -0.001434 6.266529 
0.999502 1.000671 -0.001640 6.266545 
0.999675 1.000457 -0.001811 6.266560 
0.999930 1.000084 -0.001891 6.266578 
1.000241 0.999622 -0.001838 6.266593 
1.000589 0.999144 -0.001643 6.266625 
1.000952 0.998718 -0.001311 6.266678 
1.001278 0.998433 -0.000847 6.266717 
1.001489 0.998360 -0.000297 6.266738 
1.001504 0.998527 0.000241 6.266767 
1.001283 0.998936 0.000640 6.266818 
1.000870 0.999528 0.000763 6.266891 
1.000385 1.000156 0.000509 6.266991 
0.999995 1.000619 -0.000102 6.267118 
0.999838 1.000837 -0.000918 6.267223 
0.999937 1.000873 -0.001712 6.267228 
1.000215 1.000835 -0.002289 6.267149 
1.000589 1.000785 -0.002559 6.267080 
1.001006 1.000647 -0.002546 6.267081 
1.001398 1.000375 -0.002359 6.267142 
1.001719 1.000012 -0.002099 6.267226 
1.001958 0.999623 -0.001820 6.267306 
1.002095 0.999264 -0.001544 6.267368 
1.002154 0.998970 -0.001273 6.267418 
1.002172 0.998754 -0.001004 6.267457 
1.002147 0.998610 -0.000733 6.267477 
