-0.00000083 0.00000062 0.00000027 0.00000090 -0.00000073 -0.00000031 -0.00000049 -0.00000103 -0.00000015  -0.00000088 0.00000046 0.00000026 0.00000071 -0.00000060 -0.00000025 -0.00000031 -0.00000102 -0.00000012  -0.00000123 0.00000016 0.00000028 0.00000064 -0.00000176 -0.00000028 -0.00000040 -0.00000240 -0.00000017  
-0.00000088 0.00000046 0.00000026 0.00000071 -0.00000060 -0.00000025 -0.00000031 -0.00000102 -0.00000012  -0.00000123 0.00000016 0.00000028 0.00000064 -0.00000176 -0.00000028 -0.00000040 -0.00000240 -0.00000017  -0.00000253 0.00000027 0.00000056 0.00000122 -0.00000362 -0.00000045 0.00000012 -0.00000507 -0.00000037  
-0.00000123 0.00000016 0.00000028 0.00000064 -0.00000176 -0.00000028 -0.00000040 -0.00000240 -0.00000017  -0.00000253 0.00000027 0.00000056 0.00000122 -0.00000362 -0.00000045 0.00000012 -0.00000507 -0.00000037  -0.00000200 -0.00000116 0.00000040 0.00000001 -0.00000578 -0.00000029 0.00000120 -0.00000611 -0.00000060  
-0.00000253 0.00000027 0.00000056 0.00000122 -0.00000362 -0.00000045 0.00000012 -0.00000507 -0.00000037  -0.00000200 -0.00000116 0.00000040 0.00000001 -0.00000578 -0.00000029 0.00000120 -0.00000611 -0.00000060  -0.00001146 -0.00000692 0.00000317 -0.00000154 -0.00001902 0.00000056 0.00000626 -0.00002047 -0.00000127  
-0.00000200 -0.00000116 0.00000040 0.00000001 -0.00000578 -0.00000029 0.00000120 -0.00000611 -0.00000060  -0.00001146 -0.00000692 0.00000317 -0.00000154 -0.00001902 0.00000056 0.00000626 -0.00002047 -0.00000127  -0.00001090 -0.00001117 0.00000365 -0.00000556 -0.00002005 0.00000243 0.00000891 -0.00001849 -0.00000143  
-0.00001146 -0.00000692 0.00000317 -0.00000154 -0.00001902 0.00000056 0.00000626 -0.00002047 -0.00000127  -0.00001090 -0.00001117 0.00000365 -0.00000556 -0.00002005 0.00000243 0.00000891 -0.00001849 -0.00000143  -0.00000811 -0.00000820 0.00000234 -0.00000187 -0.00002757 0.00000293 0.00001160 -0.00002170 -0.00000081  
-0.00001090 -0.00001117 0.00000365 -0.00000556 -0.00002005 0.00000243 0.00000891 -0.00001849 -0.00000143  -0.00000811 -0.00000820 0.00000234 -0.00000187 -0.00002757 0.00000293 0.00001160 -0.00002170 -0.00000081  -0.00001186 -0.00000569 0.00000299 0.00000496 -0.00005812 0.00000696 0.00001911 -0.00003594 0.00000084  
-0.00000811 -0.00000820 0.00000234 -0.00000187 -0.00002757 0.00000293 0.00001160 -0.00002170 -0.00000081  -0.00001186 -0.00000569 0.00000299 0.00000496 -0.00005812 0.00000696 0.00001911 -0.00003594 0.00000084  -0.00001336 0.00000870 0.00000074 0.00002120 -0.00007859 0.00001022 0.00002323 -0.00004244 0.00000343  
-0.00001186 -0.00000569 0.00000299 0.00000496 -0.00005812 0.00000696 0.00001911 -0.00003594 0.00000084  -0.00001336 0.00000870 0.00000074 0.00002120 -0.00007859 0.00001022 0.00002323 -0.00004244 0.00000343  -0.00001677 0.00001415 -0.00000089 0.00002325 -0.00007559 0.00001124 0.00001509 -0.00003372 0.00000492  
-0.00001336 0.00000870 0.00000074 0.00002120 -0.00007859 0.00001022 0.00002323 -0.00004244 0.00000343  -0.00001677 0.00001415 -0.00000089 0.00002325 -0.00007559 0.00001124 0.00001509 -0.00003372 0.00000492  -0.00002450 0.00001708 -0.00000226 0.00002198 -0.00006926 0.00001083 0.00000140 -0.00002826 0.00000662  
-0.00001677 0.00001415 -0.00000089 0.00002325 -0.00007559 0.00001124 0.00001509 -0.00003372 0.00000492  -0.00002450 0.00001708 -0.00000226 0.00002198 -0.00006926 0.00001083 0.00000140 -0.00002826 0.00000662  -0.00002646 0.00002124 -0.00000377 0.00002001 -0.00006527 0.00001213 -0.00001845 -0.00002583 0.00000724  
-0.00002450 0.00001708 -0.00000226 0.00002198 -0.00006926 0.00001083 0.00000140 -0.00002826 0.00000662  -0.00002646 0.00002124 -0.00000377 0.00002001 -0.00006527 0.00001213 -0.00001845 -0.00002583 0.00000724  -0.00003023 0.00001705 -0.00000430 0.00001322 -0.00006924 0.00001076 -0.00003678 -0.00002366 0.00000712  
-0.00002646 0.00002124 -0.00000377 0.00002001 -0.00006527 0.00001213 -0.00001845 -0.00002583 0.00000724  -0.00003023 0.00001705 -0.00000430 0.00001322 -0.00006924 0.00001076 -0.00003678 -0.00002366 0.00000712  -0.00003299 0.00000881 -0.00000607 0.00000065 -0.00013358 0.00001577 -0.00005714 -0.00003523 0.00000617  
-0.00003023 0.00001705 -0.00000430 0.00001322 -0.00006924 0.00001076 -0.00003678 -0.00002366 0.00000712  -0.00003299 0.00000881 -0.00000607 0.00000065 -0.00013358 0.00001577 -0.00005714 -0.00003523 0.00000617  -0.00006090 -0.00000788 -0.00001020 -0.00002237 -0.00032655 0.00003341 -0.00008201 -0.00004808 0.00000218  
-0.00003299 0.00000881 -0.00000607 0.00000065 -0.00013358 0.00001577 -0.00005714 -0.00003523 0.00000617  -0.00006090 -0.00000788 -0.00001020 -0.00002237 -0.00032655 0.00003341 -0.00008201 -0.00004808 0.00000218  -0.00010325 -0.00003025 -0.00001712 -0.00005128 -0.00062197 0.00006603 -0.00010302 -0.00001645 -0.00001346  
-0.00006090 -0.00000788 -0.00001020 -0.00002237 -0.00032655 0.00003341 -0.00008201 -0.00004808 0.00000218  -0.00010325 -0.00003025 -0.00001712 -0.00005128 -0.00062197 0.00006603 -0.00010302 -0.00001645 -0.00001346  -0.00013839 -0.00003997 -0.00002372 -0.00005707 -0.00082853 0.00008713 -0.00009118 0.00007897 -0.00003269  
-0.00010325 -0.00003025 -0.00001712 -0.00005128 -0.00062197 0.00006603 -0.00010302 -0.00001645 -0.00001346  -0.00013839 -0.00003997 -0.00002372 -0.00005707 -0.00082853 0.00008713 -0.00009118 0.00007897 -0.00003269  -0.00016414 -0.00003021 -0.00002128 -0.00003606 -0.00089752 0.00008114 -0.00004525 0.00018101 -0.00004005  
-0.00013839 -0.00003997 -0.00002372 -0.00005707 -0.00082853 0.00008713 -0.00009118 0.00007897 -0.00003269  -0.00016414 -0.00003021 -0.00002128 -0.00003606 -0.00089752 0.00008114 -0.00004525 0.00018101 -0.00004005  -0.00006371 -0.00000493 0.00000140 0.00000219 -0.00034943 0.00002814 0.00000491 0.00019597 -0.00002646  
-0.00016414 -0.00003021 -0.00002128 -0.00003606 -0.00089752 0.00008114 -0.00004525 0.00018101 -0.00004005  -0.00006371 -0.00000493 0.00000140 0.00000219 -0.00034943 0.00002814 0.00000491 0.00019597 -0.00002646  -0.00004760 -0.00000312 0.00000572 -0.00001026 -0.00010451 0.00000783 0.00002851 0.00009376 -0.00001014  
-0.00006371 -0.00000493 0.00000140 0.00000219 -0.00034943 0.00002814 0.00000491 0.00019597 -0.00002646  -0.00004760 -0.00000312 0.00000572 -0.00001026 -0.00010451 0.00000783 0.00002851 0.00009376 -0.00001014  -0.00004714 -0.00000072 0.00000450 -0.00000854 -0.00006193 0.00000528 0.00001810 0.00007583 -0.00000778  
-0.00004760 -0.00000312 0.00000572 -0.00001026 -0.00010451 0.00000783 0.00002851 0.00009376 -0.00001014  -0.00004714 -0.00000072 0.00000450 -0.00000854 -0.00006193 0.00000528 0.00001810 0.00007583 -0.00000778  -0.00003590 0.00000281 0.00000403 -0.00000452 -0.00003816 0.00000392 0.00000502 0.00005776 -0.00000629  
-0.00004714 -0.00000072 0.00000450 -0.00000854 -0.00006193 0.00000528 0.00001810 0.00007583 -0.00000778  -0.00003590 0.00000281 0.00000403 -0.00000452 -0.00003816 0.00000392 0.00000502 0.00005776 -0.00000629  -0.00002877 -0.00000166 0.00000455 -0.00000924 -0.00002455 0.00000559 -0.00000145 0.00004529 -0.00000532  
-0.00003590 0.00000281 0.00000403 -0.00000452 -0.00003816 0.00000392 0.00000502 0.00005776 -0.00000629  -0.00002877 -0.00000166 0.00000455 -0.00000924 -0.00002455 0.00000559 -0.00000145 0.00004529 -0.00000532  -0.00002267 -0.00000509 0.00000128 -0.00000792 -0.00002037 0.00000436 -0.00000785 0.00003649 -0.00000521  
-0.00002877 -0.00000166 0.00000455 -0.00000924 -0.00002455 0.00000559 -0.00000145 0.00004529 -0.00000532  -0.00002267 -0.00000509 0.00000128 -0.00000792 -0.00002037 0.00000436 -0.00000785 0.00003649 -0.00000521  -0.00001950 -0.00000991 -0.00000125 -0.00000664 -0.00003570 0.00000198 -0.00002134 0.00003890 -0.00000600  
-0.00002267 -0.00000509 0.00000128 -0.00000792 -0.00002037 0.00000436 -0.00000785 0.00003649 -0.00000521  -0.00001950 -0.00000991 -0.00000125 -0.00000664 -0.00003570 0.00000198 -0.00002134 0.00003890 -0.00000600  -0.00001624 -0.00000806 -0.00000163 -0.00000563 -0.00002306 0.00000049 -0.00001897 0.00002481 -0.00000403  
-0.00001950 -0.00000991 -0.00000125 -0.00000664 -0.00003570 0.00000198 -0.00002134 0.00003890 -0.00000600  -0.00001624 -0.00000806 -0.00000163 -0.00000563 -0.00002306 0.00000049 -0.00001897 0.00002481 -0.00000403  -0.00001382 -0.00000780 -0.00000256 -0.00000566 -0.00001546 -0.00000011 -0.00001699 0.00001564 -0.00000279  
-0.00001624 -0.00000806 -0.00000163 -0.00000563 -0.00002306 0.00000049 -0.00001897 0.00002481 -0.00000403  -0.00001382 -0.00000780 -0.00000256 -0.00000566 -0.00001546 -0.00000011 -0.00001699 0.00001564 -0.00000279  -0.00001203 -0.00000728 -0.00000153 -0.00000610 -0.00001401 -0.00000002 -0.00001585 0.00001061 -0.00000190  
-0.00001382 -0.00000780 -0.00000256 -0.00000566 -0.00001546 -0.00000011 -0.00001699 0.00001564 -0.00000279  -0.00001203 -0.00000728 -0.00000153 -0.00000610 -0.00001401 -0.00000002 -0.00001585 0.00001061 -0.00000190  -0.00000898 -0.00000343 -0.00000068 -0.00000370 -0.00000925 0.00000043 -0.00000857 0.00000505 -0.00000117  
-0.00001203 -0.00000728 -0.00000153 -0.00000610 -0.00001401 -0.00000002 -0.00001585 0.00001061 -0.00000190  -0.00000898 -0.00000343 -0.00000068 -0.00000370 -0.00000925 0.00000043 -0.00000857 0.00000505 -0.00000117  -0.00000964 -0.00000477 -0.00000005 -0.00000518 -0.00001518 0.00000139 -0.00000710 0.00000385 -0.00000085  
-0.00000898 -0.00000343 -0.00000068 -0.00000370 -0.00000925 0.00000043 -0.00000857 0.00000505 -0.00000117  -0.00000964 -0.00000477 -0.00000005 -0.00000518 -0.00001518 0.00000139 -0.00000710 0.00000385 -0.00000085  -0.00001027 -0.00000423 0.00000009 -0.00000409 -0.00003811 0.00000060 -0.00000167 0.00000054 -0.00000068  
-0.00000964 -0.00000477 -0.00000005 -0.00000518 -0.00001518 0.00000139 -0.00000710 0.00000385 -0.00000085  -0.00001027 -0.00000423 0.00000009 -0.00000409 -0.00003811 0.00000060 -0.00000167 0.00000054 -0.00000068  -0.00000934 0.00000054 0.00000072 0.00000005 -0.00002471 0.00000049 0.00000997 0.00000324 -0.00000021  
-0.00001027 -0.00000423 0.00000009 -0.00000409 -0.00003811 0.00000060 -0.00000167 0.00000054 -0.00000068  -0.00000934 0.00000054 0.00000072 0.00000005 -0.00002471 0.00000049 0.00000997 0.00000324 -0.00000021  -0.00001134 0.00000203 -0.00000035 0.00000225 -0.00001551 0.00000100 0.00000977 0.00000474 -0.00000045  
-0.00000276 0.00000150 0.00000025 0.00000173 -0.00000148 -0.00000041 -0.00000224 -0.00000270 -0.00000027  -0.00000562 0.00000230 0.00000189 0.00000426 -0.00000196 -0.00000149 -0.00000288 -0.00000531 -0.00000042  -0.00000166 0.00000012 0.00000047 0.00000060 0.00000006 -0.00000015 -0.00000025 -0.00000142 -0.00000023  
-0.00000562 0.00000230 0.00000189 0.00000426 -0.00000196 -0.00000149 -0.00000288 -0.00000531 -0.00000042  -0.00000166 0.00000012 0.00000047 0.00000060 0.00000006 -0.00000015 -0.00000025 -0.00000142 -0.00000023  -0.00000386 -0.00000039 0.00000113 0.00000074 0.00000028 -0.00000019 0.00000018 -0.00000341 -0.00000054  
-0.00000166 0.00000012 0.00000047 0.00000060 0.00000006 -0.00000015 -0.00000025 -0.00000142 -0.00000023  -0.00000386 -0.00000039 0.00000113 0.00000074 0.00000028 -0.00000019 0.00000018 -0.00000341 -0.00000054  -0.00000361 -0.00000090 0.00000088 0.00000034 -0.00000370 -0.00000044 0.00000194 -0.00000671 -0.00000104  
-0.00000386 -0.00000039 0.00000113 0.00000074 0.00000028 -0.00000019 0.00000018 -0.00000341 -0.00000054  -0.00000361 -0.00000090 0.00000088 0.00000034 -0.00000370 -0.00000044 0.00000194 -0.00000671 -0.00000104  -0.00003127 -0.00002121 0.00000852 -0.00000943 -0.00003086 0.00000168 0.00001597 -0.00004441 -0.00000475  
-0.00000361 -0.00000090 0.00000088 0.00000034 -0.00000370 -0.00000044 0.00000194 -0.00000671 -0.00000104  -0.00003127 -0.00002121 0.00000852 -0.00000943 -0.00003086 0.00000168 0.00001597 -0.00004441 -0.00000475  -0.00003120 -0.00003018 0.00001019 -0.00001669 -0.00003331 0.00000560 0.00002231 -0.00004322 -0.00000446  
-0.00003127 -0.00002121 0.00000852 -0.00000943 -0.00003086 0.00000168 0.00001597 -0.00004441 -0.00000475  -0.00003120 -0.00003018 0.00001019 -0.00001669 -0.00003331 0.00000560 0.00002231 -0.00004322 -0.00000446  -0.00001891 -0.00002157 0.00000572 -0.00001093 -0.00004061 0.00000446 0.00002285 -0.00004109 -0.00000331  
-0.00003120 -0.00003018 0.00001019 -0.00001669 -0.00003331 0.00000560 0.00002231 -0.00004322 -0.00000446  -0.00001891 -0.00002157 0.00000572 -0.00001093 -0.00004061 0.00000446 0.00002285 -0.00004109 -0.00000331  -0.00002322 -0.00002302 0.00000801 -0.00000033 -0.00011330 0.00001343 0.00004118 -0.00007765 -0.00000027  
-0.00001891 -0.00002157 0.00000572 -0.00001093 -0.00004061 0.00000446 0.00002285 -0.00004109 -0.00000331  -0.00002322 -0.00002302 0.00000801 -0.00000033 -0.00011330 0.00001343 0.00004118 -0.00007765 -0.00000027  -0.00002700 0.00000290 0.00000440 0.00002736 -0.00015026 0.00001844 0.00004621 -0.00008896 0.00000557  
-0.00002322 -0.00002302 0.00000801 -0.00000033 -0.00011330 0.00001343 0.00004118 -0.00007765 -0.00000027  -0.00002700 0.00000290 0.00000440 0.00002736 -0.00015026 0.00001844 0.00004621 -0.00008896 0.00000557  -0.00003880 0.00001493 0.00000053 0.00003343 -0.00015707 0.00001936 0.00003339 -0.00007853 0.00000941  
-0.00002700 0.00000290 0.00000440 0.00002736 -0.00015026 0.00001844 0.00004621 -0.00008896 0.00000557  -0.00003880 0.00001493 0.00000053 0.00003343 -0.00015707 0.00001936 0.00003339 -0.00007853 0.00000941  -0.00005394 0.00001979 -0.00000106 0.00002865 -0.00013603 0.00001797 0.00000240 -0.00005731 0.00001180  
-0.00003880 0.00001493 0.00000053 0.00003343 -0.00015707 0.00001936 0.00003339 -0.00007853 0.00000941  -0.00005394 0.00001979 -0.00000106 0.00002865 -0.00013603 0.00001797 0.00000240 -0.00005731 0.00001180  -0.00006829 0.00003792 -0.00000677 0.00003625 -0.00015670 0.00002513 -0.00003737 -0.00005388 0.00001491  
-0.00005394 0.00001979 -0.00000106 0.00002865 -0.00013603 0.00001797 0.00000240 -0.00005731 0.00001180  -0.00006829 0.00003792 -0.00000677 0.00003625 -0.00015670 0.00002513 -0.00003737 -0.00005388 0.00001491  -0.00007493 0.00003143 -0.00000965 0.00002231 -0.00017469 0.00002585 -0.00008131 -0.00004471 0.00001317  
-0.00006829 0.00003792 -0.00000677 0.00003625 -0.00015670 0.00002513 -0.00003737 -0.00005388 0.00001491  -0.00007493 0.00003143 -0.00000965 0.00002231 -0.00017469 0.00002585 -0.00008131 -0.00004471 0.00001317  -0.00007673 0.00000557 -0.00001201 -0.00000737 -0.00021651 0.00001634 -0.00011189 -0.00004637 0.00000736  
-0.00007493 0.00003143 -0.00000965 0.00002231 -0.00017469 0.00002585 -0.00008131 -0.00004471 0.00001317  -0.00007673 0.00000557 -0.00001201 -0.00000737 -0.00021651 0.00001634 -0.00011189 -0.00004637 0.00000736  -0.00007904 0.00000145 -0.00001391 -0.00003911 -0.00056245 0.00005978 -0.00021869 -0.00010399 0.00000157  
-0.00007673 0.00000557 -0.00001201 -0.00000737 -0.00021651 0.00001634 -0.00011189 -0.00004637 0.00000736  -0.00007904 0.00000145 -0.00001391 -0.00003911 -0.00056245 0.00005978 -0.00021869 -0.00010399 0.00000157  -0.00011440 -0.00004911 -0.00001758 -0.00009944 -0.00106098 0.00011754 -0.00022696 -0.00001837 -0.00003157  
-0.00007904 0.00000145 -0.00001391 -0.00003911 -0.00056245 0.00005978 -0.00021869 -0.00010399 0.00000157  -0.00011440 -0.00004911 -0.00001758 -0.00009944 -0.00106098 0.00011754 -0.00022696 -0.00001837 -0.00003157  -0.00015522 -0.00009372 -0.00002238 -0.00012028 -0.00130598 0.00013521 -0.00015206 0.00020738 -0.00006681  
-0.00011440 -0.00004911 -0.00001758 -0.00009944 -0.00106098 0.00011754 -0.00022696 -0.00001837 -0.00003157  -0.00015522 -0.00009372 -0.00002238 -0.00012028 -0.00130598 0.00013521 -0.00015206 0.00020738 -0.00006681  -0.00018245 -0.00006870 -0.00001574 -0.00006032 -0.00122499 0.00011370 -0.00005147 0.00042449 -0.00008021  
-0.00015522 -0.00009372 -0.00002238 -0.00012028 -0.00130598 0.00013521 -0.00015206 0.00020738 -0.00006681  -0.00018245 -0.00006870 -0.00001574 -0.00006032 -0.00122499 0.00011370 -0.00005147 0.00042449 -0.00008021  -0.00010704 -0.00001029 0.00000545 -0.00000347 -0.00046462 0.00003369 0.00003691 0.00033174 -0.00004214  
-0.00018245 -0.00006870 -0.00001574 -0.00006032 -0.00122499 0.00011370 -0.00005147 0.00042449 -0.00008021  -0.00010704 -0.00001029 0.00000545 -0.00000347 -0.00046462 0.00003369 0.00003691 0.00033174 -0.00004214  -0.00009066 0.00000403 0.00001152 -0.00001343 -0.00018830 0.00001084 0.00006402 0.00017593 -0.00001795  
-0.00010704 -0.00001029 0.00000545 -0.00000347 -0.00046462 0.00003369 0.00003691 0.00033174 -0.00004214  -0.00009066 0.00000403 0.00001152 -0.00001343 -0.00018830 0.00001084 0.00006402 0.00017593 -0.00001795  -0.00009738 0.00000711 0.00000902 -0.00000979 -0.00013298 0.00000813 0.00003962 0.00015330 -0.00001605  
-0.00009066 0.00000403 0.00001152 -0.00001343 -0.00018830 0.00001084 0.00006402 0.00017593 -0.00001795  -0.00009738 0.00000711 0.00000902 -0.00000979 -0.00013298 0.00000813 0.00003962 0.00015330 -0.00001605  -0.00007510 0.00001787 0.00000871 -0.00000015 -0.00007543 0.00000555 0.00001275 0.00011843 -0.00001338  
-0.00009738 0.00000711 0.00000902 -0.00000979 -0.00013298 0.00000813 0.00003962 0.00015330 -0.00001605  -0.00007510 0.00001787 0.00000871 -0.00000015 -0.00007543 0.00000555 0.00001275 0.00011843 -0.00001338  -0.00006864 0.00000922 0.00000930 -0.00000812 -0.00004993 0.00001021 -0.00000188 0.00010252 -0.00001406  
-0.00007510 0.00001787 0.00000871 -0.00000015 -0.00007543 0.00000555 0.00001275 0.00011843 -0.00001338  -0.00006864 0.00000922 0.00000930 -0.00000812 -0.00004993 0.00001021 -0.00000188 0.00010252 -0.00001406  -0.00006521 -0.00000886 0.00000431 -0.00001716 -0.00003373 0.00001012 -0.00001580 0.00009069 -0.00001485  
-0.00006864 0.00000922 0.00000930 -0.00000812 -0.00004993 0.00001021 -0.00000188 0.00010252 -0.00001406  -0.00006521 -0.00000886 0.00000431 -0.00001716 -0.00003373 0.00001012 -0.00001580 0.00009069 -0.00001485  -0.00005191 -0.00002309 -0.00000326 -0.00002047 -0.00005627 0.00000625 -0.00004469 0.00008694 -0.00001535  
-0.00006521 -0.00000886 0.00000431 -0.00001716 -0.00003373 0.00001012 -0.00001580 0.00009069 -0.00001485  -0.00005191 -0.00002309 -0.00000326 -0.00002047 -0.00005627 0.00000625 -0.00004469 0.00008694 -0.00001535  -0.00003832 -0.00002101 -0.00000214 -0.00001904 -0.00003291 0.00000262 -0.00003624 0.00005167 -0.00000971  
-0.00005191 -0.00002309 -0.00000326 -0.00002047 -0.00005627 0.00000625 -0.00004469 0.00008694 -0.00001535  -0.00003832 -0.00002101 -0.00000214 -0.00001904 -0.00003291 0.00000262 -0.00003624 0.00005167 -0.00000971  -0.00002765 -0.00001736 -0.00000328 -0.00001555 -0.00001640 0.00000097 -0.00003140 0.00002995 -0.00000638  
-0.00003832 -0.00002101 -0.00000214 -0.00001904 -0.00003291 0.00000262 -0.00003624 0.00005167 -0.00000971  -0.00002765 -0.00001736 -0.00000328 -0.00001555 -0.00001640 0.00000097 -0.00003140 0.00002995 -0.00000638  -0.00001803 -0.00001452 -0.00000162 -0.00001387 -0.00001477 0.00000074 -0.00002472 0.00001830 -0.00000373  
-0.00002765 -0.00001736 -0.00000328 -0.00001555 -0.00001640 0.00000097 -0.00003140 0.00002995 -0.00000638  -0.00001803 -0.00001452 -0.00000162 -0.00001387 -0.00001477 0.00000074 -0.00002472 0.00001830 -0.00000373  -0.00001816 -0.00000887 -0.00000144 -0.00000820 -0.00001266 -0.00000019 -0.00001815 0.00000933 -0.00000141  
-0.00001803 -0.00001452 -0.00000162 -0.00001387 -0.00001477 0.00000074 -0.00002472 0.00001830 -0.00000373  -0.00001816 -0.00000887 -0.00000144 -0.00000820 -0.00001266 -0.00000019 -0.00001815 0.00000933 -0.00000141  -0.00001384 -0.00001205 -0.00000007 -0.00001204 -0.00002060 0.00000188 -0.00001131 0.00000678 -0.00000096  
-0.00001816 -0.00000887 -0.00000144 -0.00000820 -0.00001266 -0.00000019 -0.00001815 0.00000933 -0.00000141  -0.00001384 -0.00001205 -0.00000007 -0.00001204 -0.00002060 0.00000188 -0.00001131 0.00000678 -0.00000096  -0.00001335 -0.00000882 0.00000069 -0.00000822 -0.00004060 0.00000188 -0.00000434 0.00000157 -0.00000123  
-0.00001384 -0.00001205 -0.00000007 -0.00001204 -0.00002060 0.00000188 -0.00001131 0.00000678 -0.00000096  -0.00001335 -0.00000882 0.00000069 -0.00000822 -0.00004060 0.00000188 -0.00000434 0.00000157 -0.00000123  -0.00002027 -0.00000158 0.00000050 -0.00000140 -0.00003144 0.00000076 0.00001319 0.00000214 -0.00000099  
-0.00001335 -0.00000882 0.00000069 -0.00000822 -0.00004060 0.00000188 -0.00000434 0.00000157 -0.00000123  -0.00002027 -0.00000158 0.00000050 -0.00000140 -0.00003144 0.00000076 0.00001319 0.00000214 -0.00000099  -0.00002880 -0.00000034 -0.00000069 0.00000098 -0.00001699 0.00000023 0.00001827 0.00000786 -0.00000111  
-0.00000089 -0.00000066 -0.00000006 -0.00000080 -0.00000143 0.00000005 -0.00000043 -0.00000059 0.00000000  -0.00000242 -0.00000047 0.00000036 -0.00000011 -0.00000770 -0.00000045 -0.00000161 -0.00000463 -0.00000044  -0.00000274 0.00000216 0.00000071 0.00000312 -0.00000735 -0.00000131 -0.00000019 -0.00000724 -0.00000088  
-0.00000242 -0.00000047 0.00000036 -0.00000011 -0.00000770 -0.00000045 -0.00000161 -0.00000463 -0.00000044  -0.00000274 0.00000216 0.00000071 0.00000312 -0.00000735 -0.00000131 -0.00000019 -0.00000724 -0.00000088  -0.00000712 0.00000246 0.00000174 0.00000447 -0.00000675 -0.00000150 0.00000172 -0.00001169 -0.00000164  
-0.00000274 0.00000216 0.00000071 0.00000312 -0.00000735 -0.00000131 -0.00000019 -0.00000724 -0.00000088  -0.00000712 0.00000246 0.00000174 0.00000447 -0.00000675 -0.00000150 0.00000172 -0.00001169 -0.00000164  -0.00000589 0.00000248 0.00000124 0.00000450 -0.00001082 -0.00000189 0.00000490 -0.00001580 -0.00000240  
-0.00000712 0.00000246 0.00000174 0.00000447 -0.00000675 -0.00000150 0.00000172 -0.00001169 -0.00000164  -0.00000589 0.00000248 0.00000124 0.00000450 -0.00001082 -0.00000189 0.00000490 -0.00001580 -0.00000240  -0.00004604 -0.00001717 0.00001209 -0.00000044 -0.00004335 -0.00000156 0.00002521 -0.00006961 -0.00000870  
-0.00000589 0.00000248 0.00000124 0.00000450 -0.00001082 -0.00000189 0.00000490 -0.00001580 -0.00000240  -0.00004604 -0.00001717 0.00001209 -0.00000044 -0.00004335 -0.00000156 0.00002521 -0.00006961 -0.00000870  -0.00005808 -0.00003207 0.00001614 -0.00001125 -0.00005776 0.00000389 0.00003638 -0.00007920 -0.00000813  
-0.00004604 -0.00001717 0.00001209 -0.00000044 -0.00004335 -0.00000156 0.00002521 -0.00006961 -0.00000870  -0.00005808 -0.00003207 0.00001614 -0.00001125 -0.00005776 0.00000389 0.00003638 -0.00007920 -0.00000813  -0.00005099 -0.00001049 0.00001076 0.00001044 -0.00007926 0.00000357 0.00003615 -0.00009092 -0.00000318  
-0.00005808 -0.00003207 0.00001614 -0.00001125 -0.00005776 0.00000389 0.00003638 -0.00007920 -0.00000813  -0.00005099 -0.00001049 0.00001076 0.00001044 -0.00007926 0.00000357 0.00003615 -0.00009092 -0.00000318  -0.00005494 -0.00001059 0.00001148 0.00002268 -0.00018329 0.00001620 0.00004898 -0.00014010 0.00000475  
-0.00005099 -0.00001049 0.00001076 0.00001044 -0.00007926 0.00000357 0.00003615 -0.00009092 -0.00000318  -0.00005494 -0.00001059 0.00001148 0.00002268 -0.00018329 0.00001620 0.00004898 -0.00014010 0.00000475  -0.00006063 0.00002351 0.00000593 0.00005938 -0.00025727 0.00002860 0.00004956 -0.00015040 0.00001402  
-0.00005494 -0.00001059 0.00001148 0.00002268 -0.00018329 0.00001620 0.00004898 -0.00014010 0.00000475  -0.00006063 0.00002351 0.00000593 0.00005938 -0.00025727 0.00002860 0.00004956 -0.00015040 0.00001402  -0.00008137 0.00004290 -0.00000208 0.00006757 -0.00027844 0.00003155 0.00001228 -0.00013052 0.00002090  
-0.00006063 0.00002351 0.00000593 0.00005938 -0.00025727 0.00002860 0.00004956 -0.00015040 0.00001402  -0.00008137 0.00004290 -0.00000208 0.00006757 -0.00027844 0.00003155 0.00001228 -0.00013052 0.00002090  -0.00010649 0.00004518 -0.00000580 0.00005166 -0.00024393 0.00003032 -0.00005428 -0.00009364 0.00002417  
-0.00008137 0.00004290 -0.00000208 0.00006757 -0.00027844 0.00003155 0.00001228 -0.00013052 0.00002090  -0.00010649 0.00004518 -0.00000580 0.00005166 -0.00024393 0.00003032 -0.00005428 -0.00009364 0.00002417  -0.00011093 0.00007198 -0.00001445 0.00005839 -0.00025616 0.00004165 -0.00011961 -0.00006525 0.00002016  
-0.00010649 0.00004518 -0.00000580 0.00005166 -0.00024393 0.00003032 -0.00005428 -0.00009364 0.00002417  -0.00011093 0.00007198 -0.00001445 0.00005839 -0.00025616 0.00004165 -0.00011961 -0.00006525 0.00002016  -0.00013228 0.00004687 -0.00002347 0.00002056 -0.00032952 0.00002219 -0.00019858 -0.00007361 0.00000896  
-0.00011093 0.00007198 -0.00001445 0.00005839 -0.00025616 0.00004165 -0.00011961 -0.00006525 0.00002016  -0.00013228 0.00004687 -0.00002347 0.00002056 -0.00032952 0.00002219 -0.00019858 -0.00007361 0.00000896  -0.00013521 0.00000904 -0.00002092 -0.00002308 -0.00042895 0.00004469 -0.00024343 -0.00005206 -0.00000135  
-0.00013228 0.00004687 -0.00002347 0.00002056 -0.00032952 0.00002219 -0.00019858 -0.00007361 0.00000896  -0.00013521 0.00000904 -0.00002092 -0.00002308 -0.00042895 0.00004469 -0.00024343 -0.00005206 -0.00000135  -0.00017968 -0.00004744 -0.00002758 -0.00010993 -0.00088174 0.00009457 -0.00038427 -0.00012354 -0.00001195  
-0.00013521 0.00000904 -0.00002092 -0.00002308 -0.00042895 0.00004469 -0.00024343 -0.00005206 -0.00000135  -0.00017968 -0.00004744 -0.00002758 -0.00010993 -0.00088174 0.00009457 -0.00038427 -0.00012354 -0.00001195  -0.00022411 -0.00010112 -0.00003749 -0.00018590 -0.00150543 0.00016770 -0.00041248 -0.00010673 -0.00004574  
-0.00017968 -0.00004744 -0.00002758 -0.00010993 -0.00088174 0.00009457 -0.00038427 -0.00012354 -0.00001195  -0.00022411 -0.00010112 -0.00003749 -0.00018590 -0.00150543 0.00016770 -0.00041248 -0.00010673 -0.00004574  -0.00030283 -0.00016484 -0.00004723 -0.00022284 -0.00199572 0.00021241 -0.00034663 0.00014244 -0.00009334  
-0.00022411 -0.00010112 -0.00003749 -0.00018590 -0.00150543 0.00016770 -0.00041248 -0.00010673 -0.00004574  -0.00030283 -0.00016484 -0.00004723 -0.00022284 -0.00199572 0.00021241 -0.00034663 0.00014244 -0.00009334  -0.00026984 -0.00013807 -0.00002714 -0.00013605 -0.00198058 0.00019059 -0.00017183 0.00054417 -0.00012610  
-0.00030283 -0.00016484 -0.00004723 -0.00022284 -0.00199572 0.00021241 -0.00034663 0.00014244 -0.00009334  -0.00026984 -0.00013807 -0.00002714 -0.00013605 -0.00198058 0.00019059 -0.00017183 0.00054417 -0.00012610  -0.00016143 -0.00004685 0.00000595 -0.00003021 -0.00090895 0.00007684 -0.00002656 0.00053125 -0.00008759  
-0.00026984 -0.00013807 -0.00002714 -0.00013605 -0.00198058 0.00019059 -0.00017183 0.00054417 -0.00012610  -0.00016143 -0.00004685 0.00000595 -0.00003021 -0.00090895 0.00007684 -0.00002656 0.00053125 -0.00008759  -0.00012897 -0.00000835 0.00001741 -0.00003070 -0.00033612 0.00002126 0.00006320 0.00026288 -0.00002982  
-0.00016143 -0.00004685 0.00000595 -0.00003021 -0.00090895 0.00007684 -0.00002656 0.00053125 -0.00008759  -0.00012897 -0.00000835 0.00001741 -0.00003070 -0.00033612 0.00002126 0.00006320 0.00026288 -0.00002982  -0.00013158 0.00001043 0.00000878 -0.00001325 -0.00022966 0.00001730 0.00004792 0.00024324 -0.00002658  
-0.00012897 -0.00000835 0.00001741 -0.00003070 -0.00033612 0.00002126 0.00006320 0.00026288 -0.00002982  -0.00013158 0.00001043 0.00000878 -0.00001325 -0.00022966 0.00001730 0.00004792 0.00024324 -0.00002658  -0.00010625 0.00002885 0.00001239 -0.00000264 -0.00015357 0.00001079 0.00002071 0.00020606 -0.00002469  
-0.00013158 0.00001043 0.00000878 -0.00001325 -0.00022966 0.00001730 0.00004792 0.00024324 -0.00002658  -0.00010625 0.00002885 0.00001239 -0.00000264 -0.00015357 0.00001079 0.00002071 0.00020606 -0.00002469  -0.00010126 0.00002214 0.00001501 -0.00001082 -0.00011319 0.00001860 0.00000022 0.00018471 -0.00002634  
-0.00010625 0.00002885 0.00001239 -0.00000264 -0.00015357 0.00001079 0.00002071 0.00020606 -0.00002469  -0.00010126 0.00002214 0.00001501 -0.00001082 -0.00011319 0.00001860 0.00000022 0.00018471 -0.00002634  -0.00008960 -0.00000777 0.00000749 -0.00002462 -0.00007340 0.00001803 -0.00002434 0.00014997 -0.00002509  
-0.00010126 0.00002214 0.00001501 -0.00001082 -0.00011319 0.00001860 0.00000022 0.00018471 -0.00002634  -0.00008960 -0.00000777 0.00000749 -0.00002462 -0.00007340 0.00001803 -0.00002434 0.00014997 -0.00002509  -0.00007510 -0.00001027 -0.00000005 -0.00001696 -0.00008756 0.00001363 -0.00006336 0.00013295 -0.00002291  
-0.00008960 -0.00000777 0.00000749 -0.00002462 -0.00007340 0.00001803 -0.00002434 0.00014997 -0.00002509  -0.00007510 -0.00001027 -0.00000005 -0.00001696 -0.00008756 0.00001363 -0.00006336 0.00013295 -0.00002291  -0.00004963 -0.00001178 -0.00000215 -0.00001544 -0.00004728 0.00000678 -0.00004947 0.00007191 -0.00001388  
-0.00007510 -0.00001027 -0.00000005 -0.00001696 -0.00008756 0.00001363 -0.00006336 0.00013295 -0.00002291  -0.00004963 -0.00001178 -0.00000215 -0.00001544 -0.00004728 0.00000678 -0.00004947 0.00007191 -0.00001388  -0.00002353 0.00000014 -0.00000223 -0.00000089 -0.00002534 0.00000269 -0.00002287 0.00002524 -0.00000504  
-0.00004963 -0.00001178 -0.00000215 -0.00001544 -0.00004728 0.00000678 -0.00004947 0.00007191 -0.00001388  -0.00002353 0.00000014 -0.00000223 -0.00000089 -0.00002534 0.00000269 -0.00002287 0.00002524 -0.00000504  -0.00001671 0.00000117 -0.00000115 0.00000016 -0.00000985 0.00000102 -0.00001371 0.00000996 -0.00000187  
-0.00002353 0.00000014 -0.00000223 -0.00000089 -0.00002534 0.00000269 -0.00002287 0.00002524 -0.00000504  -0.00001671 0.00000117 -0.00000115 0.00000016 -0.00000985 0.00000102 -0.00001371 0.00000996 -0.00000187  -0.00002777 0.00000087 -0.00000071 0.00000026 -0.00001414 0.00000088 -0.00001925 0.00000924 -0.00000157  
-0.00001671 0.00000117 -0.00000115 0.00000016 -0.00000985 0.00000102 -0.00001371 0.00000996 -0.00000187  -0.00002777 0.00000087 -0.00000071 0.00000026 -0.00001414 0.00000088 -0.00001925 0.00000924 -0.00000157  -0.00003099 -0.00000582 0.00000029 -0.00000715 -0.00002480 0.00000204 -0.00002101 0.00000394 -0.00000254  
-0.00002777 0.00000087 -0.00000071 0.00000026 -0.00001414 0.00000088 -0.00001925 0.00000924 -0.00000157  -0.00003099 -0.00000582 0.00000029 -0.00000715 -0.00002480 0.00000204 -0.00002101 0.00000394 -0.00000254  -0.00005658 -0.00000400 0.00000022 -0.00000431 -0.00004030 -0.00000033 -0.00000265 -0.00000344 -0.00000285  
-0.00003099 -0.00000582 0.00000029 -0.00000715 -0.00002480 0.00000204 -0.00002101 0.00000394 -0.00000254  -0.00005658 -0.00000400 0.00000022 -0.00000431 -0.00004030 -0.00000033 -0.00000265 -0.00000344 -0.00000285  -0.00005966 -0.00000285 -0.00000029 -0.00000320 -0.00004384 -0.00000080 0.00002331 -0.00000095 -0.00000433  
-0.00005658 -0.00000400 0.00000022 -0.00000431 -0.00004030 -0.00000033 -0.00000265 -0.00000344 -0.00000285  -0.00005966 -0.00000285 -0.00000029 -0.00000320 -0.00004384 -0.00000080 0.00002331 -0.00000095 -0.00000433  -0.00005884 -0.00000358 0.00000024 -0.00000515 -0.00003715 0.00000127 0.00004375 0.00001636 -0.00000566  
-0.00001325 0.00000133 0.00000017 0.00000087 -0.00001843 -0.00000131 -0.00001113 -0.00001426 -0.00000316  -0.00001831 0.00000343 0.00000377 0.00000683 -0.00003467 -0.00000623 -0.00001057 -0.00003082 -0.00000519  -0.00002069 0.00000458 0.00000391 0.00000972 -0.00001701 -0.00000453 -0.00000318 -0.00003373 -0.00000571  
-0.00001831 0.00000343 0.00000377 0.00000683 -0.00003467 -0.00000623 -0.00001057 -0.00003082 -0.00000519  -0.00002069 0.00000458 0.00000391 0.00000972 -0.00001701 -0.00000453 -0.00000318 -0.00003373 -0.00000571  -0.00002713 0.00000069 0.00000586 0.00000783 -0.00001803 -0.00000421 0.00000346 -0.00003725 -0.00000641  
-0.00002069 0.00000458 0.00000391 0.00000972 -0.00001701 -0.00000453 -0.00000318 -0.00003373 -0.00000571  -0.00002713 0.00000069 0.00000586 0.00000783 -0.00001803 -0.00000421 0.00000346 -0.00003725 -0.00000641  -0.00002631 -0.00000406 0.00000492 0.00000621 -0.00003963 -0.00000574 0.00000959 -0.00005710 -0.00000884  
-0.00002713 0.00000069 0.00000586 0.00000783 -0.00001803 -0.00000421 0.00000346 -0.00003725 -0.00000641  -0.00002631 -0.00000406 0.00000492 0.00000621 -0.00003963 -0.00000574 0.00000959 -0.00005710 -0.00000884  -0.00007585 -0.00003112 0.00001679 -0.00000452 -0.00008805 -0.00000639 0.00003901 -0.00012815 -0.00001898  
-0.00002631 -0.00000406 0.00000492 0.00000621 -0.00003963 -0.00000574 0.00000959 -0.00005710 -0.00000884  -0.00007585 -0.00003112 0.00001679 -0.00000452 -0.00008805 -0.00000639 0.00003901 -0.00012815 -0.00001898  -0.00009082 -0.00004638 0.00001816 -0.00001472 -0.00012607 -0.00000238 0.00005702 -0.00014781 -0.00001897  
-0.00007585 -0.00003112 0.00001679 -0.00000452 -0.00008805 -0.00000639 0.00003901 -0.00012815 -0.00001898  -0.00009082 -0.00004638 0.00001816 -0.00001472 -0.00012607 -0.00000238 0.00005702 -0.00014781 -0.00001897  -0.00007180 -0.00001032 0.00001076 0.00002201 -0.00015278 -0.00000211 0.00006420 -0.00016244 -0.00001066  
-0.00009082 -0.00004638 0.00001816 -0.00001472 -0.00012607 -0.00000238 0.00005702 -0.00014781 -0.00001897  -0.00007180 -0.00001032 0.00001076 0.00002201 -0.00015278 -0.00000211 0.00006420 -0.00016244 -0.00001066  -0.00007221 0.00000315 0.00001313 0.00005334 -0.00028628 0.00001573 0.00008985 -0.00022154 0.00000243  
-0.00007180 -0.00001032 0.00001076 0.00002201 -0.00015278 -0.00000211 0.00006420 -0.00016244 -0.00001066  -0.00007221 0.00000315 0.00001313 0.00005334 -0.00028628 0.00001573 0.00008985 -0.00022154 0.00000243  -0.00009922 0.00004543 0.00000679 0.00010477 -0.00041502 0.00003282 0.00011538 -0.00024613 0.00001283  
-0.00007221 0.00000315 0.00001313 0.00005334 -0.00028628 0.00001573 0.00008985 -0.00022154 0.00000243  -0.00009922 0.00004543 0.00000679 0.00010477 -0.00041502 0.00003282 0.00011538 -0.00024613 0.00001283  -0.00014017 0.00007953 -0.00000630 0.00012651 -0.00046380 0.00003858 0.00007295 -0.00021035 0.00002333  
-0.00009922 0.00004543 0.00000679 0.00010477 -0.00041502 0.00003282 0.00011538 -0.00024613 0.00001283  -0.00014017 0.00007953 -0.00000630 0.00012651 -0.00046380 0.00003858 0.00007295 -0.00021035 0.00002333  -0.00017440 0.00009424 -0.00001187 0.00011690 -0.00040739 0.00004581 -0.00000804 -0.00015702 0.00003203  
-0.00014017 0.00007953 -0.00000630 0.00012651 -0.00046380 0.00003858 0.00007295 -0.00021035 0.00002333  -0.00017440 0.00009424 -0.00001187 0.00011690 -0.00040739 0.00004581 -0.00000804 -0.00015702 0.00003203  -0.00017357 0.00010472 -0.00002150 0.00009368 -0.00038665 0.00005686 -0.00013085 -0.00010399 0.00002796  
-0.00017440 0.00009424 -0.00001187 0.00011690 -0.00040739 0.00004581 -0.00000804 -0.00015702 0.00003203  -0.00017357 0.00010472 -0.00002150 0.00009368 -0.00038665 0.00005686 -0.00013085 -0.00010399 0.00002796  -0.00020670 0.00006281 -0.00002788 0.00003881 -0.00045182 0.00002078 -0.00022898 -0.00011094 0.00001124  
-0.00017357 0.00010472 -0.00002150 0.00009368 -0.00038665 0.00005686 -0.00013085 -0.00010399 0.00002796  -0.00020670 0.00006281 -0.00002788 0.00003881 -0.00045182 0.00002078 -0.00022898 -0.00011094 0.00001124  -0.00021389 0.00002153 -0.00003251 -0.00001844 -0.00065387 0.00004648 -0.00033819 -0.00014450 -0.00000076  
-0.00020670 0.00006281 -0.00002788 0.00003881 -0.00045182 0.00002078 -0.00022898 -0.00011094 0.00001124  -0.00021389 0.00002153 -0.00003251 -0.00001844 -0.00065387 0.00004648 -0.00033819 -0.00014450 -0.00000076  -0.00023705 -0.00008393 -0.00004044 -0.00019799 -0.00163896 0.00011113 -0.00061177 -0.00030554 -0.00003141  
-0.00021389 0.00002153 -0.00003251 -0.00001844 -0.00065387 0.00004648 -0.00033819 -0.00014450 -0.00000076  -0.00023705 -0.00008393 -0.00004044 -0.00019799 -0.00163896 0.00011113 -0.00061177 -0.00030554 -0.00003141  -0.00028630 -0.00017481 -0.00004774 -0.00032374 -0.00270434 0.00026453 -0.00061602 -0.00017207 -0.00008807  
-0.00023705 -0.00008393 -0.00004044 -0.00019799 -0.00163896 0.00011113 -0.00061177 -0.00030554 -0.00003141  -0.00028630 -0.00017481 -0.00004774 -0.00032374 -0.00270434 0.00026453 -0.00061602 -0.00017207 -0.00008807  -0.00040411 -0.00024629 -0.00005643 -0.00035083 -0.00320826 0.00034738 -0.00044306 0.00033526 -0.00016278  
-0.00028630 -0.00017481 -0.00004774 -0.00032374 -0.00270434 0.00026453 -0.00061602 -0.00017207 -0.00008807  -0.00040411 -0.00024629 -0.00005643 -0.00035083 -0.00320826 0.00034738 -0.00044306 0.00033526 -0.00016278  -0.00043380 -0.00021314 -0.00004269 -0.00022557 -0.00299738 0.00031042 -0.00018409 0.00094480 -0.00021050  
-0.00040411 -0.00024629 -0.00005643 -0.00035083 -0.00320826 0.00034738 -0.00044306 0.00033526 -0.00016278  -0.00043380 -0.00021314 -0.00004269 -0.00022557 -0.00299738 0.00031042 -0.00018409 0.00094480 -0.00021050  -0.00025624 -0.00007720 0.00000274 -0.00005566 -0.00153010 0.00015869 0.00001431 0.00095809 -0.00016527  
-0.00043380 -0.00021314 -0.00004269 -0.00022557 -0.00299738 0.00031042 -0.00018409 0.00094480 -0.00021050  -0.00025624 -0.00007720 0.00000274 -0.00005566 -0.00153010 0.00015869 0.00001431 0.00095809 -0.00016527  -0.00019264 -0.00002164 0.00001930 -0.00005739 -0.00056814 0.00004394 0.00011097 0.00045707 -0.00005303  
-0.00025624 -0.00007720 0.00000274 -0.00005566 -0.00153010 0.00015869 0.00001431 0.00095809 -0.00016527  -0.00019264 -0.00002164 0.00001930 -0.00005739 -0.00056814 0.00004394 0.00011097 0.00045707 -0.00005303  -0.00019980 0.00000475 0.00000987 -0.00002803 -0.00037681 0.00003620 0.00008893 0.00041301 -0.00005187  
-0.00019264 -0.00002164 0.00001930 -0.00005739 -0.00056814 0.00004394 0.00011097 0.00045707 -0.00005303  -0.00019980 0.00000475 0.00000987 -0.00002803 -0.00037681 0.00003620 0.00008893 0.00041301 -0.00005187  -0.00015119 0.00003263 0.00001575 -0.00001601 -0.00026551 0.00002304 0.00004508 0.00035066 -0.00004834  
-0.00019980 0.00000475 0.00000987 -0.00002803 -0.00037681 0.00003620 0.00008893 0.00041301 -0.00005187  -0.00015119 0.00003263 0.00001575 -0.00001601 -0.00026551 0.00002304 0.00004508 0.00035066 -0.00004834  -0.00014718 0.00002749 0.00001996 -0.00001867 -0.00017098 0.00003133 0.00000833 0.00028552 -0.00004986  
-0.00015119 0.00003263 0.00001575 -0.00001601 -0.00026551 0.00002304 0.00004508 0.00035066 -0.00004834  -0.00014718 0.00002749 0.00001996 -0.00001867 -0.00017098 0.00003133 0.00000833 0.00028552 -0.00004986  -0.00013604 -0.00000845 0.00001251 -0.00003571 -0.00010651 0.00002860 -0.00002780 0.00022964 -0.00004606  
-0.00014718 0.00002749 0.00001996 -0.00001867 -0.00017098 0.00003133 0.00000833 0.00028552 -0.00004986  -0.00013604 -0.00000845 0.00001251 -0.00003571 -0.00010651 0.00002860 -0.00002780 0.00022964 -0.00004606  -0.00010307 -0.00001626 0.00000644 -0.00003607 -0.00010945 0.00002176 -0.00006683 0.00017978 -0.00003498  
-0.00013604 -0.00000845 0.00001251 -0.00003571 -0.00010651 0.00002860 -0.00002780 0.00022964 -0.00004606  -0.00010307 -0.00001626 0.00000644 -0.00003607 -0.00010945 0.00002176 -0.00006683 0.00017978 -0.00003498  -0.00007051 -0.00001229 0.00000581 -0.00002800 -0.00007162 0.00001428 -0.00005370 0.00010601 -0.00002086  
-0.00010307 -0.00001626 0.00000644 -0.00003607 -0.00010945 0.00002176 -0.00006683 0.00017978 -0.00003498  -0.00007051 -0.00001229 0.00000581 -0.00002800 -0.00007162 0.00001428 -0.00005370 0.00010601 -0.00002086  -0.00003413 0.00000460 0.00000314 -0.00000376 -0.00004387 0.00000791 -0.00002361 0.00004673 -0.00000931  
-0.00007051 -0.00001229 0.00000581 -0.00002800 -0.00007162 0.00001428 -0.00005370 0.00010601 -0.00002086  -0.00003413 0.00000460 0.00000314 -0.00000376 -0.00004387 0.00000791 -0.00002361 0.00004673 -0.00000931  -0.00001544 0.00000741 0.00000092 0.00000165 -0.00001901 0.00000315 -0.00001486 0.00001787 -0.00000349  
-0.00003413 0.00000460 0.00000314 -0.00000376 -0.00004387 0.00000791 -0.00002361 0.00004673 -0.00000931  -0.00001544 0.00000741 0.00000092 0.00000165 -0.00001901 0.00000315 -0.00001486 0.00001787 -0.00000349  -0.00001816 0.00001061 -0.00000036 0.00000459 -0.00001901 0.00000265 -0.00002092 0.00001476 -0.00000245  
-0.00001544 0.00000741 0.00000092 0.00000165 -0.00001901 0.00000315 -0.00001486 0.00001787 -0.00000349  -0.00001816 0.00001061 -0.00000036 0.00000459 -0.00001901 0.00000265 -0.00002092 0.00001476 -0.00000245  -0.00002757 0.00000421 0.00000092 -0.00000021 -0.00002612 0.00000332 -0.00002723 0.00000499 -0.00000221  
-0.00001816 0.00001061 -0.00000036 0.00000459 -0.00001901 0.00000265 -0.00002092 0.00001476 -0.00000245  -0.00002757 0.00000421 0.00000092 -0.00000021 -0.00002612 0.00000332 -0.00002723 0.00000499 -0.00000221  -0.00007343 0.00000098 0.00000051 -0.00000045 -0.00004368 0.00000207 -0.00002382 -0.00000393 -0.00000322  
-0.00002757 0.00000421 0.00000092 -0.00000021 -0.00002612 0.00000332 -0.00002723 0.00000499 -0.00000221  -0.00007343 0.00000098 0.00000051 -0.00000045 -0.00004368 0.00000207 -0.00002382 -0.00000393 -0.00000322  -0.00008963 -0.00001097 0.00000082 -0.00000910 -0.00005355 0.00000315 0.00000711 -0.00000981 -0.00000566  
-0.00007343 0.00000098 0.00000051 -0.00000045 -0.00004368 0.00000207 -0.00002382 -0.00000393 -0.00000322  -0.00008963 -0.00001097 0.00000082 -0.00000910 -0.00005355 0.00000315 0.00000711 -0.00000981 -0.00000566  -0.00008101 -0.00001043 0.00000107 -0.00000770 -0.00004675 0.00000559 0.00003441 0.00000514 -0.00000823  
-0.00001633 -0.00000317 -0.00000154 -0.00000338 -0.00001163 -0.00000236 -0.00001775 -0.00001316 -0.00000557  -0.00002478 0.00000708 0.00000644 0.00001420 -0.00002360 -0.00000753 -0.00000739 -0.00003389 -0.00000772  -0.00002649 0.00000794 0.00000747 0.00001548 -0.00001661 -0.00000591 0.00000098 -0.00003796 -0.00000786  
-0.00002478 0.00000708 0.00000644 0.00001420 -0.00002360 -0.00000753 -0.00000739 -0.00003389 -0.00000772  -0.00002649 0.00000794 0.00000747 0.00001548 -0.00001661 -0.00000591 0.00000098 -0.00003796 -0.00000786  -0.00004315 0.00000720 0.00001172 0.00001885 -0.00002155 -0.00000788 0.00000681 -0.00005706 -0.00001196  
-0.00002649 0.00000794 0.00000747 0.00001548 -0.00001661 -0.00000591 0.00000098 -0.00003796 -0.00000786  -0.00004315 0.00000720 0.00001172 0.00001885 -0.00002155 -0.00000788 0.00000681 -0.00005706 -0.00001196  -0.00003862 0.00000763 0.00000904 0.00002128 -0.00004771 -0.00001141 0.00001363 -0.00008113 -0.00001447  
-0.00004315 0.00000720 0.00001172 0.00001885 -0.00002155 -0.00000788 0.00000681 -0.00005706 -0.00001196  -0.00003862 0.00000763 0.00000904 0.00002128 -0.00004771 -0.00001141 0.00001363 -0.00008113 -0.00001447  -0.00012534 -0.00003364 0.00002422 0.00000765 -0.00012452 -0.00001601 0.00005169 -0.00020623 -0.00003714  
-0.00003862 0.00000763 0.00000904 0.00002128 -0.00004771 -0.00001141 0.00001363 -0.00008113 -0.00001447  -0.00012534 -0.00003364 0.00002422 0.00000765 -0.00012452 -0.00001601 0.00005169 -0.00020623 -0.00003714  -0.00014068 -0.00004623 0.00001778 -0.00000125 -0.00019237 -0.00001831 0.00007334 -0.00025688 -0.00003862  
-0.00012534 -0.00003364 0.00002422 0.00000765 -0.00012452 -0.00001601 0.00005169 -0.00020623 -0.00003714  -0.00014068 -0.00004623 0.00001778 -0.00000125 -0.00019237 -0.00001831 0.00007334 -0.00025688 -0.00003862  -0.00009432 0.00000141 0.00001128 0.00004796 -0.00022053 -0.00001237 0.00007757 -0.00024213 -0.00001946  
-0.00014068 -0.00004623 0.00001778 -0.00000125 -0.00019237 -0.00001831 0.00007334 -0.00025688 -0.00003862  -0.00009432 0.00000141 0.00001128 0.00004796 -0.00022053 -0.00001237 0.00007757 -0.00024213 -0.00001946  -0.00010538 0.00001154 0.00001840 0.00008108 -0.00041021 0.00001149 0.00011728 -0.00032751 -0.00000000  
-0.00009432 0.00000141 0.00001128 0.00004796 -0.00022053 -0.00001237 0.00007757 -0.00024213 -0.00001946  -0.00010538 0.00001154 0.00001840 0.00008108 -0.00041021 0.00001149 0.00011728 -0.00032751 -0.00000000  -0.00014546 0.00005836 0.00000836 0.00013122 -0.00056869 0.00002926 0.00013041 -0.00035118 0.00001548  
-0.00010538 0.00001154 0.00001840 0.00008108 -0.00041021 0.00001149 0.00011728 -0.00032751 -0.00000000  -0.00014546 0.00005836 0.00000836 0.00013122 -0.00056869 0.00002926 0.00013041 -0.00035118 0.00001548  -0.00019870 0.00011315 -0.00000909 0.00017727 -0.00067590 0.00004645 0.00008397 -0.00031378 0.00003310  
-0.00014546 0.00005836 0.00000836 0.00013122 -0.00056869 0.00002926 0.00013041 -0.00035118 0.00001548  -0.00019870 0.00011315 -0.00000909 0.00017727 -0.00067590 0.00004645 0.00008397 -0.00031378 0.00003310  -0.00026159 0.00016527 -0.00001885 0.00019315 -0.00064563 0.00006426 -0.00002943 -0.00023549 0.00004038  
-0.00019870 0.00011315 -0.00000909 0.00017727 -0.00067590 0.00004645 0.00008397 -0.00031378 0.00003310  -0.00026159 0.00016527 -0.00001885 0.00019315 -0.00064563 0.00006426 -0.00002943 -0.00023549 0.00004038  -0.00026818 0.00015804 -0.00003770 0.00013800 -0.00070858 0.00006887 -0.00024128 -0.00018720 0.00002432  
-0.00026159 0.00016527 -0.00001885 0.00019315 -0.00064563 0.00006426 -0.00002943 -0.00023549 0.00004038  -0.00026818 0.00015804 -0.00003770 0.00013800 -0.00070858 0.00006887 -0.00024128 -0.00018720 0.00002432  -0.00031038 0.00010268 -0.00004200 0.00005371 -0.00085308 0.00000803 -0.00040078 -0.00020015 -0.00002506  
-0.00026818 0.00015804 -0.00003770 0.00013800 -0.00070858 0.00006887 -0.00024128 -0.00018720 0.00002432  -0.00031038 0.00010268 -0.00004200 0.00005371 -0.00085308 0.00000803 -0.00040078 -0.00020015 -0.00002506  -0.00037537 0.00001937 -0.00006014 -0.00004670 -0.00126261 0.00001887 -0.00056895 -0.00023980 -0.00003899  
-0.00031038 0.00010268 -0.00004200 0.00005371 -0.00085308 0.00000803 -0.00040078 -0.00020015 -0.00002506  -0.00037537 0.00001937 -0.00006014 -0.00004670 -0.00126261 0.00001887 -0.00056895 -0.00023980 -0.00003899  -0.00037153 -0.00007249 -0.00006372 -0.00024260 -0.00222450 0.00017086 -0.00095172 -0.00040333 -0.00006014  
-0.00037537 0.00001937 -0.00006014 -0.00004670 -0.00126261 0.00001887 -0.00056895 -0.00023980 -0.00003899  -0.00037153 -0.00007249 -0.00006372 -0.00024260 -0.00222450 0.00017086 -0.00095172 -0.00040333 -0.00006014  -0.00044601 -0.00021287 -0.00007059 -0.00043612 -0.00346302 0.00036089 -0.00101849 -0.00036883 -0.00012556  
-0.00037153 -0.00007249 -0.00006372 -0.00024260 -0.00222450 0.00017086 -0.00095172 -0.00040333 -0.00006014  -0.00044601 -0.00021287 -0.00007059 -0.00043612 -0.00346302 0.00036089 -0.00101849 -0.00036883 -0.00012556  -0.00056707 -0.00033443 -0.00007338 -0.00051571 -0.00448728 0.00049241 -0.00077203 0.00027535 -0.00022497  
-0.00044601 -0.00021287 -0.00007059 -0.00043612 -0.00346302 0.00036089 -0.00101849 -0.00036883 -0.00012556  -0.00056707 -0.00033443 -0.00007338 -0.00051571 -0.00448728 0.00049241 -0.00077203 0.00027535 -0.00022497  -0.00057368 -0.00029485 -0.00004956 -0.00033294 -0.00443190 0.00048797 -0.00033251 0.00129396 -0.00032210  
-0.00056707 -0.00033443 -0.00007338 -0.00051571 -0.00448728 0.00049241 -0.00077203 0.00027535 -0.00022497  -0.00057368 -0.00029485 -0.00004956 -0.00033294 -0.00443190 0.00048797 -0.00033251 0.00129396 -0.00032210  -0.00036580 -0.00012272 0.00000092 -0.00010589 -0.00238400 0.00027019 -0.00001803 0.00135651 -0.00026681  
-0.00057368 -0.00029485 -0.00004956 -0.00033294 -0.00443190 0.00048797 -0.00033251 0.00129396 -0.00032210  -0.00036580 -0.00012272 0.00000092 -0.00010589 -0.00238400 0.00027019 -0.00001803 0.00135651 -0.00026681  -0.00027968 -0.00004644 0.00001778 -0.00009264 -0.00096472 0.00009335 0.00012905 0.00069680 -0.00010316  
-0.00036580 -0.00012272 0.00000092 -0.00010589 -0.00238400 0.00027019 -0.00001803 0.00135651 -0.00026681  -0.00027968 -0.00004644 0.00001778 -0.00009264 -0.00096472 0.00009335 0.00012905 0.00069680 -0.00010316  -0.00027188 -0.00000210 0.00001136 -0.00004828 -0.00060882 0.00006422 0.00010657 0.00058187 -0.00007757  
-0.00027968 -0.00004644 0.00001778 -0.00009264 -0.00096472 0.00009335 0.00012905 0.00069680 -0.00010316  -0.00027188 -0.00000210 0.00001136 -0.00004828 -0.00060882 0.00006422 0.00010657 0.00058187 -0.00007757  -0.00021683 0.00005028 0.00002272 -0.00002567 -0.00046920 0.00004944 0.00005231 0.00054723 -0.00007923  
-0.00027188 -0.00000210 0.00001136 -0.00004828 -0.00060882 0.00006422 0.00010657 0.00058187 -0.00007757  -0.00021683 0.00005028 0.00002272 -0.00002567 -0.00046920 0.00004944 0.00005231 0.00054723 -0.00007923  -0.00022093 0.00005272 0.00002941 -0.00002706 -0.00031239 0.00006049 0.00001049 0.00048349 -0.00009398  
-0.00021683 0.00005028 0.00002272 -0.00002567 -0.00046920 0.00004944 0.00005231 0.00054723 -0.00007923  -0.00022093 0.00005272 0.00002941 -0.00002706 -0.00031239 0.00006049 0.00001049 0.00048349 -0.00009398  -0.00018073 0.00000152 0.00002039 -0.00005055 -0.00015862 0.00004698 -0.00004484 0.00033721 -0.00007506  
-0.00022093 0.00005272 0.00002941 -0.00002706 -0.00031239 0.00006049 0.00001049 0.00048349 -0.00009398  -0.00018073 0.00000152 0.00002039 -0.00005055 -0.00015862 0.00004698 -0.00004484 0.00033721 -0.00007506  -0.00011389 -0.00001460 0.00000976 -0.00004667 -0.00011202 0.00002649 -0.00007185 0.00020576 -0.00004279  
-0.00018073 0.00000152 0.00002039 -0.00005055 -0.00015862 0.00004698 -0.00004484 0.00033721 -0.00007506  -0.00011389 -0.00001460 0.00000976 -0.00004667 -0.00011202 0.00002649 -0.00007185 0.00020576 -0.00004279  -0.00006622 -0.00000617 0.00000884 -0.00003283 -0.00010604 0.00002331 -0.00007024 0.00014257 -0.00002946  
-0.00011389 -0.00001460 0.00000976 -0.00004667 -0.00011202 0.00002649 -0.00007185 0.00020576 -0.00004279  -0.00006622 -0.00000617 0.00000884 -0.00003283 -0.00010604 0.00002331 -0.00007024 0.00014257 -0.00002946  -0.00002342 0.00001083 0.00000009 0.00000177 -0.00004770 0.00000834 -0.00002200 0.00003847 -0.00000654  
-0.00006622 -0.00000617 0.00000884 -0.00003283 -0.00010604 0.00002331 -0.00007024 0.00014257 -0.00002946  -0.00002342 0.00001083 0.00000009 0.00000177 -0.00004770 0.00000834 -0.00002200 0.00003847 -0.00000654  -0.00001801 0.00001325 -0.00000083 0.00000560 -0.00003501 0.00000582 -0.00002471 0.00002312 -0.00000416  
-0.00002342 0.00001083 0.00000009 0.00000177 -0.00004770 0.00000834 -0.00002200 0.00003847 -0.00000654  -0.00001801 0.00001325 -0.00000083 0.00000560 -0.00003501 0.00000582 -0.00002471 0.00002312 -0.00000416  -0.00002199 0.00001232 -0.00000165 0.00000533 -0.00002357 0.00000450 -0.00002510 0.00001537 -0.00000219  
-0.00001801 0.00001325 -0.00000083 0.00000560 -0.00003501 0.00000582 -0.00002471 0.00002312 -0.00000416  -0.00002199 0.00001232 -0.00000165 0.00000533 -0.00002357 0.00000450 -0.00002510 0.00001537 -0.00000219  -0.00003527 0.00000857 -0.00000138 0.00000558 -0.00002475 0.00000247 -0.00003027 0.00000186 -0.00000144  
-0.00002199 0.00001232 -0.00000165 0.00000533 -0.00002357 0.00000450 -0.00002510 0.00001537 -0.00000219  -0.00003527 0.00000857 -0.00000138 0.00000558 -0.00002475 0.00000247 -0.00003027 0.00000186 -0.00000144  -0.00008492 -0.00000210 0.00000223 -0.00000250 -0.00002811 0.00000516 -0.00003258 -0.00000705 -0.00000203  
-0.00003527 0.00000857 -0.00000138 0.00000558 -0.00002475 0.00000247 -0.00003027 0.00000186 -0.00000144  -0.00008492 -0.00000210 0.00000223 -0.00000250 -0.00002811 0.00000516 -0.00003258 -0.00000705 -0.00000203  -0.00013025 -0.00002893 0.00000464 -0.00002538 -0.00006234 0.00000747 0.00000464 -0.00001446 -0.00000510  
-0.00008492 -0.00000210 0.00000223 -0.00000250 -0.00002811 0.00000516 -0.00003258 -0.00000705 -0.00000203  -0.00013025 -0.00002893 0.00000464 -0.00002538 -0.00006234 0.00000747 0.00000464 -0.00001446 -0.00000510  -0.00011195 -0.00003035 0.00000363 -0.00002523 -0.00007469 0.00000891 0.00003954 0.00000328 -0.00001020  
-0.00002316 -0.00000593 -0.00000484 -0.00000796 -0.00003577 -0.00000635 -0.00003375 -0.00003121 -0.00001143  -0.00002614 0.00000466 0.00000437 0.00001457 -0.00006976 -0.00001693 -0.00002394 -0.00008793 -0.00002286  -0.00003042 0.00000520 0.00000650 0.00001735 -0.00003592 -0.00001268 -0.00000742 -0.00007974 -0.00001996  
-0.00002614 0.00000466 0.00000437 0.00001457 -0.00006976 -0.00001693 -0.00002394 -0.00008793 -0.00002286  -0.00003042 0.00000520 0.00000650 0.00001735 -0.00003592 -0.00001268 -0.00000742 -0.00007974 -0.00001996  -0.00006391 0.00000343 0.00001642 0.00002446 -0.00003588 -0.00001384 0.00000728 -0.00010034 -0.00002568  
-0.00003042 0.00000520 0.00000650 0.00001735 -0.00003592 -0.00001268 -0.00000742 -0.00007974 -0.00001996  -0.00006391 0.00000343 0.00001642 0.00002446 -0.00003588 -0.00001384 0.00000728 -0.00010034 -0.00002568  -0.00006140 0.00000440 0.00001438 0.00003056 -0.00006918 -0.00001951 0.00002064 -0.00014225 -0.00003162  
-0.00006391 0.00000343 0.00001642 0.00002446 -0.00003588 -0.00001384 0.00000728 -0.00010034 -0.00002568  -0.00006140 0.00000440 0.00001438 0.00003056 -0.00006918 -0.00001951 0.00002064 -0.00014225 -0.00003162  -0.00016477 -0.00005023 0.00002703 0.00000168 -0.00014149 -0.00002266 0.00005744 -0.00026212 -0.00005880  
-0.00006140 0.00000440 0.00001438 0.00003056 -0.00006918 -0.00001951 0.00002064 -0.00014225 -0.00003162  -0.00016477 -0.00005023 0.00002703 0.00000168 -0.00014149 -0.00002266 0.00005744 -0.00026212 -0.00005880  -0.00017562 -0.00006152 0.00002122 -0.00000142 -0.00024389 -0.00002777 0.00009788 -0.00034253 -0.00006492  
-0.00016477 -0.00005023 0.00002703 0.00000168 -0.00014149 -0.00002266 0.00005744 -0.00026212 -0.00005880  -0.00017562 -0.00006152 0.00002122 -0.00000142 -0.00024389 -0.00002777 0.00009788 -0.00034253 -0.00006492  -0.00013640 -0.00000452 0.00001887 0.00005650 -0.00031739 -0.00002804 0.00012564 -0.00035673 -0.00004676  
-0.00017562 -0.00006152 0.00002122 -0.00000142 -0.00024389 -0.00002777 0.00009788 -0.00034253 -0.00006492  -0.00013640 -0.00000452 0.00001887 0.00005650 -0.00031739 -0.00002804 0.00012564 -0.00035673 -0.00004676  -0.00013861 0.00001030 0.00001860 0.00009711 -0.00054359 -0.00000824 0.00016550 -0.00044257 -0.00002189  
-0.00013640 -0.00000452 0.00001887 0.00005650 -0.00031739 -0.00002804 0.00012564 -0.00035673 -0.00004676  -0.00013861 0.00001030 0.00001860 0.00009711 -0.00054359 -0.00000824 0.00016550 -0.00044257 -0.00002189  -0.00018258 0.00007281 0.00000728 0.00016126 -0.00071461 0.00000987 0.00016292 -0.00046153 0.00000047  
-0.00013861 0.00001030 0.00001860 0.00009711 -0.00054359 -0.00000824 0.00016550 -0.00044257 -0.00002189  -0.00018258 0.00007281 0.00000728 0.00016126 -0.00071461 0.00000987 0.00016292 -0.00046153 0.00000047  -0.00025488 0.00016070 -0.00001120 0.00024609 -0.00088089 0.00002527 0.00013352 -0.00043310 0.00001951  
-0.00018258 0.00007281 0.00000728 0.00016126 -0.00071461 0.00000987 0.00016292 -0.00046153 0.00000047  -0.00025488 0.00016070 -0.00001120 0.00024609 -0.00088089 0.00002527 0.00013352 -0.00043310 0.00001951  -0.00035079 0.00022124 -0.00001988 0.00026559 -0.00087246 0.00005095 -0.00000662 -0.00033469 0.00003450  
-0.00025488 0.00016070 -0.00001120 0.00024609 -0.00088089 0.00002527 0.00013352 -0.00043310 0.00001951  -0.00035079 0.00022124 -0.00001988 0.00026559 -0.00087246 0.00005095 -0.00000662 -0.00033469 0.00003450  -0.00038595 0.00022119 -0.00004390 0.00020679 -0.00101778 0.00005608 -0.00028210 -0.00028668 0.00001497  
-0.00035079 0.00022124 -0.00001988 0.00026559 -0.00087246 0.00005095 -0.00000662 -0.00033469 0.00003450  -0.00038595 0.00022119 -0.00004390 0.00020679 -0.00101778 0.00005608 -0.00028210 -0.00028668 0.00001497  -0.00047058 0.00015326 -0.00005657 0.00009942 -0.00141878 -0.00005761 -0.00049537 -0.00035377 -0.00006676  
-0.00038595 0.00022119 -0.00004390 0.00020679 -0.00101778 0.00005608 -0.00028210 -0.00028668 0.00001497  -0.00047058 0.00015326 -0.00005657 0.00009942 -0.00141878 -0.00005761 -0.00049537 -0.00035377 -0.00006676  -0.00052248 -0.00000244 -0.00006391 -0.00011930 -0.00216179 -0.00002198 -0.00086806 -0.00050916 -0.00010228  
-0.00047058 0.00015326 -0.00005657 0.00009942 -0.00141878 -0.00005761 -0.00049537 -0.00035377 -0.00006676  -0.00052248 -0.00000244 -0.00006391 -0.00011930 -0.00216179 -0.00002198 -0.00086806 -0.00050916 -0.00010228  -0.00053397 -0.00011857 -0.00007142 -0.00036786 -0.00350500 0.00018118 -0.00132669 -0.00073052 -0.00011679  
-0.00052248 -0.00000244 -0.00006391 -0.00011930 -0.00216179 -0.00002198 -0.00086806 -0.00050916 -0.00010228  -0.00053397 -0.00011857 -0.00007142 -0.00036786 -0.00350500 0.00018118 -0.00132669 -0.00073052 -0.00011679  -0.00058384 -0.00028896 -0.00007718 -0.00062922 -0.00522568 0.00044037 -0.00138120 -0.00054859 -0.00020249  
-0.00053397 -0.00011857 -0.00007142 -0.00036786 -0.00350500 0.00018118 -0.00132669 -0.00073052 -0.00011679  -0.00058384 -0.00028896 -0.00007718 -0.00062922 -0.00522568 0.00044037 -0.00138120 -0.00054859 -0.00020249  -0.00071401 -0.00045398 -0.00007821 -0.00071787 -0.00627308 0.00063940 -0.00090483 0.00054891 -0.00032694  
-0.00058384 -0.00028896 -0.00007718 -0.00062922 -0.00522568 0.00044037 -0.00138120 -0.00054859 -0.00020249  -0.00071401 -0.00045398 -0.00007821 -0.00071787 -0.00627308 0.00063940 -0.00090483 0.00054891 -0.00032694  -0.00080168 -0.00044454 -0.00005543 -0.00051090 -0.00616768 0.00070439 -0.00031622 0.00208561 -0.00048294  
-0.00071401 -0.00045398 -0.00007821 -0.00071787 -0.00627308 0.00063940 -0.00090483 0.00054891 -0.00032694  -0.00080168 -0.00044454 -0.00005543 -0.00051090 -0.00616768 0.00070439 -0.00031622 0.00208561 -0.00048294  -0.00059808 -0.00024995 -0.00000180 -0.00019284 -0.00382773 0.00053699 0.00004759 0.00246080 -0.00051646  
-0.00080168 -0.00044454 -0.00005543 -0.00051090 -0.00616768 0.00070439 -0.00031622 0.00208561 -0.00048294  -0.00059808 -0.00024995 -0.00000180 -0.00019284 -0.00382773 0.00053699 0.00004759 0.00246080 -0.00051646  -0.00042108 -0.00007438 0.00001944 -0.00012016 -0.00157855 0.00022397 0.00020440 0.00136107 -0.00027973  
-0.00059808 -0.00024995 -0.00000180 -0.00019284 -0.00382773 0.00053699 0.00004759 0.00246080 -0.00051646  -0.00042108 -0.00007438 0.00001944 -0.00012016 -0.00157855 0.00022397 0.00020440 0.00136107 -0.00027973  -0.00037417 -0.00000336 0.00001052 -0.00006619 -0.00088606 0.00011793 0.00017995 0.00092904 -0.00015625  
-0.00042108 -0.00007438 0.00001944 -0.00012016 -0.00157855 0.00022397 0.00020440 0.00136107 -0.00027973  -0.00037417 -0.00000336 0.00001052 -0.00006619 -0.00088606 0.00011793 0.00017995 0.00092904 -0.00015625  -0.00026156 0.00005873 0.00002211 -0.00003122 -0.00056402 0.00007766 0.00007840 0.00071902 -0.00012730  
-0.00037417 -0.00000336 0.00001052 -0.00006619 -0.00088606 0.00011793 0.00017995 0.00092904 -0.00015625  -0.00026156 0.00005873 0.00002211 -0.00003122 -0.00056402 0.00007766 0.00007840 0.00071902 -0.00012730  -0.00025141 0.00005742 0.00003052 -0.00004173 -0.00037611 0.00008812 0.00001531 0.00061994 -0.00014053  
-0.00026156 0.00005873 0.00002211 -0.00003122 -0.00056402 0.00007766 0.00007840 0.00071902 -0.00012730  -0.00025141 0.00005742 0.00003052 -0.00004173 -0.00037611 0.00008812 0.00001531 0.00061994 -0.00014053  -0.00018230 -0.00000188 0.00003318 -0.00007386 -0.00018763 0.00006373 -0.00003553 0.00038141 -0.00010074  
-0.00025141 0.00005742 0.00003052 -0.00004173 -0.00037611 0.00008812 0.00001531 0.00061994 -0.00014053  -0.00018230 -0.00000188 0.00003318 -0.00007386 -0.00018763 0.00006373 -0.00003553 0.00038141 -0.00010074  -0.00006452 0.00001325 0.00000095 -0.00002228 -0.00013328 0.00003241 -0.00006722 0.00020018 -0.00004176  
-0.00018230 -0.00000188 0.00003318 -0.00007386 -0.00018763 0.00006373 -0.00003553 0.00038141 -0.00010074  -0.00006452 0.00001325 0.00000095 -0.00002228 -0.00013328 0.00003241 -0.00006722 0.00020018 -0.00004176  -0.00004683 0.00001719 0.00000745 -0.00001943 -0.00014463 0.00003515 -0.00007175 0.00015859 -0.00003468  
-0.00006452 0.00001325 0.00000095 -0.00002228 -0.00013328 0.00003241 -0.00006722 0.00020018 -0.00004176  -0.00004683 0.00001719 0.00000745 -0.00001943 -0.00014463 0.00003515 -0.00007175 0.00015859 -0.00003468  -0.00003217 0.00002989 -0.00000137 0.00000987 -0.00008801 0.00002017 -0.00004380 0.00006758 -0.00001286  
-0.00004683 0.00001719 0.00000745 -0.00001943 -0.00014463 0.00003515 -0.00007175 0.00015859 -0.00003468  -0.00003217 0.00002989 -0.00000137 0.00000987 -0.00008801 0.00002017 -0.00004380 0.00006758 -0.00001286  -0.00003294 0.00003017 -0.00000281 0.00001285 -0.00006078 0.00001422 -0.00004172 0.00004584 -0.00000850  
-0.00003217 0.00002989 -0.00000137 0.00000987 -0.00008801 0.00002017 -0.00004380 0.00006758 -0.00001286  -0.00003294 0.00003017 -0.00000281 0.00001285 -0.00006078 0.00001422 -0.00004172 0.00004584 -0.00000850  -0.00002682 0.00002182 -0.00000297 0.00000866 -0.00003803 0.00000836 -0.00003449 0.00002629 -0.00000483  
-0.00003294 0.00003017 -0.00000281 0.00001285 -0.00006078 0.00001422 -0.00004172 0.00004584 -0.00000850  -0.00002682 0.00002182 -0.00000297 0.00000866 -0.00003803 0.00000836 -0.00003449 0.00002629 -0.00000483  -0.00004383 0.00001549 -0.00000158 0.00000975 -0.00002878 0.00000487 -0.00004349 0.00000323 -0.00000023  
-0.00002682 0.00002182 -0.00000297 0.00000866 -0.00003803 0.00000836 -0.00003449 0.00002629 -0.00000483  -0.00004383 0.00001549 -0.00000158 0.00000975 -0.00002878 0.00000487 -0.00004349 0.00000323 -0.00000023  -0.00008929 -0.00000112 0.00000553 -0.00000712 -0.00002607 0.00000727 -0.00003950 -0.00000279 0.00000234  
-0.00004383 0.00001549 -0.00000158 0.00000975 -0.00002878 0.00000487 -0.00004349 0.00000323 -0.00000023  -0.00008929 -0.00000112 0.00000553 -0.00000712 -0.00002607 0.00000727 -0.00003950 -0.00000279 0.00000234  -0.00014872 -0.00004342 0.00001139 -0.00004073 -0.00006509 0.00001626 -0.00004291 -0.00001514 -0.00000003  
-0.00008929 -0.00000112 0.00000553 -0.00000712 -0.00002607 0.00000727 -0.00003950 -0.00000279 0.00000234  -0.00014872 -0.00004342 0.00001139 -0.00004073 -0.00006509 0.00001626 -0.00004291 -0.00001514 -0.00000003  -0.00013807 -0.00007166 0.00001286 -0.00005935 -0.00010938 0.00001838 -0.00000730 -0.00001988 -0.00000289  
-0.00009938 -0.00000685 0.00000693 0.00000315 -0.00008244 -0.00002419 -0.00005101 -0.00008268 -0.00003178  -0.00009511 -0.00000025 0.00001883 0.00002805 -0.00009560 -0.00003214 -0.00003062 -0.00013775 -0.00004187  -0.00009752 -0.00000497 0.00001786 0.00002940 -0.00007072 -0.00002759 -0.00000950 -0.00014687 -0.00004612  
-0.00009511 -0.00000025 0.00001883 0.00002805 -0.00009560 -0.00003214 -0.00003062 -0.00013775 -0.00004187  -0.00009752 -0.00000497 0.00001786 0.00002940 -0.00007072 -0.00002759 -0.00000950 -0.00014687 -0.00004612  -0.00013420 0.00000099 0.00003092 0.00004281 -0.00007556 -0.00003010 0.00000860 -0.00018531 -0.00005583  
-0.00009752 -0.00000497 0.00001786 0.00002940 -0.00007072 -0.00002759 -0.00000950 -0.00014687 -0.00004612  -0.00013420 0.00000099 0.00003092 0.00004281 -0.00007556 -0.00003010 0.00000860 -0.00018531 -0.00005583  -0.00015655 0.00000535 0.00002002 0.00005043 -0.00015604 -0.00004906 0.00000953 -0.00024736 -0.00006872  
-0.00013420 0.00000099 0.00003092 0.00004281 -0.00007556 -0.00003010 0.00000860 -0.00018531 -0.00005583  -0.00015655 0.00000535 0.00002002 0.00005043 -0.00015604 -0.00004906 0.00000953 -0.00024736 -0.00006872  -0.00023643 -0.00005983 0.00004087 0.00001615 -0.00021491 -0.00004428 0.00006864 -0.00038456 -0.00010035  
-0.00015655 0.00000535 0.00002002 0.00005043 -0.00015604 -0.00004906 0.00000953 -0.00024736 -0.00006872  -0.00023643 -0.00005983 0.00004087 0.00001615 -0.00021491 -0.00004428 0.00006864 -0.00038456 -0.00010035  -0.00027803 -0.00005595 0.00003210 0.00002924 -0.00040308 -0.00006975 0.00012831 -0.00052072 -0.00011986  
-0.00023643 -0.00005983 0.00004087 0.00001615 -0.00021491 -0.00004428 0.00006864 -0.00038456 -0.00010035  -0.00027803 -0.00005595 0.00003210 0.00002924 -0.00040308 -0.00006975 0.00012831 -0.00052072 -0.00011986  -0.00025258 0.00001808 0.00003011 0.00011209 -0.00054591 -0.00007976 0.00018049 -0.00059453 -0.00010299  
-0.00027803 -0.00005595 0.00003210 0.00002924 -0.00040308 -0.00006975 0.00012831 -0.00052072 -0.00011986  -0.00025258 0.00001808 0.00003011 0.00011209 -0.00054591 -0.00007976 0.00018049 -0.00059453 -0.00010299  -0.00023568 0.00004059 0.00002407 0.00016230 -0.00078273 -0.00005016 0.00021606 -0.00066749 -0.00006158  
-0.00025258 0.00001808 0.00003011 0.00011209 -0.00054591 -0.00007976 0.00018049 -0.00059453 -0.00010299  -0.00023568 0.00004059 0.00002407 0.00016230 -0.00078273 -0.00005016 0.00021606 -0.00066749 -0.00006158  -0.00027609 0.00013921 0.00000848 0.00026338 -0.00100523 -0.00003684 0.00020496 -0.00071406 -0.00003432  
-0.00023568 0.00004059 0.00002407 0.00016230 -0.00078273 -0.00005016 0.00021606 -0.00066749 -0.00006158  -0.00027609 0.00013921 0.00000848 0.00026338 -0.00100523 -0.00003684 0.00020496 -0.00071406 -0.00003432  -0.00036946 0.00027053 -0.00001046 0.00038903 -0.00120047 -0.00001465 0.00015503 -0.00064158 -0.00000869  
-0.00027609 0.00013921 0.00000848 0.00026338 -0.00100523 -0.00003684 0.00020496 -0.00071406 -0.00003432  -0.00036946 0.00027053 -0.00001046 0.00038903 -0.00120047 -0.00001465 0.00015503 -0.00064158 -0.00000869  -0.00051754 0.00038671 -0.00002262 0.00045409 -0.00126451 0.00001433 -0.00005408 -0.00054013 0.00000600  
-0.00036946 0.00027053 -0.00001046 0.00038903 -0.00120047 -0.00001465 0.00015503 -0.00064158 -0.00000869  -0.00051754 0.00038671 -0.00002262 0.00045409 -0.00126451 0.00001433 -0.00005408 -0.00054013 0.00000600  -0.00061401 0.00037700 -0.00006397 0.00037363 -0.00153248 -0.00001417 -0.00047626 -0.00052762 -0.00004562  
-0.00051754 0.00038671 -0.00002262 0.00045409 -0.00126451 0.00001433 -0.00005408 -0.00054013 0.00000600  -0.00061401 0.00037700 -0.00006397 0.00037363 -0.00153248 -0.00001417 -0.00047626 -0.00052762 -0.00004562  -0.00070059 0.00023211 -0.00008064 0.00016457 -0.00226683 -0.00018660 -0.00092858 -0.00075129 -0.00019538  
-0.00061401 0.00037700 -0.00006397 0.00037363 -0.00153248 -0.00001417 -0.00047626 -0.00052762 -0.00004562  -0.00070059 0.00023211 -0.00008064 0.00016457 -0.00226683 -0.00018660 -0.00092858 -0.00075129 -0.00019538  -0.00081627 -0.00001739 -0.00010125 -0.00019230 -0.00390222 -0.00019126 -0.00164724 -0.00109693 -0.00028267  
-0.00070059 0.00023211 -0.00008064 0.00016457 -0.00226683 -0.00018660 -0.00092858 -0.00075129 -0.00019538  -0.00081627 -0.00001739 -0.00010125 -0.00019230 -0.00390222 -0.00019126 -0.00164724 -0.00109693 -0.00028267  -0.00081212 -0.00021688 -0.00010316 -0.00057866 -0.00574162 0.00017350 -0.00226750 -0.00132645 -0.00026269  
-0.00081627 -0.00001739 -0.00010125 -0.00019230 -0.00390222 -0.00019126 -0.00164724 -0.00109693 -0.00028267  -0.00081212 -0.00021688 -0.00010316 -0.00057866 -0.00574162 0.00017350 -0.00226750 -0.00132645 -0.00026269  -0.00079892 -0.00048892 -0.00009317 -0.00096674 -0.00758013 0.00058590 -0.00205365 -0.00084226 -0.00029551  
-0.00081212 -0.00021688 -0.00010316 -0.00057866 -0.00574162 0.00017350 -0.00226750 -0.00132645 -0.00026269  -0.00079892 -0.00048892 -0.00009317 -0.00096674 -0.00758013 0.00058590 -0.00205365 -0.00084226 -0.00029551  -0.00095482 -0.00072011 -0.00008341 -0.00108720 -0.00880571 0.00084715 -0.00120953 0.00086253 -0.00045039  
-0.00079892 -0.00048892 -0.00009317 -0.00096674 -0.00758013 0.00058590 -0.00205365 -0.00084226 -0.00029551  -0.00095482 -0.00072011 -0.00008341 -0.00108720 -0.00880571 0.00084715 -0.00120953 0.00086253 -0.00045039  -0.00117458 -0.00072036 -0.00005172 -0.00081542 -0.00856618 0.00097224 -0.00032044 0.00321336 -0.00070381  
-0.00095482 -0.00072011 -0.00008341 -0.00108720 -0.00880571 0.00084715 -0.00120953 0.00086253 -0.00045039  -0.00117458 -0.00072036 -0.00005172 -0.00081542 -0.00856618 0.00097224 -0.00032044 0.00321336 -0.00070381  -0.00094530 -0.00045669 0.00001508 -0.00038301 -0.00568778 0.00085487 0.00018234 0.00391990 -0.00084927  
-0.00117458 -0.00072036 -0.00005172 -0.00081542 -0.00856618 0.00097224 -0.00032044 0.00321336 -0.00070381  -0.00094530 -0.00045669 0.00001508 -0.00038301 -0.00568778 0.00085487 0.00018234 0.00391990 -0.00084927  -0.00064300 -0.00016587 0.00004034 -0.00022014 -0.00265965 0.00046026 0.00035964 0.00238855 -0.00058316  
-0.00094530 -0.00045669 0.00001508 -0.00038301 -0.00568778 0.00085487 0.00018234 0.00391990 -0.00084927  -0.00064300 -0.00016587 0.00004034 -0.00022014 -0.00265965 0.00046026 0.00035964 0.00238855 -0.00058316  -0.00050972 -0.00001458 0.00000369 -0.00010661 -0.00137980 0.00022574 0.00024929 0.00148816 -0.00030127  
-0.00064300 -0.00016587 0.00004034 -0.00022014 -0.00265965 0.00046026 0.00035964 0.00238855 -0.00058316  -0.00050972 -0.00001458 0.00000369 -0.00010661 -0.00137980 0.00022574 0.00024929 0.00148816 -0.00030127  -0.00035652 0.00008211 0.00002248 -0.00005109 -0.00085299 0.00014057 0.00011417 0.00109221 -0.00022530  
-0.00050972 -0.00001458 0.00000369 -0.00010661 -0.00137980 0.00022574 0.00024929 0.00148816 -0.00030127  -0.00035652 0.00008211 0.00002248 -0.00005109 -0.00085299 0.00014057 0.00011417 0.00109221 -0.00022530  -0.00033770 0.00008135 0.00004014 -0.00006494 -0.00058079 0.00014830 0.00002471 0.00092705 -0.00024202  
-0.00035652 0.00008211 0.00002248 -0.00005109 -0.00085299 0.00014057 0.00011417 0.00109221 -0.00022530  -0.00033770 0.00008135 0.00004014 -0.00006494 -0.00058079 0.00014830 0.00002471 0.00092705 -0.00024202  -0.00023892 0.00003021 0.00004602 -0.00009163 -0.00031241 0.00010531 -0.00005714 0.00056503 -0.00016080  
-0.00033770 0.00008135 0.00004014 -0.00006494 -0.00058079 0.00014830 0.00002471 0.00092705 -0.00024202  -0.00023892 0.00003021 0.00004602 -0.00009163 -0.00031241 0.00010531 -0.00005714 0.00056503 -0.00016080  -0.00010483 0.00004606 0.00000969 -0.00002875 -0.00026848 0.00007289 -0.00011590 0.00033795 -0.00008472  
-0.00023892 0.00003021 0.00004602 -0.00009163 -0.00031241 0.00010531 -0.00005714 0.00056503 -0.00016080  -0.00010483 0.00004606 0.00000969 -0.00002875 -0.00026848 0.00007289 -0.00011590 0.00033795 -0.00008472  -0.00010046 0.00004251 0.00001032 -0.00001913 -0.00022651 0.00006425 -0.00009550 0.00025477 -0.00006412  
-0.00010483 0.00004606 0.00000969 -0.00002875 -0.00026848 0.00007289 -0.00011590 0.00033795 -0.00008472  -0.00010046 0.00004251 0.00001032 -0.00001913 -0.00022651 0.00006425 -0.00009550 0.00025477 -0.00006412  -0.00006718 0.00004872 -0.00000321 0.00000146 -0.00017782 0.00004822 -0.00009764 0.00015310 -0.00003721  
-0.00010046 0.00004251 0.00001032 -0.00001913 -0.00022651 0.00006425 -0.00009550 0.00025477 -0.00006412  -0.00006718 0.00004872 -0.00000321 0.00000146 -0.00017782 0.00004822 -0.00009764 0.00015310 -0.00003721  -0.00006300 0.00003553 -0.00000112 0.00000868 -0.00010474 0.00002603 -0.00006192 0.00007637 -0.00002119  
-0.00006718 0.00004872 -0.00000321 0.00000146 -0.00017782 0.00004822 -0.00009764 0.00015310 -0.00003721  -0.00006300 0.00003553 -0.00000112 0.00000868 -0.00010474 0.00002603 -0.00006192 0.00007637 -0.00002119  -0.00005497 0.00001914 -0.00000232 0.00000166 -0.00007919 0.00002017 -0.00004996 0.00004012 -0.00001131  
-0.00006300 0.00003553 -0.00000112 0.00000868 -0.00010474 0.00002603 -0.00006192 0.00007637 -0.00002119  -0.00005497 0.00001914 -0.00000232 0.00000166 -0.00007919 0.00002017 -0.00004996 0.00004012 -0.00001131  -0.00009728 0.00001984 -0.00000047 0.00000459 -0.00005145 0.00001530 -0.00007043 0.00001998 -0.00000157  
-0.00005497 0.00001914 -0.00000232 0.00000166 -0.00007919 0.00002017 -0.00004996 0.00004012 -0.00001131  -0.00009728 0.00001984 -0.00000047 0.00000459 -0.00005145 0.00001530 -0.00007043 0.00001998 -0.00000157  -0.00016847 -0.00001893 0.00001893 -0.00003614 -0.00006090 0.00002076 -0.00006952 0.00000802 0.00000300  
-0.00009728 0.00001984 -0.00000047 0.00000459 -0.00005145 0.00001530 -0.00007043 0.00001998 -0.00000157  -0.00016847 -0.00001893 0.00001893 -0.00003614 -0.00006090 0.00002076 -0.00006952 0.00000802 0.00000300  -0.00022437 -0.00009354 0.00003234 -0.00010062 -0.00012428 0.00003763 -0.00007785 -0.00000648 0.00000402  
-0.00016847 -0.00001893 0.00001893 -0.00003614 -0.00006090 0.00002076 -0.00006952 0.00000802 0.00000300  -0.00022437 -0.00009354 0.00003234 -0.00010062 -0.00012428 0.00003763 -0.00007785 -0.00000648 0.00000402  -0.00022322 -0.00015141 0.00003993 -0.00013776 -0.00022296 0.00004965 -0.00005292 -0.00002312 0.00000548  
-0.00014325 -0.00006613 0.00000526 -0.00003095 -0.00017869 -0.00005810 -0.00005786 -0.00013925 -0.00005006  -0.00013430 -0.00005052 0.00001209 -0.00001004 -0.00016329 -0.00005763 -0.00004731 -0.00015294 -0.00004918  -0.00017100 -0.00003364 0.00003240 0.00001413 -0.00018355 -0.00007280 -0.00001415 -0.00019603 -0.00006796  
-0.00013430 -0.00005052 0.00001209 -0.00001004 -0.00016329 -0.00005763 -0.00004731 -0.00015294 -0.00004918  -0.00017100 -0.00003364 0.00003240 0.00001413 -0.00018355 -0.00007280 -0.00001415 -0.00019603 -0.00006796  -0.00019713 -0.00000616 0.00005140 0.00003820 -0.00019031 -0.00007713 0.00001161 -0.00019075 -0.00006968  
-0.00017100 -0.00003364 0.00003240 0.00001413 -0.00018355 -0.00007280 -0.00001415 -0.00019603 -0.00006796  -0.00019713 -0.00000616 0.00005140 0.00003820 -0.00019031 -0.00007713 0.00001161 -0.00019075 -0.00006968  -0.00016869 0.00003449 0.00003348 0.00007481 -0.00024148 -0.00008719 0.00001582 -0.00021979 -0.00006514  
-0.00019713 -0.00000616 0.00005140 0.00003820 -0.00019031 -0.00007713 0.00001161 -0.00019075 -0.00006968  -0.00016869 0.00003449 0.00003348 0.00007481 -0.00024148 -0.00008719 0.00001582 -0.00021979 -0.00006514  -0.00028267 -0.00003914 0.00005694 0.00005026 -0.00039712 -0.00011145 0.00005943 -0.00043992 -0.00013129  
-0.00016869 0.00003449 0.00003348 0.00007481 -0.00024148 -0.00008719 0.00001582 -0.00021979 -0.00006514  -0.00028267 -0.00003914 0.00005694 0.00005026 -0.00039712 -0.00011145 0.00005943 -0.00043992 -0.00013129  -0.00034243 -0.00002912 0.00004983 0.00007306 -0.00063473 -0.00014061 0.00014360 -0.00063086 -0.00017245  
-0.00028267 -0.00003914 0.00005694 0.00005026 -0.00039712 -0.00011145 0.00005943 -0.00043992 -0.00013129  -0.00034243 -0.00002912 0.00004983 0.00007306 -0.00063473 -0.00014061 0.00014360 -0.00063086 -0.00017245  -0.00033823 0.00006432 0.00004930 0.00018621 -0.00083609 -0.00016545 0.00021074 -0.00077244 -0.00017289  
-0.00034243 -0.00002912 0.00004983 0.00007306 -0.00063473 -0.00014061 0.00014360 -0.00063086 -0.00017245  -0.00033823 0.00006432 0.00004930 0.00018621 -0.00083609 -0.00016545 0.00021074 -0.00077244 -0.00017289  -0.00032540 0.00011897 0.00003945 0.00027338 -0.00110743 -0.00014244 0.00025529 -0.00088356 -0.00013592  
-0.00033823 0.00006432 0.00004930 0.00018621 -0.00083609 -0.00016545 0.00021074 -0.00077244 -0.00017289  -0.00032540 0.00011897 0.00003945 0.00027338 -0.00110743 -0.00014244 0.00025529 -0.00088356 -0.00013592  -0.00038351 0.00025595 0.00002156 0.00042046 -0.00140672 -0.00013501 0.00024447 -0.00099542 -0.00013394  
-0.00032540 0.00011897 0.00003945 0.00027338 -0.00110743 -0.00014244 0.00025529 -0.00088356 -0.00013592  -0.00038351 0.00025595 0.00002156 0.00042046 -0.00140672 -0.00013501 0.00024447 -0.00099542 -0.00013394  -0.00051940 0.00043827 0.00000964 0.00060135 -0.00167724 -0.00013315 0.00020163 -0.00094593 -0.00010203  
-0.00038351 0.00025595 0.00002156 0.00042046 -0.00140672 -0.00013501 0.00024447 -0.00099542 -0.00013394  -0.00051940 0.00043827 0.00000964 0.00060135 -0.00167724 -0.00013315 0.00020163 -0.00094593 -0.00010203  -0.00075166 0.00061159 0.00000236 0.00072009 -0.00190930 -0.00010805 -0.00006261 -0.00088666 -0.00010251  
-0.00051940 0.00043827 0.00000964 0.00060135 -0.00167724 -0.00013315 0.00020163 -0.00094593 -0.00010203  -0.00075166 0.00061159 0.00000236 0.00072009 -0.00190930 -0.00010805 -0.00006261 -0.00088666 -0.00010251  -0.00099148 0.00059449 -0.00006399 0.00062928 -0.00256673 -0.00029200 -0.00069641 -0.00111137 -0.00030913  
-0.00075166 0.00061159 0.00000236 0.00072009 -0.00190930 -0.00010805 -0.00006261 -0.00088666 -0.00010251  -0.00099148 0.00059449 -0.00006399 0.00062928 -0.00256673 -0.00029200 -0.00069641 -0.00111137 -0.00030913  -0.00124519 0.00031718 -0.00012227 0.00026026 -0.00414930 -0.00060086 -0.00158905 -0.00154237 -0.00053843  
-0.00099148 0.00059449 -0.00006399 0.00062928 -0.00256673 -0.00029200 -0.00069641 -0.00111137 -0.00030913  -0.00124519 0.00031718 -0.00012227 0.00026026 -0.00414930 -0.00060086 -0.00158905 -0.00154237 -0.00053843  -0.00142018 -0.00003189 -0.00015812 -0.00023781 -0.00649918 -0.00057463 -0.00260280 -0.00196874 -0.00057081  
-0.00124519 0.00031718 -0.00012227 0.00026026 -0.00414930 -0.00060086 -0.00158905 -0.00154237 -0.00053843  -0.00142018 -0.00003189 -0.00015812 -0.00023781 -0.00649918 -0.00057463 -0.00260280 -0.00196874 -0.00057081  -0.00138630 -0.00037581 -0.00013635 -0.00084485 -0.00849295 0.00008064 -0.00317886 -0.00202330 -0.00039748  
-0.00142018 -0.00003189 -0.00015812 -0.00023781 -0.00649918 -0.00057463 -0.00260280 -0.00196874 -0.00057081  -0.00138630 -0.00037581 -0.00013635 -0.00084485 -0.00849295 0.00008064 -0.00317886 -0.00202330 -0.00039748  -0.00130809 -0.00081924 -0.00010453 -0.00142983 -0.01044300 0.00065275 -0.00266518 -0.00117127 -0.00035921  
-0.00138630 -0.00037581 -0.00013635 -0.00084485 -0.00849295 0.00008064 -0.00317886 -0.00202330 -0.00039748  -0.00130809 -0.00081924 -0.00010453 -0.00142983 -0.01044300 0.00065275 -0.00266518 -0.00117127 -0.00035921  -0.00149574 -0.00114586 -0.00008224 -0.00164395 -0.01190166 0.00106812 -0.00146777 0.00114364 -0.00054532  
-0.00130809 -0.00081924 -0.00010453 -0.00142983 -0.01044300 0.00065275 -0.00266518 -0.00117127 -0.00035921  -0.00149574 -0.00114586 -0.00008224 -0.00164395 -0.01190166 0.00106812 -0.00146777 0.00114364 -0.00054532  -0.00180392 -0.00118644 -0.00003309 -0.00136502 -0.01207417 0.00137818 -0.00031456 0.00445288 -0.00094582  
-0.00149574 -0.00114586 -0.00008224 -0.00164395 -0.01190166 0.00106812 -0.00146777 0.00114364 -0.00054532  -0.00180392 -0.00118644 -0.00003309 -0.00136502 -0.01207417 0.00137818 -0.00031456 0.00445288 -0.00094582  -0.00153276 -0.00086867 0.00006813 -0.00079207 -0.00902493 0.00147741 0.00036518 0.00608260 -0.00137762  
-0.00180392 -0.00118644 -0.00003309 -0.00136502 -0.01207417 0.00137818 -0.00031456 0.00445288 -0.00094582  -0.00153276 -0.00086867 0.00006813 -0.00079207 -0.00902493 0.00147741 0.00036518 0.00608260 -0.00137762  -0.00106298 -0.00043686 0.00011149 -0.00047263 -0.00481305 0.00109044 0.00052540 0.00454637 -0.00140605  
-0.00153276 -0.00086867 0.00006813 -0.00079207 -0.00902493 0.00147741 0.00036518 0.00608260 -0.00137762  -0.00106298 -0.00043686 0.00011149 -0.00047263 -0.00481305 0.00109044 0.00052540 0.00454637 -0.00140605  -0.00067960 -0.00005124 0.00002097 -0.00018052 -0.00222603 0.00046967 0.00036239 0.00251885 -0.00068660  
-0.00106298 -0.00043686 0.00011149 -0.00047263 -0.00481305 0.00109044 0.00052540 0.00454637 -0.00140605  -0.00067960 -0.00005124 0.00002097 -0.00018052 -0.00222603 0.00046967 0.00036239 0.00251885 -0.00068660  -0.00042672 0.00012268 0.00002584 -0.00007874 -0.00121272 0.00024274 0.00018849 0.00160011 -0.00039329  
-0.00067960 -0.00005124 0.00002097 -0.00018052 -0.00222603 0.00046967 0.00036239 0.00251885 -0.00068660  -0.00042672 0.00012268 0.00002584 -0.00007874 -0.00121272 0.00024274 0.00018849 0.00160011 -0.00039329  -0.00034890 0.00014635 0.00003393 -0.00007095 -0.00071843 0.00020392 0.00003891 0.00123484 -0.00035593  
-0.00042672 0.00012268 0.00002584 -0.00007874 -0.00121272 0.00024274 0.00018849 0.00160011 -0.00039329  -0.00034890 0.00014635 0.00003393 -0.00007095 -0.00071843 0.00020392 0.00003891 0.00123484 -0.00035593  -0.00025626 0.00007665 0.00004037 -0.00009566 -0.00036784 0.00012940 -0.00008842 0.00070092 -0.00020795  
-0.00034890 0.00014635 0.00003393 -0.00007095 -0.00071843 0.00020392 0.00003891 0.00123484 -0.00035593  -0.00025626 0.00007665 0.00004037 -0.00009566 -0.00036784 0.00012940 -0.00008842 0.00070092 -0.00020795  -0.00011169 0.00012510 -0.00001565 0.00000388 -0.00035776 0.00011068 -0.00016460 0.00047850 -0.00013350  
-0.00025626 0.00007665 0.00004037 -0.00009566 -0.00036784 0.00012940 -0.00008842 0.00070092 -0.00020795  -0.00011169 0.00012510 -0.00001565 0.00000388 -0.00035776 0.00011068 -0.00016460 0.00047850 -0.00013350  -0.00018585 0.00008854 0.00000284 -0.00001757 -0.00042303 0.00012548 -0.00015900 0.00043250 -0.00012951  
-0.00011169 0.00012510 -0.00001565 0.00000388 -0.00035776 0.00011068 -0.00016460 0.00047850 -0.00013350  -0.00018585 0.00008854 0.00000284 -0.00001757 -0.00042303 0.00012548 -0.00015900 0.00043250 -0.00012951  -0.00016830 0.00005953 0.00000256 -0.00002366 -0.00030318 0.00009597 -0.00013746 0.00026070 -0.00008064  
-0.00018585 0.00008854 0.00000284 -0.00001757 -0.00042303 0.00012548 -0.00015900 0.00043250 -0.00012951  -0.00016830 0.00005953 0.00000256 -0.00002366 -0.00030318 0.00009597 -0.00013746 0.00026070 -0.00008064  -0.00012985 0.00005989 0.00000121 0.00001425 -0.00015313 0.00005061 -0.00008033 0.00013336 -0.00004171  
-0.00016830 0.00005953 0.00000256 -0.00002366 -0.00030318 0.00009597 -0.00013746 0.00026070 -0.00008064  -0.00012985 0.00005989 0.00000121 0.00001425 -0.00015313 0.00005061 -0.00008033 0.00013336 -0.00004171  -0.00013767 0.00003605 -0.00000509 -0.00000280 -0.00011790 0.00003675 -0.00009264 0.00008200 -0.00002638  
-0.00012985 0.00005989 0.00000121 0.00001425 -0.00015313 0.00005061 -0.00008033 0.00013336 -0.00004171  -0.00013767 0.00003605 -0.00000509 -0.00000280 -0.00011790 0.00003675 -0.00009264 0.00008200 -0.00002638  -0.00019386 0.00000710 0.00001532 -0.00002361 -0.00011325 0.00003581 -0.00009287 0.00004999 -0.00000731  
-0.00013767 0.00003605 -0.00000509 -0.00000280 -0.00011790 0.00003675 -0.00009264 0.00008200 -0.00002638  -0.00019386 0.00000710 0.00001532 -0.00002361 -0.00011325 0.00003581 -0.00009287 0.00004999 -0.00000731  -0.00027987 -0.00003527 0.00004802 -0.00007614 -0.00015813 0.00006172 -0.00010626 0.00005805 -0.00000961  
-0.00019386 0.00000710 0.00001532 -0.00002361 -0.00011325 0.00003581 -0.00009287 0.00004999 -0.00000731  -0.00027987 -0.00003527 0.00004802 -0.00007614 -0.00015813 0.00006172 -0.00010626 0.00005805 -0.00000961  -0.00031983 -0.00014387 0.00007378 -0.00017261 -0.00020466 0.00007360 -0.00012412 0.00002153 0.00000715  
-0.00027987 -0.00003527 0.00004802 -0.00007614 -0.00015813 0.00006172 -0.00010626 0.00005805 -0.00000961  -0.00031983 -0.00014387 0.00007378 -0.00017261 -0.00020466 0.00007360 -0.00012412 0.00002153 0.00000715  -0.00029071 -0.00022382 0.00008761 -0.00022923 -0.00034776 0.00010751 -0.00010876 0.00001336 0.00001339  
-0.00033236 -0.00019622 -0.00001294 -0.00010548 -0.00031570 -0.00011106 -0.00015217 -0.00026182 -0.00009501  -0.00027574 -0.00014830 0.00000094 -0.00005523 -0.00030042 -0.00011937 -0.00012691 -0.00023652 -0.00007585  -0.00028552 -0.00010510 0.00003377 -0.00002065 -0.00032786 -0.00014365 -0.00008517 -0.00024835 -0.00008208  
-0.00027574 -0.00014830 0.00000094 -0.00005523 -0.00030042 -0.00011937 -0.00012691 -0.00023652 -0.00007585  -0.00028552 -0.00010510 0.00003377 -0.00002065 -0.00032786 -0.00014365 -0.00008517 -0.00024835 -0.00008208  -0.00031378 -0.00003664 0.00007515 0.00002987 -0.00033781 -0.00015243 -0.00003619 -0.00021918 -0.00007801  
-0.00028552 -0.00010510 0.00003377 -0.00002065 -0.00032786 -0.00014365 -0.00008517 -0.00024835 -0.00008208  -0.00031378 -0.00003664 0.00007515 0.00002987 -0.00033781 -0.00015243 -0.00003619 -0.00021918 -0.00007801  -0.00029414 0.00001954 0.00005766 0.00007001 -0.00039762 -0.00016949 -0.00002755 -0.00022016 -0.00006405  
-0.00031378 -0.00003664 0.00007515 0.00002987 -0.00033781 -0.00015243 -0.00003619 -0.00021918 -0.00007801  -0.00029414 0.00001954 0.00005766 0.00007001 -0.00039762 -0.00016949 -0.00002755 -0.00022016 -0.00006405  -0.00034684 -0.00003990 0.00006963 0.00005819 -0.00052581 -0.00018896 0.00000365 -0.00041356 -0.00012709  
-0.00029414 0.00001954 0.00005766 0.00007001 -0.00039762 -0.00016949 -0.00002755 -0.00022016 -0.00006405  -0.00034684 -0.00003990 0.00006963 0.00005819 -0.00052581 -0.00018896 0.00000365 -0.00041356 -0.00012709  -0.00043524 -0.00002816 0.00007020 0.00008914 -0.00087986 -0.00025392 0.00010316 -0.00069945 -0.00021891  
-0.00034684 -0.00003990 0.00006963 0.00005819 -0.00052581 -0.00018896 0.00000365 -0.00041356 -0.00012709  -0.00043524 -0.00002816 0.00007020 0.00008914 -0.00087986 -0.00025392 0.00010316 -0.00069945 -0.00021891  -0.00043925 0.00007282 0.00007447 0.00021664 -0.00109138 -0.00028490 0.00019184 -0.00089276 -0.00024942  
-0.00043524 -0.00002816 0.00007020 0.00008914 -0.00087986 -0.00025392 0.00010316 -0.00069945 -0.00021891  -0.00043925 0.00007282 0.00007447 0.00021664 -0.00109138 -0.00028490 0.00019184 -0.00089276 -0.00024942  -0.00040367 0.00014953 0.00006281 0.00033836 -0.00134963 -0.00026938 0.00025147 -0.00106811 -0.00022881  
-0.00043925 0.00007282 0.00007447 0.00021664 -0.00109138 -0.00028490 0.00019184 -0.00089276 -0.00024942  -0.00040367 0.00014953 0.00006281 0.00033836 -0.00134963 -0.00026938 0.00025147 -0.00106811 -0.00022881  -0.00045908 0.00030968 0.00004746 0.00051481 -0.00168681 -0.00026784 0.00029925 -0.00125252 -0.00024670  
-0.00040367 0.00014953 0.00006281 0.00033836 -0.00134963 -0.00026938 0.00025147 -0.00106811 -0.00022881  -0.00045908 0.00030968 0.00004746 0.00051481 -0.00168681 -0.00026784 0.00029925 -0.00125252 -0.00024670  -0.00062807 0.00055039 0.00004912 0.00076125 -0.00211235 -0.00032064 0.00027620 -0.00133128 -0.00024458  
-0.00045908 0.00030968 0.00004746 0.00051481 -0.00168681 -0.00026784 0.00029925 -0.00125252 -0.00024670  -0.00062807 0.00055039 0.00004912 0.00076125 -0.00211235 -0.00032064 0.00027620 -0.00133128 -0.00024458  -0.00098326 0.00080863 0.00006389 0.00097920 -0.00264477 -0.00036201 -0.00001823 -0.00146273 -0.00033990  
-0.00062807 0.00055039 0.00004912 0.00076125 -0.00211235 -0.00032064 0.00027620 -0.00133128 -0.00024458  -0.00098326 0.00080863 0.00006389 0.00097920 -0.00264477 -0.00036201 -0.00001823 -0.00146273 -0.00033990  -0.00136811 0.00082002 0.00000471 0.00094686 -0.00365934 -0.00076334 -0.00087459 -0.00198493 -0.00073990  
-0.00098326 0.00080863 0.00006389 0.00097920 -0.00264477 -0.00036201 -0.00001823 -0.00146273 -0.00033990  -0.00136811 0.00082002 0.00000471 0.00094686 -0.00365934 -0.00076334 -0.00087459 -0.00198493 -0.00073990  -0.00191525 0.00042001 -0.00011754 0.00047885 -0.00628059 -0.00126430 -0.00237119 -0.00280120 -0.00106103  
-0.00136811 0.00082002 0.00000471 0.00094686 -0.00365934 -0.00076334 -0.00087459 -0.00198493 -0.00073990  -0.00191525 0.00042001 -0.00011754 0.00047885 -0.00628059 -0.00126430 -0.00237119 -0.00280120 -0.00106103  -0.00192118 -0.00006352 -0.00016167 -0.00020993 -0.00955797 -0.00115542 -0.00383259 -0.00341617 -0.00095796  
-0.00191525 0.00042001 -0.00011754 0.00047885 -0.00628059 -0.00126430 -0.00237119 -0.00280120 -0.00106103  -0.00192118 -0.00006352 -0.00016167 -0.00020993 -0.00955797 -0.00115542 -0.00383259 -0.00341617 -0.00095796  -0.00192890 -0.00059574 -0.00012058 -0.00107910 -0.01233614 -0.00034982 -0.00427468 -0.00316229 -0.00060135  
-0.00192118 -0.00006352 -0.00016167 -0.00020993 -0.00955797 -0.00115542 -0.00383259 -0.00341617 -0.00095796  -0.00192890 -0.00059574 -0.00012058 -0.00107910 -0.01233614 -0.00034982 -0.00427468 -0.00316229 -0.00060135  -0.00173609 -0.00115941 -0.00008179 -0.00187520 -0.01427210 0.00049926 -0.00329663 -0.00148849 -0.00045387  
-0.00192890 -0.00059574 -0.00012058 -0.00107910 -0.01233614 -0.00034982 -0.00427468 -0.00316229 -0.00060135  -0.00173609 -0.00115941 -0.00008179 -0.00187520 -0.01427210 0.00049926 -0.00329663 -0.00148849 -0.00045387  -0.00191449 -0.00152687 -0.00003106 -0.00214958 -0.01532620 0.00117318 -0.00160460 0.00184993 -0.00065884  
-0.00173609 -0.00115941 -0.00008179 -0.00187520 -0.01427210 0.00049926 -0.00329663 -0.00148849 -0.00045387  -0.00191449 -0.00152687 -0.00003106 -0.00214958 -0.01532620 0.00117318 -0.00160460 0.00184993 -0.00065884  -0.00237364 -0.00163251 0.00004443 -0.00192252 -0.01551534 0.00171321 -0.00018017 0.00618782 -0.00121593  
-0.00191449 -0.00152687 -0.00003106 -0.00214958 -0.01532620 0.00117318 -0.00160460 0.00184993 -0.00065884  -0.00237364 -0.00163251 0.00004443 -0.00192252 -0.01551534 0.00171321 -0.00018017 0.00618782 -0.00121593  -0.00214881 -0.00134396 0.00015893 -0.00134560 -0.01246855 0.00216941 0.00062846 0.00871402 -0.00201622  
-0.00237364 -0.00163251 0.00004443 -0.00192252 -0.01551534 0.00171321 -0.00018017 0.00618782 -0.00121593  -0.00214881 -0.00134396 0.00015893 -0.00134560 -0.01246855 0.00216941 0.00062846 0.00871402 -0.00201622  -0.00156827 -0.00076464 0.00023066 -0.00087919 -0.00726314 0.00194682 0.00068713 0.00738255 -0.00260992  
-0.00214881 -0.00134396 0.00015893 -0.00134560 -0.01246855 0.00216941 0.00062846 0.00871402 -0.00201622  -0.00156827 -0.00076464 0.00023066 -0.00087919 -0.00726314 0.00194682 0.00068713 0.00738255 -0.00260992  -0.00085379 -0.00018246 0.00008420 -0.00036916 -0.00328379 0.00089174 0.00044208 0.00425824 -0.00163354  
-0.00156827 -0.00076464 0.00023066 -0.00087919 -0.00726314 0.00194682 0.00068713 0.00738255 -0.00260992  -0.00085379 -0.00018246 0.00008420 -0.00036916 -0.00328379 0.00089174 0.00044208 0.00425824 -0.00163354  -0.00043030 0.00015664 0.00002853 -0.00014012 -0.00154338 0.00037462 0.00028340 0.00217705 -0.00062225  
-0.00085379 -0.00018246 0.00008420 -0.00036916 -0.00328379 0.00089174 0.00044208 0.00425824 -0.00163354  -0.00043030 0.00015664 0.00002853 -0.00014012 -0.00154338 0.00037462 0.00028340 0.00217705 -0.00062225  -0.00030604 0.00020644 0.00001343 -0.00009697 -0.00080732 0.00025978 0.00004207 0.00151557 -0.00047755  
-0.00043030 0.00015664 0.00002853 -0.00014012 -0.00154338 0.00037462 0.00028340 0.00217705 -0.00062225  -0.00030604 0.00020644 0.00001343 -0.00009697 -0.00080732 0.00025978 0.00004207 0.00151557 -0.00047755  -0.00027438 0.00013370 0.00002795 -0.00010039 -0.00050610 0.00018835 -0.00010087 0.00093798 -0.00030844  
-0.00030604 0.00020644 0.00001343 -0.00009697 -0.00080732 0.00025978 0.00004207 0.00151557 -0.00047755  -0.00027438 0.00013370 0.00002795 -0.00010039 -0.00050610 0.00018835 -0.00010087 0.00093798 -0.00030844  -0.00015480 0.00017510 -0.00002963 -0.00001366 -0.00058486 0.00020392 -0.00026161 0.00077116 -0.00026776  
-0.00027438 0.00013370 0.00002795 -0.00010039 -0.00050610 0.00018835 -0.00010087 0.00093798 -0.00030844  -0.00015480 0.00017510 -0.00002963 -0.00001366 -0.00058486 0.00020392 -0.00026161 0.00077116 -0.00026776  -0.00029059 0.00013157 0.00002033 -0.00004396 -0.00058396 0.00020935 -0.00022266 0.00066255 -0.00022861  
-0.00015480 0.00017510 -0.00002963 -0.00001366 -0.00058486 0.00020392 -0.00026161 0.00077116 -0.00026776  -0.00029059 0.00013157 0.00002033 -0.00004396 -0.00058396 0.00020935 -0.00022266 0.00066255 -0.00022861  -0.00024912 0.00008335 0.00002299 -0.00003149 -0.00038196 0.00014402 -0.00014312 0.00037953 -0.00013197  
-0.00029059 0.00013157 0.00002033 -0.00004396 -0.00058396 0.00020935 -0.00022266 0.00066255 -0.00022861  -0.00024912 0.00008335 0.00002299 -0.00003149 -0.00038196 0.00014402 -0.00014312 0.00037953 -0.00013197  -0.00021314 0.00008729 0.00000366 0.00000593 -0.00022803 0.00008454 -0.00011510 0.00021777 -0.00007459  
-0.00024912 0.00008335 0.00002299 -0.00003149 -0.00038196 0.00014402 -0.00014312 0.00037953 -0.00013197  -0.00021314 0.00008729 0.00000366 0.00000593 -0.00022803 0.00008454 -0.00011510 0.00021777 -0.00007459  -0.00024144 0.00003363 0.00000505 -0.00004157 -0.00021287 0.00008171 -0.00012962 0.00019086 -0.00006649  
-0.00021314 0.00008729 0.00000366 0.00000593 -0.00022803 0.00008454 -0.00011510 0.00021777 -0.00007459  -0.00024144 0.00003363 0.00000505 -0.00004157 -0.00021287 0.00008171 -0.00012962 0.00019086 -0.00006649  -0.00032552 0.00001562 0.00004405 -0.00005801 -0.00021250 0.00007947 -0.00013049 0.00013694 -0.00003217  
-0.00024144 0.00003363 0.00000505 -0.00004157 -0.00021287 0.00008171 -0.00012962 0.00019086 -0.00006649  -0.00032552 0.00001562 0.00004405 -0.00005801 -0.00021250 0.00007947 -0.00013049 0.00013694 -0.00003217  -0.00039808 -0.00003054 0.00009025 -0.00012705 -0.00021218 0.00009738 -0.00016599 0.00011828 -0.00001673  
-0.00032552 0.00001562 0.00004405 -0.00005801 -0.00021250 0.00007947 -0.00013049 0.00013694 -0.00003217  -0.00039808 -0.00003054 0.00009025 -0.00012705 -0.00021218 0.00009738 -0.00016599 0.00011828 -0.00001673  -0.00041798 -0.00017531 0.00013969 -0.00025734 -0.00028743 0.00013953 -0.00016071 0.00007307 0.00000073  
-0.00039808 -0.00003054 0.00009025 -0.00012705 -0.00021218 0.00009738 -0.00016599 0.00011828 -0.00001673  -0.00041798 -0.00017531 0.00013969 -0.00025734 -0.00028743 0.00013953 -0.00016071 0.00007307 0.00000073  -0.00034604 -0.00025974 0.00015371 -0.00030354 -0.00041921 0.00019102 -0.00013418 0.00005244 0.00000773  
