0.997187 0.994598 -0.000459 0.241664 
0.996954 0.995836 -0.000949 0.242088 
0.997193 0.997229 -0.002066 0.242739 
0.998099 0.997979 -0.003962 0.243777 
0.999686 0.997110 -0.006629 0.245308 
1.001639 0.993889 -0.009916 0.247184 
1.003561 0.988005 -0.013775 0.249000 
1.005330 0.979914 -0.017811 0.250372 
1.007066 0.972084 -0.020403 0.251332 
1.008433 0.967495 -0.020016 0.252567 
1.008540 0.967587 -0.016682 0.254863 
1.007076 0.972469 -0.011650 0.258229 
1.004779 0.980232 -0.006661 0.261760 
1.002647 0.987421 -0.003091 0.264564 
1.001111 0.991989 -0.001137 0.266417 
1.000014 0.994379 -0.000233 0.267559 
0.999149 0.995658 0.000076 0.268290 
0.998476 0.996471 -0.000003 0.268812 
0.997999 0.997092 -0.000419 0.269204 
0.997756 0.997401 -0.001136 0.269494 
0.997820 0.997057 -0.002033 0.269757 
0.998296 0.996021 -0.003001 0.270126 
0.999394 0.994538 -0.004142 0.270746 
1.001375 0.992653 -0.005597 0.271689 
1.004189 0.990084 -0.007340 0.272884 
1.007295 0.986464 -0.009356 0.274091 
1.009796 0.981418 -0.011906 0.274882 
1.010729 0.974691 -0.015191 0.274825 
1.010284 0.967848 -0.017866 0.274342 
1.009576 0.964241 -0.017764 0.274483 
1.008939 0.966019 -0.014374 0.275545 
1.007928 0.972828 -0.009031 0.276859 
1.005964 0.981858 -0.004004 0.277599 
1.003062 0.989043 -0.001198 0.277552 
1.000171 0.992757 -0.000515 0.277027 
0.998078 0.994161 -0.000753 0.276443 
0.996792 0.994524 -0.001217 0.276059 
0.996080 0.994561 -0.001607 0.275793 
0.995706 0.994696 -0.001848 0.275467 
0.995509 0.995076 -0.002064 0.275064 
0.995518 0.995370 -0.002466 0.274686 
0.995966 0.995255 -0.003191 0.274433 
0.997145 0.994581 -0.004240 0.274469 
0.999206 0.993194 -0.005493 0.274949 
1.002012 0.990940 -0.006805 0.275831 
1.005141 0.987605 -0.008096 0.276843 
1.008033 0.982942 -0.009365 0.277720 
1.010052 0.976943 -0.010553 0.278382 
1.010795 0.971158 -0.010932 0.279111 
1.010169 0.968947 -0.009389 0.280546 
1.008195 0.972140 -0.006260 0.282914 
1.005283 0.979457 -0.003082 0.285539 
1.002204 0.987645 -0.000950 0.287356 
0.999621 0.993488 -0.000093 0.287994 
0.997817 0.996276 -0.000052 0.287796 
0.996722 0.997165 -0.000348 0.287118 
0.996157 0.997360 -0.000843 0.286196 
0.995994 0.997434 -0.001541 0.285205 
0.996163 0.997414 -0.002359 0.284279 
0.996624 0.997206 -0.003126 0.283532 
0.997311 0.996667 -0.003647 0.283091 
0.998174 0.995671 -0.003748 0.283017 
0.999142 0.994241 -0.003345 0.283222 
1.000235 0.992585 -0.002612 0.283478 
1.001535 0.990848 -0.002006 0.283525 
1.002839 0.988768 -0.001937 0.283119 
1.003879 0.985857 -0.002573 0.282091 
1.004370 0.981997 -0.003792 0.280508 
1.004193 0.978448 -0.004832 0.278759 
1.003608 0.978126 -0.004499 0.277112 
1.002377 0.981460 -0.003222 0.275255 
1.000257 0.985536 -0.002388 0.272942 
0.997904 0.988698 -0.001912 0.270487 
0.995888 0.991255 -0.001349 0.268301 
0.994282 0.993565 -0.000909 0.266458 
0.993123 0.995413 -0.000814 0.264801 
0.992466 0.996735 -0.001059 0.263251 
0.992341 0.997574 -0.001553 0.261797 
0.992726 0.997789 -0.002145 0.260468 
0.993502 0.997361 -0.002643 0.259321 
0.994479 0.996502 -0.002916 0.258389 
0.995556 0.995544 -0.002984 0.257648 
0.996650 0.994653 -0.002901 0.257012 
0.997654 0.993725 -0.002690 0.256453 
0.998568 0.992567 -0.002406 0.255995 
0.999528 0.990960 -0.002154 0.255618 
1.000605 0.988636 -0.002115 0.255256 
1.001655 0.985550 -0.002442 0.254849 
1.002468 0.982703 -0.002849 0.254350 
1.002614 0.982400 -0.002927 0.253462 
1.001737 0.984859 -0.003068 0.251725 
1.000038 0.987994 -0.003524 0.249371 
0.998267 0.991067 -0.003446 0.247117 
0.996892 0.993990 -0.002737 0.245370 
0.996002 0.996112 -0.002240 0.244047 
0.995742 0.997114 -0.002214 0.242886 
0.996059 0.997177 -0.002369 0.241801 
0.996705 0.996699 -0.002421 0.240747 
0.997413 0.995977 -0.002293 0.239666 
0.998134 0.995075 -0.002039 0.238533 
0.998974 0.994093 -0.001729 0.237338 
0.999845 0.993152 -0.001309 0.236074 
1.000438 0.992406 -0.000785 0.234677 
1.000591 0.991906 -0.000395 0.233036 
1.000551 0.991445 -0.000418 0.231071 
1.000500 0.990596 -0.001032 0.228806 
1.000665 0.989033 -0.002131 0.226277 
1.001136 0.986763 -0.003537 0.223536 
1.001425 0.984728 -0.005075 0.220677 
1.000867 0.984601 -0.006627 0.217870 
0.999256 0.984999 -0.008641 0.215491 
0.997484 0.984266 -0.010547 0.213931 
0.996526 0.985348 -0.010401 0.212869 
0.996094 0.989237 -0.008311 0.211680 
0.995565 0.993392 -0.006047 0.210223 
0.995005 0.996249 -0.004455 0.208637 
0.994718 0.997371 -0.003587 0.207211 
0.994921 0.997156 -0.003198 0.206116 
0.995663 0.996351 -0.003080 0.205353 
0.996761 0.995488 -0.003082 0.204784 
0.997843 0.994747 -0.003024 0.204214 
0.998618 0.994079 -0.002763 0.203546 
0.999042 0.993399 -0.002329 0.202773 
0.999245 0.992697 -0.001782 0.201922 
0.999390 0.992103 -0.001159 0.201030 
0.999658 0.991701 -0.000609 0.200084 
0.999969 0.991263 -0.000554 0.199049 
0.999919 0.990476 -0.001535 0.197937 
0.999222 0.989836 -0.003801 0.196789 
0.997912 0.989871 -0.007335 0.195761 
0.996755 0.989548 -0.011516 0.195323 
0.996846 0.988668 -0.014585 0.195745 
0.998235 0.989536 -0.014798 0.196551 
0.999830 0.992194 -0.012554 0.197263 
1.000839 0.994269 -0.009626 0.197913 
1.001360 0.994954 -0.007041 0.198607 
1.001666 0.994551 -0.004951 0.199314 
1.001749 0.993610 -0.003173 0.199911 
1.001585 0.992650 -0.001645 0.200257 
1.001284 0.991991 -0.000376 0.200233 
1.000929 0.991759 0.000651 0.199772 
1.000512 0.991924 0.001404 0.198860 
0.999860 0.992351 0.001780 0.197531 
0.998976 0.992919 0.001771 0.195864 
0.998225 0.993728 0.001633 0.193939 
0.997787 0.994940 0.001466 0.191836 
0.997378 0.996216 0.000751 0.189722 
0.996652 0.996281 -0.001527 0.187984 
0.995716 0.993330 -0.006054 0.187189 
0.995323 0.987306 -0.011979 0.187798 
0.996151 0.980474 -0.017256 0.189701 
0.998032 0.975743 -0.020059 0.191979 
1.000011 0.975796 -0.019579 0.193442 
1.001097 0.980387 -0.016636 0.193732 
1.001132 0.986015 -0.013003 0.193602 
1.000668 0.990099 -0.009852 0.193819 
1.000248 0.992382 -0.007505 0.194471 
1.000067 0.993370 -0.005802 0.195282 
1.000090 0.993505 -0.004397 0.196032 
1.000198 0.993165 -0.002992 0.196641 
1.000196 0.992710 -0.001440 0.197098 
0.999963 0.992388 0.000187 0.197476 
0.999569 0.992346 0.001782 0.197822 
0.999107 0.992732 0.003283 0.198134 
0.998474 0.993635 0.004440 0.198422 
0.997566 0.994973 0.004788 0.198755 
0.996475 0.996360 0.003680 0.199303 
0.995545 0.996855 0.000295 0.200278 
0.995424 0.994812 -0.005789 0.201979 
0.996911 0.989846 -0.013391 0.204609 
1.000216 0.984282 -0.019893 0.207535 
1.004310 0.980955 -0.023089 0.209466 
1.007605 0.981256 -0.022306 0.209950 
1.009246 0.984312 -0.018530 0.210002 
1.009286 0.987400 -0.013663 0.210764 
1.008268 0.989042 -0.009073 0.212387 
1.006776 0.989746 -0.005297 0.214396 
1.005101 0.990112 -0.002551 0.216279 
1.003322 0.990542 -0.000796 0.217810 
1.001620 0.991225 0.000125 0.218914 
1.000251 0.992037 0.000403 0.219497 
0.999202 0.992765 0.000274 0.219570 
