0.983954 0.986357 -0.000117 1.180805 
0.984012 0.987981 -0.002743 1.181775 
0.985465 0.988869 -0.007008 1.183683 
0.988760 0.987632 -0.013353 1.186685 
0.993893 0.982588 -0.022214 1.190680 
1.000025 0.971854 -0.033759 1.194807 
1.005884 0.954346 -0.047316 1.197515 
1.010981 0.932261 -0.059805 1.197482 
1.015728 0.912745 -0.066047 1.195909 
1.019130 0.902280 -0.063237 1.196870 
1.018919 0.903711 -0.052445 1.202812 
1.014591 0.917679 -0.036851 1.212466 
1.007803 0.939385 -0.021292 1.222576 
1.001106 0.959304 -0.010066 1.230377 
0.996089 0.972237 -0.003687 1.235260 
0.992515 0.979857 -0.000466 1.238087 
0.989844 0.984648 0.000737 1.239857 
0.987923 0.987850 0.000440 1.241221 
0.986753 0.990088 -0.001188 1.242594 
0.986555 0.991241 -0.003981 1.244231 
0.987616 0.990518 -0.007544 1.246293 
0.990152 0.987579 -0.011449 1.248869 
0.994289 0.982730 -0.015607 1.251973 
0.999992 0.976076 -0.020111 1.255480 
1.006657 0.967142 -0.025105 1.259002 
1.013234 0.955288 -0.030882 1.261865 
1.017925 0.939690 -0.038106 1.263245 
1.018982 0.921006 -0.046274 1.262694 
1.017634 0.905016 -0.051266 1.261340 
1.015998 0.898840 -0.049237 1.261625 
1.013903 0.905084 -0.040621 1.264151 
1.010421 0.922119 -0.028319 1.267131 
1.004907 0.944316 -0.016426 1.268892 
0.997854 0.963184 -0.008694 1.268880 
0.991380 0.974480 -0.005269 1.267294 
0.986726 0.980132 -0.004140 1.264952 
0.983653 0.982859 -0.004093 1.262669 
0.981812 0.984378 -0.004480 1.260621 
0.980858 0.985596 -0.005160 1.258789 
0.980624 0.986570 -0.006321 1.257373 
0.981273 0.986801 -0.008204 1.256648 
0.983309 0.985839 -0.010876 1.256769 
0.987198 0.983314 -0.014196 1.257704 
0.993043 0.978852 -0.017909 1.259197 
1.000307 0.971860 -0.021873 1.260740 
1.007991 0.961559 -0.026191 1.261642 
1.014824 0.947276 -0.031062 1.261407 
1.019272 0.929860 -0.036023 1.260151 
1.020709 0.914604 -0.038390 1.259230 
1.019264 0.909086 -0.035388 1.260760 
1.014859 0.916699 -0.027863 1.264921 
1.007910 0.935147 -0.018864 1.269705 
1.000179 0.957867 -0.011009 1.273189 
0.993586 0.975632 -0.006232 1.274759 
0.989021 0.984835 -0.004394 1.274797 
0.986400 0.988800 -0.004112 1.273960 
0.985208 0.990512 -0.004937 1.272880 
0.985200 0.991081 -0.006559 1.271920 
0.986272 0.990608 -0.008479 1.271263 
0.988216 0.989000 -0.010175 1.270951 
0.990750 0.986160 -0.011201 1.270923 
0.993642 0.982234 -0.011306 1.271074 
0.996715 0.977577 -0.010527 1.271123 
0.999980 0.972536 -0.009501 1.270596 
1.003357 0.966953 -0.009247 1.269022 
1.006498 0.959882 -0.010555 1.265977 
1.009019 0.950323 -0.013660 1.261176 
1.010341 0.938818 -0.017796 1.254963 
1.010204 0.929615 -0.020686 1.248358 
1.008148 0.929082 -0.020437 1.242460 
1.003124 0.937890 -0.018546 1.237581 
0.996025 0.950296 -0.016940 1.233290 
0.989770 0.962186 -0.014425 1.229319 
0.985092 0.971644 -0.011111 1.225868 
0.981309 0.978019 -0.008614 1.222934 
0.978533 0.982559 -0.007179 1.220146 
0.976822 0.985971 -0.006863 1.217438 
0.976438 0.988399 -0.007656 1.214997 
0.977631 0.989443 -0.009230 1.213034 
0.980299 0.988707 -0.010947 1.211752 
0.983987 0.986479 -0.012181 1.211057 
0.988108 0.983343 -0.012658 1.210575 
0.991941 0.979751 -0.012407 1.209934 
0.994951 0.975612 -0.011731 1.208925 
0.997412 0.970624 -0.011215 1.207565 
0.999784 0.964341 -0.011449 1.205758 
1.002374 0.956358 -0.012685 1.203410 
1.004988 0.946923 -0.014734 1.200554 
1.006545 0.938739 -0.016745 1.197342 
1.005458 0.937308 -0.017960 1.194026 
1.001181 0.943627 -0.019244 1.190492 
0.995677 0.953663 -0.020473 1.186601 
0.991751 0.965002 -0.019052 1.182737 
0.989642 0.974648 -0.015276 1.179422 
0.988299 0.981107 -0.012085 1.176731 
0.987899 0.985173 -0.010557 1.174462 
0.988764 0.986560 -0.010236 1.172530 
0.990636 0.985728 -0.010125 1.170926 
0.992975 0.983479 -0.009536 1.169537 
0.995389 0.980471 -0.008359 1.168212 
0.997710 0.977428 -0.006701 1.166748 
0.999570 0.974818 -0.004757 1.164924 
1.000323 0.972844 -0.002901 1.162519 
0.999943 0.971188 -0.001886 1.159257 
0.999312 0.969043 -0.002338 1.155033 
0.999259 0.965269 -0.004495 1.149852 
1.000328 0.959203 -0.007961 1.143757 
1.002232 0.951571 -0.012128 1.136956 
1.002976 0.944682 -0.017169 1.129819 
1.000387 0.942542 -0.023502 1.123372 
0.995029 0.943966 -0.030842 1.118540 
0.990069 0.945878 -0.036171 1.115316 
0.987482 0.951326 -0.035029 1.112515 
0.986225 0.961172 -0.028482 1.109078 
0.984728 0.971506 -0.021494 1.105308 
0.983216 0.979395 -0.016725 1.101863 
0.982776 0.983693 -0.014344 1.099297 
0.984110 0.984718 -0.013483 1.097850 
0.987046 0.983784 -0.013181 1.097288 
0.990875 0.981869 -0.012727 1.097096 
0.994554 0.979581 -0.011686 1.096754 
0.997225 0.977113 -0.009981 1.095964 
0.998693 0.974653 -0.007972 1.094710 
0.999400 0.972238 -0.005994 1.093101 
0.999993 0.969956 -0.004210 1.091349 
1.000983 0.967749 -0.002930 1.089471 
1.002182 0.965117 -0.003011 1.087352 
1.002205 0.961323 -0.006040 1.084974 
1.000040 0.955737 -0.013324 1.082578 
0.996341 0.951230 -0.024176 1.080905 
0.993569 0.949089 -0.035283 1.080436 
0.993773 0.948342 -0.041908 1.080707 
0.996265 0.952884 -0.041287 1.080791 
0.998812 0.962939 -0.035270 1.080161 
1.000174 0.972557 -0.027834 1.079099 
1.000636 0.978032 -0.021213 1.078212 
1.000916 0.979414 -0.015745 1.077714 
1.001216 0.978311 -0.010967 1.077429 
1.001412 0.976350 -0.006502 1.077019 
1.001304 0.974698 -0.002381 1.076135 
1.000593 0.973991 0.001215 1.074603 
0.999231 0.974313 0.004001 1.072310 
0.997219 0.975340 0.005663 1.069183 
0.994732 0.976582 0.006048 1.065161 
0.992437 0.978021 0.005503 1.060374 
0.990804 0.979916 0.004175 1.055151 
0.989471 0.981126 0.000760 1.049871 
0.987878 0.977943 -0.007070 1.045309 
0.986335 0.966581 -0.020221 1.042583 
0.986188 0.950047 -0.035730 1.042452 
0.988427 0.934760 -0.048617 1.044948 
0.992721 0.926006 -0.055112 1.049018 
0.997522 0.928869 -0.053816 1.052670 
1.000740 0.941433 -0.046573 1.054113 
1.001496 0.955319 -0.037248 1.053797 
1.000907 0.965268 -0.028794 1.053671 
1.000386 0.971037 -0.022132 1.054333 
1.000278 0.973653 -0.016823 1.055400 
1.000423 0.974261 -0.012191 1.056484 
1.000510 0.973896 -0.007762 1.057331 
1.000114 0.973359 -0.003349 1.057947 
0.998972 0.973202 0.000843 1.058451 
0.997233 0.973709 0.004522 1.058933 
0.995306 0.974970 0.007459 1.059278 
0.993268 0.976911 0.009187 1.059342 
0.991066 0.979172 0.008745 1.059159 
0.988873 0.980615 0.004557 1.059156 
0.987287 0.978517 -0.005565 1.060416 
0.987771 0.968107 -0.022688 1.064461 
0.992452 0.950433 -0.042369 1.071662 
1.001676 0.933887 -0.057461 1.080078 
1.012520 0.925483 -0.064022 1.086680 
1.020888 0.928021 -0.061423 1.090265 
1.024561 0.939221 -0.051886 1.091791 
1.023666 0.952273 -0.039070 1.093125 
1.019635 0.961617 -0.026305 1.095620 
1.014457 0.966701 -0.015713 1.098934 
1.009288 0.969372 -0.007779 1.102242 
1.004303 0.971416 -0.002205 1.105057 
0.999740 0.973715 0.001292 1.107030 
0.995835 0.976306 0.003086 1.107907 
0.992532 0.978835 0.003629 1.107574 
