0.998555 0.995769 -0.000639 0.126076 
0.998287 0.996825 -0.000985 0.126465 
0.998384 0.998116 -0.001782 0.126993 
0.998987 0.998988 -0.003118 0.127788 
1.000095 0.998650 -0.004912 0.128937 
1.001459 0.996607 -0.006992 0.130331 
1.002792 0.992681 -0.009365 0.131706 
1.004014 0.987095 -0.011973 0.132717 
1.005220 0.981317 -0.013912 0.133289 
1.006200 0.977616 -0.013885 0.133925 
1.006337 0.977527 -0.011531 0.135297 
1.005407 0.981093 -0.007783 0.137492 
1.003893 0.986541 -0.004193 0.139910 
1.002472 0.991350 -0.001821 0.141974 
1.001460 0.994369 -0.000650 0.143491 
1.000741 0.995993 -0.000194 0.144524 
1.000157 0.996869 -0.000127 0.145240 
0.999693 0.997380 -0.000295 0.145766 
0.999374 0.997702 -0.000644 0.146151 
0.999222 0.997761 -0.001137 0.146417 
0.999266 0.997336 -0.001687 0.146612 
0.999555 0.996453 -0.002244 0.146852 
1.000262 0.995375 -0.002939 0.147269 
1.001640 0.994163 -0.003924 0.147948 
1.003709 0.992570 -0.005162 0.148856 
1.006051 0.990293 -0.006577 0.149822 
1.007979 0.987003 -0.008345 0.150553 
1.008794 0.982358 -0.010686 0.150701 
1.008530 0.977199 -0.012829 0.150441 
1.007982 0.974050 -0.013091 0.150450 
1.007559 0.975115 -0.010616 0.151004 
1.006924 0.980426 -0.006290 0.151704 
1.005459 0.987476 -0.002246 0.152032 
1.003133 0.992800 -0.000206 0.151869 
1.000799 0.995300 0.000048 0.151423 
0.999135 0.996094 -0.000390 0.151009 
0.998147 0.996141 -0.000945 0.150816 
0.997631 0.995951 -0.001378 0.150744 
0.997385 0.995866 -0.001617 0.150601 
0.997270 0.996027 -0.001765 0.150321 
0.997297 0.996204 -0.002015 0.149942 
0.997649 0.996107 -0.002491 0.149542 
0.998546 0.995611 -0.003196 0.149284 
1.000104 0.994653 -0.004035 0.149350 
1.002216 0.993190 -0.004868 0.149765 
1.004519 0.991141 -0.005590 0.150388 
1.006549 0.988340 -0.006218 0.151032 
1.007870 0.984674 -0.006813 0.151571 
1.008229 0.980938 -0.007037 0.152105 
1.007582 0.979319 -0.006133 0.153029 
1.006035 0.981466 -0.004024 0.154485 
1.003883 0.986686 -0.001681 0.155997 
1.001592 0.992372 -0.000181 0.156989 
0.999674 0.996171 0.000191 0.157352 
0.998407 0.997773 -0.000081 0.157246 
0.997732 0.998061 -0.000513 0.156820 
0.997478 0.997886 -0.000969 0.156202 
0.997511 0.997689 -0.001476 0.155514 
0.997742 0.997525 -0.002003 0.154862 
0.998125 0.997332 -0.002449 0.154335 
0.998612 0.996998 -0.002695 0.154038 
0.999159 0.996395 -0.002619 0.154037 
0.999728 0.995500 -0.002160 0.154269 
1.000359 0.994477 -0.001440 0.154569 
1.001149 0.993496 -0.000784 0.154750 
1.001989 0.992452 -0.000473 0.154642 
1.002700 0.990993 -0.000634 0.154123 
1.003036 0.988786 -0.001327 0.153172 
1.002789 0.986206 -0.002297 0.152035 
1.002137 0.985242 -0.002669 0.150976 
1.001116 0.987002 -0.002188 0.149775 
0.999631 0.989903 -0.001576 0.148176 
0.998045 0.992450 -0.001066 0.146402 
0.996668 0.994364 -0.000672 0.144779 
0.995566 0.995817 -0.000546 0.143394 
0.994839 0.996913 -0.000648 0.142166 
0.994517 0.997689 -0.000920 0.141042 
0.994583 0.998174 -0.001303 0.139983 
0.994989 0.998235 -0.001685 0.138983 
0.995631 0.997853 -0.001944 0.138096 
0.996353 0.997197 -0.002014 0.137354 
0.997089 0.996533 -0.001936 0.136744 
0.997806 0.995993 -0.001770 0.136211 
0.998455 0.995511 -0.001524 0.135739 
0.999028 0.994979 -0.001206 0.135345 
0.999586 0.994288 -0.000864 0.135039 
1.000198 0.993285 -0.000626 0.134790 
1.000792 0.991728 -0.000729 0.134534 
1.001240 0.989804 -0.001186 0.134229 
1.001280 0.988957 -0.001712 0.133790 
1.000669 0.989925 -0.002236 0.132885 
0.999602 0.991903 -0.002544 0.131500 
0.998535 0.994330 -0.002225 0.130081 
0.997661 0.996402 -0.001734 0.128946 
0.997102 0.997457 -0.001613 0.128123 
0.997015 0.997733 -0.001722 0.127426 
0.997292 0.997542 -0.001783 0.126750 
0.997710 0.997147 -0.001654 0.126066 
0.998088 0.996698 -0.001380 0.125326 
0.998460 0.996179 -0.001077 0.124518 
0.998992 0.995595 -0.000823 0.123656 
0.999626 0.994993 -0.000529 0.122755 
1.000077 0.994517 -0.000142 0.121790 
1.000160 0.994259 0.000189 0.120688 
1.000006 0.994128 0.000252 0.119381 
0.999798 0.993889 -0.000081 0.117884 
0.999770 0.993361 -0.000716 0.116222 
1.000051 0.992400 -0.001561 0.114405 
1.000328 0.990988 -0.002697 0.112497 
1.000136 0.990056 -0.004043 0.110665 
0.999270 0.989702 -0.005546 0.109220 
0.998214 0.989552 -0.006659 0.108426 
0.997585 0.990870 -0.006365 0.107985 
0.997252 0.993543 -0.005003 0.107421 
0.996895 0.996001 -0.003668 0.106599 
0.996578 0.997530 -0.002749 0.105543 
0.996453 0.997994 -0.002212 0.104431 
0.996626 0.997669 -0.001924 0.103444 
0.997133 0.997058 -0.001802 0.102667 
0.997874 0.996506 -0.001791 0.102065 
0.998584 0.996096 -0.001772 0.101523 
0.999025 0.995762 -0.001620 0.100965 
0.999163 0.995424 -0.001350 0.100374 
0.999136 0.995059 -0.001006 0.099750 
0.999086 0.994778 -0.000586 0.099082 
0.999123 0.994696 -0.000194 0.098361 
0.999199 0.994716 -0.000151 0.097575 
0.999116 0.994495 -0.000902 0.096740 
0.998783 0.993851 -0.002738 0.095924 
0.998252 0.993162 -0.005579 0.095217 
0.997868 0.992442 -0.008744 0.094952 
0.998215 0.992080 -0.010822 0.095370 
0.999355 0.993126 -0.010722 0.096091 
1.000576 0.994796 -0.008945 0.096803 
1.001354 0.995628 -0.006720 0.097567 
1.001771 0.995554 -0.004719 0.098358 
1.001986 0.995013 -0.003028 0.099099 
1.001935 0.994361 -0.001556 0.099721 
1.001590 0.993871 -0.000320 0.100133 
1.001112 0.993673 0.000637 0.100247 
1.000644 0.993785 0.001325 0.100012 
1.000170 0.994143 0.001747 0.099412 
0.999536 0.994631 0.001843 0.098497 
0.998739 0.995184 0.001641 0.097347 
0.998087 0.995913 0.001374 0.096015 
0.997738 0.996956 0.001149 0.094543 
0.997497 0.998110 0.000619 0.093053 
0.997135 0.998464 -0.000939 0.091829 
0.996702 0.996443 -0.004132 0.091259 
0.996679 0.991710 -0.008468 0.091721 
0.997504 0.986199 -0.012391 0.093264 
0.998998 0.982612 -0.014423 0.095253 
1.000474 0.982807 -0.013981 0.096697 
1.001288 0.986118 -0.011775 0.097231 
1.001366 0.989921 -0.009126 0.097357 
1.001072 0.992565 -0.006837 0.097591 
1.000764 0.994101 -0.005120 0.097986 
1.000596 0.994917 -0.003870 0.098410 
1.000546 0.995221 -0.002831 0.098783 
1.000500 0.995222 -0.001770 0.099086 
1.000303 0.995165 -0.000575 0.099349 
0.999894 0.995222 0.000661 0.099601 
0.999368 0.995464 0.001803 0.099863 
0.998832 0.995961 0.002777 0.100130 
0.998244 0.996753 0.003402 0.100394 
0.997542 0.997732 0.003373 0.100709 
0.996828 0.998648 0.002326 0.101188 
0.996394 0.999009 -0.000208 0.101928 
0.996698 0.997631 -0.004579 0.103013 
0.998238 0.993805 -0.010120 0.104541 
1.001052 0.989255 -0.014890 0.106184 
1.004262 0.986667 -0.017027 0.107112 
1.006668 0.987013 -0.016058 0.107034 
1.007748 0.989068 -0.012972 0.106765 
1.007650 0.990793 -0.009257 0.107183 
1.006792 0.991536 -0.005825 0.108316 
1.005549 0.991881 -0.003009 0.109774 
1.004111 0.992244 -0.000994 0.111210 
1.002560 0.992813 0.000205 0.112441 
1.001078 0.993615 0.000694 0.113378 
0.999907 0.994474 0.000633 0.113920 
0.999067 0.995177 0.000237 0.114068 
