-0.00000089 -0.00000066 -0.00000006 -0.00000080 -0.00000143 0.00000005 -0.00000043 -0.00000059 0.00000000  -0.00000242 -0.00000047 0.00000036 -0.00000011 -0.00000770 -0.00000045 -0.00000161 -0.00000463 -0.00000044  -0.00000274 0.00000216 0.00000071 0.00000312 -0.00000735 -0.00000131 -0.00000019 -0.00000724 -0.00000088  
-0.00000242 -0.00000047 0.00000036 -0.00000011 -0.00000770 -0.00000045 -0.00000161 -0.00000463 -0.00000044  -0.00000274 0.00000216 0.00000071 0.00000312 -0.00000735 -0.00000131 -0.00000019 -0.00000724 -0.00000088  -0.00000712 0.00000246 0.00000174 0.00000447 -0.00000675 -0.00000150 0.00000172 -0.00001169 -0.00000164  
-0.00000274 0.00000216 0.00000071 0.00000312 -0.00000735 -0.00000131 -0.00000019 -0.00000724 -0.00000088  -0.00000712 0.00000246 0.00000174 0.00000447 -0.00000675 -0.00000150 0.00000172 -0.00001169 -0.00000164  -0.00000589 0.00000248 0.00000124 0.00000450 -0.00001082 -0.00000189 0.00000490 -0.00001580 -0.00000240  
-0.00000712 0.00000246 0.00000174 0.00000447 -0.00000675 -0.00000150 0.00000172 -0.00001169 -0.00000164  -0.00000589 0.00000248 0.00000124 0.00000450 -0.00001082 -0.00000189 0.00000490 -0.00001580 -0.00000240  -0.00004604 -0.00001717 0.00001209 -0.00000044 -0.00004335 -0.00000156 0.00002521 -0.00006961 -0.00000870  
-0.00000589 0.00000248 0.00000124 0.00000450 -0.00001082 -0.00000189 0.00000490 -0.00001580 -0.00000240  -0.00004604 -0.00001717 0.00001209 -0.00000044 -0.00004335 -0.00000156 0.00002521 -0.00006961 -0.00000870  -0.00005808 -0.00003207 0.00001614 -0.00001125 -0.00005776 0.00000389 0.00003638 -0.00007920 -0.00000813  
-0.00004604 -0.00001717 0.00001209 -0.00000044 -0.00004335 -0.00000156 0.00002521 -0.00006961 -0.00000870  -0.00005808 -0.00003207 0.00001614 -0.00001125 -0.00005776 0.00000389 0.00003638 -0.00007920 -0.00000813  -0.00005099 -0.00001049 0.00001076 0.00001044 -0.00007926 0.00000357 0.00003615 -0.00009092 -0.00000318  
-0.00005808 -0.00003207 0.00001614 -0.00001125 -0.00005776 0.00000389 0.00003638 -0.00007920 -0.00000813  -0.00005099 -0.00001049 0.00001076 0.00001044 -0.00007926 0.00000357 0.00003615 -0.00009092 -0.00000318  -0.00005494 -0.00001059 0.00001148 0.00002268 -0.00018329 0.00001620 0.00004898 -0.00014010 0.00000475  
-0.00005099 -0.00001049 0.00001076 0.00001044 -0.00007926 0.00000357 0.00003615 -0.00009092 -0.00000318  -0.00005494 -0.00001059 0.00001148 0.00002268 -0.00018329 0.00001620 0.00004898 -0.00014010 0.00000475  -0.00006063 0.00002351 0.00000593 0.00005938 -0.00025727 0.00002860 0.00004956 -0.00015040 0.00001402  
-0.00005494 -0.00001059 0.00001148 0.00002268 -0.00018329 0.00001620 0.00004898 -0.00014010 0.00000475  -0.00006063 0.00002351 0.00000593 0.00005938 -0.00025727 0.00002860 0.00004956 -0.00015040 0.00001402  -0.00008137 0.00004290 -0.00000208 0.00006757 -0.00027844 0.00003155 0.00001228 -0.00013052 0.00002090  
-0.00006063 0.00002351 0.00000593 0.00005938 -0.00025727 0.00002860 0.00004956 -0.00015040 0.00001402  -0.00008137 0.00004290 -0.00000208 0.00006757 -0.00027844 0.00003155 0.00001228 -0.00013052 0.00002090  -0.00010649 0.00004518 -0.00000580 0.00005166 -0.00024393 0.00003032 -0.00005428 -0.00009364 0.00002417  
-0.00008137 0.00004290 -0.00000208 0.00006757 -0.00027844 0.00003155 0.00001228 -0.00013052 0.00002090  -0.00010649 0.00004518 -0.00000580 0.00005166 -0.00024393 0.00003032 -0.00005428 -0.00009364 0.00002417  -0.00011093 0.00007198 -0.00001445 0.00005839 -0.00025616 0.00004165 -0.00011961 -0.00006525 0.00002016  
-0.00010649 0.00004518 -0.00000580 0.00005166 -0.00024393 0.00003032 -0.00005428 -0.00009364 0.00002417  -0.00011093 0.00007198 -0.00001445 0.00005839 -0.00025616 0.00004165 -0.00011961 -0.00006525 0.00002016  -0.00013228 0.00004687 -0.00002347 0.00002056 -0.00032952 0.00002219 -0.00019858 -0.00007361 0.00000896  
-0.00011093 0.00007198 -0.00001445 0.00005839 -0.00025616 0.00004165 -0.00011961 -0.00006525 0.00002016  -0.00013228 0.00004687 -0.00002347 0.00002056 -0.00032952 0.00002219 -0.00019858 -0.00007361 0.00000896  -0.00013521 0.00000904 -0.00002092 -0.00002308 -0.00042895 0.00004469 -0.00024343 -0.00005206 -0.00000135  
-0.00013228 0.00004687 -0.00002347 0.00002056 -0.00032952 0.00002219 -0.00019858 -0.00007361 0.00000896  -0.00013521 0.00000904 -0.00002092 -0.00002308 -0.00042895 0.00004469 -0.00024343 -0.00005206 -0.00000135  -0.00017968 -0.00004744 -0.00002758 -0.00010993 -0.00088174 0.00009457 -0.00038427 -0.00012354 -0.00001195  
-0.00013521 0.00000904 -0.00002092 -0.00002308 -0.00042895 0.00004469 -0.00024343 -0.00005206 -0.00000135  -0.00017968 -0.00004744 -0.00002758 -0.00010993 -0.00088174 0.00009457 -0.00038427 -0.00012354 -0.00001195  -0.00022411 -0.00010112 -0.00003749 -0.00018590 -0.00150543 0.00016770 -0.00041248 -0.00010673 -0.00004574  
-0.00017968 -0.00004744 -0.00002758 -0.00010993 -0.00088174 0.00009457 -0.00038427 -0.00012354 -0.00001195  -0.00022411 -0.00010112 -0.00003749 -0.00018590 -0.00150543 0.00016770 -0.00041248 -0.00010673 -0.00004574  -0.00030283 -0.00016484 -0.00004723 -0.00022284 -0.00199572 0.00021241 -0.00034663 0.00014244 -0.00009334  
-0.00022411 -0.00010112 -0.00003749 -0.00018590 -0.00150543 0.00016770 -0.00041248 -0.00010673 -0.00004574  -0.00030283 -0.00016484 -0.00004723 -0.00022284 -0.00199572 0.00021241 -0.00034663 0.00014244 -0.00009334  -0.00026984 -0.00013807 -0.00002714 -0.00013605 -0.00198058 0.00019059 -0.00017183 0.00054417 -0.00012610  
-0.00030283 -0.00016484 -0.00004723 -0.00022284 -0.00199572 0.00021241 -0.00034663 0.00014244 -0.00009334  -0.00026984 -0.00013807 -0.00002714 -0.00013605 -0.00198058 0.00019059 -0.00017183 0.00054417 -0.00012610  -0.00016143 -0.00004685 0.00000595 -0.00003021 -0.00090895 0.00007684 -0.00002656 0.00053125 -0.00008759  
-0.00026984 -0.00013807 -0.00002714 -0.00013605 -0.00198058 0.00019059 -0.00017183 0.00054417 -0.00012610  -0.00016143 -0.00004685 0.00000595 -0.00003021 -0.00090895 0.00007684 -0.00002656 0.00053125 -0.00008759  -0.00012897 -0.00000835 0.00001741 -0.00003070 -0.00033612 0.00002126 0.00006320 0.00026288 -0.00002982  
-0.00016143 -0.00004685 0.00000595 -0.00003021 -0.00090895 0.00007684 -0.00002656 0.00053125 -0.00008759  -0.00012897 -0.00000835 0.00001741 -0.00003070 -0.00033612 0.00002126 0.00006320 0.00026288 -0.00002982  -0.00013158 0.00001043 0.00000878 -0.00001325 -0.00022966 0.00001730 0.00004792 0.00024324 -0.00002658  
-0.00012897 -0.00000835 0.00001741 -0.00003070 -0.00033612 0.00002126 0.00006320 0.00026288 -0.00002982  -0.00013158 0.00001043 0.00000878 -0.00001325 -0.00022966 0.00001730 0.00004792 0.00024324 -0.00002658  -0.00010625 0.00002885 0.00001239 -0.00000264 -0.00015357 0.00001079 0.00002071 0.00020606 -0.00002469  
-0.00013158 0.00001043 0.00000878 -0.00001325 -0.00022966 0.00001730 0.00004792 0.00024324 -0.00002658  -0.00010625 0.00002885 0.00001239 -0.00000264 -0.00015357 0.00001079 0.00002071 0.00020606 -0.00002469  -0.00010126 0.00002214 0.00001501 -0.00001082 -0.00011319 0.00001860 0.00000022 0.00018471 -0.00002634  
-0.00010625 0.00002885 0.00001239 -0.00000264 -0.00015357 0.00001079 0.00002071 0.00020606 -0.00002469  -0.00010126 0.00002214 0.00001501 -0.00001082 -0.00011319 0.00001860 0.00000022 0.00018471 -0.00002634  -0.00008960 -0.00000777 0.00000749 -0.00002462 -0.00007340 0.00001803 -0.00002434 0.00014997 -0.00002509  
-0.00010126 0.00002214 0.00001501 -0.00001082 -0.00011319 0.00001860 0.00000022 0.00018471 -0.00002634  -0.00008960 -0.00000777 0.00000749 -0.00002462 -0.00007340 0.00001803 -0.00002434 0.00014997 -0.00002509  -0.00007510 -0.00001027 -0.00000005 -0.00001696 -0.00008756 0.00001363 -0.00006336 0.00013295 -0.00002291  
-0.00008960 -0.00000777 0.00000749 -0.00002462 -0.00007340 0.00001803 -0.00002434 0.00014997 -0.00002509  -0.00007510 -0.00001027 -0.00000005 -0.00001696 -0.00008756 0.00001363 -0.00006336 0.00013295 -0.00002291  -0.00004963 -0.00001178 -0.00000215 -0.00001544 -0.00004728 0.00000678 -0.00004947 0.00007191 -0.00001388  
-0.00007510 -0.00001027 -0.00000005 -0.00001696 -0.00008756 0.00001363 -0.00006336 0.00013295 -0.00002291  -0.00004963 -0.00001178 -0.00000215 -0.00001544 -0.00004728 0.00000678 -0.00004947 0.00007191 -0.00001388  -0.00002353 0.00000014 -0.00000223 -0.00000089 -0.00002534 0.00000269 -0.00002287 0.00002524 -0.00000504  
-0.00004963 -0.00001178 -0.00000215 -0.00001544 -0.00004728 0.00000678 -0.00004947 0.00007191 -0.00001388  -0.00002353 0.00000014 -0.00000223 -0.00000089 -0.00002534 0.00000269 -0.00002287 0.00002524 -0.00000504  -0.00001671 0.00000117 -0.00000115 0.00000016 -0.00000985 0.00000102 -0.00001371 0.00000996 -0.00000187  
-0.00002353 0.00000014 -0.00000223 -0.00000089 -0.00002534 0.00000269 -0.00002287 0.00002524 -0.00000504  -0.00001671 0.00000117 -0.00000115 0.00000016 -0.00000985 0.00000102 -0.00001371 0.00000996 -0.00000187  -0.00002777 0.00000087 -0.00000071 0.00000026 -0.00001414 0.00000088 -0.00001925 0.00000924 -0.00000157  
-0.00001671 0.00000117 -0.00000115 0.00000016 -0.00000985 0.00000102 -0.00001371 0.00000996 -0.00000187  -0.00002777 0.00000087 -0.00000071 0.00000026 -0.00001414 0.00000088 -0.00001925 0.00000924 -0.00000157  -0.00003099 -0.00000582 0.00000029 -0.00000715 -0.00002480 0.00000204 -0.00002101 0.00000394 -0.00000254  
-0.00002777 0.00000087 -0.00000071 0.00000026 -0.00001414 0.00000088 -0.00001925 0.00000924 -0.00000157  -0.00003099 -0.00000582 0.00000029 -0.00000715 -0.00002480 0.00000204 -0.00002101 0.00000394 -0.00000254  -0.00005658 -0.00000400 0.00000022 -0.00000431 -0.00004030 -0.00000033 -0.00000265 -0.00000344 -0.00000285  
-0.00003099 -0.00000582 0.00000029 -0.00000715 -0.00002480 0.00000204 -0.00002101 0.00000394 -0.00000254  -0.00005658 -0.00000400 0.00000022 -0.00000431 -0.00004030 -0.00000033 -0.00000265 -0.00000344 -0.00000285  -0.00005966 -0.00000285 -0.00000029 -0.00000320 -0.00004384 -0.00000080 0.00002331 -0.00000095 -0.00000433  
-0.00005658 -0.00000400 0.00000022 -0.00000431 -0.00004030 -0.00000033 -0.00000265 -0.00000344 -0.00000285  -0.00005966 -0.00000285 -0.00000029 -0.00000320 -0.00004384 -0.00000080 0.00002331 -0.00000095 -0.00000433  -0.00005884 -0.00000358 0.00000024 -0.00000515 -0.00003715 0.00000127 0.00004375 0.00001636 -0.00000566  
