0.718385 0.781434 0.085694 0.835192 
0.755117 0.768090 0.073280 0.830285 
0.788394 0.752319 0.075965 0.824614 
0.812790 0.738954 0.091685 0.818092 
0.824088 0.731043 0.116393 0.809985 
0.820720 0.729204 0.145364 0.799774 
0.803963 0.731828 0.175584 0.786831 
0.776193 0.736775 0.205800 0.772129 
0.736828 0.739844 0.237370 0.755771 
0.685302 0.736031 0.271762 0.736943 
0.624920 0.723723 0.305088 0.716317 
0.572515 0.710328 0.325234 0.700265 
0.535793 0.690453 0.335570 0.696366 
0.515385 0.674294 0.334054 0.704285 
0.517343 0.670663 0.311975 0.723672 
0.535955 0.670432 0.275752 0.740918 
0.569339 0.684676 0.225314 0.745202 
0.613069 0.707246 0.169755 0.743170 
0.656713 0.721054 0.124290 0.735768 
0.697089 0.722933 0.093032 0.724371 
0.732421 0.716442 0.075183 0.711508 
0.760391 0.705311 0.069636 0.698511 
0.781343 0.692966 0.074501 0.686503 
0.795632 0.682237 0.088271 0.675137 
0.802565 0.675558 0.109737 0.665321 
0.800899 0.674215 0.137297 0.657337 
0.788747 0.677957 0.168523 0.649446 
0.765326 0.686234 0.201850 0.640716 
0.729437 0.697377 0.236720 0.631929 
0.679024 0.708112 0.273679 0.622484 
0.617012 0.717021 0.308803 0.611905 
0.558661 0.722664 0.332162 0.603593 
0.505860 0.711669 0.350488 0.602492 
0.468516 0.701927 0.352447 0.614465 
0.473900 0.703559 0.323008 0.641712 
0.503145 0.698176 0.283222 0.673364 
0.540618 0.703177 0.235351 0.695926 
0.590136 0.720764 0.181137 0.706932 
0.641081 0.732188 0.138498 0.710075 
0.688570 0.734535 0.113059 0.708597 
0.728645 0.732203 0.103825 0.703678 
0.757197 0.730251 0.107548 0.696527 
0.772108 0.731394 0.119477 0.687906 
0.772562 0.736188 0.134652 0.677329 
0.761212 0.743929 0.150054 0.664679 
0.740913 0.753005 0.164611 0.650308 
0.713072 0.761733 0.178084 0.634275 
0.678563 0.767945 0.191728 0.616369 
0.636308 0.769182 0.207494 0.596114 
0.583632 0.762972 0.228348 0.573229 
0.522643 0.750633 0.252176 0.550362 
0.471684 0.737693 0.268440 0.532502 
0.428513 0.717010 0.282345 0.526370 
0.403943 0.694430 0.285357 0.540428 
0.428880 0.682756 0.261085 0.571849 
0.474705 0.676572 0.225734 0.593892 
0.525273 0.680384 0.183659 0.596038 
0.584883 0.689785 0.139220 0.590136 
0.638271 0.692533 0.107700 0.580869 
0.681622 0.689331 0.090894 0.570654 
0.715367 0.683773 0.086824 0.559987 
0.740070 0.679610 0.093539 0.549470 
0.755202 0.679597 0.108605 0.539394 
0.759395 0.685383 0.129081 0.529575 
0.752447 0.697433 0.152226 0.520257 
0.734236 0.713758 0.175141 0.510672 
0.704576 0.731920 0.195557 0.499682 
0.664203 0.750328 0.213476 0.488076 
0.613236 0.766338 0.229768 0.475196 
0.551012 0.777419 0.246156 0.461497 
0.483053 0.783418 0.261131 0.448919 
0.426172 0.781679 0.270753 0.437386 
0.378829 0.763878 0.279411 0.440710 
0.353917 0.742341 0.277507 0.466406 
0.381260 0.730580 0.254458 0.502173 
0.431704 0.721184 0.224330 0.531818 
0.490546 0.722502 0.186640 0.548396 
0.563437 0.733207 0.146855 0.554831 
0.627872 0.740547 0.123771 0.552747 
0.673735 0.747065 0.116955 0.544846 
0.700974 0.756210 0.120197 0.533147 
0.711370 0.769104 0.128048 0.519027 
0.707523 0.784650 0.135873 0.502820 
0.693291 0.801189 0.141295 0.485274 
0.672361 0.816598 0.144074 0.467288 
0.646669 0.829307 0.145116 0.448466 
0.616587 0.838149 0.145815 0.428175 
0.580874 0.841599 0.148199 0.406404 
0.536327 0.839148 0.154510 0.383047 
0.479873 0.831221 0.166253 0.359117 
0.418510 0.819516 0.180462 0.339025 
0.368221 0.802829 0.193849 0.329669 
0.334221 0.778130 0.206901 0.339338 
0.328453 0.753566 0.211259 0.364088 
0.366654 0.737152 0.198607 0.382919 
0.423256 0.726896 0.176048 0.387157 
0.483202 0.723442 0.147925 0.384070 
0.549999 0.723127 0.120163 0.376626 
0.608078 0.720745 0.104162 0.366893 
0.651132 0.718364 0.101097 0.356908 
0.680500 0.719259 0.107597 0.346727 
0.696155 0.725598 0.120231 0.337422 
0.698682 0.737736 0.135365 0.328109 
0.689457 0.755510 0.150252 0.318158 
0.669817 0.777972 0.162906 0.308492 
0.641194 0.802763 0.171854 0.297935 
0.604594 0.827319 0.176662 0.285855 
0.560075 0.848661 0.178398 0.272887 
0.505880 0.864558 0.179092 0.257302 
0.440540 0.873864 0.180571 0.240831 
0.376273 0.875846 0.181585 0.228012 
0.327094 0.867143 0.183686 0.223578 
0.292521 0.846827 0.188437 0.245825 
0.286123 0.824053 0.186439 0.282881 
0.321976 0.804218 0.175603 0.313230 
0.383039 0.789845 0.163022 0.337748 
0.459522 0.787115 0.145612 0.351891 
0.539220 0.793018 0.128230 0.354868 
0.598678 0.802424 0.120543 0.349411 
0.633578 0.814875 0.119125 0.338633 
0.648848 0.829561 0.118632 0.323963 
0.650343 0.845734 0.116334 0.307787 
0.642657 0.862195 0.111065 0.290407 
0.629635 0.877753 0.102947 0.271266 
0.613293 0.891154 0.092971 0.250414 
0.594162 0.901401 0.082043 0.227711 
0.571433 0.907062 0.071583 0.203155 
0.542174 0.906254 0.064030 0.177899 
0.502052 0.898384 0.062229 0.152500 
0.443582 0.883809 0.069100 0.130025 
0.376913 0.865044 0.083222 0.116990 
0.328969 0.843895 0.101346 0.120906 
0.306310 0.820348 0.119928 0.144467 
0.307358 0.797522 0.132723 0.177427 
0.340895 0.779293 0.137407 0.205252 
0.399536 0.768623 0.134530 0.216940 
0.471291 0.765553 0.125000 0.215727 
0.546237 0.766734 0.116439 0.209882 
0.605937 0.771284 0.115960 0.201463 
0.642861 0.779905 0.121860 0.192315 
0.660776 0.792172 0.129682 0.182729 
0.664409 0.807135 0.136208 0.172753 
0.657015 0.823555 0.139923 0.162126 
0.641939 0.840678 0.140102 0.151350 
0.621490 0.858054 0.136685 0.140973 
0.596923 0.874576 0.130376 0.130460 
0.568422 0.889179 0.122103 0.118870 
0.534243 0.901384 0.112564 0.106022 
0.492162 0.909783 0.102641 0.092010 
0.438189 0.912273 0.094239 0.078056 
0.375205 0.907317 0.089742 0.069256 
0.327802 0.893302 0.093255 0.072967 
