1.000473 0.999808 -0.000122 0.015330 
1.000448 0.999852 -0.000085 0.015337 
1.000424 0.999918 -0.000077 0.015333 
1.000406 0.999966 -0.000106 0.015336 
1.000409 0.999952 -0.000187 0.015354 
1.000435 0.999838 -0.000318 0.015376 
1.000481 0.999609 -0.000481 0.015388 
1.000538 0.999303 -0.000662 0.015391 
1.000601 0.999011 -0.000806 0.015384 
1.000664 0.998830 -0.000855 0.015377 
1.000706 0.998797 -0.000811 0.015415 
1.000720 0.998901 -0.000711 0.015504 
1.000716 0.999102 -0.000589 0.015601 
1.000711 0.999327 -0.000475 0.015684 
1.000708 0.999517 -0.000381 0.015747 
1.000700 0.999647 -0.000306 0.015793 
1.000676 0.999733 -0.000240 0.015811 
1.000636 0.999787 -0.000180 0.015806 
1.000590 0.999822 -0.000128 0.015797 
1.000543 0.999849 -0.000087 0.015787 
1.000497 0.999851 -0.000067 0.015762 
1.000456 0.999833 -0.000067 0.015739 
1.000433 0.999817 -0.000092 0.015732 
1.000450 0.999791 -0.000149 0.015728 
1.000512 0.999728 -0.000237 0.015725 
1.000598 0.999610 -0.000352 0.015735 
1.000677 0.999421 -0.000489 0.015738 
1.000726 0.999168 -0.000636 0.015719 
1.000752 0.998908 -0.000757 0.015707 
1.000778 0.998750 -0.000787 0.015731 
1.000808 0.998767 -0.000703 0.015782 
1.000818 0.998959 -0.000545 0.015846 
1.000791 0.999254 -0.000387 0.015907 
1.000733 0.999530 -0.000281 0.015951 
1.000665 0.999708 -0.000228 0.015969 
1.000601 0.999792 -0.000200 0.015974 
1.000546 0.999820 -0.000175 0.015987 
1.000491 0.999826 -0.000146 0.016001 
1.000439 0.999828 -0.000121 0.016003 
1.000390 0.999838 -0.000099 0.016001 
1.000350 0.999854 -0.000088 0.015994 
1.000332 0.999858 -0.000095 0.015980 
1.000346 0.999834 -0.000127 0.015965 
1.000393 0.999776 -0.000184 0.015958 
1.000476 0.999671 -0.000258 0.015964 
1.000578 0.999516 -0.000342 0.015976 
1.000665 0.999309 -0.000437 0.015988 
1.000725 0.999068 -0.000537 0.015992 
1.000754 0.998861 -0.000599 0.016009 
1.000750 0.998806 -0.000572 0.016053 
1.000719 0.998946 -0.000469 0.016110 
1.000663 0.999193 -0.000358 0.016165 
1.000591 0.999432 -0.000276 0.016198 
1.000521 0.999604 -0.000223 0.016196 
1.000459 0.999698 -0.000183 0.016155 
1.000410 0.999745 -0.000140 0.016097 
1.000364 0.999789 -0.000097 0.016025 
1.000320 0.999838 -0.000066 0.015950 
1.000280 0.999889 -0.000049 0.015880 
1.000249 0.999934 -0.000046 0.015815 
1.000228 0.999969 -0.000053 0.015761 
1.000218 0.999985 -0.000063 0.015726 
1.000207 0.999980 -0.000068 0.015708 
1.000192 0.999960 -0.000070 0.015693 
1.000186 0.999931 -0.000078 0.015678 
1.000184 0.999890 -0.000096 0.015665 
1.000180 0.999843 -0.000120 0.015650 
1.000172 0.999801 -0.000135 0.015630 
1.000160 0.999797 -0.000125 0.015614 
1.000144 0.999835 -0.000095 0.015602 
1.000124 0.999871 -0.000068 0.015590 
1.000103 0.999896 -0.000049 0.015570 
1.000085 0.999916 -0.000034 0.015546 
1.000070 0.999930 -0.000023 0.015525 
1.000056 0.999943 -0.000016 0.015510 
1.000042 0.999954 -0.000014 0.015504 
1.000032 0.999964 -0.000013 0.015500 
1.000025 0.999973 -0.000016 0.015499 
1.000023 0.999976 -0.000017 0.015501 
1.000022 0.999975 -0.000015 0.015504 
1.000023 0.999974 -0.000019 0.015515 
1.000027 0.999967 -0.000022 0.015527 
1.000037 0.999960 -0.000029 0.015539 
1.000052 0.999951 -0.000039 0.015553 
1.000073 0.999928 -0.000048 0.015566 
1.000099 0.999899 -0.000063 0.015577 
1.000125 0.999855 -0.000084 0.015586 
1.000145 0.999799 -0.000107 0.015591 
1.000150 0.999784 -0.000111 0.015588 
1.000142 0.999821 -0.000095 0.015576 
1.000125 0.999865 -0.000078 0.015555 
1.000108 0.999898 -0.000068 0.015529 
1.000088 0.999914 -0.000072 0.015504 
1.000074 0.999919 -0.000074 0.015480 
1.000065 0.999936 -0.000067 0.015463 
1.000058 0.999958 -0.000064 0.015448 
1.000055 0.999974 -0.000059 0.015428 
1.000053 0.999977 -0.000051 0.015406 
1.000052 0.999976 -0.000044 0.015386 
1.000054 0.999977 -0.000035 0.015370 
1.000063 0.999975 -0.000030 0.015351 
1.000079 0.999970 -0.000030 0.015326 
1.000090 0.999968 -0.000036 0.015297 
1.000094 0.999962 -0.000055 0.015262 
1.000097 0.999945 -0.000090 0.015221 
1.000101 0.999915 -0.000136 0.015176 
1.000108 0.999865 -0.000188 0.015133 
1.000128 0.999818 -0.000227 0.015096 
1.000157 0.999814 -0.000239 0.015056 
1.000173 0.999821 -0.000252 0.015013 
1.000169 0.999766 -0.000295 0.014982 
1.000155 0.999649 -0.000350 0.014971 
1.000148 0.999573 -0.000367 0.014979 
1.000148 0.999632 -0.000317 0.014988 
1.000139 0.999780 -0.000242 0.014979 
1.000116 0.999913 -0.000178 0.014955 
1.000090 0.999989 -0.000130 0.014928 
1.000067 1.000024 -0.000102 0.014903 
1.000051 1.000033 -0.000088 0.014889 
1.000033 1.000029 -0.000082 0.014885 
1.000027 1.000022 -0.000086 0.014881 
1.000031 1.000017 -0.000094 0.014875 
1.000030 1.000016 -0.000103 0.014869 
1.000030 1.000007 -0.000113 0.014864 
1.000036 0.999995 -0.000124 0.014852 
1.000047 0.999986 -0.000135 0.014829 
1.000061 0.999978 -0.000153 0.014800 
1.000077 0.999970 -0.000185 0.014772 
1.000094 0.999952 -0.000240 0.014755 
1.000111 0.999925 -0.000319 0.014737 
1.000134 0.999888 -0.000415 0.014724 
1.000174 0.999823 -0.000511 0.014721 
1.000232 0.999749 -0.000560 0.014737 
1.000288 0.999725 -0.000519 0.014765 
1.000326 0.999762 -0.000416 0.014789 
1.000345 0.999818 -0.000304 0.014809 
1.000341 0.999868 -0.000204 0.014828 
1.000310 0.999910 -0.000127 0.014849 
1.000259 0.999948 -0.000077 0.014860 
1.000200 0.999985 -0.000055 0.014850 
1.000150 1.000023 -0.000068 0.014822 
1.000128 1.000049 -0.000108 0.014775 
1.000120 1.000057 -0.000168 0.014710 
1.000127 1.000051 -0.000231 0.014641 
1.000158 1.000037 -0.000281 0.014586 
1.000200 1.000019 -0.000315 0.014535 
1.000237 0.999994 -0.000347 0.014487 
1.000254 0.999926 -0.000409 0.014463 
1.000251 0.999766 -0.000522 0.014478 
1.000248 0.999518 -0.000672 0.014541 
1.000273 0.999258 -0.000803 0.014647 
1.000326 0.999105 -0.000857 0.014761 
1.000375 0.999149 -0.000805 0.014830 
1.000390 0.999359 -0.000674 0.014838 
1.000360 0.999599 -0.000525 0.014822 
1.000302 0.999790 -0.000397 0.014814 
1.000246 0.999928 -0.000303 0.014800 
1.000204 1.000022 -0.000239 0.014775 
1.000174 1.000082 -0.000200 0.014756 
1.000150 1.000112 -0.000175 0.014738 
1.000132 1.000127 -0.000153 0.014709 
1.000120 1.000130 -0.000141 0.014690 
1.000126 1.000121 -0.000148 0.014685 
1.000153 1.000107 -0.000165 0.014673 
1.000198 1.000090 -0.000194 0.014650 
1.000247 1.000059 -0.000244 0.014636 
1.000286 1.000011 -0.000321 0.014642 
1.000311 0.999944 -0.000438 0.014657 
1.000337 0.999832 -0.000602 0.014685 
1.000383 0.999669 -0.000787 0.014734 
1.000459 0.999495 -0.000940 0.014783 
1.000541 0.999374 -0.001001 0.014792 
1.000590 0.999366 -0.000938 0.014767 
1.000589 0.999465 -0.000771 0.014752 
1.000549 0.999592 -0.000561 0.014761 
1.000482 0.999697 -0.000374 0.014785 
1.000410 0.999773 -0.000242 0.014816 
1.000347 0.999825 -0.000168 0.014845 
1.000296 0.999862 -0.000138 0.014863 
1.000265 0.999892 -0.000138 0.014874 
1.000262 0.999916 -0.000156 0.014881 
1.000278 0.999927 -0.000183 0.014875 
