0.995035 0.993353 -0.000282 0.420805 
0.994878 0.994732 -0.001102 0.421632 
0.995341 0.996140 -0.002745 0.422806 
0.996676 0.996614 -0.005410 0.424497 
0.998896 0.994992 -0.009128 0.426803 
1.001592 0.990299 -0.013771 0.429442 
1.004237 0.982201 -0.019102 0.431809 
1.006666 0.972026 -0.024059 0.433432 
1.009030 0.963003 -0.026541 0.434536 
1.010864 0.957976 -0.025229 0.436128 
1.010953 0.958265 -0.020613 0.439134 
1.008793 0.964079 -0.014358 0.443536 
1.005433 0.973610 -0.008331 0.448227 
1.002400 0.982981 -0.003868 0.451960 
1.000260 0.989206 -0.001323 0.454340 
0.998750 0.992448 -0.000174 0.455709 
0.997623 0.994136 0.000191 0.456499 
0.996818 0.995146 0.000068 0.456977 
0.996309 0.995902 -0.000479 0.457262 
0.996125 0.996307 -0.001432 0.457430 
0.996372 0.995914 -0.002656 0.457621 
0.997165 0.994622 -0.004007 0.457986 
0.998715 0.992676 -0.005573 0.458660 
1.001249 0.990103 -0.007516 0.459691 
1.004646 0.986561 -0.009843 0.460908 
1.008230 0.981571 -0.012597 0.461939 
1.010929 0.974708 -0.016030 0.462257 
1.011879 0.966369 -0.019770 0.461613 
1.011459 0.958962 -0.021956 0.460827 
1.010673 0.955745 -0.020786 0.461188 
1.009678 0.958373 -0.016354 0.462956 
1.008002 0.966291 -0.010302 0.465267 
1.005222 0.976809 -0.004863 0.467099 
1.001599 0.985755 -0.001760 0.467975 
0.998199 0.990753 -0.000955 0.468042 
0.995813 0.992628 -0.001278 0.467768 
0.994431 0.993057 -0.001862 0.467493 
0.993755 0.993070 -0.002329 0.467176 
0.993488 0.993216 -0.002599 0.466677 
0.993432 0.993623 -0.002838 0.466055 
0.993623 0.993908 -0.003305 0.465492 
0.994340 0.993720 -0.004173 0.465128 
0.995926 0.992862 -0.005464 0.465118 
0.998557 0.991109 -0.007068 0.465568 
1.002064 0.988175 -0.008856 0.466347 
1.005931 0.983627 -0.010764 0.467068 
1.009469 0.977058 -0.012734 0.467402 
1.012019 0.968976 -0.014282 0.467363 
1.013139 0.962066 -0.014169 0.467544 
1.012432 0.960090 -0.011530 0.468940 
1.009792 0.964460 -0.007373 0.471840 
1.005882 0.973644 -0.003571 0.475390 
1.001779 0.984102 -0.001279 0.478258 
0.998427 0.991810 -0.000543 0.479665 
0.996213 0.995410 -0.000660 0.479838 
0.994977 0.996356 -0.001079 0.479321 
0.994439 0.996437 -0.001664 0.478425 
0.994406 0.996377 -0.002427 0.477382 
0.994774 0.996189 -0.003291 0.476392 
0.995483 0.995756 -0.004077 0.475595 
0.996463 0.994921 -0.004574 0.475129 
0.997645 0.993588 -0.004586 0.475053 
0.998924 0.991807 -0.004031 0.475249 
1.000323 0.989784 -0.003164 0.475403 
1.001911 0.987579 -0.002585 0.475168 
1.003434 0.984726 -0.002809 0.474239 
1.004516 0.980512 -0.004048 0.472405 
1.004945 0.975230 -0.005786 0.469844 
1.004903 0.971571 -0.006445 0.467173 
1.004509 0.972808 -0.005047 0.464731 
1.003045 0.977945 -0.003131 0.462102 
1.000225 0.982902 -0.002491 0.459033 
0.997017 0.986004 -0.002648 0.456024 
0.994365 0.988509 -0.002424 0.453577 
0.992410 0.991247 -0.001866 0.451622 
0.991027 0.993583 -0.001588 0.449835 
0.990245 0.995260 -0.001746 0.448100 
0.990130 0.996359 -0.002269 0.446454 
0.990686 0.996689 -0.002978 0.444972 
0.991768 0.996182 -0.003587 0.443737 
0.993132 0.995103 -0.003899 0.442773 
0.994623 0.993880 -0.003913 0.442014 
0.996088 0.992722 -0.003699 0.441341 
0.997378 0.991505 -0.003325 0.440703 
0.998506 0.989974 -0.002928 0.440107 
0.999656 0.987791 -0.002709 0.439492 
1.000889 0.984487 -0.002933 0.438754 
1.002065 0.980215 -0.003565 0.437837 
1.003033 0.977262 -0.003768 0.436685 
1.003223 0.978296 -0.003320 0.434969 
1.002119 0.982459 -0.003299 0.432194 
0.999907 0.986534 -0.004220 0.428717 
0.997588 0.989067 -0.005021 0.425647 
0.996033 0.991439 -0.004606 0.423445 
0.995168 0.994017 -0.003724 0.421760 
0.994879 0.995487 -0.003354 0.420257 
0.995208 0.995656 -0.003315 0.418879 
0.995937 0.995068 -0.003233 0.417599 
0.996777 0.994106 -0.002953 0.416328 
0.997643 0.992933 -0.002512 0.414997 
0.998599 0.991722 -0.001980 0.413569 
0.999530 0.990634 -0.001317 0.412009 
1.000095 0.989812 -0.000579 0.410237 
1.000191 0.989248 -0.000088 0.408124 
1.000150 0.988596 -0.000211 0.405571 
1.000212 0.987226 -0.001160 0.402611 
1.000609 0.984638 -0.002794 0.399308 
1.001328 0.981138 -0.004749 0.395764 
1.001744 0.979362 -0.006384 0.392086 
1.000995 0.981019 -0.007871 0.388388 
0.998849 0.982235 -0.010469 0.385089 
0.996541 0.980395 -0.013454 0.382744 
0.995401 0.979683 -0.014060 0.381016 
0.995073 0.983356 -0.011710 0.379064 
0.994555 0.989069 -0.008543 0.376704 
0.993805 0.993476 -0.006207 0.374272 
0.993346 0.995434 -0.004938 0.372227 
0.993556 0.995474 -0.004365 0.370791 
0.994496 0.994618 -0.004147 0.369902 
0.995902 0.993608 -0.004046 0.369294 
0.997279 0.992700 -0.003828 0.368687 
0.998256 0.991861 -0.003357 0.367944 
0.998743 0.991029 -0.002691 0.367065 
0.998921 0.990217 -0.001914 0.366109 
0.999030 0.989542 -0.001103 0.365167 
0.999323 0.989074 -0.000431 0.364237 
0.999727 0.988476 -0.000403 0.363262 
0.999631 0.987495 -0.001686 0.362190 
0.998572 0.987249 -0.004512 0.360873 
0.996694 0.987995 -0.008888 0.359420 
0.995119 0.987709 -0.014202 0.358478 
0.995277 0.985711 -0.018405 0.358406 
0.997271 0.984935 -0.019204 0.358594 
0.999622 0.987199 -0.016568 0.358458 
1.001099 0.990315 -0.012615 0.358152 
1.001714 0.992064 -0.009034 0.357981 
1.001907 0.992148 -0.006183 0.357999 
1.001831 0.991307 -0.003833 0.358045 
1.001510 0.990278 -0.001835 0.357922 
1.001039 0.989537 -0.000169 0.357477 
1.000456 0.989296 0.001182 0.356615 
0.999762 0.989555 0.002176 0.355319 
0.998833 0.990150 0.002697 0.353607 
0.997668 0.990911 0.002723 0.351563 
0.996672 0.991944 0.002538 0.349300 
0.996087 0.993492 0.002278 0.346955 
0.995573 0.995143 0.001305 0.344732 
0.994623 0.995154 -0.001721 0.343105 
0.993416 0.991691 -0.007507 0.342808 
0.993041 0.984851 -0.014881 0.344231 
0.994352 0.976660 -0.021559 0.346972 
0.997132 0.970114 -0.025437 0.349857 
1.000205 0.968522 -0.025329 0.351435 
1.002140 0.972754 -0.021823 0.351255 
1.002429 0.979645 -0.017004 0.350334 
1.001749 0.985395 -0.012668 0.349875 
1.000960 0.988787 -0.009385 0.350164 
1.000448 0.990366 -0.006949 0.350813 
1.000225 0.990782 -0.004936 0.351458 
1.000149 0.990581 -0.003013 0.351951 
0.999982 0.990230 -0.001022 0.352252 
0.999533 0.990046 0.000966 0.352449 
0.998868 0.990207 0.002828 0.352621 
0.998126 0.990843 0.004498 0.352806 
0.997225 0.992039 0.005706 0.353020 
0.996054 0.993696 0.005893 0.353318 
0.994695 0.995256 0.004215 0.353921 
0.993495 0.995368 -0.000391 0.355202 
0.993276 0.992378 -0.008189 0.357682 
0.995167 0.986332 -0.017416 0.361431 
0.999464 0.979577 -0.025081 0.365375 
1.004856 0.974840 -0.028922 0.368010 
1.009357 0.973885 -0.028241 0.368905 
1.011763 0.976722 -0.023848 0.369160 
1.011901 0.981020 -0.017594 0.370205 
1.010375 0.984228 -0.011388 0.372440 
1.008105 0.985918 -0.006327 0.375257 
1.005680 0.986853 -0.002673 0.377957 
1.003251 0.987695 -0.000319 0.380222 
1.000978 0.988762 0.000937 0.381945 
0.999121 0.989969 0.001342 0.383037 
0.997671 0.991082 0.001197 0.383500 
