1.070963 1.001711 -2.702266 6.155014 
1.072878 1.001993 -2.584415 6.151716 
1.074687 1.001833 -2.455094 6.148383 
1.076395 1.001140 -2.322509 6.145087 
1.077913 0.999965 -2.195376 6.141910 
1.079160 0.998417 -2.071375 6.138899 
1.080112 0.996568 -1.951261 6.136079 
1.080741 0.994470 -1.835908 6.133471 
1.081033 0.992191 -1.725776 6.131109 
1.080986 0.989807 -1.621149 6.129033 
1.080601 0.987363 -1.522427 6.127278 
1.079890 0.984903 -1.430652 6.125888 
1.078846 0.982513 -1.351123 6.124912 
1.077448 0.980329 -1.284782 6.124367 
1.075732 0.978483 -1.228542 6.124215 
1.073778 0.977061 -1.182081 6.124403 
1.071639 0.976099 -1.143638 6.124910 
1.069348 0.975614 -1.112018 6.125744 
1.066935 0.975571 -1.086911 6.126901 
1.064434 0.975883 -1.068197 6.128363 
1.061893 0.976461 -1.055784 6.130106 
1.059367 0.977216 -1.049480 6.132094 
1.056929 0.978093 -1.048066 6.134262 
1.054663 0.979051 -1.050425 6.136523 
1.052627 0.980035 -1.053487 6.138823 
1.050805 0.981005 -1.053403 6.141146 
1.049155 0.981926 -1.050089 6.143489 
1.047667 0.982731 -1.044614 6.145845 
1.046380 0.983363 -1.037487 6.148195 
1.045342 0.983794 -1.029002 6.150509 
1.044580 0.984033 -1.019351 6.152748 
1.044108 0.984124 -1.008467 6.154868 
