0.978678 0.973449 -0.000302 1.383314 
0.980803 0.972622 0.004986 1.384175 
0.981202 0.974095 0.012998 1.386535 
0.978087 0.978532 0.024327 1.390578 
0.968943 0.985860 0.039515 1.396054 
0.950600 0.994690 0.058651 1.401742 
0.922582 1.003277 0.078886 1.404872 
0.891672 1.011003 0.093989 1.403953 
0.867444 1.017925 0.099106 1.402290 
0.855283 1.022690 0.092985 1.404806 
0.857859 1.022846 0.077295 1.413430 
0.874975 1.017812 0.056378 1.426563 
0.901471 1.009961 0.035356 1.440448 
0.928268 1.002274 0.018311 1.451418 
0.948178 0.995700 0.007165 1.458480 
0.961167 0.989919 0.001204 1.462973 
0.970156 0.984928 -0.001131 1.466256 
0.976524 0.980929 -0.000624 1.469192 
0.980950 0.978250 0.002346 1.472243 
0.983257 0.977363 0.007322 1.475588 
0.982424 0.978706 0.013645 1.479354 
0.978113 0.982434 0.020657 1.483547 
0.970641 0.988499 0.028049 1.488063 
0.960107 0.996257 0.035804 1.492595 
0.946143 1.004648 0.044103 1.496493 
0.927627 1.011593 0.053931 1.499056 
0.903735 1.015078 0.065501 1.499282 
0.878789 1.015623 0.075051 1.496796 
0.860397 1.015044 0.078292 1.493871 
0.853980 1.013772 0.073805 1.493231 
0.862327 1.010911 0.062054 1.495459 
0.883915 1.005981 0.045901 1.499219 
0.912135 0.998798 0.030043 1.502385 
0.938121 0.990434 0.018136 1.503398 
0.955783 0.982673 0.011287 1.502111 
0.965387 0.976447 0.008385 1.499674 
0.970578 0.971947 0.007583 1.497111 
0.973763 0.968905 0.007925 1.494708 
0.976138 0.967057 0.009171 1.492522 
0.977718 0.966341 0.011512 1.490859 
0.977898 0.967137 0.015187 1.490088 
0.976093 0.970153 0.020185 1.490371 
0.971779 0.975995 0.026159 1.491497 
0.964505 0.984470 0.032732 1.492903 
0.953476 0.994509 0.039738 1.493767 
0.937510 1.004444 0.047623 1.493309 
0.915642 1.012358 0.056543 1.490954 
0.891424 1.017576 0.063532 1.486900 
0.873035 1.020025 0.064552 1.483555 
0.867480 1.018688 0.058591 1.483655 
0.877779 1.013078 0.047403 1.487615 
0.901536 1.004303 0.034315 1.493592 
0.930330 0.994623 0.023041 1.498709 
0.954821 0.986575 0.015158 1.501411 
0.970167 0.980915 0.010653 1.502244 
0.977696 0.977158 0.009332 1.502213 
0.981526 0.975184 0.010340 1.501924 
0.983231 0.975022 0.012826 1.501744 
0.982785 0.976643 0.015888 1.501862 
0.980101 0.979683 0.018684 1.502190 
0.975171 0.983680 0.020591 1.502527 
0.968469 0.988198 0.021273 1.502660 
0.960713 0.992886 0.020921 1.502157 
0.952438 0.997537 0.020457 1.500457 
0.943407 1.001887 0.021167 1.496986 
0.932232 1.005535 0.024171 1.491296 
0.917180 1.007631 0.030008 1.483207 
0.900712 1.008406 0.036026 1.473064 
0.890075 1.008197 0.038448 1.462293 
0.890486 1.005017 0.037318 1.452865 
0.901748 0.997628 0.034806 1.445981 
0.918895 0.988118 0.031943 1.441090 
0.935102 0.979511 0.028595 1.436915 
0.948774 0.973431 0.023639 1.433011 
0.960029 0.969129 0.018344 1.429483 
0.967608 0.965590 0.015204 1.426260 
0.973098 0.963209 0.014294 1.423267 
0.977115 0.962559 0.015320 1.420658 
0.978907 0.964195 0.017784 1.418713 
0.978073 0.968159 0.020712 1.417644 
0.974695 0.973889 0.023064 1.417239 
0.969568 0.980474 0.024292 1.416906 
0.963219 0.986666 0.024360 1.416097 
0.955723 0.991656 0.023814 1.414549 
0.946788 0.995796 0.023603 1.412244 
0.935773 0.999660 0.024538 1.409114 
0.921773 1.003358 0.027108 1.405022 
0.907089 1.006453 0.030023 1.399980 
0.898371 1.007328 0.031378 1.394484 
0.898984 1.003833 0.032300 1.389321 
0.907493 0.996486 0.034229 1.384916 
0.921432 0.988978 0.035480 1.380736 
0.936729 0.984245 0.033967 1.376123 
0.950795 0.982271 0.028756 1.371577 
0.962572 0.981438 0.022919 1.367737 
0.969924 0.981404 0.019961 1.364593 
0.972882 0.982934 0.019183 1.362004 
0.972312 0.985829 0.018886 1.359861 
0.968984 0.989472 0.017955 1.358112 
0.964341 0.993259 0.016106 1.356558 
0.959500 0.996619 0.013436 1.354872 
0.955343 0.999072 0.010408 1.352682 
0.951964 0.999847 0.007794 1.349581 
0.948816 0.999052 0.006569 1.345301 
0.944663 0.997966 0.007469 1.339690 
0.938123 0.997741 0.010599 1.332802 
0.928000 0.998840 0.015609 1.324630 
0.915831 1.000449 0.021669 1.315274 
0.907341 1.000156 0.028262 1.305713 
0.904704 0.995544 0.036921 1.297454 
0.905766 0.988131 0.047133 1.291005 
0.910210 0.982036 0.053883 1.285880 
0.917839 0.979052 0.053013 1.280834 
0.930177 0.977807 0.044835 1.275097 
0.945562 0.976163 0.034754 1.269186 
0.958010 0.974245 0.027876 1.263927 
0.965435 0.973773 0.024703 1.260039 
0.968384 0.975806 0.023749 1.257728 
0.968067 0.980162 0.023461 1.256722 
0.965787 0.985981 0.022795 1.256389 
0.962266 0.991784 0.021117 1.256121 
0.958094 0.996276 0.018351 1.255540 
0.953754 0.999000 0.015102 1.254480 
0.949460 1.000447 0.011935 1.253043 
0.945109 1.001605 0.009289 1.251442 
0.940401 1.003125 0.007641 1.249642 
0.934163 1.004498 0.008266 1.247239 
0.925732 1.003783 0.012938 1.244044 
0.918662 0.999609 0.022514 1.241170 
0.914190 0.993618 0.036609 1.239918 
0.911599 0.989869 0.051067 1.239731 
0.911918 0.990322 0.059645 1.239207 
0.916906 0.993860 0.059389 1.237591 
0.928850 0.997748 0.051685 1.234868 
0.944076 0.999923 0.041365 1.231377 
0.954991 1.000606 0.032214 1.227794 
0.959279 1.000937 0.024630 1.224931 
0.959420 1.001469 0.017860 1.222794 
0.957808 1.001944 0.011305 1.220965 
0.956294 1.001915 0.005039 1.218943 
0.955818 1.000819 -0.000450 1.216315 
0.956589 0.998592 -0.004676 1.212937 
0.958090 0.995478 -0.007165 1.208680 
0.959563 0.991825 -0.007666 1.203516 
0.960691 0.988550 -0.006547 1.197628 
0.961591 0.986284 -0.003992 1.191551 
0.960281 0.984633 0.001748 1.185839 
0.951404 0.982814 0.013533 1.181232 
0.934123 0.981103 0.031352 1.178919 
0.912453 0.981122 0.051466 1.179565 
0.893709 0.984048 0.067832 1.182127 
0.884529 0.989315 0.075543 1.185151 
0.886947 0.995235 0.073802 1.187353 
0.901122 0.999562 0.064837 1.187442 
0.921234 1.000860 0.052995 1.185715 
0.937997 1.000386 0.042314 1.184223 
0.947566 1.000152 0.033756 1.184400 
0.951898 1.000525 0.026525 1.185774 
0.953302 1.000958 0.019835 1.187642 
0.953346 1.001029 0.013231 1.189737 
0.953159 1.000379 0.006690 1.191885 
0.953481 0.998493 0.000633 1.194095 
0.954711 0.995634 -0.004382 1.196289 
0.956812 0.992528 -0.007942 1.198295 
0.959429 0.989351 -0.009352 1.199893 
0.961822 0.986160 -0.007413 1.201111 
0.961946 0.983277 -0.000176 1.202561 
0.955113 0.981305 0.015108 1.205891 
0.938857 0.982072 0.038046 1.212944 
0.916178 0.988448 0.062722 1.223721 
0.895482 1.000701 0.081553 1.235135 
0.885245 1.015276 0.089860 1.243527 
0.887032 1.027767 0.087222 1.248086 
0.898911 1.035035 0.075614 1.250118 
0.916713 1.035599 0.058234 1.251638 
0.933064 1.030517 0.039761 1.254217 
0.943334 1.022681 0.024094 1.258047 
0.949339 1.014120 0.012197 1.262258 
0.954107 1.005588 0.003793 1.265850 
0.958838 0.997773 -0.001458 1.268199 
0.963622 0.991116 -0.004078 1.268880 
0.968010 0.985545 -0.004706 1.267773 
