0.999951 1.000087 0.000039 0.015336 
0.999959 1.000087 0.000030 0.015333 
0.999968 1.000090 0.000027 0.015329 
0.999974 1.000093 0.000031 0.015326 
0.999963 1.000099 0.000048 0.015328 
0.999934 1.000110 0.000082 0.015331 
0.999877 1.000127 0.000129 0.015327 
0.999799 1.000145 0.000186 0.015322 
0.999725 1.000162 0.000238 0.015318 
0.999679 1.000180 0.000263 0.015314 
0.999672 1.000190 0.000257 0.015321 
0.999703 1.000191 0.000231 0.015342 
0.999757 1.000182 0.000195 0.015371 
0.999816 1.000167 0.000161 0.015393 
0.999868 1.000151 0.000130 0.015404 
0.999904 1.000137 0.000105 0.015413 
0.999929 1.000124 0.000082 0.015415 
0.999940 1.000111 0.000062 0.015410 
0.999946 1.000099 0.000046 0.015404 
0.999959 1.000090 0.000035 0.015401 
0.999963 1.000081 0.000025 0.015390 
0.999963 1.000077 0.000023 0.015378 
0.999964 1.000077 0.000029 0.015375 
0.999957 1.000080 0.000037 0.015373 
0.999942 1.000098 0.000056 0.015367 
0.999913 1.000124 0.000084 0.015366 
0.999866 1.000146 0.000121 0.015368 
0.999800 1.000165 0.000164 0.015360 
0.999730 1.000178 0.000199 0.015348 
0.999684 1.000190 0.000214 0.015352 
0.999684 1.000199 0.000199 0.015369 
0.999730 1.000197 0.000163 0.015381 
0.999802 1.000185 0.000124 0.015394 
0.999868 1.000168 0.000095 0.015412 
0.999910 1.000147 0.000078 0.015421 
0.999931 1.000126 0.000068 0.015423 
0.999941 1.000108 0.000059 0.015427 
0.999945 1.000095 0.000049 0.015429 
0.999948 1.000085 0.000040 0.015430 
0.999951 1.000078 0.000033 0.015429 
0.999955 1.000076 0.000031 0.015423 
0.999958 1.000079 0.000035 0.015418 
0.999958 1.000088 0.000043 0.015419 
0.999945 1.000101 0.000057 0.015422 
0.999917 1.000124 0.000074 0.015427 
0.999877 1.000153 0.000096 0.015434 
0.999821 1.000180 0.000124 0.015442 
0.999753 1.000198 0.000154 0.015443 
0.999692 1.000204 0.000179 0.015447 
0.999670 1.000201 0.000180 0.015457 
0.999699 1.000194 0.000157 0.015470 
0.999762 1.000183 0.000129 0.015483 
0.999826 1.000163 0.000106 0.015491 
0.999872 1.000139 0.000090 0.015493 
0.999903 1.000121 0.000075 0.015486 
0.999918 1.000107 0.000062 0.015471 
0.999929 1.000096 0.000049 0.015454 
0.999943 1.000087 0.000038 0.015431 
0.999956 1.000077 0.000029 0.015414 
0.999970 1.000067 0.000025 0.015401 
0.999978 1.000061 0.000024 0.015387 
0.999983 1.000059 0.000024 0.015376 
0.999982 1.000059 0.000025 0.015370 
0.999978 1.000058 0.000029 0.015367 
0.999971 1.000057 0.000034 0.015363 
0.999960 1.000057 0.000039 0.015358 
0.999947 1.000059 0.000045 0.015357 
0.999934 1.000058 0.000049 0.015354 
0.999931 1.000056 0.000048 0.015354 
0.999939 1.000053 0.000040 0.015356 
0.999951 1.000049 0.000033 0.015356 
0.999962 1.000046 0.000029 0.015356 
0.999968 1.000041 0.000026 0.015355 
0.999974 1.000038 0.000021 0.015352 
0.999980 1.000034 0.000016 0.015351 
0.999983 1.000028 0.000014 0.015352 
0.999985 1.000025 0.000013 0.015351 
0.999991 1.000025 0.000014 0.015351 
0.999992 1.000026 0.000013 0.015354 
0.999988 1.000025 0.000009 0.015356 
0.999987 1.000024 0.000009 0.015360 
0.999985 1.000025 0.000009 0.015365 
0.999985 1.000029 0.000011 0.015367 
0.999982 1.000034 0.000014 0.015371 
0.999971 1.000037 0.000016 0.015374 
0.999961 1.000043 0.000022 0.015377 
0.999944 1.000051 0.000030 0.015380 
0.999922 1.000058 0.000039 0.015382 
0.999916 1.000065 0.000042 0.015382 
0.999925 1.000065 0.000039 0.015379 
0.999938 1.000060 0.000039 0.015376 
0.999948 1.000056 0.000040 0.015374 
0.999952 1.000051 0.000042 0.015372 
0.999952 1.000046 0.000042 0.015367 
0.999959 1.000041 0.000039 0.015361 
0.999971 1.000037 0.000036 0.015358 
0.999980 1.000035 0.000033 0.015357 
0.999989 1.000035 0.000029 0.015353 
0.999989 1.000036 0.000025 0.015348 
0.999987 1.000038 0.000023 0.015345 
0.999987 1.000037 0.000023 0.015342 
0.999985 1.000035 0.000023 0.015337 
0.999984 1.000037 0.000021 0.015332 
0.999980 1.000037 0.000026 0.015327 
0.999974 1.000036 0.000037 0.015319 
0.999968 1.000040 0.000049 0.015310 
0.999955 1.000043 0.000062 0.015302 
0.999940 1.000045 0.000073 0.015296 
0.999938 1.000053 0.000081 0.015289 
0.999940 1.000058 0.000090 0.015283 
0.999928 1.000055 0.000105 0.015283 
0.999902 1.000048 0.000120 0.015288 
0.999886 1.000044 0.000125 0.015292 
0.999906 1.000043 0.000112 0.015296 
0.999942 1.000041 0.000093 0.015296 
0.999968 1.000039 0.000073 0.015292 
0.999985 1.000035 0.000057 0.015291 
0.999998 1.000030 0.000048 0.015287 
1.000002 1.000025 0.000039 0.015283 
1.000003 1.000020 0.000034 0.015286 
1.000000 1.000016 0.000032 0.015285 
0.999998 1.000014 0.000029 0.015279 
0.999998 1.000014 0.000031 0.015281 
0.999997 1.000016 0.000036 0.015284 
0.999995 1.000018 0.000042 0.015276 
0.999993 1.000022 0.000049 0.015264 
0.999989 1.000027 0.000060 0.015257 
0.999985 1.000031 0.000074 0.015251 
0.999976 1.000039 0.000093 0.015247 
0.999965 1.000046 0.000115 0.015247 
0.999953 1.000049 0.000142 0.015245 
0.999932 1.000054 0.000167 0.015243 
0.999916 1.000066 0.000176 0.015246 
0.999922 1.000079 0.000161 0.015254 
0.999940 1.000085 0.000129 0.015263 
0.999957 1.000084 0.000094 0.015268 
0.999971 1.000079 0.000069 0.015274 
0.999981 1.000073 0.000054 0.015278 
0.999988 1.000065 0.000042 0.015280 
0.999994 1.000051 0.000036 0.015280 
0.999997 1.000035 0.000036 0.015274 
0.999998 1.000029 0.000041 0.015264 
0.999999 1.000029 0.000051 0.015253 
0.999998 1.000030 0.000065 0.015241 
0.999992 1.000038 0.000077 0.015230 
0.999985 1.000052 0.000086 0.015222 
0.999976 1.000064 0.000097 0.015218 
0.999955 1.000071 0.000115 0.015217 
0.999916 1.000074 0.000145 0.015222 
0.999857 1.000077 0.000182 0.015234 
0.999798 1.000084 0.000214 0.015258 
0.999765 1.000096 0.000225 0.015283 
0.999785 1.000105 0.000211 0.015296 
0.999849 1.000103 0.000177 0.015298 
0.999909 1.000094 0.000138 0.015291 
0.999950 1.000081 0.000104 0.015281 
0.999977 1.000062 0.000077 0.015278 
0.999993 1.000048 0.000058 0.015274 
1.000000 1.000039 0.000047 0.015269 
1.000002 1.000033 0.000041 0.015261 
1.000000 1.000028 0.000039 0.015253 
0.999995 1.000028 0.000040 0.015249 
0.999988 1.000037 0.000046 0.015247 
0.999983 1.000049 0.000054 0.015240 
0.999972 1.000065 0.000064 0.015237 
0.999961 1.000083 0.000080 0.015233 
0.999952 1.000097 0.000106 0.015228 
0.999932 1.000110 0.000143 0.015230 
0.999898 1.000122 0.000186 0.015242 
0.999855 1.000137 0.000232 0.015254 
0.999818 1.000153 0.000266 0.015261 
0.999799 1.000164 0.000272 0.015258 
0.999810 1.000161 0.000247 0.015246 
0.999851 1.000149 0.000200 0.015240 
0.999896 1.000128 0.000146 0.015246 
0.999929 1.000098 0.000097 0.015255 
0.999947 1.000075 0.000067 0.015263 
0.999956 1.000063 0.000051 0.015268 
0.999961 1.000056 0.000044 0.015272 
0.999965 1.000054 0.000041 0.015278 
0.999968 1.000057 0.000040 0.015282 
0.999967 1.000060 0.000044 0.015278 
