1.092182 1.002295 -2.694918 6.068007 
1.094474 1.002600 -2.576469 6.064508 
1.096682 1.002292 -2.448372 6.060998 
1.098809 1.001275 -2.316735 6.057577 
1.100770 0.999599 -2.188922 6.054348 
1.102481 0.997402 -2.064676 6.051370 
1.103919 0.994794 -1.944531 6.048657 
1.105046 0.991848 -1.829353 6.046215 
1.105833 0.988640 -1.719641 6.044065 
1.106269 0.985257 -1.615731 6.042243 
1.106354 0.981785 -1.518089 6.040779 
1.106100 0.978321 -1.427885 6.039719 
1.105503 0.975004 -1.349177 6.039118 
1.104531 0.972004 -1.283205 6.038989 
1.103218 0.969488 -1.228143 6.039262 
1.101645 0.967580 -1.183164 6.039842 
1.099857 0.966313 -1.146275 6.040678 
1.097870 0.965681 -1.116155 6.041770 
1.095705 0.965648 -1.092448 6.043121 
1.093402 0.966146 -1.075017 6.044714 
1.091014 0.967075 -1.063726 6.046522 
1.088592 0.968298 -1.058283 6.048505 
1.086211 0.969694 -1.057659 6.050575 
1.083974 0.971173 -1.060835 6.052618 
1.081948 0.972637 -1.064442 6.054566 
1.080091 0.974021 -1.064502 6.056415 
1.078324 0.975298 -1.060995 6.058188 
1.076628 0.976424 -1.055205 6.059905 
1.075057 0.977345 -1.047897 6.061565 
1.073681 0.978014 -1.039464 6.063151 
1.072548 0.978403 -1.030037 6.064631 
1.071692 0.978540 -1.019452 6.065964 
