-0.00014325 -0.00006613 0.00000526 -0.00003095 -0.00017869 -0.00005810 -0.00005786 -0.00013925 -0.00005006  -0.00013430 -0.00005052 0.00001209 -0.00001004 -0.00016329 -0.00005763 -0.00004731 -0.00015294 -0.00004918  -0.00017100 -0.00003364 0.00003240 0.00001413 -0.00018355 -0.00007280 -0.00001415 -0.00019603 -0.00006796  
-0.00013430 -0.00005052 0.00001209 -0.00001004 -0.00016329 -0.00005763 -0.00004731 -0.00015294 -0.00004918  -0.00017100 -0.00003364 0.00003240 0.00001413 -0.00018355 -0.00007280 -0.00001415 -0.00019603 -0.00006796  -0.00019713 -0.00000616 0.00005140 0.00003820 -0.00019031 -0.00007713 0.00001161 -0.00019075 -0.00006968  
-0.00017100 -0.00003364 0.00003240 0.00001413 -0.00018355 -0.00007280 -0.00001415 -0.00019603 -0.00006796  -0.00019713 -0.00000616 0.00005140 0.00003820 -0.00019031 -0.00007713 0.00001161 -0.00019075 -0.00006968  -0.00016869 0.00003449 0.00003348 0.00007481 -0.00024148 -0.00008719 0.00001582 -0.00021979 -0.00006514  
-0.00019713 -0.00000616 0.00005140 0.00003820 -0.00019031 -0.00007713 0.00001161 -0.00019075 -0.00006968  -0.00016869 0.00003449 0.00003348 0.00007481 -0.00024148 -0.00008719 0.00001582 -0.00021979 -0.00006514  -0.00028267 -0.00003914 0.00005694 0.00005026 -0.00039712 -0.00011145 0.00005943 -0.00043992 -0.00013129  
-0.00016869 0.00003449 0.00003348 0.00007481 -0.00024148 -0.00008719 0.00001582 -0.00021979 -0.00006514  -0.00028267 -0.00003914 0.00005694 0.00005026 -0.00039712 -0.00011145 0.00005943 -0.00043992 -0.00013129  -0.00034243 -0.00002912 0.00004983 0.00007306 -0.00063473 -0.00014061 0.00014360 -0.00063086 -0.00017245  
-0.00028267 -0.00003914 0.00005694 0.00005026 -0.00039712 -0.00011145 0.00005943 -0.00043992 -0.00013129  -0.00034243 -0.00002912 0.00004983 0.00007306 -0.00063473 -0.00014061 0.00014360 -0.00063086 -0.00017245  -0.00033823 0.00006432 0.00004930 0.00018621 -0.00083609 -0.00016545 0.00021074 -0.00077244 -0.00017289  
-0.00034243 -0.00002912 0.00004983 0.00007306 -0.00063473 -0.00014061 0.00014360 -0.00063086 -0.00017245  -0.00033823 0.00006432 0.00004930 0.00018621 -0.00083609 -0.00016545 0.00021074 -0.00077244 -0.00017289  -0.00032540 0.00011897 0.00003945 0.00027338 -0.00110743 -0.00014244 0.00025529 -0.00088356 -0.00013592  
-0.00033823 0.00006432 0.00004930 0.00018621 -0.00083609 -0.00016545 0.00021074 -0.00077244 -0.00017289  -0.00032540 0.00011897 0.00003945 0.00027338 -0.00110743 -0.00014244 0.00025529 -0.00088356 -0.00013592  -0.00038351 0.00025595 0.00002156 0.00042046 -0.00140672 -0.00013501 0.00024447 -0.00099542 -0.00013394  
-0.00032540 0.00011897 0.00003945 0.00027338 -0.00110743 -0.00014244 0.00025529 -0.00088356 -0.00013592  -0.00038351 0.00025595 0.00002156 0.00042046 -0.00140672 -0.00013501 0.00024447 -0.00099542 -0.00013394  -0.00051940 0.00043827 0.00000964 0.00060135 -0.00167724 -0.00013315 0.00020163 -0.00094593 -0.00010203  
-0.00038351 0.00025595 0.00002156 0.00042046 -0.00140672 -0.00013501 0.00024447 -0.00099542 -0.00013394  -0.00051940 0.00043827 0.00000964 0.00060135 -0.00167724 -0.00013315 0.00020163 -0.00094593 -0.00010203  -0.00075166 0.00061159 0.00000236 0.00072009 -0.00190930 -0.00010805 -0.00006261 -0.00088666 -0.00010251  
-0.00051940 0.00043827 0.00000964 0.00060135 -0.00167724 -0.00013315 0.00020163 -0.00094593 -0.00010203  -0.00075166 0.00061159 0.00000236 0.00072009 -0.00190930 -0.00010805 -0.00006261 -0.00088666 -0.00010251  -0.00099148 0.00059449 -0.00006399 0.00062928 -0.00256673 -0.00029200 -0.00069641 -0.00111137 -0.00030913  
-0.00075166 0.00061159 0.00000236 0.00072009 -0.00190930 -0.00010805 -0.00006261 -0.00088666 -0.00010251  -0.00099148 0.00059449 -0.00006399 0.00062928 -0.00256673 -0.00029200 -0.00069641 -0.00111137 -0.00030913  -0.00124519 0.00031718 -0.00012227 0.00026026 -0.00414930 -0.00060086 -0.00158905 -0.00154237 -0.00053843  
-0.00099148 0.00059449 -0.00006399 0.00062928 -0.00256673 -0.00029200 -0.00069641 -0.00111137 -0.00030913  -0.00124519 0.00031718 -0.00012227 0.00026026 -0.00414930 -0.00060086 -0.00158905 -0.00154237 -0.00053843  -0.00142018 -0.00003189 -0.00015812 -0.00023781 -0.00649918 -0.00057463 -0.00260280 -0.00196874 -0.00057081  
-0.00124519 0.00031718 -0.00012227 0.00026026 -0.00414930 -0.00060086 -0.00158905 -0.00154237 -0.00053843  -0.00142018 -0.00003189 -0.00015812 -0.00023781 -0.00649918 -0.00057463 -0.00260280 -0.00196874 -0.00057081  -0.00138630 -0.00037581 -0.00013635 -0.00084485 -0.00849295 0.00008064 -0.00317886 -0.00202330 -0.00039748  
-0.00142018 -0.00003189 -0.00015812 -0.00023781 -0.00649918 -0.00057463 -0.00260280 -0.00196874 -0.00057081  -0.00138630 -0.00037581 -0.00013635 -0.00084485 -0.00849295 0.00008064 -0.00317886 -0.00202330 -0.00039748  -0.00130809 -0.00081924 -0.00010453 -0.00142983 -0.01044300 0.00065275 -0.00266518 -0.00117127 -0.00035921  
-0.00138630 -0.00037581 -0.00013635 -0.00084485 -0.00849295 0.00008064 -0.00317886 -0.00202330 -0.00039748  -0.00130809 -0.00081924 -0.00010453 -0.00142983 -0.01044300 0.00065275 -0.00266518 -0.00117127 -0.00035921  -0.00149574 -0.00114586 -0.00008224 -0.00164395 -0.01190166 0.00106812 -0.00146777 0.00114364 -0.00054532  
-0.00130809 -0.00081924 -0.00010453 -0.00142983 -0.01044300 0.00065275 -0.00266518 -0.00117127 -0.00035921  -0.00149574 -0.00114586 -0.00008224 -0.00164395 -0.01190166 0.00106812 -0.00146777 0.00114364 -0.00054532  -0.00180392 -0.00118644 -0.00003309 -0.00136502 -0.01207417 0.00137818 -0.00031456 0.00445288 -0.00094582  
-0.00149574 -0.00114586 -0.00008224 -0.00164395 -0.01190166 0.00106812 -0.00146777 0.00114364 -0.00054532  -0.00180392 -0.00118644 -0.00003309 -0.00136502 -0.01207417 0.00137818 -0.00031456 0.00445288 -0.00094582  -0.00153276 -0.00086867 0.00006813 -0.00079207 -0.00902493 0.00147741 0.00036518 0.00608260 -0.00137762  
-0.00180392 -0.00118644 -0.00003309 -0.00136502 -0.01207417 0.00137818 -0.00031456 0.00445288 -0.00094582  -0.00153276 -0.00086867 0.00006813 -0.00079207 -0.00902493 0.00147741 0.00036518 0.00608260 -0.00137762  -0.00106298 -0.00043686 0.00011149 -0.00047263 -0.00481305 0.00109044 0.00052540 0.00454637 -0.00140605  
-0.00153276 -0.00086867 0.00006813 -0.00079207 -0.00902493 0.00147741 0.00036518 0.00608260 -0.00137762  -0.00106298 -0.00043686 0.00011149 -0.00047263 -0.00481305 0.00109044 0.00052540 0.00454637 -0.00140605  -0.00067960 -0.00005124 0.00002097 -0.00018052 -0.00222603 0.00046967 0.00036239 0.00251885 -0.00068660  
-0.00106298 -0.00043686 0.00011149 -0.00047263 -0.00481305 0.00109044 0.00052540 0.00454637 -0.00140605  -0.00067960 -0.00005124 0.00002097 -0.00018052 -0.00222603 0.00046967 0.00036239 0.00251885 -0.00068660  -0.00042672 0.00012268 0.00002584 -0.00007874 -0.00121272 0.00024274 0.00018849 0.00160011 -0.00039329  
-0.00067960 -0.00005124 0.00002097 -0.00018052 -0.00222603 0.00046967 0.00036239 0.00251885 -0.00068660  -0.00042672 0.00012268 0.00002584 -0.00007874 -0.00121272 0.00024274 0.00018849 0.00160011 -0.00039329  -0.00034890 0.00014635 0.00003393 -0.00007095 -0.00071843 0.00020392 0.00003891 0.00123484 -0.00035593  
-0.00042672 0.00012268 0.00002584 -0.00007874 -0.00121272 0.00024274 0.00018849 0.00160011 -0.00039329  -0.00034890 0.00014635 0.00003393 -0.00007095 -0.00071843 0.00020392 0.00003891 0.00123484 -0.00035593  -0.00025626 0.00007665 0.00004037 -0.00009566 -0.00036784 0.00012940 -0.00008842 0.00070092 -0.00020795  
-0.00034890 0.00014635 0.00003393 -0.00007095 -0.00071843 0.00020392 0.00003891 0.00123484 -0.00035593  -0.00025626 0.00007665 0.00004037 -0.00009566 -0.00036784 0.00012940 -0.00008842 0.00070092 -0.00020795  -0.00011169 0.00012510 -0.00001565 0.00000388 -0.00035776 0.00011068 -0.00016460 0.00047850 -0.00013350  
-0.00025626 0.00007665 0.00004037 -0.00009566 -0.00036784 0.00012940 -0.00008842 0.00070092 -0.00020795  -0.00011169 0.00012510 -0.00001565 0.00000388 -0.00035776 0.00011068 -0.00016460 0.00047850 -0.00013350  -0.00018585 0.00008854 0.00000284 -0.00001757 -0.00042303 0.00012548 -0.00015900 0.00043250 -0.00012951  
-0.00011169 0.00012510 -0.00001565 0.00000388 -0.00035776 0.00011068 -0.00016460 0.00047850 -0.00013350  -0.00018585 0.00008854 0.00000284 -0.00001757 -0.00042303 0.00012548 -0.00015900 0.00043250 -0.00012951  -0.00016830 0.00005953 0.00000256 -0.00002366 -0.00030318 0.00009597 -0.00013746 0.00026070 -0.00008064  
-0.00018585 0.00008854 0.00000284 -0.00001757 -0.00042303 0.00012548 -0.00015900 0.00043250 -0.00012951  -0.00016830 0.00005953 0.00000256 -0.00002366 -0.00030318 0.00009597 -0.00013746 0.00026070 -0.00008064  -0.00012985 0.00005989 0.00000121 0.00001425 -0.00015313 0.00005061 -0.00008033 0.00013336 -0.00004171  
-0.00016830 0.00005953 0.00000256 -0.00002366 -0.00030318 0.00009597 -0.00013746 0.00026070 -0.00008064  -0.00012985 0.00005989 0.00000121 0.00001425 -0.00015313 0.00005061 -0.00008033 0.00013336 -0.00004171  -0.00013767 0.00003605 -0.00000509 -0.00000280 -0.00011790 0.00003675 -0.00009264 0.00008200 -0.00002638  
-0.00012985 0.00005989 0.00000121 0.00001425 -0.00015313 0.00005061 -0.00008033 0.00013336 -0.00004171  -0.00013767 0.00003605 -0.00000509 -0.00000280 -0.00011790 0.00003675 -0.00009264 0.00008200 -0.00002638  -0.00019386 0.00000710 0.00001532 -0.00002361 -0.00011325 0.00003581 -0.00009287 0.00004999 -0.00000731  
-0.00013767 0.00003605 -0.00000509 -0.00000280 -0.00011790 0.00003675 -0.00009264 0.00008200 -0.00002638  -0.00019386 0.00000710 0.00001532 -0.00002361 -0.00011325 0.00003581 -0.00009287 0.00004999 -0.00000731  -0.00027987 -0.00003527 0.00004802 -0.00007614 -0.00015813 0.00006172 -0.00010626 0.00005805 -0.00000961  
-0.00019386 0.00000710 0.00001532 -0.00002361 -0.00011325 0.00003581 -0.00009287 0.00004999 -0.00000731  -0.00027987 -0.00003527 0.00004802 -0.00007614 -0.00015813 0.00006172 -0.00010626 0.00005805 -0.00000961  -0.00031983 -0.00014387 0.00007378 -0.00017261 -0.00020466 0.00007360 -0.00012412 0.00002153 0.00000715  
-0.00027987 -0.00003527 0.00004802 -0.00007614 -0.00015813 0.00006172 -0.00010626 0.00005805 -0.00000961  -0.00031983 -0.00014387 0.00007378 -0.00017261 -0.00020466 0.00007360 -0.00012412 0.00002153 0.00000715  -0.00029071 -0.00022382 0.00008761 -0.00022923 -0.00034776 0.00010751 -0.00010876 0.00001336 0.00001339  
