1.002059 0.998599 -0.000926 0.021005 
1.001980 0.998841 -0.000843 0.021260 
1.001925 0.999323 -0.000877 0.021451 
1.001956 0.999754 -0.001120 0.021637 
1.002116 0.999746 -0.001561 0.021889 
1.002369 0.999100 -0.002098 0.022210 
1.002615 0.997917 -0.002640 0.022537 
1.002812 0.996582 -0.003066 0.022786 
1.002985 0.995546 -0.003166 0.022934 
1.003114 0.995021 -0.002831 0.023057 
1.003096 0.995057 -0.002214 0.023268 
1.002861 0.995657 -0.001590 0.023636 
1.002533 0.996713 -0.001139 0.024128 
1.002336 0.997897 -0.000899 0.024637 
1.002317 0.998827 -0.000851 0.025081 
1.002378 0.999341 -0.000937 0.025427 
1.002456 0.999482 -0.001066 0.025689 
1.002541 0.999345 -0.001148 0.025904 
1.002616 0.999041 -0.001137 0.026086 
1.002646 0.998663 -0.001029 0.026222 
1.002603 0.998233 -0.000841 0.026299 
1.002493 0.997838 -0.000642 0.026347 
1.002401 0.997612 -0.000576 0.026419 
1.002480 0.997504 -0.000751 0.026528 
1.002792 0.997344 -0.001163 0.026660 
1.003187 0.996991 -0.001762 0.026781 
1.003433 0.996356 -0.002520 0.026841 
1.003413 0.995497 -0.003322 0.026831 
1.003235 0.994742 -0.003851 0.026851 
1.003124 0.994486 -0.003822 0.026976 
1.003128 0.994948 -0.003208 0.027169 
1.003093 0.996124 -0.002248 0.027360 
1.002864 0.997679 -0.001359 0.027489 
1.002464 0.998997 -0.000873 0.027499 
1.002075 0.999664 -0.000794 0.027389 
1.001829 0.999726 -0.000921 0.027266 
1.001734 0.999438 -0.001073 0.027227 
1.001739 0.999023 -0.001149 0.027264 
1.001785 0.998658 -0.001117 0.027310 
1.001826 0.998478 -0.000999 0.027311 
1.001864 0.998442 -0.000865 0.027237 
1.001950 0.998404 -0.000781 0.027086 
1.002149 0.998290 -0.000792 0.026908 
1.002514 0.998054 -0.000910 0.026778 
1.003013 0.997666 -0.001104 0.026720 
1.003492 0.997136 -0.001344 0.026697 
1.003757 0.996483 -0.001607 0.026680 
1.003729 0.995871 -0.001796 0.026688 
1.003476 0.995763 -0.001674 0.026772 
1.003052 0.996462 -0.001190 0.026919 
1.002468 0.997672 -0.000665 0.027047 
1.001832 0.998875 -0.000410 0.027078 
1.001322 0.999670 -0.000464 0.026981 
1.001036 0.999934 -0.000664 0.026776 
1.000958 0.999791 -0.000821 0.026485 
1.001014 0.999429 -0.000843 0.026154 
1.001117 0.999047 -0.000735 0.025824 
1.001210 0.998767 -0.000546 0.025528 
1.001260 0.998609 -0.000321 0.025283 
1.001250 0.998575 -0.000087 0.025078 
1.001179 0.998642 0.000146 0.024927 
1.001060 0.998756 0.000373 0.024846 
1.000907 0.998885 0.000581 0.024814 
1.000739 0.999033 0.000730 0.024779 
1.000600 0.999210 0.000769 0.024709 
1.000488 0.999387 0.000675 0.024591 
1.000354 0.999506 0.000467 0.024416 
1.000165 0.999588 0.000226 0.024185 
0.999929 0.999851 0.000092 0.023939 
0.999663 1.000229 0.000016 0.023669 
0.999425 1.000422 -0.000141 0.023337 
0.999302 1.000459 -0.000331 0.022976 
0.999311 1.000452 -0.000511 0.022625 
0.999424 1.000367 -0.000686 0.022311 
0.999618 1.000205 -0.000834 0.022052 
0.999878 0.999992 -0.000916 0.021835 
1.000177 0.999731 -0.000912 0.021654 
1.000483 0.999470 -0.000808 0.021503 
1.000754 0.999240 -0.000591 0.021372 
1.000945 0.999065 -0.000278 0.021256 
1.001037 0.998991 0.000085 0.021155 
1.001042 0.999053 0.000451 0.021075 
1.000980 0.999263 0.000771 0.021009 
1.000870 0.999592 0.001014 0.020961 
1.000730 0.999994 0.001158 0.020934 
1.000576 1.000423 0.001178 0.020917 
1.000396 1.000787 0.001043 0.020895 
1.000156 1.001007 0.000731 0.020843 
0.999876 1.001260 0.000357 0.020697 
0.999595 1.001441 -0.000055 0.020447 
0.999405 1.001210 -0.000529 0.020150 
0.999406 1.000701 -0.000934 0.019839 
0.999544 1.000065 -0.001245 0.019562 
0.999769 0.999365 -0.001409 0.019336 
1.000039 0.998709 -0.001333 0.019152 
1.000290 0.998137 -0.001050 0.019012 
1.000461 0.997741 -0.000603 0.018902 
1.000493 0.997582 -0.000067 0.018798 
1.000356 0.997642 0.000459 0.018692 
1.000088 0.997881 0.000895 0.018581 
0.999765 0.998239 0.001187 0.018461 
0.999446 0.998659 0.001331 0.018328 
0.999146 0.999103 0.001336 0.018180 
0.998875 0.999530 0.001194 0.017998 
0.998673 0.999884 0.000906 0.017761 
0.998579 1.000118 0.000499 0.017465 
0.998617 1.000201 0.000032 0.017110 
0.998795 1.000206 -0.000413 0.016689 
0.999102 1.000302 -0.000753 0.016194 
0.999458 1.000278 -0.001071 0.015659 
0.999801 0.999789 -0.001499 0.015172 
1.000130 0.998790 -0.001990 0.014829 
1.000486 0.997685 -0.002287 0.014664 
1.000857 0.997305 -0.002129 0.014572 
1.001147 0.997672 -0.001652 0.014412 
1.001298 0.998150 -0.001126 0.014166 
1.001327 0.998456 -0.000627 0.013884 
1.001272 0.998593 -0.000168 0.013618 
1.001162 0.998670 0.000246 0.013396 
1.000995 0.998805 0.000596 0.013226 
1.000748 0.999056 0.000880 0.013085 
1.000387 0.999421 0.001094 0.012954 
0.999909 0.999871 0.001204 0.012835 
0.999366 1.000361 0.001170 0.012728 
0.998840 1.000838 0.000970 0.012619 
0.998419 1.001249 0.000601 0.012492 
0.998172 1.001518 0.000063 0.012335 
0.998142 1.001559 -0.000630 0.012146 
0.998364 1.001314 -0.001426 0.011939 
0.998850 1.000798 -0.002243 0.011721 
0.999574 1.000072 -0.002985 0.011520 
1.000467 0.999101 -0.003525 0.011378 
1.001410 0.997863 -0.003627 0.011345 
1.002198 0.996798 -0.003052 0.011436 
1.002637 0.996310 -0.001940 0.011604 
1.002686 0.996274 -0.000709 0.011784 
1.002405 0.996529 0.000393 0.011936 
1.001843 0.997024 0.001266 0.012053 
1.001089 0.997717 0.001836 0.012105 
1.000292 0.998541 0.002052 0.012057 
0.999587 0.999389 0.001916 0.011890 
0.999048 1.000133 0.001489 0.011616 
0.998675 1.000672 0.000854 0.011278 
0.998477 1.000984 0.000128 0.010921 
0.998529 1.001138 -0.000529 0.010573 
0.998830 1.001225 -0.001025 0.010222 
0.999259 1.001239 -0.001431 0.009880 
0.999680 1.000950 -0.001947 0.009629 
1.000046 0.999948 -0.002767 0.009586 
1.000483 0.998113 -0.003809 0.009859 
1.001155 0.995926 -0.004682 0.010442 
1.002028 0.994146 -0.005020 0.011150 
1.002869 0.993419 -0.004684 0.011690 
1.003409 0.993956 -0.003771 0.011868 
1.003518 0.995231 -0.002585 0.011769 
1.003264 0.996532 -0.001444 0.011607 
1.002810 0.997653 -0.000515 0.011460 
1.002286 0.998650 0.000177 0.011331 
1.001733 0.999543 0.000692 0.011227 
1.001149 1.000374 0.001083 0.011148 
1.000512 1.001188 0.001347 0.011095 
0.999831 1.001985 0.001416 0.011082 
0.999185 1.002700 0.001212 0.011098 
0.998681 1.003250 0.000724 0.011111 
0.998407 1.003514 -0.000023 0.011107 
0.998405 1.003368 -0.000966 0.011116 
0.998703 1.002805 -0.001988 0.011187 
0.999323 1.001927 -0.002991 0.011343 
1.000262 1.000809 -0.003925 0.011591 
1.001470 0.999394 -0.004715 0.011901 
1.002806 0.997718 -0.005185 0.012176 
1.003996 0.996116 -0.005137 0.012276 
1.004691 0.995027 -0.004470 0.012188 
1.004714 0.994758 -0.003235 0.012104 
1.004155 0.995256 -0.001675 0.012229 
1.003192 0.996147 -0.000210 0.012566 
1.002040 0.997149 0.000814 0.012986 
1.000939 0.998162 0.001284 0.013386 
1.000029 0.999119 0.001252 0.013741 
0.999396 0.999971 0.000862 0.014059 
0.999094 1.000659 0.000265 0.014327 
0.999076 1.001122 -0.000418 0.014547 
