0.932318 0.943846 -0.009220 0.842025 
0.927425 0.947495 -0.024434 0.838244 
0.926993 0.946349 -0.045155 0.837427 
0.932119 0.937998 -0.071512 0.839697 
0.942618 0.916729 -0.104097 0.845431 
0.955951 0.878532 -0.142004 0.853419 
0.968903 0.828650 -0.178587 0.859543 
0.979024 0.778152 -0.204602 0.861579 
0.987479 0.741560 -0.212345 0.863821 
0.994414 0.725628 -0.200770 0.872447 
0.997404 0.729896 -0.174300 0.888612 
0.997716 0.754488 -0.136799 0.909368 
0.996187 0.792412 -0.095542 0.927647 
0.991423 0.830092 -0.060594 0.939188 
0.983436 0.861018 -0.035982 0.945841 
0.973417 0.886688 -0.020600 0.949722 
0.962699 0.908230 -0.013510 0.952384 
0.952870 0.925380 -0.014083 0.955014 
0.945705 0.937524 -0.021129 0.958095 
0.942701 0.943498 -0.032767 0.961660 
0.944467 0.942263 -0.046914 0.965675 
0.950529 0.934178 -0.061705 0.969887 
0.959758 0.920196 -0.076090 0.974012 
0.970373 0.901343 -0.090114 0.977662 
0.980336 0.877606 -0.104875 0.980225 
0.985415 0.846856 -0.123093 0.980781 
0.982078 0.808538 -0.144525 0.978847 
0.974513 0.768774 -0.163829 0.973935 
0.968132 0.740292 -0.173227 0.967542 
0.962937 0.731364 -0.168586 0.964573 
0.957979 0.742651 -0.151424 0.967315 
0.954904 0.773046 -0.123785 0.973182 
0.953837 0.815733 -0.091033 0.976169 
0.950636 0.856508 -0.063124 0.972792 
0.944348 0.886827 -0.044826 0.965659 
0.937001 0.907920 -0.034503 0.957612 
0.929538 0.921845 -0.030384 0.949748 
0.923091 0.930486 -0.030766 0.942732 
0.918414 0.935957 -0.034608 0.936777 
0.916315 0.938904 -0.041733 0.932161 
0.917781 0.938493 -0.051916 0.929340 
0.923452 0.933825 -0.064417 0.928454 
0.933327 0.924443 -0.078285 0.928836 
0.946428 0.909884 -0.093079 0.929375 
0.961053 0.889088 -0.108650 0.929123 
0.974996 0.860147 -0.125402 0.927359 
0.984909 0.822087 -0.143182 0.922762 
0.989190 0.779646 -0.158494 0.914447 
0.988469 0.745520 -0.164759 0.904414 
0.983144 0.731156 -0.158493 0.898931 
0.973883 0.740561 -0.141932 0.902474 
0.963538 0.772717 -0.118123 0.912160 
0.955892 0.819026 -0.091087 0.920585 
0.950343 0.863265 -0.068268 0.923255 
0.945391 0.895676 -0.054024 0.922621 
0.941575 0.917332 -0.047706 0.921448 
0.939515 0.930329 -0.047624 0.920333 
0.940265 0.935718 -0.051298 0.919737 
0.944172 0.934506 -0.056301 0.919988 
0.950505 0.927766 -0.060745 0.920680 
0.958145 0.916756 -0.063471 0.921185 
0.965933 0.903176 -0.064363 0.921027 
0.973088 0.888659 -0.064103 0.919837 
0.978977 0.874008 -0.064226 0.917014 
0.983328 0.858532 -0.066679 0.911815 
0.984910 0.839749 -0.073454 0.903567 
0.982211 0.814549 -0.085822 0.891892 
0.977097 0.783113 -0.101203 0.876933 
0.970837 0.755666 -0.112964 0.859807 
0.961598 0.746329 -0.116584 0.846825 
0.948915 0.758431 -0.113543 0.842041 
0.937143 0.786496 -0.104650 0.840461 
0.931175 0.823609 -0.088471 0.836241 
0.928027 0.859050 -0.070682 0.829154 
0.923856 0.885772 -0.058131 0.822088 
0.919762 0.904455 -0.051439 0.816013 
0.917047 0.917101 -0.049922 0.811085 
0.917065 0.924751 -0.052678 0.807417 
0.921039 0.927444 -0.058287 0.804938 
0.929354 0.924919 -0.064989 0.803829 
0.941191 0.917379 -0.070923 0.803817 
0.954683 0.905979 -0.074920 0.803918 
0.967300 0.891621 -0.076704 0.803340 
0.977480 0.874864 -0.077210 0.801683 
0.985172 0.855551 -0.078227 0.798682 
0.990492 0.832705 -0.081419 0.793938 
0.993417 0.804864 -0.087741 0.786602 
0.994037 0.773309 -0.095964 0.776248 
0.991004 0.746284 -0.103318 0.763647 
0.982465 0.735726 -0.108117 0.755053 
0.970104 0.745257 -0.110823 0.754595 
0.960407 0.769296 -0.109186 0.755661 
0.958247 0.804689 -0.098454 0.752221 
0.959781 0.843385 -0.083496 0.745839 
0.961460 0.874023 -0.072658 0.739869 
0.964504 0.892434 -0.066656 0.735009 
0.969456 0.899645 -0.063410 0.731037 
0.976013 0.898746 -0.060364 0.727971 
0.983035 0.892563 -0.055674 0.725828 
0.989069 0.884169 -0.049109 0.724219 
0.992910 0.875873 -0.041427 0.722627 
0.993989 0.869097 -0.034081 0.720435 
0.992403 0.863712 -0.028698 0.716820 
0.988971 0.858351 -0.026740 0.711269 
0.984898 0.850451 -0.029321 0.703608 
0.981605 0.837291 -0.036536 0.693956 
0.979792 0.816407 -0.047941 0.682302 
0.978666 0.787314 -0.062446 0.668580 
0.975067 0.757451 -0.078567 0.654667 
0.967061 0.740053 -0.094485 0.645134 
0.957751 0.739644 -0.107597 0.640474 
0.951836 0.753822 -0.112645 0.635587 
0.950471 0.782550 -0.104713 0.627007 
0.949993 0.817808 -0.089104 0.616660 
0.948377 0.848626 -0.075599 0.608096 
0.947348 0.871282 -0.067470 0.601991 
0.949087 0.885576 -0.064244 0.597792 
0.954832 0.892199 -0.063809 0.595523 
0.964221 0.892427 -0.063529 0.594823 
0.975879 0.888166 -0.061685 0.594935 
0.987894 0.880860 -0.057336 0.595391 
0.997787 0.872204 -0.050604 0.595535 
1.003774 0.863395 -0.042754 0.594725 
1.006010 0.854747 -0.035898 0.592793 
1.005746 0.845016 -0.031905 0.589590 
1.004300 0.831897 -0.032120 0.584786 
1.002301 0.812850 -0.037546 0.577973 
0.999103 0.786933 -0.048920 0.569849 
0.993619 0.757838 -0.066648 0.564262 
0.987983 0.736516 -0.087630 0.564893 
0.986468 0.729432 -0.105019 0.567841 
0.990053 0.736740 -0.112327 0.567193 
0.996225 0.762072 -0.106950 0.562506 
1.001554 0.797770 -0.093235 0.556336 
1.004867 0.829479 -0.077986 0.550504 
1.006875 0.850794 -0.064059 0.545472 
1.008298 0.861612 -0.051293 0.541556 
1.009130 0.865917 -0.038465 0.538677 
1.008560 0.867494 -0.025082 0.536464 
1.005980 0.869239 -0.012151 0.534114 
1.001258 0.872526 -0.001046 0.530902 
0.994815 0.877257 0.006884 0.526290 
0.987204 0.882076 0.010664 0.519918 
0.979451 0.884843 0.009841 0.511786 
0.973213 0.883587 0.004987 0.502291 
0.969129 0.876044 -0.003723 0.492196 
0.966847 0.858823 -0.017513 0.482254 
0.966157 0.827401 -0.037887 0.473666 
0.967145 0.780577 -0.063927 0.468904 
0.970483 0.736566 -0.090329 0.469801 
0.976582 0.712181 -0.110517 0.473992 
0.984245 0.708041 -0.119804 0.477419 
0.991368 0.727003 -0.116503 0.477312 
0.996316 0.764223 -0.104220 0.473497 
0.998865 0.804613 -0.089458 0.468183 
1.000273 0.835478 -0.075995 0.464181 
1.002152 0.853607 -0.064432 0.462897 
1.004518 0.862974 -0.053462 0.463501 
1.006056 0.867643 -0.041919 0.465331 
1.005490 0.870388 -0.029926 0.467834 
1.002277 0.873175 -0.018160 0.470441 
0.996435 0.876975 -0.008101 0.472794 
0.988761 0.881560 -0.001396 0.474659 
0.980926 0.885651 0.000837 0.475648 
0.974195 0.887247 -0.002063 0.475423 
0.969586 0.883566 -0.010823 0.474224 
0.968132 0.870826 -0.026305 0.473273 
0.971084 0.844421 -0.049876 0.474745 
0.979654 0.800583 -0.081234 0.482818 
0.994711 0.753319 -0.112797 0.498681 
1.014846 0.720931 -0.134911 0.516653 
1.035869 0.707920 -0.143655 0.531310 
1.053291 0.717553 -0.138315 0.539789 
1.063930 0.746808 -0.120068 0.542093 
1.065613 0.785091 -0.092731 0.542476 
1.057795 0.821058 -0.062247 0.544359 
1.042912 0.847811 -0.035175 0.547006 
1.024323 0.867299 -0.014716 0.548817 
1.004548 0.884231 -0.000836 0.549097 
0.985845 0.900123 0.006946 0.547301 
0.969744 0.914676 0.009469 0.543016 
0.956760 0.926930 0.007717 0.536087 
