1.134142 0.999265 -1.660063 5.796430 
1.136373 0.999335 -0.060845 5.792106 
1.138598 0.998478 0.084264 5.787848 
1.140794 0.996578 0.248880 5.783761 
1.142944 0.993620 0.428516 5.779989 
1.145010 0.989793 0.618844 5.776633 
1.146990 0.985300 1.267352 5.773714 
1.148888 0.980225 1.774794 5.771190 
1.150675 0.974646 1.691866 5.769024 
1.152309 0.968700 1.616752 5.767213 
1.153749 0.962594 1.627546 5.765741 
1.154980 0.956589 1.716440 5.764634 
1.156005 0.950961 1.796410 5.763961 
1.156785 0.945977 1.865264 5.763761 
1.157322 0.941913 1.921468 5.763945 
1.157746 0.938863 1.965779 5.764311 
1.158123 0.936741 2.001060 5.764680 
1.158372 0.935524 2.029570 5.764972 
1.158416 0.935238 2.052060 5.765172 
1.158234 0.935903 2.068817 5.765271 
1.157853 0.937465 2.080007 5.765281 
1.157303 0.939741 2.085873 5.765182 
1.156616 0.942447 2.086817 5.764860 
1.155920 0.945276 2.082846 5.764145 
1.155389 0.947878 2.077252 5.762897 
1.154904 0.950086 2.075538 5.761084 
1.154185 0.951987 2.078638 5.758791 
1.153121 0.953662 2.085014 5.756133 
1.151763 0.955143 2.093544 5.753220 
1.150247 0.956357 2.103342 5.750138 
1.148701 0.957176 2.114077 5.746925 
1.147247 0.957530 2.125784 5.743567 
