0.784751 0.851759 -0.060538 0.719011 
0.769109 0.858349 -0.092215 0.714097 
0.759872 0.854866 -0.132852 0.711327 
0.756929 0.833779 -0.182746 0.712614 
0.757433 0.793403 -0.240093 0.717033 
0.758820 0.741367 -0.295163 0.720260 
0.761271 0.690062 -0.335323 0.722222 
0.764830 0.651537 -0.354286 0.728283 
0.768213 0.628912 -0.353967 0.740926 
0.770366 0.617760 -0.338730 0.755049 
0.778305 0.618029 -0.306321 0.768279 
0.800161 0.633180 -0.255870 0.781317 
0.827598 0.659339 -0.197783 0.791904 
0.844922 0.689790 -0.145896 0.798038 
0.848430 0.722823 -0.106105 0.800194 
0.842132 0.758134 -0.079273 0.799216 
0.829666 0.793172 -0.066581 0.796411 
0.815648 0.824608 -0.067799 0.792909 
0.804305 0.847973 -0.081152 0.788956 
0.798634 0.859266 -0.102778 0.784222 
0.799257 0.857142 -0.128332 0.778307 
0.804830 0.842712 -0.154453 0.770785 
0.812803 0.818306 -0.179707 0.761613 
0.819420 0.785101 -0.204792 0.751053 
0.819748 0.742155 -0.232103 0.738692 
0.810877 0.689566 -0.261758 0.724452 
0.795646 0.634452 -0.287796 0.709765 
0.779382 0.589808 -0.302592 0.697642 
0.764814 0.565164 -0.302854 0.693731 
0.751982 0.559925 -0.290594 0.699318 
0.746315 0.573841 -0.264041 0.708833 
0.755022 0.609296 -0.219569 0.716429 
0.771953 0.657981 -0.167290 0.717881 
0.783196 0.706124 -0.123395 0.712301 
0.784469 0.748305 -0.093399 0.702669 
0.778836 0.783882 -0.076399 0.691284 
0.769313 0.811109 -0.071115 0.679506 
0.759256 0.830406 -0.075252 0.668703 
0.751099 0.843034 -0.087299 0.658742 
0.747042 0.849016 -0.105941 0.650097 
0.748497 0.847363 -0.129816 0.643423 
0.755656 0.837065 -0.157147 0.637798 
0.767434 0.817204 -0.185952 0.631634 
0.781922 0.786566 -0.215124 0.625238 
0.796168 0.743960 -0.244797 0.617811 
0.807339 0.688453 -0.274447 0.609892 
0.814494 0.626646 -0.298587 0.601169 
0.815877 0.574158 -0.309539 0.592546 
0.809947 0.542745 -0.305785 0.591957 
0.797034 0.531908 -0.292451 0.603817 
0.782420 0.541702 -0.270089 0.624308 
0.778440 0.578440 -0.232066 0.645815 
0.787740 0.634627 -0.183336 0.660292 
0.797078 0.691968 -0.141957 0.664922 
0.799636 0.741300 -0.117364 0.664059 
0.799188 0.780474 -0.108137 0.660506 
0.799631 0.806883 -0.110727 0.655066 
0.803664 0.819383 -0.120392 0.649100 
0.811470 0.818477 -0.132354 0.642105 
0.821813 0.806230 -0.143125 0.633752 
0.832971 0.786224 -0.151527 0.624075 
0.843183 0.760983 -0.158008 0.613106 
0.850859 0.731795 -0.163809 0.600748 
0.854273 0.698494 -0.171005 0.586661 
0.850980 0.658724 -0.182440 0.570291 
0.839977 0.609468 -0.199903 0.552117 
0.824089 0.555086 -0.219380 0.533876 
0.807091 0.509889 -0.232642 0.519775 
0.789651 0.487761 -0.234860 0.517344 
0.770509 0.490842 -0.228692 0.529475 
0.754568 0.516181 -0.214200 0.544449 
0.750491 0.563910 -0.185525 0.550096 
0.756091 0.626396 -0.147910 0.547852 
0.760194 0.685726 -0.117375 0.541101 
0.759208 0.732015 -0.100938 0.532138 
0.756645 0.766472 -0.096184 0.523000 
0.755532 0.790360 -0.100982 0.514258 
0.758599 0.804269 -0.113042 0.505840 
0.767327 0.807941 -0.129506 0.497577 
0.781956 0.801247 -0.147523 0.489848 
0.801027 0.784856 -0.164573 0.482054 
0.821562 0.759372 -0.178571 0.473926 
0.840674 0.725661 -0.189008 0.464446 
0.856493 0.684501 -0.197102 0.454152 
0.866986 0.635328 -0.205131 0.443093 
0.870896 0.576299 -0.215278 0.431433 
0.869115 0.514306 -0.225016 0.420228 
0.862001 0.467435 -0.228506 0.412231 
0.847728 0.448368 -0.225253 0.416465 
0.826488 0.453187 -0.220757 0.437824 
0.807870 0.476422 -0.212659 0.462890 
0.802065 0.523945 -0.191985 0.478098 
0.808165 0.592680 -0.162096 0.484770 
0.817762 0.661508 -0.138465 0.484388 
0.827317 0.711887 -0.128821 0.478281 
0.839478 0.740553 -0.128319 0.468936 
0.854854 0.751214 -0.130971 0.457850 
0.871925 0.747768 -0.132453 0.445633 
0.888278 0.734982 -0.130419 0.432523 
0.901847 0.717394 -0.125030 0.419066 
0.911131 0.697837 -0.117918 0.405320 
0.915576 0.676982 -0.111121 0.390890 
0.915251 0.653870 -0.106634 0.375167 
0.910375 0.625958 -0.106427 0.358179 
0.901274 0.589397 -0.112220 0.339880 
0.888476 0.539271 -0.125113 0.321447 
0.872983 0.481617 -0.142092 0.305789 
0.854818 0.436541 -0.157617 0.298626 
0.834140 0.418782 -0.168991 0.306382 
0.814658 0.427038 -0.175377 0.323214 
0.801805 0.456405 -0.172998 0.333443 
0.797579 0.508327 -0.157881 0.331966 
0.798874 0.575421 -0.135418 0.324796 
0.800594 0.639023 -0.117831 0.315801 
0.801988 0.686893 -0.111011 0.306660 
0.806060 0.718486 -0.112921 0.297985 
0.815019 0.736211 -0.120284 0.289850 
0.829479 0.741189 -0.129702 0.282491 
0.848686 0.735310 -0.138159 0.274806 
0.871301 0.720602 -0.143564 0.267121 
0.894798 0.698904 -0.144685 0.259183 
0.916222 0.672125 -0.141486 0.250249 
0.933204 0.641313 -0.135356 0.240322 
0.943985 0.605551 -0.128836 0.229243 
0.947905 0.562276 -0.124690 0.216802 
0.945467 0.507593 -0.125065 0.203708 
0.937035 0.448353 -0.129757 0.193001 
0.922161 0.404178 -0.137382 0.192505 
0.903036 0.387309 -0.146377 0.208825 
0.885632 0.393440 -0.154279 0.233258 
0.875046 0.419914 -0.157445 0.252423 
0.873720 0.473058 -0.151993 0.262850 
0.880709 0.544975 -0.139152 0.265858 
0.892066 0.611398 -0.126915 0.262746 
0.905475 0.654856 -0.119051 0.255217 
0.919710 0.675855 -0.111618 0.245095 
0.933257 0.682461 -0.101638 0.233593 
0.945016 0.680871 -0.088604 0.221511 
0.953939 0.675651 -0.073213 0.208731 
0.959577 0.669565 -0.057049 0.194735 
0.961387 0.663125 -0.041982 0.179364 
0.959231 0.655397 -0.029445 0.162489 
0.953399 0.644516 -0.020634 0.144209 
0.943802 0.626304 -0.017280 0.125430 
0.930573 0.596045 -0.021244 0.107335 
0.914652 0.546565 -0.034249 0.092216 
0.898350 0.481439 -0.054561 0.084383 
0.883120 0.423250 -0.078046 0.088355 
0.868996 0.392827 -0.101462 0.105545 
0.857836 0.392660 -0.120602 0.127290 
0.851892 0.418809 -0.131631 0.140521 
0.851947 0.471620 -0.131924 0.140922 
0.856497 0.541926 -0.124368 0.133798 
0.863322 0.609644 -0.117811 0.124851 
0.872609 0.658512 -0.116072 0.115963 
0.884531 0.685202 -0.116442 0.107655 
0.898052 0.695789 -0.115660 0.099776 
0.911607 0.695963 -0.111821 0.092078 
0.923802 0.689321 -0.104663 0.084542 
0.934255 0.679289 -0.094741 0.077218 
0.942488 0.667642 -0.083127 0.070125 
0.947875 0.654855 -0.071393 0.063217 
0.950282 0.639984 -0.061233 0.055361 
0.950222 0.619996 -0.053918 0.046644 
0.947828 0.591826 -0.050405 0.037839 
0.942992 0.549504 -0.052460 0.030648 
0.936349 0.492225 -0.061453 0.029518 
0.928725 0.436477 -0.078277 0.038806 
0.921181 0.405056 -0.102345 0.062608 
0.916759 0.403961 -0.129602 0.096468 
0.920602 0.424392 -0.153995 0.128261 
0.935743 0.465035 -0.166694 0.145843 
0.958856 0.523967 -0.161738 0.146404 
0.981063 0.587949 -0.143042 0.138167 
0.996494 0.639762 -0.117486 0.127512 
1.001891 0.671437 -0.091041 0.116259 
0.997078 0.690665 -0.067291 0.104796 
0.986092 0.705967 -0.046826 0.093379 
0.971877 0.719203 -0.030517 0.081482 
0.956498 0.730586 -0.018941 0.068778 
0.941202 0.739329 -0.012225 0.055095 
0.927434 0.744134 -0.009763 0.040276 
