-0.00001325 0.00000133 0.00000017 0.00000087 -0.00001843 -0.00000131 -0.00001113 -0.00001426 -0.00000316  -0.00001831 0.00000343 0.00000377 0.00000683 -0.00003467 -0.00000623 -0.00001057 -0.00003082 -0.00000519  -0.00002069 0.00000458 0.00000391 0.00000972 -0.00001701 -0.00000453 -0.00000318 -0.00003373 -0.00000571  
-0.00001831 0.00000343 0.00000377 0.00000683 -0.00003467 -0.00000623 -0.00001057 -0.00003082 -0.00000519  -0.00002069 0.00000458 0.00000391 0.00000972 -0.00001701 -0.00000453 -0.00000318 -0.00003373 -0.00000571  -0.00002713 0.00000069 0.00000586 0.00000783 -0.00001803 -0.00000421 0.00000346 -0.00003725 -0.00000641  
-0.00002069 0.00000458 0.00000391 0.00000972 -0.00001701 -0.00000453 -0.00000318 -0.00003373 -0.00000571  -0.00002713 0.00000069 0.00000586 0.00000783 -0.00001803 -0.00000421 0.00000346 -0.00003725 -0.00000641  -0.00002631 -0.00000406 0.00000492 0.00000621 -0.00003963 -0.00000574 0.00000959 -0.00005710 -0.00000884  
-0.00002713 0.00000069 0.00000586 0.00000783 -0.00001803 -0.00000421 0.00000346 -0.00003725 -0.00000641  -0.00002631 -0.00000406 0.00000492 0.00000621 -0.00003963 -0.00000574 0.00000959 -0.00005710 -0.00000884  -0.00007585 -0.00003112 0.00001679 -0.00000452 -0.00008805 -0.00000639 0.00003901 -0.00012815 -0.00001898  
-0.00002631 -0.00000406 0.00000492 0.00000621 -0.00003963 -0.00000574 0.00000959 -0.00005710 -0.00000884  -0.00007585 -0.00003112 0.00001679 -0.00000452 -0.00008805 -0.00000639 0.00003901 -0.00012815 -0.00001898  -0.00009082 -0.00004638 0.00001816 -0.00001472 -0.00012607 -0.00000238 0.00005702 -0.00014781 -0.00001897  
-0.00007585 -0.00003112 0.00001679 -0.00000452 -0.00008805 -0.00000639 0.00003901 -0.00012815 -0.00001898  -0.00009082 -0.00004638 0.00001816 -0.00001472 -0.00012607 -0.00000238 0.00005702 -0.00014781 -0.00001897  -0.00007180 -0.00001032 0.00001076 0.00002201 -0.00015278 -0.00000211 0.00006420 -0.00016244 -0.00001066  
-0.00009082 -0.00004638 0.00001816 -0.00001472 -0.00012607 -0.00000238 0.00005702 -0.00014781 -0.00001897  -0.00007180 -0.00001032 0.00001076 0.00002201 -0.00015278 -0.00000211 0.00006420 -0.00016244 -0.00001066  -0.00007221 0.00000315 0.00001313 0.00005334 -0.00028628 0.00001573 0.00008985 -0.00022154 0.00000243  
-0.00007180 -0.00001032 0.00001076 0.00002201 -0.00015278 -0.00000211 0.00006420 -0.00016244 -0.00001066  -0.00007221 0.00000315 0.00001313 0.00005334 -0.00028628 0.00001573 0.00008985 -0.00022154 0.00000243  -0.00009922 0.00004543 0.00000679 0.00010477 -0.00041502 0.00003282 0.00011538 -0.00024613 0.00001283  
-0.00007221 0.00000315 0.00001313 0.00005334 -0.00028628 0.00001573 0.00008985 -0.00022154 0.00000243  -0.00009922 0.00004543 0.00000679 0.00010477 -0.00041502 0.00003282 0.00011538 -0.00024613 0.00001283  -0.00014017 0.00007953 -0.00000630 0.00012651 -0.00046380 0.00003858 0.00007295 -0.00021035 0.00002333  
-0.00009922 0.00004543 0.00000679 0.00010477 -0.00041502 0.00003282 0.00011538 -0.00024613 0.00001283  -0.00014017 0.00007953 -0.00000630 0.00012651 -0.00046380 0.00003858 0.00007295 -0.00021035 0.00002333  -0.00017440 0.00009424 -0.00001187 0.00011690 -0.00040739 0.00004581 -0.00000804 -0.00015702 0.00003203  
-0.00014017 0.00007953 -0.00000630 0.00012651 -0.00046380 0.00003858 0.00007295 -0.00021035 0.00002333  -0.00017440 0.00009424 -0.00001187 0.00011690 -0.00040739 0.00004581 -0.00000804 -0.00015702 0.00003203  -0.00017357 0.00010472 -0.00002150 0.00009368 -0.00038665 0.00005686 -0.00013085 -0.00010399 0.00002796  
-0.00017440 0.00009424 -0.00001187 0.00011690 -0.00040739 0.00004581 -0.00000804 -0.00015702 0.00003203  -0.00017357 0.00010472 -0.00002150 0.00009368 -0.00038665 0.00005686 -0.00013085 -0.00010399 0.00002796  -0.00020670 0.00006281 -0.00002788 0.00003881 -0.00045182 0.00002078 -0.00022898 -0.00011094 0.00001124  
-0.00017357 0.00010472 -0.00002150 0.00009368 -0.00038665 0.00005686 -0.00013085 -0.00010399 0.00002796  -0.00020670 0.00006281 -0.00002788 0.00003881 -0.00045182 0.00002078 -0.00022898 -0.00011094 0.00001124  -0.00021389 0.00002153 -0.00003251 -0.00001844 -0.00065387 0.00004648 -0.00033819 -0.00014450 -0.00000076  
-0.00020670 0.00006281 -0.00002788 0.00003881 -0.00045182 0.00002078 -0.00022898 -0.00011094 0.00001124  -0.00021389 0.00002153 -0.00003251 -0.00001844 -0.00065387 0.00004648 -0.00033819 -0.00014450 -0.00000076  -0.00023705 -0.00008393 -0.00004044 -0.00019799 -0.00163896 0.00011113 -0.00061177 -0.00030554 -0.00003141  
-0.00021389 0.00002153 -0.00003251 -0.00001844 -0.00065387 0.00004648 -0.00033819 -0.00014450 -0.00000076  -0.00023705 -0.00008393 -0.00004044 -0.00019799 -0.00163896 0.00011113 -0.00061177 -0.00030554 -0.00003141  -0.00028630 -0.00017481 -0.00004774 -0.00032374 -0.00270434 0.00026453 -0.00061602 -0.00017207 -0.00008807  
-0.00023705 -0.00008393 -0.00004044 -0.00019799 -0.00163896 0.00011113 -0.00061177 -0.00030554 -0.00003141  -0.00028630 -0.00017481 -0.00004774 -0.00032374 -0.00270434 0.00026453 -0.00061602 -0.00017207 -0.00008807  -0.00040411 -0.00024629 -0.00005643 -0.00035083 -0.00320826 0.00034738 -0.00044306 0.00033526 -0.00016278  
-0.00028630 -0.00017481 -0.00004774 -0.00032374 -0.00270434 0.00026453 -0.00061602 -0.00017207 -0.00008807  -0.00040411 -0.00024629 -0.00005643 -0.00035083 -0.00320826 0.00034738 -0.00044306 0.00033526 -0.00016278  -0.00043380 -0.00021314 -0.00004269 -0.00022557 -0.00299738 0.00031042 -0.00018409 0.00094480 -0.00021050  
-0.00040411 -0.00024629 -0.00005643 -0.00035083 -0.00320826 0.00034738 -0.00044306 0.00033526 -0.00016278  -0.00043380 -0.00021314 -0.00004269 -0.00022557 -0.00299738 0.00031042 -0.00018409 0.00094480 -0.00021050  -0.00025624 -0.00007720 0.00000274 -0.00005566 -0.00153010 0.00015869 0.00001431 0.00095809 -0.00016527  
-0.00043380 -0.00021314 -0.00004269 -0.00022557 -0.00299738 0.00031042 -0.00018409 0.00094480 -0.00021050  -0.00025624 -0.00007720 0.00000274 -0.00005566 -0.00153010 0.00015869 0.00001431 0.00095809 -0.00016527  -0.00019264 -0.00002164 0.00001930 -0.00005739 -0.00056814 0.00004394 0.00011097 0.00045707 -0.00005303  
-0.00025624 -0.00007720 0.00000274 -0.00005566 -0.00153010 0.00015869 0.00001431 0.00095809 -0.00016527  -0.00019264 -0.00002164 0.00001930 -0.00005739 -0.00056814 0.00004394 0.00011097 0.00045707 -0.00005303  -0.00019980 0.00000475 0.00000987 -0.00002803 -0.00037681 0.00003620 0.00008893 0.00041301 -0.00005187  
-0.00019264 -0.00002164 0.00001930 -0.00005739 -0.00056814 0.00004394 0.00011097 0.00045707 -0.00005303  -0.00019980 0.00000475 0.00000987 -0.00002803 -0.00037681 0.00003620 0.00008893 0.00041301 -0.00005187  -0.00015119 0.00003263 0.00001575 -0.00001601 -0.00026551 0.00002304 0.00004508 0.00035066 -0.00004834  
-0.00019980 0.00000475 0.00000987 -0.00002803 -0.00037681 0.00003620 0.00008893 0.00041301 -0.00005187  -0.00015119 0.00003263 0.00001575 -0.00001601 -0.00026551 0.00002304 0.00004508 0.00035066 -0.00004834  -0.00014718 0.00002749 0.00001996 -0.00001867 -0.00017098 0.00003133 0.00000833 0.00028552 -0.00004986  
-0.00015119 0.00003263 0.00001575 -0.00001601 -0.00026551 0.00002304 0.00004508 0.00035066 -0.00004834  -0.00014718 0.00002749 0.00001996 -0.00001867 -0.00017098 0.00003133 0.00000833 0.00028552 -0.00004986  -0.00013604 -0.00000845 0.00001251 -0.00003571 -0.00010651 0.00002860 -0.00002780 0.00022964 -0.00004606  
-0.00014718 0.00002749 0.00001996 -0.00001867 -0.00017098 0.00003133 0.00000833 0.00028552 -0.00004986  -0.00013604 -0.00000845 0.00001251 -0.00003571 -0.00010651 0.00002860 -0.00002780 0.00022964 -0.00004606  -0.00010307 -0.00001626 0.00000644 -0.00003607 -0.00010945 0.00002176 -0.00006683 0.00017978 -0.00003498  
-0.00013604 -0.00000845 0.00001251 -0.00003571 -0.00010651 0.00002860 -0.00002780 0.00022964 -0.00004606  -0.00010307 -0.00001626 0.00000644 -0.00003607 -0.00010945 0.00002176 -0.00006683 0.00017978 -0.00003498  -0.00007051 -0.00001229 0.00000581 -0.00002800 -0.00007162 0.00001428 -0.00005370 0.00010601 -0.00002086  
-0.00010307 -0.00001626 0.00000644 -0.00003607 -0.00010945 0.00002176 -0.00006683 0.00017978 -0.00003498  -0.00007051 -0.00001229 0.00000581 -0.00002800 -0.00007162 0.00001428 -0.00005370 0.00010601 -0.00002086  -0.00003413 0.00000460 0.00000314 -0.00000376 -0.00004387 0.00000791 -0.00002361 0.00004673 -0.00000931  
-0.00007051 -0.00001229 0.00000581 -0.00002800 -0.00007162 0.00001428 -0.00005370 0.00010601 -0.00002086  -0.00003413 0.00000460 0.00000314 -0.00000376 -0.00004387 0.00000791 -0.00002361 0.00004673 -0.00000931  -0.00001544 0.00000741 0.00000092 0.00000165 -0.00001901 0.00000315 -0.00001486 0.00001787 -0.00000349  
-0.00003413 0.00000460 0.00000314 -0.00000376 -0.00004387 0.00000791 -0.00002361 0.00004673 -0.00000931  -0.00001544 0.00000741 0.00000092 0.00000165 -0.00001901 0.00000315 -0.00001486 0.00001787 -0.00000349  -0.00001816 0.00001061 -0.00000036 0.00000459 -0.00001901 0.00000265 -0.00002092 0.00001476 -0.00000245  
-0.00001544 0.00000741 0.00000092 0.00000165 -0.00001901 0.00000315 -0.00001486 0.00001787 -0.00000349  -0.00001816 0.00001061 -0.00000036 0.00000459 -0.00001901 0.00000265 -0.00002092 0.00001476 -0.00000245  -0.00002757 0.00000421 0.00000092 -0.00000021 -0.00002612 0.00000332 -0.00002723 0.00000499 -0.00000221  
-0.00001816 0.00001061 -0.00000036 0.00000459 -0.00001901 0.00000265 -0.00002092 0.00001476 -0.00000245  -0.00002757 0.00000421 0.00000092 -0.00000021 -0.00002612 0.00000332 -0.00002723 0.00000499 -0.00000221  -0.00007343 0.00000098 0.00000051 -0.00000045 -0.00004368 0.00000207 -0.00002382 -0.00000393 -0.00000322  
-0.00002757 0.00000421 0.00000092 -0.00000021 -0.00002612 0.00000332 -0.00002723 0.00000499 -0.00000221  -0.00007343 0.00000098 0.00000051 -0.00000045 -0.00004368 0.00000207 -0.00002382 -0.00000393 -0.00000322  -0.00008963 -0.00001097 0.00000082 -0.00000910 -0.00005355 0.00000315 0.00000711 -0.00000981 -0.00000566  
-0.00007343 0.00000098 0.00000051 -0.00000045 -0.00004368 0.00000207 -0.00002382 -0.00000393 -0.00000322  -0.00008963 -0.00001097 0.00000082 -0.00000910 -0.00005355 0.00000315 0.00000711 -0.00000981 -0.00000566  -0.00008101 -0.00001043 0.00000107 -0.00000770 -0.00004675 0.00000559 0.00003441 0.00000514 -0.00000823  
