0.979796 0.982529 -0.000112 1.032343 
0.979544 0.984374 -0.003894 1.032655 
0.981019 0.985077 -0.009844 1.034252 
0.984775 0.983012 -0.018483 1.037342 
0.990782 0.976127 -0.030376 1.041795 
0.997990 0.962068 -0.045435 1.046406 
1.004785 0.939893 -0.062150 1.049318 
1.010714 0.913810 -0.075778 1.049210 
1.016343 0.892816 -0.080597 1.047945 
1.020388 0.882416 -0.075342 1.050179 
1.020243 0.883932 -0.062377 1.057956 
1.015598 0.898097 -0.045038 1.069659 
1.008566 0.921525 -0.027329 1.081840 
1.001480 0.945070 -0.013488 1.091323 
0.995603 0.961763 -0.005090 1.097387 
0.990942 0.972085 -0.000884 1.101117 
0.987297 0.978693 0.000576 1.103620 
0.984655 0.983056 0.000067 1.105588 
0.983056 0.985964 -0.002124 1.107487 
0.982765 0.987395 -0.005732 1.109569 
0.984078 0.986508 -0.010338 1.112065 
0.987222 0.982926 -0.015458 1.115135 
0.992239 0.976910 -0.020988 1.118795 
0.998932 0.968513 -0.026949 1.122844 
1.006339 0.957201 -0.033583 1.126787 
1.013104 0.942174 -0.041326 1.129823 
1.017310 0.922788 -0.050480 1.131047 
1.017681 0.901328 -0.059197 1.130081 
1.016345 0.885009 -0.062598 1.128669 
1.015131 0.880088 -0.058121 1.129593 
1.012925 0.887700 -0.047680 1.133018 
1.008639 0.905853 -0.034525 1.136870 
1.002175 0.929747 -0.021932 1.139359 
0.994556 0.951722 -0.012765 1.139743 
0.987639 0.966294 -0.007835 1.138170 
0.982400 0.973935 -0.005947 1.135598 
0.978829 0.977704 -0.005624 1.132929 
0.976650 0.979817 -0.005964 1.130404 
0.975491 0.981442 -0.006780 1.128024 
0.975181 0.982657 -0.008279 1.126089 
0.975939 0.982906 -0.010762 1.124967 
0.978393 0.981668 -0.014295 1.124882 
0.983103 0.978433 -0.018706 1.125809 
0.990105 0.972792 -0.023670 1.127302 
0.998588 0.963983 -0.029068 1.128662 
1.007229 0.950964 -0.035128 1.129030 
1.014529 0.933113 -0.041808 1.127763 
1.019122 0.912452 -0.047555 1.125126 
1.020899 0.896060 -0.048694 1.123065 
1.019918 0.891733 -0.043172 1.124064 
1.015334 0.901390 -0.033571 1.128066 
1.007212 0.921517 -0.023904 1.132821 
0.998003 0.945866 -0.016106 1.136478 
0.990608 0.966534 -0.010667 1.138355 
0.985736 0.978784 -0.007724 1.138639 
0.982807 0.984239 -0.006902 1.137938 
0.981448 0.986500 -0.007612 1.136887 
0.981509 0.987219 -0.009297 1.135868 
0.982872 0.986610 -0.011355 1.135129 
0.985277 0.984610 -0.013223 1.134731 
0.988381 0.981074 -0.014426 1.134612 
0.991904 0.976173 -0.014676 1.134675 
0.995600 0.970351 -0.014071 1.134546 
0.999445 0.963984 -0.013369 1.133644 
1.003281 0.956798 -0.013723 1.131406 
1.006696 0.947566 -0.016042 1.127329 
1.009234 0.935210 -0.020415 1.121156 
1.010400 0.921306 -0.025222 1.113338 
1.010207 0.911989 -0.027299 1.105155 
1.008011 0.913741 -0.025365 1.097903 
1.002207 0.924902 -0.022685 1.091873 
0.993534 0.938151 -0.021982 1.086636 
0.985607 0.950102 -0.021059 1.082069 
0.980243 0.961044 -0.017871 1.078182 
0.976569 0.970010 -0.014008 1.074691 
0.973825 0.976272 -0.011354 1.071334 
0.972024 0.980628 -0.010326 1.068144 
0.971597 0.983657 -0.010812 1.065317 
0.972939 0.985027 -0.012392 1.063082 
0.976045 0.984292 -0.014311 1.061705 
0.980458 0.981688 -0.015787 1.061092 
0.985500 0.977849 -0.016427 1.060764 
0.990244 0.973270 -0.016230 1.060222 
0.994013 0.967860 -0.015580 1.059175 
0.997140 0.961264 -0.015226 1.057613 
1.000132 0.952844 -0.015880 1.055432 
1.003205 0.942054 -0.017791 1.052489 
1.006001 0.930181 -0.020234 1.048809 
1.007232 0.922363 -0.021564 1.044759 
1.005287 0.923940 -0.021611 1.040587 
0.999772 0.932536 -0.022840 1.036048 
0.993078 0.942585 -0.025534 1.031170 
0.988627 0.953320 -0.025908 1.026437 
0.986792 0.963984 -0.022226 1.022291 
0.985967 0.972596 -0.017567 1.018787 
0.985883 0.978207 -0.014766 1.015838 
0.986969 0.980400 -0.013689 1.013378 
0.989068 0.979831 -0.013075 1.011330 
0.991683 0.977416 -0.012090 1.009612 
0.994392 0.974023 -0.010537 1.008083 
0.996916 0.970517 -0.008488 1.006465 
0.998873 0.967470 -0.006199 1.004460 
0.999605 0.965038 -0.004166 1.001757 
0.999120 0.962771 -0.003233 0.998059 
0.998461 0.959665 -0.004048 0.993260 
0.998602 0.954379 -0.006798 0.987362 
0.999949 0.946068 -0.011078 0.980393 
1.001847 0.936085 -0.016149 0.972545 
1.002062 0.929316 -0.021559 0.964468 
0.998502 0.929686 -0.028067 0.957214 
0.992113 0.932492 -0.036532 0.951283 
0.986489 0.933294 -0.043882 0.946696 
0.983930 0.936907 -0.044400 0.942599 
0.983198 0.946799 -0.037608 0.937985 
0.982065 0.959225 -0.028812 0.933068 
0.980539 0.969579 -0.022326 0.928570 
0.979990 0.975723 -0.018882 0.925212 
0.981424 0.977864 -0.017447 0.923311 
0.984743 0.977444 -0.016792 0.922587 
0.989181 0.975592 -0.016024 0.922448 
0.993540 0.973025 -0.014615 0.922285 
0.996778 0.970045 -0.012450 0.921698 
0.998616 0.966971 -0.009980 0.920581 
0.999489 0.963891 -0.007612 0.919057 
1.000207 0.960823 -0.005594 0.917405 
1.001371 0.957537 -0.004318 0.915612 
1.002590 0.953109 -0.004870 0.913422 
1.002166 0.946931 -0.008870 0.910785 
0.998981 0.941410 -0.016992 0.908216 
0.994236 0.939468 -0.028555 0.906297 
0.991077 0.938375 -0.040959 0.905334 
0.991673 0.935464 -0.049354 0.905064 
0.995245 0.936990 -0.049854 0.904495 
0.998986 0.946633 -0.043404 0.903043 
1.000999 0.958517 -0.034447 0.900961 
1.001487 0.966843 -0.026161 0.898999 
1.001480 0.970192 -0.019282 0.897613 
1.001495 0.970136 -0.013345 0.896694 
1.001472 0.968719 -0.007871 0.895793 
1.001096 0.967433 -0.002881 0.894402 
0.999986 0.967053 0.001369 0.892258 
0.998137 0.967691 0.004542 0.889238 
0.995636 0.968958 0.006326 0.885310 
0.992730 0.970255 0.006558 0.880439 
0.990151 0.971489 0.005622 0.874830 
0.988415 0.972878 0.003681 0.868931 
0.987043 0.972769 -0.000878 0.863213 
0.985349 0.966703 -0.010605 0.858433 
0.983647 0.953370 -0.025640 0.855662 
0.983432 0.936869 -0.042585 0.855631 
0.985963 0.920865 -0.056768 0.858098 
0.991069 0.909183 -0.064315 0.861792 
0.997127 0.908720 -0.063489 0.864970 
1.001654 0.920951 -0.055823 0.866035 
1.003131 0.937696 -0.045243 0.865275 
1.002592 0.951129 -0.035305 0.864887 
1.001915 0.959334 -0.027295 0.865771 
1.001638 0.963331 -0.020704 0.867433 
1.001541 0.964735 -0.014846 0.869241 
1.001281 0.964927 -0.009291 0.870804 
1.000484 0.964833 -0.003873 0.872061 
0.998809 0.965116 0.001119 0.873074 
0.996389 0.966110 0.005308 0.874001 
0.993763 0.967889 0.008390 0.874738 
0.991076 0.970273 0.009790 0.875190 
0.988337 0.972695 0.008407 0.875398 
0.985772 0.973452 0.002480 0.875876 
0.983990 0.969043 -0.010206 0.877953 
0.984596 0.956185 -0.029668 0.883212 
0.989984 0.937270 -0.050738 0.891962 
1.000649 0.919205 -0.066924 0.902062 
1.013686 0.907932 -0.074570 0.910038 
1.024668 0.907310 -0.072497 0.914372 
1.030523 0.917604 -0.062227 0.916203 
1.030374 0.933284 -0.047288 0.917578 
1.025503 0.946740 -0.031783 0.920012 
1.018560 0.955161 -0.018773 0.923547 
1.011337 0.960190 -0.009056 0.927238 
1.004369 0.963991 -0.002324 0.930291 
0.998067 0.967743 0.001776 0.932237 
0.992774 0.971541 0.003724 0.932782 
0.988415 0.975030 0.004094 0.931838 
