1.000000 1.000000 0.000000 0.000000 
1.000000 1.000000 0.785398 0.000000 
1.000000 1.000000 0.785398 0.000000 
1.000000 1.000000 0.000000 0.000000 
1.000000 1.000000 0.000000 0.000000 
1.000000 1.000000 0.000000 0.000000 
1.000000 1.000000 0.000000 0.000000 
1.000000 1.000000 0.000000 0.000000 
1.000000 1.000000 0.000000 0.000000 
1.000000 1.000000 0.000000 0.000000 
1.000000 1.000000 0.000000 0.000000 
1.000000 1.000000 0.000000 0.000000 
1.000000 1.000000 0.000000 0.000000 
1.000000 1.000000 0.785398 0.000000 
1.000000 1.000000 0.785398 0.000000 
1.000000 1.000000 0.000000 0.000000 
1.000000 1.000000 0.000000 0.000000 
1.000000 1.000000 0.000000 0.000000 
1.000000 1.000000 0.000000 0.000000 
1.000000 1.000000 0.000000 0.000000 
1.000000 1.000000 0.785398 0.000000 
1.000000 1.000000 0.785398 0.000000 
1.000000 1.000000 0.000000 0.000000 
1.000000 1.000000 0.000000 0.000000 
1.000000 1.000000 0.000000 0.000000 
1.000000 1.000000 0.000000 0.000000 
1.000000 1.000000 0.000000 0.000000 
1.000000 1.000000 0.000000 0.000000 
1.000000 1.000000 0.000000 0.000000 
1.000000 1.000000 0.785398 0.000000 
1.000000 1.000000 0.785398 0.000000 
1.000000 1.000000 0.000000 0.000000 
1.012768 0.999977 -0.850577 2.115045 
1.013185 1.000040 -0.883671 0.632111 
1.013561 1.000033 -0.917999 0.609535 
1.013902 0.999933 -0.951090 0.572714 
1.014198 0.999746 -0.978790 0.521670 
1.014431 0.999488 -1.002126 0.456418 
1.014593 0.999176 -1.022642 0.376973 
1.014675 0.998837 -1.041058 0.283344 
1.014674 0.998500 -1.057716 0.175540 
1.014587 0.998169 -1.072675 3.195166 
1.014414 0.997830 -1.085812 6.271880 
1.014161 0.997478 -1.096809 6.271226 
1.013834 0.997124 -1.103662 6.270695 
1.013432 0.996792 -1.106542 6.270292 
1.012960 0.996511 -1.108642 6.270016 
1.012428 0.996317 -1.110939 6.269858 
1.011846 0.996234 -1.112913 6.269812 
1.011225 0.996259 -1.114333 6.269875 
1.010577 0.996351 -1.114883 6.270046 
1.009920 0.996472 -1.114216 6.270322 
1.009272 0.996608 -1.112496 6.263573 
1.008646 0.996753 -1.109965 6.242664 
1.008056 0.996907 -1.107338 6.207582 
1.007514 0.997077 -1.104872 6.165431 
1.007025 0.997268 -1.100918 6.123322 
1.006593 0.997473 -1.094339 6.074119 
1.006220 0.997662 -1.085490 6.010692 
1.005912 0.997803 -1.074381 5.933034 
1.005679 0.997887 -1.060754 5.841139 
1.005525 0.997921 -1.044883 5.777738 
1.005450 0.997910 -1.027098 5.749943 
1.005446 0.997870 -1.007420 5.722120 
1.030319 1.001400 -2.729140 6.262463 
1.031208 1.001530 -2.612020 6.260336 
1.032021 1.001474 -2.480563 6.258161 
1.032759 1.001188 -2.346105 6.255980 
1.033376 1.000703 -2.220016 6.253838 
1.033833 1.000061 -2.096531 6.251769 
1.034118 0.999293 -1.976816 6.249794 
1.034223 0.998433 -1.861777 6.247931 
1.034143 0.997529 -1.751884 6.246203 
1.033882 0.996607 -1.647316 6.244633 
1.033444 0.995664 -1.548197 6.243249 
1.032841 0.994696 -1.454955 6.242081 
1.032077 0.993738 -1.374956 6.241157 
1.031143 0.992850 -1.308836 6.240491 
1.030061 0.992091 -1.251280 6.240077 
1.028865 0.991509 -1.202970 6.239894 
1.027585 0.991132 -1.162658 6.239934 
1.026246 0.990972 -1.129262 6.240197 
1.024869 0.990985 -1.102329 6.240681 
1.023476 0.991110 -1.081565 6.241378 
1.022097 0.991307 -1.066939 6.242277 
1.020758 0.991558 -1.058431 6.243359 
1.019490 0.991856 -1.054415 6.244587 
1.018324 0.992201 -1.053670 6.245921 
1.017285 0.992582 -1.054108 6.247329 
1.016377 0.992979 -1.052222 6.248793 
1.015589 0.993359 -1.047467 6.250302 
1.014925 0.993671 -1.040433 6.251842 
1.014399 0.993886 -1.031246 6.253397 
1.014028 0.994007 -1.020178 6.254945 
1.013811 0.994052 -1.007585 6.256457 
1.013744 0.994046 -0.993630 6.257907 
1.046751 1.000746 -2.740539 6.190056 
1.048105 1.000991 -2.621933 6.187396 
1.049390 1.000924 -2.489405 6.184711 
1.050606 1.000486 -2.353846 6.182058 
1.051681 0.999721 -2.225982 6.179500 
1.052560 0.998691 -2.100629 6.177075 
1.053218 0.997451 -1.978872 6.174809 
1.053632 0.996057 -1.861673 6.172718 
1.053791 0.994568 -1.749529 6.170832 
1.053692 0.993022 -1.642693 6.169182 
1.053338 0.991428 -1.541472 6.167801 
1.052745 0.989792 -1.446625 6.166724 
1.051906 0.988170 -1.365210 6.165985 
1.050805 0.986653 -1.297782 6.165598 
1.049465 0.985338 -1.239118 6.165541 
1.047926 0.984323 -1.189728 6.165779 
1.046226 0.983655 -1.148584 6.166298 
1.044399 0.983332 -1.114553 6.167100 
1.042477 0.983297 -1.087192 6.168182 
1.040496 0.983475 -1.066339 6.169532 
1.038502 0.983798 -1.051958 6.171127 
1.036535 0.984219 -1.043913 6.172940 
1.034644 0.984720 -1.040478 6.174920 
1.032880 0.985304 -1.040090 6.177003 
1.031278 0.985956 -1.040835 6.179147 
1.029846 0.986637 -1.039541 6.181332 
1.028573 0.987288 -1.035419 6.183545 
1.027463 0.987843 -1.029137 6.185774 
1.026544 0.988263 -1.021033 6.187997 
1.025842 0.988540 -1.011314 6.190186 
1.025363 0.988691 -1.000166 6.192303 
1.025107 0.988755 -0.987597 6.194308 
1.070963 1.001711 -2.702266 6.155014 
1.072878 1.001993 -2.584415 6.151716 
1.074687 1.001833 -2.455094 6.148383 
1.076395 1.001140 -2.322509 6.145087 
1.077913 0.999965 -2.195376 6.141910 
1.079160 0.998417 -2.071375 6.138899 
1.080112 0.996568 -1.951261 6.136079 
1.080741 0.994470 -1.835908 6.133471 
1.081033 0.992191 -1.725776 6.131109 
1.080986 0.989807 -1.621149 6.129033 
1.080601 0.987363 -1.522427 6.127278 
1.079890 0.984903 -1.430652 6.125888 
1.078846 0.982513 -1.351123 6.124912 
1.077448 0.980329 -1.284782 6.124367 
1.075732 0.978483 -1.228542 6.124215 
1.073778 0.977061 -1.182081 6.124403 
1.071639 0.976099 -1.143638 6.124910 
1.069348 0.975614 -1.112018 6.125744 
1.066935 0.975571 -1.086911 6.126901 
1.064434 0.975883 -1.068197 6.128363 
1.061893 0.976461 -1.055784 6.130106 
1.059367 0.977216 -1.049480 6.132094 
1.056929 0.978093 -1.048066 6.134262 
1.054663 0.979051 -1.050425 6.136523 
1.052627 0.980035 -1.053487 6.138823 
1.050805 0.981005 -1.053403 6.141146 
1.049155 0.981926 -1.050089 6.143489 
1.047667 0.982731 -1.044614 6.145845 
1.046380 0.983363 -1.037487 6.148195 
1.045342 0.983794 -1.029002 6.150509 
1.044580 0.984033 -1.019351 6.152748 
1.044108 0.984124 -1.008467 6.154868 
1.092182 1.002295 -2.694918 6.068007 
1.094474 1.002600 -2.576469 6.064508 
1.096682 1.002292 -2.448372 6.060998 
1.098809 1.001275 -2.316735 6.057577 
1.100770 0.999599 -2.188922 6.054348 
1.102481 0.997402 -2.064676 6.051370 
1.103919 0.994794 -1.944531 6.048657 
1.105046 0.991848 -1.829353 6.046215 
1.105833 0.988640 -1.719641 6.044065 
1.106269 0.985257 -1.615731 6.042243 
1.106354 0.981785 -1.518089 6.040779 
1.106100 0.978321 -1.427885 6.039719 
1.105503 0.975004 -1.349177 6.039118 
1.104531 0.972004 -1.283205 6.038989 
1.103218 0.969488 -1.228143 6.039262 
1.101645 0.967580 -1.183164 6.039842 
1.099857 0.966313 -1.146275 6.040678 
1.097870 0.965681 -1.116155 6.041770 
1.095705 0.965648 -1.092448 6.043121 
1.093402 0.966146 -1.075017 6.044714 
1.091014 0.967075 -1.063726 6.046522 
1.088592 0.968298 -1.058283 6.048505 
1.086211 0.969694 -1.057659 6.050575 
1.083974 0.971173 -1.060835 6.052618 
1.081948 0.972637 -1.064442 6.054566 
1.080091 0.974021 -1.064502 6.056415 
1.078324 0.975298 -1.060995 6.058188 
1.076628 0.976424 -1.055205 6.059905 
1.075057 0.977345 -1.047897 6.061565 
1.073681 0.978014 -1.039464 6.063151 
1.072548 0.978403 -1.030037 6.064631 
1.071692 0.978540 -1.019452 6.065964 
1.112866 1.001421 -2.687267 6.006934 
1.115351 1.001683 -2.568995 6.003326 
1.117781 1.001181 -2.442236 5.999706 
1.120175 0.999775 -2.310786 5.996181 
1.122467 0.997494 -2.181809 5.992870 
1.124564 0.994535 -2.057139 5.989848 
1.126451 0.991051 -1.936905 5.987134 
1.128100 0.987127 -1.821906 5.984719 
1.129470 0.982847 -1.712607 5.982609 
1.130533 0.978323 -1.609305 5.980833 
1.131274 0.973685 -1.512404 5.979411 
1.131707 0.969099 -1.422831 5.978380 
1.131837 0.964754 -1.343800 5.977805 
1.131617 0.960869 -1.277446 5.977704 
1.131069 0.957674 -1.223112 5.977996 
1.130306 0.955291 -1.179300 5.978542 
1.129368 0.953716 -1.143628 5.979247 
1.128222 0.952941 -1.114623 5.980089 
1.126856 0.952941 -1.091870 5.981067 
1.125298 0.953666 -1.075224 5.982159 
1.123603 0.955029 -1.064553 5.983346 
1.121813 0.956855 -1.059628 5.984592 
1.119984 0.958936 -1.059745 5.985792 
1.118249 0.961101 -1.064150 5.986805 
1.116703 0.963165 -1.068955 5.987532 
1.115249 0.965034 -1.069729 5.987963 
1.113731 0.966716 -1.066555 5.988151 
1.112109 0.968203 -1.060830 5.988151 
1.110457 0.969464 -1.053565 5.988001 
1.108884 0.970429 -1.045343 5.987721 
1.107466 0.971022 -1.036311 5.987305 
1.106266 0.971239 -1.026307 5.986711 
1.134142 0.999265 -1.660063 5.796430 
1.136373 0.999335 -0.060845 5.792106 
1.138598 0.998478 0.084264 5.787848 
1.140794 0.996578 0.248880 5.783761 
1.142944 0.993620 0.428516 5.779989 
1.145010 0.989793 0.618844 5.776633 
1.146990 0.985300 1.267352 5.773714 
1.148888 0.980225 1.774794 5.771190 
1.150675 0.974646 1.691866 5.769024 
1.152309 0.968700 1.616752 5.767213 
1.153749 0.962594 1.627546 5.765741 
1.154980 0.956589 1.716440 5.764634 
1.156005 0.950961 1.796410 5.763961 
1.156785 0.945977 1.865264 5.763761 
1.157322 0.941913 1.921468 5.763945 
1.157746 0.938863 1.965779 5.764311 
1.158123 0.936741 2.001060 5.764680 
1.158372 0.935524 2.029570 5.764972 
1.158416 0.935238 2.052060 5.765172 
1.158234 0.935903 2.068817 5.765271 
1.157853 0.937465 2.080007 5.765281 
1.157303 0.939741 2.085873 5.765182 
1.156616 0.942447 2.086817 5.764860 
1.155920 0.945276 2.082846 5.764145 
1.155389 0.947878 2.077252 5.762897 
1.154904 0.950086 2.075538 5.761084 
1.154185 0.951987 2.078638 5.758791 
1.153121 0.953662 2.085014 5.756133 
1.151763 0.955143 2.093544 5.753220 
1.150247 0.956357 2.103342 5.750138 
1.148701 0.957176 2.114077 5.746925 
1.147247 0.957530 2.125784 5.743567 
1.152538 0.997398 -0.166493 5.586995 
1.154572 0.997136 -0.012427 5.581686 
1.156730 0.995701 0.161363 5.576420 
1.158948 0.993041 0.353985 5.571321 
1.161212 0.989118 1.011663 5.566588 
1.163532 0.984113 1.532111 5.562386 
1.165929 0.978282 1.463680 5.558748 
1.168427 0.971744 1.403372 5.555597 
1.171015 0.964573 1.428964 5.552833 
1.173649 0.956938 1.533221 5.550386 
1.176260 0.949094 1.630517 5.548202 
1.178806 0.941374 1.720237 5.546285 
1.181272 0.934152 1.801281 5.544753 
1.183608 0.927771 1.872279 5.543735 
1.185785 0.922601 1.931414 5.543169 
1.187917 0.918762 1.977721 5.542784 
1.190101 0.916065 2.013664 5.542273 
1.192245 0.914416 2.042471 5.541465 
1.194214 0.913883 2.065331 5.540318 
1.195930 0.914523 2.082690 5.538850 
1.197389 0.916298 2.094735 5.537126 
1.198589 0.919085 2.101756 5.535202 
1.199524 0.922582 2.104225 5.532983 
1.200301 0.926361 2.102022 5.530250 
1.201162 0.929863 2.096769 5.526781 
1.202047 0.932748 2.094414 5.522489 
1.202569 0.935121 2.097733 5.517465 
1.202504 0.937182 2.105076 5.511894 
1.201827 0.939042 2.115410 5.505968 
1.200643 0.940682 2.127636 5.499837 
1.199115 0.941956 2.141067 5.493591 
1.197437 0.942696 2.155601 5.487246 
