1.002140 0.998283 -0.001165 0.045158 
1.002087 0.998562 -0.001085 0.045525 
1.002064 0.999134 -0.001144 0.045828 
1.002150 0.999641 -0.001448 0.046129 
1.002398 0.999621 -0.001976 0.046521 
1.002754 0.998864 -0.002600 0.047002 
1.003095 0.997492 -0.003210 0.047492 
1.003375 0.995973 -0.003651 0.047879 
1.003611 0.994837 -0.003672 0.048128 
1.003756 0.994292 -0.003175 0.048339 
1.003664 0.994371 -0.002370 0.048638 
1.003262 0.995096 -0.001586 0.049090 
1.002736 0.996357 -0.001037 0.049670 
1.002381 0.997762 -0.000775 0.050271 
1.002275 0.998843 -0.000770 0.050790 
1.002304 0.999401 -0.000942 0.051206 
1.002390 0.999502 -0.001163 0.051539 
1.002514 0.999280 -0.001324 0.051822 
1.002644 0.998876 -0.001360 0.052070 
1.002732 0.998394 -0.001256 0.052263 
1.002736 0.997851 -0.001039 0.052384 
1.002661 0.997342 -0.000794 0.052468 
1.002616 0.997023 -0.000696 0.052580 
1.002777 0.996868 -0.000885 0.052740 
1.003204 0.996700 -0.001366 0.052931 
1.003726 0.996346 -0.002077 0.053117 
1.004056 0.995683 -0.002981 0.053223 
1.004046 0.994759 -0.003928 0.053239 
1.003818 0.993954 -0.004537 0.053283 
1.003634 0.993722 -0.004478 0.053451 
1.003575 0.994310 -0.003722 0.053690 
1.003478 0.995714 -0.002546 0.053898 
1.003150 0.997524 -0.001464 0.054007 
1.002609 0.998995 -0.000891 0.053970 
1.002090 0.999679 -0.000825 0.053794 
1.001769 0.999673 -0.001011 0.053610 
1.001662 0.999283 -0.001229 0.053546 
1.001702 0.998767 -0.001355 0.053584 
1.001802 0.998336 -0.001342 0.053630 
1.001901 0.998135 -0.001219 0.053618 
1.001992 0.998094 -0.001076 0.053517 
1.002136 0.998045 -0.000992 0.053336 
1.002419 0.997897 -0.001008 0.053130 
1.002900 0.997611 -0.001134 0.052984 
1.003541 0.997182 -0.001342 0.052927 
1.004148 0.996620 -0.001583 0.052909 
1.004489 0.995942 -0.001829 0.052901 
1.004478 0.995346 -0.001961 0.052920 
1.004171 0.995376 -0.001707 0.053007 
1.003594 0.996327 -0.001063 0.053142 
1.002785 0.997762 -0.000455 0.053245 
1.001931 0.999076 -0.000216 0.053224 
1.001263 0.999869 -0.000349 0.053051 
1.000897 1.000049 -0.000653 0.052771 
1.000804 0.999799 -0.000904 0.052414 
1.000891 0.999328 -0.000989 0.052020 
1.001052 0.998829 -0.000905 0.051646 
1.001211 0.998431 -0.000704 0.051327 
1.001317 0.998179 -0.000427 0.051071 
1.001342 0.998091 -0.000116 0.050867 
1.001286 0.998149 0.000196 0.050721 
1.001163 0.998285 0.000500 0.050650 
1.000995 0.998452 0.000780 0.050630 
1.000809 0.998653 0.000986 0.050605 
1.000658 0.998897 0.001053 0.050534 
1.000538 0.999147 0.000949 0.050394 
1.000385 0.999325 0.000695 0.050166 
1.000153 0.999455 0.000392 0.049860 
0.999841 0.999810 0.000224 0.049531 
0.999474 1.000309 0.000118 0.049163 
0.999137 1.000550 -0.000105 0.048718 
0.998960 1.000587 -0.000370 0.048234 
0.998967 1.000581 -0.000616 0.047760 
0.999111 1.000478 -0.000857 0.047335 
0.999361 1.000267 -0.001066 0.046974 
0.999698 0.999981 -0.001190 0.046669 
1.000092 0.999636 -0.001196 0.046408 
1.000500 0.999292 -0.001066 0.046181 
1.000869 0.998981 -0.000793 0.045979 
1.001135 0.998738 -0.000390 0.045798 
1.001266 0.998630 0.000091 0.045638 
1.001280 0.998708 0.000577 0.045505 
1.001201 0.998981 0.001005 0.045391 
1.001055 0.999416 0.001341 0.045300 
1.000871 0.999956 0.001551 0.045235 
1.000664 1.000536 0.001596 0.045192 
1.000425 1.001037 0.001444 0.045144 
1.000100 1.001343 0.001071 0.045043 
0.999676 1.001635 0.000605 0.044815 
0.999240 1.001801 0.000063 0.044460 
0.998974 1.001473 -0.000579 0.044055 
0.998999 1.000810 -0.001135 0.043645 
0.999221 1.000003 -0.001558 0.043279 
0.999554 0.999130 -0.001787 0.042985 
0.999940 0.998297 -0.001706 0.042761 
1.000284 0.997556 -0.001346 0.042592 
1.000520 0.997026 -0.000775 0.042458 
1.000566 0.996804 -0.000087 0.042339 
1.000395 0.996873 0.000592 0.042217 
1.000053 0.997173 0.001154 0.042087 
0.999629 0.997628 0.001537 0.041946 
0.999201 0.998167 0.001728 0.041794 
0.998792 0.998744 0.001744 0.041626 
0.998420 0.999310 0.001584 0.041415 
0.998143 0.999796 0.001239 0.041135 
0.998009 1.000147 0.000750 0.040771 
0.998040 1.000330 0.000189 0.040319 
0.998248 1.000412 -0.000355 0.039773 
0.998621 1.000575 -0.000786 0.039116 
0.999071 1.000563 -0.001191 0.038389 
0.999520 0.999990 -0.001717 0.037718 
0.999962 0.998797 -0.002328 0.037231 
1.000429 0.997407 -0.002734 0.036971 
1.000914 0.996822 -0.002589 0.036814 
1.001306 0.997148 -0.002035 0.036591 
1.001526 0.997641 -0.001398 0.036275 
1.001593 0.997950 -0.000776 0.035923 
1.001553 0.998078 -0.000192 0.035592 
1.001437 0.998164 0.000340 0.035317 
1.001240 0.998340 0.000798 0.035099 
1.000926 0.998667 0.001176 0.034911 
1.000464 0.999144 0.001467 0.034739 
0.999846 0.999735 0.001626 0.034590 
0.999134 1.000381 0.001594 0.034455 
0.998434 1.001016 0.001342 0.034316 
0.997861 1.001568 0.000865 0.034160 
0.997516 1.001938 0.000166 0.033966 
0.997457 1.002007 -0.000728 0.033723 
0.997732 1.001704 -0.001740 0.033445 
0.998361 1.001064 -0.002759 0.033145 
0.999296 1.000178 -0.003678 0.032862 
1.000442 0.998997 -0.004353 0.032654 
1.001651 0.997447 -0.004498 0.032588 
1.002662 0.996051 -0.003787 0.032693 
1.003213 0.995365 -0.002380 0.032909 
1.003250 0.995266 -0.000813 0.033150 
1.002872 0.995551 0.000576 0.033357 
1.002156 0.996144 0.001670 0.033517 
1.001206 0.996982 0.002393 0.033597 
1.000204 0.997983 0.002684 0.033561 
0.999317 0.999022 0.002554 0.033403 
0.998624 0.999950 0.002075 0.033124 
0.998122 1.000645 0.001333 0.032759 
0.997829 1.001067 0.000456 0.032369 
0.997845 1.001305 -0.000359 0.031982 
0.998187 1.001470 -0.000993 0.031576 
0.998722 1.001553 -0.001521 0.031156 
0.999287 1.001278 -0.002172 0.030813 
0.999816 1.000126 -0.003183 0.030702 
1.000435 0.997897 -0.004466 0.030976 
1.001326 0.995154 -0.005561 0.031657 
1.002449 0.992835 -0.006022 0.032544 
1.003532 0.991759 -0.005648 0.033264 
1.004245 0.992275 -0.004546 0.033536 
1.004415 0.993822 -0.003094 0.033428 
1.004114 0.995461 -0.001686 0.033215 
1.003542 0.996867 -0.000527 0.033034 
1.002865 0.998108 0.000353 0.032880 
1.002142 0.999221 0.001020 0.032767 
1.001377 1.000260 0.001532 0.032696 
1.000552 1.001284 0.001881 0.032654 
0.999670 1.002295 0.001980 0.032652 
0.998812 1.003221 0.001733 0.032680 
0.998122 1.003949 0.001120 0.032706 
0.997721 1.004317 0.000166 0.032709 
0.997675 1.004161 -0.001044 0.032724 
0.998039 1.003473 -0.002345 0.032815 
0.998855 1.002413 -0.003592 0.033009 
1.000113 1.001101 -0.004714 0.033305 
1.001722 0.999448 -0.005636 0.033671 
1.003482 0.997452 -0.006176 0.033997 
1.005035 0.995480 -0.006107 0.034125 
1.005936 0.994052 -0.005294 0.034038 
1.005950 0.993581 -0.003798 0.033958 
1.005193 0.994081 -0.001901 0.034154 
1.003914 0.995115 -0.000097 0.034645 
1.002402 0.996322 0.001175 0.035255 
1.000964 0.997577 0.001768 0.035846 
0.999777 0.998785 0.001737 0.036380 
0.998943 0.999874 0.001251 0.036857 
0.998533 1.000756 0.000490 0.037264 
0.998490 1.001352 -0.000381 0.037593 
