0.798168 0.752741 0.043973 0.834568 
0.802367 0.737206 0.070877 0.829614 
0.798071 0.727395 0.105575 0.827373 
0.778517 0.722981 0.147872 0.828815 
0.740396 0.722582 0.196834 0.834413 
0.694111 0.728143 0.247882 0.839168 
0.655962 0.746014 0.294613 0.839824 
0.633855 0.775455 0.329566 0.840131 
0.624391 0.803068 0.343928 0.844502 
0.620316 0.817639 0.332825 0.854768 
0.622098 0.824433 0.297289 0.871033 
0.636575 0.835156 0.244148 0.888934 
0.662386 0.850891 0.185943 0.901877 
0.692529 0.861338 0.135433 0.909243 
0.724501 0.861066 0.097366 0.912884 
0.757406 0.852722 0.071754 0.913440 
0.789212 0.839055 0.059346 0.912264 
0.816896 0.824248 0.059804 0.910471 
0.837047 0.812369 0.071359 0.908366 
0.846396 0.806215 0.090475 0.905876 
0.843699 0.806319 0.113141 0.902587 
0.830071 0.811454 0.136124 0.898096 
0.807609 0.819268 0.158292 0.892241 
0.777979 0.826658 0.180027 0.884999 
0.740147 0.829030 0.203572 0.875939 
0.694070 0.823641 0.231173 0.864520 
0.646054 0.814129 0.260783 0.850786 
0.606495 0.807034 0.285307 0.835559 
0.582480 0.800716 0.295435 0.825187 
0.573665 0.787475 0.285392 0.826019 
0.579243 0.770601 0.254314 0.835669 
0.603507 0.761631 0.207326 0.846095 
0.643895 0.764479 0.156808 0.849350 
0.686724 0.769157 0.115568 0.844890 
0.724554 0.767853 0.087694 0.836447 
0.756328 0.761754 0.071826 0.826104 
0.779979 0.752618 0.066372 0.815368 
0.795654 0.743001 0.069193 0.805503 
0.805259 0.735216 0.078844 0.796804 
0.809371 0.731251 0.094147 0.789477 
0.807028 0.732360 0.113938 0.783995 
0.797526 0.738936 0.136805 0.779896 
0.780172 0.750130 0.161030 0.776047 
0.754346 0.764206 0.185518 0.771689 
0.718934 0.778994 0.210425 0.766221 
0.673359 0.792666 0.236466 0.759497 
0.622870 0.807058 0.262942 0.750094 
0.580031 0.823726 0.284628 0.737311 
0.554525 0.836373 0.294070 0.727019 
0.547118 0.835668 0.287433 0.728104 
0.558643 0.822287 0.264432 0.743133 
0.594077 0.809832 0.225671 0.764691 
0.647431 0.808975 0.178589 0.779808 
0.701733 0.812849 0.138902 0.784697 
0.747680 0.813195 0.114956 0.784563 
0.783050 0.811711 0.105237 0.781972 
0.805847 0.811491 0.106295 0.777955 
0.815712 0.814901 0.113655 0.773597 
0.813715 0.822099 0.123049 0.768874 
0.801753 0.831869 0.131101 0.763386 
0.783346 0.842543 0.136681 0.756753 
0.761144 0.852619 0.140363 0.748811 
0.736367 0.860693 0.143322 0.739470 
0.709114 0.865458 0.147579 0.728386 
0.677516 0.865225 0.155521 0.715043 
0.638336 0.858459 0.169705 0.699560 
0.591502 0.847557 0.190353 0.682019 
0.546771 0.837211 0.211714 0.664314 
0.518066 0.826635 0.224057 0.653226 
0.512218 0.807760 0.222820 0.656012 
0.528396 0.780645 0.207750 0.668550 
0.564427 0.759089 0.178690 0.676948 
0.615499 0.751306 0.143363 0.675771 
0.667397 0.750114 0.114901 0.669556 
0.708948 0.747901 0.098736 0.661859 
0.739383 0.745052 0.092983 0.653701 
0.759867 0.743684 0.095544 0.645880 
0.771393 0.746180 0.104396 0.638832 
0.774154 0.753933 0.117105 0.632295 
0.767982 0.766979 0.130995 0.626338 
0.753855 0.784423 0.143961 0.620556 
0.732730 0.803919 0.154348 0.614339 
0.705568 0.822220 0.161289 0.607188 
0.673010 0.837902 0.166174 0.599027 
0.635031 0.850110 0.171053 0.589793 
0.590239 0.857819 0.178554 0.579380 
0.539438 0.864098 0.190357 0.567186 
0.495368 0.872011 0.203248 0.553787 
0.472611 0.876299 0.211446 0.546168 
0.475140 0.866954 0.214546 0.555049 
0.498301 0.849143 0.210111 0.574580 
0.540573 0.836226 0.192037 0.589290 
0.600574 0.833055 0.164248 0.595023 
0.662843 0.837225 0.140386 0.594263 
0.709993 0.844525 0.128495 0.589516 
0.736936 0.854791 0.124838 0.582055 
0.746915 0.868193 0.124152 0.573359 
0.744144 0.883132 0.122424 0.563970 
0.733133 0.897220 0.117370 0.554297 
0.718424 0.908658 0.109265 0.544432 
0.703085 0.916176 0.099743 0.534291 
0.687858 0.919201 0.090916 0.523444 
0.671811 0.918048 0.084728 0.511310 
0.652679 0.913450 0.082905 0.497702 
0.626895 0.906259 0.086825 0.482800 
0.590509 0.897125 0.097493 0.466925 
0.540977 0.887845 0.115080 0.450653 
0.490369 0.879776 0.136617 0.437905 
0.458345 0.869632 0.155992 0.435851 
0.452367 0.852042 0.168259 0.445459 
0.469090 0.828096 0.168729 0.455286 
0.505556 0.806426 0.155046 0.455623 
0.558595 0.794600 0.133747 0.448499 
0.613741 0.791262 0.115787 0.439443 
0.657244 0.791104 0.106576 0.430863 
0.686574 0.793587 0.105026 0.422857 
0.703492 0.800635 0.108595 0.415733 
0.709337 0.812937 0.114237 0.409528 
0.705820 0.829498 0.119040 0.403649 
0.695077 0.849185 0.121212 0.397761 
0.678940 0.870001 0.119596 0.391830 
0.659341 0.888803 0.114232 0.385055 
0.637509 0.903480 0.106509 0.377210 
0.613048 0.913154 0.098785 0.368376 
0.583593 0.917872 0.093843 0.358195 
0.545888 0.918716 0.093944 0.346653 
0.497551 0.918436 0.100204 0.334570 
0.450192 0.919524 0.113313 0.327276 
0.422930 0.921250 0.131227 0.332934 
0.420668 0.920851 0.147739 0.349023 
0.439742 0.916179 0.155397 0.362993 
0.480377 0.908840 0.151417 0.369976 
0.538931 0.905319 0.138637 0.371240 
0.598613 0.909268 0.123623 0.368018 
0.642525 0.918524 0.111597 0.362078 
0.666799 0.929351 0.100730 0.354242 
0.677033 0.939421 0.088036 0.345638 
0.679563 0.947754 0.072866 0.336724 
0.678982 0.953072 0.055902 0.327422 
0.678227 0.955107 0.038748 0.317345 
0.678015 0.953868 0.023330 0.306081 
0.677374 0.949068 0.011395 0.293269 
0.674233 0.941539 0.003976 0.278930 
0.665784 0.932238 0.001730 0.263529 
0.647144 0.921500 0.005861 0.248212 
0.613546 0.910378 0.017782 0.234366 
0.560185 0.901429 0.037852 0.224113 
0.496720 0.898108 0.063893 0.221606 
0.446607 0.898326 0.091359 0.231096 
0.422510 0.894132 0.114955 0.248545 
0.425180 0.879889 0.128498 0.262234 
0.453890 0.859876 0.128799 0.264624 
0.505100 0.846251 0.120026 0.258189 
0.564076 0.844149 0.110062 0.248570 
0.613102 0.849869 0.103538 0.239009 
0.643841 0.859127 0.099670 0.230908 
0.659010 0.869587 0.095408 0.224039 
0.664214 0.880211 0.088916 0.217856 
0.663566 0.889265 0.079806 0.212087 
0.660264 0.896269 0.068617 0.206805 
0.656144 0.901254 0.056594 0.201874 
0.652031 0.903558 0.045314 0.196850 
0.646968 0.903511 0.036535 0.191412 
0.638644 0.901917 0.031827 0.185050 
0.623431 0.900205 0.031784 0.178285 
0.597516 0.899080 0.037241 0.172648 
0.555109 0.900434 0.049339 0.170256 
0.501130 0.909379 0.068708 0.174595 
0.455509 0.928434 0.095244 0.190754 
0.433711 0.950586 0.124406 0.215924 
0.436615 0.965602 0.148266 0.240895 
0.459068 0.970698 0.158497 0.257879 
0.499124 0.971926 0.151540 0.262621 
0.551538 0.976487 0.131499 0.258337 
0.604588 0.983660 0.104083 0.250841 
0.646427 0.985648 0.074888 0.242983 
0.675178 0.977360 0.048848 0.234967 
0.697471 0.961817 0.027932 0.226774 
0.717464 0.943685 0.012575 0.217884 
0.735558 0.925574 0.002895 0.207937 
0.750942 0.908948 -0.001247 0.196755 
0.762190 0.894907 -0.000372 0.184034 
