0.692438 0.748985 0.084844 0.952554 
0.728790 0.734089 0.072217 0.947107 
0.762157 0.716210 0.075129 0.940962 
0.786722 0.700423 0.091521 0.933900 
0.798252 0.689833 0.117454 0.924892 
0.795111 0.685036 0.148178 0.912938 
0.778491 0.684826 0.181265 0.898142 
0.750134 0.687382 0.215929 0.881257 
0.708718 0.688331 0.252954 0.861865 
0.654834 0.684336 0.291667 0.839600 
0.596616 0.672402 0.325340 0.815981 
0.543254 0.645551 0.352810 0.796927 
0.499551 0.613320 0.374196 0.787164 
0.480980 0.605362 0.368016 0.796949 
0.497826 0.616846 0.326976 0.831367 
0.524826 0.627259 0.276364 0.857929 
0.554313 0.649289 0.220892 0.862881 
0.592582 0.676334 0.163447 0.858758 
0.630489 0.689552 0.118519 0.848822 
0.667009 0.690330 0.087142 0.836258 
0.699690 0.681895 0.069037 0.822342 
0.726243 0.668387 0.063257 0.808873 
0.747200 0.653312 0.068134 0.795987 
0.762203 0.639528 0.082627 0.784530 
0.769988 0.629538 0.105633 0.775199 
0.768461 0.624473 0.135355 0.767323 
0.756028 0.624711 0.169690 0.759288 
0.731579 0.629994 0.207745 0.751419 
0.693222 0.638348 0.248873 0.742421 
0.641067 0.648895 0.291042 0.734281 
0.581033 0.656471 0.329985 0.720735 
0.517156 0.646854 0.367332 0.709805 
0.457980 0.631940 0.393121 0.713869 
0.433141 0.636863 0.379505 0.729126 
0.458612 0.649027 0.329945 0.761131 
0.502052 0.654784 0.273667 0.790793 
0.538641 0.669842 0.217429 0.807614 
0.576128 0.689939 0.163795 0.816984 
0.617986 0.698621 0.123107 0.818632 
0.660325 0.697320 0.098638 0.817144 
0.697890 0.690908 0.090180 0.812214 
0.726148 0.684613 0.094991 0.805462 
0.741830 0.681375 0.108866 0.796741 
0.744175 0.682350 0.127487 0.785668 
0.734746 0.687311 0.148119 0.772598 
0.714912 0.694769 0.168984 0.757503 
0.685710 0.702683 0.189570 0.740077 
0.647257 0.708994 0.210874 0.720376 
0.597541 0.710029 0.235486 0.696592 
0.537573 0.706057 0.262565 0.671579 
0.474282 0.695079 0.290089 0.646418 
0.407886 0.670173 0.320448 0.625600 
0.352359 0.642011 0.339850 0.620641 
0.349146 0.626932 0.324534 0.650388 
0.400374 0.626880 0.277437 0.694536 
0.460414 0.634554 0.222500 0.714019 
0.512733 0.645719 0.170544 0.716343 
0.564386 0.654962 0.125042 0.710854 
0.611109 0.655296 0.093517 0.700947 
0.650311 0.648706 0.076926 0.690430 
0.682517 0.639507 0.073413 0.679640 
0.706994 0.631461 0.081329 0.669613 
0.722257 0.627478 0.098300 0.660087 
0.727066 0.629563 0.121769 0.651320 
0.720477 0.637829 0.148876 0.643108 
0.701448 0.650795 0.176549 0.634034 
0.669640 0.667502 0.203513 0.623166 
0.625125 0.686219 0.228843 0.612066 
0.566418 0.702244 0.253857 0.598527 
0.497777 0.715465 0.276878 0.585091 
0.428202 0.717941 0.300437 0.571116 
0.354263 0.700118 0.326148 0.561576 
0.297396 0.679610 0.334206 0.573389 
0.305756 0.671235 0.312478 0.603213 
0.363158 0.668801 0.270394 0.637611 
0.423860 0.671619 0.219152 0.665057 
0.486048 0.681288 0.167537 0.681456 
0.551851 0.689655 0.126971 0.687037 
0.609572 0.692734 0.104955 0.684065 
0.652644 0.694343 0.099619 0.676087 
0.680189 0.698479 0.105752 0.663857 
0.691961 0.707153 0.117958 0.648935 
0.689341 0.720057 0.131742 0.631658 
0.675448 0.735908 0.144370 0.612978 
0.652918 0.752849 0.155039 0.593217 
0.623312 0.769000 0.163752 0.571616 
0.586500 0.781831 0.171664 0.548123 
0.541264 0.789265 0.180366 0.522712 
0.483595 0.789799 0.193264 0.494639 
0.415639 0.785113 0.208984 0.469365 
0.352466 0.772326 0.225940 0.453004 
0.286535 0.744300 0.250106 0.451884 
0.245771 0.715670 0.262269 0.473292 
0.282217 0.701284 0.241635 0.509146 
0.362678 0.692915 0.203741 0.525099 
0.432519 0.687192 0.164408 0.518455 
0.491990 0.684768 0.127345 0.512062 
0.550266 0.680050 0.099734 0.503833 
0.599480 0.672292 0.086485 0.494169 
0.637920 0.664745 0.086065 0.484607 
0.664472 0.660854 0.095731 0.475389 
0.677836 0.662513 0.111851 0.467060 
0.678465 0.670283 0.131241 0.458527 
0.667048 0.685199 0.151698 0.450200 
0.644449 0.706051 0.171085 0.441471 
0.611042 0.731201 0.187420 0.431520 
0.567071 0.758169 0.200174 0.420486 
0.511730 0.783634 0.209726 0.406911 
0.443561 0.804971 0.217792 0.389899 
0.368113 0.819963 0.224150 0.371349 
0.301087 0.822746 0.229291 0.356794 
0.237374 0.807012 0.237223 0.373672 
0.198158 0.784151 0.235401 0.403564 
0.231964 0.765777 0.211952 0.427717 
0.310819 0.745587 0.183649 0.462155 
0.391503 0.731237 0.155771 0.490539 
0.473479 0.729075 0.126593 0.503852 
0.546717 0.730638 0.109366 0.505285 
0.598402 0.734919 0.106197 0.498962 
0.629221 0.743146 0.110325 0.487110 
0.642317 0.755915 0.117022 0.471717 
0.641023 0.772774 0.122870 0.454135 
0.629259 0.792396 0.125917 0.434281 
0.610177 0.813183 0.125658 0.412191 
0.585531 0.833651 0.122061 0.387623 
0.555968 0.851442 0.115712 0.360536 
0.520355 0.863323 0.108594 0.331756 
0.475648 0.867016 0.103690 0.301844 
0.416411 0.861541 0.104670 0.272972 
0.349363 0.848427 0.111726 0.250685 
0.292611 0.828946 0.123679 0.246033 
0.243949 0.801064 0.142452 0.261777 
0.220626 0.771644 0.154640 0.287785 
0.258035 0.746706 0.149753 0.324367 
0.336183 0.726210 0.136915 0.351376 
0.415468 0.713117 0.120914 0.357511 
0.491858 0.705588 0.105794 0.357114 
0.561579 0.701186 0.099661 0.351416 
0.610999 0.700737 0.104811 0.343780 
0.640606 0.705080 0.116699 0.335838 
0.654073 0.714380 0.130950 0.326854 
0.653455 0.728166 0.145063 0.316552 
0.641289 0.745715 0.156836 0.305569 
0.619825 0.766660 0.164958 0.294959 
0.590831 0.789852 0.169084 0.284142 
0.555228 0.813877 0.169107 0.272102 
0.512407 0.837920 0.164897 0.258418 
0.461212 0.859991 0.156534 0.242304 
0.399837 0.876908 0.144651 0.223704 
0.332399 0.884717 0.131028 0.206222 
0.277942 0.878013 0.121925 0.191818 
0.242923 0.851762 0.121619 0.204659 
