0.997815 1.002184 0.001003 0.045785 
0.998267 1.002028 0.000914 0.046267 
0.999048 1.001929 0.001054 0.046694 
0.999727 1.001987 0.001551 0.047143 
0.999762 1.002280 0.002395 0.047703 
0.998845 1.002752 0.003456 0.048370 
0.996997 1.003258 0.004636 0.049032 
0.994632 1.003746 0.005768 0.049532 
0.992308 1.004211 0.006505 0.049804 
0.990676 1.004596 0.006427 0.050041 
0.990507 1.004724 0.005379 0.050537 
0.991904 1.004415 0.003819 0.051336 
0.994101 1.003794 0.002447 0.052262 
0.996190 1.003258 0.001562 0.053122 
0.997656 1.002988 0.001090 0.053806 
0.998468 1.002861 0.000888 0.054312 
0.998832 1.002760 0.000825 0.054702 
0.998926 1.002659 0.000813 0.055040 
0.998881 1.002544 0.000810 0.055337 
0.998717 1.002406 0.000798 0.055576 
0.998373 1.002254 0.000769 0.055745 
0.997917 1.002139 0.000769 0.055893 
0.997519 1.002208 0.000955 0.056094 
0.997171 1.002666 0.001448 0.056377 
0.996677 1.003564 0.002233 0.056738 
0.995817 1.004665 0.003252 0.057124 
0.994372 1.005573 0.004511 0.057429 
0.992307 1.006008 0.005911 0.057574 
0.990048 1.005999 0.007044 0.057631 
0.988565 1.005860 0.007292 0.057763 
0.989031 1.005826 0.006191 0.058033 
0.991617 1.005691 0.004103 0.058299 
0.994891 1.005066 0.002171 0.058373 
0.997274 1.004019 0.001138 0.058206 
0.998354 1.003007 0.000845 0.057881 
0.998534 1.002291 0.000867 0.057564 
0.998305 1.001863 0.000950 0.057406 
0.997984 1.001621 0.000982 0.057388 
0.997799 1.001458 0.000935 0.057399 
0.997869 1.001306 0.000866 0.057359 
0.998045 1.001188 0.000873 0.057251 
0.998114 1.001209 0.001028 0.057085 
0.997978 1.001494 0.001357 0.056918 
0.997587 1.002126 0.001834 0.056850 
0.996924 1.003072 0.002398 0.056909 
0.995970 1.004120 0.002976 0.057034 
0.994685 1.004991 0.003509 0.057166 
0.993214 1.005528 0.003864 0.057288 
0.992098 1.005671 0.003770 0.057422 
0.991933 1.005341 0.003127 0.057611 
0.993107 1.004606 0.002096 0.057839 
0.995328 1.003655 0.001068 0.057944 
0.997354 1.002674 0.000493 0.057824 
0.998447 1.001871 0.000362 0.057531 
0.998826 1.001332 0.000372 0.057110 
0.998858 1.001006 0.000353 0.056614 
0.998823 1.000809 0.000304 0.056113 
0.998838 1.000689 0.000275 0.055668 
0.998887 1.000625 0.000279 0.055305 
0.998938 1.000606 0.000299 0.055025 
0.998961 1.000620 0.000306 0.054849 
0.998908 1.000665 0.000261 0.054795 
0.998766 1.000738 0.000149 0.054841 
0.998582 1.000853 0.000016 0.054926 
0.998397 1.001054 -0.000043 0.054989 
0.998160 1.001325 0.000056 0.054975 
0.997719 1.001591 0.000343 0.054819 
0.996999 1.001768 0.000756 0.054490 
0.996254 1.001774 0.001126 0.054048 
0.995746 1.001550 0.001404 0.053553 
0.995910 1.001151 0.001478 0.052989 
0.996917 1.000676 0.001271 0.052352 
0.998029 1.000193 0.001019 0.051691 
0.998722 0.999781 0.000877 0.051074 
0.999093 0.999497 0.000813 0.050534 
0.999281 0.999361 0.000778 0.050077 
0.999338 0.999357 0.000751 0.049697 
0.999327 0.999450 0.000716 0.049385 
0.999258 0.999600 0.000649 0.049133 
0.999141 0.999760 0.000533 0.048930 
0.999021 0.999904 0.000378 0.048765 
0.998949 1.000043 0.000214 0.048635 
0.998955 1.000190 0.000063 0.048531 
0.999011 1.000350 -0.000069 0.048454 
0.999073 1.000538 -0.000167 0.048414 
0.999086 1.000776 -0.000219 0.048394 
0.998941 1.001035 -0.000179 0.048356 
0.998498 1.001225 0.000036 0.048246 
0.997957 1.001263 0.000368 0.047989 
0.997413 1.001085 0.000847 0.047628 
0.997135 1.000739 0.001375 0.047183 
0.997656 1.000448 0.001523 0.046659 
0.998472 1.000231 0.001377 0.046163 
0.998902 1.000022 0.001216 0.045738 
0.998981 0.999886 0.001044 0.045400 
0.998861 0.999849 0.000880 0.045152 
0.998692 0.999898 0.000693 0.044967 
0.998573 0.999968 0.000457 0.044802 
0.998510 0.999998 0.000200 0.044634 
0.998502 0.999990 -0.000038 0.044454 
0.998535 0.999974 -0.000233 0.044255 
0.998609 0.999954 -0.000386 0.044038 
0.998737 0.999887 -0.000482 0.043796 
0.998901 0.999765 -0.000469 0.043496 
0.999029 0.999667 -0.000282 0.043104 
0.999037 0.999673 0.000076 0.042598 
0.998862 0.999832 0.000556 0.041988 
0.998540 1.000147 0.001088 0.041273 
0.998185 1.000506 0.001652 0.040448 
0.997535 1.000708 0.002385 0.039587 
0.996725 1.000747 0.003163 0.038819 
0.996217 1.000782 0.003594 0.038272 
0.995981 1.000868 0.003502 0.037977 
0.996431 1.000949 0.002877 0.037794 
0.997505 1.000926 0.002034 0.037565 
0.998439 1.000775 0.001334 0.037257 
0.998942 1.000565 0.000830 0.036923 
0.999075 1.000369 0.000485 0.036619 
0.999035 1.000241 0.000265 0.036363 
0.998980 1.000183 0.000149 0.036161 
0.998972 1.000148 0.000086 0.035989 
0.999018 1.000077 0.000027 0.035825 
0.999100 0.999926 -0.000035 0.035665 
0.999196 0.999726 -0.000068 0.035514 
0.999300 0.999532 -0.000049 0.035344 
0.999410 0.999395 0.000065 0.035119 
0.999472 0.999338 0.000375 0.034819 
0.999368 0.999333 0.001014 0.034436 
0.998957 0.999380 0.002088 0.034005 
0.998213 0.999503 0.003576 0.033562 
0.997467 0.999829 0.005072 0.033185 
0.997214 1.000522 0.005904 0.032967 
0.997180 1.001459 0.005811 0.032931 
0.997072 1.002279 0.004881 0.033095 
0.997081 1.002732 0.003464 0.033441 
0.997129 1.002819 0.002079 0.033849 
0.997171 1.002632 0.000917 0.034223 
0.997293 1.002199 -0.000016 0.034522 
0.997566 1.001575 -0.000693 0.034684 
0.998005 1.000917 -0.001068 0.034676 
0.998542 1.000368 -0.001140 0.034503 
0.999060 0.999968 -0.000954 0.034180 
0.999452 0.999668 -0.000559 0.033746 
0.999681 0.999462 -0.000041 0.033252 
0.999842 0.999473 0.000432 0.032726 
1.000069 0.999731 0.000772 0.032140 
1.000334 1.000090 0.001120 0.031506 
1.000237 1.000360 0.001833 0.030945 
0.998980 1.000468 0.003281 0.030671 
0.996146 1.000614 0.005350 0.030926 
0.992707 1.001117 0.007210 0.031786 
0.990415 1.002001 0.007975 0.032941 
0.990185 1.002904 0.007444 0.033877 
0.991746 1.003411 0.006047 0.034320 
0.994064 1.003388 0.004422 0.034403 
0.996082 1.002981 0.003032 0.034403 
0.997527 1.002421 0.002025 0.034426 
0.998535 1.001868 0.001336 0.034453 
0.999209 1.001378 0.000823 0.034486 
0.999670 1.000946 0.000370 0.034530 
1.000047 1.000519 -0.000065 0.034586 
1.000413 1.000069 -0.000422 0.034670 
1.000774 0.999642 -0.000616 0.034774 
1.001117 0.999312 -0.000613 0.034854 
1.001365 0.999116 -0.000365 0.034888 
1.001409 0.999049 0.000173 0.034916 
1.001255 0.999147 0.001021 0.035016 
1.000946 0.999503 0.002269 0.035241 
1.000196 1.000242 0.004062 0.035609 
0.998423 1.001461 0.006294 0.036112 
0.995974 1.003127 0.008240 0.036607 
0.994232 1.004875 0.008995 0.036780 
0.993794 1.006104 0.008341 0.036573 
0.994174 1.006469 0.006717 0.036403 
0.994883 1.006054 0.004638 0.036681 
0.995631 1.005095 0.002621 0.037385 
0.996319 1.003857 0.001085 0.038250 
0.997011 1.002618 0.000180 0.039093 
0.997722 1.001540 -0.000138 0.039847 
0.998422 1.000742 -0.000011 0.040509 
0.999010 1.000316 0.000400 0.041054 
0.999386 1.000208 0.000932 0.041460 
