0.955544 0.964482 -0.003153 1.157346 
0.953238 0.967171 -0.012840 1.156370 
0.954370 0.966842 -0.026581 1.157824 
0.959904 0.961199 -0.044779 1.161757 
0.969686 0.946362 -0.067764 1.167947 
0.981562 0.918194 -0.095812 1.175357 
0.993157 0.878594 -0.123950 1.179622 
1.003142 0.837352 -0.144002 1.178552 
1.011460 0.805953 -0.151012 1.177214 
1.017367 0.790890 -0.142891 1.181774 
1.018759 0.794884 -0.121312 1.194153 
1.015287 0.817016 -0.091691 1.211610 
1.008763 0.850314 -0.061018 1.228479 
1.001173 0.883785 -0.035538 1.240477 
0.993155 0.909957 -0.018173 1.247688 
0.984903 0.929246 -0.008089 1.252136 
0.977019 0.944186 -0.003689 1.255332 
0.970231 0.955506 -0.004225 1.258356 
0.965425 0.963320 -0.009017 1.261671 
0.963513 0.966999 -0.017080 1.265399 
0.965126 0.965652 -0.027161 1.269608 
0.970183 0.959331 -0.038024 1.274123 
0.978114 0.948464 -0.048859 1.278744 
0.987691 0.933427 -0.059711 1.283344 
0.997522 0.914252 -0.071005 1.287179 
1.004212 0.889422 -0.084791 1.289412 
1.005286 0.857987 -0.101010 1.288630 
1.003325 0.825987 -0.114356 1.284117 
1.000855 0.802723 -0.120471 1.278824 
0.997954 0.794515 -0.116800 1.276748 
0.994203 0.804862 -0.102214 1.279466 
0.989571 0.832110 -0.079778 1.284872 
0.983461 0.868250 -0.055967 1.288604 
0.975879 0.902056 -0.036775 1.287942 
0.967900 0.926244 -0.024702 1.283920 
0.960560 0.941189 -0.018684 1.278820 
0.954517 0.950231 -0.016567 1.273786 
0.949959 0.955695 -0.017012 1.269289 
0.947019 0.959306 -0.019362 1.265341 
0.945932 0.961421 -0.023674 1.262242 
0.947343 0.961308 -0.030021 1.260474 
0.951940 0.958107 -0.038162 1.260191 
0.960123 0.951283 -0.047452 1.260942 
0.971222 0.940421 -0.057531 1.261964 
0.983851 0.924694 -0.068132 1.262295 
0.995919 0.902498 -0.079973 1.261035 
1.004993 0.872715 -0.093133 1.257183 
1.010662 0.840468 -0.103467 1.250162 
1.012415 0.815384 -0.106857 1.242720 
1.008993 0.805455 -0.101809 1.239646 
1.001121 0.815737 -0.088457 1.243471 
0.991071 0.845013 -0.069768 1.251740 
0.981165 0.883133 -0.051269 1.258778 
0.973183 0.917365 -0.036941 1.261515 
0.967326 0.940777 -0.028126 1.261622 
0.963178 0.954285 -0.024764 1.261173 
0.961013 0.961950 -0.025352 1.260681 
0.961180 0.965057 -0.028418 1.260485 
0.963831 0.963934 -0.032439 1.260869 
0.968474 0.959223 -0.036102 1.261646 
0.974396 0.951322 -0.038436 1.262370 
0.980787 0.941198 -0.039101 1.262676 
0.986919 0.930074 -0.038510 1.262079 
0.992297 0.918676 -0.037978 1.260049 
0.996843 0.906591 -0.039207 1.255888 
0.999878 0.892018 -0.043721 1.249076 
1.000272 0.872349 -0.052538 1.239355 
0.999381 0.849965 -0.062357 1.226659 
0.997369 0.832527 -0.068995 1.212279 
0.991339 0.827440 -0.071534 1.200155 
0.980774 0.838706 -0.069923 1.193654 
0.969543 0.862764 -0.064085 1.190765 
0.960976 0.889297 -0.055353 1.187395 
0.955389 0.912255 -0.045101 1.182384 
0.951095 0.930068 -0.036147 1.177135 
0.947195 0.941909 -0.031194 1.172584 
0.944682 0.950279 -0.029740 1.168713 
0.944384 0.955835 -0.031264 1.165564 
0.947109 0.958039 -0.034848 1.163289 
0.953075 0.956602 -0.039173 1.162078 
0.961686 0.951420 -0.042813 1.161716 
0.971602 0.943429 -0.044889 1.161553 
0.980807 0.933460 -0.045285 1.160867 
0.988055 0.921892 -0.044815 1.159175 
0.993745 0.908387 -0.044868 1.156304 
0.998405 0.892215 -0.046628 1.152024 
1.001972 0.872088 -0.050958 1.145982 
1.004287 0.850758 -0.056128 1.137903 
1.003659 0.835301 -0.060199 1.128984 
0.997678 0.830395 -0.064099 1.122128 
0.987477 0.838362 -0.067791 1.119217 
0.978490 0.857789 -0.068062 1.117634 
0.974331 0.882544 -0.062984 1.113751 
0.973539 0.906770 -0.053946 1.108238 
0.973858 0.926639 -0.045466 1.103240 
0.975213 0.938617 -0.040671 1.099311 
0.978351 0.943218 -0.038377 1.096198 
0.982970 0.942385 -0.036568 1.093779 
0.988217 0.937535 -0.033712 1.091992 
0.993166 0.931073 -0.029551 1.090509 
0.996850 0.924538 -0.024419 1.088953 
0.998569 0.919182 -0.019157 1.086903 
0.998098 0.915043 -0.015084 1.083763 
0.995888 0.911184 -0.013542 1.079080 
0.993298 0.905676 -0.015385 1.072569 
0.991731 0.896657 -0.020555 1.064344 
0.991832 0.882397 -0.028572 1.054507 
0.992949 0.863917 -0.038362 1.042958 
0.991761 0.846828 -0.049698 1.031146 
0.985595 0.835793 -0.063456 1.021774 
0.976963 0.834526 -0.076760 1.015936 
0.970531 0.845094 -0.082965 1.011480 
0.967723 0.862488 -0.079086 1.005422 
0.966599 0.882670 -0.067751 0.997980 
0.965143 0.903766 -0.055309 0.991040 
0.963784 0.920724 -0.046969 0.985450 
0.964508 0.931501 -0.043118 0.981453 
0.968383 0.936498 -0.041892 0.979164 
0.975194 0.936647 -0.041192 0.978324 
0.983884 0.933589 -0.039465 0.978233 
0.992765 0.928436 -0.035907 0.978313 
0.999596 0.922570 -0.030715 0.978016 
1.003144 0.916776 -0.024925 0.977013 
1.004261 0.911189 -0.019854 0.975340 
1.004313 0.905114 -0.016584 0.972902 
1.004275 0.897401 -0.015876 0.969564 
1.004144 0.886124 -0.018930 0.965059 
1.002460 0.870485 -0.027161 0.959418 
0.997708 0.854405 -0.041442 0.955089 
0.991859 0.841178 -0.060591 0.954606 
0.989329 0.834469 -0.078311 0.956105 
0.991300 0.838340 -0.086859 0.955971 
0.995936 0.851650 -0.084191 0.953188 
1.000611 0.871501 -0.073416 0.949177 
1.003479 0.893537 -0.060074 0.944929 
1.004729 0.909901 -0.048032 0.940721 
1.005362 0.917513 -0.037375 0.937406 
1.005757 0.919719 -0.027199 0.935075 
1.005518 0.919585 -0.017005 0.933226 
1.004169 0.919594 -0.007218 0.931256 
1.001328 0.921071 0.001275 0.928559 
0.997009 0.924215 0.007498 0.924818 
0.991529 0.927974 0.010538 0.919662 
0.985649 0.930761 0.010052 0.913074 
0.980903 0.931512 0.006695 0.905395 
0.977959 0.929416 0.000841 0.897328 
0.976307 0.921932 -0.009071 0.889483 
0.975342 0.903942 -0.025555 0.882675 
0.975240 0.873865 -0.048506 0.878961 
0.977521 0.839251 -0.073274 0.879426 
0.982879 0.814530 -0.092826 0.882672 
0.989496 0.807673 -0.101830 0.886344 
0.995603 0.817057 -0.099175 0.887881 
1.000156 0.839343 -0.087807 0.886558 
1.002177 0.867907 -0.073339 0.883532 
1.002635 0.891993 -0.060189 0.880693 
1.003313 0.906044 -0.049079 0.880022 
1.004409 0.913093 -0.039058 0.881142 
1.005154 0.916556 -0.029265 0.883018 
1.004677 0.918487 -0.019496 0.885278 
1.002400 0.920352 -0.010145 0.887490 
0.998052 0.922941 -0.002053 0.889616 
0.992353 0.926418 0.003754 0.891471 
0.986582 0.930195 0.006526 0.892828 
0.981423 0.933158 0.005562 0.893452 
0.977376 0.933583 -0.000087 0.893438 
0.975106 0.928701 -0.011923 0.893610 
0.975548 0.913129 -0.032240 0.896012 
0.980339 0.884846 -0.060526 0.903559 
0.991708 0.849423 -0.090057 0.916713 
1.008814 0.819570 -0.111665 0.931268 
1.027079 0.806702 -0.120246 0.942876 
1.042079 0.811331 -0.115826 0.950168 
1.051058 0.829418 -0.100465 0.953360 
1.052043 0.855933 -0.077367 0.954932 
1.044994 0.882336 -0.052047 0.957230 
1.032993 0.901276 -0.030058 0.960452 
1.019124 0.913891 -0.013458 0.963772 
1.005034 0.924494 -0.002017 0.965954 
0.992004 0.934597 0.004795 0.966352 
0.980880 0.944122 0.007634 0.964520 
0.971872 0.952345 0.007332 0.960340 
